x_opt: [0.5258475508927597, 0.8988880311937898, 0.10111157828813015, 0.8988884771722118, 0.10111159541190502, 0.1011113615129485, 0.10111156716751193, 0.8988884562340931, 0.10111137355554684, 0.10111223864856705]
w_opt: [0.5258475450844394, 0.10111157321098578, 0.5258475449351887, 2.1285617312768405e-6, 0.10111135378880229, 6.586409713325625e-8, 0.42473604159891226, 8.583422881747336e-9, 0.10111200878907273, 2.9651297710852652e-8, 0.8988880254408887, 7.469682973574016e-9, 0.10111135512486313, 5.494419822379386e-9, 0.898888027468609, 5.6119422901605715e-9, 2.791644911751451e-7, 0.10111157359958177, 0.10111151928197834, 0.1011113349370679, 0.10111155888375466, 9.929642866562277e-7, 6.214677570337802e-9, 1.9518401140785904e-8, 9.999884254816894e-8, 2.1977689852448857e-7, 0.10111152982877156, 0.8988883712724655, 1.1314788140126425e-8, 0.10111223084143424, 1.3580363216343848e-8, 0.10111146197597398, 6.813355618660771e-8, 9.639939560879399e-9, 5.608326764303581e-9, 3.689881589543713e-9, 1.0472381421810359e-8, 0.10111132552024013, 9.68825847032722e-8, 2.3698593093952642e-7, 0.10111136398001588, 3.820213073237455e-9, 1.3520998716468005e-8, 0.10111221822805679, 0.10111135424775268]
v_opt: [0.010224003940340558, 0.10111136441680518]
solution time: 0.004809141159057617
McCormick lower bound: -4.018818390294445

