x_opt: [0.3622556915777735, 0.6377441989893963, 0.22390310554550916, 0.7760969074677038, 0.3622556844466405, 0.2239030976882663, 0.2239031172666808, 0.6377443154899151, 0.2239030884547045, 0.3622558107093664]
w_opt: [0.3622556880147676, 0.22390310362877489, 0.3622556884284878, 3.478543672362077e-7, 0.22390309309686957, 6.586834981801269e-8, 3.4899635023588095e-8, 2.6225648348052753e-9, 0.3622556523852137, 5.41293831622462e-9, 0.6377441947462855, 2.97254162189589e-9, 0.22390309521129093, 1.8020400140113193e-9, 0.6377441969667497, 1.8062774301037252e-9, 1.0931521179669735e-8, 0.22390310221753523, 0.2239030978089243, 0.22390308708510784, 0.22390310292304164, 1.0098759419625273e-8, 2.660716556865402e-9, 6.159346387100469e-9, 0.13835259732962624, 7.426063811210229e-8, 0.22390309644808987, 0.6377443066132893, 1.2095910484388122e-8, 0.36225580727675266, 5.585522047923954e-9, 0.22390310391724216, 5.457979162487202e-9, 3.500475377426262e-9, 3.2618824803906482e-9, 2.7001749530941647e-9, 3.268247480864253e-9, 0.22390308451147709, 4.737221380223725e-8, 9.360679154376149e-9, 0.2239030806499397, 2.105098851632008e-9, 4.659810118722668e-9, 0.3622557923145178, 0.22390307910505236]
v_opt: [0.05013272091033907, 0.2239030844225649]
solution time: 0.005470991134643555
McCormick lower bound: -1.664363616028771

