x_opt: [0.5258471971032345, 0.8988882505585468, 0.101111742321666, 0.8988883996691729, 0.1011117476101806, 0.10111168241890083, 0.10111174380341396, 0.8988882563002082, 0.10111168065878264, 0.10111175003095461]
w_opt: [0.5258471961256399, 0.10111174151191549, 0.5258471960297569, 4.5103850097163986e-8, 0.10111168096068089, 8.21197692952305e-9, 0.42473545540264296, 1.2777203348264876e-9, 0.10111174802709097, 4.6428752170525175e-9, 0.8988882496277983, 1.8163403189859148e-9, 0.10111168137606091, 8.025141250191757e-10, 0.8988882496775441, 9.922735557100081e-10, 1.8480081539659641e-9, 0.10111174155303572, 0.10111173636192464, 0.10111168062356933, 0.10111174085379893, 2.1393923787288853e-8, 1.081620298952881e-9, 2.826094993840736e-9, 1.4951170748032805e-7, 1.0021278667013596e-7, 0.10111173994551909, 0.898888253883612, 8.26921363899938e-8, 0.10111174853232632, 2.1313724505864824e-9, 0.1011117401828329, 5.283724754138329e-9, 1.3635114521004205e-9, 8.01787656933162e-10, 7.408916079939264e-10, 1.7137777156358394e-9, 0.10111167871025964, 1.6858611349509614e-8, 6.079518989739004e-9, 0.10111167947913605, 7.386137652297874e-10, 1.4342181777797118e-9, 0.10111174680479533, 0.10111167771309892]
v_opt: [0.01022361632555215, 0.10111167888028494]
solution time: 0.005202054977416992
McCormick lower bound: -4.783889707760612

