x_opt: [0.5707057215703636, 0.5707728160450053, 0.023293992521495565, 0.9767055134927621, 0.0232945033101181, 0.02329446360500754, 0.023294483134874023, 0.9767054918786252, 0.023294471702744273, 0.4292271940726578]
w_opt: [0.5707057198306194, 0.023293991196036735, 0.5707057191608985, 1.1210767032754873e-7, 0.023294461183801164, 1.8701178449386197e-8, 0.5474112163221012, 2.922837853441066e-9, 0.42922718953571853, 4.024438212210828e-9, 0.5707728136132728, 3.912080397658584e-9, 0.023294460757466676, 1.314041028089807e-9, 0.5707728142827023, 1.4177778681731607e-9, 1.16918094529304e-8, 0.023293989885306326, 0.023293985098911223, 0.023293985962529656, 0.02329399017712026, 2.191141219928499e-8, 2.1252842364585104e-9, 5.539202241564796e-9, 2.0097963924397916e-8, 2.5721849514900296e-8, 0.023294469534450874, 0.9767054858073368, 4.035818722331167e-9, 0.42922719203830384, 3.6784555907033845e-9, 0.023294471441188284, 3.2285679184408154e-9, 2.8878198348840043e-9, 1.8566915696189157e-9, 1.210258018467957e-9, 2.313914094432827e-9, 0.02329446114210823, 2.8119856905623934e-8, 5.909791649727436e-9, 0.02329446824101501, 1.2306544593342363e-9, 2.8119035821800692e-9, 0.4292271874710154, 0.02329446560269609]
v_opt: [0.0005473673880258085, 0.02329446903443187]
solution time: 0.00540614128112793
McCormick lower bound: -2.0515057074336576

