x_opt: [0.5258470421100279, 0.8988879584181778, 0.10111193570326008, 0.8988883903162849, 0.1011119756672124, 0.10111176282666079, 0.10111193718775302, 0.8988880204047155, 0.10111174938797891, 0.10111207392437035]
w_opt: [0.5258470385385678, 0.10111193296961729, 0.5258470385679545, 5.646690559377849e-7, 0.10111175804879391, 3.198149028758405e-8, 0.4247350698329429, 4.250881826741447e-9, 0.101112067315872, 1.3768094277071536e-8, 0.8988879551717589, 6.025076719715783e-9, 0.10111175936671156, 2.4970691572402164e-9, 0.8988879554987236, 3.2069137514749375e-9, 3.5813154130461504e-8, 0.10111193296348644, 0.10111191621795095, 0.10111175572288486, 0.10111193074348306, 9.864634203174337e-8, 3.610969655610104e-9, 9.505315709164977e-9, 3.7368138862579827e-7, 3.2980256287382754e-7, 0.1011119219931478, 0.8988880103851417, 1.4990269214093364e-7, 0.10111206920816254, 7.2465600601745216e-9, 0.10111192381937219, 2.278222681085164e-9, 4.759428731425484e-9, 2.7776379634045608e-9, 2.4820010350741113e-9, 6.264420788836752e-9, 0.10111174340574598, 7.273981845866027e-8, 2.0150033206483914e-8, 0.1011117454758834, 2.433718815905006e-9, 5.4304129790210906e-9, 0.10111206317579877, 0.10111173871369133]
v_opt: [0.010223816845102582, 0.1011117436625189]
solution time: 0.0059130191802978516
McCormick lower bound: -4.070744175815207

