x_opt: [0.3193555870170126, 0.680651201927857, 0.31934852550025994, 0.9506472986318608, 0.31934875520909084, 0.31934837631330665, 0.31934852099849437, 0.6806512780948305, 0.04935519068209032, 0.31934881498021694]
w_opt: [0.3193555696728843, 0.31934851546109183, 0.31935557716328555, 5.806767853370261e-7, 0.3193483615099912, 1.0922327725422952e-7, 6.886943372342376e-6, 1.0243168452391319e-8, 0.3193487977361479, 4.697143867729229e-8, 0.6806511922059506, 1.9677811261269194e-8, 0.3193483678107183, 9.133276593129529e-9, 0.6806511902745086, 9.73300668944434e-9, 3.3574543111377703e-8, 0.3193485173518995, 0.3193484809015283, 0.3193483550455057, 0.3193485098912995, 1.714935367732634e-7, 1.122599128468983e-8, 2.614744621535559e-8, 0.269996076633527, 0.2699958326194744, 0.3193484795614691, 0.6806512504372162, 2.5085291778610057e-6, 0.3193487980730375, 2.2264160143964252e-8, 0.3193484893269828, 4.806839766283212e-8, 1.3027475711180037e-8, 7.433112994623747e-9, 1.143156355007542e-8, 2.1087758322281378e-8, 0.049355175410448676, 2.1372007138793921e-7, 3.635264596306062e-8, 0.049355177041069086, 9.688905234782843e-9, 1.2968753081921605e-8, 0.31934878108348896, 0.04935516293555046]
v_opt: [0.10198491845749606, 0.04935516902835195]
solution time: 0.005178928375244141
McCormick lower bound: -4.4910907349752325

