x_opt: [0.49999998347018665, 0.5000000173497863, 2.0838054146289251e-7, 0.8490422302809533, 0.1770930714968966, 0.15095776660235233, 0.15095783534129126, 0.822906928225376, 0.15095776664756239, 0.49999998350964137]
w_opt: [0.499999983369716, 2.083286233826924e-7, 0.4999999834024025, 4.075437751969843e-9, 0.1509577665257665, 8.427932285903364e-10, 0.3229069118182086, 7.106531658382025e-11, 0.4999999832237643, 1.3625591862861284e-10, 0.5000000172615973, 1.706252571180273e-10, 0.1509577665341068, 5.413624417314416e-11, 0.5000000172683473, 4.628901204149849e-11, 9.393247613777894e-10, 2.0827364816839724e-7, 2.0820095438032864e-7, 2.0814527438381972e-7, 2.0832096046461535e-7, 4.790928819505075e-10, 7.194271499371618e-11, 1.6276404453363442e-10, 0.026135301880538434, 1.242715352417883e-9, 0.15095783481304192, 0.822906928013419, 1.409766144843728e-10, 0.4999999834401355, 1.2061851254384728e-10, 0.1509578349716302, 1.176673670543074e-10, 8.794903071706831e-11, 5.331173398539274e-11, 5.955724302560733e-11, 8.34473620720899e-11, 0.15095776648272888, 1.0805207185848352e-9, 1.7629422000458775e-10, 0.15095776652870838, 5.231356095210219e-11, 7.83406847568449e-11, 0.49999998329308826, 0.15095776642226685]
v_opt: [0.022788341724553723, 0.15095776654409754]
solution time: 0.006803989410400391
McCormick lower bound: -1.6629986511623565

