x_opt: [0.296151485037681, 0.7449242144341519, 0.2550665982127699, 0.9999999987428103, 0.2550757855895692, 0.25506659778965085, 0.255066598185333, 0.7449242145894797, 0.25506659766307005, 0.25507578546760173]
w_opt: [0.2961514850417726, 0.25506659814122257, 0.2961514849778354, 9.011348910899009e-10, 0.25506659780588914, 2.0242969457230097e-10, 0.041075699691609346, 1.7128029882965146e-11, 0.25507578547879856, 5.271635283502814e-11, 0.7449242144028825, 4.10524609623632e-11, 0.25506659780299096, 1.1853623470787668e-11, 0.7449242145479753, 1.4786176145228124e-11, 2.0139220292826108e-11, 0.25506659815668253, 0.2550665980295422, 0.2550665977723908, 0.2550665980776123, 1.5259281823424023e-10, 1.7906960775753756e-11, 3.9187400872864913e-11, 0.25507578435773093, 0.2550665967677415, 0.25506659811189963, 0.7449242145410738, 0.25506659653270286, 0.25507578547240334, 3.4585500383526524e-11, 0.2550665980860687, 5.998948109458895e-11, 2.072161352067636e-11, 1.4876550030136196e-11, 1.739669583671689e-11, 2.6294591645038325e-11, 0.2550665976907738, 2.7278870111085873e-10, 5.671862169578916e-11, 0.2550665977648455, 1.4430879113845145e-11, 2.7462692519674e-11, 0.2550757854282542, 0.25506659779752616]
v_opt: [0.06505900148197705, 0.2550665975942944]
solution time: 0.008530139923095703
McCormick lower bound: -3.5503389687194953

