x_opt: [0.5258458793546026, 0.8988861487997474, 0.10111351848639634, 0.8988884849981014, 0.10111360654153914, 0.10111232293328848, 0.1011135296206566, 0.8988864180733387, 0.10111231001514054, 0.10111411236081956]
w_opt: [0.5258458564424291, 0.10111349956372634, 0.5258458556771484, 2.5427540676299697e-6, 0.10111229080176715, 1.7904021289968035e-7, 0.4247323510708235, 3.311086378496816e-8, 0.10111392458570176, 1.3193662067102863e-7, 0.8988861282869984, 4.747464824039929e-8, 0.10111229748645578, 1.9806611441585968e-8, 0.898886131321758, 2.3561157016286427e-8, 2.8453196703320794e-7, 0.10111350056403334, 0.10111329942806623, 0.10111227687863317, 0.10111347561221659, 6.262244786225024e-7, 2.5329878830690886e-8, 7.39175034066384e-8, 2.1478114895509895e-6, 1.852507028070945e-6, 0.10111343586805781, 0.8988863353804205, 9.763631510299438e-7, 0.10111408030969214, 5.108353374387673e-8, 0.10111336613602187, 6.211170012259478e-8, 3.4050029025421275e-8, 1.7630047520452504e-8, 1.5557095016467815e-8, 4.587953376539087e-8, 0.10111224452003457, 4.6619687580961916e-7, 1.7528844168804628e-7, 0.10111228471382583, 1.623991161695295e-8, 3.452974459641681e-8, 0.10111404392766835, 0.10111224421713855]
v_opt: [0.010224050247834062, 0.10111227074175091]
solution time: 0.004585981369018555
McCormick lower bound: -5.027149598270496

