x_opt: [0.500080071654877, 0.5000802749308704, 2.5338221391531132e-6, 0.8491286441132194, 0.17705386519408878, 0.1508704089223306, 0.15087045041563132, 0.8229460663040854, 0.15087043108461784, 0.5000801215901691]
w_opt: [0.5000800565344704, 2.5273031978084785e-6, 0.5000800623735839, 2.9375742873261518e-6, 0.1508703991345628, 7.491963298511115e-8, 0.32302620523898373, 1.1435130445440828e-8, 0.5000799152769743, 1.6539228287040745e-8, 0.5000802634278089, 3.791096102749145e-8, 0.15087039760517126, 7.3788426246619025e-9, 0.500080265314084, 6.135338789875273e-9, 0.0001604041096822205, 2.5162061850374148e-6, 2.5102066812900174e-6, 2.485916985961963e-6, 2.525757794549747e-6, 4.719674887925462e-8, 9.94841277455479e-9, 2.356906706366278e-8, 0.0261825219878858, 4.2207837684891767e-7, 0.15087030004372856, 0.822945999416758, 2.2015728020118987e-8, 0.5000801132121081, 1.7641238760035287e-8, 0.15087030977424992, 1.189164454475147e-7, 1.4677461038015022e-8, 7.335827029039083e-9, 6.593681588861904e-9, 1.0267194682385847e-8, 0.15087039517347342, 2.592050882156324e-7, 4.644025039345908e-8, 0.15087041459761305, 6.330856855283114e-9, 9.851670561993333e-9, 0.5000800622788809, 0.15087039569536337]
v_opt: [0.022764547751684596, 0.15087041777431948]
solution time: 0.0071561336517333984
McCormick lower bound: -1.6393761561132574

