x_opt: [0.5258439533226115, 0.898882358659083, 0.10111759813734592, 0.8988870851550034, 0.10111764185394435, 0.10111297125632833, 0.10111762802149461, 0.8988823800300081, 0.10111296471460814, 0.10111763924504048]
w_opt: [0.5258439501156226, 0.10111759577337197, 0.5258439508530894, 1.2356772330090495e-7, 0.10111296778317558, 2.1084968561348424e-8, 0.4247263395225264, 3.2362750899168966e-9, 0.10111763435515846, 1.0195902794276436e-8, 0.8988823564044193, 6.667563067836798e-9, 0.1011129686765239, 2.5634110907346224e-9, 0.8988823563674669, 2.419281325794948e-9, 1.4683005341918102e-9, 0.10111759589744457, 0.10111758915605115, 0.10111296715822235, 0.10111759589059341, 4.3095104384089297e-8, 2.943612194383816e-9, 7.86900534784093e-9, 4.7317422191363095e-6, 1.0451749155733798e-7, 0.1011176169843883, 0.8988823738863334, 5.4945233111354516e-8, 0.10111763568771728, 5.609685893308135e-9, 0.10111761839777014, 2.554902103782072e-8, 3.68132370766953e-9, 1.840890015563616e-9, 2.11753441135808e-9, 4.039892964122501e-9, 0.10111296025264893, 5.084740065852873e-8, 1.787131871617123e-8, 0.10111296176941346, 2.1167405571386754e-9, 2.7503060907045692e-9, 0.10111763192026095, 0.1011129578585259]
v_opt: [0.010225301262442057, 0.10111295980851141]
solution time: 0.006170034408569336
McCormick lower bound: -4.28612023903738

