x_opt: [0.525847321009789, 0.8988883820766016, 0.10111161329415184, 0.8988883900114171, 0.10111161423773231, 0.10111160881363988, 0.10111161362313209, 0.8988883858196531, 0.10111160862674021, 0.1011116267465795]
w_opt: [0.5258473209252676, 0.10111161321820579, 0.5258473209056884, 2.8744343623469463e-8, 0.10111160867587357, 1.01930055421291e-9, 0.4247357070526849, 1.5791522855518788e-10, 0.10111162625314962, 3.0222075546433367e-10, 0.8988883819769545, 2.866632332543213e-10, 0.1011116086897709, 7.958938725375179e-11, 0.898888382000434, 9.67626950370582e-11, 8.893842262360127e-9, 0.10111161320423497, 0.10111161081867455, 0.10111160841055321, 0.10111161309123495, 4.874770529099033e-9, 1.1495947549260717e-10, 3.4388845311386647e-10, 4.670526588542795e-9, 1.7764048064862066e-9, 0.1011116130602549, 0.8988883846343083, 4.292511162612747e-10, 0.1011116266187346, 2.2819825512383295e-10, 0.1011116123572925, 5.421220529278844e-10, 1.6791091561458748e-10, 8.800409551783931e-11, 6.315365392540758e-11, 2.2164153936430457e-10, 0.10111160843267276, 1.722970650787502e-9, 9.071651185323207e-10, 0.10111160847835515, 6.721713811346301e-11, 2.3075675476947206e-10, 0.10111162642312664, 0.10111160831798689]
v_opt: [0.010223711874098027, 0.10111160846183406]
solution time: 0.004818916320800781
McCormick lower bound: -3.6704405552497033

