x_opt: [0.34490702378081894, 0.7776123784371197, 0.22238727288110835, 0.9785476101722564, 0.2223876177556821, 0.22238725396387876, 0.22238727622716897, 0.7776123842934722, 0.22238724856864417, 0.22238762059508005]
w_opt: [0.344907021983489, 0.22238727178376388, 0.34490702221592573, 7.289939858042246e-8, 0.22238725197891263, 1.594120523770836e-8, 0.12251941088356377, 1.4127722779229326e-9, 0.22238761793083706, 3.9275702672694765e-9, 0.7776123768764218, 2.903540480808402e-9, 0.22238725269639337, 9.542368502803977e-10, 0.7776123766467897, 1.142141356429631e-9, 1.991877863960503e-9, 0.22238727168808617, 0.22238726793668448, 0.22238725086537353, 0.22238727102955658, 1.2140422333477662e-8, 1.4365008663090888e-9, 3.190267102692693e-9, 0.200935230802548, 0.2009348808870606, 0.22238727017956836, 0.777612380596137, 0.20093486138367647, 0.22238761851705405, 2.7174309529835558e-9, 0.22238727206276687, 4.174649461900506e-9, 1.6890152069423492e-9, 1.191711478900443e-9, 1.3034549428891125e-9, 2.0075063022860827e-9, 0.22238724634156476, 2.1541608255830502e-8, 4.397994131697836e-9, 0.22238724668653903, 1.112309160042011e-9, 2.116524311671132e-9, 0.22238761522393186, 0.2223872448493331]
v_opt: [0.04945615222517899, 0.2223872461649978]
solution time: 0.008147001266479492
McCormick lower bound: -3.081049152585479

