x_opt: [0.42840546815730646, 0.8335776578744138, 0.16642232510316277, 0.9417874679467153, 0.1664223403152124, 0.16642219332860547, 0.16642232559794126, 0.8335776610127095, 0.16642218714646625, 0.16642234124256727]
w_opt: [0.4284054675559791, 0.16642232470964444, 0.4284054675899814, 3.7653656784928595e-8, 0.166422192569324, 5.250337491754641e-9, 0.26198313023609826, 5.288371792154778e-10, 0.16642234017024074, 2.048258817466497e-9, 0.8335776573756606, 1.2163472217081117e-9, 0.16642219287487034, 3.4818132009427255e-10, 0.8335776573396566, 4.5803630444123183e-10, 8.75451792012077e-10, 0.16642232473679394, 0.16642232158783463, 0.16642219231990354, 0.16642232419538097, 6.374689819009325e-9, 5.081539163328083e-10, 1.1990717854525957e-9, 0.108209809425647, 0.10820966763095484, 0.16642232360772793, 0.8335776597174506, 0.10820965610514974, 0.16642234039504603, 1.0239595216823578e-9, 0.16642232326018236, 2.0062651632121382e-9, 6.112042996768985e-10, 4.20489044918025e-10, 4.238540984415909e-10, 8.622731699392763e-10, 0.16642218627004887, 8.430320689008442e-9, 2.494971163420658e-9, 0.16642218655059726, 3.8055672188103606e-10, 8.557699129906885e-10, 0.16642233932978176, 0.16642218574932235]
v_opt: [0.027696435695058266, 0.1664221862726474]
solution time: 0.0045011043548583984
McCormick lower bound: -4.462850163138406

