x_opt: [0.5258472698067779, 0.8988882907129222, 0.10111167481354921, 0.8988884047956754, 0.10111168580726232, 0.10111164265373353, 0.10111167841842815, 0.8988883411391715, 0.10111162252859283, 0.10111172862297878]
w_opt: [0.5258472649443157, 0.10111167105020868, 0.5258472648716332, 1.539112253723298e-6, 0.10111163597396947, 4.5052743167313565e-8, 0.42473562178408636, 6.3948919162336865e-9, 0.10111171809817396, 2.569130384154579e-8, 0.8988882865158058, 7.976491060274996e-9, 0.10111163764916614, 3.90505873904557e-9, 0.8988882868623483, 4.788396832497634e-9, 2.4113087727689443e-8, 0.10111167123804272, 0.10111164078993903, 0.10111163398355526, 0.10111166685370583, 1.7052444732343927e-7, 5.176312256495989e-9, 1.5483031786539615e-8, 1.0121650372998763e-7, 1.7125214280059838e-7, 0.10111165552824666, 0.8988883290728995, 4.710086776471724e-8, 0.10111172167699278, 1.0745817955285697e-8, 0.1011116569044766, 3.358007960043734e-8, 6.822469749128393e-9, 3.59947204181256e-9, 3.3371292367513635e-9, 8.455114266596442e-9, 0.10111161323457733, 2.0672777508155035e-7, 5.1373612875287044e-8, 0.10111161732020234, 3.4082787920759697e-9, 6.3971453357593845e-9, 0.10111171263124115, 0.10111160845066472]
v_opt: [0.010224552837157345, 0.10111161416414789]
solution time: 0.0048520565032958984
McCormick lower bound: -4.951484636120951

