x_opt: [0.5258472846549394, 0.8988877772753959, 0.10111168936115596, 0.8988883180299259, 0.1011119364833226, 0.1011116159670314, 0.10111179423416722, 0.8988880335430239, 0.10111163652278694, 0.10111249303567535]
w_opt: [0.5258472796008636, 0.1011116849611994, 0.525847275622848, 3.514196092875045e-6, 0.10111160662855323, 9.058751788760578e-8, 0.42473532924652363, 1.257206174526858e-8, 0.10111246939886327, 1.8613070340979358e-8, 0.898887770029371, 1.3247254926110919e-8, 0.10111160406963135, 4.180755965945852e-9, 0.8988877721482552, 5.586725112389854e-9, 2.7211334671618185e-7, 0.10111168248922058, 0.10111159268911885, 0.1011116125363241, 0.101111673808552, 3.837563368260812e-7, 7.587176307637076e-9, 2.386211042573134e-8, 2.879923758228938e-7, 1.1291428187214984e-7, 0.10111174338816117, 0.8988879455226797, 2.358968867888838e-8, 0.1011124850622668, 1.4518301369232493e-8, 0.10111165831490118, 1.2527604531767348e-8, 1.1385706387836097e-8, 7.310674344450488e-9, 3.6677391257204777e-9, 1.2381943788898869e-8, 0.10111159751429849, 1.676634364744723e-7, 8.583241467607813e-8, 0.10111162296774766, 3.949439164354841e-9, 1.9143928655995313e-8, 0.10111246721088862, 0.10111161636730538]
v_opt: [0.010223681148105327, 0.10111162711409505]
solution time: 0.005048036575317383
McCormick lower bound: -3.0052512788096877

