x_opt: [0.5258472184605889, 0.8988882715029644, 0.10111172752536296, 0.8988883946451418, 0.10111172798940642, 0.10111166736195161, 0.10111172759889944, 0.8988882723700062, 0.10111166614736206, 0.10111172863687204]
w_opt: [0.5258472183155708, 0.10111172742493472, 0.5258472183339227, 1.5188741209201896e-8, 0.10111166718918856, 1.10292965316316e-9, 0.4247354910916647, 1.3969089469801943e-10, 0.10111172840376667, 5.538003795530635e-10, 0.8988882713883759, 2.3316216298012883e-10, 0.10111166724582048, 9.476879782924078e-11, 0.8988882713885046, 1.1582700780020758e-10, 3.0373935385037627e-10, 0.10111172743072176, 0.10111172685213822, 0.10111166714341019, 0.10111172736718492, 3.0825625310090587e-9, 1.2930740500991144e-10, 3.2253952816297804e-10, 1.2289838023169376e-7, 6.434249188677112e-8, 0.10111172711850676, 0.8988882720595427, 6.10600083550541e-8, 0.10111172845442302, 2.531041889949302e-10, 0.10111172714253923, 5.343749676275195e-10, 1.5857274345937728e-10, 9.4333190808873e-11, 9.903827440109308e-11, 2.0567524950752499e-10, 0.10111166595327505, 2.289497509316654e-9, 6.161858765837229e-10, 0.10111166600381384, 9.421816379734278e-11, 1.6834011295418057e-10, 0.10111172823959341, 0.10111166579673186]
v_opt: [0.010223596900459958, 0.10111166592988446]
solution time: 0.004849910736083984
McCormick lower bound: -4.406553764434299

