x_opt: [0.5258472245678335, 0.8988881343242945, 0.10111169055041686, 0.8988883543454412, 0.10111177123341959, 0.10111167042574638, 0.10111169297029889, 0.8988882324246259, 0.1011116593454145, 0.101111899142193]
w_opt: [0.5258472227601219, 0.1011116892552672, 0.5258472229449875, 6.22870732873992e-7, 0.10111166835875907, 2.2161203805700444e-8, 0.42473546361776165, 2.022600367324608e-9, 0.10111188287406822, 4.985777212126803e-9, 0.8988881326376179, 2.7295736639331817e-9, 0.10111166876270294, 1.2655934282193053e-9, 0.8988881329508258, 1.3850701225869802e-9, 3.6227364722478997e-8, 0.10111168907033383, 0.10111168438641269, 0.1011116667962545, 0.10111168867108009, 2.772377295031931e-8, 1.7413876545488093e-9, 4.861835227283442e-9, 1.3029065113543497e-7, 8.887789106010425e-8, 0.10111168214837761, 0.8988882228135142, 3.121561077237027e-8, 0.10111189706978069, 3.486131214796406e-9, 0.10111168133424739, 7.7670265487363e-9, 2.425074567027374e-9, 1.4553214467295325e-9, 1.166016209395065e-9, 2.2754829218325345e-9, 0.10111165452145886, 5.291414636603451e-8, 1.7040771236322712e-8, 0.10111165739312773, 1.1493002442556308e-9, 2.1646728072435427e-9, 0.10111189352112882, 0.10111165388855388]
v_opt: [0.010227795353339966, 0.1011116566998931]
solution time: 0.004601955413818359
McCormick lower bound: -3.17875353226765

