x_opt: [0.5258472609489007, 0.8988883441046176, 0.10111165209876609, 0.8988884059144587, 0.1011116556318269, 0.10111165037668361, 0.10111165238595737, 0.8988883445480024, 0.10111165025418713, 0.10111165572954929]
w_opt: [0.5258472607978883, 0.1011116519982236, 0.5258472607675375, 8.986615507954732e-9, 0.10111165016237277, 1.5304938492692494e-9, 0.42473560574243613, 1.5496830470408868e-10, 0.10111165543874763, 4.2273989203872875e-10, 0.8988883439442243, 2.865889181637919e-10, 0.10111165023582869, 8.594260098886776e-11, 0.898888343933617, 1.1766089738997805e-10, 1.4908614179877922e-10, 0.10111165198777418, 0.10111165145626198, 0.10111165005136112, 0.10111165186405226, 1.5420871846518055e-9, 1.4153917521704108e-10, 3.2224616062468437e-10, 6.18518465336242e-8, 5.7940097522021306e-8, 0.10111165181498284, 0.8988883441973804, 5.645334917610522e-8, 0.10111165551140582, 2.7424783036417496e-10, 0.10111165194906964, 3.8294104083289933e-10, 1.7157196392837968e-10, 1.3675481682101332e-10, 1.1088234137937001e-10, 1.9273944143872463e-10, 0.10111164996908664, 2.0137738125657252e-9, 5.132876386659209e-10, 0.10111165007918287, 9.988460041917593e-11, 2.649647675716064e-10, 0.10111165512694414, 0.10111164987728259]
v_opt: [0.01022361314311298, 0.10111165003071744]
solution time: 0.005018949508666992
McCormick lower bound: -3.406742635276892

