x_opt: [0.46053952989138286, 0.7809778750957578, 0.21902205205813874, 0.8731927387769627, 0.21902211513220385, 0.12680747005467288, 0.21902206690658504, 0.7809779035468509, 0.1268073670202169, 0.21902213042328605]
w_opt: [0.4605395240122798, 0.2190220483159661, 0.4605395259921794, 2.0066405816129826e-7, 0.12680746452093908, 3.8646410917679246e-8, 0.2415174436814564, 4.376825158891166e-9, 0.21902212305663493, 1.592514097921605e-8, 0.7809778712534505, 8.137211353223552e-9, 0.12680746641896612, 3.6490656846738102e-9, 0.7809778708566998, 3.7486518744585446e-9, 1.1438681922349246e-8, 0.21902204857827098, 0.2190220361004449, 0.12680746285757918, 0.21902204773862463, 6.580601563000212e-8, 4.4833693492175655e-9, 1.0834705712898788e-8, 0.09221486218002056, 2.7953137867796066e-7, 0.21902204966504835, 0.7809778926826297, 1.1385598266418826e-7, 0.21902212448136837, 8.535365429119984e-9, 0.21902205374628755, 2.4497264646179693e-8, 5.3310143179946255e-9, 2.936220172854607e-9, 3.934724419817937e-9, 6.989930550191306e-9, 0.1268073613294241, 7.811129838288499e-8, 1.4857881311370587e-8, 0.12680736175645027, 3.5729924235712254e-9, 4.83058976713854e-9, 0.21902211789455042, 0.12680735574940985]
v_opt: [0.0479707210005264, 0.12680735905397023]
solution time: 0.005216836929321289
McCormick lower bound: -3.9253943897382495

