x_opt: [0.6552728148652834, 0.9453368541324756, 0.05466312528681307, 0.9999989721408704, 0.05466314282225652, 1.0311885252152389e-6, 0.05466313744389352, 0.945336864963882, 1.029222362670224e-6, 0.27472397089301054]
w_opt: [0.6552728138392555, 0.054663124480314865, 0.655272814105621, 4.465119136163505e-8, 1.0301294674449658e-6, 6.648685337467208e-9, 0.6006096818985565, 1.1403507958763607e-9, 0.27472396929088894, 3.098465736608503e-9, 0.9453368533982596, 1.6341699011869706e-9, 1.0302951855090743e-6, 9.538963059820658e-10, 0.9453368534186609, 8.107128423589473e-10, 0.2200608258328377, 0.0546631244488836, 0.05466312230380978, 1.0296238345954651e-6, 0.054663124544255245, 1.6095603070720875e-8, 1.003349358095058e-9, 2.8950292827630763e-9, 0.054662116465120904, 2.2626500481802923e-8, 0.05466313336798393, 0.9453368627170827, 3.8715829354000985e-9, 0.2747239698545266, 1.8527923016361054e-9, 0.05466313405912625, 9.194437653131746e-9, 1.294903738751463e-9, 5.70608754556239e-10, 6.681772483374307e-10, 1.443772057785345e-9, 1.027730479144772e-6, 1.7998031815033134e-8, 5.447956301492784e-9, 1.0281747601490648e-6, 6.97662764598975e-10, 8.38645168953911e-10, 0.2747239687041323, 1.0266465595334246e-6]
v_opt: [0.0029954613123318757, 1.027629377984505e-6]
solution time: 0.0051457881927490234
McCormick lower bound: -3.7826745075823855

