x_opt: [0.5258473006935289, 0.8988880620563386, 0.10111176141523612, 0.8988884077535928, 0.10111180308296619, 0.10111157261743094, 0.10111175842064495, 0.8988882275639993, 0.10111156948715279, 0.10111209874111891]
w_opt: [0.5258472986752677, 0.10111175954657381, 0.5258472982252019, 4.6991572208473337e-7, 0.10111156905357124, 3.0487775399444835e-8, 0.424735543327919, 5.095131618536895e-9, 0.10111206612110442, 1.8141758517958053e-8, 0.8988880596485267, 3.0089842283341345e-9, 0.10111156955857908, 1.877566722970863e-9, 0.8988880604197715, 2.5813188704772084e-9, 1.618311074888847e-7, 0.10111175931530153, 0.1011117310123975, 0.10111156507026622, 0.10111175804433671, 2.189071410539688e-7, 2.7779332640326587e-9, 1.3149014098689984e-8, 2.2005379399493529e-7, 5.840204717876086e-8, 0.10111173677734896, 0.8988881869406953, 3.18618920149441e-8, 0.1011120957495865, 7.079757022515459e-9, 0.1011117392913421, 3.700586513439048e-8, 5.5530420544833995e-9, 3.3477561847271386e-9, 1.5473818212149988e-9, 5.833354448380792e-9, 0.10111156397237372, 5.821412250638077e-8, 2.393092955060928e-8, 0.10111156667076639, 1.5368134640903898e-9, 7.364645302743018e-9, 0.10111208992822225, 0.10111155820619745]
v_opt: [0.010223721487203009, 0.10111156569386676]
solution time: 0.004878997802734375
McCormick lower bound: -3.7175098210929876

