x_opt: [0.3193526013562986, 0.6806474804588851, 0.319352348184986, 0.9506477676814815, 0.3193525086705181, 0.31935211902277105, 0.31935235125396694, 0.6806474949902959, 0.04935298586446279, 0.319352520051604]
w_opt: [0.31935259869764976, 0.3193523468000732, 0.31935259968551527, 4.609897428400455e-7, 0.31935211676904474, 2.8634742292344166e-8, 1.0111101566061075e-7, 1.456449770392239e-9, 0.3193525172167247, 5.239909021397111e-9, 0.6806474787218587, 3.028689350288573e-9, 0.31935211774288874, 1.204930883011387e-9, 0.6806474782837931, 1.3392990357318026e-9, 4.258804647895252e-9, 0.3193523468535313, 0.31935234228237885, 0.31935211565971683, 0.31935234606257107, 1.4944293473833733e-8, 1.6662647473022702e-9, 3.2942126572037625e-9, 0.27000027990353903, 0.26999991968521714, 0.3193523443952272, 0.6806474907594079, 7.557314124643014e-7, 0.3193525174405753, 3.085947930945932e-9, 0.31935234651345323, 5.880753284453333e-9, 1.8871901287630336e-9, 1.2485900608784368e-9, 1.9064266024800837e-9, 2.6804213556157848e-9, 0.04935298372607349, 2.7067228689041232e-8, 5.5688462118313586e-9, 0.04935298365648925, 1.4681314836676936e-9, 2.224023566751609e-9, 0.31935251453056845, 0.04935298181443793]
v_opt: [0.10198612049805615, 0.0493529826873745]
solution time: 0.0056841373443603516
McCormick lower bound: -3.353898008639099

