x_opt: [0.7429876294067354, 0.7907412718159045, 8.002534474699974e-9, 0.9999999834844466, 0.2092587253756361, 9.198410194950356e-9, 0.20925872463400189, 0.7907412749037049, 9.650338321466109e-9, 0.7429876405925165]
w_opt: [0.742987629310658, 7.93118145536903e-9, 0.7429876293317699, 3.991569676917411e-8, 9.107168193119493e-9, 1.280827704004874e-9, 0.5337289045130855, 1.0428378899431557e-10, 0.7429876291976717, 1.8785210402105294e-10, 0.7907412717274594, 2.3207866255106732e-10, 9.106128777966559e-9, 9.045431166649617e-11, 0.7907412717287021, 6.454149130406066e-11, 0.5337289125970642, 7.872514653282622e-9, 7.799538740504123e-9, 7.629868114141998e-9, 7.934662825580266e-9, 6.020232164227133e-10, 9.353939016837886e-11, 2.4689139968077176e-10, 0.2092587089998368, 1.077792425422395e-9, 0.20925872395827716, 0.7907412745981098, 1.5327844205108055e-10, 0.7429876405094263, 1.6641759699094564e-10, 0.20925872412711227, 5.284383286245542e-10, 1.2882182374262481e-10, 6.03263341285175e-11, 6.781206035452927e-11, 1.1491871902895607e-10, 9.073354735557646e-9, 1.3041414966449357e-9, 2.778504497585695e-10, 9.525659573227518e-9, 6.824923772583273e-11, 8.027914201091448e-11, 0.7429876403568143, 9.362580301916067e-9]
v_opt: [0.043789270114630935, 9.519874451640894e-9]
solution time: 0.007423877716064453
McCormick lower bound: -2.1471925474996825

