x_opt: [0.3622556957539123, 0.6377443158871977, 0.22390310327150265, 0.7760968969433092, 0.3622556683983334, 0.22390310298284571, 0.22390310474340086, 0.6377443310378003, 0.2239031021144302, 0.36225568468446023]
w_opt: [0.36225569507117006, 0.22390310291965912, 0.3622556952447349, 2.659305410129359e-8, 0.22390310237447678, 6.5519321242946565e-9, 2.8463813165321077e-8, 4.217908715069498e-10, 0.3622556834823041, 1.145210550817686e-9, 0.6377443153122615, 8.942828674488882e-10, 0.22390310259682336, 3.23753850373646e-10, 0.6377443151812857, 3.462852323973097e-10, 1.632693748690169e-9, 0.22390310282704975, 0.22390310180830322, 0.22390310014789508, 0.2239031026751996, 3.509040288887596e-9, 4.684471609601968e-10, 9.769177776341477e-10, 0.1383525662413585, 1.09836097388873e-8, 0.22390310247105655, 0.6377443297007853, 1.0174774852843908e-9, 0.3622556840401551, 8.543927634062659e-10, 0.22390310314095077, 6.244778622785901e-10, 5.34707729568053e-10, 3.8938655995294916e-10, 5.049736619587082e-10, 6.403737816076204e-10, 0.22390310134626712, 7.0512927544592624e-9, 1.4743359199170368e-9, 0.22390310131302932, 3.897830083785546e-10, 6.875160549446621e-10, 0.362255682869972, 0.22390310084545212]
v_opt: [0.05013390639244152, 0.2239031013361899]
solution time: 0.0046138763427734375
McCormick lower bound: -2.30860136371792

