x_opt: [0.275742589568084, 0.7242574075079705, 0.2693519605953655, 0.9999994186763007, 0.27574259271956675, 0.26935195746635276, 0.26935196107781206, 0.7242574080591346, 0.2693519555711581, 0.2757425841577892]
w_opt: [0.2757425891209573, 0.26935196033574094, 0.2757425892509342, 2.490194800427862e-8, 0.26935195700375597, 5.308395387383994e-9, 2.2438678157513297e-9, 2.696271792444192e-10, 0.27574258114125805, 8.609943311877135e-10, 0.7242574071813962, 1.1122079015415822e-9, 0.2693519572267327, 1.9041113862459725e-10, 0.7242574069646492, 2.320885042707882e-10, 2.858194908419199e-10, 0.26935196036948, 0.2693519596543599, 0.2693519568541135, 0.2693519602075972, 2.1781590526017808e-9, 2.9808852402950135e-10, 6.890792816972269e-10, 0.2757420120133229, 0.2693513787428186, 0.2693519598191795, 0.7242574073295597, 0.2693513749869196, 0.2757425836753544, 6.573024538221619e-10, 0.2693519602296206, 1.173798048048966e-9, 3.505703799841049e-10, 2.7268759955551106e-10, 3.1746958322615983e-10, 4.164460010257289e-10, 0.26935195507743553, 5.8972282085779686e-9, 1.0339171541298187e-9, 0.2693519551575568, 2.43755419224475e-10, 4.739466238321266e-10, 0.27574258278968033, 0.2693519548380384]
v_opt: [0.07255048965107846, 0.26935195503493564]
solution time: 0.004590034484863281
McCormick lower bound: -3.260481286552067

