x_opt: [0.7429875763876087, 0.7907411488014999, 1.5268559501636275e-8, 0.9999999524803964, 0.20925869095662722, 1.639968460155738e-8, 0.20925867715365343, 0.7907413192026411, 1.666959179654825e-8, 0.7429875934366184]
w_opt: [0.7429875761942633, 1.513717633880242e-8, 0.7429875762411118, 3.699348854882881e-7, 1.622351481840949e-8, 6.8833535485571246e-9, 0.5337288967398839, 1.8659054944095292e-10, 0.7429875744342123, 3.257425702684154e-10, 0.7907411486328119, 7.636439575040908e-10, 1.623000298505203e-8, 1.5240629997858838e-10, 0.7907411486275999, 1.2058409915959078e-10, 0.5337287430768723, 1.5028945262434664e-8, 1.488212209214258e-8, 1.4219770722964793e-8, 1.5138608452393886e-8, 9.046289379562905e-10, 1.9029494326279682e-10, 4.431962291757975e-10, 0.20925864371628936, 7.757625770427789e-9, 0.209258674763568, 0.7907413187256639, 5.096972588261457e-10, 0.7429875932738672, 3.338782165011075e-10, 0.20925867543104074, 1.0437013540725766e-8, 2.7313225789270114e-10, 1.1888722270757e-10, 1.330270526107092e-10, 2.0277671070378845e-10, 1.6115796258147543e-8, 5.651955769288133e-9, 3.098255824722461e-10, 1.644853376450329e-8, 1.2977457167857275e-10, 1.5778100702991702e-10, 0.7429875929964487, 1.614172243925867e-8]
v_opt: [0.043789227602657854, 1.6392179340534422e-8]
solution time: 0.0048961639404296875
McCormick lower bound: -2.1155200386152155

