x_opt: [0.5258464070370585, 0.898887694228455, 0.10111228294657315, 0.8988887616389338, 0.10111228174389028, 0.10111220593297968, 0.10111228122170078, 0.8988877171781371, 0.10111219969810616, 0.10111232128313591]
w_opt: [0.5258464054864186, 0.10111228176607796, 0.5258464056000393, 3.2004922882777117e-7, 0.1011122039068045, 1.2536442152677837e-8, 0.424734127306975, 1.8314686188502538e-9, 0.10111231729308365, 1.1654379263610237e-8, 0.898887692985995, 2.5147867031127695e-9, 0.10111220448227962, 1.357251365784866e-9, 0.8988876930615586, 1.535831177303971e-9, 1.610336219602276e-8, 0.10111228188827212, 0.10111226268026938, 0.10111220237703261, 0.10111227919231863, 4.7235203513171583e-8, 1.5454898426576568e-9, 4.3307630509935024e-9, 1.0473033192583874e-6, 1.0227810212344937e-6, 0.10111227551589082, 0.8988877126423899, 9.823983811527853e-7, 0.10111231916212449, 3.1690139539250783e-9, 0.10111226767547843, 1.5624540465182853e-9, 2.0212093067304354e-9, 1.0786416774989859e-9, 1.0439199906042277e-9, 4.445516635624803e-9, 0.10111219533274958, 3.4563774798946614e-8, 1.5654990610589742e-8, 0.10111219793329232, 1.0528326903880496e-9, 2.4592237711224607e-9, 0.10111231674514255, 0.10111219495748697]
v_opt: [0.010223846476782202, 0.1011121971544677]
solution time: 0.00535893440246582
McCormick lower bound: -5.2374829273975045

