x_opt: [0.3193539659284276, 0.6806461486304483, 0.3193537738599452, 0.9506453167593035, 0.31935380965562, 0.31934871110981444, 0.3193537754808009, 0.6806462031514664, 0.049354748343687735, 0.31935392987967914]
w_opt: [0.3193539638974841, 0.3193537730240325, 0.31935396518751363, 3.6334411149808164e-7, 0.31934870949982563, 3.2680485743900715e-8, 1.7516409930173085e-7, 1.0590380479880315e-9, 0.31935392808301283, 5.97765617862048e-9, 0.680646147579465, 4.202762143954584e-9, 0.31934871035540074, 1.1392674118654397e-9, 0.6806461475898605, 1.1084666557632814e-9, 8.197311574409241e-8, 0.319353773167985, 0.31935376883822686, 0.31934870625685174, 0.31935377254465913, 4.5368899255323224e-8, 1.3090653130647003e-9, 6.2753385582404025e-9, 0.26999912944256327, 0.26999404904226537, 0.3193537642678256, 0.6806461962772996, 7.169652049132799e-8, 0.3193539279559357, 4.195755536951925e-9, 0.3193537707959491, 1.5763393578775075e-8, 2.1801696966390327e-9, 9.596095940435696e-10, 1.4474381785698187e-9, 5.6684777629329564e-9, 0.04935474492227851, 9.71220235112236e-8, 9.522088047164646e-9, 0.04935474690891441, 1.110550437906529e-9, 1.743506171332822e-9, 0.31935392154196945, 0.049354744457613856]
v_opt: [0.10198684128266257, 0.04935474533235105]
solution time: 0.004297018051147461
McCormick lower bound: -3.695553879003881

