x_opt: [0.6349830391602435, 0.8786252946378503, 0.12123529041976482, 0.9999999767069885, 0.1213747048840488, 2.403475225211114e-8, 0.12137470147189726, 0.8786252988564446, 2.3608943707935104e-8, 0.3767540775552009]
w_opt: [0.634983038838746, 0.12123529016032794, 0.6349830389260013, 1.2676734381936675e-8, 2.3711073899034318e-8, 2.059416647380698e-9, 0.5136083386763247, 3.696540948504267e-10, 0.37675407704881286, 8.459939331371435e-10, 0.8786252944080079, 6.339182596315187e-10, 2.3746709023207615e-8, 3.0288595084462846e-10, 0.8786252944154608, 2.5424917254375497e-10, 0.2553793724566116, 0.12123529014068499, 0.12123528961944322, 2.353201444332387e-8, 0.121235290200312, 3.0592051972757588e-9, 3.210038563573665e-10, 9.601602105981728e-10, 0.12137468204355456, 5.812213825585948e-9, 0.12137470022171498, 0.8786252981562919, 1.115253421626854e-9, 0.37675407724287996, 5.70259976778299e-10, 0.12137470049340501, 4.202844016731731e-9, 4.150170479777731e-10, 1.7744619203000982e-10, 2.0737957472755093e-10, 4.486997416474005e-10, 2.3114202351802604e-8, 4.460490498945058e-9, 1.3980366816429916e-9, 2.3272482760981758e-8, 2.21348359167004e-10, 2.536955317723242e-10, 0.37675407688485524, 2.2792196981018034e-8]
v_opt: [0.014731853325960149, 2.3133849311043848e-8]
solution time: 0.0048639774322509766
McCormick lower bound: -3.625811319909519

