x_opt: [0.36225561439964404, 0.6377444330498281, 0.22390318325702174, 0.7760971967551175, 0.36225554686504385, 0.22390317527497608, 0.22390320580107148, 0.6377444565020411, 0.22390305431726013, 0.36225556352417004]
w_opt: [0.3622556115418812, 0.22390318212565088, 0.36225561331362727, 5.406935013908877e-7, 0.22390317191223255, 1.5251001394523416e-7, 1.2137163826707123e-7, 8.388666497762474e-10, 0.3622555424795768, 3.5134819412134662e-9, 0.6377444317243384, 4.0198435763849484e-9, 0.2239031744612051, 6.991897310851739e-10, 0.6377444312858601, 7.079994573365952e-10, 2.8905898786119243e-9, 0.2239031824169038, 0.22390318077621557, 0.22390317443461258, 0.22390318165736914, 1.661183610181286e-8, 1.2608928988439335e-9, 3.3941308651087947e-9, 0.13835274623061847, 3.7722156171263945e-7, 0.22390319049767143, 0.6377444520336805, 2.6557960765342565e-7, 0.36225556079620086, 3.891383346655782e-9, 0.2239031903147303, 8.316667285856934e-9, 1.870510672209926e-9, 9.547328036439144e-10, 1.881937707175049e-9, 1.1293996689762004e-9, 0.22390304929689864, 5.203461683707426e-8, 1.6291134910023697e-8, 0.22390305377005296, 9.008742618935831e-10, 1.8088401967903062e-9, 0.36225555178269864, 0.22390305091687268]
v_opt: [0.050132690668370415, 0.22390305155029797]
solution time: 0.010364055633544922
McCormick lower bound: -2.568869320408068

