x_opt: [0.5258473072163059, 0.8988883773914816, 0.10111162024869978, 0.8988883884250847, 0.10111162216731581, 0.10111161929639147, 0.10111162023620573, 0.8988883778811402, 0.10111161915186831, 0.10111162268663988]
w_opt: [0.5258473071774801, 0.1011116202205141, 0.5258473071765327, 8.48710016530124e-9, 0.10111161924051457, 5.207982802040744e-10, 0.4247356851862208, 4.336061987674473e-11, 0.10111162262091399, 1.2248025086257841e-10, 0.8988883773539716, 5.778968070385862e-11, 0.10111161926145867, 2.353189855010997e-11, 0.8988883773563623, 3.1832580035202944e-11, 1.1880215870443307e-10, 0.10111162022053723, 0.1011116200740557, 0.10111161919557647, 0.1011116201880168, 7.521734866596544e-10, 3.654752157790488e-11, 9.705690253831695e-11, 1.0673554410494351e-8, 8.68055688305366e-9, 0.10111162004741432, 0.8988883777839576, 7.683538265223958e-9, 0.10111162263204398, 8.238339374376184e-11, 0.10111162010759848, 1.1107668854366409e-10, 5.2286953595374335e-11, 3.55584560834735e-11, 2.6003719446813598e-11, 5.7697127849855e-11, 0.10111161908717511, 7.705898847292937e-10, 1.5857554411525298e-10, 0.10111161910668567, 2.412442219065422e-11, 7.003282128597486e-11, 0.10111162255043661, 0.1011116190338255]
v_opt: [0.010223570142565384, 0.10111161909404777]
solution time: 0.005056142807006836
McCormick lower bound: -3.63804824258461

