x_opt: [0.5000007127149922, 0.500000757375613, 0.08101492983694969, 0.9189847690784629, 0.136817148159764, 0.08101522437144391, 0.08101816751306853, 0.8631828511900181, 0.08101522806304638, 0.49999925983457266]
w_opt: [0.5000007111336606, 0.08101492878626668, 0.5000007110797301, 1.0383887531693332e-7, 0.08101522264064875, 1.512262162876142e-8, 0.3631835662260103, 2.0162513603995822e-9, 0.4999992566713163, 3.0137960142079628e-9, 0.5000007555961886, 3.1927041832861565e-9, 0.08101522244389552, 1.085205704981795e-9, 0.5000007559960796, 1.0554126887539793e-9, 1.8573087033447017e-8, 0.08101492765891348, 0.08101492545267211, 0.08101492495562533, 0.08101492839370945, 1.149468665030352e-8, 1.6150811476815982e-9, 4.149151242680443e-9, 0.055801919449004256, 2.556880509358596e-8, 0.08101815586864566, 0.8631828470311281, 4.1243557577708104e-9, 0.4999992583585518, 2.743685026850862e-9, 0.08101815978861053, 3.913053405158315e-9, 2.152105879769575e-9, 1.2619389086288871e-9, 9.833295297100086e-10, 1.7022820293166655e-9, 0.08101522245655626, 2.3537952526762266e-8, 3.6894277419642554e-9, 0.08101522592735225, 9.824886464709956e-10, 1.7452741855379826e-9, 0.49999925522975425, 0.08101522326333242]
v_opt: [0.006564022344943172, 0.08101522598158181]
solution time: 0.005991220474243164
McCormick lower bound: -1.9482981646576105

