x_opt: [0.5258473375968313, 0.8988874440875614, 0.10111162046201735, 0.8988884774981829, 0.10111195165705718, 0.10111154276696244, 0.10111165591165297, 0.8988880460689312, 0.1011115363896649, 0.10111309137117892]
w_opt: [0.5258473333540793, 0.10111161699829242, 0.5258473327132149, 1.8024393699640436e-6, 0.10111153638862629, 7.114765745754986e-8, 0.42473539359366946, 6.959377430001246e-9, 0.10111308102291895, 1.9965880175262998e-8, 0.8988874393149489, 7.419435160914619e-9, 0.1011115370199888, 3.4881264212573226e-9, 0.8988874405147553, 4.1616247646023416e-9, 5.390862480428935e-7, 0.10111161595172999, 0.1011115790059581, 0.1011115322953247, 0.10111161611440465, 1.7856157096511892e-6, 5.264533902305461e-9, 1.5164278045905313e-8, 4.408020502447202e-7, 1.1289539580779132e-7, 0.10111162125724946, 0.8988880270746048, 3.3495942929530647e-8, 0.10111308581484504, 1.038002613011856e-8, 0.10111164080757976, 1.2282907754003489e-8, 8.163244733427092e-9, 3.979541016155515e-9, 2.9385236925768608e-9, 8.342395284741626e-9, 0.10111152672840236, 1.0070669927749265e-7, 1.2908385679476323e-8, 0.10111153067187423, 3.1387768986349163e-9, 7.257377889961888e-9, 0.1011130776562126, 0.10111152025244872]
v_opt: [0.010227693466402126, 0.1011115288716142]
solution time: 0.006257057189941406
McCormick lower bound: -3.169070736083822

