x_opt: [0.28877954039297316, 0.7112204597083266, 0.2625031173201579, 0.9662587969661978, 0.28877954026306063, 0.2625031172172552, 0.2625031173347291, 0.7112204597452895, 0.2625031169988071, 0.28877954027277625]
w_opt: [0.2887795403772762, 0.2625031173122984, 0.28877954038211956, 5.416115613154439e-10, 0.26250311720326447, 1.3816826909736283e-10, 1.6248666255731193e-10, 8.587611159996082e-12, 0.28877954025211444, 2.7216428969820843e-11, 0.7112204596966855, 2.0491745910971544e-11, 0.26250311720938996, 6.66052684217529e-12, 0.7112204596924887, 7.727633693928387e-12, 1.3107063268193808e-11, 0.26250311731199877, 0.26250311728708936, 0.2625031171936486, 0.2625031173063125, 7.787682091387498e-11, 9.780499463911788e-12, 2.0097738687656685e-11, 0.25503833725034264, 0.22876191431437862, 0.26250311729362186, 0.7112204597182734, 0.22876191398327053, 0.2887795402570445, 1.8492549468759373e-11, 0.262503117306195, 2.3548271375296473e-11, 1.0949886810401458e-11, 8.24218589150019e-12, 1.1596950030832435e-11, 1.450168732365773e-11, 0.2625031169852705, 1.497922174574165e-10, 3.321893714146134e-11, 0.26250311698458817, 8.572141857803528e-12, 1.5666592319240437e-11, 0.2887795402316504, 0.2625031169734324]
v_opt: [0.06890789451194854, 0.26250311698112655]
solution time: 0.0051021575927734375
McCormick lower bound: -2.8733772794948798

