x_opt: [0.3193544505846351, 0.6806467702747431, 0.3193522910064856, 0.9506448036312779, 0.3193531105922909, 0.319348296631925, 0.31935231158944816, 0.6806469045303605, 0.04935557829235362, 0.3193532739606661]
w_opt: [0.3193544291792625, 0.3193522795527294, 0.31935443843910327, 9.307891907585464e-7, 0.3193482791749915, 1.5123720813995462e-7, 1.39201239281658e-6, 1.1733637418583987e-8, 0.3193532491490488, 4.4439764751959624e-8, 0.6806467573766275, 2.2746694650143646e-8, 0.31934828656699027, 1.0427554660751333e-8, 0.6806467548853713, 1.0843117703428001e-8, 6.43271257491693e-8, 0.3193522802598452, 0.31935224160624087, 0.3193482680732537, 0.31935227367394436, 1.8368148972833877e-7, 1.3356504738586372e-8, 2.9063476400133527e-8, 0.26999794075964667, 0.26999331382986586, 0.31935225672714357, 0.6806468692496878, 4.106754909719559e-7, 0.3193532545664888, 2.5032133331535116e-8, 0.31935226862866944, 3.713933764566066e-8, 1.5221799880101578e-8, 9.193367842549764e-9, 1.4774019612141433e-8, 2.419031563524378e-8, 0.049355561224601004, 2.3834383973752705e-7, 4.95838473380486e-8, 0.04935556017951717, 1.1731668423131261e-8, 1.6134861222691874e-8, 0.3193532313581495, 0.0493555439007218]
v_opt: [0.10198694213277668, 0.04935555279278175]
solution time: 0.004616975784301758
McCormick lower bound: -3.4319815231298008

