x_opt: [0.5258474182889612, 0.8988884212202564, 0.10111154010226196, 0.8988884560487436, 0.10111153898761718, 0.10111153579692393, 0.10111154004076665, 0.8988884581424558, 0.1011115405461037, 0.10111170058058017]
w_opt: [0.5258474181633385, 0.10111153998764916, 0.5258474180440987, 9.590626058655216e-8, 0.1011115354947633, 3.96242247186505e-9, 0.4247358768597093, 4.383945988895832e-10, 0.10111169987586087, 7.890595812206381e-10, 0.8988884210429987, 2.7307542939059346e-10, 0.10111153531679139, 1.1369745641374066e-10, 0.8988884211145765, 1.4654489701077782e-10, 1.2184378679954707e-7, 0.10111153987419037, 0.10111153267394052, 0.10111153568293935, 0.10111153921283143, 3.6622076533888076e-8, 2.567726391647824e-10, 1.220721473898604e-9, 1.7240529201763593e-10, 1.5435111819857468e-8, 0.10111153714064845, 0.8988884511902271, 6.090816289077276e-10, 0.10111170037188949, 4.927365051724069e-10, 0.10111153107142078, 1.7025243994954324e-10, 4.770512777651168e-10, 2.3805099107998033e-10, 9.27156552482748e-11, 5.126683448926646e-10, 0.10111153496513063, 9.39947931059828e-9, 4.66490675197965e-9, 0.10111153967051142, 1.0260300526419744e-10, 1.1930554170469854e-9, 0.10111169982556814, 0.10111153989922282]
v_opt: [0.010223552083007481, 0.10111154027036583]
solution time: 0.007134914398193359
McCormick lower bound: -2.8289598749941534

