x_opt: [0.5258460085832638, 0.898886293175773, 0.10111370508618998, 0.8988880688236799, 0.10111370686102357, 0.1011121939847203, 0.10111370609632606, 0.8988862938426139, 0.10111219349495086, 0.10111370675223603]
w_opt: [0.5258460084522874, 0.10111370499485545, 0.5258460084744997, 2.0326384684161676e-8, 0.10111219383304151, 1.0057851073961447e-9, 0.4247323026877136, 1.232262450929469e-10, 0.10111370652672254, 5.019410126328722e-10, 0.8988862930792857, 3.023152365756829e-10, 0.101112193883307, 9.256323337099308e-11, 0.898886293073748, 9.584214341418464e-11, 1.4783585306680572e-10, 0.10111370500255057, 0.10111370456710879, 0.10111219382116542, 0.101113704994576, 3.0647397598009556e-9, 1.1586379437741393e-10, 2.9157340694361204e-10, 1.775897478556996e-6, 2.6350106753192214e-7, 0.10111370565606884, 0.8988862935900302, 2.625020532302288e-7, 0.1011137065890719, 2.2808022967613965e-10, 0.10111370565067669, 8.3678720252586e-10, 1.4318245779300697e-10, 8.11565979165102e-11, 8.943423114292434e-11, 1.55974196483986e-10, 0.10111219330096556, 2.5554660384770093e-9, 9.215728991634535e-10, 0.10111219338055111, 8.504072927218993e-11, 1.2566170209155956e-10, 0.10111370640718789, 0.10111219324961596]
v_opt: [0.010224119382662803, 0.10111219329551749]
solution time: 0.006438016891479492
McCormick lower bound: -4.5573354132369275

