x_opt: [0.525847293589513, 0.898888361170949, 0.10111163813760504, 0.8988883898796067, 0.10111163865246202, 0.10111162618532023, 0.10111163823049679, 0.8988883615112153, 0.10111162605796893, 0.1011116388719137]
w_opt: [0.5258472935332301, 0.10111163809632935, 0.5258472935367158, 2.3569720800672222e-9, 0.10111162611545228, 4.2957504828196795e-10, 0.42473565520390777, 6.250119731419595e-11, 0.10111163877286013, 1.9563097888118766e-10, 0.8988883611227945, 9.153539507939294e-11, 0.10111162613345782, 4.0186291203556744e-11, 0.8988883611246377, 4.703856670607903e-11, 1.0468486669428774e-10, 0.10111163809554342, 0.1011116379035595, 0.10111162609303267, 0.10111163807982812, 9.031141674092144e-10, 5.478907271165911e-11, 1.411809931654591e-10, 2.863726409007994e-8, 1.7282249872494876e-8, 0.1011116380280732, 0.8988883613785176, 1.604487860615445e-8, 0.10111163880153691, 1.0510164994020817e-10, 0.101111638083609, 2.365986441286945e-10, 6.872763503654312e-11, 3.9362755277816184e-11, 3.858391065729832e-11, 8.177327056217976e-11, 0.10111162597114501, 8.64543089941596e-10, 1.9874545254316985e-10, 0.10111162599988002, 3.797712097923037e-11, 6.65345600448905e-11, 0.10111163871377232, 0.10111162591238451]
v_opt: [0.010223564041240635, 0.10111162597038346]
solution time: 0.0051119327545166016
McCormick lower bound: -4.020399812084

