x_opt: [0.36225567808316794, 0.6377443062221282, 0.22390311681847905, 0.7760968836211132, 0.36225569404156255, 0.2239031179493591, 0.2239031169239555, 0.6377443057057766, 0.22390311699838272, 0.36225569324689316]
w_opt: [0.3622556775459963, 0.22390311674532723, 0.36225567799486436, 1.8920929693888485e-8, 0.22390311745822372, 1.1473154774202132e-8, 1.5673147602021694e-8, 6.764615988631698e-11, 0.3622556768715419, 3.9807085653087705e-10, 0.6377443060226661, 8.94467399838946e-10, 0.22390311788950512, 6.654212860247074e-11, 0.6377443050801194, 7.146903979391397e-11, 2.517260093441034e-10, 0.22390311673460822, 0.22390311645908625, 0.22390311649236053, 0.2239031166806521, 1.7446739936631103e-9, 1.0206852179761884e-10, 3.280440752077399e-10, 0.1383525781842825, 6.558733703498328e-9, 0.22390311602401838, 0.6377443050375504, 2.1842043074793527e-9, 0.36225569302170574, 3.632523786331e-10, 0.22390311622391007, 9.86543624955696e-10, 1.8632311546109214e-10, 1.1300027756416933e-10, 2.710002102465903e-10, 2.0006654457236078e-10, 0.2239031163430024, 3.4589895231352157e-9, 7.013357766122675e-10, 0.2239031167523694, 1.1586502668943162e-10, 2.719221516673495e-10, 0.36225569206458025, 0.22390311650883085]
v_opt: [0.05013261418988658, 0.22390311673896365]
solution time: 0.005584001541137695
McCormick lower bound: -1.9791060792395678

