x_opt: [0.5258473131302429, 0.898888380211211, 0.10111161543926593, 0.8988883899953872, 0.10111161667808866, 0.10111161578881948, 0.10111161517176481, 0.8988883843621112, 0.10111161344549006, 0.1011116218652761]
w_opt: [0.5258473128576188, 0.10111161517509686, 0.5258473129085959, 3.7590462948576305e-8, 0.10111161537576507, 2.6223550585224585e-9, 0.42473569832369207, 2.9842046777121076e-10, 0.10111162001103421, 2.322727163137066e-9, 0.8988883800111298, 2.976384988759039e-10, 0.10111161557312838, 2.5342920851505366e-10, 0.8988883800146034, 2.660948397997399e-10, 2.3287643775038553e-9, 0.10111161526391402, 0.1011116123752498, 0.10111161525186148, 0.10111161491592803, 1.0090006101522697e-8, 2.642872191625559e-10, 7.428152179439391e-10, 7.3595317956652434e-9, 1.3108417002341693e-8, 0.1011116140803976, 0.8988883836027212, 4.502939793176463e-9, 0.10111162148280697, 6.411223034456736e-10, 0.10111161311535037, 1.4142425697527875e-9, 3.763637731903051e-10, 1.8525643573266425e-10, 1.799282927798259e-10, 7.79033485814864e-10, 0.10111161286284095, 8.423861778386587e-9, 5.82323290284729e-9, 0.10111161318407817, 1.7646326788593844e-10, 4.0400994116614835e-10, 0.10111162107196635, 0.1011116125355699]
v_opt: [0.010223711772922325, 0.10111161299153577]
solution time: 0.004759788513183594
McCormick lower bound: -5.6950026417981965

