x_opt: [0.4634169333178497, 0.8570442914217072, 0.1429557084914831, 0.9263736238155753, 0.14295570856835804, 0.142955708119002, 0.14295570850646871, 0.8570442914667482, 0.1429557080382956, 0.1429557085776827]
w_opt: [0.4634169333060335, 0.1429557084837635, 0.4634169333086795, 4.1903651613422935e-10, 0.1429557081059959, 8.167527319916061e-11, 0.32046122480535066, 9.78298151643256e-12, 0.14295570856105047, 4.1699497487531344e-11, 0.8570442914134119, 1.8163763121336745e-11, 0.14295570811091274, 7.311980240660113e-12, 0.8570442914126514, 8.576295257114331e-12, 1.457514194759347e-11, 0.14295570848472675, 0.14295570844738958, 0.14295570810406746, 0.14295570847972153, 1.6572065681056916e-10, 9.550516973528194e-12, 2.311771215021356e-11, 0.06932933240350006, 0.0693293320527507, 0.14295570847297398, 0.8570442914444643, 0.06932933187105116, 0.14295570856334086, 1.8830303910657355e-11, 0.14295570847833441, 4.678037322169841e-11, 1.1424252112774441e-11, 6.8318299863343046e-12, 7.981202525565814e-12, 1.5452733869359356e-11, 0.1429557080245682, 1.5725207114929215e-10, 4.112139851496181e-11, 0.14295570802774568, 7.352858198478693e-12, 1.2061780913113642e-11, 0.14295570854821482, 0.1429557080143178]
v_opt: [0.02043634956948687, 0.1429557080213552]
solution time: 0.005712032318115234
McCormick lower bound: -4.798039676865034

