x_opt: [0.4032656544562549, 0.8167277678126041, 0.18327222958154354, 0.9528554716905553, 0.18327223213960933, 0.18327222892265863, 0.18327222963262615, 0.8167277679004672, 0.18327222884675465, 0.1832722321905785]
w_opt: [0.4032656544436253, 0.18327222957356315, 0.40326565444559814, 8.538777947423669e-10, 0.18327222890893066, 1.1860858208087928e-10, 0.21999342238540084, 1.0195060008526312e-11, 0.18327223217138078, 3.0706854410605215e-11, 0.8167277678021083, 2.0062314522981593e-11, 0.1832722289136799, 7.141068287675384e-12, 0.8167277678008505, 8.303203148898592e-12, 2.055220545950803e-11, 0.1832722295730409, 0.1832722295444537, 0.1832722289044353, 0.1832722295703307, 1.2499127462971052e-10, 1.032921339430783e-11, 2.3637599615087418e-11, 0.13612770384984138, 0.13612770076939595, 0.1832722295861179, 0.8167277678751016, 0.13612770055588527, 0.18327223217605168, 1.96070299792174e-11, 0.18327222959869785, 5.46214627882342e-11, 1.2303287217833868e-11, 8.024894344320944e-12, 9.121187073947217e-12, 1.4761682454318596e-11, 0.18327222883098823, 1.6792812642751116e-10, 3.503650290427749e-11, 0.18327222883458938, 7.953745602603757e-12, 1.3842264426601795e-11, 0.18327223215498126, 0.1832722288201031]
v_opt: [0.033588714279676385, 0.18327222882956948]
solution time: 0.005387067794799805
McCormick lower bound: -3.2493614521710694

