x_opt: [0.5258473299824891, 0.8988883851484742, 0.10111160650812975, 0.8988883977170266, 0.10111161096496495, 0.10111160282424103, 0.10111160687010183, 0.89888839125196, 0.10111160315818993, 0.1011116411040286]
w_opt: [0.525847329755668, 0.10111160630696414, 0.5258473296994473, 3.865084583567978e-8, 0.10111160247471307, 1.8736597012484007e-9, 0.4247357216959817, 4.597661335179527e-10, 0.10111164028559785, 9.781505879749203e-10, 0.8988883849012891, 4.659990377697239e-10, 0.10111160246264889, 2.0692734314945458e-10, 0.8988883849530499, 2.5472683311559703e-10, 2.644570195949007e-8, 0.10111160627096488, 0.10111160441932662, 0.10111160205145837, 0.10111160600185573, 9.448696261763571e-9, 2.9716713321908167e-10, 9.303009998566685e-10, 9.541832428634875e-9, 6.077936260480673e-9, 0.10111160565759031, 0.8988883889778193, 2.8464124040957123e-9, 0.10111164078715917, 5.653125846046426e-10, 0.10111160496273845, 2.9002818747509024e-9, 4.200893786678046e-10, 2.1187181175709293e-10, 1.5490826434395547e-10, 4.527826168289674e-10, 0.10111160237619735, 4.5259001153411695e-9, 2.9166284072758604e-9, 0.10111160285613587, 1.7067488549593648e-10, 3.830749629102718e-10, 0.10111164035652746, 0.10111160240111099]
v_opt: [0.010223574362945105, 0.10111160274861594]
solution time: 0.00475621223449707
McCormick lower bound: -3.947555458813944

