x_opt: [0.7429865156084777, 0.7907405254713562, 8.052464188731029e-7, 0.9999991923589705, 0.20925941481788016, 7.012626602333856e-7, 0.20925928837676483, 0.7907407365984624, 7.258960028099244e-7, 0.742986746870588]
w_opt: [0.7429865071139118, 7.995261101176806e-7, 0.7429865105671535, 5.466042982206192e-7, 6.94058278673151e-7, 9.485748816902763e-8, 0.5337272757513428, 7.77450366901362e-9, 0.7429864952932965, 1.642492403313927e-8, 0.790740519817945, 7.11223433735808e-8, 6.951259300822454e-7, 6.742440905227052e-9, 0.7907405197246569, 5.103109131614111e-9, 0.5337272854970949, 7.979788953662545e-7, 7.893277605352945e-7, 6.688748555462029e-7, 8.00554269209725e-7, 7.481383015321057e-8, 7.368977181424333e-9, 2.0705307872246737e-8, 0.20925861913411764, 1.9678654136228674e-7, 0.20925922623557855, 0.7907407115548832, 9.369268947872513e-9, 0.742986740369781, 1.6328178211595073e-8, 0.20925927180510698, 1.6602483041176754e-7, 1.2394014201663162e-8, 3.982661544650686e-9, 4.984880193826446e-9, 1.0077115581067049e-8, 6.927004357962365e-7, 2.0898212994715468e-7, 4.707458956238708e-8, 7.172552008907678e-7, 5.275057018068663e-9, 5.8547753831844435e-9, 0.7429867314651698, 7.017717156849792e-7]
v_opt: [0.04378996477159615, 7.14312617597079e-7]
solution time: 0.004480838775634766
McCormick lower bound: -2.77857110825376

