x_opt: [0.7429877073956166, 0.7907401469545348, 2.1695284623227935e-7, 0.9999994238039599, 0.20925985434080174, 1.670440613948206e-7, 0.20925983660150332, 0.790740186406783, 1.6532217351782933e-7, 0.7429895244970284]
w_opt: [0.7429877064051721, 2.1627421088870717e-7, 0.7429877067953806, 2.1021522643777026e-6, 1.662695031132064e-7, 1.6643809792947957e-8, 0.5337278957610148, 8.045248474566193e-10, 0.742987698898654, 1.7110141785253813e-9, 0.7907401462897284, 7.0857582478848376e-9, 1.663753482310737e-7, 1.5144623122125703e-9, 0.7907401462285637, 5.679881803470043e-10, 0.5337296726278418, 2.1604162422744988e-7, 2.1528244214671026e-7, 1.654104086545987e-7, 2.1642960533636852e-7, 5.202751924284993e-9, 7.644921955796866e-10, 2.0203729698827417e-9, 0.20925927939678884, 2.353325373301892e-8, 0.20925983068571394, 0.790740184164203, 2.642225007429697e-9, 0.7429895237343282, 1.4641704235186643e-9, 0.20925982890497777, 4.2267268733259756e-8, 1.0816518405420815e-9, 4.5693469353129814e-10, 5.912380837133596e-10, 1.0628798105789112e-9, 1.6375882248342113e-7, 2.3287575653780776e-8, 2.614518888602396e-8, 1.6434374577545192e-7, 6.301924933866544e-10, 6.156298209474803e-10, 0.74298952181343, 1.6311741421053177e-7]
v_opt: [0.04378978961802639, 1.6417683391201073e-7]
solution time: 0.004904985427856445
McCormick lower bound: -2.70990120673665

