x_opt: [0.36225556438037626, 0.6377442808518846, 0.2239033420663735, 0.7760971137994448, 0.3622557022552846, 0.22390325318133328, 0.2239033483911421, 0.6377443176632682, 0.2239029228913937, 0.36225567466662945]
w_opt: [0.36225555075597476, 0.22390333490073852, 0.3622555600484219, 6.695918101115772e-7, 0.2239032386773775, 2.931633485579546e-7, 4.0891789631773786e-8, 3.51037825816357e-9, 0.36225546081245497, 1.3473673751223711e-8, 0.6377442733498079, 2.4491901637032082e-8, 0.2239032504191467, 2.5586259859141563e-9, 0.6377442657518091, 3.207740725547625e-9, 1.0027058214298104e-8, 0.2239033384471111, 0.22390332892989376, 0.22390325003603476, 0.22390334078231863, 6.846338208984225e-8, 4.5813647670328725e-9, 1.4510722150226707e-8, 0.1383528310794347, 5.350627716583503e-7, 0.22390330730238486, 0.6377443056305728, 8.351114562940033e-8, 0.3622556644356781, 1.6913169425652074e-8, 0.22390333502216125, 3.2664495698176095e-8, 7.81474867575376e-9, 6.556374750740736e-9, 1.0289340237901415e-8, 8.484075735980197e-9, 0.22390291188777547, 1.4494953710861218e-7, 3.5208081782822856e-8, 0.22390291446994032, 4.2298601821264705e-9, 1.2805306276114092e-8, 0.3622556487549666, 0.22390290498253682]
v_opt: [0.05013278921521837, 0.2239029132752569]
solution time: 0.00555419921875
McCormick lower bound: -2.4706727206308035

