x_opt: [0.5258470087002047, 0.8988881051285145, 0.10111183757333767, 0.89888843942277, 0.10111189220895846, 0.10111182249444288, 0.10111184395091241, 0.8988881108948826, 0.10111182200846724, 0.10111189433978467]
w_opt: [0.5258470080784645, 0.10111183692196661, 0.5258470078483138, 1.704503324414627e-7, 0.10111182118942035, 1.1472846540251785e-8, 0.42473512357856463, 1.0038175489182173e-9, 0.10111189258375469, 1.869826131771705e-9, 0.8988881044144169, 1.319666375102579e-9, 0.10111182180022404, 3.6388975097013024e-10, 0.8988881043002855, 7.01222239597866e-10, 8.18957959202455e-10, 0.10111183710176497, 0.10111183451486519, 0.10111182134135807, 0.1011118369842217, 1.1286505052798811e-8, 6.487459075500859e-10, 1.9872783567456662e-9, 3.32920278669089e-7, 2.6306633900658827e-7, 0.10111184008138814, 0.8988881093877329, 2.6283320671537927e-7, 0.1011118932381293, 1.7238526271116838e-9, 0.1011118418652146, 3.962043626339297e-9, 1.1209479474892485e-9, 1.0886675706456205e-9, 4.015516737986606e-10, 9.150742243126505e-10, 0.10111182021807874, 1.2815276256390144e-8, 3.268733870028845e-9, 0.10111182134120575, 3.9850676420337923e-10, 1.5122664106324996e-9, 0.10111189099596994, 0.1011118202272617]
v_opt: [0.0102236475044032, 0.10111182108292444]
solution time: 0.00494694709777832
McCormick lower bound: -3.5688916761952023

