x_opt: [0.5258455212502684, 0.8988855037633495, 0.1011144910182292, 0.898888054368609, 0.10111445870605805, 0.10111243568975199, 0.10111449129216724, 0.8988855405958752, 0.1011123320266416, 0.10111455507128764]
w_opt: [0.5258455186667388, 0.10111448900934475, 0.5258455191939979, 8.143377910442367e-7, 0.10111243264841135, 1.9119266706710676e-8, 0.4247310671911447, 2.7862684188613414e-9, 0.1011145507928404, 1.677910453125737e-8, 0.8988855018877909, 2.8350348745412185e-9, 0.10111243352643048, 2.601984432004995e-9, 0.8988855020519709, 2.488289428338796e-9, 6.033117659139215e-8, 0.10111448931571727, 0.10111445292756373, 0.10111243179886191, 0.10111448775601528, 8.346441131630063e-8, 2.45775185523321e-9, 7.1177504697379144e-9, 2.5186555682242366e-6, 5.800992974311966e-7, 0.10111448184192462, 0.8988855340244555, 3.9322193466997685e-7, 0.10111455184912363, 5.039945033135833e-9, 0.10111445660465591, 2.769040326968405e-9, 3.2336186294992213e-9, 1.5666797866920707e-9, 1.6824648411365826e-9, 5.132546044084112e-9, 0.10111232904270481, 8.452050849821552e-8, 4.152073073587339e-8, 0.10111232940071338, 1.7230481028838878e-9, 2.9579710480016944e-9, 0.10111454848965784, 0.10111232415337686]
v_opt: [0.010224636253873078, 0.10111232783462605]
solution time: 0.004457950592041016
McCormick lower bound: -5.28080219201442

