x_opt: [0.35521162551537216, 0.7845194551412473, 0.2154805428191355, 0.9740114594623671, 0.21548054468858285, 0.21548054244737605, 0.21548054276798004, 0.7845194554019552, 0.21548054227225907, 0.21548054468763303]
w_opt: [0.35521162540518914, 0.21548054275023343, 0.35521162538892653, 4.775705676257345e-9, 0.21548054229414057, 1.0921946472980616e-9, 0.1397310810894481, 9.867994434344729e-11, 0.2154805444930444, 3.1315214090232244e-10, 0.784519455031166, 1.8675216478210784e-10, 0.21548054235763686, 5.731704144094492e-11, 0.7845194550155369, 8.16115394102797e-11, 9.296492690282185e-11, 0.21548054274850093, 0.21548054233909364, 0.2154805422107833, 0.21548054257748767, 1.1052949203426066e-9, 9.464395059074925e-11, 2.0755364254197922e-10, 0.1894920043722038, 0.1894920029792806, 0.21548054240608713, 0.7845194551674749, 0.18949200192878818, 0.2154805445226522, 1.8650511340890182e-10, 0.21548054248129797, 2.2658080407919622e-10, 1.1180106623570077e-10, 9.50035612816042e-11, 8.147690803998447e-11, 1.3682349367104078e-10, 0.21548054209261455, 1.3104044568958579e-9, 3.9294671371807263e-10, 0.21548054214484322, 7.016251162464756e-11, 2.040270675647858e-10, 0.2154805442399045, 0.21548054202011274]
v_opt: [0.04643186960255757, 0.2154805421154787]
solution time: 0.004761934280395508
McCormick lower bound: -3.7241862206490284

