x_opt: [0.5531384245601593, 0.9177723392627801, 0.08222766052937709, 0.9177723395186885, 0.08222766060164849, 0.08222766044128729, 0.08222766058952415, 0.9177723394299391, 0.08222766046073401, 0.11794657461431879]
w_opt: [0.5531384245477927, 0.08222766051824701, 0.5531384245452308, 6.381896998352237e-10, 0.08222766042315494, 1.0092178621328173e-10, 0.4709107640151727, 2.5826349480216017e-11, 0.11794657458298476, 4.615041714962546e-11, 0.9177723392491876, 2.3550693788553338e-11, 0.08222766042083439, 1.2180031763258914e-11, 0.9177723392520774, 1.3427432517876523e-11, 0.035718913887512554, 0.08222766051480657, 0.08222766045717916, 0.08222766040484994, 0.08222766051284235, 2.8048812074372267e-10, 1.6569421277988232e-11, 5.2824277214816154e-11, 1.485789507871128e-10, 2.538233355533097e-10, 0.0822276605171069, 0.9177723393825135, 4.4788838619617134e-11, 0.11794657459827701, 3.038803895148063e-11, 0.08222766050709894, 6.182967103919358e-11, 2.3540617413144396e-11, 1.10896553814159e-11, 8.464334727631103e-12, 2.221532549509873e-11, 0.08222766041770363, 2.522833680474776e-10, 7.738141505102814e-11, 0.08222766044427968, 9.407085170573341e-12, 1.752629779776738e-11, 0.11794657457575054, 0.08222766041834763]
v_opt: [0.006761393744135488, 0.08222766043859146]
solution time: 0.007108926773071289
McCormick lower bound: -3.4768572915597904

