x_opt: [0.4366513820716753, 0.43665138105185464, 5.648107817447106e-7, 0.7819056722798392, 0.21809447271001037, 0.2180931653771252, 0.21809265587176985, 0.5633488987755881, 0.21809315314869038, 0.5633488159939699]
w_opt: [0.43665137183576397, 5.619762349119028e-7, 0.43665137610655913, 4.920196458776602e-6, 0.21809316022154457, 2.7462946907918905e-7, 2.898337663382669e-7, 5.076427659532039e-9, 0.43665137225843764, 6.899191831455236e-9, 0.4366513700997095, 3.3900332442938985e-8, 0.218093159446691, 3.0279385039212076e-9, 0.4366513735491841, 2.6449297057610224e-9, 2.0309331491219086e-7, 5.479474143912662e-7, 5.536176770598477e-7, 4.59687899178155e-7, 5.60106646145143e-7, 3.423833116626828e-8, 4.688917585885225e-9, 9.740840884061664e-9, 2.1832097282945568e-7, 2.3244464109797898e-7, 0.21809232925666983, 0.5633488816604147, 2.385434354396331e-8, 0.5633488118718714, 7.744071743162289e-9, 0.21809146317454173, 6.093567893696276e-9, 6.2871020257450186e-9, 5.051158349656565e-9, 3.563170176810066e-9, 4.377267816765114e-9, 0.21809314853517653, 5.748682100467184e-8, 1.4439699317221392e-8, 0.2180926540211865, 3.067383657352131e-9, 6.767578084091951e-9, 0.5633487802433863, 0.21809313470599076]
v_opt: [0.047564836257900915, 0.21809314727487178]
solution time: 0.005521059036254883
McCormick lower bound: -1.0477158171467178

