x_opt: [0.5258473044523362, 0.8988883636357834, 0.1011116237455841, 0.8988883766941328, 0.10111163594815817, 0.10111162346204396, 0.10111163164535843, 0.898888364170787, 0.10111162352683795, 0.10111163639698578]
w_opt: [0.5258473044054237, 0.10111162371077914, 0.5258473043984806, 2.430781470872951e-9, 0.10111162340129684, 4.5291859441058974e-10, 0.4247356687030606, 6.111441693633751e-11, 0.10111163629713021, 1.1255232070989962e-10, 0.8988883635821407, 9.476434606192083e-11, 0.10111162340615915, 3.345823019713635e-11, 0.8988883635888354, 3.673722175222418e-11, 8.796133361475043e-11, 0.10111162369349037, 0.1011116235873049, 0.10111162328315905, 0.10111162369840025, 3.885413915894397e-10, 5.0985793725554176e-11, 1.2777908413491436e-10, 1.2722977433835582e-8, 1.0042772239995827e-9, 0.10111163138673884, 0.8988883640436522, 3.5588231603937673e-10, 0.10111163634202598, 9.132320761221338e-11, 0.10111163146471584, 2.0643703334021504e-10, 6.570330676708695e-11, 4.099880533792201e-11, 3.344000750587559e-11, 5.958718812871013e-11, 0.10111162338454446, 7.248904943639235e-10, 1.2895223508303465e-10, 0.10111162347033259, 3.274689013284181e-11, 6.164839128343333e-11, 0.1011116362395172, 0.10111162338643342]
v_opt: [0.01022356782388129, 0.1011116234554136]
solution time: 0.005009889602661133
McCormick lower bound: -2.4649224975262163

