x_opt: [0.2757426736777521, 0.7242574215216927, 0.26935190564484274, 0.9999993328162263, 0.27574257759691595, 0.2693519047643542, 0.2693519053975875, 0.7242574226928762, 0.2693519034024131, 0.27574257690547527]
w_opt: [0.27574267308395384, 0.2693519053161138, 0.275742673071944, 3.3538302314132124e-8, 0.2693519040382896, 7.322782946986536e-9, 9.723842568334006e-8, 4.5318423664690856e-10, 0.2757425759347267, 1.288405323472795e-9, 0.724257420929343, 1.101311362442312e-9, 0.2693519043534651, 2.874730519531767e-10, 0.724257420748421, 3.717808963547288e-10, 4.670902884674884e-10, 0.26935190528699093, 0.26935190385831637, 0.2693519028534955, 0.2693519043571136, 3.721052847928606e-9, 4.671241091688099e-10, 1.027372716685498e-9, 0.2757419114723985, 0.2693512425649037, 0.26935190329993763, 0.7242574214392846, 0.2693512372497321, 0.2757425761150733, 9.407232031346136e-10, 0.2693519039860444, 1.09201321659949e-9, 5.511341149684412e-10, 4.862967767454786e-10, 4.5592073675850645e-10, 6.309291640248115e-10, 0.2693519025039869, 7.2993621962461594e-9, 1.7876663836377673e-9, 0.2693519026684252, 3.716907239412206e-10, 9.558543948927937e-10, 0.2757425743271558, 0.26935190224225997]
v_opt: [0.07255056314078069, 0.2693519026402596]
solution time: 0.0070858001708984375
McCormick lower bound: -3.011785932028112

