x_opt: [0.5258430131992045, 0.8988806131060653, 0.10111936394601223, 0.8988866873255185, 0.10111938439842474, 0.10111331638839306, 0.10111937994638553, 0.8988806192858131, 0.10111331534789003, 0.10111938762179686]
w_opt: [0.5258430127555064, 0.1011193636205294, 0.5258430128536685, 3.0476417365456036e-8, 0.10111331592075126, 3.7677794741097285e-9, 0.4247236333534914, 4.691319637266394e-10, 0.1011193855526777, 1.146912707030685e-9, 0.8988806127605373, 7.722388918552226e-10, 0.10111331600758294, 3.554352518590482e-10, 0.8988806127715478, 3.261718952626168e-10, 1.11888966168212e-9, 0.10111936357111491, 0.10111936273591268, 0.10111331564841551, 0.10111936362511872, 4.515499022420242e-9, 4.3303206518505984e-10, 1.1523867150954491e-9, 6.0723856268578985e-6, 1.3445007796759052e-8, 0.10111937783642135, 0.8988806182456061, 3.753305213717201e-9, 0.10111938716781985, 8.003802148453105e-10, 0.10111937844278782, 4.316211993425382e-9, 5.679568506695324e-10, 2.625536725483955e-10, 2.9620390298922753e-10, 5.77294563974283e-10, 0.10111331467264581, 9.023526950506747e-9, 1.5318488173813095e-9, 0.10111331488114578, 2.968699296235769e-10, 3.9421516001517365e-10, 0.10111938657490899, 0.10111331421582277]
v_opt: [0.010226839587438336, 0.10111331466597516]
solution time: 0.004890918731689453
McCormick lower bound: -3.2300920269207682

