x_opt: [0.31935288655720845, 0.6806472396657496, 0.3193519876170586, 0.9506471092405401, 0.31935266835861803, 0.31935198686302696, 0.31935199182502677, 0.6806473417107662, 0.04935293921293816, 0.3193527956164582]
w_opt: [0.3193528835327091, 0.31935198675966864, 0.3193528857048364, 3.352509342379774e-7, 0.31935198447646784, 4.839240291912181e-8, 2.39148944393842e-7, 8.404312712977457e-10, 0.31935278943114326, 5.584576388065978e-9, 0.6806472386136847, 3.306396219043088e-9, 0.3193519861006028, 1.1284114911160727e-9, 0.6806472381520455, 8.795591018940735e-10, 3.7521132783224325e-8, 0.31935198674618137, 0.3193519833690737, 0.3193519802760532, 0.3193519864074759, 3.1689970849799236e-8, 1.447743313104427e-9, 3.757935177251228e-9, 0.2699997818620758, 0.2699991121925566, 0.3193519811675003, 0.6806473343387152, 5.832808093565392e-8, 0.31935279347671663, 3.784930135728177e-9, 0.3193519794774265, 1.4530770528116624e-8, 2.217235488240701e-9, 8.022581275194262e-10, 1.399057564033277e-9, 3.0669638434912197e-9, 0.04935293569232702, 5.978310050139008e-8, 1.5443704463128844e-8, 0.04935293747795334, 1.0735525518390697e-9, 1.7359037125643777e-9, 0.3193527865973114, 0.04935293389632173]
v_opt: [0.10198590514234349, 0.0493529358163663]
solution time: 0.004614114761352539
McCormick lower bound: -3.03375147217281

