x_opt: [0.4845814094676726, 0.8712298140460073, 0.12877017841643146, 0.9170558627453078, 0.12877018532196619, 0.12877017373011151, 0.12877017897367868, 0.8712298154996321, 0.12877017281377037, 0.1287701854872885]
w_opt: [0.4845814089506184, 0.1287701780766527, 0.48458140892537455, 2.1459216350318424e-8, 0.12877017304128838, 4.544633298911294e-9, 0.3558112258216354, 4.904144628298066e-10, 0.12877018458830375, 1.6088466654210583e-9, 0.8712298135721611, 9.050343294790989e-10, 0.1287701732994326, 2.939191635046093e-10, 0.8712298135241918, 3.9986667491698453e-10, 5.055127868502187e-10, 0.1287701780774507, 0.12877017619516828, 0.12877017283180514, 0.12877017768053553, 6.19228325686793e-9, 4.5849733153170597e-10, 1.0571473081549915e-9, 0.045826049062099805, 0.045826041618416226, 0.12877017724930429, 0.8712298143987016, 0.045826036452162065, 0.12877018475686908, 9.006366687426157e-10, 0.12877017760015927, 1.4321930833451778e-9, 5.508710859416814e-10, 4.055035440888418e-10, 3.7060205603796205e-10, 6.761473501168628e-10, 0.12877017198338703, 6.624877419154676e-9, 1.7599666317804543e-9, 0.1287701722775325, 3.3436818932077714e-10, 7.90168875935799e-10, 0.1287701836947675, 0.12877017160332255]
v_opt: [0.0165822564366704, 0.128770172055248]
solution time: 0.007127046585083008
McCormick lower bound: -4.0035058510744355

