x_opt: [0.3193669465932114, 0.6806542146206832, 0.31934537585435974, 0.950657265657783, 0.31934561680081847, 0.3193411489032724, 0.3193454298050825, 0.6806544197409657, 0.04934276543948527, 0.3193667320591697]
w_opt: [0.31936694121432446, 0.31934537380684985, 0.3193669449220651, 8.835818493147498e-7, 0.3193411463919555, 6.594477247308978e-8, 2.1372046378481647e-5, 2.29894913701192e-9, 0.3193667186067162, 1.5007032510066784e-8, 0.6806542124781324, 9.769268375342592e-9, 0.3193411471574624, 2.757148823193321e-9, 0.6806542123914344, 2.3119961533232733e-9, 2.095584210492108e-5, 0.3193453739737912, 0.3193453589578102, 0.3193411352771846, 0.3193453731444646, 1.7167514672898602e-7, 3.03347512412e-9, 1.1239350275756616e-8, 0.2700028894414679, 0.2699984488005216, 0.3193454064694542, 0.6806544079612101, 5.434566822971715e-8, 0.31936672845051095, 9.238435803441068e-9, 0.31934542498459306, 4.492870131927257e-8, 4.617565581590668e-9, 1.5250438394462775e-9, 3.108846706493772e-9, 1.3626517007333573e-8, 0.04934276069458547, 2.6130072801133715e-7, 1.577820569090291e-8, 0.04934276153680759, 2.266386828580413e-9, 3.069137429890059e-9, 0.3193667180705906, 0.049342754929689536]
v_opt: [0.10198154133375713, 0.0493427580139942]
solution time: 0.004909038543701172
McCormick lower bound: -3.4541040307226587

