x_opt: [0.5258470976923943, 0.8988879597790393, 0.10111199065881826, 0.8988884297735037, 0.10111194839244476, 0.10111169196671381, 0.1011119806575422, 0.8988880483687637, 0.10111166462401266, 0.1011120951696907]
w_opt: [0.5258470921022508, 0.10111198602755032, 0.5258470920092578, 1.1196152852730357e-6, 0.10111168401987661, 4.811377466786918e-8, 0.4247351592089201, 7.542732524631386e-9, 0.1011120721533549, 3.573138127319073e-8, 0.898887954665983, 8.965312211029571e-9, 0.10111168616215774, 4.9161882289333216e-9, 0.8988879554952898, 6.213016489553739e-9, 5.904364529875743e-8, 0.10111198655490092, 0.10111189496112757, 0.10111168018988609, 0.10111197894342301, 1.7033749314986833e-7, 5.932596939791626e-9, 1.693839219235963e-8, 3.9539915237566075e-7, 2.6911474732926703e-7, 0.10111195746184058, 0.898888023070748, 1.60696709486007e-7, 0.10111208710530224, 1.238344327109147e-8, 0.10111191046775105, 6.326705544214476e-9, 8.084963636288775e-9, 4.382062694781163e-9, 3.762652537089312e-9, 1.306269920998395e-8, 0.10111165363425319, 1.1080920868867443e-7, 6.947055064324194e-8, 0.10111165823013679, 3.881487131729876e-9, 1.0967582479490014e-8, 0.1011120780391699, 0.10111164173950195]
v_opt: [0.010223961877770265, 0.10111165527827765]
solution time: 0.004431962966918945
McCormick lower bound: -5.0756080306454825

