x_opt: [0.31935300367906344, 0.6806476255432241, 0.31935219728413494, 0.9506478230617514, 0.31935231545585296, 0.31935206682449807, 0.3193522078694844, 0.6806477066228941, 0.049352222334287425, 0.31935260318075537]
w_opt: [0.31935299692958025, 0.31935219304236123, 0.31935300093495833, 3.965660997854169e-7, 0.31935206124246956, 4.9771045318348685e-8, 7.2542180099595e-7, 2.9740291671508183e-9, 0.3193525904371749, 1.5010324013304172e-8, 0.6806476227003229, 8.89472445383703e-9, 0.31935206435829155, 3.3781356437286606e-9, 0.6806476221066403, 2.796856200022518e-9, 2.3418766432541603e-7, 0.3193521946550912, 0.3193521800988176, 0.31935205775899833, 0.3193521935218377, 8.770416347714042e-8, 3.539246180980906e-9, 9.466702598559848e-9, 0.27000014686314583, 0.26999993862740906, 0.31935219071264187, 0.6806476943430055, 5.839926255247662e-8, 0.3193525979234225, 8.699054382981052e-9, 0.31935218799757875, 2.8850912871642295e-8, 4.766379505204069e-9, 2.0633711448501042e-9, 3.569685480575386e-9, 1.1225306050593802e-8, 0.04935221515630142, 1.2336942947281074e-7, 1.9096945109700284e-8, 0.049352217717888544, 3.2236808272814692e-9, 3.970994201456365e-9, 0.31935259040991254, 0.04935221178945257]
v_opt: [0.10198591478303526, 0.04935221477647965]
solution time: 0.006319999694824219
McCormick lower bound: -3.9767123398194495

