x_opt: [0.5258472874092797, 0.898888354755895, 0.1011116447991966, 0.8988883908942514, 0.10111164512244064, 0.10111162964318926, 0.10111164481618136, 0.8988883549016737, 0.10111162962569235, 0.10111164526816856]
w_opt: [0.525847287402006, 0.10111164479034537, 0.5258472874020655, 5.5224192563741084e-9, 0.10111162963082766, 1.5625274864595352e-10, 0.42473564237376715, 9.36263609912359e-12, 0.10111164525511544, 6.746935693206612e-11, 0.8988883547491822, 1.8444224396309003e-11, 0.10111162963584108, 5.148611697320581e-12, 0.8988883547490836, 6.32105701333598e-12, 3.2789760283461575e-11, 0.10111164479352222, 0.10111164472929748, 0.10111162962345889, 0.10111164478953517, 1.0356851262168615e-9, 7.540737926399595e-12, 2.643080176331221e-11, 3.603407502364005e-8, 2.1461343995510818e-8, 0.10111164477269945, 0.8988883548805613, 2.0543133587924437e-8, 0.10111164525809742, 1.7840007597918637e-11, 0.10111164477868456, 3.686966589777733e-11, 1.1867360069219412e-11, 6.6425957644494785e-12, 5.100521846097507e-12, 1.149214578972574e-11, 0.10111162960365605, 7.087386671568577e-10, 6.924389360827166e-11, 0.10111162961701325, 5.127293716245269e-12, 1.1227055985431827e-11, 0.10111164523708657, 0.10111162960293643]
v_opt: [0.010223569758296202, 0.10111162961352485]
solution time: 0.004726886749267578
McCormick lower bound: -3.906310481894139

