x_opt: [0.3622568911738352, 0.6377434677092585, 0.22390190456497627, 0.7760980840074362, 0.3622537462677696, 0.2239019072510525, 0.2239019093078398, 0.6377462544838928, 0.22390190804600665, 0.3622565627746127]
w_opt: [0.36225688972299036, 0.22390190353340614, 0.3622568895809287, 1.245394516594468e-7, 0.22390190538988997, 4.203679860374693e-8, 3.1486539668864125e-6, 1.6685298201409469e-9, 0.362256559360977, 3.1426763830730655e-9, 0.637743465979681, 2.71508717152791e-9, 0.22390190567436655, 1.006314064824798e-9, 0.6377434662712095, 1.0532302739416553e-9, 3.206156000332755e-8, 0.22390190284346373, 0.2239018999984673, 0.22390189500836052, 0.22390190297497678, 1.1729039265164744e-8, 1.5591055205247265e-9, 3.729496386832237e-9, 0.13835183282285762, 5.91335697374541e-8, 0.2239018936787538, 0.6377462498419524, 5.347622315165536e-9, 0.36225656115290183, 2.826304195119829e-9, 0.22390189934933968, 5.989934624297734e-9, 2.073040898416329e-9, 1.2730111183404035e-9, 1.1127240868741305e-9, 1.741539865301104e-9, 0.2239019044898156, 4.396630190630362e-8, 4.133101674202965e-9, 0.22390190553247455, 1.0278145217695969e-9, 1.8849036752241845e-9, 0.3622565579352576, 0.2239019033032433]
v_opt: [0.050132105754864764, 0.22390190582212402]
solution time: 0.005721092224121094
McCormick lower bound: -2.10528385592703

