x_opt: [0.5258473517474724, 0.8988881285306628, 0.1011117600888712, 0.8988885785617936, 0.10111177126243695, 0.10111153028675839, 0.10111175885501816, 0.8988882375499213, 0.10111151981281744, 0.10111225523934872]
w_opt: [0.5258473484776524, 0.10111175729885331, 0.5258473483449433, 1.1933559295106372e-6, 0.10111152557970278, 3.0841694965532044e-8, 0.4247355967338932, 5.7921746357573065e-9, 0.10111223713391676, 3.157671108737288e-8, 0.8988881255083607, 7.354115907487298e-9, 0.10111152621550433, 4.592356590625314e-9, 0.8988881260180113, 4.03886589605269e-9, 3.8657435142368636e-7, 0.10111175738152295, 0.10111167602614705, 0.10111152376122236, 0.10111175221747014, 1.5874662045370556e-7, 4.084498622386236e-9, 1.4768081940131179e-8, 3.606515491949642e-7, 2.7401547697795297e-7, 0.10111173816970281, 0.898888216881794, 1.4471048692595926e-7, 0.10111225047960518, 8.948570700094792e-9, 0.10111168418089074, 1.510187525240713e-8, 5.9201794465311564e-9, 2.652205775315401e-9, 2.2547147627640853e-9, 1.1781789309601919e-8, 0.10111150420203656, 2.6704055471713927e-7, 9.413255560640286e-9, 0.10111151599036801, 2.417952685231364e-9, 6.382854795635317e-9, 0.10111224444981907, 0.10111150890986793]
v_opt: [0.010223701490112277, 0.1011115134477422]
solution time: 0.004773855209350586
McCormick lower bound: -5.058975740338591

