x_opt: [0.670904529314676, 0.9992600003280858, 0.0007399969892487419, 0.9992600451666056, 0.0007399992045285225, 0.0007399550268985355, 0.0007399987662763525, 0.9992600014339055, 0.0007399549207296504, 0.19059257994638296]
w_opt: [0.6709045292146394, 0.0007399969095026073, 0.6709045292337847, 4.177467433505664e-9, 0.0007399549174999926, 6.854018093391982e-10, 0.6701645309467541, 1.230573949928495e-10, 0.19059257977630306, 2.9249268202387566e-10, 0.9992600002495372, 1.6438693549140007e-10, 0.0007399549293123785, 9.251550061454889e-11, 0.9992600002542795, 8.194879245668185e-11, 0.18985258035469693, 0.0007399968990886301, 0.0007399966858532192, 0.000739954855336918, 0.0007399969114613072, 1.428008057733518e-9, 1.0364766562807264e-10, 2.99979876186402e-10, 4.4524944015125274e-8, 2.1712875809661894e-9, 0.0007399983255868083, 0.9992600011970693, 3.6633841123386473e-10, 0.1905925798418371, 1.8940140655146961e-10, 0.0007399983919410633, 7.909407426696962e-10, 1.357274630452656e-10, 6.094429066139633e-11, 6.573889214347895e-11, 1.4210876896821103e-10, 0.0007399547528324378, 1.826202341387336e-9, 5.262749443606399e-10, 0.0007399548131761012, 6.91013372491698e-11, 8.903904364199703e-11, 0.19059257971655225, 0.000739954651053484]
v_opt: [2.7778311873003575e-6, 0.0007399547626479137]
solution time: 0.007898092269897461
McCormick lower bound: -3.519417437774944

