x_opt: [0.31935257969805414, 0.680647421185482, 0.3193525669379923, 0.9506479209042797, 0.31935257780289755, 0.31935256381758587, 0.3193525678229319, 0.6806474223527373, 0.0493520797554778, 0.3193525789264719]
w_opt: [0.31935257930517863, 0.3193525667519654, 0.31935257950486023, 1.1078979096793703e-8, 0.31935256353854186, 2.640923496649499e-9, 2.7077636992082154e-9, 1.7444713058693282e-10, 0.31935257843302484, 7.103919025300298e-10, 0.6806474209687562, 3.960181545162447e-10, 0.3193525636643979, 1.6801538445314802e-10, 0.6806474208872015, 1.6795895329660961e-10, 5.40910046167156e-10, 0.3193525667635662, 0.319352566187523, 0.3193525633488721, 0.3193525666955876, 2.601775102228476e-9, 2.093639152624656e-10, 4.383543672515862e-10, 0.2700004991349245, 0.270000487869894, 0.31935256643967097, 0.6806474217754758, 1.191682325844985e-9, 0.3193525786106877, 3.9350053316586424e-10, 0.31935256660897926, 5.083004773359909e-10, 2.3165225794899643e-10, 1.4841811715788568e-10, 2.7594282424052645e-10, 3.84282902287053e-10, 0.04935207947791095, 3.593361001471624e-9, 7.486600076820989e-10, 0.049352079443904344, 1.9872319903259418e-10, 2.669366465265831e-10, 0.3193525782081472, 0.04935207920759963]
v_opt: [0.10198606411468052, 0.04935207934836468]
solution time: 0.004937171936035156
McCormick lower bound: -3.1632214768181792

