x_opt: [0.5258473219827602, 0.8988883808843224, 0.10111160919271885, 0.8988883915959713, 0.10111161155648418, 0.10111160851670659, 0.10111160944319203, 0.898888388369279, 0.10111160844806037, 0.1011116289355604]
w_opt: [0.5258473219516304, 0.10111160916715801, 0.5258473219441641, 1.3087140315084684e-8, 0.10111160845993676, 8.061210556517351e-10, 0.42473571054275305, 6.32488137467444e-11, 0.10111162885377688, 1.5942635328679328e-10, 0.8988883808434385, 8.361560974176812e-11, 0.10111160846830555, 3.11393221059603e-11, 0.8988883808543564, 3.2531161657978784e-11, 9.902107629723067e-9, 0.10111160915621469, 0.10111160883856837, 0.1011116084264104, 0.10111160915733323, 7.742067470409034e-9, 5.1130643249388336e-11, 1.4021566562436314e-10, 3.2766299699336834e-9, 1.0787866698812446e-9, 0.10111160901639168, 0.8988883881352973, 2.157504881667859e-10, 0.10111162889080832, 1.019703444261389e-10, 0.10111160928234114, 1.0722637779229988e-10, 9.043190478416105e-11, 4.142843143573632e-11, 2.178988522777451e-11, 8.020962901431492e-11, 0.1011116083672699, 9.270553286380434e-10, 1.205158257685019e-10, 0.10111160839842746, 2.4568623299868002e-11, 7.76750647636343e-11, 0.10111162882138833, 0.1011116082717068]
v_opt: [0.010223566765576925, 0.10111160837798476]
solution time: 0.005212068557739258
McCormick lower bound: -3.012321460290663

