x_opt: [0.4972011041509943, 0.879688190147384, 0.12031180950073539, 0.9114999924772029, 0.12031180981828624, 0.12031179415781208, 0.12031180958720541, 0.8796881904249887, 0.12031179342401371, 0.12031180986924754]
w_opt: [0.4972011040908411, 0.12031180946085367, 0.49720110410836094, 2.02796554416049e-9, 0.12031179409537715, 3.8122117864331454e-10, 0.3768892946859456, 4.879538542836013e-11, 0.12031180978932703, 2.2796609158692258e-10, 0.8796881901085969, 9.23840331961957e-11, 0.12031179411844653, 3.995552391033363e-11, 0.8796881901057462, 4.32010161235802e-11, 8.509430236438565e-11, 0.1203118094674288, 0.12031180928519757, 0.12031179408818479, 0.12031180944743147, 9.229474079201427e-10, 4.7826863976265374e-11, 1.1930611449041356e-10, 0.03181180239044068, 0.031811787247007485, 0.12031180942142165, 0.8796881903152123, 0.031811785984487924, 0.12031180979999827, 9.437570976095923e-11, 0.12031180944384286, 3.0037919620477407e-10, 5.74282252662642e-11, 3.1689263804063774e-11, 3.959675992506756e-11, 7.849433216260153e-11, 0.12031179335912073, 8.323781435682582e-10, 2.461332184472498e-10, 0.12031179337258244, 3.719934684328567e-11, 5.3652666540612204e-11, 0.12031180973462886, 0.12031179330809655]
v_opt: [0.014475054869409741, 0.12031179333739528]
solution time: 0.005083799362182617
McCormick lower bound: -5.149710131410979

