x_opt: [0.671966119622259, 0.9999936976058084, 6.270016307521854e-6, 0.9999948245954958, 6.297082540463394e-6, 5.178312687633812e-6, 6.301976043928124e-6, 0.9999937765041889, 5.175848818462761e-6, 0.1912492707486744]
w_opt: [0.67196611751128, 6.268137387450078e-6, 0.6719661180011802, 1.1580062809312785e-7, 5.175892050665598e-6, 1.4783238872306105e-8, 0.6719599006310585, 2.887415955145256e-9, 0.19124926000467146, 7.655502419448485e-9, 0.9999936960936812, 4.504037072628682e-9, 5.176274480543186e-6, 2.8041831680784735e-9, 0.9999936962319442, 1.862954787177536e-9, 0.1912429709746957, 6.268279501124531e-6, 6.263002481557336e-6, 5.174848615588975e-6, 6.26849069051299e-6, 7.850008895836576e-8, 2.309956100380258e-9, 7.030726683421086e-9, 1.1253072317455717e-6, 5.5093895875646666e-8, 6.292109440045866e-6, 0.9999937708555189, 8.30314843306399e-9, 0.19124926845105258, 4.551184025689111e-9, 6.2898933520526864e-6, 7.70097259888939e-8, 3.365222533574418e-9, 1.226391666375063e-9, 1.30590117568719e-9, 3.2196914118737832e-9, 5.171958605261896e-6, 4.958978812194324e-8, 8.293729576781499e-8, 5.173744565046092e-6, 1.4702352307286296e-9, 1.8209890687333753e-9, 0.19124926582096266, 5.169589011104936e-6]
v_opt: [1.6728044338839735e-6, 5.172300533958245e-6]
solution time: 0.0055539608001708984
McCormick lower bound: -4.191686473293947

