x_opt: [0.3193603266442636, 0.6806446922321008, 0.3193410652957635, 0.9506275159410941, 0.31935521873058204, 0.31933662659631235, 0.3193410574816966, 0.6806447798852334, 0.049374042470603126, 0.31935533535601984]
w_opt: [0.31936030528744075, 0.3193410538054992, 0.31936031387195674, 3.3200808196602314e-6, 0.31933660841846495, 2.3422675975196366e-7, 5.1351703639340035e-6, 1.1976436507502643e-8, 0.31935531473397016, 4.670116511904646e-8, 0.6806446784771726, 2.278030062307095e-8, 0.31933661618314335, 1.0416674872919295e-8, 0.6806446763701868, 1.0685254663681536e-8, 4.479582097887083e-8, 0.31934105376419597, 0.31934101836758744, 0.3193366007368882, 0.31934104913677835, 2.227166311785506e-7, 1.3711487053086125e-8, 3.2189492313837654e-8, 0.26998275892068835, 0.2699645554409189, 0.31934098366333175, 0.680644743345236, 1.580745699579561e-6, 0.3193553154018393, 2.5642958166872895e-8, 0.31934101027164397, 2.464044040172983e-8, 1.5685539278681563e-8, 9.584136955264017e-9, 1.5331417082837464e-8, 2.2380889489046292e-8, 0.04937402650354258, 4.0722715441170473e-7, 5.726924919029221e-8, 0.04937402407587134, 1.1898550716291084e-8, 1.594568745335753e-8, 0.3193552767147693, 0.049374008030208395]
v_opt: [0.10197875731708575, 0.04937401615026083]
solution time: 0.004385948181152344
McCormick lower bound: -3.078741266357589

