x_opt: [0.5258472888457104, 0.8988883315460301, 0.10111165685058074, 0.8988883915998815, 0.10111166377195448, 0.10111162698330896, 0.10111165991704119, 0.8988883639400007, 0.10111162468352915, 0.10111167597182526]
w_opt: [0.525847287554712, 0.1011116557555444, 0.5258472876187393, 7.786212059698411e-8, 0.10111162527887373, 8.781176907541944e-9, 0.42473565548479664, 1.9393573529004218e-9, 0.10111167330519129, 7.199604022286447e-9, 0.8988883304904438, 2.307017080249335e-9, 0.10111162553844263, 1.3010977668342274e-9, 0.8988883306216322, 1.3597609579000142e-9, 8.563403998604968e-9, 0.10111165582231231, 0.10111164896715201, 0.10111162478264933, 0.10111165534921177, 4.554823057948284e-8, 1.4507940396169202e-9, 4.4543106244189055e-9, 5.804110618828605e-8, 4.545715775078136e-8, 0.10111165477997917, 0.8988883598386622, 2.1638144419495838e-8, 0.10111167429472054, 2.8341532442463012e-9, 0.10111165370465366, 2.955148431210568e-8, 1.949971799956962e-9, 8.992285740880879e-10, 8.46050898546026e-10, 2.108996605785862e-9, 0.10111162231896761, 2.5681302115334296e-8, 2.7532149794127053e-8, 0.1011116233252867, 9.218492710950071e-10, 1.4408177994742615e-9, 0.10111167261783634, 0.10111162078610343]
v_opt: [0.010223708270577083, 0.10111162243138043]
solution time: 0.004995822906494141
McCormick lower bound: -5.148298042318958

