x_opt: [0.5258473045927256, 0.8988883712110474, 0.10111162575349103, 0.8988883865877966, 0.1011116280590459, 0.1011116204295302, 0.10111162582682603, 0.8988883724803942, 0.10111161958836098, 0.10111162883782147]
w_opt: [0.5258473042654553, 0.1011116255375028, 0.5258473042832373, 1.3613266658522181e-8, 0.10111162001991954, 2.5541811455384243e-9, 0.4247356776134062, 3.200823338101145e-10, 0.10111162828791902, 1.0995533496247832e-9, 0.8988883709356401, 4.922473062758026e-10, 0.10111162015628096, 1.958776934103331e-10, 0.8988883709317457, 2.5929765336552887e-10, 4.3255674523081553e-10, 0.10111162554135612, 0.10111162429465398, 0.10111161989898287, 0.10111162531187828, 4.6101435930573464e-9, 2.89117463569354e-10, 7.015966252981898e-10, 1.5257794044673878e-8, 1.1561346604214321e-8, 0.10111162475207093, 0.8988883717852367, 6.809945177056599e-9, 0.10111162841042377, 5.667508815266509e-10, 0.10111162491263252, 9.383436715690978e-10, 3.5427509529193717e-10, 2.335952803792319e-10, 2.1823994040406822e-10, 4.564075694096021e-10, 0.10111161910714767, 4.3805813946681e-9, 1.1170538450432831e-9, 0.10111161927141656, 2.0568446541399107e-10, 4.46831636533411e-10, 0.10111162785111345, 0.10111161879539467]
v_opt: [0.010223878448682649, 0.10111161911218958]
solution time: 0.005425930023193359
McCormick lower bound: -4.246944310830085

