x_opt: [0.4183191230129517, 0.7047503465613747, 0.2952496411621606, 0.8565807698291957, 0.29524965258829533, 0.14341923618450036, 0.2952496454828189, 0.7047503507802938, 0.1434192324380711, 0.2952497457819851]
w_opt: [0.41831912209353816, 0.2952496405464437, 0.418319122456724, 3.123970687645596e-8, 0.14341923538865659, 5.83690977246267e-9, 0.12306947563006757, 6.955238680052831e-10, 0.29524974437580215, 2.3471996464447143e-9, 0.7047503459925287, 1.282181064129863e-9, 0.1434192356132562, 6.407218096599008e-10, 0.7047503459471309, 5.69677012298446e-10, 9.30813173954855e-8, 0.2952496405669453, 0.29524963876733656, 0.14341923501106577, 0.2952496406243286, 1.095371203655476e-8, 7.127300449381298e-10, 1.8276519418895857e-9, 0.1518304235698344, 2.0736959554687565e-8, 0.2952496425192448, 0.7047503490759711, 4.044687857140046e-9, 0.2952497449557738, 1.3255278398692186e-9, 0.29524964295902417, 4.380227259791642e-9, 8.673511279064284e-10, 4.229551588341612e-10, 5.978448201589804e-10, 1.0917537180926403e-9, 0.14341923152919625, 1.456088304534794e-8, 3.881925061955008e-9, 0.1434192315885019, 5.634963817638663e-10, 6.534442549194841e-10, 0.2952497440020594, 0.14341923062845396]
v_opt: [0.08717307778248592, 0.1434192311983854]
solution time: 0.004737138748168945
McCormick lower bound: -3.552474147135174

