x_opt: [0.3193527307363485, 0.6806472728454591, 0.31935271484746636, 0.9506476241328881, 0.3193527235141277, 0.3193521333488133, 0.31935272019059574, 0.6806472775126223, 0.04935238017068183, 0.3193527278086318]
w_opt: [0.3193527296424008, 0.31935271422674866, 0.31935273012900095, 3.976251457209473e-8, 0.3193521324328821, 8.549572343598852e-9, 1.0408099607507685e-8, 6.416353407864806e-10, 0.31935272623704414, 2.2137558524907053e-9, 0.6806472720914302, 1.3837761102458536e-9, 0.31935213279016494, 5.732602078320188e-10, 0.6806472719391389, 5.737102395639157e-10, 1.864783254705167e-9, 0.3193527142417476, 0.3193527124889515, 0.31935213192195505, 0.31935271428509776, 8.283102590423781e-9, 7.331224971262869e-10, 1.5909025231734793e-9, 0.270000349074268, 0.26999978071481107, 0.3193527170218041, 0.6806472755413983, 5.837075013550339e-9, 0.31935272680235394, 1.3614385058408982e-9, 0.31935271785178104, 2.1431155224919046e-9, 8.316852446770268e-10, 5.170310483917373e-10, 8.266592801770371e-10, 1.1447641769728359e-9, 0.049352379259339614, 1.2640182522644592e-8, 2.3324795573734223e-9, 0.049352379127099444, 6.466384168566799e-10, 8.915306202294876e-10, 0.3193527254090072, 0.04935237823326167]
v_opt: [0.10198727038296979, 0.04935237883076651]
solution time: 0.005800008773803711
McCormick lower bound: -2.9404377695026502

