x_opt: [0.43665131900485415, 0.43665131756812847, 3.3909498213713344e-8, 0.781906703809031, 0.21809329575725359, 0.2180933031417519, 0.21809320922165534, 0.5633486851207956, 0.2180932963185902, 0.5633486839566704]
w_opt: [0.4366513173723488, 3.3854945047297625e-8, 0.43665131892493264, 7.696704288101162e-8, 0.2180933030491571, 2.609655955557607e-8, 4.512167758391907e-9, 6.346509530631879e-11, 0.43665131887837794, 1.3850330210270067e-10, 0.4366513173972386, 5.083406549894117e-10, 0.21809330307557706, 5.728323246298709e-11, 0.43665131739178337, 4.5636687058391265e-11, 1.7027026703764735e-9, 3.3713683272891114e-8, 3.368037775239614e-8, 3.304161894705264e-8, 3.383636936587048e-8, 6.96204398277268e-10, 8.314750073833531e-11, 1.517694113835963e-10, 6.081861470210846e-10, 1.2866001772589056e-8, 0.21809320614518143, 0.5633486848574984, 6.123018976105939e-10, 0.5633486838780019, 1.3294894767322833e-10, 0.21809320361070633, 9.197083355399827e-11, 9.4752591965521e-11, 7.372210743020639e-11, 1.0579373026025188e-10, 8.361035753605874e-11, 0.2180932962283628, 9.96661625103175e-10, 3.0559006808406946e-10, 0.21809320886558176, 6.748687794744881e-11, 1.1121589367431937e-10, 0.5633486834219894, 0.21809329603538463]
v_opt: [0.04756473695496927, 0.21809329619876885]
solution time: 0.004750967025756836
McCormick lower bound: -0.998054321230198

