x_opt: [0.29612163735307706, 0.7448647936945294, 0.25513513866612797, 0.9999999506006311, 0.25513520632628334, 0.2551259095012571, 0.25513514698593237, 0.7448648087551187, 0.25498393761210036, 0.2551352035844242]
w_opt: [0.2961216327220046, 0.25513513589656484, 0.2961216344000258, 1.486607555060505e-7, 0.2551259051183144, 2.9714923028219045e-8, 0.040986454047521166, 3.063064011098037e-9, 0.25513519816503294, 1.3273718724604949e-8, 0.7448647908925844, 7.698936308967273e-9, 0.2551259069449964, 2.507020462453695e-9, 0.7448647903533759, 2.8599997437360122e-9, 4.6072214220931775e-9, 0.25513513639466695, 0.25513512584332143, 0.2551259046245012, 0.25513513500598606, 4.746876057397297e-8, 3.2382219004926905e-9, 7.536455806125456e-9, 0.25513516355322235, 0.25512589627437776, 0.2551351361533809, 0.7448648012639931, 0.25498389385429465, 0.2551351986313999, 6.37102808870945e-9, 0.2551351384310677, 1.8933506729386196e-8, 3.759755975706099e-9, 2.2347284561969163e-9, 3.1209963402476993e-9, 5.290653673418235e-9, 0.25498393336352615, 5.59321367655512e-8, 1.0815080442293401e-8, 0.2549839338701992, 2.707590085672481e-9, 3.911517059977341e-9, 0.2551351935151201, 0.2549839298351496]
v_opt: [0.06509438661689822, 0.25498393151616516]
solution time: 0.006685018539428711
McCormick lower bound: -4.791111732764919

