x_opt: [0.5258469315072185, 0.8988877144520192, 0.10111188977271968, 0.8988880916147198, 0.1011122400828673, 0.10111190341739754, 0.10111190697409551, 0.8988877596471134, 0.1011119066259337, 0.10111229269739966]
w_opt: [0.5258469312541303, 0.10111188958071804, 0.5258469310599835, 2.745771233277831e-7, 0.10111190273075203, 9.82588681399822e-9, 0.4247346918314039, 5.102564703958279e-10, 0.10111229147515698, 7.209067114277106e-10, 0.8988877140391741, 5.513025230261423e-10, 0.10111190293467517, 1.9160144215798915e-10, 0.8988877141891419, 2.2420368321351724e-10, 7.406313478859122e-9, 0.10111188938518936, 0.1011118884774423, 0.10111188683030616, 0.10111188925748082, 2.884573634178493e-9, 3.524172842146852e-10, 1.0007112608802258e-9, 3.3244843602753824e-7, 6.19389355049753e-9, 0.10111190316638702, 0.8988877582714295, 2.617937283825852e-9, 0.10111229232891089, 6.984314579284832e-10, 0.10111190373003358, 1.2629744840423125e-9, 5.816588661231128e-10, 4.134922606908039e-10, 1.81657804768327e-10, 3.6906637563139433e-10, 0.10111190273266218, 5.3516549311998016e-9, 1.760421703604993e-9, 0.10111190589068357, 1.9145593922794496e-10, 7.320925080070034e-10, 0.1011122913969298, 0.10111190543315374]
v_opt: [0.010223681448764633, 0.10111190619766526]
solution time: 0.007030010223388672
McCormick lower bound: -2.17458797171767

