x_opt: [0.41511414751370396, 0.8246692121657894, 0.17533077187015386, 0.9476390956069192, 0.17533078578370676, 0.175330751115188, 0.17533077301742397, 0.824669218382532, 0.17533074301539442, 0.17533078676853892]
w_opt: [0.41511414544291103, 0.17533077053536986, 0.4151141456779517, 7.771548688977187e-8, 0.17533074860061965, 1.5845584112495632e-8, 0.23978336940391098, 1.770981985880471e-9, 0.17533078361419754, 7.363530597996176e-9, 0.8246692105590836, 3.1701460950757176e-9, 0.17533074961390202, 1.1899709839144027e-9, 0.8246692103814297, 1.558616727592331e-9, 2.1283932057329875e-9, 0.17533077067353425, 0.17533076285934598, 0.17533074818346406, 0.17533076914220386, 2.942441920476881e-8, 1.7093170150917423e-9, 4.006848000733635e-9, 0.12296988515288054, 0.12296986740414968, 0.17533076696249406, 0.8246692143604858, 0.12296984186965632, 0.17533078397507007, 3.40429249519295e-9, 0.17533076780226245, 6.325831608305078e-9, 2.035102753141945e-9, 1.365269644767717e-9, 1.4386181374222444e-9, 2.8652828662418646e-9, 0.17533074028154497, 2.643762894951381e-8, 7.0055463169138675e-9, 0.1753307410754777, 1.298880629814657e-9, 2.6306676628748574e-9, 0.1753307807153076, 0.17533073857069642]
v_opt: [0.03074090306510388, 0.17533074002487045]
solution time: 0.005265951156616211
McCormick lower bound: -4.773795745006473

