x_opt: [0.5258473283755054, 0.8988883883641159, 0.10111160967396857, 0.8988883952100198, 0.10111160502318318, 0.10111160264960309, 0.10111160955585813, 0.8988883949521403, 0.10111160173120755, 0.10111162233702459]
w_opt: [0.525847328109606, 0.10111160941245856, 0.5258473280643033, 6.050154810624482e-8, 0.10111160223221752, 2.480494175487596e-9, 0.4247357239636625, 5.082401242260546e-10, 0.1011116197248083, 2.3885177283641382e-9, 0.8988883880890082, 3.7843462790550843e-10, 0.10111160229393415, 3.7316106497610365e-10, 0.8988883881433438, 3.619884519371981e-10, 1.1194433751199874e-8, 0.10111160943340436, 0.1011116036142037, 0.10111160202268611, 0.10111160916232625, 1.0259244997867808e-8, 3.3717644714998474e-10, 1.07129549216387e-9, 1.479844081732592e-9, 6.046656102494346e-9, 0.10111160803772616, 0.8988883930952185, 2.1074048107441136e-9, 0.1011116219271613, 7.10996172323345e-10, 0.10111160353485535, 7.705677125476122e-10, 5.147490331774908e-10, 2.3763895433989417e-10, 1.8850191004813441e-10, 7.340103757620349e-10, 0.10111160091463495, 5.7393982641201035e-9, 5.564577405602082e-9, 0.10111160138296854, 1.9835034828946447e-10, 5.934655052144724e-10, 0.10111162145671203, 0.10111160046089945]
v_opt: [0.01022384791714452, 0.10111160122298359]
solution time: 0.004745960235595703
McCormick lower bound: -4.8808240334777055

