x_opt: [0.5258467306989131, 0.8988877269100846, 0.10111217795393027, 0.8988884786172145, 0.10111222814061872, 0.10111196853714854, 0.10111218167859647, 0.8988877758431466, 0.10111195467547016, 0.10111229228634014]
w_opt: [0.52584672760199, 0.10111217558410758, 0.5258467275789267, 6.747424366331011e-7, 0.10111196430597429, 2.679570128129866e-8, 0.42473451261769657, 3.861726833149174e-9, 0.10111228199213775, 2.542946539472863e-8, 0.8988877242002032, 7.214725230680593e-9, 0.10111196541215756, 2.6119745597174745e-9, 0.898887724550056, 3.0429545595160586e-9, 2.123138911082764e-8, 0.1011121757264653, 0.1011121402929734, 0.10111196098559866, 0.10111217127000402, 1.1590017786190614e-7, 3.1843157647544846e-9, 8.85587036364505e-9, 7.13972383803419e-7, 5.553766723087519e-7, 0.1011121700803321, 0.898887766724729, 4.6043194392347874e-7, 0.10111228794120752, 6.481178900135111e-9, 0.10111215543217802, 9.104385857452055e-9, 4.153612358987142e-9, 2.3324197908563807e-9, 2.0939411718789626e-9, 6.674330339964432e-9, 0.10111194829005754, 7.722998076300282e-8, 5.8946548826513845e-8, 0.10111195103395756, 2.1296141723419913e-9, 5.268961311482956e-9, 0.1011122824050704, 0.10111194512362978]
v_opt: [0.010223812963064904, 0.10111194959509226]
solution time: 0.004992961883544922
McCormick lower bound: -4.963989922803281

