x_opt: [0.5258475112502966, 0.8988885196285656, 0.10111147842993659, 0.8988885213985883, 0.10111147898654843, 0.10111147821057503, 0.10111147842863626, 0.8988885209990097, 0.10111147812605514, 0.10111173504128597]
w_opt: [0.5258475112048291, 0.10111147839305248, 0.5258475112096352, 5.297560480849398e-9, 0.10111147815628595, 3.821970195439846e-10, 0.4247360324230903, 6.46471557855809e-11, 0.10111173458968768, 1.6508252647037846e-10, 0.898888519590564, 6.36158293757889e-11, 0.10111147816290235, 3.968147564896917e-11, 0.8988885195969852, 4.2869005977631005e-11, 2.5470336310177174e-7, 0.10111147839093869, 0.10111147822326194, 0.10111147809016269, 0.1011114783619716, 1.4341952893180303e-9, 4.974203080245993e-11, 1.6688790293537922e-10, 4.90946210983589e-10, 6.233238869467267e-10, 0.10111147816496276, 0.8988885206873686, 1.0674985636145176e-10, 0.10111173498955207, 1.0255846931255306e-10, 0.10111147821788448, 9.935401779600682e-11, 7.565537097424503e-11, 3.053049598309478e-11, 2.9000294920960384e-11, 8.628694998193063e-11, 0.1011114780431818, 1.123014126166114e-9, 3.9583818351984615e-10, 0.10111147806838693, 3.051182546036643e-11, 5.461907519916532e-11, 0.10111173492120917, 0.10111147801266866]
v_opt: [0.010223548378254486, 0.10111147805024485]
solution time: 0.005401134490966797
McCormick lower bound: -3.900059245046794

