x_opt: [0.48838258986292743, 0.8312472823576541, 0.16875271761456984, 0.8841476573829804, 0.1687527176393175, 0.11585234299755676, 0.16875271762014463, 0.8312472823725781, 0.11585234293528264, 0.16875271764399216]
w_opt: [0.48838258985956406, 0.16875271761242233, 0.4883825898606522, 1.1175423759225427e-10, 0.11585234299429986, 2.1342892476970116e-11, 0.3196298722414082, 2.5373040518845093e-12, 0.1687527176397569, 1.0526102108865913e-11, 0.831247282355519, 4.8773990944461814e-12, 0.11585234299547852, 2.107287459080481e-12, 0.83124728235531, 2.2229279791858127e-12, 5.254938868436196e-12, 0.16875271761269467, 0.16875271760438465, 0.11585234299367166, 0.16875271761193794, 4.345957873088032e-11, 2.5610809172691554e-12, 6.260536891528736e-12, 0.05290037502722466, 4.156001939803653e-10, 0.16875271761159963, 0.8312472823665259, 3.2271056405668566e-10, 0.1687527176404203, 4.967299312326915e-12, 0.1687527176133838, 1.507109065954763e-11, 3.0509368819401525e-12, 1.6848994563027127e-12, 2.2106711192432205e-12, 4.101227159659385e-12, 0.11585234293195072, 4.471898737984221e-11, 1.0503204613184313e-11, 0.11585234293240132, 2.031671502267978e-12, 2.8109315636808477e-12, 0.16875271763678928, 0.11585234292900769]
v_opt: [0.02847749094710733, 0.11585234293065709]
solution time: 0.008903026580810547
McCormick lower bound: -4.501663884576172

