x_opt: [0.5258473092660699, 0.8988883732892081, 0.10111161842995389, 0.8988883815833427, 0.10111162521180837, 0.10111161841453041, 0.1011116183796971, 0.8988883748335073, 0.10111161834455513, 0.10111162690012027]
w_opt: [0.5258473092237729, 0.10111161839813647, 0.5258473092175651, 1.1749757442700289e-8, 0.10111161835174627, 6.017438301463017e-10, 0.4247356842119674, 5.525106444689232e-11, 0.10111162682030543, 1.4207931192762284e-10, 0.8988883732422852, 6.397696715595905e-11, 0.10111161836854715, 2.9197520948069314e-11, 0.8988883732502975, 3.705077824760686e-11, 2.291119522169566e-10, 0.10111161839267771, 0.10111161821579283, 0.10111161824855568, 0.10111161835837464, 1.0291451980442692e-9, 4.524068245829214e-11, 1.2058796909288536e-10, 6.892602394911264e-9, 1.0141089266368453e-9, 0.10111161812690822, 0.8988883746952986, 9.292392934040086e-11, 0.10111162684088476, 9.658185360150206e-11, 0.1011116182095114, 1.3789691894465903e-10, 6.378918860384212e-11, 4.5471135545239036e-11, 3.082631563775316e-11, 6.359424604661961e-11, 0.10111161825587517, 9.57452534779279e-10, 2.1234043037838484e-10, 0.10111161828579622, 2.9101801190310407e-11, 7.556531733639097e-11, 0.10111162674033884, 0.10111161819722891]
v_opt: [0.01022358080111049, 0.10111161827636352]
solution time: 0.006197929382324219
McCormick lower bound: -3.2554304208139055

