x_opt: [0.5258473207803567, 0.8988883841987646, 0.1011116113876467, 0.8988883894098997, 0.10111161087353852, 0.10111160979436572, 0.10111161173611655, 0.8988883901431245, 0.10111160813229927, 0.10111161889363494]
w_opt: [0.5258473205376698, 0.10111161120898791, 0.5258473205700769, 5.47568069691193e-8, 0.10111160949657795, 2.5221151091746006e-9, 0.42473571152256523, 2.813882009748909e-10, 0.10111161685713738, 1.0604471360960306e-9, 0.8988883839808254, 3.1862797378356095e-10, 0.101111609574597, 2.6148627505351584e-10, 0.8988883840182295, 2.1100258170004032e-10, 3.455910784012471e-9, 0.10111161120495608, 0.10111160977488097, 0.10111160920296246, 0.10111161107260717, 8.698816454235564e-9, 2.435483622491448e-10, 6.95467837914433e-10, 1.1183776057592004e-9, 5.547624851318461e-9, 0.10111161044503571, 0.8988883888635775, 2.4451827963940535e-9, 0.10111161858685426, 5.078042505575313e-10, 0.10111160913601011, 1.524803724813778e-9, 3.4601774909082275e-10, 1.6551011230730333e-10, 1.560520679752393e-10, 4.4118518940722095e-10, 0.10111160746565283, 5.84097700948063e-9, 3.5561007402228347e-9, 0.10111160784054321, 1.5575762175010907e-10, 3.373743640154714e-10, 0.101111618144158, 0.10111160731123624]
v_opt: [0.010223578056954707, 0.10111160776452473]
solution time: 0.004855155944824219
McCormick lower bound: -3.951470675321514

