x_opt: [0.3622556964561904, 0.6377442748065948, 0.22390307772716153, 0.7760968819439593, 0.36225567795439634, 0.22390311637721294, 0.22390312157380585, 0.6377443221072455, 0.22390311613623776, 0.3622557232689859]
w_opt: [0.362255696006766, 0.22390307762301137, 0.3622556963189135, 5.0629552840462976e-8, 0.2239031157460623, 1.3778093341708998e-8, 2.190258348284044e-8, 1.1873891834668443e-10, 0.3622556955498945, 6.302645368647065e-10, 0.6377442744129375, 2.2140722220038073e-9, 0.22390311627466125, 1.654422249400386e-10, 0.6377442728443244, 9.40445509310952e-11, 2.2917519247805414e-10, 0.22390307751779792, 0.22390307724983735, 0.22390307725541425, 0.22390307761195571, 1.6845803159557731e-9, 1.6312594819023055e-10, 5.295246555840716e-10, 0.13835256040423508, 7.953281105848207e-9, 0.2239031194779621, 0.6377443214036064, 1.6037722065370057e-9, 0.362255722993158, 5.682181214911058e-10, 0.22390312083857905, 6.712773011914881e-10, 3.197068130569845e-10, 2.5280629751917795e-10, 3.1177806699065636e-10, 2.708900548368279e-10, 0.22390311549017217, 4.779357736758486e-9, 7.116028436655667e-10, 0.22390311594631607, 1.992668572130651e-10, 3.874726221501404e-10, 0.36225571932988915, 0.2239031149972322]
v_opt: [0.050132611272632376, 0.22390311584634653]
solution time: 0.0058441162109375
McCormick lower bound: -1.5051117855819245

