x_opt: [0.4788056309047489, 0.8673585964024504, 0.13264140315561726, 0.9195986840481365, 0.13264140355413753, 0.13264140106851305, 0.1326414032298671, 0.8673585965615412, 0.1326414008733931, 0.13264140358619192]
w_opt: [0.4788056308596931, 0.13264140312613365, 0.4788056308669955, 1.690041436704777e-9, 0.1326414010166997, 3.342766020859381e-10, 0.3461642275437062, 3.875477221882064e-11, 0.13264140351902892, 1.4718170403433979e-10, 0.8673585963683024, 7.230408977936453e-11, 0.13264140103586708, 2.7172424810147127e-11, 0.8673585963650311, 3.2984055045571855e-11, 5.2498047503502916e-11, 0.13264140312843417, 0.13264140298722366, 0.1326414010070358, 0.13264140310915554, 5.832256701557604e-10, 3.744564283647814e-11, 8.939500239243978e-11, 0.05224008767902176, 0.05224008556220497, 0.13264140309264044, 0.8673585964732111, 0.052240084989696456, 0.1326414035300322, 7.340570587968782e-11, 0.13264140311799277, 1.6265136329124403e-10, 4.4880420630881723e-11, 2.8177051929663156e-11, 3.097757557788604e-11, 5.831085159787496e-11, 0.13264140081649628, 5.949813438564894e-10, 1.4613627207465604e-10, 0.13264140083154893, 2.8360870037266184e-11, 5.0421547163354484e-11, 0.13264140346421993, 0.13264140077792333]
v_opt: [0.017593836310683484, 0.13264140080859793]
solution time: 0.008204936981201172
McCormick lower bound: -4.408457170454477

