x_opt: [0.525847270148461, 0.8988883412652011, 0.10111165632776305, 0.8988884008190453, 0.10111165728160236, 0.10111164413756098, 0.10111165767735861, 0.8988883459507653, 0.10111163657999178, 0.10111165957503007]
w_opt: [0.5258472698890081, 0.10111165611378371, 0.5258472699547916, 4.240495007442049e-8, 0.10111164380659277, 2.616906876531061e-9, 0.4247356167152164, 2.567445757169798e-10, 0.10111165785959457, 1.8366791998260361e-9, 0.8988883410865547, 7.203385489069474e-10, 0.10111164394681116, 3.5785511853821347e-10, 0.898888341094758, 2.172926342865158e-10, 1.5484792592956702e-9, 0.10111165617023508, 0.10111165449729019, 0.10111164374200039, 0.10111165607154331, 8.802452818744509e-9, 2.4151623319570866e-10, 6.831424562781852e-10, 5.863806320301163e-8, 4.888767438330405e-8, 0.10111165645003282, 0.8988883453296416, 3.80597283257563e-8, 0.1011116592245011, 5.839011692561438e-10, 0.10111165525667479, 3.537645248364722e-9, 3.6437451594973404e-10, 1.5565078851551229e-10, 1.7299240752187279e-10, 4.586555293332592e-10, 0.10111163601911914, 7.794516362020627e-9, 5.498945694713316e-9, 0.10111163634303251, 1.6185723406113127e-10, 2.959934684481313e-10, 0.10111165884408713, 0.10111163589216517]
v_opt: [0.010223838001010201, 0.10111163613910831]
solution time: 0.005156993865966797
McCormick lower bound: -5.126624523167572

