x_opt: [0.525848553227387, 0.8988890640812495, 0.10111074856706663, 0.8988892254988524, 0.10111076482836998, 0.10111074388091781, 0.10111078357634759, 0.8988892203133325, 0.10111074432129685, 0.10111251766250372]
w_opt: [0.5258485513985106, 0.10111074692087364, 0.5258485507375682, 4.224725176646616e-7, 0.10111074067558999, 2.6651878738614662e-8, 0.4247377817835195, 4.3287403855000154e-9, 0.10111250916570548, 1.0566961901032842e-8, 0.898889061762313, 5.5054821500417984e-9, 0.10111074034704698, 1.638082828654196e-9, 0.8988890625296729, 2.101348669442026e-9, 1.5833409428661312e-6, 0.10111074638149622, 0.10111070176268822, 0.10111073548303809, 0.10111074315929212, 2.2564338731085766e-7, 2.794897834575544e-9, 1.0301532737976798e-8, 5.99540786329131e-9, 4.108137195009631e-8, 0.10111076555035454, 0.8988891869830441, 4.608550658771054e-9, 0.10111251505363043, 5.521346044882077e-9, 0.10111074340278703, 5.374796797851496e-9, 4.6209112992338375e-9, 2.537687473876019e-9, 1.239641425249104e-9, 5.5554104669586006e-9, 0.10111073718967507, 6.783690226642388e-8, 3.365864917033792e-8, 0.10111073934543556, 1.3719587637311484e-9, 6.268340397745155e-9, 0.10111251071243996, 0.10111073746363906]
v_opt: [0.010224309217132714, 0.10111074076948792]
solution time: 0.005274057388305664
McCormick lower bound: -3.3375275196815712

