x_opt: [0.7429868522333868, 0.7907406745569007, 5.148083535762304e-7, 0.9999993171137331, 0.20925932260993016, 5.241724178605577e-7, 0.2092590644041602, 0.7907408761845458, 5.519458523166382e-7, 0.7429871399991302]
w_opt: [0.7429868404439408, 5.050585382056509e-7, 0.7429868458151364, 2.3130928838847637e-6, 5.146604652120509e-7, 8.408945450157208e-8, 0.5337277603888457, 9.983505550277597e-9, 0.7429867888266878, 2.3189851194791505e-8, 0.7907406676260611, 7.103059849823586e-8, 5.163411207978886e-7, 9.269070413162652e-9, 0.7907406673578927, 6.965937212253639e-9, 0.5337278261507048, 5.058200964028111e-7, 4.946710927458263e-7, 4.916612925119735e-7, 5.08753776951219e-7, 1.704121323081155e-7, 8.584109240464466e-9, 2.7399943322830354e-8, 0.20925865360414497, 1.7347766908327637e-7, 0.20925901466725244, 0.7907408476103043, 1.1943933134977307e-8, 0.7429871314857548, 1.7658056654229352e-8, 0.20925904259058764, 2.14306489954169e-7, 1.3430968134311737e-8, 5.096545047634512e-9, 6.493790218322303e-9, 1.297656791137033e-8, 5.138615781240171e-7, 1.7149900321476844e-7, 1.2282358435806106e-8, 5.411477869658862e-7, 6.67409421397886e-9, 7.181611237637856e-9, 0.7429871220169929, 5.252809545938718e-7]
v_opt: [0.043789728070713, 5.384015143407376e-7]
solution time: 0.0048220157623291016
McCormick lower bound: -3.058801193892847

