x_opt: [0.7555478831279854, 0.7555479064791254, 9.318424668891285e-9, 0.9359126396786848, 0.24209558157099603, 3.140817754015481e-8, 0.24209557935001924, 0.7579044154928525, 3.365694664889505e-8, 0.7579043712788459]
w_opt: [0.7555478825704183, 8.899996333322571e-9, 0.7555478825589778, 3.456115834791167e-8, 3.081111384677652e-8, 5.710816790557778e-9, 0.5134522995724413, 8.018324305502854e-10, 0.755547881916015, 9.579642296154411e-10, 0.7555479057521893, 1.901117391995194e-9, 3.062981381026294e-8, 5.231073103426464e-10, 0.7555479058951895, 3.9208489456370787e-10, 0.5134522783548677, 8.013038437859295e-9, 8.064072087542002e-9, 7.128600545232768e-9, 8.833304105350995e-9, 2.6262480306433023e-9, 6.121805653599065e-10, 1.4605085681239908e-9, 0.17800822201959562, 4.230348920437667e-9, 0.24209557196372583, 0.7579044136359557, 9.230772493093539e-10, 0.7579043707739772, 1.024745972491496e-9, 0.2420955709176115, 1.4427616324939062e-9, 8.894186277614982e-10, 4.529739201363446e-10, 3.9244005640775374e-10, 6.562558962161069e-10, 3.07658389797891e-8, 7.002451068335515e-9, 1.606399712365104e-9, 3.278180952914879e-8, 4.0738816615888187e-10, 5.662729415744839e-10, 0.7579043696454719, 3.153195122762338e-8]
v_opt: [0.05861579471781641, 3.2896780343667e-8]
solution time: 0.0055201053619384766
McCormick lower bound: -1.648993571488816

