x_opt: [0.5258472099782123, 0.8988881933901517, 0.10111180052528371, 0.8988883428149339, 0.10111180639176498, 0.10111165787684981, 0.10111180550305861, 0.8988881939450623, 0.101111657737077, 0.10111180671059451]
w_opt: [0.5258472098689864, 0.10111180044117231, 0.5258472098926359, 9.796487581078112e-9, 0.10111165773743881, 9.559421382993575e-10, 0.42473540413904226, 1.3205521895448327e-10, 0.10111180649364944, 3.2309117606366445e-10, 0.8988881932850665, 2.0866515965497326e-10, 0.10111165776398895, 8.212217414988083e-11, 0.8988881932917127, 9.126520471250581e-11, 2.1797911238010848e-10, 0.10111180042698216, 0.10111180010873522, 0.10111165765782074, 0.10111180042161085, 1.3793476442267271e-9, 1.1480761177136369e-10, 2.9744891918451716e-10, 1.4941363795948422e-7, 2.729878742091527e-9, 0.10111180500267784, 0.8988881936439425, 8.405172306698577e-10, 0.10111180657627586, 2.1412300007871182e-10, 0.1011118049963698, 5.072899185756813e-10, 1.459798516188664e-10, 8.289589942470222e-11, 7.875306415535912e-11, 1.5457714527385768e-10, 0.10111165754403634, 1.89096888980286e-9, 4.752122324680574e-10, 0.10111165760148795, 7.768898733286635e-11, 1.323025813404445e-10, 0.10111180638061495, 0.10111165741476011]
v_opt: [0.010223792387094888, 0.10111165755795729]
solution time: 0.005126953125
McCormick lower bound: -3.2806555099358268

