x_opt: [0.525843093552416, 0.8988854800218727, 0.1011144712951389, 0.8988901928754093, 0.10111450534640946, 0.10111445597040668, 0.10111447194324523, 0.8988855016657556, 0.1011144090327515, 0.1011145240482415]
w_opt: [0.5258430905543863, 0.10111446918823049, 0.5258430908413853, 7.263686179884243e-7, 0.10111445219505624, 2.9229497303987875e-8, 0.4247286003256026, 2.9472404676433733e-9, 0.10111451966914554, 2.0106901851349183e-8, 0.8988854776955646, 5.116909441929136e-9, 0.10111445355510565, 2.2164867097249634e-9, 0.8988854777176102, 2.539211401917383e-9, 8.064781842248468e-9, 0.10111446943818586, 0.10111444979554876, 0.10111445131866376, 0.10111446698163408, 1.345660044719302e-7, 2.7298672108606657e-9, 7.009954223708561e-9, 4.704298167387388e-6, 4.696051616824527e-6, 0.10111446101243222, 0.8988854951992691, 4.6067790799525585e-6, 0.10111451969925357, 5.594083900741798e-9, 0.10111445956395632, 1.051828556279523e-8, 3.432025721067063e-9, 1.9866644494659983e-9, 2.0648632956220805e-9, 4.741688417026292e-9, 0.10111440488379275, 9.014497894157208e-8, 3.790634833885631e-8, 0.1011144061362871, 1.962546699775644e-9, 3.725590591851796e-9, 0.1011145150542298, 0.10111440190010812]
v_opt: [0.010225256900712977, 0.10111440424187515]
solution time: 0.0045430660247802734
McCormick lower bound: -5.3323149510230445

