x_opt: [0.516421164184744, 0.6988039270696087, 0.301196050056415, 0.9442522654645271, 0.3011960664388488, 0.05574776316290689, 0.30119605594736243, 0.6988039405904947, 0.055747738176389, 0.5163692837906717]
w_opt: [0.5164211625624858, 0.3011960489735607, 0.5164211632223442, 5.395023079761526e-8, 0.055747761779738184, 9.748633098350169e-9, 0.2152251077728626, 1.2288933781836074e-9, 0.5163692818207409, 4.120495201531911e-9, 0.6988039260810054, 1.9894829206366497e-9, 0.05574776216623166, 1.1636490846583427e-9, 0.6988039260170316, 1.0188633482496058e-9, 0.21517321203449238, 0.3011960490092691, 0.30119604616796164, 0.05574776113593481, 0.3011960490427781, 1.937516006305935e-8, 1.2582889685288282e-9, 3.211619371022914e-9, 0.2454483339497407, 5.1074819819012096e-8, 0.301196050843422, 0.6988039375508784, 6.431336037160991e-9, 0.5163692823527358, 2.327127388163703e-9, 0.30119605203551114, 8.776690080084808e-9, 1.5209931562082596e-9, 7.266002962931163e-10, 1.053684648321118e-9, 1.9745572096108997e-9, 0.05574773666737293, 2.392563134148759e-8, 4.241382780767231e-9, 0.055747736669366346, 9.967795611462428e-10, 1.1274176670354595e-9, 0.5163692808101294, 0.05574773490645376]
v_opt: [0.09071954825122899, 0.055747735969665015]
solution time: 0.005445957183837891
McCormick lower bound: -3.6343967961404147

