x_opt: [0.7429874102580561, 0.7907411563200549, 2.06677835284068e-7, 0.9999999054748496, 0.20925882217520353, 9.141268448854101e-8, 0.20925870315155348, 0.7907412737491538, 9.208458594233657e-8, 0.7429874524311334]
w_opt: [0.7429874093660287, 2.059974869902389e-7, 0.742987409688125, 1.1923954287379967e-6, 9.055978040292662e-8, 1.345611696609233e-8, 0.533728685694475, 9.002521055998381e-10, 0.7429874034971357, 1.7191584061211245e-9, 0.7907411557027955, 3.4243866387109e-9, 9.07006735981222e-8, 7.233768971612968e-10, 0.7907411557155641, 5.834852004452764e-10, 0.5337286096636781, 2.0586506341039256e-7, 2.0491823364009762e-7, 8.949291345923392e-8, 2.0614832954553655e-7, 8.710459261801315e-9, 8.821594851381622e-10, 2.2281102905122505e-9, 0.2092587289247018, 6.107324209405227e-8, 0.20925869442995232, 0.790741272123439, 2.446691780659273e-9, 0.7429874517035425, 1.877849572061641e-9, 0.20925870084458084, 9.730444616473958e-8, 1.5635345297708048e-9, 4.553676992383978e-10, 5.534522446618837e-10, 1.0646411266237341e-9, 9.001024610368963e-8, 3.416874845917588e-8, 1.3049987882231488e-9, 9.115621206793548e-8, 5.999414486696892e-10, 6.539205105238847e-10, 0.7429874507646561, 8.911677085257527e-8]
v_opt: [0.04378941552932268, 9.066272284853042e-8]
solution time: 0.004774808883666992
McCormick lower bound: -2.8731647333617554

