x_opt: [0.44746264486655224, 0.757367917235725, 0.2426320743184237, 0.868047449237961, 0.24263208165146333, 0.1319525540537154, 0.24263207595026906, 0.757367919113358, 0.131952552462867, 0.24263208335720313]
w_opt: [0.4474626445894481, 0.2426320741377669, 0.447462644673108, 1.0256421835372613e-8, 0.13195255379125942, 1.9728251450888436e-9, 0.2048305644561027, 2.2043762871151038e-10, 0.24263208298717776, 6.417839765949947e-10, 0.757367917035826, 3.8655963283390937e-10, 0.13195255386654692, 1.7705711441245638e-10, 0.7573679170234322, 1.755611170884448e-10, 8.532021254222126e-10, 0.24263207412528665, 0.2426320736337143, 0.13195255365580477, 0.24263207412577137, 2.482801818119639e-9, 2.232977672992545e-10, 5.396703672411374e-10, 0.11067953127067207, 7.356918435507838e-9, 0.24263207499596123, 0.7573679185554401, 2.1410911756827115e-9, 0.24263208308857517, 4.122876005654438e-10, 0.24263207528343148, 1.0830003535634475e-9, 2.684427837763164e-10, 1.4690066219353908e-10, 1.8917290569132002e-10, 3.2450499010954266e-10, 0.13195255217093363, 3.792943951332129e-9, 5.876448197643203e-10, 0.13195255218991955, 1.7288274141175673e-10, 2.3382398123861474e-10, 0.2426320827428652, 0.13195255187672306]
v_opt: [0.05887043555738939, 0.13195255208696804]
solution time: 0.005010128021240234
McCormick lower bound: -3.1902872557835926

