x_opt: [0.5258473111362711, 0.8988883811273092, 0.10111161706029716, 0.8988883887772363, 0.10111161804146318, 0.10111161693366791, 0.10111161702846143, 0.8988883820225889, 0.10111161591656419, 0.10111161927539866]
w_opt: [0.5258473111069958, 0.10111161701135828, 0.525847311108726, 1.3619256497083972e-8, 0.10111161685235324, 6.262802568792899e-10, 0.4247356932973774, 6.542369651795789e-11, 0.10111161916973815, 3.3386317146505906e-10, 0.8988883810779056, 7.273415139206938e-11, 0.10111161688051362, 4.71186985880078e-11, 0.8988883810823523, 5.360173369058454e-11, 4.442899325388024e-10, 0.10111161701410142, 0.1011116167200934, 0.10111161681983089, 0.10111161696057992, 2.484047629053382e-9, 5.92789169326786e-11, 1.6385534039461335e-10, 6.955225734507367e-9, 7.803887778355273e-9, 0.10111161677037249, 0.8988883818601667, 4.875749687611989e-9, 0.10111161919308936, 1.270056927790758e-10, 0.1011116167057492, 1.5697539066789535e-10, 7.860278581834675e-11, 4.153800586727855e-11, 4.2632226769708845e-11, 1.0488656741245234e-10, 0.10111161584674057, 2.1470215641537704e-9, 6.661468770045474e-10, 0.10111161587244932, 4.062724019291982e-11, 7.782478381519174e-11, 0.10111161908267184, 0.10111161575165195]
v_opt: [0.01022363118258281, 0.1011116158218956]
solution time: 0.005852937698364258
McCormick lower bound: -4.588706496286689

