x_opt: [0.5258473986531469, 0.8988883853196191, 0.10111155862248176, 0.898888446575773, 0.10111156700461596, 0.10111154956320424, 0.10111156125084936, 0.8988884354205593, 0.10111155089322556, 0.10111172960966658]
w_opt: [0.5258473972140634, 0.10111155735799253, 0.5258473965431109, 2.974227497580794e-7, 0.10111154714068117, 1.6841843666305603e-8, 0.4247358370265877, 3.28996423485619e-9, 0.10111172262875642, 5.714105961974714e-9, 0.8988883834945389, 3.3219074533461037e-9, 0.10111154678744294, 1.271330691691146e-9, 0.8988883839676816, 1.6067720708424104e-9, 1.1632648454929238e-7, 0.10111155686152405, 0.10111153909238645, 0.10111154472489253, 0.1011115554765577, 6.699710067505944e-8, 2.0554595288882176e-9, 6.531848676500836e-9, 2.205933289384892e-8, 3.7250832489037854e-8, 0.10111155047304113, 0.8988884166109351, 8.026295702140715e-9, 0.1011117275165559, 3.863601198930845e-9, 0.10111154383276376, 9.62759265958457e-9, 3.0311915100911558e-9, 1.648845446846895e-9, 1.0120532225736198e-9, 3.1349160211261078e-9, 0.10111154559781528, 4.4126221607350855e-8, 1.1484497030334581e-8, 0.10111154858273895, 1.1041323594600671e-9, 3.494152242825301e-9, 0.1011117239785403, 0.10111154542492692]
v_opt: [0.010223646986404163, 0.10111154825089672]
solution time: 0.0046198368072509766
McCormick lower bound: -3.3104821475171495

