x_opt: [0.5258473114568477, 0.8988883772621177, 0.10111161701214723, 0.8988883857041275, 0.10111162104821879, 0.10111161684664412, 0.10111161712778663, 0.8988883791710343, 0.10111161599453287, 0.10111162424383777]
w_opt: [0.5258473113188903, 0.10111161696231692, 0.5258473113911919, 2.740500686649109e-8, 0.10111161674701229, 6.850624026381462e-10, 0.42473569068011047, 9.089920643554615e-11, 0.10111162407291807, 3.0275841237968617e-10, 0.8988883771952615, 1.3597736035225528e-10, 0.10111161677496641, 7.168029197669671e-11, 0.898888377197495, 6.755524426192901e-11, 1.5858090631707184e-9, 0.10111161696261106, 0.10111161669644898, 0.1011116167156246, 0.10111161692992617, 4.069112494471912e-9, 8.006902341946693e-11, 2.182381497810003e-10, 6.9051508120547576e-9, 4.592226195057703e-9, 0.10111161675498428, 0.8988883789489599, 1.8392611089930907e-9, 0.1011116241600759, 1.526972517124277e-10, 0.10111161645131317, 3.4521694059457555e-10, 1.0311190949315842e-10, 5.19759844362833e-11, 5.433300729325134e-11, 1.1911840395917324e-10, 0.10111161579138137, 2.7449243768936143e-9, 1.8234003113244163e-9, 0.10111161584227567, 5.455119040528925e-11, 8.427597479691062e-11, 0.10111162404147751, 0.10111161568023899]
v_opt: [0.010223889335235114, 0.10111161575794282]
solution time: 0.004841804504394531
McCormick lower bound: -4.027841139488671

