x_opt: [0.48101904697143877, 0.8688420766671004, 0.13115789201778313, 0.9186241558188968, 0.13115792080562524, 0.13115785118060164, 0.13115789525846275, 0.8688420841491229, 0.1311578459065417, 0.13115792094290682]
w_opt: [0.4810190443339399, 0.13115789028167174, 0.4810190443143083, 1.0823547971896213e-7, 0.1311578477271228, 2.2293643980447945e-8, 0.34986113553062037, 2.4678233468726304e-9, 0.13115791647893082, 8.611072120289842e-9, 0.8688420743636445, 4.611145854985115e-9, 0.13115784903920835, 1.5260517994678216e-9, 0.8688420741134307, 2.040296739829915e-9, 2.5588661261498413e-9, 0.13115789033947897, 0.13115788052333235, 0.13115784693574095, 0.13115788848495508, 3.292356496114064e-8, 2.3140059446191317e-9, 5.386245789913659e-9, 0.0497820816037039, 0.049782032273856754, 0.1311578867457463, 0.8688420786905257, 0.049782006163439335, 0.13115791724138864, 4.567888159061044e-9, 0.1311578883121103, 7.933644745833291e-9, 2.7799687726650084e-9, 1.983449613830099e-9, 1.8723617636154397e-9, 3.4978524351767177e-9, 0.13115784177712625, 3.419441918657405e-8, 9.2176975664935e-9, 0.13115784327324656, 1.6982757497120493e-9, 3.819255457826219e-9, 0.13115791219323972, 0.13115783989638385]
v_opt: [0.017203974365819004, 0.13115784202851372]
solution time: 0.005439043045043945
McCormick lower bound: -4.2430904025658

