x_opt: [0.5258479362692956, 0.8988884003732295, 0.10111138483152567, 0.8988888114399881, 0.1011113788704304, 0.10111110944215179, 0.10111139223273326, 0.8988886067912621, 0.10111108722820392, 0.10111253159743613]
w_opt: [0.5258479313009601, 0.10111137944061588, 0.5258479306134517, 2.0921378564717685e-6, 0.10111110129807419, 6.735612128153676e-8, 0.42473656591766235, 1.1522735412264708e-8, 0.10111209865447242, 3.476786303577281e-8, 0.8988883950781836, 1.9637510079075293e-8, 0.10111110177876315, 6.255374619544626e-9, 0.8988883965877753, 6.277456385743473e-9, 9.46234102244467e-7, 0.10111138006034391, 0.10111123554758189, 0.1011110950393567, 0.10111137168593078, 2.574018612721857e-7, 7.1902833100658545e-9, 2.970904779695827e-8, 2.3084788372814904e-7, 9.327171857714678e-8, 0.10111134828783622, 0.8988884281146728, 7.657886574984621e-8, 0.10111252361030101, 1.615134333881757e-8, 0.10111122692016122, 1.3076497886990992e-8, 1.2867402691460981e-8, 5.45472649077182e-9, 3.2904486394339687e-9, 2.0235522668631857e-8, 0.1011110678997898, 1.4325799634977004e-7, 9.097519265713013e-8, 0.1011110804915652, 3.7013692676029632e-9, 1.9073479924868067e-8, 0.10111251155631966, 0.10111107387180912]
v_opt: [0.010223605938829164, 0.10111107723062973]
solution time: 0.004625082015991211
McCormick lower bound: -4.4326671606761545

