x_opt: [0.5258473192603758, 0.8988883810984885, 0.10111161052520554, 0.8988883887769247, 0.10111161151882929, 0.10111161044435872, 0.10111161082905017, 0.8988883878553594, 0.10111161071160374, 0.10111162172675964]
w_opt: [0.5258473190831732, 0.10111161045352739, 0.5258473190997487, 1.415344703308258e-8, 0.10111161028952953, 1.06190529363972e-9, 0.42473570715563297, 2.038880828324045e-10, 0.10111162143572609, 3.264132166530434e-10, 0.8988883809636015, 2.3231203505861615e-10, 0.10111161025235839, 7.86163657674947e-11, 0.8988883810088162, 9.549564523002597e-11, 2.9409435575184934e-9, 0.10111161039845269, 0.10111160961732098, 0.10111160990425501, 0.10111161033132383, 3.1208249822084625e-9, 1.2954054394231165e-10, 3.7480461977047257e-10, 9.936757954988286e-10, 1.7193129261717754e-9, 0.10111161007194938, 0.8988883868563635, 4.300067381456507e-10, 0.10111162159958581, 2.3803421182406993e-10, 0.10111160896888863, 2.985977047505188e-10, 1.8924073812610592e-10, 1.1769731652440769e-10, 6.605639556816994e-11, 1.6872578666894714e-10, 0.10111161021701941, 1.8731227243778637e-9, 9.706632647295707e-10, 0.10111161054318571, 7.07460831027246e-11, 2.6465321597045353e-10, 0.1011116213193285, 0.10111161026561952]
v_opt: [0.010223840540903048, 0.10111161057682784]
solution time: 0.005093097686767578
McCormick lower bound: -2.6473702455929007

