x_opt: [0.4366512227344509, 0.43665121604400453, 9.790281555266961e-8, 0.7819070171362121, 0.21809296345819934, 0.21809296784867513, 0.21809183386249545, 0.5633487943678597, 0.21809296096532543, 0.5633489497839026]
w_opt: [0.4366512131553027, 9.65980795206563e-8, 0.4366512200291209, 1.0951991186648638e-6, 0.21809296561806368, 8.218525879622063e-8, 2.1342343959817376e-8, 2.3469750924528816e-9, 0.4366512178665503, 2.882825205553602e-9, 0.43665120920727235, 1.7968214639963885e-6, 0.218092964958957, 1.4901092256505107e-9, 0.4366512114586416, 1.1613732567755591e-9, 1.6846999533609405e-7, 6.631876299164581e-8, 9.349241312646831e-8, 3.59103350205116e-8, 9.581687795488832e-8, 1.1719361509219227e-8, 2.1584341523939306e-9, 4.290913998535613e-9, 5.111847763908734e-9, 7.896369606169113e-8, 0.21809032217854205, 0.563348785393837, 1.1391149933523571e-8, 0.5633489480298989, 3.515070074588164e-9, 9.438082897017948e-8, 3.408753943216958e-9, 2.919745476452225e-9, 2.4053567396981978e-9, 1.704747241570921e-9, 1.964176956040959e-9, 0.2180929584605471, 4.001917721913128e-8, 6.253670102915898e-9, 0.21809183317462477, 1.432009557138729e-9, 2.9482358336463986e-9, 0.5633487840494176, 0.21809295022316663]
v_opt: [0.04756420871665638, 0.2180929583278764]
solution time: 0.004528045654296875
McCormick lower bound: -0.8778627658526598

