x_opt: [0.5258473169462787, 0.8988883830659445, 0.10111161290816113, 0.8988883936613818, 0.10111161246555316, 0.10111161248521093, 0.10111161249562746, 0.8988883870953354, 0.10111161074092401, 0.10111162326347428]
w_opt: [0.52584731662636, 0.10111161266362599, 0.5258473166303417, 4.384289904291088e-8, 0.10111161205647229, 2.384292535782595e-9, 0.42473570465779015, 3.9317580430870645e-10, 0.1011116226677259, 1.249899784494697e-9, 0.8988883827881404, 5.052764049679465e-10, 0.10111161217028553, 2.3087509321242268e-10, 0.898888382820071, 3.163527729464899e-10, 6.614284911271933e-9, 0.10111161267853086, 0.10111160979039571, 0.10111161187761936, 0.1011116122293126, 6.615905055701374e-9, 3.2537424932083074e-10, 8.761145434868626e-10, 6.9171238951379116e-9, 3.398987823707005e-8, 0.10111161133836144, 0.898888386225041, 5.483334019638132e-9, 0.10111162282569322, 6.420799770903122e-10, 0.10111161013036145, 1.0527796869551108e-10, 4.153836743074515e-10, 2.3275830012727353e-10, 2.1583946668265406e-10, 6.794408598482483e-10, 0.10111161020212787, 5.61867975957647e-9, 1.438960909813419e-9, 0.1011116103828673, 2.1921104126544137e-10, 4.6480549654607135e-10, 0.10111162234182924, 0.10111160978366811]
v_opt: [0.010223735684335945, 0.10111161021780943]
solution time: 0.006958961486816406
McCormick lower bound: -4.940939594116513

