x_opt: [0.5407183730351643, 0.9091783273907303, 0.09082166414019202, 0.909178344394724, 0.0908216642447755, 0.09082165277219358, 0.0908216660428516, 0.9091783399622709, 0.09082165419988211, 0.11028508452339768]
w_opt: [0.5407183719115028, 0.09082166308239131, 0.5407183716710963, 5.5489590596146365e-8, 0.09082165103343934, 8.527137547733738e-9, 0.44989671540273807, 2.6635565407287512e-9, 0.1102850816080709, 5.784354871060163e-9, 0.9091783262231495, 2.0008377798424725e-9, 0.09082165083315723, 1.2376379592118444e-9, 0.9091783264765374, 1.3971418371734535e-9, 0.01946341282593877, 0.09082166294852985, 0.09082165474904054, 0.09082165005594256, 0.09082166227668301, 3.393850770089518e-8, 1.5561377910115296e-9, 5.4192311373470025e-9, 1.1511606468440075e-8, 2.4431020864086932e-8, 0.09082166012582779, 0.9091783352989783, 4.435632816667553e-9, 0.11028508295764733, 2.9580024017297205e-9, 0.0908216579782716, 6.7635619808980765e-9, 2.2618549944839667e-9, 9.976380372238212e-10, 7.526668393730211e-10, 2.3723632920729905e-9, 0.09082165039129526, 2.4473748430519924e-8, 1.0138211454021908e-8, 0.0908216527964421, 8.636074935994287e-10, 1.714323506178831e-9, 0.1102850810922157, 0.09082165044095647]
v_opt: [0.00824858868834825, 0.09082165208202644]
solution time: 0.007000923156738281
McCormick lower bound: -4.447258411379732

