x_opt: [0.3698928834517137, 0.6301071421206677, 0.2269246830217304, 0.7730754800119879, 0.3698928195713834, 0.22692453669364088, 0.27518783306535216, 0.6301071853280935, 0.22692451893766333, 0.36989286525805476]
w_opt: [0.36989288299619244, 0.2269246828185491, 0.36989288327527975, 4.220725943167209e-8, 0.22692453639321197, 4.774947779050408e-9, 7.214356627759004e-8, 1.9704813399443533e-10, 0.36989285345351164, 7.666270286198203e-10, 0.6301071418895102, 2.771087966699264e-9, 0.2269245365270034, 2.397183352095933e-10, 0.630107141182776, 1.503396305309291e-10, 9.190216150215504e-9, 0.22692468280584155, 0.22692468241732058, 0.2269245360066906, 0.22692468289352735, 3.0211335533286837e-9, 2.2613762835977715e-10, 7.210464438733935e-10, 0.14296830004826147, 2.5689639149510872e-8, 0.2751878307528981, 0.6301071844176691, 5.448016235994909e-9, 0.3698928650018234, 5.859566703877618e-10, 0.2751878264011724, 5.189053734631213e-9, 3.4595050193067365e-10, 1.3989128429945025e-10, 2.1894119577655273e-10, 3.6915715851745345e-10, 0.22692451801666136, 5.146812354401595e-9, 2.914958026951109e-9, 0.22692451870893088, 1.8510375194646234e-10, 2.77158122232923e-10, 0.36989286411508704, 0.22692451808938818]
v_opt: [0.07572858549030104, 0.2269245185502376]
solution time: 0.006042957305908203
McCormick lower bound: -2.3377864411457563

