x_opt: [0.6719637691186341, 0.9999929668480849, 7.032030319101982e-6, 0.999992973558756, 7.032480294516516e-6, 7.026519443602813e-6, 7.033093445946245e-6, 0.9999929702010931, 7.026479071414602e-6, 0.19124592116205244]
w_opt: [0.6719637689447664, 7.031875040453929e-6, 0.6719637689571205, 1.0983197271755605e-8, 7.026297016054292e-6, 1.2238715854534436e-9, 0.6719567396988213, 2.9153382974963727e-10, 0.19124592081572428, 8.711017178677325e-10, 0.9999929667071865, 2.883881303224977e-10, 7.026304971526775e-6, 2.2269309475834954e-10, 0.999992966727196, 1.8130004029941535e-10, 0.19123888814733217, 7.031873205357618e-6, 7.031037852344761e-6, 7.0262149848449525e-6, 7.031864269529053e-6, 6.235461273366153e-9, 2.0861861870486936e-10, 7.044607065012662e-10, 6.3624287788660965e-9, 4.005446149278061e-9, 7.032296148774452e-6, 0.9999929697432494, 6.605625619236237e-10, 0.19124592095027831, 3.9885617688968504e-10, 7.03189704691469e-6, 2.9538974687215746e-9, 2.8978712268159803e-10, 1.1915908633947154e-10, 1.131148721966077e-10, 3.067587498949703e-10, 7.02608631605944e-6, 3.807474911750051e-9, 3.7097238928746607e-9, 7.0262926030501235e-6, 1.2702007023054386e-10, 1.7891443149825388e-10, 0.19124592072616678, 7.0259739879261745e-6]
v_opt: [2.6796707010583507e-7, 7.026169072677086e-6]
solution time: 0.005095005035400391
McCormick lower bound: -4.663142490224626

