x_opt: [0.553329522639934, 0.553329987488932, 1.0427594951108914e-5, 0.930182499430143, 0.06981766335743263, 0.0698173599430651, 0.0698174923230835, 0.9301823245416169, 0.06981747726012244, 0.4466708795806633]
w_opt: [0.5533295196919159, 1.0425389247003874e-5, 0.553329518547943, 4.403875587049254e-7, 0.0698173560064372, 3.296248115796074e-8, 0.4835118518294881, 5.994861977972509e-9, 0.4466708716817427, 6.375005596686769e-9, 0.5533299833240476, 7.805209113525179e-9, 0.06981735390694668, 2.32066565922421e-9, 0.5533299846451157, 2.37007582018078e-9, 8.697055684264059e-7, 1.0421992767185775e-5, 1.0417205589318551e-5, 1.0413797627134612e-5, 1.04240357903314e-5, 2.8619722966720607e-8, 3.7539993643948095e-9, 1.0679214071420913e-8, 1.6806543897127777e-7, 4.6551528537754153e-8, 0.06981745772010588, 0.9301823139144996, 6.901374768505367e-9, 0.44667087644179915, 6.333544427796924e-9, 0.06981745886521173, 5.821304193033092e-9, 5.471942430035728e-9, 3.1709054693602743e-9, 1.8750535024784357e-9, 3.7194297617368646e-9, 0.06981735647246218, 5.7557814089884336e-8, 9.941717477184617e-9, 0.06981747227591721, 1.9944004214986886e-9, 4.3793405920041695e-9, 0.44667086913692233, 0.06981746585879124]
v_opt: [0.004876488647321849, 0.06981747290367592]
solution time: 0.0057408809661865234
McCormick lower bound: -1.9256645058387558

