x_opt: [0.5258318825362418, 0.8988632189173728, 0.1011231347795838, 0.8988768334136156, 0.10113626398330634, 0.10112314805040871, 0.10112314797606602, 0.8988637302521553, 0.10112315056213729, 0.10113678840195481]
w_opt: [0.525831880060362, 0.10112313285188214, 0.525831878749535, 1.3050926266453694e-7, 0.10112314428475871, 2.818634380115776e-8, 0.42469561701874253, 4.061745379846342e-9, 0.10113678154722543, 6.209733800751158e-9, 0.8988632152006696, 5.713285971434791e-9, 0.10112314404457025, 1.827757187520098e-9, 0.8988632161571655, 2.109464444470029e-9, 9.978660119026337e-9, 0.10112313130641018, 0.1011231230208713, 0.1011231230269877, 0.10112313110837738, 3.169383442889802e-8, 3.0634314906475743e-9, 7.692000516345501e-9, 1.3102528036331752e-5, 4.133558503613585e-8, 0.10112313023545857, 0.8988637216205914, 6.67524353786651e-9, 0.10113678518451606, 5.428464338973377e-9, 0.10112313258847973, 4.129328806057909e-9, 4.0744763633538874e-9, 2.92660493196775e-9, 1.8387210861939548e-9, 3.41314952654214e-9, 0.10112314409487108, 4.009582600963473e-8, 9.583278202509474e-9, 0.10112314466766306, 1.824509973558385e-9, 4.599275171967109e-9, 0.10113677746005093, 0.10112314188929454]
v_opt: [0.010228744802883926, 0.10112314660710552]
solution time: 0.00458216667175293
McCormick lower bound: -2.1267684083965777

