x_opt: [0.43665134615524687, 0.43665134385564214, 3.4863406552363105e-9, 0.7819066572630238, 0.21809334686540652, 0.2180933369871422, 0.21809333666457323, 0.5633486530545248, 0.21809333715857307, 0.5633486917693014]
w_opt: [0.4366513434718986, 3.2646531955569665e-9, 0.43665134571503533, 3.625879103812653e-8, 0.218093336630843, 8.801480350392432e-9, 7.526061630499847e-10, 4.4322983073990747e-10, 0.4366513453006827, 4.2562515847510935e-10, 0.4366513425597228, 0.21809334390895135, 0.21809333640901396, 2.917082409424954e-10, 0.43665134304312586, 1.9414516953413063e-10, 3.6169967744169873e-8, 9.530657182788103e-10, 2.8528145303875928e-9, 1.1676630490514094e-9, 3.1556790137221774e-9, 1.0890086041343183e-9, 3.643737647188138e-10, 6.779288320422886e-10, 4.667047219864908e-9, 5.459839955802985e-9, 1.3071121061409982e-8, 0.5633486513415812, 6.870341398005801e-10, 0.5633486914976815, 5.816935505342815e-10, 3.1417672001693614e-9, 7.691947676258128e-10, 5.450261227718713e-10, 3.821782825584289e-10, 2.7877891221148975e-10, 3.322747667743394e-10, 0.2180933364796419, 5.011700031955154e-9, 9.543961988486775e-10, 0.2180933344359609, 2.479136651419809e-10, 4.408069518342243e-10, 0.5633486515624564, 0.21809333509515014]
v_opt: [0.047601557275051186, 0.21809333672117204]
solution time: 0.007234811782836914
McCormick lower bound: -0.8170181038348862

