x_opt: [0.525847335213491, 0.8988883774522023, 0.10111160213682095, 0.898888398108576, 0.1011116075147817, 0.10111159840550267, 0.10111160521671081, 0.8988883949735319, 0.10111159905777413, 0.10111164971003671]
w_opt: [0.525847334074234, 0.10111160115584218, 0.5258473337948139, 8.000725007770417e-8, 0.10111159666531781, 9.474416273664721e-9, 0.4247357325087665, 2.1736995640131107e-9, 0.1011116452191235, 4.997044815886992e-9, 0.8988883762126463, 2.179098117914233e-9, 0.10111159668140472, 1.0020015560880106e-9, 0.8988883764719467, 1.24518921931694e-9, 2.817277081024388e-8, 0.10111160098968165, 0.10111159311891219, 0.10111159525830798, 0.10111160013774287, 3.5866308206444075e-8, 1.444726726384932e-9, 4.3924474685664875e-9, 8.910349503385103e-9, 2.4349860354309168e-8, 0.10111159931792005, 0.8988883890357735, 4.597998484340075e-9, 0.10111164811987644, 2.767394931559729e-9, 0.10111159782860078, 5.309978614472176e-9, 2.032586380458172e-9, 1.0607842546596046e-9, 7.730625570950944e-10, 2.1166407447651896e-9, 0.10111159570901466, 2.2026861850414185e-8, 9.423883237722117e-9, 0.10111159755338181, 8.41783749280907e-10, 1.8402301284326767e-9, 0.10111164594954816, 0.10111159512685755]
v_opt: [0.010223579377968967, 0.1011115970437607]
solution time: 0.0077860355377197266
McCormick lower bound: -3.9282691555536964

