x_opt: [0.6719719804680878, 0.9999975258405267, 2.333183757583239e-6, 0.9999988738798391, 2.4722111322752907e-6, 1.1224757698523823e-6, 2.4690453422633997e-6, 0.9999976327911583, 1.1236753420900094e-6, 0.19125333771546926]
w_opt: [0.6719719788678815, 2.3317126898384074e-6, 0.6719719790078806, 6.115049074700187e-8, 1.1204713118702445e-6, 1.056267505887448e-8, 0.6719696168244417, 2.7914336812933196e-9, 0.1912533329188723, 5.736978685927168e-9, 0.9999975245401963, 3.827075576491821e-9, 1.120458959500629e-6, 2.3507498419451728e-9, 0.9999975247154232, 1.6246185370165132e-9, 0.19125086520346124, 2.3316292791040333e-6, 2.3276043016260935e-6, 1.119666005906404e-6, 2.3317735074259186e-6, 2.772679512414842e-8, 1.948138987739582e-9, 6.6886781837427125e-9, 1.3488114088750142e-6, 3.244809948591145e-8, 2.4615629369485097e-6, 0.9999976286521302, 5.247221542358639e-9, 0.19125333585068355, 3.6293739524995494e-9, 2.461962513907812e-6, 1.0766924556215033e-7, 2.724555304441237e-9, 1.0848287631780595e-9, 1.039262402319035e-9, 2.615364701023761e-9, 1.1190812200257685e-6, 3.256838554481953e-8, 1.0572245782170257e-7, 1.1219410733789782e-6, 1.1845059228374178e-9, 1.5162058391247575e-9, 0.19125333386320947, 1.1188114260653756e-6]
v_opt: [7.565423764289026e-7, 1.1208469349763771e-6]
solution time: 0.004601001739501953
McCormick lower bound: -4.317381536861117

