x_opt: [0.5258473144648519, 0.8988883000040796, 0.10111161052508713, 0.8988883904571863, 0.10111163296676116, 0.1011116095714667, 0.1011116186480185, 0.8988883675521684, 0.10111160927391424, 0.10111171947830527]
w_opt: [0.5258473136290045, 0.10111160989963487, 0.5258473135020703, 2.7685462049872027e-7, 0.10111160827381406, 1.9851228720683706e-8, 0.42473568495336933, 1.4265802190444955e-9, 0.10111171454642309, 3.548511083142796e-9, 0.8988882990175163, 3.216836098614761e-9, 0.10111160853429953, 7.679972244515149e-10, 0.8988882990621404, 7.835453950041331e-10, 2.1734461239736906e-8, 0.10111160971368804, 0.10111160586041584, 0.10111160686000031, 0.10111160942102342, 3.4778671961483504e-8, 1.0613796863757156e-9, 3.2307798055924724e-9, 2.6801042354128034e-8, 3.987215014943378e-8, 0.1011116093830816, 0.8988883599440967, 6.505197982310532e-9, 0.1011117183024925, 2.46480162990723e-9, 0.10111160805981355, 3.665285432453017e-9, 1.856788789203136e-9, 1.1161864861107605e-9, 5.650754576780828e-10, 1.4287439401576552e-9, 0.10111160503132734, 3.0929634147300004e-8, 8.907070408385981e-9, 0.1011116083208791, 5.732880929004664e-10, 1.7629798147710411e-9, 0.10111171614517282, 0.10111160533232073]
v_opt: [0.010225856471896635, 0.10111160782442717]
solution time: 0.0047168731689453125
McCormick lower bound: -3.115855640114094

