x_opt: [0.30685397965988126, 0.752107644134701, 0.24789235581103694, 0.9953011176855585, 0.2478923558479205, 0.2478923557422254, 0.24789235581625726, 0.7521076441653674, 0.24789235564808632, 0.24789235586315958]
w_opt: [0.3068539796535392, 0.2478923558040705, 0.306853979656973, 2.828841606920624e-10, 0.24789235573518803, 5.7911416741203667e-11, 0.05896162384314976, 6.007321469003819e-12, 0.24789235584844407, 2.50671322672293e-11, 0.7521076441339448, 1.0961864399739086e-11, 0.24789235574107504, 4.585720567875147e-12, 0.7521076441317074, 5.461835459633046e-12, 1.12493443570561e-11, 0.24789235580348726, 0.24789235577723007, 0.24789235573829987, 0.2478923557993966, 1.0566581503489645e-10, 6.155149484093462e-12, 1.4270955111232433e-11, 0.24319347354194057, 0.24319347351039441, 0.24789235579402855, 0.7521076441515091, 0.2431934733497238, 0.24789235584755143, 1.2076088388734035e-11, 0.24789235579742896, 2.169172990092507e-11, 7.213764743825514e-12, 4.521450888268467e-12, 5.6377621284307825e-12, 1.0491655974978207e-11, 0.2478923556427809, 1.0072885241104037e-10, 2.568756323664651e-11, 0.24789235564273834, 4.945173017915897e-12, 8.28835737484463e-12, 0.2478923558380627, 0.24789235562589312]
v_opt: [0.061450655696368234, 0.24789235563824627]
solution time: 0.005703926086425781
McCormick lower bound: -4.464386805796094

