x_opt: [0.5258468377776226, 0.8988876345591735, 0.1011119815787191, 0.8988881064736493, 0.10111234813658634, 0.10111196385344148, 0.1011119905098568, 0.8988876465257367, 0.10111196461190529, 0.10111240197492685]
w_opt: [0.5258468338961785, 0.1011119783364807, 0.5258468310646619, 2.72344395571035e-6, 0.10111195697031757, 8.31493109424271e-8, 0.4247344931408059, 8.375935549875417e-9, 0.10111237871503705, 1.4261802390535706e-8, 0.8988876284962193, 1.0424867180005125e-8, 0.10111195603247357, 3.1613124284566654e-9, 0.8988876302113494, 4.130676047848456e-9, 4.481024766958165e-8, 0.10111197661180901, 0.10111193068473283, 0.10111194570629212, 0.10111196825489595, 1.94661908964615e-7, 5.601411379065594e-9, 1.6368644764042073e-8, 5.062329518793016e-7, 1.3936444562559437e-7, 0.10111195331473415, 0.8988875535405595, 8.163233403768531e-8, 0.10111239583583045, 1.0735813223167725e-8, 0.10111191693810222, 2.6441450455679674e-8, 8.558964589852588e-9, 6.402008105068649e-9, 2.81913855380747e-9, 7.585197160020748e-9, 0.1011119501302673, 1.2108095983080004e-7, 6.371376075442161e-8, 0.10111195966718746, 2.99181861130514e-9, 1.2473981508592298e-8, 0.10111238241155324, 0.10111194618754328]
v_opt: [0.010223875462790962, 0.10111195749490837]
solution time: 0.004355907440185547
McCormick lower bound: -2.8999023248797484

