x_opt: [0.5258450444577613, 0.8988842821751516, 0.10111567565196865, 0.8988874815128534, 0.10111571571077511, 0.10111252837261123, 0.10111570862510676, 0.8988842896241432, 0.10111252634627002, 0.10111571941688167]
w_opt: [0.5258450432320252, 0.10111567473744637, 0.5258450434513705, 8.821237833424181e-8, 0.1011125270183363, 8.87724497982248e-9, 0.42472933640081884, 1.3158800258983879e-9, 0.10111571740594456, 3.6434803468939484e-9, 0.898884281208971, 2.170310615663739e-9, 0.10111252729479138, 9.560209967533182e-10, 0.8988842812431953, 9.47165623356644e-10, 2.7630937202088774e-9, 0.10111567467079305, 0.10111567185738364, 0.10111252641068504, 0.10111567471125084, 9.403868421428875e-9, 1.181281109760226e-9, 3.1474596066119285e-9, 3.1991472528107557e-6, 3.303268070781155e-8, 0.10111570370534664, 0.8988842868763988, 1.039550119174965e-8, 0.10111571807859127, 2.2030535398710506e-9, 0.10111570458872948, 6.997647480032296e-9, 1.4988782103777583e-9, 7.572780574790609e-10, 8.269051007595959e-10, 1.6469376573446282e-9, 0.10111252453892078, 2.116917251362753e-8, 6.0972779842321715e-9, 0.10111252508198025, 8.253651380207924e-10, 1.15706206988869e-9, 0.1011157164338844, 0.10111252331705588]
v_opt: [0.010226171643429142, 0.10111252446756669]
solution time: 0.0050048828125
McCormick lower bound: -3.5875067845743183

