x_opt: [0.5258472773352377, 0.8988881786796957, 0.10111163382727023, 0.8988883874662935, 0.10111167297020132, 0.10111162420124364, 0.10111163880563154, 0.8988883253754881, 0.10111162473163544, 0.10111183038546015]
w_opt: [0.5258472768276886, 0.10111163340966478, 0.5258472764701143, 3.847189833772988e-7, 0.10111162326378426, 2.809890834342914e-8, 0.4247356046433755, 1.1083311805312509e-9, 0.10111182842627756, 1.7737642003323884e-9, 0.8988881777884647, 1.692382386175207e-9, 0.10111162316383822, 4.4157418484649274e-10, 0.8988881781338595, 5.366970693512588e-10, 1.0800373292099676e-8, 0.10111163309459506, 0.10111162923255416, 0.10111162203173109, 0.10111163301813444, 1.9478892208487066e-8, 8.411875005770603e-10, 2.203923234839087e-9, 6.336892577198068e-8, 3.937787052503377e-8, 0.1011116300238189, 0.8988883201247208, 1.3446259584133336e-8, 0.10111182959874603, 1.5439353052208907e-9, 0.1011116342677716, 2.271910170109018e-9, 1.3629791929725419e-9, 9.167658698207296e-10, 3.776824491985156e-10, 8.757873856180579e-10, 0.10111162283208529, 2.389634006472153e-8, 3.5984236110689996e-9, 0.10111162376169361, 4.1289232308182867e-10, 1.329907481356548e-9, 0.10111182818934396, 0.10111162178112167]
v_opt: [0.010223617672084925, 0.10111162368894679]
solution time: 0.006412029266357422
McCormick lower bound: -2.6482159295087024

