x_opt: [0.5258472587183463, 0.8988883043546584, 0.10111166551073039, 0.898888372231751, 0.10111169005829407, 0.10111165166852644, 0.10111166546199203, 0.8988883106458949, 0.10111164858750617, 0.10111169670901672]
w_opt: [0.5258472583200725, 0.10111166522939367, 0.52584725831246, 1.465777061488201e-7, 0.10111165113809774, 5.627740801307289e-9, 0.42473557010960794, 4.323738280938894e-10, 0.10111169610740225, 1.3139815432339845e-9, 0.8988883039705587, 5.430102596353549e-10, 0.10111165129856095, 2.678594506553307e-10, 0.8988883040108929, 3.308245671343525e-10, 1.404865406412501e-9, 0.10111166520122822, 0.10111166386181654, 0.10111165085566666, 0.10111166497549993, 7.793833585075964e-9, 3.933341171400868e-10, 1.0599036473719586e-9, 6.311291955471451e-8, 3.6443189745423776e-8, 0.10111166347854261, 0.8988883096373268, 2.226030311854933e-8, 0.10111169616968835, 8.081632866033241e-10, 0.1011116638183896, 1.3537135762235351e-9, 5.177788106817479e-10, 3.1990427932183447e-10, 2.875683452274718e-10, 5.913891356531041e-10, 0.10111164798710588, 1.2426452328316012e-8, 1.9431071737628243e-9, 0.10111164814730512, 2.7082430825453276e-10, 5.882557557431941e-10, 0.10111169520106165, 0.1011116473931199]
v_opt: [0.010224011820493114, 0.10111164796457776]
solution time: 0.006488800048828125
McCormick lower bound: -3.5476993322093877

