x_opt: [0.5258473771851025, 0.8988879116783062, 0.1011115040667423, 0.8988884897760934, 0.10111151388273414, 0.10111150652983514, 0.10111150708142254, 0.8988884860493704, 0.10111150705434178, 0.10111209166069013]
w_opt: [0.525847377114561, 0.10111150400635659, 0.5258473770664374, 2.193281016129621e-8, 0.10111150640945311, 1.7749639571548528e-9, 0.4247358633919656, 1.446680259302054e-10, 0.10111209144261528, 1.878632457883421e-10, 0.8988879115637839, 1.7002411258965942e-10, 0.10111150638483501, 5.896265006164107e-11, 0.8988879115989434, 6.665106365276355e-11, 3.4048032779843513e-9, 0.10111150394658153, 0.10111150364178405, 0.1011115035960885, 0.10111150394143366, 2.1678761906888185e-9, 1.0289927615069581e-10, 2.8509332775835216e-10, 3.842735851382655e-9, 2.5342591435041643e-9, 0.1011115060861516, 0.898888485549708, 1.8936615228671035e-10, 0.10111209156363918, 1.8051264405780357e-10, 0.10111150621599128, 4.060944978360384e-10, 1.4433006622342188e-10, 9.548257048951457e-11, 5.473133999622397e-11, 1.0839034859990208e-10, 0.10111150639484713, 2.512344323789005e-9, 3.504891415693018e-10, 0.10111150678788326, 5.616724002921802e-11, 1.4807257256298393e-10, 0.10111209132663385, 0.10111150677069454]
v_opt: [0.01022357032407534, 0.10111150692777505]
solution time: 0.004970073699951172
McCormick lower bound: -2.1082569121889536

