x_opt: [0.5257078258575274, 0.8986365471299406, 0.10136344909932073, 0.8988335062747739, 0.10136345263738175, 0.10116649945587526, 0.10136345013735426, 0.8986365477072039, 0.10116649909694723, 0.1013634528891361]
w_opt: [0.5257078257305344, 0.10136344901068424, 0.5257078257443346, 5.367397463314828e-9, 0.1011664993082903, 1.0566773976393528e-9, 0.4243443737885747, 1.1927647946214903e-10, 0.10136345268356095, 3.40962456926779e-10, 0.8986365470203368, 2.3088425384467018e-10, 0.10116649935313804, 8.231800904839964e-11, 0.8986365470126148, 9.231140927748166e-11, 1.9588462800409062e-10, 0.10136344900470462, 0.10136344869636209, 0.10116649925184386, 0.10136344898847187, 1.2977706444086395e-9, 1.1518231894799046e-10, 2.7489853467013044e-10, 0.0001969591236717443, 7.308331671188813e-9, 0.10136344966342159, 0.8986365474255035, 5.58130015951677e-9, 0.10136345273824801, 2.1711910777932543e-10, 0.10136344978950343, 5.007612877961319e-10, 1.3939754711430164e-10, 8.523406636337102e-11, 9.311256479233512e-11, 1.608074458652066e-10, 0.1011664989222328, 1.8117596582325749e-9, 3.463864240599272e-10, 0.10116649896592479, 8.548527920845758e-11, 1.4028481760894616e-10, 0.10136345252950794, 0.10116649880502808]
v_opt: [0.010277222030760858, 0.1011664989084183]
solution time: 0.005566835403442383
McCormick lower bound: -3.3718081090956606

