x_opt: [0.5258481256487872, 0.8988885023946274, 0.10111131145701409, 0.8988889844617495, 0.10111145628321323, 0.10111101730912966, 0.10111143709342417, 0.8988885586442227, 0.10111101702557437, 0.1011129968100734]
w_opt: [0.5258481251486087, 0.10111131105009227, 0.5258481251665471, 3.695310734217936e-7, 0.10111101665650539, 6.131539247830604e-9, 0.42473668603586573, 7.251074620313455e-10, 0.10111299451573826, 1.914370061776302e-9, 0.8988885019353965, 9.840917463218051e-10, 0.101111016734118, 4.3107634558734815e-10, 0.8988885020122311, 4.4747758954262124e-10, 1.499584233517244e-6, 0.1011113109550666, 0.10111130719198518, 0.10111101586266853, 0.10111131096347177, 2.688014113451075e-7, 5.874414037365227e-10, 1.9114429130191812e-9, 4.418215798310276e-7, 1.7268357779427136e-8, 0.10111143299343077, 0.8988885563321616, 4.123960415964306e-9, 0.10111299620529285, 1.1960142908220696e-9, 0.10111143411433139, 1.6079404810528346e-8, 9.168860915635908e-10, 3.894850993926494e-10, 3.558189057288579e-10, 9.48768214654027e-10, 0.1011110158604063, 1.7871150545053873e-8, 2.734311245675388e-9, 0.10111101641469364, 3.656331112678463e-10, 6.789539823040202e-10, 0.1011129953729226, 0.10111101574438822]
v_opt: [0.010223727690019547, 0.10111101614765848]
solution time: 0.004731178283691406
McCormick lower bound: -3.3674800473323305

