x_opt: [0.4366493161150127, 0.4366493211746042, 6.586629332270644e-7, 0.7819025162437472, 0.21810140941676162, 0.21809731084317494, 0.21809725873594915, 0.5633511222190639, 0.21809729484331186, 0.5633507174031466]
w_opt: [0.4366493049585172, 6.54729361888103e-7, 0.4366493098384084, 2.596728753532997e-6, 0.21809730438729003, 1.5824080090645084e-7, 4.4543850117127325e-7, 5.310444537608167e-9, 0.4366493060966145, 9.748702504120494e-9, 0.43664931097023785, 2.2072153306820175e-8, 0.21809730529337792, 3.995497937740389e-9, 0.43664931222061515, 3.4476816801683034e-9, 4.25033654423971e-8, 6.47371544487609e-7, 6.446345714735497e-7, 6.270441616157223e-7, 6.533967304880428e-7, 3.473761700294708e-8, 5.658406262287458e-9, 1.1644994461848077e-8, 3.939215434702742e-6, 2.1409814277146535e-7, 0.21809718972519843, 0.5633511029188872, 1.1888233609456119e-8, 0.5633507117332781, 9.569859507362482e-9, 0.21809707195588737, 7.058359376711062e-9, 6.911200984052662e-9, 5.134268727400731e-9, 5.495696789125163e-9, 6.217236401575029e-9, 0.21809728903965062, 8.75763484415176e-8, 1.6992221974113782e-8, 0.21809724803687924, 4.3052941921861035e-9, 7.781540442016847e-9, 0.563350697084281, 0.2180972752105601]
v_opt: [0.04756938337252884, 0.21809728679005816]
solution time: 0.005251884460449219
McCormick lower bound: -1.2164507149248287

