x_opt: [0.7429876879062278, 0.7907410335527904, 2.297196884695459e-8, 0.9999998332674775, 0.20925896331124635, 2.3679492302823617e-8, 0.20925896243549888, 0.7907410371219259, 2.3747236108064162e-8, 0.7429880616361605]
w_opt: [0.7429876877515492, 2.2868740614582464e-8, 0.7429876878023025, 1.8456433864894235e-7, 2.355137956840315e-8, 2.811344841256462e-9, 0.5337287252859435, 1.3959790423606716e-10, 0.7429876875553718, 2.6102081953394114e-10, 0.7907410334268882, 3.0574141626686724e-10, 2.3556350463687357e-8, 1.3524449905711443e-10, 0.7907410334265109, 8.970410686234607e-11, 0.5337290953311229, 2.2787626687416178e-8, 2.2683301717820717e-8, 2.2484866017487997e-8, 2.2877758347611545e-8, 9.219095573028137e-10, 1.3170398319898476e-10, 3.3753846500380766e-10, 0.20925879675380488, 2.1985990860730065e-9, 0.20925896153264137, 0.7907410367578122, 2.2030233699239718e-10, 0.7429880615182956, 2.2465042810952761e-10, 0.20925896155217033, 5.992307246909542e-10, 1.7181639257560818e-10, 8.235464469173227e-11, 9.926496386212168e-11, 1.6520079734960708e-10, 2.3477291058638148e-8, 2.41223783637515e-9, 5.22016823401378e-10, 2.356177564832496e-8, 9.922697383385126e-11, 1.1226846034066258e-10, 0.7429880612497669, 2.3343338185698138e-8]
v_opt: [0.04378937562959494, 2.356196141036507e-8]
solution time: 0.004343986511230469
McCormick lower bound: -2.120114107375092

