x_opt: [0.5258433182325981, 0.8988820649946176, 0.101117733070256, 0.8988878792320902, 0.10111782679185825, 0.10111354767245517, 0.10111778700432808, 0.8988825140120151, 0.10111329945763439, 0.10111815918346914]
w_opt: [0.5258432830539216, 0.10111770502486866, 0.5258432881422535, 1.9979863339475152e-6, 0.10111350452702844, 2.3689572371168307e-7, 0.42472590975601393, 4.2418748848819806e-8, 0.10111805555401025, 1.7376881118802138e-7, 0.898882038544661, 6.210913715251528e-8, 0.10111351536069525, 3.185139156477195e-8, 0.8988820406948935, 3.269896123395522e-8, 2.6183272252898275e-7, 0.10111770852166686, 0.10111748303458512, 0.10111349452728288, 0.10111769417286734, 8.784582716290601e-7, 3.5313293155196074e-8, 1.0034534604285698e-7, 5.775237331828958e-6, 2.024034111011263e-6, 0.10111766188689097, 0.8988824176169444, 1.2822927380402892e-6, 0.10111811506048847, 6.984528997159255e-8, 0.10111761331902915, 3.8483679228743444e-7, 4.5850649350818894e-8, 2.2230521885256624e-8, 2.2933152946184725e-8, 5.43153693909343e-8, 0.1011132445529621, 6.357229201794582e-7, 4.153661222322446e-7, 0.10111326521890114, 2.3946099181410247e-8, 3.7547612021280414e-8, 0.10111807258128026, 0.10111320971422316]
v_opt: [0.010224897493551365, 0.10111324144973806]
solution time: 0.004467010498046875
McCormick lower bound: -5.271894681785531

