x_opt: [0.6719669998716252, 0.999994711134955, 5.052908543740097e-6, 0.9999952324717382, 5.261221655794091e-6, 4.769937248798599e-6, 5.210376411063677e-6, 0.9999947886242017, 4.770082690290716e-6, 0.19124890405512876]
w_opt: [0.6719669941649291, 5.048021190001966e-6, 0.6719669946386816, 2.0377016293195608e-7, 4.763088446764583e-6, 4.008410914295873e-8, 0.6719618001281932, 8.65409176917011e-9, 0.19124889281530516, 1.731070615268463e-8, 0.9999947061160761, 1.079864618449651e-8, 4.763183563288154e-6, 5.628402957423964e-9, 0.9999947066935466, 5.197231328527308e-9, 0.19124362000198972, 5.047006086284655e-6, 5.034315311741838e-6, 4.7585204265852875e-6, 5.047960409021538e-6, 7.697576426185307e-8, 6.593352859960554e-9, 2.029416539957948e-8, 5.034001997446662e-7, 1.1755422803396044e-7, 5.182108023938216e-6, 0.9999947729610231, 2.138508611052951e-8, 0.19124889772646556, 1.1953667207018332e-8, 5.1895704009997695e-6, 5.982583520590286e-8, 8.955106136425592e-9, 3.926732440538262e-9, 3.802059916575383e-9, 8.752818194788515e-9, 4.757352532678405e-6, 1.0486354599608411e-7, 2.201207626791661e-8, 4.763497687285015e-6, 4.14459403972542e-9, 5.622193710096976e-9, 0.19124888982857355, 4.752869256140685e-6]
v_opt: [5.70809765854471e-7, 4.760577713820306e-6]
solution time: 0.0051898956298828125
McCormick lower bound: -3.4557292675614892

