x_opt: [0.48454780175584283, 0.8712072668185352, 0.12879273295645075, 0.9170706462661269, 0.12879273315802456, 0.1287926912913362, 0.12879273300542982, 0.8712072669554444, 0.12879269096116075, 0.12879273318900944]
w_opt: [0.48454780172365086, 0.1287927329352408, 0.4845478017325207, 1.105783852104124e-9, 0.1287926912576913, 2.1063158515109824e-10, 0.3557550687692307, 2.6085167975296005e-11, 0.12879273314568354, 1.1283587972478548e-10, 0.8712072667971896, 4.859177812354926e-11, 0.12879269127006387, 2.0877188850797694e-11, 0.871207266795382, 2.2924045175001935e-11, 4.512946090853414e-11, 0.12879273293823382, 0.12879273284546347, 0.12879269125288975, 0.12879273292788784, 4.5336612096431366e-10, 2.5668972283093493e-11, 6.323127501917983e-11, 0.045863379474718705, 0.045863337900331265, 0.1287927329147755, 0.8712072668961268, 0.04586333727259156, 0.1287927331519403, 5.0390155636575696e-11, 0.12879273293011606, 1.4467707606906297e-10, 3.0758093649039005e-11, 1.7352589870894793e-11, 2.1440172572099103e-11, 4.1700059164614406e-11, 0.1287926909259579, 4.390302052126287e-10, 1.2246416265176147e-10, 0.12879269093297763, 1.9953171922691973e-11, 2.9640963165374996e-11, 0.1287927331149849, 0.12879269089781675]
v_opt: [0.016587711937578315, 0.12879269091502482]
solution time: 0.0063741207122802734
McCormick lower bound: -4.854727765428948

