x_opt: [0.36225567294763217, 0.6377443307622643, 0.22390312047997338, 0.776096926077212, 0.36225566860043357, 0.2239031201065256, 0.22390312099721751, 0.6377443318542668, 0.2239031129889199, 0.3622556691922088]
w_opt: [0.36225567287417243, 0.223903120417646, 0.3622556728805876, 4.093139282413283e-8, 0.22390311997981094, 1.0482368577900655e-8, 9.245561983442784e-9, 5.02771035173021e-11, 0.362255665561502, 2.64000023907394e-10, 0.6377443307079053, 2.761642246904526e-10, 0.2239031200591862, 3.65442088985204e-11, 0.6377443307402465, 4.1605414612361835e-11, 1.1873693061887101e-10, 0.22390312043124255, 0.22390312023306594, 0.22390311998813475, 0.2239031203451637, 7.179411663816938e-10, 7.741062737113829e-11, 1.9718164905211807e-10, 0.13835259476093137, 5.067578820087222e-8, 0.22390312003199994, 0.6377443316028467, 3.961174463446902e-8, 0.3622556690411602, 2.1643312066745585e-10, 0.22390312023203296, 7.535236449973498e-10, 1.1411616922155988e-10, 5.762321213973766e-11, 8.770849592855275e-11, 7.78314604361035e-11, 0.22390311237394447, 5.202680789988191e-9, 8.938833057318906e-10, 0.22390311297051083, 4.794686337730244e-11, 1.2047910546163795e-10, 0.36225566855720975, 0.22390311285515985]
v_opt: [0.0501326202400403, 0.22390311281366929]
solution time: 0.0043489933013916016
McCormick lower bound: -2.72998674366782

