x_opt: [0.3622556878336736, 0.637744344275948, 0.22390325412282097, 0.7760974840334536, 0.36225536765885186, 0.2239030627772707, 0.2239035444727117, 0.6377446928506633, 0.22390299679775522, 0.36225558463089125]
w_opt: [0.36225565261436987, 0.22390324696788547, 0.3622556787000797, 5.628819430372658e-6, 0.22390303791822963, 1.6102499499090502e-6, 6.597969833384741e-7, 6.878827173080647e-9, 0.3622553329422063, 4.9641641371834636e-8, 0.6377443269292021, 6.650656203095757e-8, 0.2239030561603713, 9.753766948976956e-9, 0.6377443037041788, 9.073904916461341e-9, 3.370174306462413e-8, 0.22390324635213338, 0.22390320999258395, 0.22390300320108467, 0.2239032433065564, 2.1496559792946798e-7, 1.0208418155008315e-8, 3.729109492832125e-8, 0.13835288451053832, 6.418092042961874e-7, 0.2239033997931356, 0.6377446441560137, 6.89553296545292e-7, 0.36225556290631034, 3.9721925695456966e-8, 0.22390345024300753, 7.660809620289613e-8, 1.5929756580230935e-8, 1.2780982730722778e-8, 3.0625736312044444e-8, 1.7012598161685956e-8, 0.2239029538229561, 5.693798158004361e-7, 1.1348603283434058e-7, 0.22390298457258168, 1.1980271116430776e-8, 2.4360142395510044e-8, 0.3622554440924405, 0.22390295975128463]
v_opt: [0.05013284460489565, 0.22390296988756245]
solution time: 0.004339933395385742
McCormick lower bound: -2.1221645591377842

