x_opt: [0.4999999974207155, 0.499999997530423, 9.556517844688472e-10, 0.8479188661822438, 0.17850196170476454, 0.1520811329982209, 0.15473959179381916, 0.8214980373844004, 0.15208113302898688, 0.5000000028461261]
w_opt: [0.49999999737017303, 9.309057022561135e-10, 0.49999999738728385, 2.1754742789522523e-9, 0.15208113296186287, 4.51222987878962e-10, 0.3214980348636205, 3.565827467863178e-11, 0.4999999973498058, 5.795876953072904e-11, 0.4999999974822231, 1.1261823329622473e-10, 0.1520811329627554, 2.773189897062672e-11, 0.4999999974863764, 2.18378745221346e-11, 4.195462031398261e-10, 8.88165772580039e-10, 8.774914011151218e-10, 8.210213072677145e-10, 9.269601651377348e-10, 1.7432879314901987e-10, 3.4802354621432696e-11, 7.419890215131818e-11, 0.02642082793477739, 4.70575643954606e-10, 0.15473959143917207, 0.8214980372718451, 5.86462076699847e-11, 0.5000000028142281, 5.843922800866953e-11, 0.15473959153191225, 5.160622703120158e-11, 4.4551350203120644e-11, 2.6751141992569163e-11, 2.9333194063092024e-11, 3.942650101345492e-11, 0.15208113294495276, 5.325330157326664e-10, 8.568890913268277e-11, 0.15208113296876094, 2.5724493909143217e-11, 3.776756792580832e-11, 0.5000000027396933, 0.15208113290733546]
v_opt: [0.023944357641366393, 0.1520811329795137]
solution time: 0.00467991828918457
McCormick lower bound: -1.418983702290474

