x_opt: [0.5258473127550064, 0.8988883831724948, 0.10111161572358489, 0.8988883876544275, 0.10111161672682094, 0.10111161567427991, 0.10111161569858315, 0.8988883832823988, 0.10111161565355316, 0.10111161681698921]
w_opt: [0.5258473127325005, 0.1011116157073579, 0.525847312724085, 5.1706474853919165e-9, 0.10111161563735982, 4.180956670575684e-10, 0.4247356960787254, 2.7370284072232578e-11, 0.10111161676055212, 7.827385222132526e-11, 0.8988883831442895, 4.224063851510121e-11, 0.10111161564907697, 1.3974303673704553e-11, 0.8988883831461498, 2.0391451531745985e-11, 2.7908299767040334e-11, 0.1011116157051504, 0.10111161558690453, 0.10111161560407719, 0.10111161565140006, 4.0530278426528426e-10, 2.4085018894929106e-11, 5.650170369827994e-11, 4.4373536850169175e-9, 3.761128623888355e-9, 0.10111161558665942, 0.8988883832213367, 3.3652336258207926e-9, 0.10111161677837885, 4.769004618422192e-11, 0.10111161561207282, 4.968595902001954e-11, 3.008374342518749e-11, 2.507360272894133e-11, 1.776433392165274e-11, 3.3084565017310844e-11, 0.10111161559608056, 4.689984754900663e-10, 1.1236788740454175e-10, 0.10111161561941076, 1.6223971683573807e-11, 5.385262251323181e-11, 0.10111161670478067, 0.10111161558592972]
v_opt: [0.010223578263967307, 0.10111161561738621]
solution time: 0.0046808719635009766
McCormick lower bound: -3.4884428516168233

