x_opt: [0.3622556113213758, 0.6377444591107165, 0.22390313799979653, 0.7760971768590227, 0.3622555260429439, 0.22390315330949975, 0.22390315474904132, 0.6377445089537963, 0.22390313915203283, 0.36225550603332823]
w_opt: [0.3622556076540033, 0.22390313318795715, 0.3622556069351661, 7.669968067090869e-7, 0.2239031390616752, 4.3981898005014545e-7, 1.333388635867339e-7, 6.694279481980779e-9, 0.36225548536961094, 5.121602110014388e-8, 0.6377444492197433, 5.686836920767402e-8, 0.22390314828292548, 1.0850649524583803e-8, 0.6377444425774438, 8.68305609806351e-9, 2.4673862864714127e-8, 0.22390313550533283, 0.22390310354706935, 0.2239030707384823, 0.2239031306237631, 1.3693629409891996e-7, 7.855596626253629e-9, 4.3918565073846895e-8, 0.1383527308718498, 8.156852501467579e-7, 0.22390303729572375, 0.6377444616006506, 4.370687089204936e-7, 0.36225549587202793, 3.994505968121217e-8, 0.22390307797184372, 5.6806852089116237e-8, 1.821490017372851e-8, 1.634781921205225e-8, 1.1596726306538054e-8, 1.9157036509954666e-8, 0.22390308612601584, 3.894656763774767e-7, 9.962529173944813e-8, 0.22390312699731874, 1.2927164629341436e-8, 2.988448377629729e-8, 0.36225542657353943, 0.22390310468365243]
v_opt: [0.05013268274681183, 0.22390312314944438]
solution time: 0.004145145416259766
McCormick lower bound: -2.4784136669131405

