x_opt: [0.43665162504269694, 0.43665161710508354, 4.0119903005013985e-7, 0.781906987061154, 0.21809297692144444, 0.21809259265392364, 0.21809221287470346, 0.5633486200238431, 0.21809258521581734, 0.5633488910244094]
w_opt: [0.4366516109741005, 3.970726243180581e-7, 0.4366516163717855, 3.705362907468866e-6, 0.2180925856204967, 2.0584031176793194e-7, 2.560266908032835e-7, 8.732752430828833e-9, 0.4366516096715807, 9.312835972514614e-9, 0.43665159909599405, 6.947090781094142e-7, 0.21809258167711318, 4.789744403254072e-9, 0.43665160654306673, 3.77724330459845e-9, 5.146948181438999e-7, 2.7795322301314083e-7, 3.8653679195246375e-7, 1.4701564177255834e-7, 3.944401432185231e-7, 5.112199108417228e-8, 7.129581401750374e-9, 1.5870670401578576e-8, 6.853639546605558e-8, 1.0783144197516064e-6, 0.2180881239742793, 0.5633485910517467, 4.643685305866323e-8, 0.5633488855937423, 1.1350442487765267e-8, 7.468004595365813e-7, 1.2923788963678929e-8, 1.026189898019864e-8, 7.665010048390641e-9, 4.635110056531816e-9, 6.205228393696098e-9, 0.21809257777037405, 1.0003524358527938e-7, 2.3412979236584696e-8, 0.21809220325815343, 4.304950610841398e-9, 8.802361033064792e-9, 0.563348594323078, 0.21809255262522498]
v_opt: [0.047564492781983374, 0.21809257710601465]
solution time: 0.005338907241821289
McCormick lower bound: -0.9886695477448896

