x_opt: [0.36883327086332046, 0.6311667417717169, 0.30509522810213147, 0.8101938966030228, 0.36883325405718925, 0.1898061192662168, 0.30509771226398047, 0.6311667463655248, 0.18980610568374026, 0.368833259970197]
w_opt: [0.36883327067077937, 0.3050952279957875, 0.368833270751876, 7.757282857529378e-9, 0.18980611911773052, 1.6982969617794234e-9, 1.7625464666748433e-8, 1.1789154370179633e-10, 0.36883325970570885, 3.067629976706772e-10, 0.6311667416418603, 2.3311425675441644e-10, 0.189806119162199, 1.0661406565550726e-10, 0.6311667416287455, 9.598899069334077e-11, 1.9019237175133756e-9, 0.305095227970478, 0.305095227765614, 0.18980611899082636, 0.30509522799329825, 1.0223754154567744e-9, 1.327515505942611e-10, 2.975506864232475e-10, 0.17902715087810173, 1.832855854744326e-8, 0.305097711559238, 0.6311667459960983, 2.6136595241015103e-9, 0.36883325981874526, 2.3741922938390913e-10, 0.3050977118373922, 6.815445455995632e-10, 1.571689058285415e-10, 8.615745041692845e-11, 1.319046195956541e-10, 1.8740728671023115e-10, 0.18980610552199043, 2.9425422861357316e-9, 3.4806515443567427e-10, 0.18980610549252458, 1.0986292641559924e-10, 1.3722939730819564e-10, 0.36883325958788404, 0.18980610531457498]
v_opt: [0.093084768580262, 0.18980610545417928]
solution time: 0.006055116653442383
McCormick lower bound: -2.4526686185504283

