x_opt: [0.7360561242716687, 0.7360561269590226, 9.205086677891456e-9, 0.9999988647561336, 0.21355940003851967, 6.662030557450326e-8, 0.2135594155410836, 0.7864405812014773, 6.678203096060355e-8, 0.7864405785322058]
w_opt: [0.7360561235160075, 8.816247263152266e-9, 0.7360561238182145, 3.342150287880329e-8, 6.611545712211986e-8, 6.585998269472252e-9, 0.522496706411329, 5.257656968429103e-10, 0.7360561233474131, 8.464249102244069e-10, 0.7360561262672097, 2.116468850889959e-9, 6.610666739861692e-8, 4.841825731389175e-10, 0.7360561262859623, 3.217394397692002e-10, 0.5224967061903425, 7.91300252178416e-9, 8.205767839641039e-9, 7.054649480100528e-9, 8.818461557712404e-9, 2.2765994349410314e-9, 5.143690461724565e-10, 1.134065268024736e-9, 0.2135582654665684, 4.932730708833654e-9, 0.21355940869517084, 0.7864405794084814, 7.833938257840908e-10, 0.7864405780867063, 8.603204272293981e-10, 0.21355939382593048, 9.092974255603944e-10, 6.795564437537195e-10, 3.678586119136954e-10, 4.560465318649717e-10, 6.008835101100024e-10, 6.573897394827359e-8, 7.243303221634556e-9, 1.4432922363243848e-9, 6.575956324075835e-8, 4.1324767785723825e-10, 4.942968313993505e-10, 0.7864405763523431, 6.485143624987178e-8]
v_opt: [0.04560803876995452, 6.603888240237971e-8]
solution time: 0.0075609683990478516
McCormick lower bound: -1.386699981606609

