x_opt: [0.4999995656050373, 0.5000004333531212, 5.897366279317579e-9, 0.8490412278502981, 0.1770940709731736, 0.15095873242010657, 0.15095873834888027, 0.8229059287212214, 0.15095873380329733, 0.4999995670576215]
w_opt: [0.49999956543285945, 5.7677382584598e-9, 0.49999956535100176, 4.2107663883064396e-8, 0.15095873217438044, 3.2751636373673486e-9, 0.3229054946191409, 2.8411419040058663e-10, 0.499999565424563, 3.5997637341198353e-10, 0.5000004330629358, 4.997205030269216e-10, 0.15095873212190225, 1.3433283006210088e-10, 0.500000433147904, 1.3601078455070021e-10, 6.357294946438183e-10, 5.571786295124103e-9, 5.320146873366987e-9, 5.1030334683519955e-9, 5.6852455551919304e-9, 1.3173128605116284e-9, 2.1348097449177596e-10, 5.086462347290898e-10, 0.026135299128841844, 2.52627281447259e-9, 0.15095873551717562, 0.8229059280983202, 4.2421298447078524e-10, 0.49999956685817304, 3.7547716523563203e-10, 0.1509587370904542, 7.348108128419183e-10, 3.0584582838420976e-10, 2.0937276058883593e-10, 1.2917997514571588e-10, 2.10097065620914e-10, 0.150958732220742, 4.429390066377106e-9, 5.179443443880392e-10, 0.15095873353105158, 1.2740396168464478e-10, 2.725548432807951e-10, 0.4999995663092133, 0.15095873308898164]
v_opt: [0.022788692257138463, 0.15095873353341246]
solution time: 0.010896921157836914
McCormick lower bound: -1.6687704931104153

