x_opt: [0.7429865801055702, 0.7907406044847821, 1.1441764932836156e-6, 0.9999992809007175, 0.2092593814705758, 4.564290657762509e-7, 0.20925919933553136, 0.7907409338368723, 4.4818908548339213e-7, 0.7429866042301978]
w_opt: [0.7429865709344223, 1.1366163974176257e-6, 0.7429865748858858, 1.7840418821993148e-7, 4.488817199917751e-7, 6.78999709378782e-8, 0.5337275359026458, 8.170721422060101e-9, 0.7429864088550442, 1.1422234886248968e-8, 0.7907405989691647, 4.4804503869601406e-8, 4.4951181313406167e-7, 1.2514874688463082e-8, 0.7907405987589378, 5.639062938574473e-9, 0.533727232986064, 1.1373956602809628e-6, 1.1300520265468528e-6, 4.4172914078893303e-7, 1.1392125174530614e-6, 1.187971541192458e-7, 6.4448631275682525e-9, 1.9557797946552013e-8, 0.20925868372660414, 8.180101195920083e-8, 0.2092591612488315, 0.7907408279719731, 4.243689945993818e-8, 0.742986597521446, 1.3719829999988047e-8, 0.20925913662186937, 3.5294487566066694e-7, 9.958823190109593e-9, 4.177696676915176e-9, 4.724206111870873e-9, 8.980404850657032e-9, 4.3846296852000077e-7, 4.3779692529291864e-8, 1.7946135727424433e-7, 4.408451642185472e-7, 5.54452295791639e-9, 5.4939522773859995e-9, 0.7429865855525462, 4.2634685703722846e-7]
v_opt: [0.04378942162909739, 4.3918384869044856e-7]
solution time: 0.005357980728149414
McCormick lower bound: -3.3212689864513822

