x_opt: [0.3193527530439365, 0.6806474244857093, 0.3193524582182037, 0.9506478436182328, 0.3193525067870797, 0.31935230177701235, 0.3193524642651629, 0.6806475064773501, 0.04935219342982092, 0.31935265143616215]
w_opt: [0.3193527441749486, 0.31935245318939876, 0.31935274868230445, 3.8291266522919596e-7, 0.3193522943842897, 6.048305060068932e-8, 2.7769962321941193e-7, 4.534815026730796e-9, 0.319352639095393, 2.2325377713781034e-8, 0.6806474199799997, 8.993261268876792e-9, 0.3193522979944125, 4.519380517389209e-9, 0.680647419012579, 4.389387163496445e-9, 8.597591847635841e-8, 0.3193524543058573, 0.31935243604011554, 0.31935228879437727, 0.31935245177570803, 1.1511264486575374e-7, 5.161092244083468e-9, 1.2311842294759148e-8, 0.2700003609792071, 0.27000022084635505, 0.3193524424017068, 0.6806474924899161, 5.429476425154307e-8, 0.3193526436694757, 1.0697167655083267e-8, 0.3193524458130763, 2.0991438148249354e-8, 6.099121294236425e-9, 3.3038321362824003e-9, 5.758626488254605e-9, 1.180784621333215e-8, 0.049352184775584076, 1.2890758655287443e-7, 2.3473047406655885e-8, 0.049352186648039746, 4.623912785221036e-9, 5.7729897480010526e-9, 0.3193526351910179, 0.04935218005326943]
v_opt: [0.10198652129146858, 0.04935218291087581]
solution time: 0.004806041717529297
McCormick lower bound: -4.14857086800819

