x_opt: [0.47178256839038696, 0.8012564071934488, 0.19874356435886725, 0.8776216923009431, 0.19874358542194673, 0.1223783333085514, 0.1987435769344159, 0.8012564292471926, 0.12237831155782787, 0.19876731759789665]
w_opt: [0.4717825663486913, 0.1987435629085219, 0.47178256706597177, 1.3559865065794046e-7, 0.12237833141396207, 1.3633435218343088e-8, 0.27303900157663186, 1.8075446115473842e-9, 0.19876731171988227, 5.8535779846828635e-9, 0.8012564058744421, 3.1121771784164146e-9, 0.12237833187267025, 1.6485824218914504e-9, 0.801256405849847, 1.4123876022479303e-9, 2.372651618790661e-5, 0.19874356292605022, 0.19874355887536105, 0.1223783305555086, 0.19874356301600396, 3.4742608838139356e-8, 1.7531326696444007e-9, 4.730184145101134e-9, 0.07636528046873974, 6.853402906186384e-8, 0.19874356926248382, 0.8012564251139944, 1.1215431626043917e-8, 0.19876731565743236, 3.3191298655096702e-9, 0.19874357102338608, 1.708648380261073e-8, 2.197015568897481e-9, 9.935064096534264e-10, 1.3323721805498648e-9, 2.6465590519863813e-9, 0.12237830933587053, 4.695703006933972e-8, 1.3295846809289913e-8, 0.12237830961006614, 1.3085118943022048e-9, 1.5166826962967747e-9, 0.19876731346226723, 0.12237830704605261]
v_opt: [0.03949986593151135, 0.12237830855834621]
solution time: 0.0059528350830078125
McCormick lower bound: -3.7529647560954724

