x_opt: [0.7474437928300561, 0.7776100630364493, 2.0347054980991368e-8, 0.9999999337952634, 0.22238993297322815, 2.2778093321697992e-8, 0.222389931681405, 0.7776100690654265, 2.4022655717545252e-8, 0.7776095420619531]
w_opt: [0.7474437919117723, 1.964998876924404e-8, 0.7474437921790432, 3.771027691411889e-8, 2.1966028563898707e-8, 6.6735089570724394e-9, 0.525053863638162, 9.735270231014446e-10, 0.7474437914399641, 1.6694422991538673e-9, 0.7776100622734514, 2.376590749136046e-9, 2.194411834690415e-8, 1.0389077591691943e-9, 0.7776100622318513, 6.058261880451587e-10, 0.5552196060338139, 1.9137466600086756e-8, 1.8535923576068153e-8, 1.7371943905690942e-8, 1.9751626949559374e-8, 4.8237615698028726e-9, 8.633932945208355e-10, 2.263986239248706e-9, 0.22238986788711185, 6.812836446174271e-9, 0.2223899260845181, 0.7776100667413175, 1.279005139878246e-9, 0.7776095413117343, 1.4431613272528105e-9, 0.22238992524779397, 4.293259504209078e-9, 1.1609576440194678e-9, 5.136350026702978e-10, 6.119293021246115e-10, 1.0915925295244103e-9, 2.156994436823006e-8, 8.024228852160699e-9, 3.8141211416344164e-9, 2.285633848118728e-8, 6.437843560381891e-10, 6.770972634765345e-10, 0.7776095401233503, 2.145755536519826e-8]
v_opt: [0.04945793068521468, 2.2832031549830747e-8]
solution time: 0.0044248104095458984
McCormick lower bound: -2.322057653443966

