x_opt: [0.3552310901188869, 0.7845321150044083, 0.21546784712739017, 0.9740025905955811, 0.21546788275551265, 0.21546741863430732, 0.21546785040182936, 0.7845321197397076, 0.215467408979908, 0.21546788507258668]
w_opt: [0.3552310888369546, 0.21546784634126984, 0.35523108917822777, 4.66525947682538e-8, 0.21546741735893638, 9.604421616515475e-9, 0.13976321195189764, 9.46113068171528e-10, 0.21546788338001774, 3.0079920187108324e-9, 0.7845321140662108, 1.89173191613079e-9, 0.21546741781795306, 7.147085017367218e-10, 0.7845321139315927, 7.978712554285691e-10, 1.7232679324538615e-9, 0.2154678463439625, 0.21546784378731482, 0.21546741692472884, 0.21546784609106945, 1.049066111837251e-8, 9.774873107038802e-10, 2.2479877065378096e-9, 0.18947047523784719, 0.1894700212404739, 0.21546784651396014, 0.7845321172868341, 0.18947000128945884, 0.2154678837105154, 1.8552580477535092e-9, 0.21546784767683994, 3.827961105870308e-9, 1.1501597603160714e-9, 7.122771584164865e-10, 8.923958303040788e-10, 1.4552519421902823e-9, 0.21546740765077246, 1.584439467076467e-8, 2.92246304704107e-9, 0.2154674077883322, 7.777287451676514e-10, 1.2167561930131812e-9, 0.21546788193930336, 0.21546740648232227]
v_opt: [0.04642639879151136, 0.2154674072781999]
solution time: 0.005755186080932617
McCormick lower bound: -3.4847802825358514

