x_opt: [0.525843946640909, 0.8988824003246272, 0.10111681330112736, 0.8988868468819537, 0.10111750167116726, 0.1011132325024773, 0.10111683794729764, 0.89888250898046, 0.10111321402609398, 0.10111763500728034]
w_opt: [0.5258439424037297, 0.10111681024097005, 0.5258439424373317, 2.047904544514353e-6, 0.10111322724243423, 6.28147380184911e-8, 0.4247264636406714, 4.860648773848162e-9, 0.10111762579421228, 1.5750638366329683e-8, 0.898882396340021, 1.5919310100594994e-8, 0.10111322816883254, 3.1044381775150504e-9, 0.898882397225412, 3.5263077961125854e-9, 5.1028536956374085e-8, 0.10111680968673094, 0.10111677434839653, 0.10111321822818643, 0.10111680725094108, 2.497787562477988e-7, 4.295350479093136e-9, 1.1847306330086104e-8, 4.364495862979991e-6, 1.8921172991666785e-7, 0.10111681357529516, 0.8988824842565256, 1.0752433710283394e-7, 0.10111762968473731, 8.525235080895204e-9, 0.1011167700612174, 2.6838200937246168e-8, 5.712676565992745e-9, 3.2853433427402547e-9, 2.9455462260410648e-9, 7.33946903133264e-9, 0.10111320709125421, 8.956505522686076e-8, 1.0671273590027606e-7, 0.10111320812258967, 2.9103994988393374e-9, 6.970340252120076e-9, 0.10111761963925006, 0.10111319926883677]
v_opt: [0.010226035602859913, 0.10111320756564751]
solution time: 0.004293918609619141
McCormick lower bound: -3.332431710068609

