x_opt: [0.5258465599150199, 0.8988878753204631, 0.10111212331906907, 0.8988887185697046, 0.10111212396991276, 0.10111212096530615, 0.1011121233421475, 0.8988878774786965, 0.10111211673618596, 0.10111212489406703]
w_opt: [0.5258465594988159, 0.10111212302757537, 0.525846559575112, 2.9662531021663753e-8, 0.10111212046575363, 2.908938868957922e-9, 0.4247344381992411, 3.919461128638816e-10, 0.10111212419094404, 2.2070199818960547e-9, 0.8988878750317685, 5.976935834929869e-10, 0.10111212065396152, 3.1111755460268987e-10, 0.8988878750282158, 3.5381460159671817e-10, 6.848662173121718e-10, 0.1011121230849426, 0.10111212106971088, 0.10111212044058476, 0.10111212274266529, 8.915761541659814e-9, 3.614264526576719e-10, 9.313002372038343e-10, 8.433305633820517e-7, 8.457033327281273e-7, 0.10111212215469918, 0.8988878766671199, 8.360532685311233e-7, 0.10111212433052405, 7.36332549836569e-10, 0.10111212205044619, 1.8710725916769193e-9, 4.445754868990774e-10, 2.503769180063471e-10, 2.755550334929457e-10, 6.884386837248758e-10, 0.1011121161904504, 7.390695577556557e-9, 2.564341889169437e-9, 0.10111211636431493, 2.6744159669440114e-10, 4.6077853420695953e-10, 0.10111212382197106, 0.10111211580717043]
v_opt: [0.010223721793950005, 0.10111211608813407]
solution time: 0.004829883575439453
McCormick lower bound: -6.309609836343597

