x_opt: [0.5258471619917432, 0.8988881074030445, 0.1011117248982998, 0.8988882770884833, 0.10111185819625218, 0.10111172502680843, 0.10111172323391639, 0.8988881400380856, 0.1011117249734155, 0.10111189493420802]
w_opt: [0.5258471599047598, 0.10111172333216309, 0.5258471587477114, 7.481803998551971e-7, 0.10111172165091913, 3.5823371193160264e-8, 0.42473530560487294, 3.098550472113165e-9, 0.1011118898754384, 6.62925672062244e-9, 0.8988881043996539, 4.163315944466578e-9, 0.10111172211091926, 1.4139343651785095e-9, 0.8988881051962705, 1.919124351921178e-9, 4.9084093556328524e-9, 0.10111172271731833, 0.10111171266400241, 0.10111171501222162, 0.10111171988167991, 3.650178432015294e-8, 2.4556854808093333e-9, 6.045033083387971e-9, 1.4058732723449033e-7, 5.400310589654072e-8, 0.10111171025026251, 0.8988881325686796, 1.0181736967862356e-8, 0.10111189177169054, 4.637527567075611e-9, 0.1011117122799174, 3.972715048402272e-9, 3.2454695035532066e-9, 2.5976457245557324e-9, 1.5690397905366585e-9, 2.986730211888176e-9, 0.10111171959885705, 3.261801221165429e-8, 1.0174382876521187e-8, 0.10111172109751644, 1.5219269087572058e-9, 4.537255367511351e-9, 0.10111188515457455, 0.10111171749104295]
v_opt: [0.010226899775266663, 0.10111172150608448]
solution time: 0.0074880123138427734
McCormick lower bound: -2.8003362622966783

