x_opt: [0.5258468311622756, 0.898887493612741, 0.10111241350121998, 0.8988881563144324, 0.10111250507876586, 0.10111185068745979, 0.10111250016002069, 0.8988875022771325, 0.10111184980548193, 0.10111250744260905]
w_opt: [0.5258468301155544, 0.10111241270003747, 0.5258468300967352, 1.0645070216335354e-7, 0.10111184933719758, 9.62768041208578e-9, 0.4247343354555063, 1.303976448002848e-9, 0.10111250534257024, 3.37828317398913e-9, 0.898887492630952, 2.2235010718785115e-9, 0.10111184958224743, 7.825098975445594e-10, 0.8988874926952904, 8.958942663712514e-10, 2.121716935670445e-9, 0.10111241258566919, 0.10111240917171488, 0.10111184846769809, 0.10111241244011683, 7.651828676736238e-9, 1.1046454890334778e-9, 2.982325596742448e-9, 6.63527875349989e-7, 2.6345034198613086e-8, 0.10111249520411936, 0.8988874992559848, 9.171825388968248e-9, 0.1011125061306463, 2.1179210290799224e-9, 0.1011124932667874, 9.215088812031582e-9, 1.4365794624970057e-9, 8.064693197511736e-10, 7.330341924532888e-10, 1.5752445275968357e-9, 0.10111184778913053, 2.0521134402851687e-8, 1.0661199008119366e-8, 0.10111184858533052, 7.335517828321091e-10, 1.344616210049652e-9, 0.10111250416587668, 0.101111846818897]
v_opt: [0.010224235343745098, 0.1011118481279444]
solution time: 0.0046520233154296875
McCormick lower bound: -3.4827295136164116

