x_opt: [0.3319299921934675, 0.6680700607717094, 0.2913705183349987, 0.8994766505879523, 0.3319299372920808, 0.29137041872362307, 0.2913705188344576, 0.6680700634281024, 0.10052396445818483, 0.3319299392831652]
w_opt: [0.33192999170639664, 0.2913705181116534, 0.33192999193075423, 2.38414066338095e-8, 0.29137041830016935, 4.318468738696351e-9, 5.675170012634656e-8, 2.4065797200086153e-10, 0.3319299369574158, 8.346290677076826e-10, 0.6680700604735611, 6.830183524534461e-10, 0.2913704185115109, 2.0296150793504224e-10, 0.6680700604005954, 2.1612194499937067e-10, 9.385797320302657e-10, 0.29137051810909076, 0.29137051750120924, 0.2913704179550144, 0.29137051799996483, 2.23274891584416e-9, 2.73586899617785e-10, 6.591308858836234e-10, 0.2314065885070945, 0.19084707303244125, 0.2913705174770995, 0.6680700625015811, 6.155854716870073e-7, 0.33192993884742733, 5.939483035260065e-10, 0.29137051770286343, 1.2098679826253358e-9, 3.436652631979343e-10, 2.0494320177166464e-10, 2.9399836255790317e-10, 4.605784421319527e-10, 0.10052396383637352, 5.2247144932273285e-9, 1.3380690778931703e-9, 0.10052396408295436, 2.3212593243586655e-10, 4.0614722700217065e-10, 0.3319299381434933, 0.10052396364994921]
v_opt: [0.08489699620631237, 0.10052396393767997]
solution time: 0.004523038864135742
McCormick lower bound: -3.0498948759773388

