x_opt: [0.5253974266933873, 0.898586841691573, 0.10141315794339814, 0.899086449121481, 0.10141315830162266, 0.1014131515925608, 0.10141315806103791, 0.8985868419992443, 0.10141315122068263, 0.1014131582963085]
w_opt: [0.5253974266246634, 0.10141315789884893, 0.5253974266422707, 2.289391803481177e-9, 0.10141315151968866, 4.3171027388495395e-10, 0.42398426881400453, 5.671527178039461e-11, 0.10141315820334437, 2.668035671480342e-10, 0.8985868416474292, 1.1513750371797224e-10, 0.10141315154669214, 4.4775485970852344e-11, 0.8985868416445093, 4.923491586000099e-11, 7.652101927245873e-11, 0.1014131579061159, 0.10141315768808169, 0.1014131515143932, 0.10141315788333338, 1.0667696729966624e-9, 5.4325628699460247e-11, 1.3589227377826782e-10, 0.0004996075304759713, 0.000499601302107734, 0.10141315787422751, 0.8985868418785758, 0.0004996004361121954, 0.10141315821566987, 1.0799597557253471e-10, 0.10141315789603964, 3.635657422002912e-10, 6.557705135911108e-11, 3.715230622800613e-11, 4.374825972438516e-11, 8.477058094883449e-11, 0.10141315114111678, 9.211494072768105e-10, 3.0662644651068904e-10, 0.10141315116437448, 4.142118131021845e-11, 6.261909883269395e-11, 0.10141315813888643, 0.10141315109266223]
v_opt: [0.010285088363193029, 0.10141315112350517]
solution time: 0.004778861999511719
McCormick lower bound: -5.345489192308006

