x_opt: [0.7474432407278104, 0.7776112844228537, 9.187507955385435e-8, 0.9999998027692693, 0.22238870507067457, 9.765639998478745e-8, 0.22238869356466762, 0.7776113111618005, 1.04022082613605e-7, 0.7776059758180736]
w_opt: [0.7474432365882551, 8.866017962757535e-8, 0.7474432378132179, 1.5866270618220514e-7, 9.398610011203562e-8, 2.925551114761302e-8, 0.5250545599269476, 4.5988497121687404e-9, 0.7474432341346482, 7.884295174862174e-9, 0.777611281096744, 1.1733300696987645e-8, 9.38252750594246e-8, 4.9827670311174635e-9, 0.7776112809635591, 2.82369402927031e-9, 0.555217264416216, 8.65983048127687e-8, 8.377553393956793e-8, 7.751566630892983e-8, 8.921120731119612e-8, 2.2793373837435654e-8, 3.940323639226941e-9, 1.0933052140651104e-8, 0.22238851288365766, 3.131632565451279e-8, 0.22238866973861374, 0.7776113008839567, 5.890378808203531e-9, 0.777605972429411, 6.699645108307942e-9, 0.2223886684023451, 2.564670844155112e-8, 5.4088979589837724e-9, 2.276101370834726e-9, 2.694302934220399e-9, 5.075605221641187e-9, 9.23147883303994e-8, 3.586684176596495e-8, 1.7827535546336357e-8, 9.894121902328042e-8, 2.9026329704400077e-9, 2.993544895507816e-9, 0.77760596733608, 9.244416647054678e-8]
v_opt: [0.04945717685091132, 9.865233193856543e-8]
solution time: 0.004714012145996094
McCormick lower bound: -2.480346204496618

