x_opt: [0.5258465147368118, 0.8988877392405883, 0.10111215741772882, 0.8988886144643612, 0.10111224786225327, 0.10111216021268658, 0.10111215643407193, 0.8988877592399308, 0.10111215291161442, 0.10111225483204724]
w_opt: [0.5258465081173539, 0.10111215291770803, 0.525846506376302, 3.12607923127023e-7, 0.10111215020779182, 6.391734155871463e-8, 0.424734284939495, 7.169170660734864e-9, 0.10111224154050773, 2.1750651350642496e-8, 0.8988877322714091, 1.1393656342192707e-8, 0.10111215379482381, 3.894514302715738e-9, 0.8988877321006078, 5.636330866744983e-9, 6.558829233385861e-9, 0.10111215272531361, 0.10111212344843033, 0.10111214644065478, 0.10111214388908643, 7.687090615482744e-8, 6.3517313104941476e-9, 1.4680580345465838e-8, 8.770288087645223e-7, 8.627242849100622e-7, 0.10111213236494401, 0.8988877436910006, 7.807202058389797e-7, 0.10111224448624294, 1.253676236990732e-8, 0.1011121371944916, 1.61336251399346e-8, 7.739246081548289e-9, 6.227432707998761e-9, 4.8200949000168e-9, 9.222590072934722e-9, 0.10111214043325208, 8.744573523514883e-8, 2.5970062717647262e-8, 0.10111214521370615, 4.41979410482794e-9, 1.3201016113047894e-8, 0.10111222748563745, 0.10111213554549038]
v_opt: [0.01022394804483756, 0.1011121428158669]
solution time: 0.005187034606933594
McCormick lower bound: -3.9347757029384263

