x_opt: [0.31935414050658817, 0.6806475160671652, 0.31935200955298654, 0.9506470101671323, 0.3193522856736629, 0.31935013071407575, 0.31935203542827917, 0.6806478191495863, 0.049353072017018794, 0.3193532536555503]
w_opt: [0.31935411764705135, 0.31935199295888744, 0.3193541321163531, 1.6311873572739401e-6, 0.31935011095866767, 1.475970689592801e-7, 2.090984465994729e-6, 9.574102486896087e-9, 0.3193532213461174, 4.5060558758900936e-8, 0.6806475066241306, 2.1232242887614473e-8, 0.3193501231783869, 1.07250005264492e-8, 0.6806475041955681, 9.237799869523424e-9, 7.821130302723505e-7, 0.31935200138483505, 0.3193519619567086, 0.319350108815152, 0.3193519981684435, 2.4681326159058234e-7, 1.1330722166947502e-8, 3.001696841637965e-8, 0.26999931983689807, 0.26999738287335784, 0.31935197624743955, 0.680647790954009, 1.354811474343688e-7, 0.3193532369945956, 2.735526913444932e-8, 0.3193519886940313, 1.268482760356622e-7, 1.56404869350003e-8, 6.471023987567872e-9, 1.3194385768829147e-8, 3.2885781094791583e-8, 0.049353051566474605, 3.489232892329343e-7, 4.3790635185738573e-8, 0.04935305673131414, 1.0860626347334198e-8, 1.3017594716072337e-8, 0.3193532176602927, 0.049353038733850225]
v_opt: [0.10198584544367693, 0.04935304890296326]
solution time: 0.007359981536865234
McCormick lower bound: -3.732619962453193

