x_opt: [0.36225795333218563, 0.6377477608207712, 0.2239014088849369, 0.776098683190976, 0.36225204001105366, 0.22390137873740037, 0.22390143709542407, 0.637748015128324, 0.2239013923419868, 0.362252241121155]
w_opt: [0.36225794968689323, 0.22390140714613682, 0.36225795062800453, 2.2119550039098393e-7, 0.22390137281233757, 9.264873857226864e-8, 6.007796495974229e-6, 2.9598448572915995e-9, 0.3622522226444135, 8.263967822706862e-9, 0.6377477573720742, 1.0607063845060539e-8, 0.223901376671185, 1.5029407087360211e-9, 0.6377477560072313, 1.5943558306802813e-9, 6.6475974179178455e-9, 0.22390140678600215, 0.22390140155584798, 0.22390137668355395, 0.2239014079918149, 4.2766289825160164e-8, 2.316956970407686e-9, 9.074230416932506e-9, 0.1383507303018637, 2.2787228911822646e-7, 0.22390140840053663, 0.6377480012720393, 9.025467050768752e-8, 0.36225223752307084, 8.804813711480374e-9, 0.2239014216636935, 6.359785239962194e-8, 4.8827033138507005e-9, 5.989179973529915e-9, 1.7268796595050415e-9, 3.1272181117910664e-9, 0.22390137235446406, 9.810988437303535e-8, 2.0090295521915313e-8, 0.2239013914062572, 1.6280723623371429e-9, 7.2653573771912e-9, 0.36225223202787804, 0.22390137823328407]
v_opt: [0.05013187788325912, 0.2239013887073704]
solution time: 0.004906892776489258
McCormick lower bound: -2.3061817446076787

