x_opt: [0.5258468193453766, 0.8988873613731995, 0.10111216481087115, 0.8988880886607327, 0.10111248062481511, 0.10111192338495556, 0.10111225441595754, 0.8988875092661139, 0.10111192628407686, 0.10111266492643368]
w_opt: [0.5258468174956089, 0.10111216335811295, 0.5258468170425826, 1.513962679977371e-6, 0.10111192082956824, 2.8047686604981384e-8, 0.4247343324465679, 3.410124301836725e-9, 0.10111264921050239, 1.2686275547950038e-8, 0.8988873591610054, 1.566943292609647e-8, 0.10111192067101252, 1.7754764942806837e-9, 0.8988873600505103, 2.0004628438526824e-9, 3.0096723730680276e-8, 0.10111216301333763, 0.10111210586956831, 0.10111191891007931, 0.10111215875183785, 1.2017542793750881e-7, 2.393054704457474e-9, 7.417730562575005e-9, 5.884423617146298e-7, 1.0252331076808136e-7, 0.10111224061213236, 0.898887457029256, 9.57438915273685e-8, 0.10111266222984297, 4.668550806505262e-9, 0.10111216428310253, 6.508560590407575e-9, 3.6972681190751532e-9, 1.9643906171875284e-9, 1.2756696323786333e-9, 4.278419459976231e-9, 0.10111190480796578, 5.205229529081961e-8, 3.585337042417715e-8, 0.10111192347420772, 1.3594424550619867e-9, 6.637907972741573e-9, 0.10111265824612495, 0.10111191893984037]
v_opt: [0.010223716354409721, 0.10111192294897826]
solution time: 0.005589962005615234
McCormick lower bound: -3.978775490925712

