x_opt: [0.5258473231893168, 0.8988883821161925, 0.10111160897276786, 0.8988883908825236, 0.10111161486984482, 0.1011116088193698, 0.10111161098002383, 0.8988883859940319, 0.10111160892634072, 0.10111163338013665]
w_opt: [0.5258473231293717, 0.10111160891832723, 0.5258473231065033, 1.4174581316275983e-8, 0.10111160871136383, 7.550935653635779e-10, 0.42473570934293303, 1.3874812740362637e-10, 0.10111163307151227, 1.9538177722028175e-10, 0.8988883820436635, 2.1707214268884527e-10, 0.10111160871041475, 5.7670708414374513e-11, 0.8988883820624974, 6.752718976595521e-11, 1.5557804063863892e-8, 0.10111160890289177, 0.10111160820718947, 0.10111160841599584, 0.10111160875531479, 1.3965361981047343e-9, 8.680475450915261e-11, 2.909321907660908e-10, 6.1357804172116026e-9, 1.6084624892950458e-9, 0.10111161050562904, 0.8988883850571456, 3.00492898860386e-10, 0.10111163328904034, 1.7844798492749923e-10, 0.10111160957461586, 1.3437754827534777e-9, 1.432072883465587e-10, 7.155860875783479e-11, 4.2735682534884634e-11, 1.4273850685124688e-10, 0.10111160865545081, 2.087586512101104e-9, 1.6522891637106734e-9, 0.10111160882914481, 4.680557145561297e-11, 1.5493943086377718e-10, 0.10111163314923882, 0.1011116086935831]
v_opt: [0.010223566341684179, 0.10111160881020691]
solution time: 0.004663944244384766
McCormick lower bound: -3.5006632037996246

