x_opt: [0.5088812983514368, 0.8682569138590861, 0.13174305387945542, 0.8922129921652787, 0.13174308576939694, 0.10778701337369026, 0.13174305499415875, 0.8682569145658882, 0.10778701293573582, 0.13174308617680675]
w_opt: [0.5088812981942611, 0.13174305377671436, 0.5088812982206908, 6.359964915005317e-9, 0.10778701320398663, 1.2710669074888252e-9, 0.377138213179199, 1.3583713680863204e-10, 0.13174308593915457, 3.7328726821545264e-10, 0.8682569137287389, 2.6039867132381543e-10, 0.10778701325523524, 9.485006683605488e-11, 0.8682569137188749, 1.0522946207320509e-10, 2.400498265799602e-10, 0.13174305376649512, 0.1317430534430997, 0.10778701312816089, 0.13174305375120607, 1.309326174869469e-9, 1.334133793076879e-10, 3.1386821280801137e-10, 0.023956078177829476, 7.30554412935772e-9, 0.1317430544286134, 0.8682569142328005, 5.346275945436807e-9, 0.13174308600394274, 2.494943089469392e-10, 0.13174305460304028, 5.23813542621345e-10, 1.6058391919540966e-10, 9.926863336414738e-11, 1.1061940857485986e-10, 1.8507428416821326e-10, 0.10778701273565879, 2.0924931653557915e-9, 3.765249362462138e-10, 0.10778701277751306, 1.0006853586136782e-10, 1.635557397192076e-10, 0.13174308575499447, 0.107787012591137]
v_opt: [0.017356653116884956, 0.10778701271692454]
solution time: 0.005825042724609375
McCormick lower bound: -3.1588015933657108

