x_opt: [0.36225707294466736, 0.6377430147310961, 0.22390168302881167, 0.7760983144654955, 0.36225341931741983, 0.22390168379038167, 0.22390168715183167, 0.6377465801159066, 0.2239016840426736, 0.3622569885344126]
w_opt: [0.36225707227179194, 0.2239016825532464, 0.36225707220901426, 3.5959335682045893e-8, 0.22390168297074955, 7.132363561161532e-9, 3.6541575733798704e-6, 7.648697679211604e-10, 0.3622569870601862, 1.4383561114750254e-9, 0.6377430139247892, 1.2717222568644523e-9, 0.2239016830679728, 4.595797078883472e-10, 0.6377430140588287, 4.784582415056664e-10, 3.995885583598168e-9, 0.2239016822476429, 0.2239016809890611, 0.22390167998581603, 0.22390168231444962, 5.008179659494852e-9, 6.920032991436231e-10, 1.6320435687935377e-9, 0.13835173486978705, 1.2055095703578294e-8, 0.22390168319620649, 0.6377465782843436, 1.913407722623454e-9, 0.36225698779059645, 1.2160471151302014e-9, 0.22390168440294597, 1.2963097767243915e-9, 8.673524605355954e-10, 5.71241308621159e-10, 5.000840446536329e-10, 7.985870076025741e-10, 0.22390168259078141, 9.789576660784571e-9, 1.7903246455973443e-9, 0.2239016829620092, 4.655868085164527e-10, 8.66340779576433e-10, 0.3622569862575503, 0.22390168208592823]
v_opt: [0.05013212711619428, 0.2239016830690519]
solution time: 0.006626129150390625
McCormick lower bound: -2.0903727593056716

