x_opt: [0.5258472220409394, 0.8988882582370801, 0.10111169266033035, 0.8988883548342771, 0.10111173869493563, 0.10111167853149883, 0.10111170092917444, 0.898888262944088, 0.1011116802809863, 0.10111173729999684]
w_opt: [0.5258472215212788, 0.10111169228159063, 0.5258472212964067, 2.169331108972887e-7, 0.10111167779509414, 1.3844342142898374e-8, 0.4247354864522778, 7.046539261642117e-10, 0.10111173512817766, 1.2809397223913745e-9, 0.8988882574574706, 2.0298666758409605e-9, 0.10111167789469971, 3.692343256262391e-10, 0.8988882574793988, 4.3593727330746357e-10, 7.72904068004992e-10, 0.10111169209652471, 0.1011116907341765, 0.10111167673256949, 0.10111169202518425, 5.426321815491887e-9, 5.99044558457357e-10, 1.454471323365292e-9, 9.588517530558356e-8, 4.218036259406562e-8, 0.10111169636969747, 0.8988882592278594, 3.6548210770463457e-8, 0.10111173650403112, 1.1549300007888295e-9, 0.10111169774084271, 2.7949051514914115e-9, 8.478343509684942e-10, 6.560155600753347e-10, 4.1927242834614233e-10, 6.27945231625487e-10, 0.10111167666585362, 8.10729613327298e-9, 3.0415185367240486e-9, 0.101111679623663, 3.979908410195508e-10, 8.863591179694722e-10, 0.10111173489004827, 0.10111167866390784]
v_opt: [0.01022556716107427, 0.10111167937939992]
solution time: 0.005518913269042969
McCormick lower bound: -2.56919951751614

