x_opt: [0.49039829370393867, 0.8751285930202422, 0.124871404271825, 0.9144949582026155, 0.12487140665527945, 0.124871393580815, 0.12487140468712778, 0.8751285944043071, 0.12487139168169104, 0.12487140689386884]
w_opt: [0.4903982933287542, 0.1248714040228825, 0.4903982933895783, 1.3715253379779641e-8, 0.12487139314089848, 2.69369673873639e-9, 0.3655268887686025, 3.2871204164129444e-10, 0.12487140633241112, 1.3875924068709936e-9, 0.8751285927429712, 5.859433703923484e-10, 0.12487139330797492, 2.3355123041245643e-10, 0.875128592720761, 2.8683548568256903e-10, 4.332467196031206e-10, 0.12487140405241728, 0.12487140274313682, 0.1248713930876411, 0.12487140385434371, 5.4435554280588e-9, 3.1390683929494577e-10, 7.598499667057818e-10, 0.03936636551619901, 0.03936635559144286, 0.1248714035846215, 0.8751285936769164, 0.03936635046090679, 0.12487140641005558, 6.228898667009061e-10, 0.12487140375548998, 1.442152719049779e-9, 3.7726484615831504e-10, 2.3346399421747995e-10, 2.5569637057313733e-10, 5.08878742247933e-10, 0.12487139120741664, 5.0254208193013485e-9, 1.3949122864613203e-9, 0.12487139133861168, 2.370174447127183e-10, 4.241034270630609e-10, 0.12487140588738391, 0.12487139088491989]
v_opt: [0.015593416784781072, 0.12487139113176426]
solution time: 0.009727001190185547
McCormick lower bound: -4.916446579322718

