x_opt: [0.5258473064088908, 0.8988883021336859, 0.10111162845829468, 0.898888383972359, 0.10111166412995541, 0.10111161610011977, 0.10111163032421837, 0.8988883468470181, 0.1011116173503484, 0.10111174001265988]
w_opt: [0.5258473038642826, 0.10111162633849195, 0.5258473031748212, 2.1706894650913436e-7, 0.101111612169465, 2.3991632190894792e-8, 0.4247356585873482, 4.539502903859176e-9, 0.10111173173551337, 9.425357665673708e-9, 0.898888299179805, 5.604480686784209e-9, 0.10111161237859038, 2.1332674589573635e-9, 0.8988882998083042, 2.634913498837395e-9, 4.479079418948491e-8, 0.1011116258239478, 0.1011116073516282, 0.10111160811956896, 0.10111162429631737, 7.565597316760689e-8, 3.1891961660779213e-9, 9.182828503745762e-9, 5.624089228496823e-8, 5.4233085721402606e-8, 0.10111161609971461, 0.8988883334200849, 1.3125316883471737e-8, 0.1011117364443176, 6.1612141050466506e-9, 0.1011116118526063, 1.8279121544015662e-8, 4.502414393664798e-9, 2.545005184380986e-9, 1.7771112682466082e-9, 4.7837000321372724e-9, 0.10111160988050218, 4.613938178751522e-8, 1.552650431448862e-8, 0.10111161395128579, 1.886905208333413e-9, 4.8068157216696245e-9, 0.10111173086867992, 0.10111160838853044]
v_opt: [0.01022358909469501, 0.10111161292361984]
solution time: 0.005268096923828125
McCormick lower bound: -3.4926628546525587

