x_opt: [0.7429842500037329, 0.7907389821706986, 2.398202187276551e-6, 0.999996801611296, 0.20926091074553638, 2.278144391704032e-6, 0.20926090077355813, 0.790739129120733, 2.2798862212632374e-6, 0.7429842681548908]
w_opt: [0.7429842378863954, 2.3901586327152087e-6, 0.7429842425462371, 2.1093037031725854e-7, 2.268122742316676e-6, 9.171807021259089e-8, 0.5337234018620213, 8.924278277507697e-9, 0.7429842093527995, 2.0264053035466523e-8, 0.7907389732692512, 2.2711821099407162e-8, 2.270264409158485e-6, 9.602032528096713e-9, 0.79073897204937, 6.840238504846609e-9, 0.5337232611322383, 2.3873969747977225e-6, 2.376410981036806e-6, 2.2493437631226345e-6, 2.3913428832694913e-6, 6.941604251333594e-8, 9.511924366930148e-9, 2.2299969879677572e-8, 0.20925772576490922, 1.0203796971012958e-7, 0.20926084551234397, 0.7907391060852105, 1.4809968948945835e-8, 0.7429842585730603, 1.708915383284573e-8, 0.2092608313203632, 6.316859461192189e-8, 1.1827887265746931e-8, 5.9140871435140434e-9, 8.847276018438844e-9, 1.3056100488979759e-8, 2.2604230673000194e-6, 1.2816458344138787e-7, 5.426018631662245e-8, 2.2660340675213276e-6, 7.774283117992902e-9, 8.673667266224254e-9, 0.7429842460450751, 2.2518854073312632e-6]
v_opt: [0.04379233992075521, 2.2644991255005645e-6]
solution time: 0.004499197006225586
McCormick lower bound: -2.3233792195843734

