x_opt: [0.5258472470919736, 0.8988878425993072, 0.10111170185183546, 0.8988882794365546, 0.10111192267595573, 0.10111167225881197, 0.10111184979008479, 0.8988880538234069, 0.10111165905753365, 0.10111230105134801]
w_opt: [0.5258472436889426, 0.10111169895684757, 0.5258472418451718, 1.697592822885773e-6, 0.10111166600483426, 5.593343303079919e-8, 0.42473530998297776, 7.566527039230287e-9, 0.10111225930300873, 1.4895931634049283e-8, 0.8988878379903753, 8.920874520495126e-9, 0.10111166603404222, 2.7434353565565106e-9, 0.8988878393204273, 3.739565384724392e-9, 1.4514202025531697e-7, 0.10111169783434526, 0.10111163246177508, 0.10111165929130976, 0.10111169297548406, 3.277472783024416e-7, 4.669335275346242e-9, 1.540904031334339e-8, 2.274204282700482e-7, 8.005630699174258e-8, 0.10111181830338364, 0.8988879902872702, 8.27038135619812e-9, 0.10111229569581366, 1.0015480492445627e-8, 0.10111173840010523, 3.0113911727635285e-9, 7.3749923351362575e-9, 5.072311489751271e-9, 2.4100098244438087e-9, 9.710411943475967e-9, 0.10111165507478836, 1.1814068341957275e-7, 5.876318997165389e-8, 0.10111165145415615, 2.5448936640391912e-9, 1.7746839241600086e-8, 0.10111228237036747, 0.10111164432576543]
v_opt: [0.01022367142281013, 0.1011116529684982]
solution time: 0.0059239864349365234
McCormick lower bound: -3.104815842285576

