x_opt: [0.3622557652111787, 0.6377441456855324, 0.22390285800126689, 0.776097088641623, 0.3622553442842622, 0.22390307170428894, 0.22390287164808192, 0.6377444785966467, 0.2239029471356702, 0.3622558046191248]
w_opt: [0.36225574851916503, 0.22390285219038125, 0.3622557567694601, 1.5715184569070877e-6, 0.22390305078251102, 6.376144077957458e-7, 1.094641581218911e-6, 6.103693885067676e-9, 0.36225575151377826, 1.7373518025933508e-8, 0.6377441341857053, 8.312336350477429e-8, 0.2239030658324125, 4.2106568052594065e-9, 0.6377440798545302, 4.459216835849985e-9, 8.000683702362057e-9, 0.22390285032004972, 0.22390283729775728, 0.22390282467112763, 0.22390284733163396, 2.585769646663204e-8, 6.648914755181807e-9, 1.6148077556551847e-8, 0.13835244267176966, 2.5960523459289697e-7, 0.22390278143610898, 0.6377444639133705, 5.826922200602864e-8, 0.36225579341935354, 1.8103875712500886e-8, 0.22390283669505345, 2.7368313377692502e-8, 9.095012269368078e-9, 1.7110493403546892e-8, 8.293747256472117e-9, 7.921695742642054e-9, 0.22390294037625746, 9.468279079257694e-8, 2.622298136455969e-8, 0.22390286765188602, 5.389885898300917e-9, 8.675506356196306e-9, 0.3622556793176689, 0.22390292234786324]
v_opt: [0.0501330329156613, 0.2239029366588854]
solution time: 0.00423884391784668
McCormick lower bound: -1.6584413759465577

