x_opt: [0.7429823074588303, 0.7907389820055314, 5.768326903822659e-6, 0.999998045075248, 0.20926089311435545, 1.9786846144660025e-6, 0.20926050820847453, 0.7907393537466672, 1.953571312343738e-6, 0.7429822228913493]
w_opt: [0.7429822966755643, 5.7609431634177534e-6, 0.7429823005940587, 2.66477081758109e-7, 1.969347785107944e-6, 8.972366766053381e-8, 0.5337216792393081, 8.798886136322232e-9, 0.7429821947936494, 2.085155824705994e-8, 0.790738974410735, 1.7326647524274454e-8, 1.971205907468944e-6, 8.297275205158106e-9, 0.7907389739854953, 6.624042327827625e-9, 0.5337212137201157, 5.759394556085866e-6, 5.7471392351354225e-6, 1.960492136838512e-6, 5.7620126764224965e-6, 7.218944858307945e-8, 9.032531572652286e-9, 2.234274530448646e-8, 0.20925895124473973, 2.715213660832418e-7, 0.2092604597441843, 0.7907393319898064, 3.2441777862424944e-8, 0.7429822138293062, 1.632913382998161e-8, 0.20926047644886325, 2.6102506523902454e-7, 1.1384268793254518e-8, 5.339982432646438e-9, 7.391797411482805e-9, 1.24507903595101e-8, 1.9401082011651484e-6, 1.2496722208475027e-7, 2.0713937124747326e-8, 1.9421085867332764e-6, 6.971212597956521e-9, 7.88373217360917e-9, 0.7429822021792216, 1.928833618654709e-6]
v_opt: [0.043790115138420266, 1.9388010726155164e-6]
solution time: 0.005070924758911133
McCormick lower bound: -2.7393539847585338

