x_opt: [0.5258488977404576, 0.898889471482185, 0.1011105224786142, 0.8988894815321702, 0.10111052608249453, 0.10111051852935758, 0.10111052502159504, 0.8988894751997126, 0.10111051847556647, 0.10111260486558789]
w_opt: [0.5258488973976793, 0.10111052218972658, 0.5258488974256489, 1.5651166755284673e-8, 0.10111051810125236, 2.56682651633039e-9, 0.424738373665696, 5.051985069068363e-10, 0.10111260418347874, 1.2589842039010067e-9, 0.8988894711718353, 5.938263956772016e-10, 0.10111051812685981, 3.0505765616885436e-10, 0.8988894712064835, 3.212167773528963e-10, 2.076629180397993e-6, 0.10111052214010179, 0.10111052107330062, 0.10111051776685964, 0.10111052214629267, 5.46969747075494e-9, 3.934547816236541e-10, 1.160231946467696e-9, 8.249981273200652e-9, 7.419152145326916e-9, 0.10111052335679094, 0.8988894742019301, 1.2398647076209587e-9, 0.10111260446451967, 7.23887511313289e-10, 0.10111052341180478, 1.9145683464094387e-9, 5.265222874346437e-10, 2.458179478840439e-10, 2.3319466493840327e-10, 5.537895827468011e-10, 0.10111051772603487, 6.516389807704002e-9, 1.6708625890709007e-9, 0.10111051807262146, 2.489303356261954e-10, 3.756138059374434e-10, 0.10111260395692315, 0.1011105174374965]
v_opt: [0.01022341486492277, 0.10111051789830293]
solution time: 0.004893779754638672
McCormick lower bound: -3.5592018918309143

