x_opt: [0.5349793097503641, 0.7083527926697238, 0.2916472072742974, 0.9579760229146149, 0.29164720731672966, 0.04202397712828679, 0.29164720729723287, 0.7083527926846944, 0.04202397708373396, 0.5349793097352268]
w_opt: [0.534979309746426, 0.2916472072718127, 0.5349793097481923, 1.279493359235457e-10, 0.04202397712513134, 2.5204335278168693e-11, 0.24333210244230438, 2.6867794237473614e-12, 0.5349793097203124, 8.413524058615794e-12, 0.7083527926672746, 4.946767764084433e-12, 0.04202397712603317, 2.646901144480406e-12, 0.7083527926670073, 2.2321478265324457e-12, 0.24333210240790198, 0.29164720727165555, 0.2916472072660148, 0.04202397712308292, 0.2916472072721189, 3.855896866904001e-11, 2.896627159153798e-12, 6.996874812184003e-12, 0.24962323023600722, 1.0378559934947534e-10, 0.2916472072825612, 0.7083527926772459, 7.911644530335134e-12, 0.5349793097319722, 5.238452902476677e-12, 0.29164720728503796, 6.369225846502736e-12, 3.431887019512123e-12, 1.7125032750915179e-12, 2.6623947184900553e-12, 4.42718606577396e-12, 0.04202397708025848, 5.5300305346588697e-11, 1.0182766526932265e-11, 0.042023977079881356, 2.3822455604995664e-12, 2.6711260495396848e-12, 0.5349793097280335, 0.04202397707588836]
v_opt: [0.08505811557500417, 0.04202397707866053]
solution time: 0.006824970245361328
McCormick lower bound: -3.0400522203016624

