x_opt: [0.5210763625120337, 0.8902746153213255, 0.10972538385805387, 0.8970112257826535, 0.10972538458039337, 0.10298877503883865, 0.10972538412896467, 0.8902746156782352, 0.10298877480455657, 0.10972538475923693]
w_opt: [0.521076362453021, 0.10972538381689785, 0.5210763624664249, 2.2237288139509637e-9, 0.10298877497755111, 4.0675499593624984e-10, 0.4113509782969665, 5.351932127808866e-11, 0.10972538467363617, 1.7314247260106998e-10, 0.8902746152786417, 9.328612238071791e-11, 0.10298877499470485, 4.164001359997328e-11, 0.8902746152770936, 4.201794150831727e-11, 1.4031290202223367e-10, 0.10972538381728177, 0.10972538367779743, 0.10298877495630207, 0.10972538381335224, 9.092574784072569e-10, 5.1109863671073094e-11, 1.2964791102009098e-10, 0.006736610451235717, 1.7606177241009367e-9, 0.10972538392783025, 0.8902746155581516, 6.851327852964859e-10, 0.1097253846964842, 9.651037926190069e-11, 0.10972538397266707, 3.254861779514188e-10, 6.26807777833642e-11, 3.331805223071818e-11, 3.9598340465662356e-11, 7.503654728769123e-11, 0.10298877473280486, 8.720084569020774e-10, 1.8325491669787076e-10, 0.1029887747480273, 3.795672507134922e-11, 5.2777459385429367e-11, 0.10972538462293505, 0.10298877467614143]
v_opt: [0.012040418926236814, 0.10298877471901127]
solution time: 0.004851818084716797
McCormick lower bound: -3.808893283504292

