x_opt: [0.5258388557938365, 0.8988826864119914, 0.10111730853474328, 0.898892088062575, 0.1011173133426836, 0.1011172788135197, 0.10111730974898381, 0.8988826876568138, 0.10111727844418532, 0.10111731300030324]
w_opt: [0.5258388553245562, 0.10111730821261304, 0.5258388552549501, 3.8046082669325834e-8, 0.10111727813641873, 4.239530141104604e-9, 0.42472154424693764, 5.003656176705981e-10, 0.10111731210490998, 1.7010784778900744e-9, 0.8988826859643119, 9.659936425053654e-10, 0.10111727837650412, 2.7966384032115906e-10, 0.8988826859290685, 3.919841355960147e-10, 4.3554011329848216e-10, 0.10111730821332043, 0.10111730600924496, 0.10111727800642696, 0.10111730790899505, 7.975199022428689e-9, 4.449292718460747e-10, 1.053496921729238e-9, 9.402357830644824e-6, 9.371424250834322e-6, 0.10111730811116297, 0.898882686633271, 9.367376121802683e-6, 0.10111731229479247, 8.811302199753182e-10, 0.10111730834659195, 1.5615089496107941e-9, 5.437267440928679e-10, 4.019069558886543e-10, 3.3544622421672753e-10, 6.416428962007863e-10, 0.10111727752712402, 6.6036293575677605e-9, 1.883492176138995e-9, 0.10111727796182117, 3.1198365915836705e-10, 7.78670411331988e-10, 0.10111731125678639, 0.10111727729080489]
v_opt: [0.010225990138236914, 0.10111727772500437]
solution time: 0.008480072021484375
McCormick lower bound: -4.242905011879749

