x_opt: [0.5258473044887969, 0.8988883664886552, 0.10111162207585582, 0.8988883777841983, 0.10111163294186787, 0.10111162221578127, 0.10111162286353459, 0.8988883670657999, 0.10111162236314217, 0.1011116335228099]
w_opt: [0.5258473044251725, 0.10111162202998546, 0.5258473043997339, 4.073151314469351e-9, 0.10111162212401625, 7.477918320926863e-10, 0.42473567165895254, 8.509547269038171e-11, 0.10111163337050932, 1.530401046293785e-10, 0.8988883664010904, 1.4205438221475294e-10, 0.10111162213292027, 4.2062144679642564e-11, 0.8988883664149867, 5.0073389486624434e-11, 1.0603593374995594e-10, 0.10111162200283459, 0.10111162182653805, 0.10111162177980446, 0.10111162199401282, 5.622140985889944e-10, 7.056496901903351e-11, 1.674017780583293e-10, 1.0845468072839903e-8, 1.2475520666495833e-9, 0.1011116224823503, 0.8988883668864868, 3.48468250485299e-10, 0.10111163344071099, 1.2728487796086602e-10, 0.10111162258944018, 1.5293514300210144e-10, 9.015886751142316e-11, 6.880992878722479e-11, 4.713262691703329e-11, 7.902021753807366e-11, 0.1011116221182467, 9.47943932464738e-10, 2.0399573699162617e-10, 0.10111162227650794, 4.473546498623856e-11, 1.0893952243152695e-10, 0.10111163324828451, 0.10111162216896706]
v_opt: [0.010223565269918675, 0.10111162226617552]
solution time: 0.005089998245239258
McCormick lower bound: -2.2397053584382682

