x_opt: [0.43665136992725023, 0.43665136772745794, 1.6754709773993002e-8, 0.7819066996476928, 0.21809332142734425, 0.21809329536044794, 0.2180932886031133, 0.5633486322603626, 0.21809329567772656, 0.563348735451634]
w_opt: [0.4366513656434469, 1.583991566289092e-8, 0.43665136807618105, 1.7364054087460007e-7, 0.21809329385024645, 2.9242431958062813e-8, 5.7110935101040036e-9, 1.917830843575686e-9, 0.4366513663237167, 1.869414306126609e-9, 0.43665136332047577, 0.2180932868245755, 0.21809329290048304, 1.146985593834433e-9, 0.43665136498034796, 8.27199056243208e-10, 1.0518550615719831e-7, 5.860946410031171e-9, 1.3988466915648627e-8, 6.28038490427913e-9, 1.5342661485452418e-8, 4.918755466935889e-9, 1.5109761232207003e-9, 2.9659688739265126e-9, 2.5206194707084903e-8, 2.3336149621934685e-8, 1.118278957528467e-7, 0.5633486259530497, 3.4409230041352904e-9, 0.5633487342942719, 2.4390183041760813e-9, 1.9419532658084773e-8, 2.8891202086782187e-9, 2.2437496189503535e-9, 1.5982891297357964e-9, 1.0852397277099928e-9, 1.3832437251402884e-9, 0.2180932931218289, 2.0561922328367996e-8, 3.888689698200417e-9, 0.21809328329793454, 9.918126557461629e-10, 1.8643145723103544e-9, 0.5633486256675073, 0.21809328815947643]
v_opt: [0.0475734299861167, 0.21809329386805737]
solution time: 0.004624843597412109
McCormick lower bound: -0.9032537416469467

