x_opt: [0.5258473185708192, 0.8988883803083058, 0.10111161546451812, 0.8988883942514312, 0.10111161241263229, 0.10111161111493551, 0.10111161439211189, 0.8988883884874406, 0.1011116054651432, 0.10111162525070944]
w_opt: [0.5258473174597484, 0.10111161464916522, 0.5258473175536317, 1.3190927461139593e-7, 0.1011116096418253, 1.0091655991448175e-8, 0.4247357092123895, 1.2597501316952325e-9, 0.10111162137217138, 6.401063663961065e-9, 0.8988883794237094, 1.485369466505505e-9, 0.10111161014619184, 8.530767843384393e-10, 0.8988883794899638, 1.0530574626445232e-9, 6.448907997788626e-9, 0.10111161475012902, 0.10111160672569057, 0.10111160906518339, 0.10111161319512724, 3.869480704423974e-8, 1.0917593030048545e-9, 3.0744496622678033e-9, 9.2746546061908e-9, 3.64747658105752e-8, 0.10111160986535385, 0.8988883856401799, 6.073568008204017e-9, 0.10111162369428146, 2.3772231115458055e-9, 0.10111160888404737, 2.541638144497502e-9, 1.4987758590113002e-9, 7.720650270999914e-10, 7.508438028161044e-10, 2.6924184907607677e-9, 0.10111160342385765, 2.5917941822073644e-8, 1.2115386481353124e-8, 0.10111160433210648, 7.257806984301739e-10, 1.591812516889162e-9, 0.10111162189758842, 0.10111160219088271]
v_opt: [0.01022376361551525, 0.10111160361665887]
solution time: 0.006224870681762695
McCormick lower bound: -5.364484151589031

