x_opt: [0.31935277476819335, 0.6806472334934773, 0.3193524931454747, 0.9506474117702067, 0.3193527424895034, 0.31935208032717227, 0.3193525136893533, 0.6806472579706967, 0.0493525958890475, 0.31935276775602445]
w_opt: [0.3193527691277082, 0.31935249048578396, 0.31935277184963295, 1.758052590444402e-7, 0.3193520763961562, 4.419840121576466e-8, 4.394125386284255e-8, 2.5686232929352113e-9, 0.3193527598860522, 8.122480650853227e-9, 0.6806472299455434, 6.282313264821675e-9, 0.31935207799777876, 2.4012249062879987e-9, 0.6806472288327575, 2.327562224078376e-9, 7.762174320406686e-9, 0.319352490197573, 0.3193524841473676, 0.31935207285933637, 0.31935249014803624, 2.474742835693613e-8, 3.1067493809117937e-9, 6.372499815564597e-9, 0.27000016017271133, 0.269999536617183, 0.3193524990368242, 0.6806472488974636, 1.5658818098329007e-8, 0.3193527634883875, 5.651767630883538e-9, 0.31935250364669704, 6.653012726288391e-9, 3.441184907304096e-9, 2.2707716775943797e-9, 4.134864110111358e-9, 4.729797543713488e-9, 0.049352592009402646, 5.144745511984154e-8, 9.41427549648124e-9, 0.04935259082049461, 2.90706942719122e-9, 3.990593420428355e-9, 0.31935275680608166, 0.049352587323157386]
v_opt: [0.10198606217924466, 0.049352590162761244]
solution time: 0.005981922149658203
McCormick lower bound: -2.4045296006558647

