x_opt: [0.31935263821330084, 0.6806473789888712, 0.31935245621168584, 0.9506477514178755, 0.31935260732912274, 0.31935245208021457, 0.3193524567997737, 0.6806473925777239, 0.04935225210378495, 0.3193526329062968]
w_opt: [0.3193526373091986, 0.31935245599254697, 0.3193526380078366, 8.402408376099533e-8, 0.31935245145103525, 1.3058302509801676e-8, 3.216079736128059e-8, 2.345232244415281e-10, 0.31935263159033817, 3.197166135033217e-9, 0.6806473786523114, 1.2062240684517596e-9, 0.3193524518995464, 2.806120416354526e-10, 0.6806473785695771, 3.1810794593982245e-10, 1.3091243806681809e-8, 0.31935245602512957, 0.3193524529333721, 0.3193524487836016, 0.3193524558406726, 2.5590060381021e-8, 3.3511950233974925e-10, 1.4511250682330643e-9, 0.2700003601179281, 0.27000023194375994, 0.3193524531396193, 0.6806473901709635, 8.384803323433686e-9, 0.31935263225067345, 1.270296076364453e-9, 0.31935245211849855, 1.6646005600573114e-9, 5.338392442686633e-10, 3.117726065498064e-10, 6.595988404066729e-10, 1.9457196392636494e-9, 0.0493522513581248, 1.8114459081043183e-8, 7.453316585157772e-9, 0.049352251492247215, 3.412037678381871e-10, 6.555476526721192e-10, 0.31935262969842837, 0.049352250789657943]
v_opt: [0.10198599762773317, 0.04935225114004162]
solution time: 0.0044269561767578125
McCormick lower bound: -3.087676476706936

