x_opt: [0.5707129499355883, 0.5707130136756852, 0.023280861233388277, 0.9767189632736333, 0.02328179673460819, 0.023281026713540483, 0.02328107908713051, 0.9767182037845732, 0.023281032083867784, 0.4292870192279063]
w_opt: [0.5707129484954284, 0.023280860122130563, 0.5707129482654557, 1.5720088142382233e-7, 0.02328102492300361, 1.4652903777016633e-8, 0.5474311564019337, 2.202602553149998e-9, 0.42928700706897555, 3.2458850969615104e-9, 0.5707130119271768, 3.236309850150769e-9, 0.02328102466439105, 1.1404806953386652e-9, 0.5707130123193507, 1.1315027618240283e-9, 3.472870829142382e-8, 0.023280859134731526, 0.023280856425475904, 0.023280856262652114, 0.023280859673264646, 1.3823137754935768e-8, 1.6791214741518387e-9, 4.596636071951771e-9, 7.623757337312008e-7, 2.745587707439049e-8, 0.023281067223369596, 0.976718199408293, 5.1933976102306425e-9, 0.42928701769509847, 2.936902810165855e-9, 0.023281070870350987, 4.747200693591784e-9, 2.2999975464921975e-9, 1.3671872969993263e-9, 9.811706578851898e-10, 1.797855405887515e-9, 0.023281024896633466, 2.5796498749906943e-8, 4.038451193396403e-9, 0.02328103010817282, 1.0272463333135715e-9, 1.7970627059692145e-9, 0.4292870144268817, 0.023281027199673714]
v_opt: [0.0005434076496393551, 0.0232810299317131]
solution time: 0.005228996276855469
McCormick lower bound: -2.108539994628822

