x_opt: [0.4999999931094238, 0.5000000069582295, 1.1226766751994556e-7, 0.8490421955298018, 0.1770930594992192, 0.1509578008857437, 0.15095780070875622, 0.8229069343712627, 0.15095780090482633, 0.4999999931153463]
w_opt: [0.49999999298651965, 1.122168746329085e-7, 0.49999999302328524, 3.337590578423363e-8, 0.15095780075768228, 5.4896921258842095e-9, 0.32290692759066864, 7.871958827682598e-11, 0.49999999268538753, 1.7079141684176621e-10, 0.5000000068171199, 6.509464532207408e-10, 0.1509578008089636, 5.680210871654133e-11, 0.5000000067680028, 5.3432048892306025e-11, 2.4220169818837807e-10, 1.1214140039303726e-7, 1.1203171583527857e-7, 1.1187392005636325e-7, 1.1219657864650005e-7, 6.948414561240123e-10, 8.270639532918623e-11, 1.9716865101408376e-10, 0.026135255154550195, 5.172827788052743e-9, 0.1509577991188059, 0.822906934157374, 2.213183577375373e-10, 0.49999999303171555, 1.6543074862796146e-10, 0.15095780001112394, 1.6104009576597856e-10, 1.2372257385887173e-10, 8.460359190423094e-11, 7.175343915814428e-11, 8.77839957700675e-11, 0.15095780070131676, 1.9371961954899854e-9, 3.058353203880814e-10, 0.15095780054879349, 5.990064370135958e-11, 1.2225834665942597e-10, 0.4999999922565161, 0.1509578005698344]
v_opt: [0.022788289026964805, 0.15095780078792004]
solution time: 0.007703065872192383
McCormick lower bound: -1.4619812788440842

