x_opt: [0.5258471809355801, 0.8988882718311567, 0.10111170699920762, 0.8988884518578688, 0.10111171040192714, 0.10111170352466363, 0.10111170621572209, 0.8988882918518577, 0.10111169582426695, 0.10111173695354327]
w_opt: [0.5258471791628793, 0.10111170565645539, 0.5258471791177642, 3.2207883073858936e-7, 0.10111170096379644, 1.85739778226823e-8, 0.42473547683687596, 2.118425342766751e-9, 0.10111173182359588, 1.0811045851390834e-8, 0.8988882702403919, 2.6451418475607713e-9, 0.10111170182675426, 1.2983815039408442e-9, 0.898888270413275, 1.6950611993976033e-9, 1.0520460021466083e-8, 0.10111170576094249, 0.10111169017037545, 0.10111169940787161, 0.10111170292897313, 6.957053158957143e-8, 1.7903574360319242e-9, 4.7878740897834765e-9, 1.6704241455767904e-7, 2.2425787656850458e-7, 0.10111169867257101, 0.8988882873040307, 1.527913988300084e-7, 0.10111173427746674, 3.809550488244853e-9, 0.10111169632876875, 5.217660232309584e-9, 2.4482439604871784e-9, 1.426240748827682e-9, 1.2376381005216264e-9, 3.638779833253246e-9, 0.10111169289546755, 5.06411402507867e-8, 1.7437896150889464e-8, 0.10111169381889486, 1.1927131580352357e-9, 2.941871909142971e-9, 0.101111731094972, 0.10111169044232958]
v_opt: [0.010227417594117168, 0.10111169285849697]
solution time: 0.006025075912475586
McCormick lower bound: -4.877456468406469

