x_opt: [0.7474439245546336, 0.7776097869781814, 4.518192139685311e-10, 0.9999995315964983, 0.2223901853699798, 1.310621121590315e-9, 0.22239018516276532, 0.7776098145256292, 1.3341165952349031e-9, 0.7776098144106811]
w_opt: [0.7474439245162934, 4.2734782288988367e-10, 0.7474439245276874, 2.350984532677673e-9, 1.280520158527142e-9, 3.7176190142451105e-10, 0.5250537391402602, 3.4537749864096576e-11, 0.7474439244971198, 5.0204998083010206e-11, 0.777609786938903, 1.3604387550515162e-10, 1.2775794456465342e-9, 3.367268668600483e-11, 0.7776097869403121, 2.030548870880402e-11, 0.5552196014334875, 3.6920701312998147e-10, 3.9149829186505423e-10, 3.2427667266298173e-10, 4.286452354987367e-10, 1.313015878858802e-10, 3.215206345522711e-11, 7.100313014876176e-11, 0.22238971700671933, 2.526464745819744e-10, 0.22239018471860014, 0.7776098144158093, 4.659069332935638e-11, 0.7776098143841327, 5.306964662057718e-11, 0.22239018488496173, 7.205077228059226e-11, 4.389440218372921e-11, 2.1933103905535642e-11, 2.6255497296982293e-11, 3.75904925978339e-11, 1.2620402268177559e-9, 3.628420587533392e-10, 6.435900825681933e-11, 1.2738618472908827e-9, 2.682201751663425e-11, 2.7838296362605662e-11, 0.7776098142792746, 1.2159102690730324e-9]
v_opt: [0.049457623498657316, 1.2899297171852457e-9]
solution time: 0.004763126373291016
McCormick lower bound: -1.509493342058256

