x_opt: [0.31935295178098466, 0.6806472536098385, 0.31935225685629914, 0.9506474577155675, 0.3193525797845501, 0.3193519775886348, 0.3193522882191734, 0.6806474418608146, 0.04935249423356144, 0.31935286761406645]
w_opt: [0.3193529220002149, 0.3193522393266297, 0.31935294464216835, 2.817337267846948e-6, 0.31935194741004114, 2.5361225721644094e-7, 6.620028906175191e-7, 6.5852676204476285e-9, 0.31935279218086077, 5.8397215506571974e-8, 0.68064724434017, 3.035858346982965e-8, 0.3193519719952633, 9.431832878697316e-9, 0.68064723900601, 6.632162839055149e-9, 1.306096574053788e-7, 0.3193522505701093, 0.31935216860567883, 0.3193519363682962, 0.319352246475097, 5.701480687420154e-7, 9.821936176444427e-9, 2.8754080379122543e-8, 0.2700000663857194, 0.2699995561294795, 0.31935222088920984, 0.6806474156236088, 1.1224038493267509e-7, 0.3193528476140412, 3.13621360881899e-8, 0.3193522027354438, 6.715608403957392e-8, 1.5601256685568785e-8, 5.353084674998725e-9, 1.4890584539776666e-8, 4.104997216562958e-8, 0.04935246005408645, 4.2454583803132367e-7, 1.3279929582446832e-7, 0.04935247873494462, 9.90206121206673e-9, 1.614223658734773e-8, 0.31935283379663376, 0.049352457304420116]
v_opt: [0.10198589185905294, 0.049352470735481616]
solution time: 0.0051422119140625
McCormick lower bound: -3.563314022410268

