x_opt: [0.5258467458500087, 0.8988879549302915, 0.10111204362266378, 0.8988886027626038, 0.1011120447093944, 0.10111198408434545, 0.10111204396246556, 0.8988879567863164, 0.10111198382017268, 0.10111204512286605]
w_opt: [0.5258467455585366, 0.10111204340820183, 0.525846745608453, 1.3000244199896555e-8, 0.10111198373583313, 1.9405477577950502e-9, 0.42473470321063306, 2.942201065719829e-10, 0.10111204466059323, 1.3182807193649606e-9, 0.8988879547231509, 4.817843065049497e-10, 0.10111198385253338, 2.368391205959675e-10, 0.8988879547248598, 2.5036433499303796e-10, 3.6114754618352326e-10, 0.10111204344405418, 0.1011120426789749, 0.1011119837098628, 0.10111204329905697, 5.778956343690144e-9, 2.658085686646356e-10, 7.027503646794569e-10, 6.480047600083847e-7, 5.900303259990288e-7, 0.10111204306969651, 0.8988879561922064, 5.870637602292873e-7, 0.10111204474433612, 5.312943460268698e-10, 0.10111204323891224, 1.8039657952591002e-9, 3.2899154617681153e-10, 1.7658540910871261e-10, 1.9515573502333115e-10, 4.3776919842079597e-10, 0.1011119834233807, 4.705022520006273e-9, 1.8353520356201137e-9, 0.1011119835445738, 1.9346128910752385e-10, 3.008179046996237e-10, 0.10111204439663052, 0.10111198315940984]
v_opt: [0.010223688135994925, 0.10111198334814955]
solution time: 0.004608154296875
McCormick lower bound: -5.735464971161479

