x_opt: [0.7142503159657189, 0.8754222443714283, 8.493715203940197e-8, 0.9999999411578715, 0.124577754469839, 5.914356805486599e-8, 0.12457774191731709, 0.8754222591651628, 5.916453974658388e-8, 0.5197159913192345]
w_opt: [0.7142503150780813, 8.418498992540218e-8, 0.714250315246552, 3.8171665488890935e-8, 5.817688290520667e-8, 6.0235335057371296e-9, 0.5896725769776978, 1.2190326973624036e-9, 0.5197159897252969, 2.3868663541923926e-9, 0.8754222436725652, 2.058708960690242e-9, 5.8197433077818436e-8, 8.91432388058599e-10, 0.8754222437244396, 7.568170979032595e-10, 0.3951382364520913, 8.405880991779826e-8, 8.256910489557599e-8, 5.745587414182582e-8, 8.426470139515288e-8, 8.25805251420136e-9, 9.648037851939263e-10, 3.011699503891765e-9, 0.12457769694763193, 1.580583249016844e-8, 0.12457773780658955, 0.8754222570393783, 2.9603284451983466e-9, 0.5197159904186537, 1.7470649436647187e-9, 0.12457773881083893, 1.509493968993677e-8, 1.316123861997855e-9, 5.480914308838713e-10, 5.777828029000767e-10, 1.2964150125526714e-9, 5.730288410230056e-8, 1.3162161595471015e-8, 4.225908010013026e-9, 5.81885663884806e-8, 6.361905416469956e-10, 7.590213703730248e-10, 0.5197159893134855, 5.6632874210175815e-8]
v_opt: [0.015519631154924794, 5.776199449725375e-8]
solution time: 0.004940032958984375
McCormick lower bound: -3.461324183734883

