x_opt: [0.5918327472618996, 0.7376791071472281, 0.2623208786833758, 0.9999996150904602, 0.2623208880659041, 3.955037316215451e-7, 0.2623208876000924, 0.7376791144933156, 3.842563549209783e-7, 0.5918327455864253]
w_opt: [0.5918327460013387, 0.26232087788098524, 0.591832746575346, 4.081818089476239e-8, 3.945290700254711e-7, 7.506541290112429e-9, 0.3295118640013112, 8.573408104306236e-10, 0.5918327428716337, 2.7958436222605325e-9, 0.7376791064063799, 1.5763319889587405e-9, 3.9479698569690354e-7, 9.403217112916362e-10, 0.7376791063036, 7.146539262207889e-10, 0.3295118536736648, 0.2623208778600366, 0.2623208760727563, 3.939285736784064e-7, 0.26232087802025306, 1.2851477167825573e-8, 9.171469407849968e-10, 2.2784128745525196e-9, 0.26232050459672496, 2.9131635127458075e-8, 0.2623208836444949, 0.7376791121907722, 2.437811318260468e-9, 0.5918327445774318, 1.6538487141588895e-9, 0.2623208836368801, 4.075464293832054e-9, 1.0929979607265643e-9, 5.203913435428483e-10, 8.197637471076406e-10, 1.4272726392336738e-9, 3.831285402161903e-7, 1.7104066328298476e-8, 4.183658921054637e-9, 3.830651216023376e-7, 7.52399222536993e-10, 8.01477105060135e-10, 0.5918327434286421, 3.8179883706638304e-7]
v_opt: [0.06881236385385246, 3.826503965005429e-7]
solution time: 0.00564885139465332
McCormick lower bound: -3.2232398853897193

