x_opt: [0.5258473045244499, 0.8988883629583685, 0.10111163472248973, 0.898888382871262, 0.10111163574093555, 0.1011116179246725, 0.10111163549841291, 0.8988883660360228, 0.10111161781024734, 0.10111163748298514]
w_opt: [0.5258473041938351, 0.10111163443730324, 0.5258473041788702, 1.4586481503297892e-8, 0.10111161746646717, 2.378445887752279e-9, 0.4247356712514002, 5.329322110491316e-10, 0.10111163679041207, 1.5423152079898461e-9, 0.8988883626666302, 5.688258504063789e-10, 0.10111161752132676, 3.2909476517937513e-10, 0.8988883627049297, 3.548959872296404e-10, 7.42310001475115e-10, 0.10111163443869808, 0.10111163317477981, 0.10111161731500301, 0.1011116343007588, 7.979163834031075e-9, 3.8865262031965483e-10, 1.1900484779022504e-9, 1.9312116004852948e-8, 7.713195887675974e-9, 0.10111163408414849, 0.8988883651272285, 1.6713084080667195e-9, 0.10111163704116297, 7.513010148731421e-10, 0.10111163387131632, 2.284280805168879e-9, 5.245443945554113e-10, 2.4941547375426016e-10, 2.2162993496321363e-10, 6.060382444927824e-10, 0.10111161706441744, 6.3932455181974576e-9, 2.688741789759986e-9, 0.10111161744333252, 2.415120475926072e-10, 4.087677238770987e-10, 0.10111163656210612, 0.10111161679302257]
v_opt: [0.010223601673017512, 0.10111161722508402]
solution time: 0.005785942077636719
McCormick lower bound: -4.784446603807722

