x_opt: [0.36225568348566217, 0.637744313131627, 0.22390311279384637, 0.7760968861797108, 0.3622556868345618, 0.22390311407958058, 0.2239031126411822, 0.6377443131356542, 0.22390311277037192, 0.36225568666785674]
w_opt: [0.36225568336573366, 0.22390311275114871, 0.36225568341944203, 4.282409427428217e-9, 0.22390311391579523, 5.638937033861517e-9, 4.779295835538608e-9, 4.201373155672601e-11, 0.3622556818360864, 1.721825181353957e-10, 0.6377443130375466, 2.8710384036503534e-10, 0.2239031140391909, 2.8586715575778244e-11, 0.6377443128248055, 3.644536469517789e-11, 5.6116291459114987e-11, 0.22390311274788893, 0.22390311262241652, 0.22390311249746955, 0.22390311258841447, 6.340035855672058e-10, 5.694716589872303e-11, 1.4412447136727493e-10, 0.1383525732118703, 4.35770878700014e-9, 0.2239031121925159, 0.6377443129136086, 1.8841609633721453e-10, 0.3622556865484246, 1.6206268353511238e-10, 0.22390311245354796, 5.300559554606883e-10, 8.503607810251453e-11, 1.0984474537485432e-10, 8.497527633432711e-11, 7.59856919015748e-11, 0.22390311254190617, 1.7151451445498872e-9, 2.741275477819547e-10, 0.22390311255864798, 4.131555963272735e-11, 1.7710148099465834e-10, 0.3622556864169819, 0.22390311253538053]
v_opt: [0.050132650591381014, 0.22390311266048432]
solution time: 0.004436969757080078
McCormick lower bound: -2.0773098985018175

