x_opt: [0.5258473166895676, 0.8988883868916956, 0.10111161300560716, 0.8988883872468912, 0.10111161307935673, 0.10111161298501689, 0.10111161301605909, 0.8988883869558344, 0.10111161293224458, 0.10111161312506894]
w_opt: [0.5258473166759625, 0.10111161299774278, 0.5258473166792088, 5.481852909165846e-10, 0.10111161297270277, 7.248372640320736e-11, 0.42473570366141655, 1.0592621825448386e-11, 0.10111161310838218, 5.134962864143364e-11, 0.8988883868838982, 1.3270978697225813e-11, 0.10111161297643402, 8.188510001950833e-12, 0.8988883868836319, 9.022949602158122e-12, 2.6930407580281637e-11, 0.10111161299869346, 0.10111161295156079, 0.10111161296931066, 0.10111161299365734, 2.2626529370016437e-10, 9.723378666678743e-12, 2.5651846118678707e-11, 3.461037972119235e-10, 4.1373135826727234e-10, 0.10111161298089201, 0.8988883869335299, 2.0121391953463445e-10, 0.10111161311242223, 1.9100253361625348e-11, 0.10111161297667283, 4.689292851054101e-11, 1.202955181711963e-11, 6.37187044289453e-12, 7.2148795026306114e-12, 1.7323328083926527e-11, 0.10111161291655077, 1.7253344041419626e-10, 6.535305720620738e-11, 0.10111161292002513, 7.114551672426635e-12, 1.1149962715517045e-11, 0.10111161309924827, 0.10111161290568754]
v_opt: [0.010223567184425778, 0.10111161291580795]
solution time: 0.0056879520416259766
McCormick lower bound: -4.998589817244573

