x_opt: [0.36225548727041645, 0.6377440799828769, 0.22390336125327, 0.7760968767212266, 0.36225596403826127, 0.22390329013758772, 0.22390360184388286, 0.6377439871711986, 0.22390324713600882, 0.36225590869377394]
w_opt: [0.3622554310978799, 0.22390335077082243, 0.36225546498592476, 3.5472768801644242e-6, 0.22390321340370337, 1.8433882132085034e-6, 1.1483224727991382e-7, 1.573121663180046e-8, 0.3622553339605443, 7.511853117109633e-8, 0.6377440141948237, 1.6169561195756899e-7, 0.22390327727833206, 1.6492250706860238e-8, 0.6377439077285475, 1.6764934875793584e-8, 7.044823810553868e-8, 0.22390334262445644, 0.22390330794785795, 0.22390308429003025, 0.2239033456812713, 1.3480344613795114e-7, 2.0744263331615746e-8, 6.28752300550131e-8, 0.138352948046139, 1.2465948357257548e-6, 0.2239033082598187, 0.6377438428417787, 1.7639314681048267e-7, 0.3622558661257452, 7.203358359992958e-8, 0.2239033349239512, 1.2179078439112918e-7, 4.5976696808547394e-8, 5.273472467443019e-8, 2.987990996351966e-8, 3.0873427638426786e-8, 0.22390312228836295, 5.353784588147639e-7, 2.0510361743985303e-7, 0.22390322683808428, 1.9037982909377195e-8, 8.130560169309557e-8, 0.3622557593136232, 0.22390307582251248]
v_opt: [0.05013309021184144, 0.22390321052401052]
solution time: 0.00557708740234375
McCormick lower bound: -1.5284911206212426

