x_opt: [0.5258480165590114, 0.8988887310310915, 0.10111120556020792, 0.8988889818264518, 0.10111118788797326, 0.1011111100074058, 0.1011112041247032, 0.8988888201213762, 0.10111106305237812, 0.10111233051206131]
w_opt: [0.5258480141713475, 0.10111120347041527, 0.5258480144427771, 1.001580546472399e-6, 0.10111110705056896, 1.9550447656048107e-8, 0.42473684193616995, 3.207753354993191e-9, 0.101112326394522, 1.1715640224754913e-8, 0.8988887290841829, 3.4956990983904608e-9, 0.10111110755250845, 2.1596962032696662e-9, 0.8988887293409135, 2.5649179779751222e-9, 1.063107783315408e-6, 0.10111120365870332, 0.10111117845077691, 0.10111110563799161, 0.10111120166587154, 1.0898467390682577e-7, 2.6518973758536515e-9, 8.085600204482583e-9, 1.75562433091627e-7, 1.910915906852606e-7, 0.10111119240145094, 0.8988888124822448, 5.9395134333704875e-8, 0.10111232747470848, 5.179159555539652e-9, 0.1011111831914241, 1.2498762836687547e-8, 3.6954444450628778e-9, 1.5709840903241552e-9, 1.6074891193589028e-9, 5.0643535615340155e-9, 0.10111105948996495, 1.1579990842838088e-7, 5.395553223813895e-8, 0.10111106027212081, 1.7042604573311837e-9, 2.800172427530444e-9, 0.10111232427666093, 0.10111105579786181]
v_opt: [0.010224291761879284, 0.10111105879641816]
solution time: 0.0047609806060791016
McCormick lower bound: -4.752424188629554

