x_opt: [0.5258471604283164, 0.8988881366772478, 0.10111173054735556, 0.8988882694796394, 0.10111186332299382, 0.10111173054030982, 0.1011117323608402, 0.8988881367181365, 0.1011117306254773, 0.10111186331990504]
w_opt: [0.5258471604115753, 0.10111173053278202, 0.5258471604014854, 1.234156769457547e-9, 0.10111173051289706, 2.1038673290823825e-10, 0.4247352971735251, 2.7437879419811514e-11, 0.10111186327376005, 4.436967257917841e-11, 0.8988881366520902, 4.929356777489152e-11, 0.10111173051420413, 1.3721647860730961e-11, 0.8988881366546231, 1.5487938956968923e-11, 2.8844115204777974e-11, 0.10111173052375423, 0.10111173048144187, 0.10111173043937831, 0.10111173052686799, 1.3366379699813023e-10, 2.2188586838126126e-11, 5.4744168000642757e-11, 1.3283756344483356e-7, 3.9731992012325413e-10, 0.1011117322415819, 0.8988881366640873, 1.4855760655582802e-10, 0.10111186329605015, 3.969243946534644e-11, 0.10111173228207587, 7.495786936540455e-11, 2.8809086869705688e-11, 1.9733698404941663e-11, 1.4224458886870488e-11, 2.3848801734578415e-11, 0.10111173051381647, 3.0195519365258385e-10, 5.5209139759999494e-11, 0.10111173059674543, 1.3872580122022365e-11, 2.8583205870433087e-11, 0.10111186324464017, 0.10111173057404647]
v_opt: [0.01022365839439723, 0.10111173059346516]
solution time: 0.00580596923828125
McCormick lower bound: -2.2918751164803517

