x_opt: [0.525843309776144, 0.8988856461864966, 0.1011143013361033, 0.8988901559768677, 0.10111431654681745, 0.1011143025798349, 0.10111430021611842, 0.898885694118124, 0.10111427873537904, 0.10111437167401342]
w_opt: [0.5258433066727985, 0.10111429822122081, 0.5258433068647829, 1.3791105918497528e-6, 0.10111429762682961, 3.7742843320831684e-8, 0.42472903239886634, 3.623981393345071e-9, 0.10111436496963294, 1.1537233271040462e-8, 0.8988856435557006, 4.856979921311971e-9, 0.10111429990317598, 2.0412917405358736e-9, 0.8988856436773264, 2.87941092309022e-9, 2.0701637124927595e-8, 0.10111429914847438, 0.10111427887189894, 0.1011142967547688, 0.10111429647229361, 1.1356138813752869e-7, 3.0598192906021356e-9, 8.070970072630233e-9, 4.479195666733408e-6, 4.587521940615635e-6, 0.10111428610187054, 0.8988856862891109, 4.4448613701038656e-6, 0.10111436726168757, 7.079872541662052e-9, 0.1011142867017627, 1.4968715054314272e-8, 4.486408237319205e-9, 3.064958000651012e-9, 2.066152682101374e-9, 5.958783707116565e-9, 0.10111427328002215, 1.0230333645814497e-7, 2.775269150442632e-8, 0.10111427557281773, 2.0486415454055623e-9, 5.981183716343871e-9, 0.10111436140661512, 0.10111426912070298]
v_opt: [0.010224655818529093, 0.10111427381155176]
solution time: 0.005255222320556641
McCormick lower bound: -4.3564429840510535

