x_opt: [0.5089024591577793, 0.5089024591900875, 6.057353754029811e-10, 0.862585696267934, 0.15918602447819946, 0.13741430362391358, 0.13741430376916552, 0.8408139755028741, 0.13741430367835863, 0.4910975547471596]
w_opt: [0.5089024591413251, 5.954189370182275e-10, 0.5089024591407508, 8.339227363666908e-10, 0.13741430360687182, 1.3719116376059986e-10, 0.3497164346828169, 2.5135995729961892e-11, 0.4910975547128768, 2.7689457301618977e-11, 0.5089024591710969, 3.924884438733665e-11, 0.13741430359898124, 1.1512723545976268e-11, 0.5089024591764516, 1.060076267019363e-11, 1.3949759560180755e-8, 5.775137866018586e-10, 5.661499729589179e-10, 5.493991233487282e-10, 5.910847918072945e-10, 9.85499742907123e-11, 1.682729129867269e-11, 4.51569478057919e-11, 0.02177172076710472, 2.010955688270438e-10, 0.13741430361899493, 0.8408139754589824, 3.733068234009441e-11, 0.4910975547333239, 2.8204168305841184e-11, 0.13741430366810087, 4.157868088981937e-11, 2.4449301295890965e-11, 1.3304204614551993e-11, 9.043013330295083e-12, 1.650348649800528e-11, 0.13741430360709436, 2.3169778303535743e-10, 3.5202017882316246e-11, 0.13741430365531015, 9.513039078667414e-12, 1.694401829544821e-11, 0.49109755470227595, 0.13741430362445425]
v_opt: [0.018882698479467785, 0.13741430365833668]
solution time: 0.005918979644775391
McCormick lower bound: -1.7952407423965235

