x_opt: [0.5258473116788669, 0.8988883457013349, 0.10111161376276655, 0.8988883865322004, 0.10111162357104916, 0.10111161351591814, 0.10111161424845905, 0.8988883759009116, 0.10111161411431241, 0.10111165841758862]
w_opt: [0.5258473113436026, 0.10111161350908318, 0.5258473111355293, 4.01609227567752e-8, 0.10111161303829623, 4.1552388589682135e-9, 0.42473568803678047, 6.068589573044223e-10, 0.10111165743913185, 1.0121984519722672e-9, 0.8988883452796294, 6.23672995886872e-10, 0.1011116129646202, 2.4066607085875433e-10, 0.8988883454124166, 3.0573824139676543e-10, 4.395320937004552e-9, 0.1011116133745267, 0.10111161154188594, 0.10111161211989282, 0.10111161326916054, 1.4711324656427706e-8, 4.039884046557938e-10, 1.1398024698418623e-9, 1.1010396793166308e-8, 7.3100256653083434e-9, 0.10111161194227145, 0.8988883742945515, 1.8778021519595985e-9, 0.10111165800344857, 7.320155763835381e-10, 0.10111161278942518, 7.078685964970455e-10, 5.686545746942512e-10, 3.430695336349231e-10, 2.122874191524848e-10, 5.074497794922871e-10, 0.10111161296869213, 7.263744814916954e-9, 1.0523724284540416e-9, 0.10111161366316691, 2.248945819932937e-10, 6.202950192704227e-10, 0.10111165722196769, 0.10111161291732829]
v_opt: [0.0102237627488926, 0.10111161358015229]
solution time: 0.005034923553466797
McCormick lower bound: -2.7875665172042168

