x_opt: [0.5258472966048401, 0.8988883461929217, 0.10111162746655813, 0.898888371888103, 0.10111164634751607, 0.10111162738035988, 0.10111162773953881, 0.8988883535123945, 0.10111162728907394, 0.10111165447781056]
w_opt: [0.5258472964168835, 0.10111162732783663, 0.5258472963639225, 2.766433239563423e-8, 0.1011116271094571, 1.9758530655162648e-9, 0.42473565043513084, 2.4967582962750997e-10, 0.10111165405215117, 6.348843380251155e-10, 0.8988883459656978, 3.0818130134930205e-10, 0.10111162715227104, 1.2755129706486917e-10, 0.8988883460152695, 1.6436669606818566e-10, 8.525157258561776e-10, 0.10111162728434393, 0.10111162642256151, 0.10111162656538077, 0.10111162713110358, 5.263988605377514e-9, 2.0528270349100987e-10, 5.09647417789339e-10, 1.8668092663555667e-8, 3.961546270158128e-9, 0.10111162679247367, 0.8988883529260606, 4.455270096576125e-10, 0.10111165422496232, 3.8348189881345634e-10, 0.10111162684921181, 3.7934792633623594e-10, 2.629080005142988e-10, 1.8210893899695473e-10, 1.356745555833798e-10, 2.804278687173219e-10, 0.10111162686970997, 2.9260638391483934e-9, 7.141986699736724e-10, 0.10111162696024163, 1.318288194864454e-10, 3.387274928185153e-10, 0.1011116537485813, 0.10111162667726702]
v_opt: [0.010223871105581931, 0.10111162699241905]
solution time: 0.005810976028442383
McCormick lower bound: -2.9029472776707377

