x_opt: [0.31242439976565994, 0.6875756023891705, 0.2500815115804161, 0.9050640862860562, 0.3124243975004189, 0.250081511409411, 0.2500815116147053, 0.6875756025306247, 0.25008151129829276, 0.3124243975377816]
w_opt: [0.3124243997128012, 0.2500815115496395, 0.3124243997151946, 2.2272714736723527e-9, 0.25008151134821427, 5.373489456369578e-10, 2.3769625653249196e-9, 3.977928920911523e-11, 0.31242439745463624, 1.0989579362678401e-10, 0.687575602338564, 8.719562337181999e-11, 0.25008151137255635, 2.5796625982847125e-11, 0.6875756023285376, 3.2357864304615296e-11, 4.716820825554892e-11, 0.250081511546038, 0.25008151142895296, 0.2500815112918653, 0.2500815115088435, 3.2563074871997737e-10, 4.1162291070715775e-11, 8.726937935233038e-11, 0.21748848387490186, 0.1551455981763451, 0.25008151144097573, 0.6875756024214544, 0.15514559766410083, 0.31242439747302847, 7.821319379544816e-11, 0.25008151149213037, 9.587464328297272e-11, 4.76803375789977e-11, 3.866793371914705e-11, 3.9701080948943284e-11, 5.591092842264833e-11, 0.2500815112280181, 5.864357053585266e-10, 1.413814576635118e-10, 0.2500815112377726, 3.226451539834082e-11, 7.3346263459033e-11, 0.312424397352737, 0.2500815111926093]
v_opt: [0.06254077567864998, 0.2500815112294945]
solution time: 0.006114959716796875
McCormick lower bound: -2.8723026827902793

