x_opt: [0.5258474030313163, 0.8988882155264368, 0.10111156751875254, 0.8988884141970013, 0.10111158285588204, 0.10111152410639977, 0.10111156591288788, 0.8988884136059914, 0.10111151953283117, 0.10111186076400476]
w_opt: [0.5258473990844884, 0.1011115639618246, 0.5258473972084631, 7.986960708032117e-7, 0.1011115169574791, 5.2542071978602325e-8, 0.424735830929551, 9.512825854947849e-9, 0.10111179786271024, 1.8654550271723312e-8, 0.8988882101565826, 1.1226482113170403e-8, 0.10111151737106054, 3.389274140506771e-9, 0.8988882119948203, 4.754016533272008e-9, 8.479234913895883e-8, 0.10111156328754813, 0.10111152423146857, 0.10111150498002923, 0.10111155589095974, 1.8776651985876554e-7, 5.306285727321552e-9, 1.7623158041718374e-8, 1.8916578056479033e-8, 1.6249665211030302e-7, 0.10111153259046625, 0.8988883474378604, 5.244562454496663e-8, 0.10111185473696681, 1.1361805272203408e-8, 0.10111148134163883, 1.8374345991719208e-8, 8.935876608506929e-9, 7.570048095134422e-9, 2.7273374163310403e-9, 8.003294508759596e-9, 0.1011115065085588, 6.26608197824072e-8, 8.118742314569811e-8, 0.10111151252168496, 2.895810183037362e-9, 1.233462817650749e-8, 0.10111184368106925, 0.10111149777698482]
v_opt: [0.010223838944972731, 0.10111151256859631]
solution time: 0.006150960922241211
McCormick lower bound: -3.4811789853969897

