x_opt: [0.3193691143934601, 0.6806668414413561, 0.3193329915238772, 0.9506446303574302, 0.3193331413330581, 0.31933296715750126, 0.31933299850528457, 0.6806668848992181, 0.049361304970271275, 0.3193331610856719]
w_opt: [0.3193690986781467, 0.31933298248496506, 0.3193691049416161, 4.772107531363264e-7, 0.31933295329544215, 9.78633475650926e-8, 3.602124097041638e-5, 9.682200200855074e-9, 0.31933314407866575, 4.395743209621371e-8, 0.6806668322603401, 1.9615785796946482e-8, 0.3193329590911127, 8.311197058726436e-9, 0.680666830475329, 9.151889297605048e-9, 1.9565283189433146e-8, 0.3193329839756532, 0.31933294882063756, 0.3193329495250523, 0.3193329778398122, 1.7644357584358373e-7, 1.0454447378792951e-8, 2.4099886371597927e-8, 0.2699777933605187, 0.2699777442085914, 0.31933296092139535, 0.680666859328075, 5.953251858813646e-6, 0.31933314505469335, 2.0426979451952407e-8, 0.3193329691206041, 4.001503200257068e-8, 1.205965835932794e-8, 7.099002249975447e-9, 1.0470941370918943e-8, 2.0007121965406983e-8, 0.049361291178043186, 1.8256159607519173e-7, 3.554177269324843e-8, 0.04936129242682296, 8.9279519016717e-9, 1.2421166931572072e-8, 0.31933312911309697, 0.049361279393308796]
v_opt: [0.10197378206915872, 0.04936128501341383]
solution time: 0.007071971893310547
McCormick lower bound: -4.580773960636889

