x_opt: [0.37445130409116817, 0.6255487604264952, 0.3744511585812727, 0.8393206621639555, 0.3744512373077076, 0.1606793405181709, 0.37445116427979724, 0.6255487634942901, 0.16067933805855547, 0.374451286019294]
w_opt: [0.3744513037054907, 0.37445115833888265, 0.37445130385791203, 1.5809171326572115e-8, 0.1606793402003825, 2.7132265799059717e-9, 6.828899348026941e-8, 2.7124134882959196e-10, 0.37445128543622397, 7.756365365804129e-10, 0.6255487601653813, 4.940924687196381e-10, 0.16067934028657935, 2.503321700182123e-10, 0.6255487601499972, 2.1835055615411865e-10, 4.680059956719049e-8, 0.3744511583061344, 0.37445115779421595, 0.1606793399435615, 0.3744511583643485, 3.03127379040319e-9, 2.8965242883667386e-10, 7.018309206392706e-10, 0.21377189994735443, 7.612452576093154e-9, 0.3744511628875149, 0.6255487627020221, 1.1170579091325236e-9, 0.37445128569543873, 5.290377865609155e-10, 0.37445116334990025, 1.2843325443651921e-9, 3.481096529376991e-10, 1.81339151376526e-10, 2.6377287526693935e-10, 4.234705549389434e-10, 0.1606793376906144, 5.115016044569929e-9, 8.150989979067296e-10, 0.1606793376733746, 2.345896961614899e-10, 2.7970378972709316e-10, 0.3744512852483861, 0.1606793372644504]
v_opt: [0.1402136872879262, 0.16067933756734065]
solution time: 0.004593849182128906
McCormick lower bound: -2.7789647478862984

