x_opt: [0.45769480002624474, 0.8532090199672335, 0.14679097999266866, 0.928892817137495, 0.14679098003022162, 0.14679097998376525, 0.146790979994071, 0.8532090199714439, 0.14679097998182103, 0.14679098003133081]
w_opt: [0.4576948000248019, 0.14679097999174573, 0.4576948000247006, 6.213522389351656e-11, 0.14679097998188922, 1.3693830113145571e-11, 0.31090381999997907, 1.3268307598648376e-12, 0.1467909800288162, 3.7347826464437465e-12, 0.8532090199658195, 2.569084442175534e-12, 0.14679097998256743, 7.883410347281408e-13, 0.8532090199656596, 1.0391809438783184e-12, 1.432771639301573e-12, 0.14679097999166985, 0.1467909799873542, 0.14679097998075163, 0.1467909799905518, 1.2587158853528105e-11, 1.2636465493857576e-12, 2.8380121852136776e-12, 0.07568379717040044, 0.07568379713687837, 0.14679097998917895, 0.853209019968283, 0.07568379712178364, 0.1467909800293855, 2.436658182348415e-12, 0.1467909799904134, 3.489875217729154e-12, 1.5105631018631292e-12, 1.1636611281962826e-12, 1.049921083596125e-12, 1.7534365804181214e-12, 0.14679097997946586, 1.7820294278841213e-11, 4.561078263664851e-12, 0.14679097998021248, 9.252528621850764e-13, 2.204327117878691e-12, 0.1467909800261271, 0.1467909799785283]
v_opt: [0.021547596779201122, 0.14679097997977306]
solution time: 0.005549907684326172
McCormick lower bound: -3.358816061714181

