x_opt: [0.36225788236395345, 0.6377489417208752, 0.22390158871249694, 0.7761001430735326, 0.3622510497792996, 0.2239013804664138, 0.22390160754892494, 0.6377489590479278, 0.223901126297801, 0.3622510506224683]
w_opt: [0.3622578798781252, 0.22390158639113053, 0.3622578808773621, 1.2351594601475306e-6, 0.22390137666240365, 7.354826502374601e-8, 6.868689190876016e-6, 1.527734071056244e-9, 0.3622510368908668, 3.873989143917315e-9, 0.6377489402634067, 8.70504127479304e-9, 0.22390137920544342, 1.0670084246141702e-9, 0.6377489357429703, 1.1025089142485937e-9, 3.1351851992739943e-9, 0.22390158745088368, 0.22390158472990596, 0.22390137903823035, 0.2239015880279756, 1.55421098180052e-8, 1.5760545495380597e-9, 5.257940848752822e-9, 0.1383511955735806, 1.548097046659777e-6, 0.22390159524513475, 0.6377489557791732, 1.2747113637176348e-6, 0.3622510481084241, 4.924880153178855e-9, 0.2239016040250778, 1.1705721039718149e-8, 2.3971334605277876e-9, 1.995142513166015e-9, 1.683770798889252e-9, 1.8559941975158195e-9, 0.22390112366183718, 1.372137699373398e-7, 4.660860389819689e-9, 0.22390112489136801, 1.2928213893046106e-9, 2.0985514539085554e-9, 0.36225104197988467, 0.22390112247318925]
v_opt: [0.05013200886661505, 0.22390112345000182]
solution time: 0.004906892776489258
McCormick lower bound: -2.970313411545546

