x_opt: [0.5258469132238744, 0.8988877374796995, 0.10111225997321022, 0.8988882865655883, 0.10111226221836571, 0.10111179220889335, 0.1011122610835237, 0.8988877398398734, 0.10111179166805867, 0.1011122624153087]
w_opt: [0.5258469129193557, 0.10111225975268001, 0.52584691297935, 1.7463915866137682e-8, 0.10111179185786603, 2.085306881556561e-9, 0.4247346536467424, 3.005551361999574e-10, 0.1011122619156178, 1.2293313925584123e-9, 0.8988877372619868, 5.405755325753387e-10, 0.10111179196966896, 2.4920229311025824e-10, 0.8988877372637256, 2.4590959103372644e-10, 3.2893545706231845e-10, 0.10111225978060046, 0.10111225882110517, 0.10111179180596902, 0.10111225968277783, 5.431160346556161e-9, 2.7365501822774756e-10, 7.214063470201612e-10, 5.493102898697168e-7, 8.263393162289894e-8, 0.10111226010026511, 0.8988877392143241, 7.873559529292118e-8, 0.10111226204268546, 5.430626074471041e-10, 0.10111226031127081, 2.394481930569837e-9, 3.420725315383807e-10, 1.80898629617029e-10, 2.012518317608359e-10, 4.321311980463175e-10, 0.10111179123529064, 5.0014424308844905e-9, 2.145691359266049e-9, 0.10111179139148553, 1.9825137500239535e-10, 3.01277860138396e-10, 0.10111226166555419, 0.10111179099747074]
v_opt: [0.01022385018303736, 0.10111179119994183]
solution time: 0.005473136901855469
McCormick lower bound: -5.008427345947103

