x_opt: [0.5258473085996279, 0.8988883716178773, 0.10111161876479839, 0.8988883811564103, 0.10111162625636283, 0.10111161885781822, 0.10111161884226044, 0.8988883737091972, 0.10111161891282275, 0.1011116286429504]
w_opt: [0.5258473085291138, 0.1011116187092772, 0.5258473084874282, 3.063661121359556e-8, 0.1011116187280809, 1.3741641364609077e-9, 0.42473568245323684, 1.3167567186504128e-10, 0.10111162843575028, 2.3975868566303597e-10, 0.8988883715101319, 1.5621628314811342e-10, 0.10111161874188448, 5.402659510637656e-11, 0.8988883715411309, 6.922483373430905e-11, 3.334843731718156e-10, 0.10111161867808154, 0.10111161834099575, 0.10111161838713557, 0.10111161864443818, 1.3236297859842619e-9, 9.310057252839405e-11, 2.559633794723458e-10, 7.593450764779588e-9, 1.7620146180912548e-9, 0.1011116181981039, 0.8988883733620006, 4.173651566493967e-10, 0.10111162853666676, 1.8851246860925777e-10, 0.10111161838613901, 2.073695849198706e-10, 1.407438894612728e-10, 1.0911256261063958e-10, 5.259729593923427e-11, 1.0765709323359468e-10, 0.10111161868818322, 1.3505317770889e-9, 3.962618010769029e-10, 0.10111161878868867, 5.3260390627802954e-11, 1.6303538086955003e-10, 0.10111162828077622, 0.10111161860744233]
v_opt: [0.010223586287085697, 0.10111161879010498]
solution time: 0.004904985427856445
McCormick lower bound: -2.6191690761264788

