x_opt: [0.5258473512637006, 0.8988884043928056, 0.10111159123879072, 0.8988884141653695, 0.10111159300228585, 0.10111158852775415, 0.10111159156168474, 0.8988884079922247, 0.10111158777619393, 0.1011116478034168]
w_opt: [0.5258473509471694, 0.10111159095356635, 0.5258473509669911, 2.4007053369662296e-8, 0.10111158810321952, 2.2087260036669136e-9, 0.4247357599600703, 4.934025895942225e-10, 0.10111164692464521, 1.9728399307656072e-9, 0.8988884041383076, 6.504597822231146e-10, 0.10111158816582191, 3.1161639696599405e-10, 0.8988884041553611, 3.357309631044301e-10, 5.2450182279538496e-8, 0.1011115909828071, 0.1011115881509826, 0.10111158801652825, 0.10111159079006211, 8.778149795472211e-9, 3.631429604299234e-10, 1.180384538942055e-9, 7.836462047772314e-9, 8.707470681972918e-9, 0.10111159024967269, 0.8988884046045698, 2.6989689700271667e-9, 0.10111164738869365, 7.187921562591636e-10, 0.10111158956487834, 1.6362016371219736e-9, 5.001724013686529e-10, 2.2514049803363665e-10, 2.0850464157845318e-10, 7.508175403664049e-10, 0.10111158717984377, 7.0158088791756835e-9, 1.901767179576346e-9, 0.1011115874513861, 2.2811064356535225e-10, 4.0160769353709385e-10, 0.10111164696870595, 0.10111158693920502]
v_opt: [0.0102237230807193, 0.10111158721695883]
solution time: 0.006021022796630859
McCormick lower bound: -5.214478354111571

