x_opt: [0.5258473222407306, 0.8988883757663528, 0.1011116208877483, 0.8988884025979723, 0.10111161616062096, 0.10111160710330128, 0.10111162032177101, 0.8988883837518992, 0.10111159897201716, 0.10111164565856999]
w_opt: [0.5258473217908435, 0.10111162053538297, 0.5258473218318438, 1.1697334116944012e-7, 0.10111160652596314, 3.381275277399466e-9, 0.42473570694889057, 5.580742502487651e-10, 0.10111164478700838, 2.740119414388362e-9, 0.8988883754042873, 6.057128787993428e-10, 0.10111160667129135, 3.5953367756633553e-10, 0.8988883754488689, 4.765285471878036e-10, 2.1724646387350262e-8, 0.10111162056989455, 0.10111161390777841, 0.10111160634724493, 0.10111161999544263, 1.5325852248077164e-8, 4.63104127280361e-10, 1.3401074254799772e-9, 1.9935109616499164e-8, 4.444508708714923e-8, 0.10111161856530938, 0.8988883825415128, 3.5240039796895134e-9, 0.10111164505487512, 9.292856177036169e-10, 0.10111161484732065, 6.788725137288586e-10, 6.141701030153821e-10, 3.006336995972635e-10, 2.9911107116068104e-10, 1.0589419768458625e-9, 0.10111159833976979, 1.4344015289870888e-8, 7.498437233749411e-9, 0.10111159846711915, 3.100854056946603e-10, 5.836036973912128e-10, 0.10111164444934678, 0.10111159750724792]
v_opt: [0.01022390326555032, 0.1011115982085643]
solution time: 0.0051000118255615234
McCormick lower bound: -5.37721663496035

