x_opt: [0.5258473151977326, 0.8988883857686697, 0.10111161407024884, 0.8988883881903992, 0.10111161397632407, 0.10111161397181115, 0.10111161405693073, 0.8988883860581335, 0.10111161372986362, 0.10111161432195272]
w_opt: [0.5258473151772347, 0.10111161405310906, 0.5258473151768686, 8.328560962321583e-9, 0.10111161394005823, 3.24404394344136e-10, 0.4247357013050249, 2.60512014908271e-11, 0.10111161427015461, 1.8519039734540451e-10, 0.8988883857493889, 4.7833931777880136e-11, 0.10111161395148877, 1.865875387747326e-11, 0.8988883857513126, 2.0957682935006285e-11, 1.1930081546019015e-10, 0.10111161405512015, 0.1011116138366612, 0.10111161392845659, 0.10111161402754809, 1.2915359277959406e-9, 2.3218222638889147e-11, 6.605295642061717e-11, 2.2259529954380636e-9, 2.619082053263296e-9, 0.1011116139380127, 0.8988883859931209, 1.988124563633568e-9, 0.10111161428636835, 5.2464890954446186e-11, 0.10111161388034492, 6.972493316249789e-11, 3.267999355130815e-11, 1.701425587997682e-11, 1.532895067980377e-11, 4.9852070404501356e-11, 0.10111161368502777, 8.17569032881236e-10, 3.4760707320233563e-10, 0.10111161370614144, 1.4734650022604616e-11, 3.740087248246481e-11, 0.10111161423343464, 0.10111161365846025]
v_opt: [0.010223569151593644, 0.10111161369076888]
solution time: 0.00488591194152832
McCormick lower bound: -5.004410465758334

