x_opt: [0.5258472735662307, 0.8988883572862797, 0.10111164206932308, 0.8988884053595423, 0.1011116426914772, 0.10111164190346798, 0.10111164212389344, 0.8988883573259996, 0.10111164190425154, 0.10111164270124051]
w_opt: [0.5258472735581629, 0.1011116420605277, 0.5258472735531798, 6.256510988705293e-10, 0.10111164188379484, 1.2849430915543681e-10, 0.42473563091994176, 1.529630438709279e-11, 0.10111164267341537, 3.7160118664146346e-11, 0.8988883572715628, 2.723535105397179e-11, 0.10111164188937462, 7.608311023339109e-12, 0.8988883572715506, 1.0804381419182687e-11, 1.336215000022655e-11, 0.10111164205912737, 0.10111164200341943, 0.10111164187377714, 0.10111164204933769, 1.715874447105355e-10, 1.2948324580067623e-11, 3.042567572768126e-11, 4.807846035743331e-8, 4.741492115728553e-8, 0.10111164207004805, 0.8988883572935101, 4.7290299099708505e-8, 0.10111164268218663, 2.501150279693315e-11, 0.1011116420802569, 3.548303471176265e-11, 1.610201768842959e-11, 1.2953077930633278e-11, 9.18526006236779e-12, 1.7059767309281505e-11, 0.10111164187425595, 1.7383924093586534e-10, 4.405960618609774e-11, 0.10111164188935307, 8.614202641662631e-12, 2.4739694215678143e-11, 0.10111164264663589, 0.10111164186877636]
v_opt: [0.01022357263302091, 0.10111164188416656]
solution time: 0.0062329769134521484
McCormick lower bound: -3.3835335973370135

