x_opt: [0.5258472277539907, 0.8988883071779444, 0.10111167581455927, 0.8988884069505607, 0.10111168972752341, 0.10111167388432626, 0.10111167668001497, 0.8988883114283664, 0.10111167182214104, 0.10111169288224572]
w_opt: [0.5258472268853511, 0.10111167522574828, 0.525847226833603, 1.6654501875199717e-7, 0.10111167274996494, 1.0295591969950901e-8, 0.42473554065607977, 8.928690001341965e-10, 0.10111169125925638, 2.4887720420259203e-9, 0.8988883062836351, 1.3505884692694457e-9, 0.10111167308784884, 5.316046821819232e-10, 0.8988883063261849, 6.759509405162244e-10, 1.2075136728125242e-9, 0.10111167515104387, 0.10111167227608336, 0.10111167199255794, 0.10111167458895796, 1.1306532067636831e-8, 8.198147160897305e-10, 1.991246018284715e-9, 9.848534446581749e-8, 9.668726215047966e-8, 0.10111167282653856, 0.8988883093540496, 8.043513674965686e-8, 0.10111169173478442, 1.590967641120234e-9, 0.10111167388716222, 2.405125764484085e-9, 1.0102442460197191e-9, 6.97083360183962e-10, 6.318797525295903e-10, 1.1549285567097407e-9, 0.10111167046677098, 1.926031510742337e-8, 2.9185156208423696e-9, 0.10111167084500353, 5.831222542028677e-10, 1.2977155611176918e-9, 0.10111168953434323, 0.10111166952177456]
v_opt: [0.010227175226708593, 0.10111167053293178]
solution time: 0.004528045654296875
McCormick lower bound: -3.286980923340148

