x_opt: [0.3193526050630844, 0.6806474075228999, 0.31935253147706766, 0.9506478648019885, 0.31935258294291224, 0.31935251560303274, 0.3193525327963425, 0.6806474173964102, 0.049352138681724556, 0.3193525948919486]
w_opt: [0.31935260414960726, 0.31935253105369765, 0.3193526046160148, 4.1232100801203065e-8, 0.31935251491847494, 8.380271567268874e-9, 2.3896034817669394e-8, 4.2176952826293484e-10, 0.3193525938477938, 1.5551044295075076e-9, 0.6806474070077758, 1.0386521467905932e-9, 0.31935251522945224, 3.931652484754924e-10, 0.6806474068535463, 3.9213768298041514e-10, 3.331233288656272e-9, 0.3193525310583769, 0.31935252987717955, 0.31935251405816106, 0.31935253095914284, 5.352943041803789e-9, 5.06248429479398e-10, 1.2082902442940559e-9, 0.2700004488242942, 0.27000039025771916, 0.31935253015972076, 0.6806474158458764, 5.358379685650393e-9, 0.3193525941659937, 1.051658750536418e-9, 0.3193525308172779, 1.352028312491756e-9, 5.938659471060372e-10, 3.484702066195081e-10, 6.449892135123659e-10, 9.50813055640009e-10, 0.049352137880393186, 1.223951454455668e-8, 2.2330509399464135e-9, 0.04935213791514138, 4.609777361322826e-10, 6.634792510800618e-10, 0.319352592827063, 0.049352137271594584]
v_opt: [0.10198610699467367, 0.04935213769365675]
solution time: 0.004577159881591797
McCormick lower bound: -2.8807526041652007

