x_opt: [0.5258472901327885, 0.898888338867474, 0.10111166070082994, 0.8988883767383575, 0.10111166107068943, 0.10111162356875236, 0.10111166086095283, 0.8988883390884352, 0.10111162346261886, 0.10111166119504855]
w_opt: [0.5258472901006094, 0.1011116606776661, 0.5258472901083435, 1.228110217490418e-9, 0.10111162353476807, 2.2056842890097644e-10, 0.4247356292816413, 3.1006806107093584e-11, 0.10111166114680863, 9.816789169654681e-11, 0.89888833884391, 5.1154375202036303e-11, 0.10111162354348635, 2.413198225485147e-11, 0.8988883388435056, 2.3852547916681998e-11, 9.357175738264224e-11, 0.1011116606777316, 0.1011116605990283, 0.10111162352242122, 0.10111166067609556, 4.657323084374984e-10, 2.8984193525918458e-11, 7.540359996567726e-11, 3.7858112489217196e-8, 8.301133285642666e-10, 0.10111166074949975, 0.8988883390208845, 2.5913295064922203e-10, 0.10111166116043581, 5.4585325872308354e-11, 0.10111166077196893, 1.9730104190854826e-10, 3.5939726746378965e-11, 1.843824300813226e-11, 2.1610553143912566e-11, 4.239365763455799e-11, 0.10111162342120074, 4.994364320090675e-10, 1.1289606137297229e-10, 0.10111162343119577, 2.114245230545881e-11, 2.8796217641750113e-11, 0.10111166112078904, 0.10111162338964963]
v_opt: [0.010223578968966284, 0.10111162341472582]
solution time: 0.005484104156494141
McCormick lower bound: -3.849746686952978

