x_opt: [0.5258472781152782, 0.8988879838858667, 0.10111186579176051, 0.8988884616307938, 0.10111184627604326, 0.10111156095470798, 0.10111186788158959, 0.8988881489821918, 0.10111153817515252, 0.10111221724282873]
w_opt: [0.5258472741449612, 0.10111186236773732, 0.5258472741466195, 1.3008287098012798e-6, 0.10111155551987787, 3.5454891863826934e-8, 0.4247354357606089, 6.043479369611178e-9, 0.1011121600506575, 2.6862262950725255e-8, 0.8988879801086611, 7.260829144288691e-9, 0.10111155634253872, 4.392076790729782e-9, 0.8988879809620469, 4.677796181548024e-9, 2.0398428613711773e-7, 0.10111186253849028, 0.10111179164737076, 0.10111155034688935, 0.1011118572030969, 1.0628497335048843e-7, 4.4834696741947975e-9, 1.4270190907678477e-8, 3.2306248725846734e-7, 2.0778364977725122e-7, 0.10111184852802044, 0.8988881220449111, 1.0529263352936037e-7, 0.10111221184742164, 9.160598053409936e-9, 0.1011117899015196, 5.1585283859758495e-9, 6.3899562772762805e-9, 3.016780832809043e-9, 2.603619576789715e-9, 1.0314414754743323e-8, 0.10111153035381114, 8.864558565821825e-8, 4.904270890257226e-8, 0.10111153286058326, 2.794074447197075e-9, 8.324361891058492e-9, 0.10111220502418619, 0.10111152045366527]
v_opt: [0.010224125337123212, 0.10111153142686233]
solution time: 0.00677490234375
McCormick lower bound: -4.668211979535562

