x_opt: [0.512107923476076, 0.874082482580235, 0.1259175173996775, 0.8934825630569121, 0.12591751741788576, 0.1065174712330589, 0.12591751740354962, 0.8740824825884358, 0.10651747121808851, 0.12591751742017837]
w_opt: [0.5121079234738921, 0.12591751739837256, 0.5121079234745168, 7.636862215463165e-11, 0.10651747123099053, 1.3667953784602955e-11, 0.38619040606784244, 1.6167398757959313e-12, 0.12591751741746668, 6.113946421364494e-12, 0.8740824825788676, 3.1585958826942175e-12, 0.10651747123172135, 1.2590084994320083e-12, 0.874082482578726, 1.3761414647662789e-12, 2.839072489656227e-12, 0.12591751739848456, 0.12591751739331963, 0.1065174712305451, 0.125917517398044, 2.460573076407809e-11, 1.5986278594465908e-12, 3.888381695949689e-12, 0.01940008047773077, 3.43146725786333e-8, 0.12591751739929333, 0.8740824825848027, 3.427786793707774e-8, 0.12591751741795096, 3.095555928918316e-12, 0.12591751740044732, 8.341403828013644e-12, 1.9168954316313763e-12, 1.0992804828617447e-12, 1.3407422876615647e-12, 2.4845203865827034e-12, 0.10651747121576666, 2.7342573041565966e-11, 6.6430748582754625e-12, 0.10651747121621855, 1.2359120786638997e-12, 1.8559263672827915e-12, 0.12591751741548854, 0.10651747121403181]
v_opt: [0.01585523551035432, 0.10651747121520538]
solution time: 0.007914066314697266
McCormick lower bound: -4.272047303987016

