x_opt: [0.383998234052558, 0.6160030829446719, 0.23250422876380125, 0.7674958578987264, 0.38399691007006514, 0.23250414694987118, 0.36990103928296825, 0.616003090055351, 0.2325041423501611, 0.3839982328649718]
w_opt: [0.3839982340013038, 0.23250422873991897, 0.3839982340293247, 5.029973195459782e-9, 0.2325041469208879, 4.327142867122976e-10, 1.3242367530898191e-6, 2.4708406160756744e-11, 0.38399823278022954, 6.080503771869186e-11, 0.616003082914171, 4.723080636821321e-11, 0.23250414692808438, 2.4183900288075384e-11, 0.6160030829091102, 2.0262926761786543e-11, 1.3159342087505025e-6, 0.23250422873254176, 0.23250422870770218, 0.23250414688033352, 0.23250422874403642, 1.7863479599041126e-10, 2.8412165208701738e-11, 6.796776176960204e-11, 0.1514927680769939, 5.934342140925611e-9, 0.3699010390437699, 0.6160030898811797, 5.761677931359116e-10, 0.3839982328315665, 5.3851662729368176e-11, 0.36990103918854056, 1.749408679605446e-10, 3.4274551729031987e-11, 2.0805240046948234e-11, 3.081481062364863e-11, 3.481304541096817e-11, 0.23250414229951583, 4.0789019731368876e-10, 5.341738383794756e-11, 0.23250414231451688, 2.5790140743251532e-11, 2.6375403873399206e-11, 0.38399823277184325, 0.23250414227542582]
v_opt: [0.13682686231789162, 0.23250414230245667]
solution time: 0.004940986633300781
McCormick lower bound: -2.28077165307853

