x_opt: [0.6718974006373907, 0.9999470246328153, 5.2970734691489994e-5, 0.9999470542122247, 5.297379100628911e-5, 5.2946481229461124e-5, 5.297393779769819e-5, 0.9999470336809686, 5.2946105511519265e-5, 0.19120501834708928]
w_opt: [0.6718974001096835, 5.297027609487098e-5, 0.6718974001793704, 2.5261210182981667e-8, 5.294584392729761e-5, 3.5187976052209208e-9, 0.6718444354548609, 7.910986382323064e-10, 0.19120501736642548, 2.2795547226535586e-9, 0.9999470242212549, 8.946458849948249e-10, 5.294589422695918e-5, 6.105757798819799e-10, 0.9999470242682708, 5.151617660662094e-10, 0.19115204339604636, 5.297027414520746e-5, 5.2968393851178476e-5, 5.2945599437562076e-5, 5.297025398958528e-5, 1.541981501363562e-8, 5.996930464709176e-10, 1.9299545076989853e-9, 2.892358765824705e-8, 1.2200040382784462e-8, 5.29716574359314e-5, 0.9999470323689146, 2.0087446707926278e-9, 0.19120501773383, 1.1333757464029695e-9, 5.297128881564693e-5, 8.272137578729997e-9, 8.146325916222251e-10, 3.3870327820681203e-10, 3.426152603274847e-10, 8.725537929931489e-10, 5.294505784540532e-5, 1.1102433225627579e-8, 8.899459519455743e-9, 5.2945546800539514e-5, 3.7906213080580534e-10, 5.010844497138123e-10, 0.19120501709851465, 5.294463079276381e-5]
v_opt: [2.5934177187036554e-8, 5.294519136271668e-5]
solution time: 0.006124973297119141
McCormick lower bound: -4.494973036314872

