x_opt: [0.4366460437508315, 0.43664604916237354, 1.3452202131465705e-5, 0.7819180838517087, 0.21808709355133699, 0.21808178292336203, 0.21806280582011853, 0.5633539971130683, 0.21808163731301017, 0.5633539554700262]
w_opt: [0.43664603451280304, 1.3450170317054434e-5, 0.43664604034638776, 6.136891344205988e-7, 0.21808177897929867, 2.70833478221088e-7, 1.0021004896707142e-7, 2.2341652914297406e-9, 0.43664603761513826, 5.659239436381162e-9, 0.4366460421799946, 1.3699699811032396e-8, 0.21808178058084446, 1.8290624510308261e-9, 0.43664604016842334, 1.7383789573144732e-9, 9.093749210899376e-9, 1.3447423331276482e-5, 1.3443038813361623e-5, 1.343452483579114e-5, 1.3449327192319692e-5, 2.6524176371979293e-8, 2.824473592497953e-9, 5.384928704303285e-9, 5.194008158625066e-6, 3.8616864053358455e-7, 0.2180627673695692, 0.5633539866605094, 8.222470575670554e-9, 0.5633539521830908, 4.83843536141437e-9, 0.21806280232508748, 2.9225570267632635e-9, 3.085520294471121e-9, 2.8735192773714524e-9, 3.9886308528803645e-9, 3.1971373585046496e-9, 0.21808163486202745, 3.949970754513526e-8, 1.168045043332771e-8, 0.21806279569822862, 2.3585178645695167e-9, 5.1910056141889385e-9, 0.5633539298223645, 0.2180816278780215]
v_opt: [0.0475516279769358, 0.21808163292125712]
solution time: 0.004745006561279297
McCormick lower bound: -1.0590385604739905

