x_opt: [0.3622959212610536, 0.6378085244457021, 0.2238729244856192, 0.7761271367281092, 0.3621914330628954, 0.2238729032751643, 0.2238729383728721, 0.6378085665402068, 0.22387289469941696, 0.3621914757282853]
w_opt: [0.36229591456433347, 0.2238729202145789, 0.36229591468122896, 3.027319390983418e-7, 0.2238728954162776, 6.573268306160527e-8, 0.00010449558684353603, 5.946283657269681e-9, 0.36219146457166096, 1.4402247273782987e-8, 0.6378085177352079, 1.0980199408104964e-8, 0.22387289780822844, 3.777247274697408e-9, 0.6378085173005715, 4.4214573161090435e-9, 1.014136190542901e-8, 0.22387291922102454, 0.22387290497203133, 0.22387288400671154, 0.2238729162211463, 4.5534411346904486e-8, 5.831238789527481e-9, 1.3028700852966467e-8, 0.13831858078758016, 1.444158693555223e-7, 0.22387291168574183, 0.6378085513231035, 4.5116866752291237e-8, 0.36219146791204926, 1.080793597540831e-8, 0.22387291987008145, 9.244804071368619e-9, 6.972148975403145e-9, 5.043585629766805e-9, 4.935791122411476e-9, 7.547642094946763e-9, 0.2238728845254201, 8.415797699997618e-8, 1.7395430398605e-8, 0.22387288614663653, 4.303627866757982e-9, 8.623277593875985e-9, 0.36219145362854843, 0.22387287933774927]
v_opt: [0.05012048369777946, 0.22387288551378462]
solution time: 0.004297971725463867
McCormick lower bound: -2.6537093805395595

