x_opt: [0.43665131056701756, 0.4366512945307516, 2.242732478973583e-9, 0.7819065937440763, 0.21809345511166442, 0.2180934017759941, 0.2180933977142046, 0.5633486866457447, 0.21809340175299605, 0.5633487200095878]
w_opt: [0.43665129424942123, 2.142000772951704e-9, 0.43665131037200355, 9.328254743759578e-8, 0.21809340161247812, 1.5131214341642283e-8, 3.20558478559538e-10, 1.9077533722034264e-10, 0.4366513101889907, 2.040705571592762e-10, 0.4366512936159886, 0.21809345333701924, 0.21809340153490125, 1.2583955110682878e-10, 0.4366512940162077, 8.717038791448835e-11, 1.5890314208928663e-8, 5.567300270472406e-10, 1.9631851885312287e-9, 6.909254481197717e-10, 2.098639787183067e-9, 6.878492257694529e-10, 1.680172858977476e-10, 3.3528849954564326e-10, 4.917396881876058e-8, 3.0309184579580404e-9, 1.7101418494702892e-8, 0.5633486856554798, 4.130394035241677e-10, 0.5633487198894217, 2.8814869632986754e-10, 2.7802645063895226e-9, 4.377593993138766e-10, 2.7581981297907336e-10, 1.9334735633227722e-10, 1.2942971573909013e-10, 1.517732243658829e-10, 0.2180934014900786, 2.2248430159934326e-9, 6.201918799350086e-10, 0.21809339722713145, 1.1555676952526683e-10, 2.188498234984462e-10, 0.5633486857157282, 0.21809340037587302]
v_opt: [0.047649634715606445, 0.2180934015483154]
solution time: 0.005023002624511719
McCormick lower bound: -0.7646947708534957

