x_opt: [0.48671951809541514, 0.6834592824002802, 0.3165407174695152, 0.9223044803181955, 0.31654071756194885, 0.07769551977866344, 0.31654071751459567, 0.6834592824635866, 0.07769551969681915, 0.4867195099719683]
w_opt: [0.4867195180886108, 0.31654071746511764, 0.4867195180912658, 2.2849525425789268e-10, 0.07769551977295289, 4.1737600177058385e-11, 0.17017880057097037, 5.06824208848534e-12, 0.48671950996388397, 1.574629984464569e-11, 0.683459282395983, 8.224531748764159e-12, 0.07769551977449447, 4.6717098332076245e-12, 0.6834592823957789, 4.122774722485286e-12, 0.1701787923771483, 0.3165407174650286, 0.316540717454237, 0.07769551976988932, 0.31654071746539897, 7.086824189276936e-11, 5.205216141166493e-12, 1.3106624474382068e-11, 0.23884519788861808, 1.937666930222336e-10, 0.3165407174806001, 0.6834592824508888, 2.6593190454474072e-11, 0.4867195099660806, 9.54237575972722e-12, 0.31654071748635476, 3.310869290896866e-11, 6.286803571530345e-12, 3.0649192838487232e-12, 4.38464288093455e-12, 7.94525024945585e-12, 0.07769551969056351, 9.672273428327482e-11, 1.49645435292464e-11, 0.07769551969048076, 4.1079273922977965e-12, 4.743348276521175e-12, 0.486719509959348, 0.07769551968312963]
v_opt: [0.10019802725904824, 0.07769551968787483]
solution time: 0.005877017974853516
McCormick lower bound: -3.3649047800534744

