x_opt: [0.3335991006291053, 0.6664009018674413, 0.28765736761286265, 0.8926860374723828, 0.3335990972994138, 0.28765735321149516, 0.2876573681122302, 0.6664009029500174, 0.10731397602438277, 0.33359909792984827]
w_opt: [0.33359910024649614, 0.28765736741833325, 0.3335991003911149, 1.266172597329281e-8, 0.28765735289159167, 3.074282964411923e-9, 4.196343581644257e-9, 2.0453095070454882e-10, 0.33359909746411137, 6.556308222851696e-10, 0.6664009016059858, 4.74715078664434e-10, 0.2876573530278771, 1.6808257983498617e-10, 0.6664009015238351, 1.8546966731212888e-10, 3.8299126962426335e-10, 0.28765736741438214, 0.28765736686711824, 0.28765735271164644, 0.2876573673279574, 1.895365614527332e-9, 2.3491521996045173e-10, 4.910511633044324e-10, 0.22628513525718433, 0.18034339388862222, 0.28765736711192247, 0.6664009023046727, 1.3932334452090034e-8, 0.33359909757389317, 4.4130566861373374e-10, 0.28765736742993525, 6.15820024062531e-10, 2.6354154055512953e-10, 1.8307916515958388e-10, 2.7828287460342116e-10, 3.564945989634787e-10, 0.10731397572241164, 3.7489984584743e-9, 7.413443240697204e-10, 0.1073139756892919, 2.0847228194104675e-10, 3.3421554671296285e-10, 0.33359909704504875, 0.10731397540963286]
v_opt: [0.08274700630461265, 0.10731397559354117]
solution time: 0.0046939849853515625
McCormick lower bound: -2.9201337618325005

