x_opt: [0.386636440083965, 0.6766637239449882, 0.2056029740666764, 0.794397027075281, 0.32333627476618804, 0.20560297382768267, 0.20560297430810265, 0.6766637256279171, 0.20560297388882423, 0.32333627595780595]
w_opt: [0.3866364400130001, 0.20560297402365757, 0.38663644000764835, 8.568771080775516e-9, 0.20560297374294803, 1.9388337969987422e-9, 0.06330016593907926, 6.71117156419001e-11, 0.32333627552511546, 1.44065522903424e-10, 0.6766637238623595, 1.9971340503959434e-10, 0.20560297376724163, 3.917205113338862e-11, 0.6766637238689323, 4.584934223290309e-11, 2.428624450305678e-10, 0.2056029740112027, 0.2056029738746334, 0.20560297364212277, 0.2056029739700186, 4.104782533098899e-10, 6.235857260077312e-11, 1.4989885585074413e-10, 0.1177333020412595, 1.8738810643304575e-9, 0.20560297385296852, 0.6766637252850166, 1.5516115773067183e-9, 0.3233362758682857, 1.2546752346303558e-10, 0.2056029740057082, 5.032336747662976e-10, 8.35353080244709e-11, 7.88837551053972e-11, 4.8660864776598516e-11, 7.037395430142775e-11, 0.20560297344031195, 9.668220636695881e-10, 3.70019235983047e-10, 0.20560297381197523, 4.408358688439174e-11, 9.775787515521923e-11, 0.32333627566523, 0.20560297371987973]
v_opt: [0.042272667922221285, 0.2056029737933481]
solution time: 0.005480051040649414
McCormick lower bound: -2.554051299051443

