x_opt: [0.4999999270625126, 0.4999999404614821, 5.1161863206259164e-8, 0.8490419845771964, 0.17709326113101007, 0.15095796637910783, 0.1509579664913833, 0.8229067044213578, 0.15095796649016935, 0.5000000692368634]
w_opt: [0.4999999267173268, 5.106510003075011e-8, 0.4999999269206172, 6.946952537289548e-8, 0.1509579661739679, 4.716718788180156e-9, 0.3229066316823092, 1.5755119952403005e-10, 0.4999999261915421, 3.231800869825745e-10, 0.49999994024478206, 1.0156311388889705e-9, 0.15095796623583052, 1.190264533708754e-10, 0.4999999400764058, 9.451751994747725e-11, 1.0155197386558018e-8, 5.0868738895082274e-8, 5.0806356039427034e-8, 5.048040731164582e-8, 5.104243008067056e-8, 1.13427206417018e-9, 1.4887047599785596e-10, 3.7606214684796076e-10, 0.026135245904821656, 9.562911094854891e-9, 0.1509579631146294, 0.8229067039493154, 4.936415899295815e-10, 0.5000000691067689, 3.3780520238461304e-10, 0.15095796442887424, 3.534978180134723e-10, 2.5469852292010554e-10, 1.8121355096882157e-10, 1.284608541747558e-10, 1.6274099094498257e-10, 0.15095796606384745, 2.096134836936636e-9, 6.098883258337564e-10, 0.1509579661529493, 1.1141023847977228e-10, 1.9199663179595742e-10, 0.5000000671955735, 0.1509579658253157]
v_opt: [0.022788361490042534, 0.15095796627108293]
solution time: 0.004923105239868164
McCormick lower bound: -1.4559219367374638

