x_opt: [0.5258470586034524, 0.8988874311881566, 0.10111214091444864, 0.8988882416938662, 0.10111223295689863, 0.10111166412336099, 0.10111216618414534, 0.89888776002789, 0.10111166501671995, 0.10111265014594055]
w_opt: [0.5258470502973033, 0.10111213377449742, 0.5258470493206033, 2.478308229591575e-6, 0.10111165145401357, 8.243323163076616e-8, 0.4247348445259103, 1.6227320707089075e-8, 0.10111254867947532, 7.140523038771788e-8, 0.8988874214569775, 3.088347587382828e-8, 0.10111165354354654, 1.0137841802312639e-8, 0.8988874235397023, 1.1381250157019971e-8, 1.0324136831168891e-7, 0.10111213369746241, 0.10111201283975968, 0.10111164506776123, 0.10111212248717681, 1.8641049556739612e-7, 1.0083630678108142e-8, 3.055459554756181e-8, 5.317559515840035e-7, 7.782800105146106e-7, 0.10111211762001306, 0.8988875992492054, 3.109058640855274e-7, 0.1011126378161638, 2.2250324360179997e-8, 0.10111200172896775, 2.1429096534648047e-8, 1.5905754832143e-8, 8.398387374890821e-9, 5.603647444287619e-9, 2.4269777651457993e-8, 0.10111160373364224, 1.0768713952523569e-7, 8.564720347672782e-8, 0.101111654779755, 6.102935555650001e-9, 2.9872339458217776e-8, 0.10111262334698211, 0.10111161544625043]
v_opt: [0.01022388978807649, 0.101111650232367]
solution time: 0.0043218135833740234
McCormick lower bound: -4.4603409466087545

