x_opt: [0.5258477702820388, 0.8988886840251038, 0.10111130392932509, 0.8988887010555597, 0.10111130503981122, 0.10111129688295264, 0.10111130461451721, 0.898888697520466, 0.10111129598842196, 0.10111191173975766]
w_opt: [0.5258477695624162, 0.10111130327136714, 0.5258477696623186, 5.6198358902107625e-8, 0.10111129599829065, 5.131982243564625e-9, 0.42473646933779197, 1.061298822575408e-9, 0.10111191015511517, 3.841968751093872e-9, 0.8988886834668229, 9.674824292169254e-10, 0.10111129612725762, 9.577009099594597e-10, 0.8988886835355144, 7.405701726043722e-10, 5.965701072142168e-7, 0.10111130337184378, 0.10111129862314315, 0.10111129552267674, 0.1011113029883655, 2.4181679909144442e-8, 7.884361629525559e-10, 2.475796853628028e-9, 7.761251079314785e-9, 2.515806614790288e-8, 0.10111130148829431, 0.898888694430233, 5.286489683567221e-9, 0.10111191086176623, 1.5551618045844781e-9, 0.1011112979035524, 3.933087941911368e-9, 1.1178935408008835e-9, 4.589605247031898e-10, 4.4592478148496357e-10, 1.4775180392012079e-9, 0.1011112937993286, 2.0114187568143466e-8, 4.321746663756996e-9, 0.10111129525798429, 4.910860411189913e-10, 9.209911762036774e-10, 0.10111190998355946, 0.10111129402944828]
v_opt: [0.010223915493450328, 0.10111129475900613]
solution time: 0.005159854888916016
McCormick lower bound: -4.998086662760813

