x_opt: [0.671968189576077, 0.9999960146823262, 3.980147515916433e-6, 0.999996033065915, 3.982631554620277e-6, 3.966129220026927e-6, 3.982920452479333e-6, 0.9999960250015263, 3.9665504465127746e-6, 0.19124866558472278]
w_opt: [0.6719681888771266, 3.979498328295536e-6, 0.6719681888636848, 3.0732911890243204e-8, 3.9651685569712305e-6, 4.824523429512721e-9, 0.6719642161102775, 1.3811638863681018e-9, 0.19124866403319676, 3.52030131122582e-9, 0.999996014062738, 1.260050773508104e-9, 3.965141323936813e-6, 8.352221838440478e-10, 0.9999960141662599, 7.951498063774976e-10, 0.19124468083140786, 3.979467872452556e-6, 3.975975797402382e-6, 3.964754409035775e-6, 3.9793388009209225e-6, 2.1827789889260244e-8, 8.969644812318459e-10, 3.122402248427301e-9, 1.71107624001645e-8, 1.5479354182338946e-8, 3.979587085300158e-6, 0.9999960228283102, 2.610739433013899e-9, 0.19124866469262972, 1.6996770738256562e-9, 3.978939086482345e-6, 8.893277150371295e-9, 1.2743012530914813e-9, 5.230223226609119e-10, 4.5797298998694265e-10, 1.3313251257155033e-9, 3.964583488358302e-6, 1.5276322127092834e-8, 9.874148229062042e-9, 3.965757579354846e-6, 5.24600182698058e-10, 8.013061685003915e-10, 0.19124866374099575, 3.964374880459972e-6]
v_opt: [1.1374299281782662e-6, 3.965265708749647e-6]
solution time: 0.00603795051574707
McCormick lower bound: -4.643848415110849

