x_opt: [0.4963474916742961, 0.496347491684706, 2.861598994482471e-10, 0.8617596774883404, 0.1382403233498454, 0.1382403223849096, 0.1382403247568448, 0.586086274260569, 0.138240322390372, 0.5860862742896167]
w_opt: [0.4963474916456688, 2.748138118397647e-10, 0.49634749165816494, 7.623542833979106e-9, 0.13824032236862574, 2.8447300671397985e-10, 0.08243376595812191, 1.9128936082628903e-11, 0.496347491641185, 2.4147595181518895e-11, 0.4963474916578796, 1.3007754062120378e-10, 0.13824032236465533, 1.4546896980691462e-11, 0.496347491662157, 9.878048898706384e-12, 0.08243376599231184, 2.1759625260994694e-10, 2.539727398584784e-10, 1.878914202229479e-10, 2.728072445648352e-10, 7.185247262959596e-11, 1.7099261575481576e-11, 3.6332820805056185e-11, 8.883009605987614e-10, 7.920616108722812e-10, 0.13824032372659767, 0.5860862741961416, 4.3883876242431124e-11, 0.5860862742761787, 2.8280212633915263e-11, 0.13824032010260973, 3.481923775612495e-11, 2.4139610101677456e-11, 1.3188670065657568e-11, 1.2882133780369087e-11, 1.7534408792358533e-11, 0.1382403223598124, 2.8568337761604433e-10, 4.3807514212511515e-11, 0.1382403223600888, 1.1859323862228567e-11, 1.685519553293973e-11, 0.5860862741801963, 0.1382403223179995]
v_opt: [0.0191108416855873, 0.13824032236801226]
solution time: 0.004608154296875
McCormick lower bound: -1.1929137788664221

