x_opt: [0.5258459584715194, 0.8988861374680636, 0.10111266459316454, 0.8988873430151388, 0.1011138513644238, 0.10111266248193045, 0.10111284079757649, 0.8988861512163716, 0.101112662306241, 0.10111386406089107]
w_opt: [0.5258459579174156, 0.10111266418993942, 0.5258459578959734, 5.6023538716895246e-8, 0.10111266178555157, 5.349186456965901e-9, 0.42473211075814654, 6.463705475544003e-10, 0.10111386300808843, 1.3604948838426158e-9, 0.898886136898207, 1.0625189801346056e-9, 0.10111266190793465, 3.8162425375690533e-10, 0.8988861369271064, 4.256039194101085e-10, 2.211526421152664e-9, 0.10111266406348739, 0.10111266277872448, 0.10111266121736898, 0.10111266409453108, 5.320869386473155e-9, 5.680474266314578e-10, 1.4109808565094646e-9, 1.1953393324052241e-6, 1.5548421846763055e-8, 0.10111283804348278, 0.8988861497511215, 6.555851969333611e-9, 0.1011138634098964, 1.041961496323013e-9, 0.10111283898433755, 3.448985017857114e-9, 7.222625253074096e-10, 4.4356346119311143e-10, 3.96557540003867e-10, 7.11046292444895e-10, 0.10111266118076111, 9.262810916411345e-9, 1.597641109355269e-9, 0.1011126616879461, 3.8184782052349995e-10, 6.890382221513237e-10, 0.10111386232484415, 0.10111266077791792]
v_opt: [0.01022402554595945, 0.10111266146583428]
solution time: 0.004477977752685547
McCormick lower bound: -2.76563732057639

