x_opt: [0.5258468293910958, 0.8988874967110476, 0.10111247881830968, 0.8988881876248822, 0.10111250197748071, 0.10111181319998612, 0.10111249016099079, 0.8988875207146603, 0.10111181255070818, 0.10111250330186267]
w_opt: [0.5258468288118161, 0.10111247834382359, 0.5258468288854835, 2.6315787866801525e-7, 0.10111181248602434, 5.2290394415399145e-9, 0.4247343513922453, 7.786904177153405e-10, 0.10111250167845501, 2.2087827232848947e-9, 0.8988874962687738, 1.6478127561227892e-9, 0.10111181260999172, 1.2010206418567438e-9, 0.8988874963118813, 5.224373883934054e-10, 1.1619142384873142e-9, 0.10111247835380209, 0.1011124722437251, 0.1011118123049234, 0.10111247836848192, 2.0299279946504124e-8, 6.392749860267836e-10, 2.1548585260371026e-9, 6.906082094518932e-7, 1.5377498968715264e-8, 0.10111248712967551, 0.898887519452718, 4.8784278885006756e-9, 0.10111250256851007, 1.3447490446499844e-9, 0.10111247958053407, 2.3335967534176435e-8, 8.904631178124515e-10, 4.0905280043863156e-10, 3.993918302762844e-10, 9.423013764649807e-10, 0.10111181118692747, 2.3891287301669243e-8, 1.622176109609907e-8, 0.10111181198453051, 4.201916047834412e-10, 5.831588775813527e-10, 0.10111250158345733, 0.10111181109105394]
v_opt: [0.010225560723466387, 0.10111181155717434]
solution time: 0.004550933837890625
McCormick lower bound: -4.4473924649967715

