x_opt: [0.5376281457176362, 0.9070400260747972, 0.09295995616280078, 0.9070400853280907, 0.09295996776062249, 0.09295991812249413, 0.09295996334399753, 0.9070400403392184, 0.0929599161037789, 0.10837890679101156]
w_opt: [0.5376281443324167, 0.09295995504628556, 0.5376281445875937, 5.634621736045989e-8, 0.09295991657148818, 9.31359624142905e-9, 0.4446681888570295, 1.7126473783991646e-9, 0.10837890443584598, 4.719533090385885e-9, 0.907040024997561, 2.175746483110619e-9, 0.09295991678506572, 1.265194848454673e-9, 0.9070400250707774, 1.1940843181040118e-9, 0.015418933952162976, 0.09295995498863883, 0.09295995114680318, 0.09295991576652086, 0.09295995497145337, 2.5760749809470375e-8, 1.4356107507256173e-9, 4.1849131384692035e-9, 5.536934226144275e-8, 3.110862748478466e-8, 0.09295995758909777, 0.9070400369459878, 5.2760933273506595e-9, 0.10837890528429223, 2.667160438422167e-9, 0.09295995809545594, 1.0166790077084227e-8, 1.8756700866136655e-9, 8.438454143931854e-10, 9.117162453155933e-10, 2.111486430741199e-9, 0.092959913842402, 2.5484836871014733e-8, 8.115349775147047e-9, 0.09295991461721233, 9.621075033062625e-10, 1.2772892027705273e-9, 0.10837890359247677, 0.0929599124584186]
v_opt: [0.008643021750249483, 0.09295991386950372]
solution time: 0.004847049713134766
McCormick lower bound: -3.889357547254508

