x_opt: [0.3193525821659623, 0.6806474190458144, 0.31935257797298244, 0.9506479213473386, 0.319352580320558, 0.319352555018204, 0.31935257821819796, 0.6806474199517444, 0.04935207928235868, 0.31935258117416365]
w_opt: [0.3193525818546058, 0.31935257781871734, 0.3193525820145574, 8.760661533935843e-9, 0.3193525547971983, 1.932628822597445e-9, 2.6695743099141617e-9, 1.3989954932623675e-10, 0.31935258083150453, 6.509045268458205e-10, 0.6806474188839166, 2.98746399849263e-10, 0.31935255489842346, 1.321743555213207e-10, 0.6806474188241066, 1.37634326803213e-10, 5.060872364056674e-10, 0.31935257784035687, 0.3193525772841968, 0.3193525546505637, 0.31935257778499276, 2.659457391372967e-9, 1.6593760815425922e-10, 3.56323746823527e-10, 0.2700005020111181, 0.2700004790344666, 0.3193525775433454, 0.6806474195094203, 1.0614130363225476e-9, 0.31935258091900903, 3.1626287824222373e-10, 0.319352577576961, 5.173410693529667e-10, 1.8473459389447842e-10, 1.1362364781796723e-10, 2.1050302034185664e-10, 3.271320200326461e-10, 0.04935207905853407, 2.950562537133116e-9, 6.738748589143606e-10, 0.0493520790477198, 1.5683518607322963e-10, 2.0296298835561144e-10, 0.3193525806330035, 0.0493520788570244]
v_opt: [0.10198607715617901, 0.04935207895241197]
solution time: 0.0055658817291259766
McCormick lower bound: -3.655822950081449

