x_opt: [0.5258927917269651, 0.8989186045263239, 0.10108004989773918, 0.8989199349446158, 0.10108017891685327, 0.10107999023553377, 0.10108006061434373, 0.8989198073925845, 0.10108004293071829, 0.10114091655625466]
w_opt: [0.5258927866851126, 0.10108004558554834, 0.5258927843218278, 1.065077180543563e-6, 0.1010799791594869, 7.933287796816963e-8, 0.424812629591961, 1.3360180127287796e-8, 0.10114088283932278, 1.738540554056513e-8, 0.8989185973998807, 2.0894351745720214e-8, 0.10107997877594485, 4.868748708091143e-9, 0.8989185991793273, 5.346505127690646e-9, 5.9530298301409745e-5, 0.1010800417571905, 0.10108000187663964, 0.10107995053195523, 0.1010800410807037, 3.9712770891584686e-7, 8.193450912286503e-9, 3.2101142968932625e-8, 1.4750033985303198e-7, 1.598439644117736e-7, 0.1010799922068297, 0.8989197101280189, 1.5130897396890868e-8, 0.10114090971663582, 1.7129670134446644e-8, 0.10107998709946832, 4.8574320360415766e-8, 1.5562753838572566e-8, 9.175703607734503e-9, 3.397530320517033e-9, 1.1643880007022072e-8, 0.10107997637413299, 1.644415918273685e-7, 3.581725084194211e-8, 0.10108003227858517, 3.867888512701535e-9, 1.8972486848299985e-8, 0.10114089492197897, 0.10108001915721856]
v_opt: [0.010217770681004925, 0.10108003342252515]
solution time: 0.00666499137878418
McCormick lower bound: -2.612590059019885

