x_opt: [0.6795478363794597, 0.9776812839702703, 7.560616492026793e-8, 0.9999999252980651, 0.022318715557112526, 7.469157972308868e-8, 0.02231871527639139, 0.9776812846970534, 7.46942990144104e-8, 0.25009785847651955]
w_opt: [0.6795478363288516, 7.556554319202302e-8, 0.6795478363342917, 2.6043689040350613e-9, 7.463411848854106e-8, 3.9422030946110573e-10, 0.6572291211737319, 6.665683473392487e-11, 0.2500978583821419, 1.254003733093844e-10, 0.9776812839249623, 9.189558976529253e-11, 7.463619886417468e-8, 4.574150054511735e-11, 0.9776812839288495, 4.078173730355936e-11, 0.22777914249013748, 7.55514384676816e-8, 7.546475952810315e-8, 7.45751949717125e-8, 7.556481841207288e-8, 4.519890543382119e-10, 5.5189638639361244e-11, 1.5559811343517253e-10, 0.022318640932909493, 1.0215606106482726e-9, 0.02231871500747643, 0.977681284568979, 1.648547968797012e-10, 0.2500978584235907, 9.849199447007257e-11, 0.022318715036403772, 3.4321962241857555e-10, 7.314469326869686e-11, 3.436482407254955e-11, 3.451444633757418e-11, 6.914496998745171e-11, 7.458714311938479e-8, 8.989321610317283e-10, 2.1561251855555767e-10, 7.463487527967977e-8, 3.594363158446407e-11, 4.8757231173943836e-11, 0.25009785834813225, 7.45441032679651e-8]
v_opt: [0.0004997818377458981, 7.461444946739564e-8]
solution time: 0.005615949630737305
McCormick lower bound: -2.8901563307602434

