x_opt: [0.5258473190311133, 0.8988883843462586, 0.10111161144127272, 0.8988883870335841, 0.10111161275442529, 0.10111161072561281, 0.10111161199068347, 0.898888386914782, 0.10111161193500746, 0.10111161817049445]
w_opt: [0.5258473189546126, 0.10111161137160271, 0.5258473188770724, 8.15736429166744e-9, 0.10111161057676019, 8.963129588170802e-10, 0.42473570609559197, 2.407742400046641e-10, 0.10111161786926132, 3.1815503813723134e-10, 0.8988883842240853, 2.0607426857961476e-10, 0.1011116105055149, 6.69910836191425e-11, 0.8988883842652744, 9.199264513718078e-11, 2.5917072345689104e-9, 0.10111161132878756, 0.10111161033931826, 0.10111161037171583, 0.10111161122180362, 3.872405706926111e-9, 1.2052178003957065e-10, 3.7622004013576303e-10, 2.891535310408039e-10, 2.3039912727456007e-9, 0.10111161136418385, 0.8988883861225488, 3.647903765745392e-10, 0.1011116180485761, 2.2389469901469594e-10, 0.10111161068700866, 2.206407693251026e-10, 1.8252530482526043e-10, 1.1538337278103084e-10, 5.510694204722388e-11, 1.5746075027377344e-10, 0.10111161052698901, 1.6824549398108025e-9, 4.5404294795753713e-10, 0.1011116117545226, 6.096838197295466e-11, 3.6178849220011095e-10, 0.10111161779125873, 0.10111161161348252]
v_opt: [0.010223565551734967, 0.10111161179138865]
solution time: 0.007508993148803711
McCormick lower bound: -2.981047369060265

