x_opt: [0.7474441698709654, 0.7776078282011893, 2.0033357191408866e-7, 0.9999940082989132, 0.2223920585037844, 3.4996537038477953e-7, 0.22239210000642337, 0.7776079297407273, 3.6322867319662314e-7, 0.7776078339129902]
w_opt: [0.7474441634360169, 1.95745873627407e-7, 0.74744416544773, 9.094408746309387e-6, 3.4458696384482673e-7, 6.947336355955417e-8, 0.5250521110771557, 6.2099653019714605e-9, 0.7474441601690746, 1.0706488570472865e-8, 0.7776078225486623, 1.888836444220856e-8, 3.4442835092238856e-7, 6.838842937759131e-9, 0.7776078221823417, 3.854550224414589e-9, 0.5552156693816823, 1.9034204207877781e-7, 1.8923267138890444e-7, 1.7655019860988755e-7, 1.9643267549408404e-7, 2.994973303920705e-8, 5.752658040014275e-9, 1.4858670510387704e-8, 0.22238607472201485, 5.617543127997225e-8, 0.22239202454984974, 0.7776079120706533, 8.398405253353782e-9, 0.7776078290453822, 1.0140877045993957e-8, 0.22239200418066973, 1.803190493287707e-8, 8.3449126902695e-9, 3.5556681043599604e-9, 4.411778703768933e-9, 7.244448441784373e-9, 3.419700757724528e-7, 6.531742770699155e-8, 4.67304845771538e-8, 3.5449578870244794e-7, 4.6579522259094565e-9, 4.5871868471997595e-9, 0.7776078184236059, 3.437148654806673e-7]
v_opt: [0.049458495862572276, 3.551783117355509e-7]
solution time: 0.00488591194152832
McCormick lower bound: -1.9776267865437323

