x_opt: [0.5258468081054674, 0.8988880108725932, 0.10111198500308465, 0.8988885895554389, 0.10111198645897877, 0.10111195087408005, 0.10111198537751774, 0.8988880153651232, 0.10111193784327116, 0.10111199020112606]
w_opt: [0.52584680741114, 0.10111198451043214, 0.5258468075111999, 8.811314646114516e-8, 0.10111195003315435, 5.3707559350465926e-9, 0.424734824782398, 6.781803527817173e-10, 0.1011119890650452, 3.337773877015899e-9, 0.8988880103474061, 1.0314664823791298e-9, 0.10111195032386307, 4.856263337534161e-10, 0.8988880103554352, 5.851422783908683e-10, 1.7988330549035157e-9, 0.10111198457418517, 0.10111198079484883, 0.10111194988835412, 0.1011119841213214, 1.613759676664068e-8, 6.223285435694369e-10, 1.5937313491759896e-9, 5.773656815580102e-7, 5.532835255274979e-7, 0.10111198314011768, 0.898888013867762, 5.286725926879172e-7, 0.10111198928832839, 1.2500701132422803e-9, 0.10111198239355439, 2.6171601031681904e-9, 7.716358819499429e-10, 4.41193192404797e-10, 4.677322548571908e-10, 1.0931382908705313e-9, 0.10111193694675846, 1.4758914092715048e-8, 5.0312059878061336e-9, 0.10111193717535018, 4.517876990079919e-10, 8.150086922620815e-10, 0.10111198831887219, 0.10111193614122727]
v_opt: [0.01022392884990788, 0.10111193677213876]
solution time: 0.004826068878173828
McCormick lower bound: -5.1494540951128185

