x_opt: [0.5023203679003251, 0.5023203743331405, 6.264468281481745e-8, 0.8525721906662571, 0.1724257241507367, 0.1474277897928884, 0.14742780087222504, 0.8275742716333425, 0.14742779930629107, 0.4976796304567219]
w_opt: [0.5023203662771443, 6.151692740677937e-8, 0.5023203654231536, 1.0175285991972808e-7, 0.14742778761489342, 1.7470337780826538e-8, 0.329894641898928, 3.184905194975875e-9, 0.497679625728952, 3.1602554383626303e-9, 0.5023203717274533, 4.630219427022127e-9, 0.14742778633033937, 1.1743048166556363e-9, 0.5023203726655378, 1.2321243819403285e-9, 6.426723490486111e-9, 5.948885368905255e-8, 5.740261366237651e-8, 5.558160924574505e-8, 6.060183337099459e-8, 1.0549979660863578e-8, 1.9380794735090854e-9, 4.95562584436851e-9, 0.024997917412618205, 2.2104671564458385e-8, 0.14742778357804312, 0.8275742665464233, 4.145102421927209e-9, 0.4976796287505106, 3.325136408670936e-9, 0.14742778771618537, 3.814148692744418e-9, 2.862330426153167e-9, 1.942421760902869e-9, 1.0168596126027154e-9, 1.8189503570006027e-9, 0.14742778792741823, 2.4373017862428285e-8, 4.5877564202249196e-9, 0.14742779566608538, 1.0594784555893513e-9, 2.4618080347368815e-9, 0.49767962413184963, 0.1474277931727145]
v_opt: [0.02173497595873352, 0.14742779703914793]
solution time: 0.004967212677001953
McCormick lower bound: -1.7175175356810393

