x_opt: [0.7429874677322865, 0.7907412709050227, 6.045031085570493e-8, 0.9999999227388198, 0.20925864872843064, 6.07044271729406e-8, 0.20925852514627719, 0.7907413862653621, 6.49294900180415e-8, 0.7429872817470167]
w_opt: [0.7429874671558051, 5.990763228158911e-8, 0.7429874671616458, 1.0253990167259083e-7, 5.99555824061221e-8, 4.689865067250933e-9, 0.5337288552101985, 8.187521659907199e-10, 0.7429872704721132, 1.449998826391703e-9, 0.7907412702774256, 1.7924556178039974e-9, 5.999397778057381e-8, 6.296650796647743e-10, 0.7907412702569996, 5.104391095845437e-10, 0.5337285533631169, 5.970204337116426e-8, 5.90023369303562e-8, 5.670202526323313e-8, 5.991895170283647e-8, 5.9068237593642905e-9, 6.529510533168927e-10, 1.7393562458292446e-9, 0.2092585724232034, 5.4396044049830426e-9, 0.2092585212920923, 0.7907413846077271, 1.4304663416391752e-9, 0.7429872811012034, 1.2676945294896229e-9, 0.20925852370894601, 3.577327538383836e-8, 9.504832267396262e-10, 4.3512635584205903e-10, 4.797217997804289e-10, 8.735955537174533e-10, 6.009536969508466e-8, 5.8324722364268675e-9, 6.60452762886106e-10, 6.411684463362348e-8, 4.983547319994633e-10, 6.454219234260104e-10, 0.742987280732575, 6.297293864088795e-8]
v_opt: [0.04378934076528564, 6.402665184792228e-8]
solution time: 0.0069849491119384766
McCormick lower bound: -2.461114241181205

