x_opt: [0.3622555155439331, 0.637744906077651, 0.22390322738554283, 0.7760981514638987, 0.36225497168726756, 0.22390322035987464, 0.2239032267719851, 0.6377451696247697, 0.22390292156777608, 0.3622550733284673]
w_opt: [0.36225550438016696, 0.22390322034492474, 0.36225550775464904, 1.0294710030612966e-5, 0.22390320804211242, 7.26071054053557e-7, 1.0382976767733397e-6, 6.480320717654632e-9, 0.36225501427906576, 1.2191303897054022e-8, 0.6377448980801128, 2.6272497503947905e-8, 0.22390321438823269, 4.850181315943887e-9, 0.6377448904332804, 5.090914862530085e-9, 1.956018555458178e-8, 0.22390322080533506, 0.22390320736965597, 0.22390317315174751, 0.22390321734080543, 3.0955492279962295e-8, 7.60290386825386e-9, 1.8993700331940104e-8, 0.13835313235027652, 1.7867867291644938e-6, 0.2239031726742652, 0.6377451565468366, 1.1809046318123702e-6, 0.3622550623396481, 1.688629676397803e-8, 0.2239032022543135, 1.6572894824146573e-7, 9.68120399279227e-9, 8.278547265545877e-9, 8.29804491965468e-9, 8.772083314783573e-9, 0.22390290096626445, 1.9877344530829525e-7, 3.277100101875e-8, 0.22390290719341588, 5.930405057475091e-9, 8.283924091103594e-9, 0.36225504425860444, 0.22390290895638115]
v_opt: [0.05013278684150941, 0.2239029081002065]
solution time: 0.004400014877319336
McCormick lower bound: -2.4893982353253064

