x_opt: [0.5258464703842296, 0.8988873079056557, 0.10111264301675664, 0.8988883743892825, 0.10111268751296079, 0.10111207957626547, 0.10111268286106691, 0.8988873168837251, 0.10111208028358176, 0.10111269335372655]
w_opt: [0.5258464701483209, 0.10111264283414063, 0.5258464701124276, 7.841687644996468e-7, 0.1011120792281694, 3.5548056052305727e-9, 0.42473378789778016, 3.2932568113376593e-10, 0.10111269264736189, 1.7140549368391609e-9, 0.8988873076794909, 8.827339611405735e-10, 0.10111207928012418, 2.145456597827844e-10, 0.8988873077513274, 2.3612208849888454e-10, 1.7556361177655672e-9, 0.10111264282377287, 0.1011126353328371, 0.10111207885621604, 0.1011126422563196, 7.502917559570533e-9, 2.6309784101299303e-10, 9.36615232967846e-10, 1.06270941069124e-6, 5.026623872747668e-7, 0.1011126814890109, 0.8988873164299617, 4.587589565925067e-7, 0.10111269298394893, 5.851741236821338e-10, 0.10111267203639154, 4.7112456206097746e-9, 3.63813819482988e-10, 2.255504224959316e-10, 1.6032442863042197e-10, 5.175113591349069e-10, 0.1011120787353243, 4.0806292035573745e-8, 4.649450732626902e-9, 0.10111207995010184, 1.6869556974782981e-10, 5.177801023196753e-10, 0.10111269194673594, 0.10111207928670385]
v_opt: [0.010224000903614397, 0.10111207989822296]
solution time: 0.0052280426025390625
McCormick lower bound: -4.217041240604442

