x_opt: [0.5258469323585957, 0.8988881093687912, 0.10111187357771506, 0.8988885316604063, 0.10111189059157717, 0.10111187190837817, 0.10111187392508944, 0.8988881094640645, 0.10111187187598053, 0.10111189058983586]
w_opt: [0.5258469322859507, 0.1011118735531116, 0.525846932299336, 1.5488638693129732e-9, 0.10111187186179857, 3.255289290093261e-10, 0.4247350418207048, 3.366274563466693e-11, 0.10111189052845292, 8.233355939772959e-11, 0.8988881093337676, 7.023692801719568e-11, 0.10111187187796661, 1.941754991419983e-11, 0.8988881093305736, 2.4637252953325936e-11, 3.3830608752549705e-11, 0.10111187354963869, 0.10111187346062707, 0.10111187184353469, 0.10111187354551417, 2.655763529124007e-10, 3.1180501061759154e-11, 7.14876022010972e-11, 4.2231336640839075e-7, 4.0384955992809246e-7, 0.10111187379370394, 0.8988881093880977, 4.036048666923295e-7, 0.10111189054672937, 5.911917433023707e-11, 0.10111187383294082, 1.0131901371105085e-10, 3.78534326724907e-11, 2.809601515124591e-11, 2.4488284148865784e-11, 4.0553679348587496e-11, 0.10111187182288263, 4.408684515235069e-10, 9.613166381174681e-11, 0.10111187184038534, 2.2124061891297406e-11, 4.925564529684269e-11, 0.10111189046845828, 0.1011118718152929]
v_opt: [0.010223800455418465, 0.10111187182832483]
solution time: 0.006402015686035156
McCormick lower bound: -3.0755820235605507

