x_opt: [0.36225566471218484, 0.6377443358051477, 0.2239031232922914, 0.7760969408249033, 0.36225566410074, 0.22390312301914503, 0.2239031232879726, 0.6377443364931493, 0.2239031224206766, 0.3622556641002723]
w_opt: [0.3622556646768238, 0.22390312326108716, 0.36225566468385856, 2.1036294227570686e-8, 0.2239031229590279, 2.1381729915591392e-9, 3.0161087430471593e-9, 2.407089043911083e-11, 0.3622556640248191, 4.8529620806687626e-11, 0.6377443357764221, 1.1050915051940822e-10, 0.2239031229989535, 1.4447946071425472e-11, 0.6377443357367863, 1.7047655456346916e-11, 4.2803157194295915e-11, 0.22390312327290637, 0.22390312324297015, 0.2239031229429844, 0.22390312325383663, 8.283836635196317e-11, 2.5594543718683575e-11, 7.640794659271103e-11, 0.13835260496693844, 6.408551274058368e-8, 0.22390312316605307, 0.6377443364269803, 6.349796957454758e-8, 0.36225566405356974, 7.672088965515353e-11, 0.22390312331921525, 7.057564679021331e-10, 4.2940120601553427e-11, 3.975272191839822e-11, 2.3013030008733332e-11, 2.865374769048966e-11, 0.22390312229642315, 1.8724520068388947e-9, 1.6045281179007148e-10, 0.22390312238055365, 1.7674951239982128e-11, 4.273055211000052e-11, 0.3622556639675131, 0.22390312236974777]
v_opt: [0.05013261077653005, 0.22390312237701954]
solution time: 0.008373022079467773
McCormick lower bound: -2.7329227610120794

