x_opt: [0.36225568772955274, 0.6377442516590919, 0.22390309304778372, 0.776096937035484, 0.3622556457720541, 0.22390310008174866, 0.22390309342157444, 0.6377443631530334, 0.22390309355656254, 0.36225573841783765]
w_opt: [0.36225568550342524, 0.22390309167713704, 0.36225568549874554, 8.869215205673139e-7, 0.22390309699455302, 1.4561859931081594e-7, 1.308855547786687e-7, 1.7385001637149443e-9, 0.3622555948491779, 3.395413610766832e-9, 0.6377442492479763, 1.2966415439423972e-8, 0.22390309844222817, 9.597278404257782e-10, 0.6377442439234009, 1.0727707365548223e-9, 3.043250956089898e-9, 0.22390309126183142, 0.22390308760042582, 0.2239030790917685, 0.22390309040383063, 9.63087953193264e-9, 1.673584114913094e-9, 3.9956602469143945e-9, 0.1383525858067679, 6.473619978254781e-8, 0.22390307361876616, 0.6377443591387763, 3.375475016986565e-8, 0.3622557359325512, 3.959290079213432e-9, 0.22390308702094577, 1.3575901248318455e-8, 2.3255610577219265e-9, 2.7497070057010122e-9, 1.5062845577234227e-9, 1.8290016943172013e-9, 0.2239030899859898, 3.241881503119258e-8, 6.743360441974253e-9, 0.22390309147581156, 1.1848053715335333e-9, 2.8888773584020573e-9, 0.36225572117540666, 0.22390308909698137]
v_opt: [0.05013260262854824, 0.22390309108469783]
solution time: 0.0044939517974853516
McCormick lower bound: -1.8680217446618517

