x_opt: [0.6760039074894916, 0.9881246486651225, 2.6235631953252397e-8, 0.999999998376328, 0.01187535130894019, 1.6464970296383875e-9, 0.011875351169086643, 0.9881246489157769, 1.6371338600684206e-9, 0.2225629185387714]
w_opt: [0.676003907472104, 2.6220661732025297e-8, 0.6760039074755642, 7.924307117302761e-10, 1.6272891515671042e-9, 1.1801640093068579e-10, 0.6641285564426231, 2.3615162015356198e-11, 0.22256291850785895, 4.92486565228874e-11, 0.9881246486516084, 3.706184897069868e-11, 1.628312989452564e-9, 1.8207393808525695e-11, 0.9881246486524643, 1.5128678926358796e-11, 0.21068756721869758, 2.621893979984352e-8, 2.618777738894237e-8, 1.6164465057394798e-9, 2.622242380246883e-8, 1.802544965511439e-10, 1.909586438946621e-11, 5.97823336691993e-11, 0.011875349711779289, 3.389738687806359e-10, 0.011875351090990355, 0.988124648874684, 6.302999980399287e-11, 0.22256291852057178, 3.4455935541141236e-11, 0.011875351106467598, 2.5333301666882353e-10, 2.557055588242763e-11, 1.0662658160344633e-11, 1.1492621174245245e-11, 2.5935531358090935e-11, 1.6040713195719372e-9, 2.8325593147812375e-10, 1.3347071018410023e-10, 1.6180689144293639e-9, 1.2581523241979543e-11, 1.4987253416660855e-11, 0.22256291849936785, 1.5882807083194675e-9]
v_opt: [0.00014140547473927696, 1.6091744462419116e-9]
solution time: 0.005190134048461914
McCormick lower bound: -3.659145094065569

