x_opt: [0.5258459709282383, 0.8988858676007809, 0.1011125850819926, 0.8988873976970109, 0.10111378024874954, 0.10111258618912636, 0.10111259788945758, 0.8988862227050406, 0.1011125961670157, 0.1011141450949266]
w_opt: [0.5258459699607473, 0.10111258432807942, 0.5258459693337519, 2.655831165605357e-7, 0.10111258437151228, 3.271637439302331e-8, 0.4247321965054669, 1.6863899911504028e-9, 0.10111414249609431, 2.4941350605282687e-9, 0.8988858659788868, 2.411529006070653e-9, 0.1011125844933228, 7.319614716718455e-10, 0.8988858664537024, 8.426709741895039e-10, 1.3877713343001259e-8, 0.10111258363846602, 0.10111258048575225, 0.10111257743720867, 0.10111258345314778, 1.4256728736643126e-8, 1.3137805057582414e-9, 3.339238909036994e-9, 1.1803905078010485e-6, 4.895546567704063e-8, 0.10111258251474216, 0.8988862185392835, 5.03922014170091e-9, 0.1011141437604906, 2.4175981246231235e-9, 0.10111259062141825, 8.229444479356548e-9, 1.9240610420278897e-9, 1.3725658768770733e-9, 7.461433664464126e-10, 1.3540939525405821e-9, 0.10111258459158658, 3.569803545297046e-8, 4.312771427211506e-9, 0.10111259364636097, 7.387620767931992e-10, 2.098975220867904e-9, 0.10111414040463329, 0.10111259238182425]
v_opt: [0.010223982031243419, 0.1011125944960593]
solution time: 0.005334138870239258
McCormick lower bound: -2.0605960363232843

