x_opt: [0.5138966964128676, 0.8744231564196705, 0.11246059505613752, 0.8875395075781293, 0.12557683078544982, 0.11246050382886394, 0.1255757105177838, 0.8744231732072111, 0.112460501205736, 0.12557684699073246]
w_opt: [0.5138966944814357, 0.11246059371400645, 0.5138966947258713, 8.566683376440335e-8, 0.11246050172379916, 1.631723198392548e-8, 0.3883198729174763, 1.9059113125151208e-9, 0.1255768437980389, 4.264670056225888e-9, 0.8744231546642426, 3.2766523289790652e-9, 0.11246050214938613, 1.297264006739027e-9, 0.8744231546948953, 1.3370425241067324e-9, 5.478004687519073e-9, 0.11246059333026887, 0.11246058990131697, 0.11246050002869216, 0.11246059354925157, 1.4371801190177383e-8, 1.7987424340685178e-9, 4.378089545638858e-9, 0.013116341284937777, 4.3734723406691185e-8, 0.12557570193501474, 0.8744231686646036, 1.2673026120725792e-8, 0.1255768449640044, 3.250749581127173e-9, 0.12557570484988415, 6.855770702712858e-9, 2.2231284435289643e-9, 1.288776215430423e-9, 1.3660493290808824e-9, 2.328656217502381e-9, 0.11246049832478973, 2.8088552967219587e-8, 4.469552683374088e-9, 0.11246049904574376, 1.2820949891375618e-9, 1.9928395570799656e-9, 0.12557684177368245, 0.1124604963426135]
v_opt: [0.015770785877343412, 0.11246049843981419]
solution time: 0.004921913146972656
McCormick lower bound: -2.675264531715266

