x_opt: [0.5157037196852342, 0.892089619752529, 0.10791038017446265, 0.9033541481141248, 0.10791038023915675, 0.10791038009527064, 0.1079103801808745, 0.8920896197756871, 0.10791038008118965, 0.10791038024195751]
w_opt: [0.5157037196788207, 0.10791038016933502, 0.5157037196795912, 3.1217595829503543e-10, 0.10791038008507617, 6.359696626105514e-11, 0.40779333947406265, 7.365994979447035e-12, 0.10791038022877285, 2.672992980021796e-11, 0.8920896197458329, 1.3026687429119601e-11, 0.10791038008895891, 4.5013381490982916e-12, 0.8920896197453875, 6.095306892860435e-12, 7.592788438971623e-12, 0.10791038016956017, 0.10791038013856753, 0.10791038008278997, 0.10791038016320423, 1.0375415238009543e-10, 6.790246315169084e-12, 1.59829632215179e-11, 0.01126452836885936, 0.01126452828766806, 0.10791038015626454, 0.8920896197595182, 0.011264528208206425, 0.10791038023093465, 1.3470496754774115e-11, 0.1079103801602155, 2.3408147474497498e-11, 8.20250783373169e-12, 5.818348400763309e-12, 5.363047495020217e-12, 1.0341728519220807e-11, 0.10791038006846529, 1.0011597127574112e-10, 2.8661092549207154e-11, 0.10791038007324504, 4.925034185727346e-12, 1.1304818148800517e-11, 0.10791038021639919, 0.10791038006359738]
v_opt: [0.011644660680447533, 0.10791038006939217]
solution time: 0.007955074310302734
McCormick lower bound: -4.434695266528403

