x_opt: [0.36730758598282304, 0.6326924140303726, 0.22590179637806174, 0.7740982108594713, 0.3673075855980378, 0.22590178961568141, 0.2578273365638186, 0.632692414426234, 0.22590178918688875, 0.3673075859768851]
w_opt: [0.36730758597870405, 0.2259017963762682, 0.3673075859808909, 1.69330011754712e-10, 0.2259017896135692, 3.2904661266029124e-11, 4.2273460775812166e-10, 1.9703557671330633e-12, 0.36730758596987395, 4.678645556901923e-12, 0.6326924140279905, 5.063283445647841e-12, 0.2259017896141547, 1.9191056292596326e-12, 0.6326924140270844, 1.6307153489710643e-12, 1.3732224131346619e-11, 0.2259017963756604, 0.2259017963722615, 0.22590178961123078, 0.22590179637655844, 1.6856781492700778e-11, 2.3257444609994963e-12, 5.1222320676284e-12, 0.14140579646181922, 5.569808328565306e-10, 0.2578273365506076, 0.6326924144198016, 5.521579000640962e-11, 0.367307585974145, 4.14341262146072e-12, 0.25782733655349627, 2.8993178275356155e-11, 2.704624272001059e-12, 1.5574489633457786e-12, 2.6363046486313403e-12, 3.1622014462625343e-12, 0.22590178918458284, 3.812490984533379e-11, 6.644239866525885e-12, 0.22590178918393977, 2.0571122487122502e-12, 2.4625916783215127e-12, 0.36730758596980695, 0.22590178918199413]
v_opt: [0.0664749589722608, 0.22590178918298037]
solution time: 0.005851030349731445
McCormick lower bound: -2.2012606854003467

