x_opt: [0.5258456912029978, 0.8988855022085558, 0.10111402412685289, 0.8988881967114598, 0.1011142263663142, 0.10111236243290819, 0.10111403254974062, 0.8988859415374582, 0.10111236076400075, 0.10111475564792806]
w_opt: [0.5258456778215446, 0.10111401316115341, 0.5258456770493454, 5.477534637297258e-6, 0.10111234237621469, 1.3105710377581043e-7, 0.42473166156661496, 2.399075793313759e-8, 0.10111464000878921, 1.5287858428701296e-7, 0.8988854891888772, 2.2044048605741925e-8, 0.10111234664811304, 1.8961475681601334e-8, 0.8988854910766118, 1.723101739924346e-8, 2.738941049755014e-7, 0.10111401374586941, 0.10111379459424544, 0.1011123341102069, 0.10111399351657355, 3.32368663262088e-7, 1.7121601743939424e-8, 5.698391779037157e-8, 2.4741645287767284e-6, 1.941467300680262e-6, 0.10111394084581792, 0.8988858909893827, 1.3180018218773284e-6, 0.10111473471612141, 3.9873635321310517e-8, 0.10111383391437997, 1.9100967613084658e-7, 2.5819538937244253e-8, 1.2202841572127027e-8, 9.886966282823927e-9, 4.2936208102737574e-8, 0.10111224949398445, 6.912700185272695e-7, 5.7013658392868956e-8, 0.10111234574030335, 1.0205588260510667e-8, 3.479592268715537e-8, 0.10111470898527689, 0.10111230723566222]
v_opt: [0.010224552059226658, 0.10111233430682273]
solution time: 0.004839897155761719
McCormick lower bound: -5.057230996726071

