x_opt: [0.4677282319239143, 0.7939566797143803, 0.20604314535877932, 0.8760211252473812, 0.20604328582344258, 0.12397903802843992, 0.20604319632176565, 0.7939567690498222, 0.12397893733009216, 0.2060433645823045]
w_opt: [0.4677282189443861, 0.20604313655136064, 0.46772822331145564, 4.557909712840672e-7, 0.12397902584130532, 8.326755016012664e-8, 0.26168502475329125, 1.0655940223395815e-8, 0.20604334761882712, 3.564732402259197e-8, 0.7939566711434108, 1.8156203873017684e-8, 0.12397902932564724, 9.129038633931112e-9, 0.7939566707638903, 8.676463566414416e-9, 5.534630948506642e-8, 0.2060431368220047, 0.2060431103986147, 0.123979021038123, 0.20604313633776944, 1.5309479195777162e-7, 1.0577617906526574e-8, 2.685401367423336e-8, 0.08206442899684142, 3.57259676703348e-7, 0.2060431543585441, 0.7939567437964957, 8.388060722872834e-8, 0.20604335192280096, 1.9812780867099518e-8, 0.2060431632715695, 6.919100868777307e-8, 1.2853892041774708e-8, 6.486327929789407e-9, 8.572837393499741e-9, 1.6173472844393553e-8, 0.12397892377069596, 1.9027230615444018e-7, 3.691430214416778e-8, 0.12397892513935324, 8.145029521753631e-9, 1.0207664513313116e-8, 0.20604333793174356, 0.12397891030628239]
v_opt: [0.04245619241567575, 0.12397891910817033]
solution time: 0.0045909881591796875
McCormick lower bound: -3.763038372609941

