x_opt: [0.5258473161632423, 0.8988883789037789, 0.10111161598063007, 0.898888383107076, 0.10111161820949643, 0.10111161259055569, 0.10111161576120965, 0.8988883815814259, 0.10111161224662199, 0.10111162127083484]
w_opt: [0.5258473159135785, 0.10111161580083126, 0.5258473158876867, 6.112874215177095e-8, 0.10111161218174518, 4.048236559060532e-9, 0.42473569821483387, 4.1512291561085217e-10, 0.10111161820129236, 1.8558451120100029e-9, 0.8988883785872891, 1.108918978876809e-9, 0.10111161231883037, 2.163465474441812e-10, 0.898888378635125, 3.0481359463267173e-10, 1.3008033854046691e-9, 0.10111161578331704, 0.10111161392283186, 0.10111161147944298, 0.10111161542924921, 9.84605779156329e-9, 2.719190477481552e-10, 1.0059596309404555e-9, 2.644913713922524e-9, 1.122195894822694e-8, 0.10111161396049358, 0.8988883795870714, 6.812223504425971e-9, 0.10111162089841078, 8.065094903810237e-10, 0.10111161299658526, 7.604391865377969e-10, 5.018101582498676e-10, 3.4004698789236563e-10, 1.8766266027239266e-10, 5.633221983605776e-10, 0.10111161106277439, 4.455582829743247e-9, 3.772876398307652e-9, 0.10111161186248589, 2.1989716214591062e-10, 8.333947110802861e-10, 0.1011116200479786, 0.10111161041419922]
v_opt: [0.010223710288824114, 0.10111161183667568]
solution time: 0.00751495361328125
McCormick lower bound: -3.5095397432128124

