x_opt: [0.2961817927069866, 0.7449542999466183, 0.25504545554380204, 0.9999992394001911, 0.25504569341008926, 0.25504543289538945, 0.2550454567553067, 0.7449543120932252, 0.2550454200570429, 0.2550456917969618]
w_opt: [0.29618178734824663, 0.2550454523491405, 0.296181787668382, 2.1673884002476073e-7, 0.2550454264577853, 4.950831937503349e-8, 0.04113611299954578, 4.1600358985869724e-9, 0.2550456836541137, 1.2925791335852457e-8, 0.7449542952200822, 8.8215834504487e-9, 0.2550454291461628, 2.6756179001807746e-9, 0.7449542941840461, 3.5187777107409305e-9, 4.485841691221617e-9, 0.2550454523245099, 0.25504543828154735, 0.25504542274599723, 0.25504544731320744, 3.9742542384991265e-8, 4.2161229772109084e-9, 9.159588879857325e-9, 0.2550449421323165, 0.2550447179646635, 0.25504544055344075, 0.7449543015597448, 0.25504466763406736, 0.2550456848486651, 8.202222607609338e-9, 0.255045444842515, 1.139977066029778e-8, 4.90906654540013e-9, 3.849014580620407e-9, 3.9294767796862455e-9, 6.089357518602136e-9, 0.2550454127728717, 6.119589246555627e-8, 1.5094374152988546e-8, 0.2550454143788191, 3.2853411627945564e-9, 7.54491896091507e-9, 0.25504567358502384, 0.2550454091907336]
v_opt: [0.06504820476836184, 0.2550454128453121]
solution time: 0.005154848098754883
McCormick lower bound: -3.530860419956681

