x_opt: [0.4018585870756222, 0.6750315626823842, 0.32496842406561643, 0.8501042492344683, 0.32496843435024303, 0.14989575536306732, 0.32496842702774775, 0.6750315670102189, 0.14989575203525288, 0.3249684419213781]
w_opt: [0.40185858664156193, 0.32496842378232943, 0.40185858679910047, 1.5483682907139245e-8, 0.14989575498185795, 2.905938540035755e-9, 0.07689015484543153, 3.314479704561413e-10, 0.3249684413773076, 9.689770246429243e-10, 0.6750315623892326, 5.472206431630378e-10, 0.14989575508474892, 2.878659278246395e-10, 0.6750315623721751, 2.6524389258279657e-10, 4.947570214846652e-9, 0.3249684237608498, 0.3249684230820661, 0.1498957547555303, 0.3249684237925824, 4.07807408810156e-9, 3.4134381151237215e-10, 8.382320116990521e-10, 0.17507268413977448, 1.1081823854212835e-8, 0.3249684255377923, 0.6750315661534199, 2.001666224158852e-9, 0.32496844153277865, 6.225772457902133e-10, 0.3249684259979826, 1.8568536848087844e-9, 4.107080386619345e-10, 2.1034628871362622e-10, 2.915468761377482e-10, 5.045640024620834e-10, 0.1498957516132161, 6.079795619883602e-9, 8.581590831955905e-10, 0.14989575160746144, 2.682582314898121e-10, 3.277216389167355e-10, 0.3249684410506063, 0.14989575112491008]
v_opt: [0.10560448635772117, 0.1498957514563479]
solution time: 0.005383968353271484
McCormick lower bound: -3.116628110281152

