x_opt: [0.3193545519451444, 0.6806490146174172, 0.31935076870486107, 0.9506471104077152, 0.3193508571858919, 0.3193498426588526, 0.3193507707574213, 0.6806491409774496, 0.04935344839874745, 0.3193510884027478]
w_opt: [0.31935454568240734, 0.3193507639950306, 0.3193545489885408, 4.779353593928608e-7, 0.31934983566519004, 5.722363495906325e-8, 3.725996623848521e-6, 3.236655580443181e-9, 0.31935107389823836, 2.241224521477986e-8, 0.6806490116342075, 7.853034494591275e-9, 0.31934984008429457, 3.9162136032543225e-9, 0.6806490109466289, 3.141295087834087e-9, 1.0996773991098116e-7, 0.31935076617907454, 0.3193507346629906, 0.3193498320300065, 0.3193507612425605, 1.4245190094282763e-7, 4.062350341133228e-9, 1.0440616468312755e-8, 0.2699979771305726, 0.2699970035418175, 0.31935075047277695, 0.6806491281395632, 5.901479162589526e-7, 0.31935108240665466, 1.0321304433782958e-8, 0.31935072104272033, 7.675499990676399e-9, 5.777576043906202e-9, 2.26004151609356e-9, 3.3306453876070953e-9, 2.2902108103952592e-8, 0.049353437987944775, 1.1096093974741441e-7, 7.046426981268183e-8, 0.04935344376194677, 2.912463438320312e-9, 5.410480067490991e-9, 0.31935107430724846, 0.049353433654678716]
v_opt: [0.10198502181252508, 0.0493534390865133]
solution time: 0.006337881088256836
McCormick lower bound: -4.509313215658685

