x_opt: [0.5258473148226527, 0.8988883834676297, 0.10111161582881627, 0.8988883896934016, 0.10111161563295717, 0.10111161429062006, 0.10111161611359118, 0.8988883856042019, 0.10111161265718156, 0.10111161839958437]
w_opt: [0.5258473147831597, 0.10111161580329206, 0.5258473147904708, 1.6318252158179898e-8, 0.10111161424824092, 5.180676293527159e-10, 0.4247357005616059, 4.5184341707214697e-11, 0.10111161748129417, 2.4049682250941787e-10, 0.8988883834371939, 8.629275870480019e-11, 0.1011116142563842, 6.771008867695248e-11, 0.8988883834411358, 3.4103845672064997e-11, 2.020518525688169e-9, 0.10111161580043018, 0.10111161546507477, 0.10111161422397719, 0.10111161578417664, 2.5120873720523276e-9, 4.1097280870905456e-11, 1.1720697050948597e-10, 5.421979748253008e-9, 5.2645100120333575e-9, 0.10111161586144922, 0.8988883854595245, 2.7159376480911584e-9, 0.1011116183468462, 8.472050271468998e-11, 0.10111161544601943, 1.2946765099116657e-9, 5.84154029498283e-11, 2.3570004114130172e-11, 2.6404654112055927e-11, 6.39046157683281e-11, 0.10111161252478615, 2.596970073957415e-9, 1.8605185681774896e-9, 0.10111161262000552, 2.6997617453446477e-11, 3.59529345057658e-11, 0.10111161829125313, 0.10111161255245303]
v_opt: [0.01022356895699728, 0.10111161258372847]
solution time: 0.004706144332885742
McCormick lower bound: -4.815704495005558

