x_opt: [0.36072708445109675, 0.3797944198115589, 0.19683096494823102, 0.8031686324753324, 0.36072699181534096, 0.19683134483809347, 0.19683133972743103, 0.6392729395932352, 0.1968313414746422, 0.6202055765681602]
w_opt: [0.3607270807935469, 0.19683096320332907, 0.36072708156049405, 1.7925422758126726e-7, 0.19683134174959185, 7.14114971184177e-8, 2.9691464102171086e-8, 1.9675604074645774e-9, 0.3607270799585361, 4.696273245823191e-9, 0.3797944151488991, 6.602007435379217e-9, 0.1968313428216147, 1.570370221345365e-9, 0.3797944145929911, 1.529722023330866e-9, 4.228491651755203e-9, 0.19683096170668088, 0.1968309578981487, 0.19683095497887543, 0.1968309624982936, 1.4875008600544436e-8, 2.3585822517497135e-9, 4.423454009951094e-9, 0.163895628573793, 3.647970861328094e-8, 0.1968313228468147, 0.6392729315010989, 4.380693113604856e-9, 0.6202055735564352, 4.055515240645893e-9, 0.19683132524699495, 2.5397155661871365e-9, 2.614196310770144e-9, 2.3616266456641368e-9, 3.167671983542236e-9, 2.863690607411243e-9, 0.19683133751663304, 3.233861393650142e-8, 8.83318071532049e-9, 0.19683133118524157, 2.0447219539044407e-9, 4.309872117374827e-9, 0.6202055640938983, 0.1968313342048577]
v_opt: [0.038744086137357615, 0.19683133772478237]
solution time: 0.004511117935180664
McCormick lower bound: -1.2504145810934515

