x_opt: [0.36878280499937144, 0.6312172031025847, 0.30447712724754245, 0.8099345640554716, 0.3687827968077463, 0.19006550545652864, 0.30447712724808346, 0.6312172032217657, 0.190065439619737, 0.36878279693384813]
w_opt: [0.36878280498146615, 0.3044771272388016, 0.368782804988994, 3.83207913462334e-10, 0.1900655054411298, 1.6823475816194642e-10, 8.235734588517654e-9, 1.0025691177475727e-11, 0.36878279691431004, 2.011298617329801e-11, 0.6312172030910855, 2.853260028296164e-11, 0.19006550544778902, 8.189031249479032e-12, 0.6312172030884494, 8.747250522805183e-12, 5.6429287722563657e-11, 0.3044771272379807, 0.3044771272199952, 0.1900655054329862, 0.30447712723120723, 9.780812343787346e-12, 1.1115821205967553e-11, 2.680855123676094e-11, 0.17871736088524426, 6.964752042103948e-8, 0.3044771271861896, 0.6312172031900838, 3.7021440575485916e-9, 0.36878279691775084, 2.394607085389914e-11, 0.30447712721495984, 4.8418688479959134e-11, 1.3901135608920233e-11, 7.992912431175666e-12, 1.2079538922611978e-11, 1.7034379323189617e-11, 0.19006543960366465, 2.585749981522996e-10, 2.803992316694896e-11, 0.19006543960460792, 9.511282241739093e-12, 1.4462896108612833e-11, 0.3687827968929101, 0.1900654395885433]
v_opt: [0.09270633008780349, 0.19006543959884095]
solution time: 0.00498509407043457
McCormick lower bound: -2.945520849080814

