x_opt: [0.3193574021490152, 0.6806495776137611, 0.3193499608993843, 0.9506511249616476, 0.3193500568627492, 0.3193487624358754, 0.31934997790895164, 0.6806499771234431, 0.04934891626763807, 0.31935730768311416]
w_opt: [0.3193573889009191, 0.3193499518081002, 0.3193573961069921, 1.7323225107002235e-6, 0.31934875171567473, 1.0675414179532578e-7, 7.411638823284962e-6, 7.1553484490096824e-9, 0.3193572870130976, 2.8501727379171587e-8, 0.6806495709575686, 1.6397032259777165e-8, 0.31934875668282175, 7.504183663442435e-9, 0.6806495696338775, 6.386414053116332e-9, 6.894054071883139e-6, 0.31934995416124295, 0.3193499316077086, 0.319348746163433, 0.3193499538472371, 2.9686656452437344e-7, 7.911284854788138e-9, 1.9509172303139018e-8, 0.2700011970254789, 0.2699999927656498, 0.31934993865886946, 0.6806499572260742, 6.626896922128915e-8, 0.31935729767559184, 1.6641106588865998e-8, 0.31934995148740336, 4.804892843510625e-8, 1.0302124764362381e-8, 4.551099978756246e-9, 8.869832643729501e-9, 1.4364148060678465e-8, 0.04934890405409055, 3.932445128417377e-7, 2.624213480660175e-8, 0.04934890499043588, 7.1364894703923545e-9, 7.789750684743538e-9, 0.3193572867785128, 0.0493488941273728]
v_opt: [0.1019881764544734, 0.04934890009413183]
solution time: 0.00595402717590332
McCormick lower bound: -3.3623664634720374

