x_opt: [0.3897909813266397, 0.8076963419580704, 0.1923036572860439, 0.9587877554144139, 0.1923036579605498, 0.19230365668002833, 0.19230365733786345, 0.8076963421521091, 0.19230365644809658, 0.1923036579905605]
w_opt: [0.3897909812549204, 0.19230365724047413, 0.38979098126014977, 2.7837965442409907e-9, 0.19230365659159326, 5.848011472618868e-10, 0.19748732359713336, 6.106465791810166e-11, 0.19230365787876202, 2.2855147892633236e-10, 0.8076963418991557, 1.1931340569435758e-10, 0.19230365662721305, 3.8912952595092986e-11, 0.8076963418909064, 5.307782574202828e-11, 7.035024169917632e-11, 0.19230365724334433, 0.19230365698611038, 0.1923036565692726, 0.1923036571877047, 8.896997409012774e-10, 5.929881004799784e-11, 1.3611229394917027e-10, 0.15109141350594796, 0.15109141280895058, 0.19230365711200137, 0.8076963420098272, 0.15109141197648165, 0.19230365789344236, 1.1724632372783246e-10, 0.1923036571470679, 1.9047038881780996e-10, 7.033402774334052e-11, 4.9665802976513275e-11, 5.069832746346145e-11, 9.450694925749888e-11, 0.1923036563511225, 8.92887957469838e-10, 2.350857751256394e-10, 0.19230365637806293, 4.500096003355281e-11, 9.790708847601794e-11, 0.1923036577673383, 0.19230365629435367]
v_opt: [0.03698069733772597, 0.19230365634578628]
solution time: 0.0048520565032958984
McCormick lower bound: -4.3342398740677766

