x_opt: [0.5258463614062215, 0.8988866489326585, 0.10111331137151841, 0.8988880147692968, 0.10111333441780582, 0.10111200071545533, 0.10111332606747292, 0.8988866817530861, 0.10111199456011284, 0.10111335238995511]
w_opt: [0.5258463571592152, 0.10111330795496873, 0.5258463574982561, 2.3794319535850073e-7, 0.10111199543435943, 3.043421484727168e-8, 0.42473305181762466, 5.602010837561302e-9, 0.10111334312817849, 1.702810984957374e-8, 0.8988866453937606, 7.317737268338117e-9, 0.10111199631117439, 3.657165052193979e-9, 0.8988866456899869, 3.921234586743932e-9, 5.0185978653919305e-9, 0.10111330789546878, 0.10111329210067521, 0.10111199344963116, 0.10111330709588567, 8.983141378764609e-8, 4.525346891462029e-9, 1.2979350618852726e-8, 1.3573853029846345e-6, 9.971480168008178e-8, 0.10111330858178767, 0.8988866700903549, 2.234724917527744e-8, 0.10111334722056958, 8.634271955530933e-9, 0.10111330728633844, 2.2291485875089124e-8, 5.9351901427019245e-9, 2.905385040826742e-9, 2.8300918371175055e-9, 6.78501736976228e-9, 0.1011119869333363, 7.513150642698557e-8, 2.5990427615125752e-8, 0.10111199001679633, 2.9716377887842403e-9, 4.6702562264674705e-9, 0.1011133413111867, 0.10111198255321764]
v_opt: [0.010225283052205603, 0.10111198755384729]
solution time: 0.0054700374603271484
McCormick lower bound: -4.248057521136739

