x_opt: [0.36624994567214114, 0.6337500550847583, 0.27321014904116137, 0.7968037331784483, 0.3662499436912824, 0.20319626757155415, 0.2732101583027555, 0.6337500563534969, 0.2031962669125601, 0.3662499452900115]
w_opt: [0.3662499455720921, 0.2732101489837207, 0.3662499456121002, 3.6104892633086464e-9, 0.20319626749270836, 7.586576316502137e-10, 2.1860108556599782e-9, 6.244125351243473e-11, 0.36624994513710507, 1.6648570124249206e-10, 0.6337500550142398, 1.2813287054666114e-10, 0.2031962675160678, 5.662648651277954e-11, 0.6337500550070034, 5.068777632285259e-11, 4.636251217720303e-10, 0.27321014896971996, 0.2732101488592178, 0.20319626742140978, 0.2732101489871697, 5.375428370089435e-10, 6.967256890673482e-11, 1.5580041510292206e-10, 0.16305367698408427, 2.2025354924541862e-9, 0.2732101579543647, 0.6337500561598417, 2.762709445655274e-10, 0.36624994520992715, 1.2370345608472772e-10, 0.2732101580772872, 1.8452970676488684e-10, 8.098133529532459e-11, 4.625567245975721e-11, 7.056171691940148e-11, 9.904676314018484e-11, 0.20319626682597, 1.1846442743870466e-9, 1.7530280526000643e-10, 0.2031962668090583, 5.833336180290582e-11, 7.376310026508473e-11, 0.36624994508879116, 0.20319626671625532]
v_opt: [0.07464379230335708, 0.20319626679428376]
solution time: 0.008980035781860352
McCormick lower bound: -2.3749395146754435

