x_opt: [0.31935367025679057, 0.6806464050103864, 0.31935016002366845, 0.9506436457352737, 0.31935356906275775, 0.3193501555946157, 0.31935016154403156, 0.680646435690277, 0.049356425332443825, 0.319353598884865]
w_opt: [0.31935366730434134, 0.31935015883299306, 0.3193536693206295, 3.4556427885457656e-7, 0.319350153180862, 5.722551845193494e-8, 1.4485032688857027e-7, 8.333278603401392e-10, 0.31935359566961213, 4.123747990201156e-9, 0.6806464037486459, 2.957436858494929e-9, 0.319350154860806, 8.586554240569738e-10, 0.6806464032271416, 7.404274111717683e-10, 6.0097131545658344e-9, 0.3193501591943521, 0.31935015710823683, 0.3193501524029392, 0.3193501587791048, 1.2085771482384638e-8, 1.1368652327423983e-9, 3.372382222273272e-9, 0.2699972182374675, 0.2699938103890638, 0.3193501523198797, 0.6806464301687817, 7.549150293392354e-8, 0.31935359684653536, 3.5614455643390504e-9, 0.31935015510411596, 8.220906656416872e-9, 1.717183707913361e-9, 7.428005251918713e-10, 1.602888023829904e-9, 2.0121567909217147e-9, 0.04935642209881421, 5.1518281031385944e-8, 6.772475078547356e-9, 0.04935642379689415, 9.64872997060688e-10, 1.926929594718874e-9, 0.3193535907926157, 0.04935642102895318]
v_opt: [0.10198452831293543, 0.04935642292033799]
solution time: 0.007324934005737305
McCormick lower bound: -2.737481895312707

