x_opt: [0.32935552229114823, 0.7671893482294808, 0.23281065000048026, 0.985394717232814, 0.23281065165546547, 0.23281064978441585, 0.2328106499829679, 0.767189348397557, 0.23281064966758694, 0.23281065166358714]
w_opt: [0.32935552222094294, 0.23281064995717712, 0.3293555222131823, 3.043958654812601e-9, 0.23281064969011422, 7.026102365499295e-10, 0.09654487079710992, 6.080582227006847e-11, 0.23281065154294486, 1.8611333781580962e-10, 0.7671893481596027, 1.1848108903716454e-10, 0.2328106497288404, 3.5994529375189655e-11, 0.7671893481488093, 4.9997884609114996e-11, 5.977764341996481e-11, 0.2328106499552466, 0.23281064972129079, 0.2328106496293777, 0.2328106498600048, 6.339235256465873e-10, 5.923384569204668e-11, 1.289077612480783e-10, 0.2182053690243244, 0.21820536768963453, 0.23281064975127572, 0.7671893482487812, 0.21820536702052518, 0.23281065156253938, 1.1582826129197971e-10, 0.23281064980403965, 1.3993084516450916e-10, 6.969310227638755e-11, 5.885172374904503e-11, 5.211937022425188e-11, 8.417543676242994e-11, 0.23281064955723096, 8.24023891181534e-10, 2.353234275469828e-10, 0.23281064958571798, 4.437197231806635e-11, 1.2281695311453441e-10, 0.23281065138503815, 0.2328106495113661]
v_opt: [0.054200804434996634, 0.23281064956938563]
solution time: 0.007224082946777344
McCormick lower bound: -3.5115689354002853

