x_opt: [0.41539176606770706, 0.6994652274919039, 0.3005347535127442, 0.8554289850028334, 0.30053477036363235, 0.1445710664916646, 0.3005347556048264, 0.6994652316073999, 0.14457102690748502, 0.3005347734196166]
w_opt: [0.41539176520427373, 0.3005347529894338, 0.415391765520563, 2.9112500986143064e-8, 0.14457106572480996, 5.815143453866728e-9, 0.1148569991132817, 5.884600553172926e-10, 0.3005347723965135, 1.971933658474001e-9, 0.6994652269299434, 1.1096559970700146e-9, 0.1445710659933446, 4.970099749283055e-10, 0.6994652268547139, 5.076594574623223e-10, 1.7624398304840713e-9, 0.3005347530051518, 0.30053475150116254, 0.14457106542952075, 0.300534752908765, 7.325198219068553e-9, 6.242919993416055e-10, 1.4602188968977383e-9, 0.15596375651261063, 6.069191394903477e-8, 0.30053475309008026, 0.6994652300383911, 1.3046390864209275e-8, 0.30053477259752914, 1.1737640310709737e-9, 0.30053475383436123, 2.8261992554725572e-9, 7.325391928737706e-10, 4.1475080807508426e-10, 5.853563021423806e-10, 9.644076943221864e-10, 0.14457102614009248, 1.0790957759745841e-8, 1.7896208648867932e-9, 0.14457102612823594, 5.118054850856555e-10, 6.867376848738682e-10, 0.30053477161850295, 0.14457102530322294]
v_opt: [0.09032114627237303, 0.14457102579416062]
solution time: 0.004809856414794922
McCormick lower bound: -3.5096339411079933

