x_opt: [0.6719719893288354, 0.9999986382179042, 1.345648562563011e-6, 0.999998659091985, 1.3551192083219549e-6, 1.338666068899586e-6, 1.35104909300289e-6, 0.9999986485439472, 1.3396812910951032e-6, 0.19125101837925262]
w_opt: [0.6719719885271882, 1.3449347093868146e-6, 0.6719719884811348, 3.269364859265832e-8, 1.3375965660237577e-6, 6.055819869023739e-9, 0.6719706395177557, 1.4727247708263797e-9, 0.1912510165572862, 2.738049083716634e-9, 0.9999986374178809, 1.5139926072550395e-9, 1.3375138080487243e-6, 8.002837622101429e-10, 0.999998637549165, 8.089220260088472e-10, 0.19124965727263196, 1.3447294638162482e-6, 1.3423064224188125e-6, 1.336522640993555e-6, 1.344785125832477e-6, 1.5369006098703908e-8, 1.0159306468185765e-9, 3.229445670740491e-9, 1.5760127567583557e-8, 1.5806107900159218e-8, 1.3465922063578696e-6, 0.9999986459043233, 2.6408617718085888e-9, 0.19125101742078107, 1.844284411825802e-9, 1.3469876043712184e-6, 5.3710263537107586e-9, 1.4219275925299448e-9, 6.348601792493046e-10, 5.424373074381251e-10, 1.3419138614096657e-9, 1.337161175329855e-6, 1.54854178556273e-8, 3.811975499348074e-9, 1.3386646226875665e-6, 6.010309724604077e-10, 9.388989050999277e-10, 0.191251016143721, 1.3371830356686436e-6]
v_opt: [1.8555030604355138e-7, 1.3382863860334653e-6]
solution time: 0.005002021789550781
McCormick lower bound: -3.4011068191717815

