x_opt: [0.5258478534321979, 0.8988881626199169, 0.10111127255818052, 0.8988885632114192, 0.10111160344957403, 0.10111118919781366, 0.10111150618272668, 0.898888431361459, 0.10111143899634567, 0.10111274729556406]
w_opt: [0.5258478512471418, 0.10111127057880118, 0.5258478491929579, 2.832784267682402e-6, 0.10111118480093748, 7.089612209104645e-8, 0.4247362909459423, 7.32245207249971e-9, 0.10111270800589471, 9.685216623948014e-9, 0.8988881597251213, 8.663844997777013e-9, 0.1011111813617822, 1.9644662838898684e-9, 0.8988881605861473, 2.5491478138839513e-9, 9.198695817703561e-7, 0.10111126893966452, 0.10111116940245261, 0.10111117650954266, 0.10111126029913751, 4.779979196339467e-7, 4.106208801771911e-9, 1.86901643671886e-8, 2.1655515649790643e-7, 2.2060791692821722e-7, 0.10111145895734433, 0.8988883084547389, 5.5182472813807937e-8, 0.10111274362553511, 7.970705881071497e-9, 0.10111133707406171, 9.783305988788694e-8, 7.232757632265032e-9, 3.591906237782821e-9, 1.5939347284533438e-9, 8.31065605807014e-9, 0.10111117345987429, 3.0848255637986243e-7, 9.319412377922645e-8, 0.10111142930959845, 1.7769014737409629e-9, 1.8164481279025677e-8, 0.10111273438169167, 0.10111142943586965]
v_opt: [0.010223590686354792, 0.1011114343667141]
solution time: 0.005296945571899414
McCormick lower bound: -2.9903869049414804

