x_opt: [0.5258473239130868, 0.8988883899415295, 0.10111160762745777, 0.8988883920008112, 0.10111160767922608, 0.10111160766355863, 0.10111160781913227, 0.8988883921337448, 0.10111160773458704, 0.10111161851087075]
w_opt: [0.5258473238216564, 0.10111160756978062, 0.5258473237842869, 8.033870230946083e-9, 0.10111160755008908, 6.571396802209307e-10, 0.4247357161903571, 1.6264605364520301e-10, 0.1011116179593492, 2.635594236152158e-10, 0.898888389855668, 1.4429799433364095e-10, 0.10111160752964966, 5.71748086240705e-11, 0.8988883898815669, 7.558294649954905e-11, 8.500601278668506e-9, 0.10111160754930616, 0.10111160685479373, 0.10111160740853212, 0.10111160744921766, 2.413016281942078e-9, 9.216464876457479e-11, 3.0302591930935295e-10, 1.39429713249354e-10, 1.3813221678840553e-9, 0.10111160736629887, 0.8988883914425423, 2.890455858069288e-10, 0.10111161841448607, 1.780477170147548e-10, 0.10111160715837274, 1.8167348108203004e-10, 1.400428645299481e-10, 8.075929237562506e-11, 4.470845707034476e-11, 1.4808762005539484e-10, 0.10111160749985654, 1.490307801431973e-9, 4.435913561309255e-10, 0.10111160763136662, 4.9063441623830666e-11, 1.9256696570154295e-10, 0.10111161824505817, 0.10111160748764882]
v_opt: [0.010223743717766449, 0.10111160760268363]
solution time: 0.005506038665771484
McCormick lower bound: -3.3826916621649703

