x_opt: [0.5258464532245615, 0.8988875553704034, 0.10111228793150993, 0.8988885137443372, 0.10111243045451737, 0.10111218710659566, 0.10111228823479558, 0.8988875759223954, 0.10111217605066176, 0.10111244687501816]
w_opt: [0.52584645247358, 0.10111228737487342, 0.5258464523251659, 7.757297961809984e-7, 0.1011121859582261, 2.8512603708174073e-8, 0.42473403018373623, 9.64917913045162e-10, 0.1011124453118904, 2.5322002358231278e-9, 0.8988875545843489, 1.4894998557382005e-9, 0.1011121862893895, 5.812313993146921e-10, 0.8988875546550542, 6.808616500722734e-10, 3.1554090611160796e-9, 0.1011122872363922, 0.10111228439921915, 0.10111218541588299, 0.10111228692676318, 1.5855605263693986e-8, 9.35203088705522e-10, 2.75625611201802e-9, 9.454588378512031e-7, 7.214526016812264e-7, 0.10111227973005557, 0.8988875741855897, 6.9093401708375e-7, 0.10111244557434233, 2.14804683743909e-9, 0.10111228560658503, 7.81759516340148e-9, 1.4354865155358586e-9, 7.144421745739314e-10, 6.351192054949446e-10, 1.0496128630927133e-9, 0.10111217501913132, 3.1900564823827205e-8, 4.3688061295629424e-9, 0.10111217518237903, 5.873091678037117e-10, 1.134780015900409e-9, 0.10111244325613578, 0.10111217369118346]
v_opt: [0.010224056043428846, 0.10111217455328904]
solution time: 0.007139921188354492
McCormick lower bound: -3.507168800011129

