x_opt: [0.5258463578057688, 0.8988872154731846, 0.1011127208207219, 0.898888717383532, 0.10111270891315757, 0.10111215164500031, 0.10111272058640501, 0.8988872901119503, 0.1011120777861012, 0.1011130390328216]
w_opt: [0.5258463531110052, 0.10111271622832631, 0.5258463538261083, 1.7830488540543263e-6, 0.10111214546870455, 4.352467401262674e-8, 0.4247336606547379, 5.63897762079382e-9, 0.1011130322462475, 3.428216843410644e-8, 0.8988872119067729, 6.9667364579713725e-9, 0.10111214746861971, 4.53291663678205e-9, 0.8988872121948653, 4.620709310121184e-9, 2.579413953551491e-7, 0.10111271752143498, 0.10111266736426368, 0.10111214418455375, 0.10111271377117753, 1.9627778849054857e-7, 4.957012653797865e-9, 1.4068318081377055e-8, 1.436800642576981e-6, 1.2790688488466669e-6, 0.10111269611399258, 0.8988872789566993, 8.117582423262427e-7, 0.10111303242242237, 1.0482730880165252e-8, 0.10111267772974517, 6.621356009838325e-9, 7.507888972504263e-9, 3.0969949056576023e-9, 3.1834188735058407e-9, 1.0246107849152424e-8, 0.10111207024547726, 1.9839004536786627e-7, 1.4131657369078216e-7, 0.10111207295100964, 3.2119185191297475e-9, 5.459323359984056e-9, 0.10111302622166102, 0.10111206446294024]
v_opt: [0.010225256639586596, 0.10111206894644076]
solution time: 0.005652904510498047
McCormick lower bound: -5.362322721832929

