x_opt: [0.7429730411190701, 0.7907828135572901, 1.9724688646355448e-7, 0.9999997973917032, 0.20921712861196842, 1.9686796398384286e-7, 0.20921659505770338, 0.7907829916745317, 2.0039524590840245e-7, 0.74287730266996]
w_opt: [0.7429730389640778, 1.954967457014403e-7, 0.7429730390554747, 1.1430018630605201e-7, 1.943721192570622e-7, 1.7962347333467104e-8, 0.5337560374146347, 3.088116197367165e-9, 0.7428772998048792, 5.091638594892905e-9, 0.7907828114359926, 4.2205908011695445e-9, 1.9423243175697152e-7, 1.938487226227684e-9, 0.7907828117097491, 1.7465472508938525e-9, 0.5336601187912257, 1.9453242865438367e-7, 1.911383616539072e-7, 1.8774683002962557e-7, 1.9536825859273895e-7, 1.7913336502508765e-8, 2.4492616422933758e-9, 6.8325668764647015e-9, 0.2092169293119599, 3.5741832372531075e-8, 0.20921658351808486, 0.7907829860748983, 6.9720076390883606e-9, 0.7428773004442855, 4.205592459471282e-9, 0.2092165860185028, 1.241197633908422e-7, 3.316377596917901e-9, 1.5935985760300945e-9, 1.4759647778848513e-9, 2.891794532912821e-9, 1.9351056682879583e-7, 3.2014157690491066e-8, 5.153330765278756e-9, 1.9769893936556872e-7, 1.5620384085021495e-9, 2.1704169102083165e-9, 0.7428772968947057, 1.936583121668976e-7]
v_opt: [0.04377360943479413, 1.9710567892415343e-7]
solution time: 0.007655143737792969
McCormick lower bound: -2.569879202232003

