x_opt: [0.525847020957443, 0.8988880838098979, 0.1011118190522118, 0.8988883922870979, 0.1011119097638839, 0.10111181943960462, 0.10111181928514573, 0.8988880907557959, 0.10111181843863173, 0.10111191687559686]
w_opt: [0.5258470200835107, 0.10111181843218135, 0.5258470199142421, 1.253022079961865e-7, 0.10111181817803196, 8.841917261712571e-9, 0.42473511325370983, 1.0094833420806195e-9, 0.10111191511537224, 2.9815507183684328e-9, 0.8988880828790716, 1.5472832400107046e-9, 0.10111181854790921, 5.379022102260764e-10, 0.8988880829354946, 7.448750061479182e-10, 1.8985134521088545e-9, 0.1011118183683719, 0.10111181431005264, 0.10111181693372367, 0.1011118174905928, 2.149826760417366e-8, 8.715926095874157e-10, 2.101514951759292e-9, 3.039232174493751e-7, 2.340069947266276e-7, 0.1011118157095571, 0.8988880885386622, 2.1335480746736187e-7, 0.10111191562472473, 1.702277404774728e-9, 0.10111181618544982, 1.9878218935473548e-9, 1.0969254435550951e-9, 7.922888966600623e-10, 6.263132438644042e-10, 1.2574311609524572e-9, 0.10111181673726687, 1.2894363741976618e-8, 3.3575919253994244e-9, 0.10111181728618383, 5.907723349804361e-10, 1.5526207019646704e-9, 0.10111191359441724, 0.10111181593685355]
v_opt: [0.010223661719474598, 0.10111181709254799]
solution time: 0.004709005355834961
McCormick lower bound: -3.5468010851849305

