x_opt: [0.27574245000824615, 0.7242575543537656, 0.26935217316859467, 0.9999998830170842, 0.2757424443020716, 0.2693519867397455, 0.26935217445036236, 0.7242575565508355, 0.26935196425186975, 0.2757424434119938]
w_opt: [0.2757424489526075, 0.2693521726406613, 0.2757424492828407, 5.626975355557364e-8, 0.2693519857719959, 1.0749522969369625e-8, 8.35859381247552e-9, 5.923845076576474e-10, 0.2757424420644855, 1.926776215327246e-9, 0.7242575535802767, 1.5256830235497904e-9, 0.2693519862203223, 4.5215842967676434e-10, 0.7242575532782999, 5.373197491518093e-10, 8.364375674602157e-10, 0.26935217264055356, 0.26935217087617846, 0.26935198532411486, 0.2693521723240629, 5.457775640515832e-9, 6.720541683636454e-10, 1.4204987178245715e-9, 0.27574232877746485, 0.26935187787246656, 0.2693521715843042, 0.7242575547391286, 0.269351848493815, 0.2757424423128049, 1.3057057463515875e-9, 0.2693521724924163, 1.8329378660176327e-9, 7.581703454697863e-10, 5.664775670512571e-10, 7.895009522170969e-10, 1.0011848197466238e-9, 0.2693519633032109, 1.155128333638274e-8, 2.388535651914067e-9, 0.26935196329813743, 5.846580869673345e-10, 1.0847253250676683e-9, 0.2757424404753442, 0.269351962527264]
v_opt: [0.07255095061471993, 0.2693519630088181]
solution time: 0.008089065551757812
McCormick lower bound: -3.0721949177244987

