x_opt: [0.5000000037257663, 0.5000000054426839, 3.796796639779753e-8, 0.8490421418640176, 0.1770930870073908, 0.15095785042450618, 0.1509578504434354, 0.8229069116311861, 0.15095785043432916, 0.5000000037668818]
w_opt: [0.5000000036012061, 3.792090208990143e-8, 0.5000000036621514, 2.322685581573143e-8, 0.1509578503466854, 1.0569195495398932e-9, 0.32290691563381607, 7.122333992067553e-11, 0.5000000031382549, 1.2755916322182413e-10, 0.5000000053547011, 2.2316503003198103e-10, 0.15095785035557469, 5.35894377001426e-11, 0.5000000053626439, 4.4061892224055706e-11, 9.284685223967253e-9, 3.7852079631597326e-8, 3.779669834630219e-8, 3.7597964872706614e-8, 3.791164370339996e-8, 4.189636197162737e-10, 7.122218052857615e-11, 1.611205758593221e-10, 0.02613522896629517, 2.0173567769316057e-9, 0.15095784957592254, 0.8229069113990709, 1.5764749837963817e-10, 0.5000000037037826, 1.2600945375984142e-10, 0.15095784921761762, 3.242149276868079e-10, 9.648513854258697e-11, 5.358194681498896e-11, 5.4146998315361213e-11, 7.799386980685429e-11, 0.15095785029940922, 8.555099581835588e-10, 3.2924356444255683e-10, 0.1509578502943684, 4.811724767089265e-11, 7.682253652500297e-11, 0.500000003526244, 0.15095785016724264]
v_opt: [0.022788289548667056, 0.1509578503322861]
solution time: 0.00580906867980957
McCormick lower bound: -1.5816940457290773

