x_opt: [0.3193536622736406, 0.6806468887180119, 0.3193515302257585, 0.9506466819838761, 0.31935247036281217, 0.31935085732740315, 0.31935160672412405, 0.6806475474642663, 0.04935330988940987, 0.3193535088899086]
w_opt: [0.31935361695005093, 0.31935151036384235, 0.3193536436350557, 2.117091529634993e-6, 0.3193508273693931, 3.855806563814472e-7, 1.2786702236658833e-6, 1.8858182641259072e-8, 0.3193534299276731, 7.957129742804557e-8, 0.6806468656875754, 4.861727417890673e-8, 0.31935084121615137, 2.0009307540642078e-8, 0.6806468586386216, 1.8712259549746434e-8, 4.4461172274701943e-7, 0.3193515106005749, 0.3193514494401614, 0.3193507828201302, 0.319351509631881, 3.244202217744636e-7, 2.326765163647731e-8, 5.7521420699429056e-8, 0.26999920404527444, 0.2699981418238191, 0.3193514777976124, 0.6806474675507204, 1.4006066514694209e-7, 0.3193534774013039, 5.154306218210826e-8, 0.31935147579590717, 7.276577592903506e-8, 2.8603291506466097e-8, 1.6543265094678907e-8, 3.130374797542309e-8, 5.043859632116335e-8, 0.04935327048083896, 5.700420122583162e-7, 1.3986136451661234e-7, 0.049353272006628035, 2.221264453408603e-8, 2.900453893871474e-8, 0.3193534276862606, 0.049353241589400555]
v_opt: [0.10198732422410116, 0.04935326302070283]
solution time: 0.0053098201751708984
McCormick lower bound: -2.8128501266870565

