x_opt: [0.27574965611606433, 0.7242503540152119, 0.2693482468552065, 0.9999811547752833, 0.27574964479996233, 0.26934824385124545, 0.26934824743638935, 0.7242503556149565, 0.26934824117976836, 0.2757496449401283]
w_opt: [0.2757496554436143, 0.2693482464856398, 0.2757496555684421, 2.5844543307353675e-8, 0.2693482431594144, 6.457405252365873e-9, 1.2782751355574597e-8, 4.342079426543103e-10, 0.2757496439754268, 1.2908327113744607e-9, 0.7242503534439074, 1.020778851038892e-9, 0.269348243454609, 3.05914070117879e-10, 0.7242503532793493, 3.7244375780668574e-10, 5.597028555723139e-10, 0.26934824646081584, 0.26934824518005307, 0.26934824261318796, 0.26934824609253516, 3.6907694427910646e-9, 4.719431595821166e-10, 9.823975605778255e-10, 0.27573080060157407, 0.2693294043010531, 0.26934824542376706, 0.7242503543478296, 0.26932939685609614, 0.27574964417987635, 8.969780497301358e-10, 0.2693482459971566, 1.1405669970788094e-9, 5.367478709143618e-10, 4.237628277055757e-10, 5.0411207552495e-10, 6.671378721923893e-10, 0.26934824045537736, 6.9400789830933315e-9, 1.6260831515107164e-9, 0.2693482404842848, 3.909612376895789e-10, 8.079839756675339e-10, 0.2757496428550044, 0.2693482399767508]
v_opt: [0.07254851562422826, 0.2693482403640925]
solution time: 0.005334138870239258
McCormick lower bound: -2.907714906704574

