x_opt: [0.43665843323052256, 0.43665846007994935, 8.724345851416813e-5, 0.7820071796258532, 0.2179928768987753, 0.2179925385992751, 0.21799140290101562, 0.5633416268610557, 0.21799239577043206, 0.563341471113879]
w_opt: [0.4366584223651005, 8.724003597963619e-5, 0.4366584276737029, 4.6722898080652194e-7, 0.2179925307364131, 2.5989354039101297e-7, 1.0250307771366223e-7, 3.712171162483973e-9, 0.4366584240489291, 9.152144387336303e-9, 0.4366584496600661, 1.7163391575508167e-8, 0.21799253476238456, 3.091346688618141e-9, 0.4366584450328214, 2.8918182390401608e-9, 8.538370717912422e-9, 8.723636086956663e-5, 8.722969299034076e-5, 8.72199464468209e-5, 8.723872635390281e-5, 3.9092892296209774e-8, 4.665380255104246e-9, 8.532658625615826e-9, 6.634950612165078e-8, 8.075511199125327e-8, 0.21799135316698195, 0.5633416105075612, 9.086610558685775e-9, 0.5633414653792034, 7.954928953162759e-9, 0.2179913534682804, 5.425758260578973e-9, 5.219329452440694e-9, 4.558838896747775e-9, 6.752552878681298e-9, 5.496327726977019e-9, 0.21799239038459786, 5.8754668902316524e-8, 1.7970096438307177e-8, 0.2179913949813818, 4.080424686459373e-9, 8.327895707251848e-9, 0.5633414095362754, 0.21799237870183338]
v_opt: [0.04752036980993039, 0.21799238842289548]
solution time: 0.004889011383056641
McCormick lower bound: -1.1276294824976016

