x_opt: [0.5258472689492206, 0.898887675482147, 0.10111161046933827, 0.8988883304320003, 0.1011118221717554, 0.10111160896216297, 0.1011116437443529, 0.898888168229266, 0.10111160933122046, 0.10111243961737942]
w_opt: [0.5258472649364214, 0.10111160700147616, 0.5258472624121001, 1.3495121050002953e-6, 0.10111160192490742, 5.078735681527629e-8, 0.4247354451256082, 9.031826066028946e-9, 0.10111242054461567, 1.8137549663663263e-8, 0.8988876698539258, 7.490712799498793e-9, 0.10111160093884836, 3.265472604481663e-9, 0.8988876716831515, 4.6417786877453425e-9, 1.1826724029462004e-7, 0.10111160556329044, 0.10111154518669412, 0.10111159004055686, 0.10111159957351375, 6.075589933872869e-7, 5.627848849346678e-9, 1.7073628952381676e-8, 1.6730796409272444e-7, 1.0657325779358076e-7, 0.10111161378757015, 0.8988881265338222, 1.1376219573465958e-8, 0.10111243358236675, 1.0584963959837443e-8, 0.10111160360084877, 1.0152000058462714e-8, 8.160562467198772e-9, 4.897589765234009e-9, 2.8885666880034453e-9, 7.905133119825406e-9, 0.1011115996202045, 1.3310418930563098e-7, 2.3090262152418365e-8, 0.10111160148201237, 3.0886301955594364e-9, 1.2328135217182176e-8, 0.10111242250593204, 0.10111159204597156]
v_opt: [0.010227393830548201, 0.10111160210323011]
solution time: 0.004598140716552734
McCormick lower bound: -3.198609554793604

