x_opt: [0.7429875468877541, 0.7907411971651315, 7.682046173836429e-8, 0.9999998781480205, 0.20925882417395858, 6.404586920860462e-8, 0.20925876532254653, 0.7907412452331322, 6.86184543815108e-8, 0.7429875868785112]
w_opt: [0.7429875441617174, 7.461019383768415e-8, 0.7429875451183251, 1.009610918005706e-6, 6.153937643977799e-8, 3.098198365456353e-8, 0.5337288021141239, 3.2771256182369176e-9, 0.7429875258704425, 7.786773057646825e-9, 0.7907411951986569, 3.070422755947369e-8, 6.167244828841078e-8, 6.012649975580321e-9, 0.790741194921356, 2.180069131476612e-9, 0.5337288108418657, 7.422107895335811e-8, 7.090083050541077e-8, 5.4840008437898996e-8, 7.5097924651099e-8, 4.22945045674788e-8, 2.8566834082707163e-9, 8.08098210638148e-9, 0.20925870676021044, 3.43190978887415e-8, 0.20925874700688782, 0.7907412374728234, 1.375838993586233e-8, 0.7429875845393943, 6.573514715775379e-9, 0.20925874992901217, 7.933829952151156e-8, 5.004925424844069e-9, 2.203637538600608e-9, 1.8554708858268842e-9, 5.509662346479481e-9, 5.951135092301435e-8, 2.8299347529900393e-8, 2.2138906048294047e-8, 6.572106199334457e-8, 2.066953562288637e-9, 2.0885727558460874e-9, 0.7429875810283314, 6.004339245525853e-8]
v_opt: [0.04378929657383254, 6.483719576877148e-8]
solution time: 0.004446983337402344
McCormick lower bound: -3.218293535083218

