x_opt: [0.5258468921427694, 0.898887466639015, 0.1011123164645998, 0.8988882626923432, 0.10111246063505577, 0.10111183222518674, 0.10111241979263015, 0.8988879285576135, 0.10111180892362381, 0.1011125161468531]
w_opt: [0.525846889090248, 0.10111231153613671, 0.5258468892771201, 1.2625952440768772e-6, 0.1011118246473989, 6.622225794687532e-8, 0.42473482930517636, 1.0354660484996454e-8, 0.10111239962627355, 4.33183055063062e-8, 0.8988874629290752, 2.60155022491674e-8, 0.10111182847189287, 1.332888221475027e-8, 0.8988874643272041, 6.307011789797414e-9, 8.635499195122862e-9, 0.10111231397208678, 0.1011122864864827, 0.10111182055980966, 0.10111231273146312, 4.4017197030002267e-7, 6.034388424342163e-9, 1.86630914036171e-8, 7.440636896603893e-7, 4.1147154972355103e-7, 0.10111237603654061, 0.8988878947358147, 2.2662438120639303e-7, 0.10111250917021593, 1.9197825741625002e-8, 0.10111234808570332, 4.0254561187938063e-7, 1.5578100232494107e-8, 3.6549008722345563e-9, 1.872247418432424e-9, 1.0526788886763793e-8, 0.10111179623751439, 2.6665479069138136e-7, 3.5259636978909555e-7, 0.10111180495484694, 2.4460245091297483e-9, 8.711578155213371e-9, 0.10111249830690268, 0.10111177910631024]
v_opt: [0.010223805049836405, 0.10111179941824694]
solution time: 0.006719827651977539
McCormick lower bound: -4.722137589771698

