x_opt: [0.5000003807326614, 0.5000003804522004, 3.0977742812120094e-7, 0.8490428022884021, 0.17709265157387016, 0.1509571752978648, 0.15095717345117488, 0.8229073213304458, 0.1509571789681082, 0.5000002297152173]
w_opt: [0.5000003765294336, 3.07911227057496e-7, 0.5000003776116102, 5.6969441310883e-7, 0.15095717218533108, 3.232909567548789e-8, 0.3229077070881096, 4.203422822638422e-9, 0.5000002162981289, 4.911181545425537e-9, 0.5000003766989831, 9.523515506723419e-9, 0.15095717096962982, 2.0872758720169805e-9, 0.5000003777161428, 1.855179971041244e-9, 6.12554520101705e-7, 3.0376331227676914e-7, 3.0250880326477734e-7, 2.9461219318148123e-7, 3.07105101351161e-7, 1.7517748711379824e-8, 3.0176083728609273e-9, 7.936846003212688e-9, 0.026135457881877183, 7.956796793505365e-8, 0.15095712956552573, 0.8229073105275038, 7.236642268122614e-9, 0.5000002272459143, 5.189983088323461e-9, 0.15095715281012023, 1.1772664542657568e-8, 4.542815763069331e-9, 2.490982457782589e-9, 1.7208986151975347e-9, 2.9298830520114886e-9, 0.15095717128185965, 3.858590794207148e-8, 7.225941465162528e-9, 0.15095717174502193, 1.7580811558539143e-9, 3.131573223957196e-9, 0.5000002209781376, 0.15095716853241775]
v_opt: [0.022789883137498305, 0.1509571752677261]
solution time: 0.004664182662963867
McCormick lower bound: -1.6278501664386678

