x_opt: [0.4238425367058683, 0.8305194658349209, 0.16948053379146089, 0.9437964146885252, 0.16948053411286174, 0.1694805304874415, 0.16948053383850573, 0.8305194660038174, 0.16948052799042473, 0.1694805341704316]
w_opt: [0.42384253666816624, 0.16948053376706765, 0.4238425366780996, 2.8639527124399443e-9, 0.1694805304473359, 2.6375960943731457e-10, 0.2543620027747517, 2.983474053448907e-11, 0.16948053411869943, 1.4928287818284935e-10, 0.8305194658098061, 5.6454465870557636e-11, 0.16948053046296632, 2.4527055415931154e-11, 0.8305194658077238, 2.6855435912374923e-11, 5.414536160356807e-11, 0.1694805337708553, 0.16948053364651236, 0.16948053044241723, 0.16948053375542266, 6.811121674258432e-10, 2.9647489111946734e-11, 7.226490400892652e-11, 0.11327694886273643, 0.11327694555345834, 0.16948053373031707, 0.8305194659349437, 0.11327694273061382, 0.16948053412492672, 5.93049458528534e-11, 0.16948053373962538, 1.527030767640113e-10, 3.5584177575366125e-11, 2.0669121340374115e-11, 2.5261812384680613e-11, 4.909605022025271e-11, 0.16948052794916957, 5.723146717686362e-10, 1.854919363620269e-10, 0.16948052795773294, 2.3134615623806766e-11, 3.644916892543369e-11, 0.16948053407926802, 0.16948052791700283]
v_opt: [0.02872365888489253, 0.16948052793631146]
solution time: 0.005663871765136719
McCormick lower bound: -5.043450400130439

