x_opt: [0.525845176094341, 0.8988845833758642, 0.10111540594798722, 0.8988876061322066, 0.10111541066130741, 0.10111247516277162, 0.10111541059509278, 0.8988846029845341, 0.10111246979509596, 0.1011154240634678]
w_opt: [0.5258451742986229, 0.1011154044447108, 0.5258451745497865, 2.9747871570261816e-7, 0.10111247292537985, 1.3245982168087202e-8, 0.42472978304541076, 2.0826443233186817e-9, 0.10111542001783941, 9.070422090726874e-9, 0.8988845820190849, 3.346735314610458e-9, 0.1011124735527231, 1.4751429557548577e-9, 0.8988845820988548, 1.629659885760474e-9, 9.195610944135759e-9, 0.10111540469902905, 0.10111539677109058, 0.10111247253965087, 0.10111540413591509, 4.887139621293018e-8, 1.7820779328218706e-9, 4.907864578695546e-9, 3.020215674799046e-6, 1.1768844296550655e-7, 0.10111540396477799, 0.8988845989307567, 7.993167297467529e-8, 0.10111542176994232, 3.5611230678491497e-9, 0.10111540253491555, 1.5824999448855326e-8, 2.3606467761063424e-9, 1.1818773321829565e-9, 1.1864795981687897e-9, 2.8228838157927813e-9, 0.10111246705263621, 4.075341181319756e-8, 2.3850389385966894e-8, 0.10111246806130221, 1.2156682872357703e-9, 1.956375665352114e-9, 0.10111541947004828, 0.10111246523295157]
v_opt: [0.010225111461407673, 0.10111246684028108]
solution time: 0.005073070526123047
McCormick lower bound: -5.0667543142593265

