x_opt: [0.5258500899227626, 0.8988902344668314, 0.10110969199048725, 0.898890303424781, 0.10110970068222834, 0.1011096863511376, 0.10110969161480128, 0.8988903068667949, 0.10110968582112638, 0.10111338829576592]
w_opt: [0.5258500890248525, 0.10110969125166466, 0.5258500889616516, 2.478765128472677e-7, 0.10110968520780671, 6.284882585042853e-9, 0.4247403985464862, 1.491878576208223e-9, 0.1011133841368147, 3.4293952278745745e-9, 0.8988902334717513, 2.7264609491751897e-9, 0.10110968518165868, 9.132617404669878e-10, 0.8988902335695571, 8.881083932741771e-10, 3.6242353764369872e-6, 0.10110969101687546, 0.10110968636351282, 0.10110968347888993, 0.10110969075383046, 5.4662112351081895e-8, 1.0549601491347144e-9, 2.96842236023885e-9, 8.83353262488173e-9, 1.5858008517548842e-8, 0.10110968625708536, 0.8988902945055512, 7.374652704024014e-9, 0.1011133872017263, 1.910098121301689e-9, 0.10110967896996825, 1.1599786932869879e-8, 1.4664788107036329e-9, 8.972862627504572e-10, 6.046825517920984e-10, 1.5376656011292765e-9, 0.10110968205358178, 1.3304434148556381e-8, 8.851199165211908e-9, 0.10110968457865621, 6.595426126988871e-10, 1.3271844882415715e-9, 0.10111338573489513, 0.10110968295827201]
v_opt: [0.010224251235384063, 0.1011096843543452]
solution time: 0.004851818084716797
McCormick lower bound: -3.23111028983539

