x_opt: [0.482525026009428, 0.8206719018689851, 0.17932809631929328, 0.881843125547413, 0.1793280979652168, 0.11815709303306933, 0.17932809675312797, 0.8206719024465392, 0.11815709283863453, 0.17932809814522926]
w_opt: [0.4825250258611809, 0.17932809622568963, 0.4825250259036529, 8.958595678045726e-9, 0.11815709288506945, 1.0609823528741372e-9, 0.3031969287219317, 1.1262211194354446e-10, 0.17932809793265797, 4.2208907597859794e-10, 0.8206719017664991, 2.279853989540987e-10, 0.11815709293830716, 8.828515236182028e-11, 0.8206719017549876, 9.61468496999131e-11, 1.9975128788266125e-10, 0.1793280962316203, 0.17932809588654675, 0.11815709284710667, 0.17932809620379966, 2.297948128322244e-9, 1.1466316309070795e-10, 2.721209242936837e-10, 0.061171223733114136, 2.2009602759160752e-7, 0.17932809631069388, 0.8206719021685782, 2.185899341209665e-7, 0.17932809798537017, 2.2073807194924335e-10, 0.17932809639345237, 5.597717268611168e-10, 1.3623678982424057e-10, 7.967174209981483e-11, 1.0100589506872864e-10, 1.7523394239195425e-10, 0.11815709268434572, 2.1373246950585327e-9, 4.215831443774787e-10, 0.11815709270522363, 9.059175533138288e-11, 1.339756602649171e-10, 0.17932809779865314, 0.11815709255344016]
v_opt: [0.03215865959184356, 0.11815709263595643]
solution time: 0.0072481632232666016
McCormick lower bound: -3.9429173664335786

