x_opt: [0.36225598215131993, 0.6377448297825611, 0.22390288332712083, 0.7760971722427233, 0.3622551641591026, 0.2239028861025657, 0.2239028859573118, 0.6377448410839952, 0.2239028847285462, 0.3622551697353531]
w_opt: [0.36225598109051504, 0.22390288268837338, 0.3622559810343084, 1.7415808593735488e-7, 0.22390288476288878, 3.383954382584651e-8, 8.474158757714562e-7, 8.707105096714391e-10, 0.3622551672144092, 2.2923639149537646e-9, 0.6377448287379343, 1.976527260654825e-9, 0.22390288529226623, 5.504624380808313e-10, 0.6377448284541549, 6.708875877261257e-10, 1.594039896423005e-9, 0.22390288255398982, 0.2239028799807664, 0.22390287974435982, 0.22390288228203123, 1.0129629778425743e-8, 9.167857018119759e-10, 1.970597620885532e-9, 0.13835233775267833, 8.151542351012784e-8, 0.2239028812612917, 0.6377448391620334, 6.175583311237434e-8, 0.362255168415343, 1.750992037207217e-9, 0.223902882532382, 6.884304981152688e-9, 1.0995617558854513e-9, 8.827610343026658e-10, 8.401772037060833e-10, 1.202760985374541e-9, 0.22390288028468125, 1.3893741262901284e-8, 5.205211572202014e-9, 0.22390288247856516, 6.833297608746708e-10, 1.812883718340866e-9, 0.3622551657906462, 0.22390288243059625]
v_opt: [0.05013256177733705, 0.22390288319949603]
solution time: 0.0053539276123046875
McCormick lower bound: -2.579608256553793

