x_opt: [0.7429876251232553, 0.7907412828027136, 1.329539178351252e-8, 0.9999999941703542, 0.20925871628602327, 6.6897877598895464e-9, 0.20925871027387424, 0.7907412878328717, 6.03553914354293e-9, 0.7429876237732393]
w_opt: [0.7429876249558269, 1.3193213596019798e-8, 0.7429876250548794, 1.2735230404401483e-8, 6.576250102947219e-9, 1.176164797854184e-9, 0.5337289132301944, 9.450870576772767e-11, 0.742987623280644, 2.5480031056081225e-10, 0.7907412827212055, 2.924182814082021e-10, 6.6146429974939856e-9, 1.1102746273310197e-10, 0.7907412827063851, 7.085326374999153e-11, 0.5337289067130436, 1.3201504359211945e-8, 1.306498103158909e-8, 6.447721040991577e-9, 1.3231002602091932e-8, 8.300674518948233e-10, 9.98910722476844e-11, 2.717326482501878e-10, 0.20925871063181023, 3.108099354972945e-9, 0.2092587096653158, 0.7907412875373849, 5.083526350169213e-10, 0.7429876236700834, 2.203583648053705e-10, 0.2092587099441422, 4.286098280957521e-9, 1.5076220132651924e-10, 5.4839654019825305e-11, 8.277149959416842e-11, 1.5848821889841739e-10, 5.8489771828995175e-9, 1.8536032241101746e-9, 2.3278744580637006e-10, 5.901083321918714e-9, 8.614700534519028e-11, 8.712731250856428e-11, 0.742987623490741, 5.7157817677957375e-9]
v_opt: [0.04378950663830023, 5.862582172836884e-9]
solution time: 0.005995988845825195
McCormick lower bound: -2.803005663706388

