x_opt: [0.5258473083809326, 0.898888370459885, 0.10111161888262955, 0.8988883812046793, 0.10111162655137264, 0.10111161890095077, 0.10111161886348656, 0.8988883736649788, 0.10111161892364796, 0.10111162974495078]
w_opt: [0.5258473083241568, 0.10111161883932715, 0.5258473083026464, 1.849343326578212e-8, 0.10111161880578554, 9.80901256759336e-10, 0.42473568221444546, 8.685922645261478e-11, 0.10111162962896633, 2.0132596551275673e-10, 0.8988883703856686, 8.86262623330801e-11, 0.10111161882735946, 3.943276375707836e-11, 0.8988883704041621, 5.3508182356036115e-11, 2.559322909065081e-10, 0.10111161882646182, 0.10111161853817502, 0.1011116186593771, 0.10111161877388224, 1.491870015007997e-9, 6.645715992963295e-11, 1.8062086431460783e-10, 7.904189316771489e-9, 2.050705540441072e-9, 0.10111161845930793, 0.8988883734291028, 4.855829283668914e-10, 0.10111162965909644, 1.4186253108576478e-10, 0.1011116185489771, 3.5769933296296285e-10, 9.507948222471488e-11, 8.091890388002118e-11, 4.3091408100783364e-11, 8.800628582488465e-11, 0.10111161874783929, 1.240310003937634e-9, 3.4121531637088405e-10, 0.10111161883835575, 4.1279920464244925e-11, 1.2606800502792713e-10, 0.10111162949181894, 0.10111161870775798]
v_opt: [0.010223593558981045, 0.10111161882900013]
solution time: 0.0048580169677734375
McCormick lower bound: -3.0286343175960466

