x_opt: [0.3622556841782331, 0.6377443070749461, 0.22390311085864667, 0.7760968836487824, 0.36225568385176066, 0.22390311326619522, 0.22390311247849545, 0.6377443158531317, 0.22390311132264595, 0.3622556851102245]
w_opt: [0.36225568393807406, 0.22390311076162095, 0.3622556840229473, 4.8805712269472343e-8, 0.2239031130925747, 1.0685975924386758e-8, 6.934365038571897e-10, 1.0164463866096505e-10, 0.3622556837709043, 2.875423873968466e-10, 0.6377443068222848, 3.8946292197842184e-10, 0.22390311316551836, 8.372048336433366e-11, 0.637744306760949, 8.808269752773127e-11, 3.1844838209817763e-10, 0.22390311070876842, 0.22390311045064437, 0.22390311022276024, 0.2239031107089947, 1.372237070632046e-9, 1.3250814491287213e-10, 2.5528653826408306e-10, 0.13835256777842914, 1.1501089760892076e-8, 0.22390311123944476, 0.6377443154322398, 5.74646665107611e-10, 0.36225568491785753, 2.5340178757296263e-10, 0.22390311188643264, 2.106516990524456e-10, 1.639025042168917e-10, 1.355995446928978e-10, 2.3089980606933687e-10, 1.698090110686522e-10, 0.2239031111135283, 4.6022448054326335e-9, 5.953144155890796e-10, 0.22390311089504544, 1.2406051355229827e-10, 2.6987049659449925e-10, 0.3622556840597239, 0.22390311094601814]
v_opt: [0.05013260811115838, 0.2239031110768005]
solution time: 0.0054051876068115234
McCormick lower bound: -1.4290154910439106

