x_opt: [0.3627802727124947, 0.6372197322857409, 0.2241106466564211, 0.7758893597664344, 0.36278025090853216, 0.22411064139257147, 0.22742572741632203, 0.6372197492512611, 0.22411064025159622, 0.36278027057840284]
w_opt: [0.3627802720970181, 0.22411064627524133, 0.36278027228327187, 2.5211708230870504e-8, 0.22411064084851798, 5.11980813919264e-9, 2.294890619400864e-8, 4.577440405488697e-10, 0.36278026944255404, 1.097000602756794e-9, 0.6372197317825451, 8.960015927830416e-10, 0.22411064098195402, 3.8001091380905793e-10, 0.6372197317649385, 3.4469295544606837e-10, 3.4383146908153407e-9, 0.22411064613101217, 0.22411064538297257, 0.22411064005745857, 0.2241106462725457, 3.6585336878135005e-9, 4.852297663219505e-10, 1.1085351503903419e-9, 0.13866961144289935, 1.154427543487971e-8, 0.22742572481748366, 0.637219747915247, 1.5691955593876423e-9, 0.36278027004667046, 8.531227721189807e-10, 0.2274257256927047, 1.217180250365392e-9, 5.770119232395101e-10, 3.3220012098821264e-10, 4.4010454712065756e-10, 6.468727894014982e-10, 0.22411063953511276, 7.91565280236506e-9, 1.203037330726731e-9, 0.22411063955728106, 3.8061934960350646e-10, 5.169260793568947e-10, 0.3627802691748216, 0.2241106388629716]
v_opt: [0.05172246552046238, 0.224110639471675]
solution time: 0.00521397590637207
McCormick lower bound: -2.2401703509657303

