x_opt: [0.5258472592683958, 0.8988882987561355, 0.10111169217225005, 0.8988883777834311, 0.1011116991691308, 0.10111164322127851, 0.10111169626828061, 0.8988883070015192, 0.10111164223227226, 0.10111170168309998]
w_opt: [0.5258472579829752, 0.10111169114090805, 0.5258472579343282, 5.651294743015792e-8, 0.10111164144713673, 9.647287025751273e-9, 0.42473556879037827, 1.804671002295492e-9, 0.10111169905857235, 6.004913279921898e-9, 0.8988882976052567, 2.333353531845299e-9, 0.10111164178656545, 1.0655029128922581e-9, 0.8988882977252665, 1.2609424925725041e-9, 1.7618191729063357e-9, 0.10111169114239306, 0.10111168470889079, 0.10111164089550558, 0.10111169058341424, 2.985101628816368e-8, 1.4088434308959e-9, 3.958504339678651e-9, 7.963503534750562e-8, 4.583305782137844e-8, 0.10111169110991904, 0.8988883036775064, 2.294795195349674e-8, 0.10111169993828656, 2.738462344550096e-9, 0.10111169092286419, 8.00250132024329e-9, 1.8419274659207668e-9, 9.862400863507772e-10, 8.697812843261502e-10, 2.099638127888379e-9, 0.10111163958196684, 2.2215411885221083e-8, 7.963479764583972e-9, 0.10111164084474238, 9.086428117718095e-10, 1.64452061649487e-9, 0.10111169791072436, 0.10111163852467413]
v_opt: [0.010223621972114807, 0.10111164006267706]
solution time: 0.006632089614868164
McCormick lower bound: -4.598368817856057

