x_opt: [0.4479536990950127, 0.7582545289442847, 0.2417454400065604, 0.8682406859747404, 0.24174546535679553, 0.13175937672667504, 0.2417454468855981, 0.7582545434304768, 0.1317593339131562, 0.24174547594283605]
w_opt: [0.4479536966125167, 0.24174543839793597, 0.44795369750619013, 8.529689553042655e-8, 0.13175937445912447, 1.581227915176463e-8, 0.20620824694395581, 1.8674914416447592e-9, 0.24174547287391662, 6.6210874881149796e-9, 0.7582545273602788, 3.261294933860534e-9, 0.13175937518953587, 1.6258050902363437e-9, 0.7582545272154012, 1.5826342551681038e-9, 7.107616400574239e-9, 0.24174543849780664, 0.24174543353208117, 0.131759373673139, 0.24174543827087233, 2.8612653744895893e-8, 1.9087025139581503e-9, 4.704495637076809e-9, 0.10998615470809375, 9.437259422699954e-8, 0.2417454394621926, 0.7582545388211668, 2.3512505559344782e-8, 0.24174547353401088, 3.6038321350284303e-9, 0.24174544120717112, 1.1280402190785683e-8, 2.283380289533434e-9, 1.1971479248493757e-9, 1.6437448394635258e-9, 2.984864914234668e-9, 0.13175933153565184, 3.429329564378587e-8, 6.35768305739945e-9, 0.131759331667497, 1.5160966052914739e-9, 1.928141038325777e-9, 0.24174547090814485, 0.13175932907416657]
v_opt: [0.05844088033630687, 0.13175933053609068]
solution time: 0.00527191162109375
McCormick lower bound: -3.8544840050310953

