x_opt: [0.742987457141763, 0.7907411767075272, 1.893046521138107e-7, 0.9999998684630078, 0.20925883362228304, 8.166021712424046e-8, 0.20925878189235866, 0.7907412306764023, 8.617676346983158e-8, 0.7429874626652885]
w_opt: [0.7429874548665687, 1.8747137482713956e-7, 0.7429874557840729, 3.3276480842685955e-7, 7.93994322273647e-8, 4.839162277015648e-8, 0.5337286924694925, 3.2236433720129645e-9, 0.7429874317767267, 1.0194752377288506e-8, 0.7907411750015011, 2.2578946428727443e-8, 7.984124018249892e-8, 8.114309057012065e-9, 0.7907411747034507, 2.1078632149999518e-9, 0.5337287086212978, 1.8724097549064655e-7, 1.83713153755712e-7, 6.988907580068355e-8, 1.8799825667376914e-7, 7.846178391806337e-8, 2.9731589447841628e-9, 8.07298921116466e-9, 0.20925870710781838, 6.902290990771384e-8, 0.20925875901662333, 0.7907412235476451, 1.6746605918524177e-8, 0.7429874606003132, 7.75682433764895e-9, 0.2092587640357017, 7.598166307064876e-8, 5.733295388119523e-9, 2.3828128666361635e-9, 1.8575250742841111e-9, 6.430625603106533e-9, 7.649985851002029e-8, 4.8038834952663625e-8, 2.505269405276042e-8, 8.363842485249628e-8, 1.879719693776901e-9, 2.012512584107855e-9, 0.7429874570367453, 7.496186164037698e-8]
v_opt: [0.04378926765465586, 8.18030967241486e-8]
solution time: 0.004385948181152344
McCormick lower bound: -3.1688446779280013

