x_opt: [0.3703176648040824, 0.794644205518382, 0.20535571049296827, 0.9673608397015465, 0.2053557922232324, 0.2053556929598623, 0.2053557104960187, 0.794644209496385, 0.20535568950095653, 0.20535579308182514]
w_opt: [0.37031766359652535, 0.20535570973535724, 0.37031766361715673, 5.030433618311394e-8, 0.20535569143981747, 1.0551105090102637e-8, 0.16496187623306544, 1.0316443630401058e-9, 0.20535579113090305, 3.29601173342176e-9, 0.7946442044464125, 2.125748340442408e-9, 0.20535569204685755, 6.466653463606873e-10, 0.7946442042945667, 8.637586942064943e-10, 1.2660753824183956e-9, 0.20535570974176962, 0.2053557055186227, 0.20535569068394136, 0.20535570853107524, 9.240358238835257e-9, 1.0053238358892843e-9, 2.253938385209569e-9, 0.17271663415583013, 0.1727165442629364, 0.20535570658910532, 0.7946442070049554, 0.17271653116977684, 0.2053557914373563, 1.96682582729219e-9, 0.2053557070990437, 3.1221277692968465e-9, 1.1881400665851032e-9, 8.918306287283876e-10, 8.707077824531479e-10, 1.5259640601095459e-9, 0.20535568773479146, 1.4417692972872859e-8, 4.25524255459584e-9, 0.20535568823070266, 7.593937557013384e-10, 1.762521473843383e-9, 0.2053557890364188, 0.20535568688505138]
v_opt: [0.0421709761895175, 0.20535568780167332]
solution time: 0.006879091262817383
McCormick lower bound: -3.8517654627925366

