x_opt: [0.5258454804282293, 0.898886579046434, 0.10111337212271591, 0.8988887688810726, 0.10111341130449462, 0.10111272501899372, 0.10111340838362906, 0.8988865930548445, 0.10111272574774594, 0.10111342207049917]
w_opt: [0.5258454794693235, 0.10111337140055428, 0.5258454793226901, 3.962183167395924e-7, 0.101112723615078, 9.77246538822279e-9, 0.4247320754457567, 1.2451820955745993e-9, 0.10111341994389325, 5.23847810085081e-9, 0.8988865781279319, 2.5191273191936807e-9, 0.10111272395861531, 7.602992204743258e-10, 0.89888657822704, 9.250453191400391e-10, 2.629133677902063e-9, 0.10111337138195345, 0.10111335607680895, 0.10111272277997191, 0.10111337009843346, 2.0762492186491425e-8, 1.0162232406126546e-9, 2.8377701167571934e-9, 2.1826342311407915e-6, 1.549913293356572e-6, 0.10111340426485589, 0.8988865908335391, 1.5146069828267253e-6, 0.10111342064020405, 2.0610822339273265e-9, 0.10111338768750822, 5.73845862356963e-9, 1.3143978739154356e-9, 8.365084450443568e-10, 6.663428802313686e-10, 1.720287944778088e-9, 0.10111272254548362, 3.810748497170534e-8, 9.548142233869621e-9, 0.10111272458209179, 6.69582941484967e-10, 1.7369016921243284e-9, 0.10111341816537395, 0.1011127225464194]
v_opt: [0.010224297913383158, 0.10111272418611406]
solution time: 0.004497051239013672
McCormick lower bound: -4.33984863058498

