x_opt: [0.5258473185719518, 0.8988883826222397, 0.10111161386453157, 0.8988883890383306, 0.1011116153200647, 0.10111161100515376, 0.10111161420376445, 0.8988883849674448, 0.10111161090748684, 0.1011116238587625]
w_opt: [0.5258473183215194, 0.10111161365972555, 0.5258473183152825, 1.3851978519638683e-8, 0.1011116106739212, 1.894501913739645e-9, 0.424735704027086, 3.7437218189239776e-10, 0.10111162325434361, 9.78785252204152e-10, 0.8988883823899565, 4.0514979811887955e-10, 0.10111161070898157, 2.1340456824269987e-10, 0.898888382422852, 2.427076186043809e-10, 6.6811438480235205e-9, 0.10111161364020171, 0.10111161221191463, 0.10111161047973118, 0.10111161352562252, 5.2344200306593044e-9, 2.8373170692425605e-10, 8.245094254850326e-10, 4.927484793117087e-9, 5.42682359646724e-9, 0.10111161306834952, 0.8988883838969846, 1.0744660391626178e-9, 0.10111162354479628, 5.36222843961166e-10, 0.10111161314618412, 8.086636582297393e-10, 3.8007737312728645e-10, 1.8941999438418888e-10, 1.6711948516171735e-10, 4.913824673508623e-10, 0.10111161036172041, 4.432974872789402e-9, 7.860344873966831e-10, 0.1011116106139439, 1.7781998756734854e-10, 3.2815254725052726e-10, 0.10111162315630183, 0.10111161015495536]
v_opt: [0.010223636208891176, 0.10111161048770283]
solution time: 0.0062198638916015625
McCormick lower bound: -3.9928362805969737

