x_opt: [0.3714200807137558, 0.628580038082604, 0.3370322712263223, 0.8236063582244995, 0.37141996120369386, 0.17639367111888493, 0.3370322714894358, 0.6285800390261987, 0.1763936504120619, 0.37141996211378425]
w_opt: [0.3714200804746896, 0.33703227108986794, 0.37142008056370984, 7.991514623231696e-9, 0.17639367091638056, 1.7383800351251998e-9, 1.2004986939586346e-7, 1.5590519895929538e-10, 0.3714199617792161, 4.165610876612053e-10, 0.6285800379174229, 3.1269147179910027e-10, 0.17639367098281428, 1.3023949999766777e-10, 0.6285800378966607, 1.3018170941045848e-10, 4.430155621166345e-10, 0.33703227107221323, 0.33703227076906933, 0.1763936707869495, 0.3370322710564521, 1.267623509744498e-9, 1.697510801683904e-10, 3.8474426100892544e-10, 0.19502631972588338, 3.2033363410611794e-8, 0.3370322707281694, 0.6285800385756838, 8.878963297229004e-9, 0.3714199619028476, 3.1033300053953127e-10, 0.33703227108566836, 5.076710895087952e-10, 1.9788029616292693e-10, 1.1502085667814232e-10, 1.664552676671088e-10, 2.49855725333102e-10, 0.17639365022103579, 2.8664154815948136e-9, 3.6205131835904044e-10, 0.17639365018063924, 1.4056279137330097e-10, 1.8822301907464236e-10, 0.3714199616110888, 0.17639364995546233]
v_opt: [0.11359110774539276, 0.17639365011757102]
solution time: 0.004717111587524414
McCormick lower bound: -2.8279781752796462

