x_opt: [0.5258469203407441, 0.8988877533405152, 0.10111213562009345, 0.8988882659126505, 0.10111223334919507, 0.10111183149635854, 0.1011121595352527, 0.8988877656171722, 0.10111182723231611, 0.1011122648266228]
w_opt: [0.5258469193512221, 0.10111213482948295, 0.5258469192944515, 2.96642493424835e-7, 0.10111183003883582, 1.1261300493228146e-8, 0.42473468895624833, 1.495571903795624e-9, 0.10111226127528938, 4.401137699076311e-9, 0.8988877524399538, 4.845337887743858e-9, 0.10111183038916602, 8.376279827050409e-10, 0.8988877525008651, 8.486981523222521e-10, 2.056735336194979e-8, 0.10111213481674373, 0.10111211125777379, 0.1011118308147909, 0.10111213381963761, 1.593002199083509e-8, 1.1355482201284767e-9, 3.3916685790301295e-9, 5.060331157258173e-7, 1.1854424132491388e-7, 0.10111215373460358, 0.8988877464163851, 1.0420604196037357e-7, 0.10111226341754175, 2.49865514281004e-9, 0.10111213926784839, 3.5292240511639366e-9, 1.729624900882447e-9, 8.890592478813113e-10, 6.652194447886341e-10, 3.7295395288435015e-9, 0.10111182355901396, 2.222451276788826e-8, 3.1189525469416158e-9, 0.10111182634065193, 6.789817668953053e-10, 4.600125743773971e-9, 0.10111226125474533, 0.10111182519556404]
v_opt: [0.010223741297746317, 0.10111182552124601]
solution time: 0.004525899887084961
McCormick lower bound: -4.262615215259404

