x_opt: [0.5258450199015406, 0.8988834745408025, 0.10111355078957376, 0.8988865375966361, 0.10111573556590381, 0.10111330947151445, 0.10111404778365196, 0.8988842683704894, 0.10111326766005824, 0.10111664343749484]
w_opt: [0.5258450014305365, 0.10111353624686727, 0.5258449981098623, 6.952244357937568e-6, 0.10111328371301559, 1.9784802819248165e-7, 0.4247293265277707, 2.7299808569081922e-8, 0.1011165500120255, 5.656487029272851e-8, 0.8988834535878166, 4.031245518419645e-8, 0.10111328615624399, 1.415385395156587e-8, 0.898883458119887, 1.6849936045100244e-8, 1.295260059968739e-7, 0.10111353224275516, 0.10111342789910692, 0.10111324061765342, 0.10111351185284986, 4.860035859616838e-7, 2.1238100247248428e-8, 5.933666860085514e-8, 2.3366412221710156e-6, 3.229655676947265e-7, 0.10111393520163463, 0.8988841886031979, 6.029359069488266e-8, 0.1011166194704076, 4.1041824041935544e-8, 0.10111386381083985, 5.6562706333712605e-8, 2.860621277359118e-8, 1.6771564362489357e-8, 1.3157761676049524e-8, 3.196643135840247e-8, 0.1011132424691629, 4.11798922259786e-7, 2.1742811717302263e-7, 0.10111323285921585, 1.3698376339216058e-8, 3.1936739119835504e-8, 0.1011165742448362, 0.10111320654990938]
v_opt: [0.010224118832627234, 0.10111323715346661]
solution time: 0.004468202590942383
McCormick lower bound: -3.1130132433594757

