x_opt: [0.2769436603288433, 0.723057833716815, 0.2738652227933489, 0.9999996434078106, 0.2769421614018037, 0.26685865863704467, 0.27386523481383734, 0.7230578515312257, 0.26685855916988893, 0.2769421591910498]
w_opt: [0.2769436527326829, 0.2738652185002388, 0.276943655177095, 2.578365776583538e-7, 0.26685865142787196, 5.662651186786257e-8, 1.5237322126594269e-6, 4.840691647827152e-9, 0.2769421500368827, 1.5784741355679377e-8, 0.7230578285615884, 1.1732208159128383e-8, 0.2668586544257679, 3.6852007359500444e-9, 0.7230578270784841, 4.344174606364513e-9, 6.9111468132740836e-9, 0.2738652187950294, 0.2738652055249466, 0.2668586496218084, 0.2738652166033962, 4.54692646782244e-8, 5.227503098235286e-9, 1.1533673180079464e-8, 0.27694181541699814, 0.26685835807683517, 0.27386521561899396, 0.7230578386588521, 0.2668582117967802, 0.2769421513151336, 1.0054948217441781e-8, 0.2738652213352628, 1.975332844668464e-8, 6.004849675435978e-9, 3.96388112530502e-9, 5.3338979675295716e-9, 8.063402744921835e-9, 0.26685855199526176, 8.428135958746909e-8, 1.5590853981739568e-8, 0.26685855259718627, 4.382619007276893e-9, 7.120679899045149e-9, 0.27694214085477087, 0.26685854603687176]
v_opt: [0.07500280429013069, 0.2668585496551795]
solution time: 0.004952192306518555
McCormick lower bound: -3.666341571408774

