x_opt: [0.525842105919726, 0.8988800697522065, 0.10111552549144781, 0.8988844791232397, 0.1011199298342366, 0.10111552386804708, 0.10111552741884308, 0.8988800702996398, 0.10111552383812845, 0.10111993021799202]
w_opt: [0.5258421058077868, 0.1011155254150773, 0.5258421057953991, 5.463176901081091e-9, 0.10111552372433019, 1.1256199364325638e-9, 0.4247221764018333, 1.1809342697767656e-10, 0.10111993000385416, 2.586726578544289e-10, 0.8988800696297456, 2.2166431070372784e-10, 0.10111552375916803, 6.848077989702172e-11, 0.898880069630113, 8.1308377013281e-11, 1.536942496637662e-10, 0.10111552539232288, 0.10111552512663326, 0.10111552357549546, 0.10111552536969301, 8.432103477265037e-10, 1.0822068614293067e-10, 2.5054489366596926e-10, 4.409153745864487e-6, 4.52910743385699e-9, 0.10111552691484035, 0.8988800700246293, 3.1903691864663948e-9, 0.10111993007999294, 1.9981268141850587e-10, 0.10111552707068304, 3.0725888143943903e-10, 1.3290856259815435e-10, 9.500758735831877e-11, 8.227794955150476e-11, 1.3394393902972317e-10, 0.10111552361755828, 1.5265264325884997e-9, 3.0972666873865894e-10, 0.10111552370109636, 7.519924702696117e-11, 1.5688394661910563e-10, 0.10111992982025432, 0.1011155235528319]
v_opt: [0.01022462325839053, 0.10111552367500891]
solution time: 0.0067369937896728516
McCormick lower bound: -2.6481880256249313

