x_opt: [0.4999996676611864, 0.5000002599220232, 1.2687840429435052e-5, 0.8490522380663977, 0.1770876504087749, 0.15094767154526412, 0.15094776574920918, 0.822912016461089, 0.15094757261808928, 0.4999998535247754]
w_opt: [0.4999996286976496, 1.2674064662221196e-5, 0.4999996500193196, 2.7393898983730705e-6, 0.1509476439965597, 3.2859326792305834e-7, 0.32291229018586903, 2.006030468289101e-8, 0.4999995926818923, 5.7173004001082475e-8, 0.5000002262754247, 2.2660278543497929e-7, 0.15094765528350487, 1.8242523691670776e-8, 0.5000001786323631, 1.3493740303810718e-8, 1.9384925093336835e-7, 1.2651672838446848e-5, 1.2634621583106548e-5, 1.2546206228046818e-5, 1.2672672407029961e-5, 1.7094707836243504e-7, 2.0779430642239758e-8, 6.322045259790357e-8, 0.02613992038507528, 5.05006524930252e-7, 0.15094754414505515, 0.8229119328091506, 1.2056952357622025e-7, 0.4999998309982943, 5.3683283110495063e-8, 0.15094761753738772, 9.624202147774595e-8, 3.5984672874632817e-8, 2.527500537996348e-8, 2.3018428998023577e-8, 2.880967463025899e-8, 0.15094753014532594, 3.057229726859021e-7, 1.8118886113319952e-7, 0.15094749562728, 1.792156522025737e-8, 3.173572116308829e-8, 0.4999995740507689, 0.15094748044301792]
v_opt: [0.022785760819537378, 0.1509475401730611]
solution time: 0.004796028137207031
McCormick lower bound: -1.5174632272815598

