x_opt: [0.5258473063380168, 0.8988883660122676, 0.10111162037588935, 0.8988883792946282, 0.10111163016392716, 0.10111162039692809, 0.10111162039520259, 0.8988883698774571, 0.10111162035638728, 0.1011116342497872]
w_opt: [0.5258473062582285, 0.10111162031574024, 0.5258473062190195, 2.2420395674346185e-8, 0.10111162026021267, 1.3575412813787671e-9, 0.42473567640935594, 1.3299604229069803e-10, 0.10111163405689501, 3.1060334833125946e-10, 0.898888365901997, 1.357001100493915e-10, 0.10111162028612712, 5.5143620926384667e-11, 0.8988883659334855, 7.807804000146262e-11, 3.3620624394375833e-10, 0.10111162029599452, 0.10111161984406006, 0.10111162002292483, 0.10111162020815428, 2.7671400755375702e-9, 9.500236820694519e-11, 2.611637448488253e-10, 9.688272743547446e-9, 2.2045386271417157e-9, 0.10111161982198921, 0.8988883695102721, 1.9835955866313947e-10, 0.1011116341262399, 2.029837895133715e-10, 0.10111161988743704, 2.582771713299634e-10, 1.3864933070598443e-10, 1.2631855108797286e-10, 5.913903779003286e-11, 1.260519717614111e-10, 0.10111162016348836, 1.5446354240445236e-9, 6.162898683156028e-10, 0.10111162022307343, 5.694999140206209e-11, 2.0356582578575113e-10, 0.10111163387646264, 0.10111162003007176]
v_opt: [0.010223594850188422, 0.1011116202245561]
solution time: 0.005121946334838867
McCormick lower bound: -3.0098746369870293

