x_opt: [0.3664715384397988, 0.6335284656394232, 0.27594561233969817, 0.7979525155403914, 0.3664715334586992, 0.20204749016200804, 0.2759456131925686, 0.6335284667437368, 0.20204748646089343, 0.3664715344767169]
w_opt: [0.3664715381945838, 0.2759456121992556, 0.3664715382794644, 8.72544318324652e-9, 0.2020474899475175, 1.88050469470968e-9, 5.5899495143295884e-9, 1.5728054539096185e-10, 0.36647153415968187, 4.5512218498512366e-10, 0.633528465463053, 3.3114192961681217e-10, 0.20204749002328623, 1.2862352727103265e-10, 0.6335284654313488, 1.3295162581921816e-10, 3.9617425435158813e-10, 0.27594561218735586, 0.27594561183538974, 0.2020474898294669, 0.27594561217332775, 1.397316000791457e-9, 1.7190552959734556e-10, 3.8135901582919446e-10, 0.1644240493156744, 8.802764090583762e-9, 0.2759456124238382, 0.6335284662858536, 2.3302313072566613e-9, 0.36647153425042694, 3.1722599325895707e-10, 0.27594561268241913, 4.733428605594771e-10, 1.9889459890674262e-10, 1.2307595845040326e-10, 1.7337472566736673e-10, 2.520299360836427e-10, 0.20204748624562305, 2.8202133727991325e-9, 4.719436676515959e-10, 0.20204748622733099, 1.4310642255693156e-10, 2.072817205705976e-10, 0.36647153392636006, 0.20204748600356878]
v_opt: [0.07614601605696174, 0.20204748616101065]
solution time: 0.005789041519165039
McCormick lower bound: -2.8529345760033675

