x_opt: [0.5000000179348245, 0.5000000338105168, 7.896828137192446e-5, 0.8491103151670099, 0.17705380745074636, 0.15088968467786124, 0.1508896839415591, 0.8229461912719209, 0.150889684422751, 0.49999996883198616]
w_opt: [0.5000000176113538, 7.896810780492428e-5, 0.5000000176106755, 1.5215717158805576e-8, 0.1508896843608541, 2.983133478919814e-9, 0.3229462095827932, 3.2356335981397757e-10, 0.49999996867701507, 5.180426123890567e-10, 0.5000000334445079, 5.870960650097735e-10, 0.15088968434513872, 1.671855943419361e-10, 0.500000033536912, 1.7448720073492208e-10, 2.8728291506256096e-9, 7.89678985900137e-5, 7.896739771121649e-5, 7.896723943878314e-5, 7.896800001960282e-5, 2.368140400963444e-9, 2.7785407720012205e-10, 6.868753129857494e-10, 0.02616412301790381, 4.3572946272784e-9, 0.15088968202288222, 0.8229461905392278, 7.770731936030991e-10, 0.49999996856401596, 4.6101776218993387e-10, 0.1508896825114731, 3.21300058110341e-10, 3.4926085724045744e-10, 2.530108523013124e-10, 1.76364726215567e-10, 2.783904784177573e-10, 0.15088968420127885, 3.5397759205678165e-9, 7.09230896590129e-10, 0.15088968336044078, 1.6745393281517625e-10, 3.652475908468261e-10, 0.4999999678738995, 0.15088968361857058]
v_opt: [0.022768001842300233, 0.15088968407424294]
solution time: 0.004796028137207031
McCormick lower bound: -1.7348917460481883

