x_opt: [0.5258451943280742, 0.8988854490888807, 0.10111426140304156, 0.898888289857434, 0.10111441286272044, 0.1011127517355973, 0.10111431642949, 0.8988855781963311, 0.10111273137457494, 0.10111459542284687]
w_opt: [0.5258451904576146, 0.10111425849641942, 0.5258451896092232, 2.3206238772548616e-6, 0.1011127454637224, 6.233837943932191e-8, 0.424730786659608, 5.839098364555531e-9, 0.10111457921054821, 2.4788240221850496e-8, 0.8988854442973533, 6.269766831734752e-9, 0.10111274719989473, 3.1459849343305603e-9, 0.8988854458884754, 4.1735296450205725e-9, 4.528153499103315e-8, 0.10111425813263712, 0.10111418598439502, 0.10111273178940874, 0.10111425090014707, 2.002043816148137e-7, 4.402176891717183e-9, 1.3397226299206391e-8, 2.7240354251113134e-6, 1.3038605716157291e-6, 0.10111429002290799, 0.8988855434506926, 1.1022715856454156e-6, 0.10111458930477993, 1.0121990946483992e-8, 0.10111422927732905, 5.194463456568016e-9, 7.075159907450216e-9, 4.4735385660041004e-9, 2.6616837180205277e-9, 9.082867983124086e-9, 0.10111272222037043, 7.910025275484895e-8, 6.618470840402233e-8, 0.10111272470439603, 2.640789112529418e-9, 1.500157557962778e-8, 0.10111457752664377, 0.10111270727860283]
v_opt: [0.0102242385471398, 0.10111272477493143]
solution time: 0.004599094390869141
McCormick lower bound: -3.744561353952498

