x_opt: [0.5258465184018478, 0.8988869543164464, 0.10111302557448734, 0.8988880689416672, 0.10111304576834779, 0.10111193701713354, 0.10111302737772764, 0.898886957025577, 0.10111193645213941, 0.10111304566625183]
w_opt: [0.5258465178817213, 0.1011130251827634, 0.525846517919108, 7.373950948480089e-8, 0.10111193637751048, 4.092120387276268e-9, 0.4247334764054312, 6.081576849065944e-10, 0.10111304467857059, 2.037817493247514e-9, 0.8988869538797801, 9.41949657883697e-10, 0.10111193651629165, 4.1165433337660996e-10, 0.8988869538946141, 4.370408494015479e-10, 5.637742195331308e-10, 0.10111302516847016, 0.10111302312721612, 0.1011119361500646, 0.10111302512203754, 2.1455526400790108e-8, 5.213207606517642e-10, 1.4155559592830154e-9, 1.1156327074395467e-6, 1.4916056186820175e-8, 0.10111302531235902, 0.8988869558521125, 6.449336945492568e-9, 0.10111304502782889, 1.0008238649296318e-9, 0.10111302478778905, 3.4542696819414303e-9, 6.658629164347934e-10, 3.6227716032201467e-10, 3.5259963373324727e-10, 7.358961354182086e-10, 0.10111193555967715, 9.532472731778578e-9, 3.924922997812288e-9, 0.10111193591078824, 3.557108293785177e-10, 5.752431834763079e-10, 0.10111304420404398, 0.10111193512197675]
v_opt: [0.010224255189258586, 0.10111193563626122]
solution time: 0.004604816436767578
McCormick lower bound: -3.984782165589944

