x_opt: [0.5919998584930305, 0.9446623241504837, 0.05533767582921495, 0.9446623242331181, 0.05533767583628069, 0.055337675769510916, 0.05533767583545728, 0.9446623241952945, 0.05533767576780164, 0.14191887893138888]
w_opt: [0.591999858489396, 0.05533767582597293, 0.5919998584896355, 1.5349682180816123e-10, 0.05533767576478755, 2.4142757959446937e-11, 0.5366621826962519, 6.029221227935628e-12, 0.14191887892412872, 1.891713456090971e-11, 0.944662324147491, 5.907724704374057e-12, 0.05533767576513708, 4.0958039097997786e-12, 0.9446623241479021, 3.929835845852142e-12, 0.08658120308470633, 0.055337675826067016, 0.055337675807754616, 0.055337675763031946, 0.0553376758249303, 1.0678430101960727e-10, 4.305051440576016e-12, 1.4204712141826933e-11, 7.659655683492481e-11, 8.354889125699814e-11, 0.055337675821300926, 0.9446623241846409, 1.3983426418539729e-11, 0.14191887892684743, 8.255471721537404e-12, 0.055337675818426926, 3.749012272121014e-11, 5.9181538023397365e-12, 2.4946042323139377e-12, 2.365689475018548e-12, 6.996668681813175e-12, 0.05533767575984008, 7.603351753977188e-11, 4.217398055775219e-11, 0.055337675763846184, 2.6542196279440527e-12, 3.966804423118526e-12, 0.14191887892231375, 0.05533767575746376]
v_opt: [0.0030622664634105835, 0.055337675761306014]
solution time: 0.006532907485961914
McCormick lower bound: -4.934571718098203

