x_opt: [0.5081659759790464, 0.8669654225691618, 0.13303457735304708, 0.891931559150637, 0.13303457742384592, 0.10806844836791238, 0.133034577368763, 0.8669654225927659, 0.10806844833578515, 0.13303457743184238]
w_opt: [0.5081659759749556, 0.133034577349353, 0.5081659759738306, 2.0820725189317985e-10, 0.10806844836194834, 4.078376740494539e-11, 0.37513139858170763, 4.638296845615775e-12, 0.13303457742390207, 1.6076760388273876e-11, 0.866965422565027, 8.962384663634566e-12, 0.10806844836404472, 3.483896890397785e-12, 0.8669654225646404, 3.85798732342755e-12, 8.07537703659933e-12, 0.1330345773495181, 0.13303457733559867, 0.1080684483604268, 0.13303457734833093, 6.43569369798002e-11, 4.599676306115359e-12, 1.1023866681059287e-11, 0.024966136583473797, 7.577391696103936e-9, 0.13303457735244528, 0.8669654225816882, 7.495084653965223e-9, 0.13303457742550237, 8.82508787032436e-12, 0.13303457735649812, 2.250074207926929e-11, 5.5037076300876495e-12, 3.24761313343571e-12, 3.886454051632983e-12, 6.909566722274776e-12, 0.10806844832974415, 7.564464498066163e-11, 1.558375324349142e-11, 0.10806844833095056, 3.5446892606417487e-12, 5.4516758149229676e-12, 0.13303457741794505, 0.10806844832473961]
v_opt: [0.017698245555282453, 0.10806844832831537]
solution time: 0.005173921585083008
McCormick lower bound: -3.926818090486737

