x_opt: [0.36225568523516555, 0.6377443130328629, 0.22390311167577487, 0.7760968887872032, 0.3622556833585978, 0.22390311179369538, 0.22390311176853395, 0.6377443161987785, 0.22390311142106464, 0.36225568661639856]
w_opt: [0.36225568514894635, 0.22390311164349155, 0.36225568518187484, 1.0609123029747488e-8, 0.22390311172743066, 4.2317149426586815e-9, 3.2116710705365763e-9, 3.829606534287454e-11, 0.3622556847516662, 1.1620796732598793e-10, 0.6377443129684246, 1.4299673574458586e-10, 0.22390311175934444, 3.3156365445068826e-11, 0.6377443129174234, 3.423094759871173e-11, 9.619545428372348e-11, 0.2239031116338653, 0.22390311153218118, 0.22390311148273276, 0.2239031115994953, 5.465549396467703e-10, 4.816593588136429e-11, 9.28177097792429e-11, 0.13835257223132785, 5.896529905387405e-9, 0.22390311145786249, 0.6377443160476735, 5.337658124153637e-10, 0.3622556865344385, 8.812272398613831e-11, 0.22390311159355397, 8.580803519739194e-11, 5.450782789301475e-11, 4.205038577404277e-11, 7.479545405763274e-11, 6.680619753121756e-11, 0.2239031113318639, 2.9148943321940756e-9, 1.7669386873352135e-10, 0.22390311130898696, 4.582469741145863e-11, 8.100763998003945e-11, 0.36225568636871275, 0.22390311126995233]
v_opt: [0.0501326515701511, 0.22390311129439303]
solution time: 0.00722503662109375
McCormick lower bound: -1.8821085716387755

