x_opt: [0.3193534125066079, 0.6806483220288382, 0.31935164284370404, 0.9506477103969847, 0.31935167304542744, 0.31935162873189044, 0.31935164452503334, 0.6806483300746555, 0.04935241719862744, 0.3193516815117577]
w_opt: [0.319353410420808, 0.3193516416519993, 0.31935341132650513, 7.631952952908264e-8, 0.31935162697467534, 1.310963313061135e-8, 1.7461946983263698e-6, 1.2431615731140478e-9, 0.31935167927816976, 5.390169428993231e-9, 0.6806483208455542, 2.4386373065169835e-9, 0.3193516276993136, 1.1267205621344453e-9, 0.6806483206426718, 1.1666560231126532e-9, 5.477578128188665e-9, 0.31935164183235, 0.31935163767814306, 0.31935162635716646, 0.3193516411837905, 2.17603911012892e-8, 1.3631318749916875e-9, 3.203501317737937e-9, 0.2699993861379397, 0.26999935889619603, 0.3193516393436721, 0.6806483266286435, 1.3025790182228086e-7, 0.3193516795272821, 2.654970990816383e-9, 0.3193516405531582, 4.991237047283729e-9, 1.5791069841888808e-9, 8.914153326099309e-10, 1.383746191495514e-9, 2.7478207965250357e-9, 0.04935241543136894, 2.6235673334527592e-8, 4.699356719155724e-9, 0.049352415522179865, 1.173759499625607e-9, 1.5314491020122308e-9, 0.319351677450008, 0.04935241380357881]
v_opt: [0.10198572236050328, 0.04935241458024177]
solution time: 0.007029056549072266
McCormick lower bound: -4.257196723163931

