x_opt: [0.525846589894184, 0.8988871724899796, 0.10111280246674097, 0.8988881733018096, 0.10111282435266901, 0.1011119353297664, 0.10111281535355446, 0.8988871941733972, 0.10111193059666122, 0.10111282648832584]
w_opt: [0.5258465862796681, 0.10111279965721987, 0.5258465863817289, 1.4987261945249382e-7, 0.10111193055988321, 2.6262126633941382e-8, 0.4247337910754107, 4.558905646337167e-9, 0.10111281974418572, 1.668949792444223e-8, 0.8988871694704724, 6.591241519992292e-9, 0.10111193170170243, 2.8732450426097912e-9, 0.8988871696998818, 3.3856139880810593e-9, 2.7938328208111873e-9, 0.10111279978778996, 0.10111278497631028, 0.10111192946739464, 0.10111279839517374, 7.361923563999228e-8, 3.7376190070976574e-9, 1.0247395084777492e-8, 1.004875341931154e-6, 1.7140158508379516e-7, 0.10111280192088881, 0.8988871855201511, 1.1020986154857782e-7, 0.10111282167181877, 7.311395751832117e-9, 0.10111280204975162, 2.325021539707606e-8, 4.7981467724975034e-9, 2.5909584687709886e-9, 2.432559195847677e-9, 5.6632103313840745e-9, 0.10111192379413911, 6.005413320607975e-8, 2.2547938648687462e-8, 0.10111192684178298, 2.4982241285518004e-9, 4.324601786636629e-9, 0.10111281635411268, 0.10111192093023852]
v_opt: [0.010223822297017971, 0.10111192464220199]
solution time: 0.005177021026611328
McCormick lower bound: -4.802895019015202

