x_opt: [0.5258457897989972, 0.8988849220348336, 0.10111379145967467, 0.8988877687280277, 0.10111467345065145, 0.1011124352683865, 0.10111400559400766, 0.8988855433925206, 0.10111242115598928, 0.10111569666953049]
w_opt: [0.5258457717244639, 0.10111377675638672, 0.525845770551379, 3.4387169474081017e-6, 0.10111241033878496, 1.451008954907735e-7, 0.4247313704534195, 2.7028374324138468e-8, 0.10111565752423315, 9.507588629276861e-8, 0.8988849044977716, 4.238759663402376e-8, 0.10111241367447067, 1.5082808484495827e-8, 0.8988849076778971, 1.8026009203164967e-8, 6.34543080841556e-7, 0.10111377548213318, 0.10111359028634298, 0.10111238160549732, 0.10111376182357387, 5.307549186643205e-7, 2.048118537057553e-8, 5.946367488617536e-8, 2.499702247905542e-6, 8.372275985187049e-7, 0.10111392239123883, 0.8988854179330632, 3.992041485408667e-7, 0.1011156728219368, 4.015442183591585e-8, 0.10111375056647959, 2.576147391584164e-7, 2.7769219285399085e-8, 1.4610290229146436e-8, 1.2287174659270444e-8, 3.590393994176971e-8, 0.10111237275117481, 3.5152341221604566e-7, 2.430831453596777e-7, 0.10111239773414853, 1.2966595594888788e-8, 2.8145823395126562e-8, 0.1011156408440422, 0.1011123695273523]
v_opt: [0.010224088625513557, 0.10111239078769028]
solution time: 0.0059719085693359375
McCormick lower bound: -4.013465245759376

