x_opt: [0.5258473078050072, 0.8988883777489192, 0.10111162155103842, 0.8988883887708963, 0.10111162211488095, 0.10111161856144624, 0.1011116219183232, 0.8988883779395447, 0.10111161810868209, 0.10111162228303835]
w_opt: [0.5258473077705358, 0.10111162152936135, 0.5258473077748619, 1.4885401407180956e-8, 0.1011116185247957, 2.9656304904600246e-10, 0.4247356857952458, 2.9885224038754415e-11, 0.10111162223573422, 1.184000038611235e-10, 0.89888837772284, 4.897486351983572e-11, 0.10111161853593724, 2.129361828298484e-11, 0.8988883777225012, 2.3782774252467523e-11, 6.655446856677952e-11, 0.1011116215287278, 0.10111162141896182, 0.10111161851222292, 0.10111162152185413, 9.241721794828181e-10, 2.8543775776949605e-11, 7.10191924633926e-11, 1.0941701507954376e-8, 7.8654358751206e-9, 0.10111162178762223, 0.8988883778707891, 6.929105985029337e-9, 0.10111162224385935, 5.530682535977736e-11, 0.10111162173510288, 9.591097905608906e-11, 3.5388921517679106e-11, 2.0753547081598283e-11, 2.2445779883607704e-11, 4.1675736446493146e-11, 0.10111161806807738, 8.588055389105269e-10, 3.7288565911419383e-10, 0.10111161807374462, 2.091968567240117e-11, 3.505065096711517e-11, 0.1011116221892316, 0.10111161803168568]
v_opt: [0.01022359315536495, 0.10111161805937068]
solution time: 0.0051441192626953125
McCormick lower bound: -3.740546529741627

