x_opt: [0.3622564516604491, 0.637745151774859, 0.22390249991946873, 0.7760975240247637, 0.36225449827724043, 0.22390251731417676, 0.2239024944754216, 0.6377455495086355, 0.22390247315660042, 0.3622549158589207]
w_opt: [0.36225644261496115, 0.22390249686264493, 0.36225644761540765, 1.1057542281229333e-6, 0.223902505620511, 1.7427348338929784e-7, 2.0209813428853553e-6, 4.336171248890816e-9, 0.3622548549805376, 2.1891831351756124e-8, 0.6377451449195151, 1.6957790269356892e-8, 0.22390251403014558, 4.242426195726288e-9, 0.6377451439479517, 3.493004811920763e-9, 7.296321442859925e-8, 0.2239024962208281, 0.2239024849668115, 0.22390246881873088, 0.2239024933897121, 1.6336587069407072e-7, 5.264739108475136e-9, 1.6680388333891698e-8, 0.13835204304311072, 3.352083713216512e-7, 0.22390244389485006, 0.6377455115150439, 1.204757244674474e-7, 0.3622549080814693, 1.7091017751519116e-8, 0.2239024575706632, 7.071714150193504e-8, 1.032764959146697e-8, 6.2867830224369124e-9, 4.366732068753171e-9, 9.154217088948303e-9, 0.22390245099846182, 1.4747128939244413e-7, 4.649895585000097e-8, 0.2239024596162199, 3.896819118990213e-9, 1.2018376403566104e-8, 0.3622548906582213, 0.22390244740888865]
v_opt: [0.05013315311653078, 0.22390246344184653]
solution time: 0.004175901412963867
McCormick lower bound: -2.580203827290535

