x_opt: [0.5258416832312491, 0.8988846044169884, 0.10111539340652932, 0.8988908620903423, 0.1011153952806598, 0.10111538830541295, 0.10111539367324872, 0.8988846057506567, 0.10111538735696729, 0.10111539545865758]
w_opt: [0.5258416828510984, 0.10111539315914413, 0.5258416828650239, 1.4014720058740418e-8, 0.10111538783903826, 2.714361041768483e-9, 0.4247262896072968, 3.54685254829352e-10, 0.1011153948586453, 1.512478682735557e-9, 0.8988846041284925, 5.877636970399859e-10, 0.10111538801143173, 2.3206506027980824e-10, 0.8988846041167958, 2.9934806318635467e-10, 4.0447980636367186e-10, 0.10111539318514981, 0.10111539155898579, 0.10111538777813825, 0.10111539292825299, 5.913029484723684e-9, 3.225786063452447e-10, 7.918593414397332e-10, 6.258066919680497e-6, 6.254374422905249e-6, 0.10111539255434315, 0.8988846050103526, 6.250078032971323e-6, 0.10111539495243506, 6.455591635037373e-10, 0.10111539266454982, 1.4219875884468764e-9, 3.93186797083564e-10, 2.519972844440526e-10, 2.4680483264032756e-10, 5.21108220591631e-10, 0.10111538681448959, 4.992605310371861e-9, 1.5552217756451468e-9, 0.10111538701705194, 2.337352227235492e-10, 4.704397238559596e-10, 0.10111539438546144, 0.10111538653161452]
v_opt: [0.010224646085364775, 0.1011153868118936]
solution time: 0.004980802536010742
McCormick lower bound: -5.11176413328107

