x_opt: [0.5258473257840973, 0.8988883510506399, 0.10111161880773298, 0.8988883900635642, 0.10111162187315166, 0.10111160017596152, 0.10111161873765286, 0.898888378577033, 0.10111159990988206, 0.10111166671386264]
w_opt: [0.5258473251472502, 0.10111161834987632, 0.5258473251827055, 2.0806028556496716e-7, 0.10111159944799027, 6.626402240123066e-9, 0.4247357057879075, 7.933760483025038e-10, 0.10111166416393846, 2.2516820176824187e-9, 0.8988883504574614, 9.561623051651565e-10, 0.10111159952288122, 4.595525427876643e-10, 0.8988883505549475, 5.411937355765239e-10, 1.833885592506122e-8, 0.10111161824736563, 0.10111161559366225, 0.10111159831068331, 0.10111161804993767, 2.4276129835912083e-8, 6.443354829671287e-10, 1.9289443306866644e-9, 1.333782802503993e-8, 1.3656337456857363e-8, 0.10111161476480605, 0.8988883765810115, 2.7856187694957894e-9, 0.1011116660117896, 1.2876701729246998e-9, 0.10111161473936307, 1.7339802899516874e-9, 8.874702636467316e-10, 4.6314829273493707e-10, 4.1358905886133953e-10, 9.979836439229082e-10, 0.10111159817257155, 1.0691524008611064e-8, 6.53179418464269e-9, 0.1011115990976831, 4.387914510777654e-10, 7.982878058860062e-10, 0.10111166471468384, 0.10111159764027663]
v_opt: [0.010224733067730925, 0.10111159893487541]
solution time: 0.0074961185455322266
McCormick lower bound: -3.165888432246926

