x_opt: [0.36225496201215424, 0.6377431495666658, 0.2239037490212719, 0.7760964165546774, 0.3622568177553585, 0.2239037297621462, 0.22390383056327462, 0.637743092906754, 0.22390345881580848, 0.36225682554018906]
w_opt: [0.36225493157162647, 0.22390374512746267, 0.36225495674866, 2.493450741560075e-6, 0.22390370052568703, 1.3248767179558588e-6, 1.8745200920718022e-7, 3.8552054453098964e-9, 0.36225493132745584, 1.6503967742618626e-8, 0.6377431381453876, 6.265888509324148e-8, 0.22390372619324375, 4.2350579311648185e-9, 0.637743069005652, 4.0832150702849774e-9, 1.662216248636855e-8, 0.22390374350880193, 0.2239037346226377, 0.22390368023268464, 0.2239037428867369, 8.368600652208146e-8, 6.3206750253355824e-9, 1.6550133211066454e-8, 0.1383532688802099, 1.2481686809301439e-6, 0.2239037638006356, 0.6377430618644158, 1.0263468113126597e-7, 0.3622568142919415, 1.9335191434544246e-8, 0.2239038085741596, 6.409543525510812e-8, 1.201694238259959e-8, 7.589975799983118e-9, 1.6780896913543394e-8, 8.817300879160373e-9, 0.2239034060180142, 3.4552076451415054e-7, 3.129816744803113e-8, 0.22390344820893388, 7.490569025529066e-9, 1.3909658513953414e-8, 0.3622567874240386, 0.22390343110585453]
v_opt: [0.050133355616651554, 0.22390344323115885]
solution time: 0.00528407096862793
McCormick lower bound: -1.6770095978631199

