x_opt: [0.5258472235695127, 0.898888169819659, 0.10111167658879223, 0.8988883066602054, 0.10111178163043125, 0.10111168154548841, 0.10111168306498747, 0.8988882061128963, 0.10111168077980813, 0.10111184864275907]
w_opt: [0.525847221520285, 0.10111167492693166, 0.525847220036773, 1.211334724912378e-6, 0.1011116778261851, 3.5908906249453596e-8, 0.42473543350527987, 4.015763926479544e-9, 0.10111183886084324, 6.9998136009243015e-9, 0.8988881665960023, 5.730972382507285e-9, 0.10111167777941622, 1.569066738239116e-9, 0.8988881675497787, 2.0799082239588066e-9, 1.936556288034886e-8, 0.10111167409526213, 0.10111165007648337, 0.1011116684850287, 0.1011116700683459, 7.908610799448393e-8, 2.7520510160682383e-9, 7.60178024810086e-9, 1.0732412470804804e-7, 5.2101247453677484e-8, 0.10111166649006377, 0.8988881793123338, 1.0205602827110009e-8, 0.10111184543908461, 5.254587569884072e-9, 0.10111164246619292, 3.2698556013477113e-9, 3.981258005835075e-9, 3.33712564548858e-9, 1.497165846944743e-9, 3.731612109228676e-9, 0.10111167465364677, 3.877359055468765e-8, 2.9146684925598437e-8, 0.10111167664125635, 1.5493872511738666e-9, 7.181912221542463e-9, 0.10111183828696266, 0.10111167217643945]
v_opt: [0.01022361616298951, 0.10111167719266852]
solution time: 0.005320072174072266
McCormick lower bound: -2.8266313425100145

