x_opt: [0.28016268543166645, 0.7198378482198113, 0.28016159743553953, 0.9999998273957319, 0.2801621492672323, 0.28016077833698877, 0.2801615992128722, 0.7198378527641288, 0.23153397705275028, 0.2801621517679957]
w_opt: [0.28016268421441903, 0.28016159675609104, 0.28016268466162975, 6.23322593432233e-8, 0.28016077725739574, 1.0899348366040195e-8, 5.400289198087186e-7, 7.373597542119738e-10, 0.28016215051724325, 2.4495880905813988e-9, 0.7198378474282583, 1.633917810136963e-9, 0.2801607776972933, 5.925802937876694e-10, 0.7198378472191069, 6.625251012767862e-10, 1.6595198546316717e-9, 0.28016159679887376, 0.28016159486314757, 0.2801607769364726, 0.2801615965085067, 7.605570124110944e-9, 8.149203783581879e-10, 1.7985057733543748e-9, 0.2801619782797869, 0.28016061517292357, 0.2801615959747888, 0.719837850748128, 0.2315338058170316, 0.28016215057098853, 1.5663080191857937e-9, 0.28016159708330307, 3.1368807533980326e-9, 9.47806500314437e-10, 5.897430431047008e-10, 8.470975248197699e-10, 1.2399702710595232e-9, 0.23153397605958503, 1.5714730084684745e-8, 2.5102501213836538e-9, 0.2315339760027969, 6.892339968760454e-10, 1.025153174332824e-9, 0.2801621489420801, 0.23153397500289075]
v_opt: [0.07849052792761005, 0.23153397553477176]
solution time: 0.0055730342864990234
McCormick lower bound: -3.499391060384811

