x_opt: [0.5062438612858807, 0.8634951111651269, 0.13650488614021591, 0.8911752852197805, 0.13650488836926344, 0.10882471552196145, 0.13650488733425728, 0.8634951121499499, 0.10882471517867101, 0.13650488935833582]
w_opt: [0.506243861168071, 0.13650488605625358, 0.5062438611980944, 4.578056621131743e-9, 0.10882471540294343, 8.226095033792046e-10, 0.3697389736520241, 1.114882818743836e-10, 0.1365048891842626, 3.0902063619424353e-10, 0.8634951110772626, 1.7747228908742858e-10, 0.10882471542972975, 8.768672302993736e-11, 0.8634951110765697, 8.335184033268259e-11, 6.272148104577254e-10, 0.1365048860491954, 0.13650488581419415, 0.10882471534109289, 0.1365048860557672, 1.410674638546872e-9, 1.0561283575033256e-10, 2.7294342097995097e-10, 0.02768017375918922, 2.7562388413545093e-9, 0.1365048868865202, 0.863495111897127, 6.282241848726064e-10, 0.13650488923972776, 1.9447394521677483e-10, 0.136504886989887, 6.671966131675326e-10, 1.3108182051188807e-10, 6.626557427549096e-11, 7.925046331478371e-11, 1.5012121180665025e-10, 0.10882471502988036, 1.8237586686695395e-9, 3.261021591800945e-10, 0.10882471505843584, 7.706851324959869e-11, 1.0159383127404732e-10, 0.13650488909302333, 0.10882471490304221]
v_opt: [0.01863374125909968, 0.10882471500725756]
solution time: 0.006129026412963867
McCormick lower bound: -3.3542041167513448

