x_opt: [0.5258469289566918, 0.898887683377765, 0.10111228715804331, 0.8988882416116143, 0.10111230743858146, 0.10111177370188482, 0.10111229234459734, 0.8988876910633021, 0.10111177340687993, 0.10111233167107286]
w_opt: [0.5258469276434217, 0.10111228607025101, 0.5258469277834144, 2.4394719592017223e-7, 0.10111177193500798, 1.2062284792973866e-8, 0.4247346230418595, 1.613306165572178e-9, 0.10111231606626836, 7.40615137450217e-9, 0.8988876823595264, 4.778511301639463e-9, 0.10111177250152026, 1.2550997339172645e-9, 0.8988876823294674, 1.1052288459521222e-9, 1.6924767708351157e-8, 0.10111228623646182, 0.10111227396957678, 0.10111177068591778, 0.10111228491278593, 3.4578620414155495e-8, 1.3331357674985812e-9, 3.86982141214059e-9, 5.525514714362968e-7, 4.33767237374572e-8, 0.10111228643118256, 0.8988876856652928, 2.7961649476326112e-8, 0.10111232989062352, 2.9473526941941498e-9, 0.10111228222914817, 1.4065748751546765e-9, 1.9358817068538286e-9, 9.014056451778782e-10, 8.640256320446678e-10, 4.276153044217982e-9, 0.10111176765124191, 3.1992169419183626e-8, 1.5654482637631544e-8, 0.10111177215184992, 8.728552984275619e-10, 1.963959025889311e-9, 0.10111232782825595, 0.10111177080512584]
v_opt: [0.010223876658229863, 0.10111177121374236]
solution time: 0.005261898040771484
McCormick lower bound: -4.83336819055229

