x_opt: [0.7474437267795128, 0.7776098948693012, 9.416523806106365e-8, 0.9999997111032132, 0.22239009649226088, 9.247162336083989e-8, 0.22239011255511454, 0.7776099776766436, 1.0148168866765566e-7, 0.7776095128731502]
w_opt: [0.7474437216148724, 8.99615208082373e-8, 0.7474437241033971, 6.724028843902268e-8, 8.881943598688252e-8, 2.3828804188771852e-8, 0.52505371775031, 4.000807992333666e-9, 0.7474437226068894, 7.973287168234875e-9, 0.7776098917745482, 1.4485595748742372e-8, 8.920039374248195e-8, 1.741720903423336e-8, 0.7776098913160132, 3.063335563129e-9, 0.555219438138295, 8.980131505144135e-8, 8.658846846135707e-8, 6.863356614679977e-8, 9.166113046019187e-8, 2.2359029991631974e-8, 3.802038663363543e-9, 9.225795121980715e-9, 0.22238981580105666, 3.078619620899277e-8, 0.22239008618125852, 0.7776099532281922, 6.710014381787379e-9, 0.7776095092134335, 9.892550270435362e-9, 0.2223900743507912, 8.673682652513324e-8, 6.814503793597102e-9, 2.1436474360128425e-9, 3.206675086151823e-9, 7.57275477099585e-9, 8.566041797653133e-8, 3.554949191447623e-8, 1.052343973605129e-7, 9.666073322901487e-8, 3.843231754953671e-9, 3.032378969075193e-9, 0.7776095045498791, 9.177870931678553e-8]
v_opt: [0.0494582281245682, 9.657274390084661e-8]
solution time: 0.004505157470703125
McCormick lower bound: -2.916469244859284

