x_opt: [0.31935330518517535, 0.6806483290860441, 0.3193516451039205, 0.9506478030401004, 0.31935166594738307, 0.3193516277946321, 0.31935164671309196, 0.6806483393235744, 0.049352657606543254, 0.31935167240283746]
w_opt: [0.3193533020605779, 0.3193516433472975, 0.31935330341951257, 9.116298352916874e-8, 0.3193516251376179, 1.879220756074506e-8, 1.6495984682138938e-6, 1.8136491171715395e-9, 0.31935166920154884, 8.755436248304103e-9, 0.6806483273472657, 3.6126933108588603e-9, 0.3193516262887763, 1.6242740331144915e-9, 0.6806483269911567, 1.748333732798683e-9, 4.581013854104376e-9, 0.31935164366741225, 0.3193516365863743, 0.3193516241938279, 0.3193516423592328, 3.5364243508795016e-8, 1.9912811088684777e-9, 4.564013444038052e-9, 0.26999947314021144, 0.26999945959829097, 0.3193516395818109, 0.6806483344260377, 4.642072287268145e-7, 0.3193516693308085, 3.890916425709605e-9, 0.3193516409018698, 7.890953659566731e-9, 2.2828865987189966e-9, 1.3324694432046185e-9, 2.0651994666218277e-9, 3.845245507481031e-9, 0.04935265494974564, 3.5325768005968816e-8, 7.33658639491838e-9, 0.04935265518071662, 1.7363911545289044e-9, 2.3367442141081188e-9, 0.3193516663618036, 0.04935265273135216]
v_opt: [0.10198548288909402, 0.049352653740574494]
solution time: 0.004419088363647461
McCormick lower bound: -4.642564069353341

