x_opt: [0.5713939039642435, 0.727136280543835, 0.2728637194110323, 0.9848921091340178, 0.2728637194435493, 0.015107890914234179, 0.27286371942391274, 0.7271362805694721, 0.015107890871045174, 0.5713939039278761]
w_opt: [0.5713939039612476, 0.2728637194087712, 0.5713939039632487, 1.0529189560268671e-10, 0.015107890911580178, 1.9146766999489353e-11, 0.2985301845408627, 2.345391238126046e-12, 0.5713939039249897, 7.783730346550645e-12, 0.7271362805426762, 3.877442327237872e-12, 0.015107890912320962, 2.2645810512730247e-12, 0.7271362805422025, 1.944856414398727e-12, 0.2985301844748544, 0.27286371940878, 0.27286371940361887, 0.015107890910249699, 0.272863719408959, 3.6194683771174955e-11, 2.4264471847588895e-12, 6.13923887017475e-12, 0.25775582858072715, 9.289337218946188e-11, 0.27286371941459986, 0.7271362805631635, 1.0835425247457827e-11, 0.571393903924637, 4.4659488242471704e-12, 0.2728637194162407, 1.5342903462034343e-11, 2.9232865715311626e-12, 1.4025138563917329e-12, 2.065869972193063e-12, 3.7918360010213554e-12, 0.015107890868159432, 4.6074758674767876e-11, 8.313000578071521e-12, 0.01510789086811693, 1.9370942263010394e-12, 2.1747549188998934e-12, 0.5713939039231352, 0.015107890864726007]
v_opt: [0.07445463677855882, 0.015107890866836763]
solution time: 0.007619142532348633
McCormick lower bound: -3.510095572003316

