x_opt: [0.296178808391277, 0.7449518494460619, 0.25504747578012726, 0.999999956387656, 0.2550481504728217, 0.2550474757138448, 0.255047475746946, 0.7449518495414661, 0.2550474756270011, 0.2550481505103387]
w_opt: [0.29617880835137894, 0.2550474757553236, 0.2961788083485132, 1.6927584913065417e-9, 0.25504747566274755, 4.1013946252124533e-10, 0.04113065799053265, 3.156324851572742e-11, 0.25504815044620993, 9.532298452398237e-11, 0.744951849406236, 6.359757154013358e-11, 0.25504747568331043, 1.9233422720156643e-11, 0.7449518494003697, 2.6196309115746484e-11, 3.315479368088018e-11, 0.25504747575414016, 0.25504747563812186, 0.25504747561486574, 0.25504747568985603, 3.042477178023447e-10, 3.176520748317327e-11, 6.745750684900431e-11, 0.2550481069343825, 0.2550474324780956, 0.2550474756186039, 0.7449518494582206, 0.2550474320812728, 0.2550481504547595, 6.16780732891824e-11, 0.2550474756500302, 6.308607045031723e-11, 3.691793909818809e-11, 3.2062836717177636e-11, 2.967848560502515e-11, 4.460294587759295e-11, 0.2550474755734066, 4.41051943948204e-10, 1.2626446916416645e-10, 0.2550474755802639, 2.4418865523340645e-11, 6.737113871133207e-11, 0.25504815035398287, 0.2550474755448592]
v_opt: [0.06504927987305797, 0.25504747557573343]
solution time: 0.005224943161010742
McCormick lower bound: -3.2490803671539727

