x_opt: [0.525843116225374, 0.898885396567236, 0.10111443941435319, 0.8988900419061973, 0.10111458404540094, 0.10111444011112938, 0.1011144388897083, 0.8988854207735137, 0.10111443911863466, 0.10111460581866918]
w_opt: [0.5258431150467946, 0.1011144386213053, 0.5258431149506296, 3.374751241702999e-7, 0.10111443837581349, 1.92754342098359e-8, 0.42472854239055036, 1.260916123459089e-9, 0.10111460371130711, 3.737850382903403e-9, 0.8988853953113557, 1.87870703593787e-9, 0.10111443902241161, 7.187506140164609e-10, 0.8988853954222781, 9.173985667189428e-10, 3.732183224149348e-9, 0.1011144385116256, 0.1011144336873992, 0.10111443686878452, 0.1011144378047713, 2.9278703574385974e-8, 1.1781271871402133e-9, 2.829017458944752e-9, 4.628649411173068e-6, 4.5000938148566545e-6, 0.10111443237811239, 0.8988854174606885, 4.484408184012977e-6, 0.10111460416520529, 2.464371409785339e-9, 0.10111443470073506, 6.705944767730589e-9, 1.6016161956191887e-9, 1.1652151599997822e-9, 8.425410500534059e-10, 1.722461555055342e-9, 0.10111443574201101, 2.3723086856250334e-8, 6.0870481208180885e-9, 0.10111443782041267, 7.701332424016578e-10, 2.186020411128124e-9, 0.10111460165066477, 0.1011144354401934]
v_opt: [0.010224291614741761, 0.10111443723761264]
solution time: 0.006830930709838867
McCormick lower bound: -3.311325097016853

