x_opt: [0.3193526603857047, 0.680647359981697, 0.31935263582235235, 0.9506478051649735, 0.31935263591134216, 0.3193523631015761, 0.31935263800622443, 0.6806473642621328, 0.04935219136569041, 0.3193526603529352]
w_opt: [0.31935265991454836, 0.3193526355879658, 0.319352660249638, 1.851629651521853e-8, 0.31935236281983853, 3.4719849708351383e-9, 2.8881726843265178e-8, 1.5229815617237066e-10, 0.3193526588648833, 9.456097327601014e-10, 0.6806473598087224, 8.066524245022315e-10, 0.31935236297911035, 2.4163422843277413e-10, 0.6806473597387481, 1.337810819305384e-10, 2.0620298538970457e-8, 0.3193526356739419, 0.31935263457809704, 0.3193523624307807, 0.31935263565326, 6.402297775309822e-9, 2.1883593106140208e-10, 5.608173488178544e-10, 0.2700004415558795, 0.27000019073318204, 0.3193526366252797, 0.6806473634764608, 1.7912560826049508e-10, 0.31935266007371893, 5.027580819912113e-10, 0.319352635325395, 9.735654329304537e-10, 3.060967828111412e-10, 1.0060370580183798e-10, 2.346517651347276e-10, 6.58129689374516e-10, 0.04935219089464917, 5.483047428403015e-9, 2.6502618762480477e-9, 0.0493521910468616, 1.9881893412456607e-10, 2.229775236139675e-10, 0.31935265955285247, 0.049352190622743305]
v_opt: [0.10198657128091798, 0.04935219087195918]
solution time: 0.004720926284790039
McCormick lower bound: -3.1284636032413666

