x_opt: [0.5053929371082756, 0.866236714576124, 0.11646462256721016, 0.8835353768807371, 0.1337632836621826, 0.1164646229207153, 0.11646462374769329, 0.866236716289589, 0.11646462312455864, 0.13376328550246414]
w_opt: [0.505392937029872, 0.11646462250710678, 0.505392937001412, 4.6697530577220185e-9, 0.11646462280825566, 9.028432624120291e-10, 0.37162965353127414, 1.1080243050135535e-10, 0.1337632853117111, 1.8718167288676683e-10, 0.8662367144674098, 1.99956232306152e-10, 0.11646462281421538, 5.661271642751322e-11, 0.866236714493508, 6.351602603436597e-11, 1.8327150648082567e-10, 0.11646462246668375, 0.11646462227993715, 0.11646462221530678, 0.11646462246757289, 6.48458659498874e-10, 9.147372721680748e-11, 2.2120808367350707e-10, 0.0172986606870267, 1.4950505245375641e-9, 0.11646462323539204, 0.8662367160575516, 3.230359847693489e-10, 0.13376328540321353, 1.6224363624873854e-10, 0.11646462338980583, 1.7670385663714297e-10, 1.1777268864121883e-10, 8.264344267978193e-11, 5.997906116695082e-11, 1.0045936825209351e-10, 0.11646462279925236, 1.227409711651767e-9, 2.402525577278268e-10, 0.11646462300185519, 5.7706905508854594e-11, 1.239843088464931e-10, 0.1337632851845022, 0.1164646228695343]
v_opt: [0.013565581783566864, 0.11646462299820211]
solution time: 0.005075931549072266
McCormick lower bound: -2.157841358643468

