x_opt: [0.5258477965145624, 0.89888826747138, 0.1011113654155545, 0.8988886207817912, 0.10111163498649411, 0.10111130533964972, 0.10111151454187084, 0.8988883822504518, 0.10111129418984484, 0.10111266833461124]
w_opt: [0.5258477940818183, 0.10111136339706993, 0.5258477935002529, 4.6500534661212106e-6, 0.10111130184488315, 4.220353029543502e-8, 0.4247361838967961, 4.348194740696559e-9, 0.10111265898939016, 9.036566485294733e-9, 0.8988882648084432, 7.361653668219576e-9, 0.10111130137120278, 1.985183257178767e-9, 0.8988882654820098, 2.4413035471864892e-9, 9.395734704990735e-7, 0.10111136250680716, 0.10111128061105111, 0.1011112833504256, 0.10111135431265025, 3.11259327597859e-7, 3.15188833636551e-9, 1.1756386109274252e-8, 2.873854031250353e-7, 6.354049121445342e-8, 0.10111148274425975, 0.8988883403424998, 1.1995594941860357e-8, 0.1011126648082536, 6.7668059140596745e-9, 0.10111136773284767, 5.424289565158741e-8, 4.794213187723162e-9, 2.6561717561426383e-9, 1.6691994934652689e-9, 9.256134406480705e-9, 0.10111129295897175, 2.0395998461880053e-7, 9.426762935046018e-8, 0.10111128777283682, 1.8495305948751786e-9, 8.317838300824708e-9, 0.1011126557952312, 0.10111128983336864]
v_opt: [0.010223830162778875, 0.10111128988781924]
solution time: 0.004143953323364258
McCormick lower bound: -3.157127851863982

