x_opt: [0.5258473063880097, 0.8988883722334825, 0.10111162151327743, 0.8988883897678924, 0.10111162298702245, 0.10111161944674467, 0.10111162040695285, 0.8988883771061458, 0.10111161752490996, 0.10111162828485303]
w_opt: [0.5258473058714925, 0.10111162110006557, 0.5258473057315385, 1.1430467221874723e-7, 0.10111161858928965, 7.805243994098742e-9, 0.42473568533979345, 6.576484353389115e-10, 0.10111162657903314, 1.9619961130848277e-9, 0.8988883716260652, 8.71238096853461e-10, 0.10111161891918578, 3.1430315524409783e-10, 0.8988883717363486, 4.803322179789584e-10, 1.0995908934923255e-9, 0.1011116211383115, 0.1011116165819005, 0.10111161764127526, 0.10111161953214456, 1.0643963283190349e-8, 5.117951923834929e-10, 1.3263599725526587e-9, 1.4541012223305428e-8, 3.8747424898959904e-8, 0.10111161797611912, 0.8988883754478253, 9.27592636908699e-9, 0.10111162744302517, 1.1865084033096966e-9, 0.10111161733195752, 1.1791730689236259e-9, 7.422417328356063e-10, 6.872811962947802e-10, 3.427611409119851e-10, 8.817295797315892e-10, 0.10111161672115833, 9.662165720962086e-9, 4.001687793019285e-9, 0.10111161678640218, 3.1896831907395864e-10, 1.486939405907518e-9, 0.10111162596571475, 0.10111161591651381]
v_opt: [0.010223604869325017, 0.10111161676349625]
solution time: 0.0048580169677734375
McCormick lower bound: -3.6338294591202014

