x_opt: [0.3622558267165922, 0.6377443082395935, 0.22390298448240986, 0.7760970289795435, 0.36225546993805113, 0.22390298345268853, 0.22390298439393397, 0.6377445391857589, 0.2239029794429581, 0.3622557212884689]
w_opt: [0.36225582587262367, 0.22390298422678054, 0.36225582639550513, 1.931469572043703e-7, 0.22390298217602084, 3.8840009205037165e-8, 3.719754768763449e-7, 4.628845663948233e-10, 0.3622557204097817, 1.6063581565231087e-9, 0.6377443076974344, 1.5925534134674331e-9, 0.22390298313851875, 4.904388447072334e-10, 0.6377443073947965, 2.489405790519839e-10, 3.075241669127371e-8, 0.22390298409735734, 0.22390298327361424, 0.22390298221491686, 0.2239029841855267, 8.162012291146857e-9, 4.907655681890347e-10, 1.9421336501908923e-9, 0.13835250146006614, 8.953558205707589e-8, 0.2239029739582014, 0.6377445331824447, 9.855730870774678e-9, 0.36225572072164164, 2.034756394945913e-9, 0.22390297876433252, 1.1862250912323846e-8, 1.426164833457274e-9, 4.3144265099224153e-10, 3.526706749131365e-10, 7.133965853891236e-10, 0.22390297764515357, 5.248746308577635e-8, 3.3991539350604645e-9, 0.2239029788611335, 4.030016700336445e-10, 7.57318194412114e-10, 0.36225571867289075, 0.2239029766884398]
v_opt: [0.05013255689444732, 0.22390297851240704]
solution time: 0.005258083343505859
McCormick lower bound: -2.2931018904003775

