x_opt: [0.5258473191786551, 0.8988883860654244, 0.10111161177578658, 0.8988883887022813, 0.1011116114302306, 0.10111161079130204, 0.10111161180162742, 0.898888388678028, 0.10111161062907678, 0.10111161610330643]
w_opt: [0.5258473190843873, 0.10111161170674351, 0.525847319061043, 1.532460489074618e-8, 0.1011116106736643, 9.057217719279275e-10, 0.4247357080797444, 1.3631647996492654e-10, 0.10111161574664723, 4.1010540688858036e-10, 0.8988883859797777, 1.7529146613788447e-10, 0.10111161068775872, 7.995847290510981e-11, 0.8988883859965224, 8.861703504051425e-11, 2.2790978596343602e-9, 0.10111161170036989, 0.10111161095523546, 0.10111161055841165, 0.10111161163916195, 4.145357496346047e-9, 1.0137195300317251e-10, 2.9599104258250214e-10, 4.530817142701547e-10, 2.2737219898652327e-9, 0.10111161128183224, 0.8988883878314217, 6.604908150912666e-10, 0.10111161598833933, 1.9985643333895444e-10, 0.10111161082339175, 3.3218375125487677e-10, 1.483851179070485e-10, 7.340527513117906e-11, 5.728181656274224e-11, 1.664893354304668e-10, 0.10111161031269532, 1.360791345850452e-9, 1.3812252116312611e-9, 0.10111161051787108, 6.052410662145691e-11, 1.4098056068417316e-10, 0.10111161583638228, 0.10111161028571274]
v_opt: [0.01022370088812886, 0.10111161046660776]
solution time: 0.004914999008178711
McCormick lower bound: -4.023542492469463

