x_opt: [0.5258473165880765, 0.898888386325184, 0.1011116135333247, 0.8988883874615743, 0.10111161343585791, 0.10111161313985792, 0.1011116134925022, 0.8988883867269883, 0.1011116125280201, 0.10111161397824271]
w_opt: [0.5258473164939301, 0.10111161348868053, 0.5258473165178286, 5.630789705053266e-9, 0.10111161307657943, 4.0651935027975554e-10, 0.42473570340657124, 5.709206399276063e-11, 0.10111161387548658, 2.765928488913462e-10, 0.8988883862804822, 5.762736352933045e-11, 0.10111161309440572, 4.281740976198819e-11, 0.8988883862853398, 5.168282727281857e-11, 3.459741023332104e-10, 0.10111161349515581, 0.10111161319925203, 0.1011116130532685, 0.10111161344115743, 1.5487843972355362e-9, 5.167372320954568e-11, 1.444456066212707e-10, 1.0039292172710655e-9, 2.1570050016160353e-9, 0.1011116132973016, 0.898888386605498, 1.3962316446753259e-10, 0.10111161390849362, 1.0280359946430585e-10, 0.10111161327034625, 2.219152468216153e-10, 6.484735740477714e-11, 3.263591646747021e-11, 3.732520029396679e-11, 1.1180567136681111e-10, 0.10111161248003583, 1.5153129804975639e-9, 5.141360328976256e-10, 0.10111161249217553, 3.7393041201873484e-11, 6.195628530492313e-11, 0.1011116138401957, 0.10111161237226803]
v_opt: [0.010223663413130793, 0.10111161242157155]
solution time: 0.00804901123046875
McCormick lower bound: -5.190275086026095

