x_opt: [0.36225569581776873, 0.6377443263651597, 0.22390310322350926, 0.776096896071936, 0.3622556677556124, 0.2239031039359936, 0.22390310315982934, 0.6377443327057495, 0.22390310321323886, 0.36225567408593273]
w_opt: [0.36225569572129424, 0.22390310317996961, 0.36225569576606914, 1.1183813683498453e-8, 0.22390310383096232, 2.9421448297712566e-9, 2.8756568664144603e-8, 4.756582062450985e-11, 0.36225567398708, 1.2951728635510174e-10, 0.6377443262855459, 8.697334023691626e-11, 0.22390310389063284, 3.392226691562651e-11, 0.6377443263003513, 3.6671515238418956e-11, 5.242243536400974e-10, 0.2239031031719155, 0.22390310307548064, 0.22390310310743727, 0.22390310307386344, 4.349413732249922e-10, 5.245426795164516e-11, 1.3351477211693659e-10, 0.1383525639970336, 1.1551550136435228e-9, 0.22390310269056427, 0.6377443323946471, 4.4770751244479617e-10, 0.36225567398903535, 1.4130773636194145e-10, 0.22390310278543005, 5.556232764782284e-10, 8.445171884071533e-11, 8.888013539493086e-11, 4.873964603159426e-11, 6.806567814382402e-11, 0.22390310296092378, 1.0854799168944545e-9, 5.149629480490339e-10, 0.22390310306211064, 3.955496853080641e-11, 1.0633123667421129e-10, 0.3622556738093005, 0.22390310304515101]
v_opt: [0.05013284730553491, 0.22390310313459158]
solution time: 0.006548166275024414
McCormick lower bound: -2.387072266923424

