x_opt: [0.4674335007432172, 0.7934245311194883, 0.20657546300681198, 0.8759051168688107, 0.2065754681194653, 0.1240949005181985, 0.20657546423993906, 0.7934245334445201, 0.12409489320456044, 0.20657546929422937]
w_opt: [0.46743350025758484, 0.20657546269628776, 0.4674335004169232, 1.6640045338942007e-8, 0.12409490005552673, 3.2065616651634914e-9, 0.26085803503556415, 3.660710366796013e-10, 0.20657546867866766, 1.3366276030038181e-9, 0.7934245307995993, 6.826411575488445e-10, 0.12409490021426067, 3.0250154470573163e-10, 0.7934245307674574, 3.128694038437253e-10, 9.114099684746967e-10, 0.20657546271852495, 0.20657546166254626, 0.12409489992092364, 0.20657546264493754, 5.529060288792391e-9, 3.731864833291419e-10, 9.032056462104557e-10, 0.08248058567957084, 2.324327631342751e-8, 0.2065754628082724, 0.7934245325425471, 1.0741017219594971e-8, 0.2065754687974694, 7.116518349293275e-10, 0.20657546314026287, 2.046146008874011e-9, 4.4430574390809725e-10, 2.4556108603322913e-10, 3.252566744940963e-10, 5.808375624536151e-10, 0.12409489272661997, 6.471339091675611e-9, 1.2553636354451231e-9, 0.12409489276924508, 2.961493738243454e-10, 4.0453004191198934e-10, 0.20657546824731637, 0.12409489226849846]
v_opt: [0.04267344390464793, 0.12409489254275524]
solution time: 0.005124092102050781
McCormick lower bound: -3.962356546747831

