x_opt: [0.52584668519068, 0.898886969636597, 0.10111244050145, 0.8988880159287331, 0.1011128150692143, 0.10111197841070077, 0.10111255986385694, 0.8988872049947921, 0.10111196192067176, 0.10111311836361085]
w_opt: [0.5258466798783608, 0.10111243622854271, 0.5258466782556448, 2.4127110390898335e-6, 0.10111196993231117, 7.231053876253636e-8, 0.4247339037474333, 9.185145788242993e-9, 0.1011130859853899, 2.6593111944218104e-8, 0.8988869630450523, 1.6904277469669555e-8, 0.10111197099605729, 4.177141815762483e-9, 0.8988869648895141, 5.528765362246389e-9, 9.482661870480354e-8, 0.10111243534355605, 0.10111235698307659, 0.10111195931152146, 0.10111242885776787, 4.800153438118556e-7, 6.669022179976653e-9, 1.9564786923016615e-8, 8.583763876103805e-7, 1.4307347172113374e-7, 0.10111252348058604, 0.8988871333621132, 7.698878732279615e-8, 0.10111311054274083, 1.3355416282641133e-8, 0.10111248639305534, 4.073154076431504e-8, 9.802998732114682e-9, 7.000120593756234e-9, 3.72305812616901e-9, 9.84123470960965e-9, 0.10111195182248356, 8.908786780703336e-8, 6.701517660423047e-8, 0.10111195377179717, 3.853147985990878e-9, 1.2863369872404035e-8, 0.1011130976723784, 0.10111193911385623]
v_opt: [0.01022401734421845, 0.10111195244845946]
solution time: 0.004827022552490234
McCormick lower bound: -3.5769114759961154

