x_opt: [0.37814274706179113, 0.6322136698655308, 0.36778632958349966, 0.8407732159106777, 0.3677863300190457, 0.15922701000701683, 0.36778632959100815, 0.6322136699931178, 0.15922678422352288, 0.36778633028129404]
w_opt: [0.37814274705771955, 0.36778632958096835, 0.37814274705947276, 2.432035203662269e-10, 0.15922701000349668, 2.667994226293361e-11, 0.010356417061376877, 2.7102388985483386e-12, 0.3677863302754513, 8.755955466062665e-12, 0.6322136698631077, 5.662264102457975e-12, 0.15922701000478084, 2.448307456999724e-12, 0.6322136698626398, 2.318533968089949e-12, 1.5034223842540935e-10, 0.3677863295811279, 0.3677863295750694, 0.15922701000206257, 0.367786329580665, 2.9372518364634905e-11, 2.8639641065757767e-12, 6.935485620470687e-12, 0.20855954593473827, 2.2596388387239523e-7, 0.36778632958044316, 0.6322136699861027, 1.4079290584493388e-10, 0.3677863302777182, 5.6559752628239406e-12, 0.3677863295849681, 1.6188264540904987e-11, 3.5263462181901706e-12, 1.761815109317834e-12, 2.7348984134867763e-12, 4.535984115420776e-12, 0.15922678421950973, 8.534823473783257e-11, 7.721341685884068e-12, 0.15922678421985725, 2.386111056496864e-12, 2.859413805469623e-12, 0.3677863302736769, 0.15922678421606865]
v_opt: [0.1352667883208993, 0.15922678421827993]
solution time: 0.004580974578857422
McCormick lower bound: -3.4700676965180053

