x_opt: [0.32011780525491906, 0.7609977236334886, 0.23900226851305473, 0.9894616407326086, 0.23900227510792713, 0.23900224629839575, 0.23900226854891662, 0.7609977252908641, 0.2390022417939516, 0.23900227646764663]
w_opt: [0.32011780489760355, 0.23900226829347151, 0.32011780497427517, 2.0323296089612967e-8, 0.23900224591034952, 2.6112922737831473e-9, 0.0811155311656231, 2.6792006704521257e-10, 0.2390022759786433, 1.338601272399911e-9, 0.7609977233739946, 4.4200656437396997e-10, 0.2390022460705517, 1.967115031546128e-10, 0.7609977233502205, 2.426446783828806e-10, 5.808196878404392e-10, 0.2390022683131518, 0.23900226712959935, 0.23900224574888793, 0.23900226805564384, 1.0085180942406467e-8, 2.7189011065576424e-10, 6.281817557649277e-10, 0.22846391643684172, 0.22846389286537683, 0.23900226750108786, 0.7609977246141839, 0.22846388308345533, 0.23900227602681762, 5.343816186291654e-10, 0.2390022676249932, 7.998551328496639e-10, 3.194744255049794e-10, 2.0625884113490283e-10, 2.46255177981355e-10, 4.691787119641599e-10, 0.2390022413736601, 4.622361276575778e-9, 1.4642062355851398e-9, 0.23900224147799312, 2.1591088680145963e-10, 3.9181452346221366e-10, 0.23900227554162806, 0.23900224107794865]
v_opt: [0.05712216996788098, 0.23900224130815928]
solution time: 0.005553007125854492
McCormick lower bound: -4.358793846871139

