x_opt: [0.3377939750448601, 0.7728451926788834, 0.2271547979891004, 0.9816796372693543, 0.2271547999274665, 0.22715479010996442, 0.22715479812737804, 0.7728452027386883, 0.22715467738747397, 0.22715481005692065]
w_opt: [0.3377939736618563, 0.22715479694323076, 0.33779397406822753, 1.3217793391689334e-7, 0.22715478847224124, 1.10377172103042e-8, 0.11063918654411764, 9.987004595826781e-10, 0.22715480779724884, 5.245430087471203e-9, 0.7728451917776498, 1.6166082183132276e-9, 0.22715478930095262, 7.868914365961122e-10, 0.7728451917175132, 9.422308023754082e-10, 4.049155386621193e-9, 0.2271547972722849, 0.22715479147572382, 0.22715478832509203, 0.2271547963044416, 2.3065653452449916e-8, 1.0161969521210265e-9, 2.5274498257246896e-9, 0.20883443942741103, 0.2088344422013059, 0.22715479407284697, 0.7728452001753912, 0.20883431752286558, 0.22715480838013033, 2.2031195735799455e-9, 0.22715479346783984, 4.127787812750338e-9, 1.2623232715168963e-9, 7.733380266134426e-10, 8.885855050106043e-10, 2.236233828567939e-9, 0.22715467569067557, 2.5858616729202886e-8, 8.78935058594048e-9, 0.22715467620177648, 7.96756188320695e-10, 1.509121447548022e-9, 0.22715480669909513, 0.22715467439758097]
v_opt: [0.051600762503070274, 0.22715467551306867]
solution time: 0.004584074020385742
McCormick lower bound: -4.755709216847104

