x_opt: [0.5258459044634728, 0.8988862294213683, 0.10111350529729583, 0.8988880753579517, 0.10111373330742005, 0.10111235233130444, 0.1011135185057406, 0.898886282083479, 0.1011123510262451, 0.10111382952228262]
w_opt: [0.5258459027964153, 0.10111350401433035, 0.5258459029014095, 1.6082168847254591e-6, 0.10111235007932055, 2.4986069086604826e-8, 0.4247321908501977, 2.0661332766246745e-9, 0.10111380525326721, 6.48505116103721e-9, 0.8988862277612498, 4.7303884839141e-9, 0.10111235072224764, 1.2043137068149668e-9, 0.8988862281917774, 1.5048130464468358e-9, 6.073040275012567e-8, 0.10111350404120037, 0.10111344189255446, 0.10111234421923436, 0.10111350104764054, 1.2371543770731038e-8, 1.7514245155621177e-9, 5.377378124056846e-9, 1.8191951808773374e-6, 5.127735996009208e-7, 0.10111350824018477, 0.8988862642098643, 4.815625902466981e-7, 0.1011138271942589, 3.914030042411728e-9, 0.10111344909328061, 1.8772503286753292e-8, 2.6375730951775583e-9, 1.278623862305881e-9, 1.104548933558379e-9, 5.365435417589002e-9, 0.10111234323843837, 6.308381175667583e-8, 4.941367028654568e-9, 0.10111234885887116, 1.1265978086605297e-9, 3.852305908481556e-9, 0.10111382314034675, 0.10111234629323533]
v_opt: [0.010224099401440626, 0.10111234833732186]
solution time: 0.004248857498168945
McCormick lower bound: -4.1302716162874775

