x_opt: [0.7429872582862296, 0.7907418381085322, 6.370834365359201e-8, 0.9999999402248787, 0.20925815083326577, 6.021749376260293e-8, 0.209257803793432, 0.7907419944769649, 6.03085427534394e-8, 0.7429859000609167]
w_opt: [0.742987257113277, 6.279039163826477e-8, 0.7429872573398502, 5.2256746614471496e-8, 5.8996056347843264e-8, 8.69895628247092e-9, 0.5337292550071344, 1.3972708400893112e-9, 0.742985897994021, 2.711928078941573e-9, 0.7907418371256068, 2.216714198621028e-9, 5.9059899838770463e-8, 1.034238983461008e-9, 0.7907418371879857, 8.865435751864742e-10, 0.5337277391918324, 6.248280142120281e-8, 6.080550119949644e-8, 5.7340461719353306e-8, 6.283689601389522e-8, 8.757146939179548e-9, 1.1910699806381335e-9, 3.3360344421711717e-9, 0.2092580927137351, 1.918954280241224e-8, 0.2092577980360419, 0.7907419916291558, 3.82038427884283e-9, 0.7429858989309618, 2.122110974663421e-9, 0.20925779957711815, 1.4712706428334074e-7, 1.5792400010523731e-9, 7.296461963324304e-10, 7.860442717299747e-10, 1.5459793142621367e-9, 5.797160585314549e-8, 1.5739401805399165e-8, 3.16651702050535e-9, 5.8955724063596604e-8, 8.195546940790796e-10, 1.0239713421839701e-9, 0.7429858973217782, 5.701817353865896e-8]
v_opt: [0.043789146953746104, 5.8565463102386306e-8]
solution time: 0.0045549869537353516
McCormick lower bound: -2.8230504154187726

