x_opt: [0.4366513436226208, 0.4366513449008052, 7.066429094002263e-8, 0.7819067127704279, 0.2180932895378391, 0.21809326880602412, 0.21809324188131088, 0.5633487039710563, 0.2180932674448356, 0.5633486576528335]
w_opt: [0.4366513421944743, 7.026325942615648e-8, 0.4366513428122208, 3.850956156738162e-7, 0.21809326793964448, 5.752338946716907e-8, 5.026694114739687e-8, 6.307690977806397e-10, 0.4366513422760534, 1.1300936325823673e-9, 0.4366513434783268, 3.039004906585127e-9, 0.21809326813788682, 4.3524660392235095e-10, 0.4366513437797726, 3.971943779387383e-10, 3.719687043694842e-9, 6.932146735801326e-8, 6.902483393757852e-8, 6.690587060887741e-8, 7.002637414624567e-8, 3.963029997512658e-9, 6.468393879263105e-10, 1.326302637107933e-9, 3.3165299479295677e-9, 1.1817846065879448e-8, 0.21809322390675573, 0.5633487007591028, 1.356471927967968e-9, 0.5633486570042747, 1.211989311062114e-9, 0.21809322642815243, 8.120850931946791e-10, 9.264759931165047e-10, 6.471785425485277e-10, 6.085209446785364e-10, 6.482524184586624e-10, 0.21809326637615042, 1.102680629348275e-8, 2.6231166414228266e-9, 0.21809323984462514, 4.777667649223253e-10, 1.0942178787845624e-9, 0.5633486520694001, 0.21809326506025606]
v_opt: [0.04756466431931919, 0.21809326655954514]
solution time: 0.0066950321197509766
McCormick lower bound: -1.1394738178384056

