x_opt: [0.3321222406845738, 0.667877761169991, 0.29094305023623945, 0.8986946483999381, 0.3321222346879333, 0.290943032177205, 0.29094305311555524, 0.6678777654927878, 0.10130535298366378, 0.33212223925632056]
w_opt: [0.3321222398365712, 0.2909430498211111, 0.3321222402325718, 2.7143765792084824e-8, 0.2909430315717317, 6.560128192855917e-9, 7.547933729100395e-9, 4.104189443507158e-10, 0.3321222380931125, 1.2508052843297795e-9, 0.66787776062659, 9.66214886206731e-10, 0.2909430318069081, 3.8064656060139577e-10, 0.6678777604784392, 3.658879755055993e-10, 1.356943219123038e-9, 0.2909430497699173, 0.29094304885957606, 0.2909430310745312, 0.29094304978086244, 3.7613741992388084e-9, 4.891188234151142e-10, 1.0189409149550484e-9, 0.23081688399693517, 0.18963768729219652, 0.2909430508006846, 0.6678777640826979, 2.5926879355258723e-9, 0.3321222386035714, 8.873646127528953e-10, 0.29094305155462846, 1.1220732753666543e-9, 5.463648366982129e-10, 3.5092553084058744e-10, 6.153883083254593e-10, 7.345831549805487e-10, 0.10130535238361836, 8.149697933709183e-9, 1.4235251134603123e-9, 0.10130535220453309, 4.482484018797761e-10, 6.058300561456428e-10, 0.33212223759910603, 0.1013053516344649]
v_opt: [0.08464876061810404, 0.10130535209331103]
solution time: 0.0052890777587890625
McCormick lower bound: -2.4308125482438103

