x_opt: [0.5258473617842995, 0.898888383339415, 0.10111158202302611, 0.8988884169502043, 0.10111159530914071, 0.10111158072452162, 0.10111158594325594, 0.8988884063311401, 0.10111158052010512, 0.10111168901143187]
w_opt: [0.5258473615321851, 0.10111158180408199, 0.5258473614446856, 6.961357871580558e-8, 0.10111158027295393, 3.6358034075230295e-9, 0.424735768937978, 5.806022516357101e-10, 0.10111168714211423, 1.3862983506649754e-9, 0.8988883830333011, 8.02432455337981e-10, 0.1011115802877948, 2.363673470833414e-10, 0.8988883831190547, 2.8485065484609894e-10, 7.256913446978734e-8, 0.10111158173511821, 0.10111157313706483, 0.10111157960832111, 0.10111158150417472, 3.320281763751967e-8, 3.657655883687383e-10, 1.2907150107518457e-9, 1.3950115109682067e-8, 4.725758827242215e-9, 0.10111158361832953, 0.898888400826791, 1.3927147505502163e-9, 0.10111168863998553, 7.479854663329829e-10, 0.10111158213772244, 3.317766544515238e-9, 6.102416559562681e-10, 3.290510409595906e-10, 1.7558134989864633e-10, 7.094265552296404e-10, 0.10111157978068086, 6.47947836226514e-9, 1.0706812726998e-9, 0.10111158007346446, 1.9002930635816162e-10, 8.784113814793385e-10, 0.10111168802616675, 0.10111157952788562]
v_opt: [0.01022385745410048, 0.1011115800439525]
solution time: 0.007073879241943359
McCormick lower bound: -3.377877303931906

