x_opt: [0.49999999940996326, 0.5000000007233306, 1.5348219020044386e-7, 0.846483773042363, 0.18030204902343683, 0.15351622503311058, 0.15957152752472215, 0.8196979489884992, 0.15351622495253112, 0.5000000007343359]
w_opt: [0.49999999901513464, 1.5330185308249733e-7, 0.4999999991908461, 1.6067977748493295e-8, 0.1535162247770541, 3.4934811962679246e-9, 0.3196979488428701, 2.0893458049953577e-10, 0.49999999889224994, 4.5474161039523513e-10, 0.5000000004092, 6.163130196336753e-10, 0.15351622483127236, 1.8579861597438407e-10, 0.5000000003941509, 1.51608013038591e-10, 1.7975918787819384e-9, 1.5312347835790626e-7, 1.5290249225864065e-7, 1.5266368542859668e-7, 1.5328946283867779e-7, 1.5197107671357538e-9, 2.3624883491437e-10, 4.960400209747785e-10, 0.026785822417413507, 4.448925781181888e-9, 0.15957152575046596, 0.819697948243848, 4.379269077404503e-10, 0.5000000004931779, 3.959353604698144e-10, 0.15957152624684762, 3.298738508084175e-10, 2.756504033775998e-10, 1.7465103190954215e-10, 2.465332335873633e-10, 2.8896931897073416e-10, 0.15351622451029756, 3.682495552780678e-9, 6.231126015641236e-10, 0.15351622451840707, 1.9266249486736457e-10, 2.6756337261325026e-10, 0.4999999999733492, 0.15351622419788574]
v_opt: [0.025463297160593083, 0.15351622458854333]
solution time: 0.0057621002197265625
McCormick lower bound: -1.5101132580986478

