x_opt: [0.5258471605684777, 0.8988882355966746, 0.10111172094055139, 0.8988884020643002, 0.10111176017426159, 0.10111172105348351, 0.10111172122833109, 0.8988882394413603, 0.10111172051261977, 0.1011117648028456]
w_opt: [0.5258471604423077, 0.10111172084985279, 0.5258471604002866, 8.697066325046157e-9, 0.10111172085794239, 1.9315773515922934e-9, 0.42473540023074585, 1.526980201722686e-10, 0.10111176447368464, 6.007126175338046e-10, 0.8988882354369578, 1.1306617525138507e-10, 0.10111172090493407, 8.83200867083991e-11, 0.8988882355015889, 1.1951492943439455e-10, 4.940882031664566e-10, 0.1011117208247139, 0.10111171970846294, 0.10111172036273028, 0.10111172065197083, 5.1010940697819464e-9, 1.3986196218137166e-10, 3.4930757270938505e-10, 1.6262684826246155e-7, 1.475969067878792e-7, 0.10111172053579047, 0.8988882390449109, 1.2360763043265587e-7, 0.10111176460969648, 2.713936724373355e-10, 0.10111172014303592, 1.1020124015232493e-10, 1.7377960746464625e-10, 1.3460071999004884e-10, 9.846342650662547e-11, 2.221380129595193e-10, 0.10111172038224676, 2.8483814249212173e-9, 1.2915683749181275e-9, 0.10111172030048482, 9.08033030525243e-11, 3.6436528035712543e-10, 0.10111176415349477, 0.1011117199839476]
v_opt: [0.01022359009430574, 0.1011117203037094]
solution time: 0.0076100826263427734
McCormick lower bound: -3.050234218305052

