x_opt: [0.3193526066099194, 0.6806473954400704, 0.3193525618806423, 0.9506478894448658, 0.31935258344530326, 0.3193525113445557, 0.3193525750812004, 0.6806474198021539, 0.04935211451746834, 0.31935260796684317]
w_opt: [0.31935259789581316, 0.3193525578226764, 0.3193526027888697, 2.7427559860745715e-7, 0.319352504983374, 6.299768766271418e-8, 4.821352900343564e-8, 3.4432826751906918e-9, 0.31935259014946427, 1.7490673936314653e-8, 0.6806473911161693, 8.477321602863792e-9, 0.3193525083375519, 3.4529713619117924e-9, 0.6806473892073637, 3.3780849357301537e-9, 1.3151209309053603e-8, 0.3193525584701834, 0.3193525436529635, 0.3193525017859852, 0.3193525571766599, 8.10540937315639e-8, 4.208962462474539e-9, 9.32157113707001e-9, 0.2700004822027174, 0.2700004655943974, 0.31935255610580826, 0.6806474068282933, 2.042439406918144e-8, 0.31935260118259523, 8.666574322359561e-9, 0.3193525528640833, 1.1205448531519379e-8, 4.86243564446745e-9, 2.9281185957289683e-9, 5.9289767231633705e-9, 8.977868588491718e-9, 0.04935210776499398, 8.159782542749524e-8, 2.5836213250076524e-8, 0.04935210811151038, 4.069173674908865e-9, 5.5806334652968975e-9, 0.3193525921284856, 0.04935210275882152]
v_opt: [0.10198635503966383, 0.04935210588879483]
solution time: 0.007558107376098633
McCormick lower bound: -3.2860057162840457

