x_opt: [0.5258472873329219, 0.898888257564832, 0.10111165353498817, 0.898888394770618, 0.10111168024500365, 0.10111163377740544, 0.10111165129923735, 0.8988883202048297, 0.10111159729109638, 0.10111178201664282]
w_opt: [0.5258472846298463, 0.10111165154347454, 0.5258472849165731, 7.547189009016785e-7, 0.10111163026351001, 2.7003043702411856e-8, 0.42473561523784775, 3.031999719424092e-9, 0.10111175354622834, 1.2622961443292215e-8, 0.8988882552603648, 2.0729406806879473e-9, 0.10111163139683708, 2.2929916257510424e-9, 0.89888825563571, 2.319821955601312e-9, 4.089409629088009e-8, 0.10111165158426352, 0.10111163920007417, 0.10111162801878287, 0.10111164984220788, 1.182885729888947e-7, 2.635323922384949e-9, 7.559767875555192e-9, 8.193251211999683e-8, 1.0108933288572078e-7, 0.1011116378039166, 0.8988883105966634, 2.3559920353272834e-8, 0.10111177840111735, 5.835689607648026e-9, 0.10111163406383604, 4.831826748823637e-9, 3.708761695866157e-9, 1.9143536213360784e-9, 1.8489912993676744e-9, 4.346145435237611e-9, 0.10111159349555768, 9.15500451340752e-8, 3.592738396517018e-8, 0.10111159424166645, 1.7560234576232578e-9, 3.6079728920173775e-9, 0.1011117734182165, 0.1011115894455292]
v_opt: [0.01022439560522428, 0.1011115929549679]
solution time: 0.0045909881591796875
McCormick lower bound: -4.249384219689338

