x_opt: [0.5258411820103989, 0.8988835728720319, 0.10111640555118115, 0.8988905638407025, 0.10111642589094867, 0.10111556291703816, 0.10111641240476484, 0.8988835764996486, 0.10111556119140261, 0.10111642689075759]
w_opt: [0.5258411811800991, 0.10111640494613686, 0.5258411812118868, 3.73678733412379e-8, 0.10111556183660358, 7.4193513223922255e-9, 0.4247247601142814, 8.544843874828328e-10, 0.10111642540308463, 2.4850087551468144e-9, 0.8988835720907222, 1.6103686808979869e-9, 0.10111556217660933, 5.527942618323337e-10, 0.8988835720410921, 6.613879574047195e-10, 1.1583623478415037e-9, 0.10111640491622735, 0.10111640243436218, 0.10111556147274876, 0.10111640465993815, 9.3766300779778e-9, 8.029797119263322e-10, 1.912258691248706e-9, 6.991293816488908e-6, 6.136307818232394e-6, 0.10111640920550588, 0.8988835745573627, 6.126467465747008e-6, 0.10111642578101229, 1.535238030559205e-9, 0.10111640999085747, 3.4606144500921288e-9, 9.755416741720193e-10, 6.305617479534552e-10, 6.327227495057611e-10, 1.131101221281383e-9, 0.10111555980302103, 1.2221859447813038e-8, 2.659869252410233e-9, 0.10111556024901275, 5.839920505010998e-10, 1.0810839546985192e-9, 0.10111642421711581, 0.10111555908771439]
v_opt: [0.01022523987211264, 0.1011155598667553]
solution time: 0.004467010498046875
McCormick lower bound: -3.583955395770582

