x_opt: [0.7474438520130835, 0.7776099716628374, 6.420927081364134e-9, 0.9999999881374289, 0.22239002805777167, 6.7847166559758976e-9, 0.22239002557531584, 0.7776099739502043, 6.974969737546111e-9, 0.7776098887956451]
w_opt: [0.7474438516033327, 6.12692055392065e-9, 0.7474438517756455, 2.514505457531255e-8, 6.477705639324986e-9, 2.864287921119055e-9, 0.5250538267386174, 3.63358801525986e-10, 0.7474438514701233, 6.8650773770791e-10, 0.7776099713810964, 1.277075706241936e-9, 6.483122249681846e-9, 4.703332062845979e-10, 0.7776099713463369, 2.4239884452143924e-10, 0.5552198608798631, 5.95465360890336e-9, 5.76411289300085e-9, 5.159583328852916e-9, 6.203166653845788e-9, 1.8508287685092535e-9, 3.3415902570692314e-10, 9.113505603249469e-10, 0.22239001662150967, 2.576929127047363e-9, 0.22239002350960327, 0.7776099730302134, 5.061998150529258e-10, 0.7776098885054179, 5.708613795621449e-10, 0.22239002385823145, 2.807920694282131e-9, 4.501989745756324e-10, 1.8919168617896254e-10, 2.5743498637128284e-10, 4.593226613717106e-10, 6.225475349006605e-9, 2.660719181534526e-9, 1.0139406600176338e-9, 6.501671844776119e-9, 2.74606151516295e-10, 2.4671663529881543e-10, 0.7776098880587115, 5.965510294051787e-9]
v_opt: [0.0494574432858776, 6.469525542482412e-9]
solution time: 0.005468130111694336
McCormick lower bound: -2.461270227871886

