x_opt: [0.3622557108475579, 0.6377443325291015, 0.2239030918838125, 0.7760969143546541, 0.36225564376787167, 0.2239030902712843, 0.22390309180794218, 0.6377443590766481, 0.22390308880327492, 0.36225567171875667]
w_opt: [0.3622557105030139, 0.22390309180186455, 0.3622557107532309, 3.5300885668437783e-8, 0.22390309004734843, 5.272786787737929e-9, 7.107930981177801e-8, 1.0963187030662388e-10, 0.36225567063279585, 2.751238012460555e-10, 0.6377443323950328, 1.6679941370501594e-10, 0.22390309018995125, 9.766594202570808e-11, 0.6377443323705898, 6.881904193347682e-11, 4.418572348694603e-9, 0.22390309179821752, 0.22390309172472755, 0.22390309003288483, 0.22390309178116846, 6.069224169742906e-10, 1.0058737461488203e-10, 4.229369649884619e-10, 0.13835255855620138, 1.1894285215974941e-8, 0.22390309028688768, 0.6377443579229587, 3.874841144478812e-9, 0.36225567152827, 3.738004363168782e-10, 0.22390309076519194, 2.9079066129999592e-9, 2.2895175874544174e-10, 1.1512867572014901e-10, 8.604470925174476e-11, 1.2151279878451722e-10, 0.22390308833597242, 4.809440788116388e-9, 1.0482406347181512e-9, 0.2239030887235047, 9.314110833925763e-11, 1.5583848630169187e-10, 0.3622556704473422, 0.22390308839781223]
v_opt: [0.05013263574497251, 0.22390308863605743]
solution time: 0.008118867874145508
McCormick lower bound: -2.4221995990898497

