x_opt: [0.2961846472357175, 0.7449564939833526, 0.25504349926333036, 0.9999983264170285, 0.2550435055717466, 0.25504349864498055, 0.25504349906282264, 0.74495649457367, 0.2550434982247512, 0.25504350564047545]
w_opt: [0.29618464697824465, 0.25504349911161445, 0.2961846469634902, 3.06076695073515e-8, 0.255043498330569, 2.7361443871433685e-9, 0.04114114214768277, 2.080056646764144e-10, 0.2550435052866932, 6.150936981236576e-10, 0.744956493731271, 4.2633659535978617e-10, 0.2550434984531806, 1.2702797895186396e-10, 0.7449564936884978, 1.7156589227255026e-10, 2.1768986420219176e-10, 0.2550434990993148, 0.25504349836734164, 0.25504349806271626, 0.2550434986659516, 1.9877698198533674e-9, 2.0846641994520133e-10, 4.4841510029282533e-10, 0.2550418324659653, 0.25504182738620546, 0.2550434982065982, 0.7449564940424306, 0.25504182505843925, 0.2550435052869802, 4.061867990855523e-10, 0.25504349842888596, 4.657373723972391e-10, 2.4388921961940377e-10, 2.0640249807148093e-10, 1.9188114367805743e-10, 2.91819908203892e-10, 0.25504349784335845, 3.223157619162465e-9, 7.932578304166276e-10, 0.255043497905171, 1.5955531077815507e-10, 4.1875498736672524e-10, 0.2550435046323543, 0.2550434976842791]
v_opt: [0.0650472153307578, 0.2550434978760026]
solution time: 0.005169868469238281
McCormick lower bound: -3.2687174517394353

