x_opt: [0.4432728009483218, 0.843542644708735, 0.15645735521188014, 0.9352421622871276, 0.1564573552800752, 0.15645735505902958, 0.15645735521775483, 0.8435426447504004, 0.15645735500193375, 0.15645735528590235]
w_opt: [0.4432728009355511, 0.15645735520350595, 0.44327280093725996, 4.736347289261181e-10, 0.15645735504352432, 9.444320344679846e-11, 0.28681544572093265, 1.1115620026907553e-11, 0.15645735526650056, 4.9894503597843486e-11, 0.8435426446990926, 1.9820307936933772e-11, 0.15645735504973643, 7.662616179218464e-12, 0.8435426446981542, 9.866232946258157e-12, 1.3548149556737122e-11, 0.15645735520457318, 0.15645735515379605, 0.15645735504141106, 0.15645735519516032, 1.9266009524352584e-10, 1.063886341682396e-11, 2.5357628070814213e-11, 0.0916995175905154, 0.09169951747568914, 0.15645735518224105, 0.8435426447257277, 0.09169951730908942, 0.15645735526859506, 2.129318062998586e-11, 0.1564573551868319, 4.34739322666676e-11, 1.272001622563072e-11, 8.252068291915633e-12, 8.800321634967965e-12, 1.7765939630441903e-11, 0.1564573549851717, 1.673627176163387e-10, 4.775181894027059e-11, 0.1564573549901139, 8.059155567467128e-12, 1.57056706222922e-11, 0.1564573552497043, 0.15645735497452617]
v_opt: [0.02447891881178119, 0.15645735498317326]
solution time: 0.005301952362060547
McCormick lower bound: -5.094634705003494

