x_opt: [0.5088876615793453, 0.8682684230343469, 0.13173156667481425, 0.892215526054611, 0.13173157607047614, 0.10778450759676507, 0.1317315687866652, 0.868268425562967, 0.10778450514032248, 0.13173157711637412]
w_opt: [0.5088876610062429, 0.13173156629988833, 0.5088876611326619, 2.165904342011216e-8, 0.10778450699177074, 4.2419271291685465e-9, 0.3771560881238925, 4.796373449977785e-10, 0.13173157629494803, 1.5299774544968067e-9, 0.8682684226018565, 8.956511795562161e-10, 0.10778450718943565, 3.557536693024069e-10, 0.8682684225642303, 3.884676056186492e-10, 8.593957694148497e-10, 0.13173156630022353, 0.13173156496996144, 0.10778450679793351, 0.13173156620959955, 5.934854830958942e-9, 4.73007368226245e-10, 1.132476900231003e-9, 0.023947103009760964, 3.9920435537362724e-8, 0.13173156690976082, 0.868268424412545, 3.204206817091981e-8, 0.1317315764825486, 8.993072840055238e-10, 0.1317315674145591, 2.2546395530585858e-9, 5.680667758995803e-10, 3.3659125857806267e-10, 3.946591322018816e-10, 6.914830622531376e-10, 0.10778450446127927, 7.694792548187763e-9, 1.503309009618952e-9, 0.10778450459585952, 3.605730997571318e-10, 5.584135231175196e-10, 0.1317315756846371, 0.10778450394792985]
v_opt: [0.017353700005163373, 0.10778450433726236]
solution time: 0.0047419071197509766
McCormick lower bound: -3.663529618359478

