x_opt: [0.3622551567817663, 0.6377448903759463, 0.22390461385124374, 0.776099075590075, 0.362255108916353, 0.22390295784104317, 0.22390462525298255, 0.6377449128545848, 0.22390291805945317, 0.36225511323219]
w_opt: [0.362255153564074, 0.22390461280074453, 0.36225515550412385, 2.1335152617247546e-7, 0.22390295501556864, 5.96317862527158e-8, 9.735365791569263e-8, 1.2049145485642874e-9, 0.3622551032853904, 4.662081707836762e-9, 0.6377448887789191, 6.147117551069004e-9, 0.22390295680075153, 1.0456214139849937e-9, 0.6377448882272282, 9.842218659718744e-10, 6.113720781404452e-9, 0.22390461279138604, 0.22390460978111054, 0.22390295348796432, 0.2239046133063916, 3.93087888400355e-8, 1.3238208337712714e-9, 4.186502212401826e-9, 0.13835418812483632, 2.0926890935625726e-6, 0.2239046128793076, 0.6377449087586904, 2.002495101337178e-6, 0.3622551107499869, 4.185740269101777e-9, 0.22390461775346698, 2.4285885723204635e-8, 2.290493454191657e-9, 1.2844592570331512e-9, 1.2757040947688545e-9, 2.5832884056080033e-9, 0.22390291078515875, 3.899469257999711e-8, 1.79066726069507e-8, 0.22390291619919853, 1.0755736666115302e-9, 2.8746357102375535e-9, 0.36225510736375344, 0.22390291340590482]
v_opt: [0.050134333215512465, 0.2239029156341919]
solution time: 0.0048639774322509766
McCormick lower bound: -2.8897323124069225

