x_opt: [0.525847315726941, 0.8988883786852535, 0.1011116131435886, 0.8988883866639477, 0.10111161572200651, 0.10111161300815857, 0.10111161330005398, 0.8988883842051036, 0.10111161306624505, 0.10111162254073204]
w_opt: [0.5258473156262039, 0.10111161309274805, 0.5258473157146061, 1.1074441099526076e-8, 0.1011116129114323, 5.889002797513589e-10, 0.42473570004606825, 1.2591978802484822e-10, 0.10111162237048278, 2.3862693990542435e-10, 0.8988883786090841, 1.0770361720571228e-10, 0.1011116129007916, 4.918603071033826e-11, 0.8988883786314017, 6.474524256604175e-11, 1.2743497663820806e-9, 0.10111161307270622, 0.1011116126855816, 0.1011116127563613, 0.10111161302227059, 6.11963490447544e-9, 7.940808025716049e-11, 2.3765426731477786e-10, 2.545084615414793e-9, 1.4483531398023222e-9, 0.10111161291844738, 0.8988883839408995, 1.7254128857494034e-10, 0.10111162245799758, 1.4715893981365934e-10, 0.10111161288770235, 1.5707400461368898e-10, 1.1308851289498061e-10, 6.496585191934766e-11, 4.106508812516825e-11, 1.0675680187357811e-10, 0.10111161288911133, 1.374175793895734e-9, 3.094775649815798e-10, 0.10111161295607667, 4.424832764646553e-11, 1.1834502570220456e-10, 0.10111162231599849, 0.10111161280432833]
v_opt: [0.010223680640053804, 0.10111161296897227]
solution time: 0.0048370361328125
McCormick lower bound: -3.1836428207692116

