x_opt: [0.5057042214591935, 0.8625208143935433, 0.1374791805174321, 0.8909629611742337, 0.13747918488066097, 0.10903704177212342, 0.1374791822070488, 0.8625208160389043, 0.10903704078882552, 0.13747918602886425]
w_opt: [0.5057042211938073, 0.13747918033535292, 0.5057042212589424, 1.0146042490387247e-8, 0.10903704150009273, 1.887963139616012e-9, 0.36822503797148015, 2.3678827254410307e-10, 0.1374791856438673, 7.053623950581998e-10, 0.8625208141957457, 4.119218845486406e-10, 0.10903704157414601, 1.8176328568143103e-10, 0.8625208141895264, 1.8407396824304136e-10, 6.864332471902266e-10, 0.13747918032813364, 0.13747917975988797, 0.10903704138375402, 0.13747918031758, 2.868954709160378e-9, 2.2875476241983765e-10, 5.711126360485494e-10, 0.02844214644830667, 7.123235517032308e-9, 0.1374791812701295, 0.8625208154868318, 2.410414392731537e-9, 0.13747918575182058, 4.273544967864066e-10, 0.13747918149684135, 1.2327995376399298e-9, 2.7960104715780004e-10, 1.5104416681923463e-10, 1.8008871389696428e-10, 3.305600074704304e-10, 0.109037040469127, 3.847366599301167e-9, 7.129661904268472e-10, 0.10903704052691086, 1.7049916046013924e-10, 2.39277526817679e-10, 0.13747918540902165, 0.10903704020060732]
v_opt: [0.01890069237508529, 0.10903704040927353]
solution time: 0.0048999786376953125
McCormick lower bound: -3.496595465472572

