x_opt: [0.523192439836579, 0.8971089471264059, 0.10289105125793535, 0.9000572049625202, 0.10289105271885476, 0.1028910496365811, 0.1028910514159806, 0.8971089475582796, 0.10289104943034671, 0.1028910527365384]
w_opt: [0.5231924396831711, 0.10289105115864278, 0.5231924396756468, 6.234822469445213e-9, 0.10289104943335456, 1.2795595980467296e-9, 0.4203013876455321, 1.4653908241145217e-10, 0.10289105247236127, 5.078906055489403e-10, 0.8971089469915561, 2.631435673818695e-10, 0.1028910495093191, 8.729974714461422e-11, 0.8971089469807226, 1.1953561343802677e-10, 1.43968882653977e-10, 0.10289105116111819, 0.10289105055208707, 0.10289104938655794, 0.10289105104008978, 1.965187387501329e-9, 1.3427534333221893e-10, 3.145019383685352e-10, 0.0029482579747022904, 0.0029482560767739433, 0.10289105092423446, 0.8971089472426323, 0.00294825461932327, 0.10289105252007297, 2.6594043617959635e-10, 0.10289105100601238, 4.4995555348578356e-10, 1.6239056330911113e-10, 1.180735868143964e-10, 1.0545013394466722e-10, 2.0086506714278386e-10, 0.10289104914941151, 1.9521105426881746e-9, 5.556535863330082e-10, 0.1028910492436567, 9.668059064190215e-11, 2.3109524860005088e-10, 0.10289105221938145, 0.1028910490389248]
v_opt: [0.010587810242440548, 0.10289104919123852]
solution time: 0.00522303581237793
McCormick lower bound: -4.304627609247379

