x_opt: [0.3193528736765119, 0.6806474282091302, 0.319352203215378, 0.9506477614645835, 0.31935240283467964, 0.3193522082943806, 0.31935220410711385, 0.680647610729161, 0.0493522528405773, 0.31935269698297925]
w_opt: [0.3193528674319207, 0.31935220176645607, 0.3193528723111757, 4.694107919966088e-7, 0.3193522050946729, 4.3933561375919784e-8, 5.091608506015266e-7, 1.4155811483452539e-9, 0.31935269112250375, 7.058924973373602e-9, 0.680647426654875, 3.978257865220111e-9, 0.31935220704477507, 1.8222235731472952e-9, 0.6806474262437611, 1.342417072013805e-9, 1.2701092452123532e-7, 0.31935220173306245, 0.31935219761916606, 0.3193521998260494, 0.31935220139919546, 2.9078127046369364e-8, 2.1862635812967335e-9, 5.421408932554824e-9, 0.2700001704492727, 0.2699999900808607, 0.3193521902734784, 0.6806476012203521, 2.6104340038172515e-8, 0.3193526941548181, 5.234050923654835e-9, 0.3193521929946389, 1.9355963594688494e-8, 2.9949781306512398e-9, 1.0600930821521414e-9, 2.2090264447216045e-9, 4.378536808387784e-9, 0.04935224840027631, 6.805000805364191e-8, 1.3858958475187785e-8, 0.04935224973617825, 1.780768877786477e-9, 2.4226673661173697e-9, 0.31935268796387006, 0.04935224575528375]
v_opt: [0.10198601840868675, 0.049352247806818]
solution time: 0.006002902984619141
McCormick lower bound: -2.9989787828243974

