x_opt: [0.6719674147710145, 0.9999953642200732, 4.603898334756162e-6, 0.9999955144507082, 4.6294833636365506e-6, 4.484372865037314e-6, 4.626248532857482e-6, 0.9999953819987109, 4.484954579215983e-6, 0.1912484257214691]
w_opt: [0.67196741385035, 4.603067932376951e-6, 0.671967413871604, 5.4687376589508706e-8, 4.483188522539787e-6, 6.6033265804431586e-9, 0.671962798724355, 1.6494299182910744e-9, 0.19124842376733017, 3.154956392074058e-9, 0.9999953634117713, 1.4457513437877192e-9, 4.483132961306737e-6, 1.188689983997184e-9, 0.9999953635334102, 9.249095909201519e-10, 0.19124379071381753, 4.6029307753516304e-6, 4.600470996733995e-6, 4.482560885771058e-6, 4.6030309867162275e-6, 1.784422909508855e-8, 1.1500622338088076e-9, 3.804844969039007e-9, 1.4556293817986486e-7, 1.9955302692256714e-8, 4.621494194869958e-6, 0.9999953795607311, 3.248350824076716e-9, 0.19124842463445774, 2.112274626900917e-9, 4.621783255980157e-6, 1.3080047135303422e-8, 1.611261253545556e-9, 6.668181845262667e-10, 6.096278026197213e-10, 1.490383910148782e-9, 4.482463731086966e-6, 2.013734988150781e-8, 1.0849765027079394e-8, 4.483902479473318e-6, 6.843433132801961e-10, 9.408643407943075e-10, 0.1912484233486548, 4.4820399806859055e-6]
v_opt: [7.894015926532109e-8, 4.483323279190395e-6]
solution time: 0.004892110824584961
McCormick lower bound: -3.870389553247011

