x_opt: [0.3193531120820286, 0.6806472480909381, 0.31935262413667787, 0.9506472178302796, 0.3193527037524536, 0.3193514124587905, 0.31935262488969735, 0.6806472955977269, 0.04935281400338831, 0.3193528181862653]
w_opt: [0.3193531102731697, 0.3193526229897297, 0.31935311119655097, 8.068899480511712e-8, 0.31935141095239683, 1.3545408502622076e-8, 4.1201383306621185e-7, 9.53388306489528e-10, 0.3193528157177605, 5.0822575442051935e-9, 0.6806472471950866, 2.02260585290372e-9, 0.3193514116913634, 1.080494158644082e-9, 0.6806472470954597, 9.006220541897215e-10, 6.702301728839387e-8, 0.3193526233785969, 0.3193526140723235, 0.3193514082878764, 0.3193526219866666, 3.5967262146170985e-8, 1.1385703687182823e-9, 2.7209092587134313e-9, 0.26999992412486756, 0.2699986549158788, 0.31935261927121134, 0.6806472920693348, 4.1943888821901836e-8, 0.3193528164695121, 2.4848200746746042e-9, 0.31935261123624153, 2.3950556586954132e-9, 1.558557104067661e-9, 6.572286082042095e-10, 1.02811060479013e-9, 5.8082965231424076e-9, 0.049352811807291605, 2.4757405228553763e-8, 2.390248678981652e-8, 0.04935281259595816, 8.997984470678243e-10, 1.360602678783372e-9, 0.3193528145243389, 0.04935281040746893]
v_opt: [0.10198613624944786, 0.049352811340933334]
solution time: 0.004792928695678711
McCormick lower bound: -4.3224972753421085

