x_opt: [0.5258457956551954, 0.8988854431678183, 0.10111304847572601, 0.8988875277402372, 0.10111428740430213, 0.10111266605486269, 0.10111316345861643, 0.898885889437623, 0.10111263422827373, 0.10111489246790521]
w_opt: [0.525845785884917, 0.10111304014457952, 0.5258457836734398, 3.67258688257089e-6, 0.1011126501912938, 1.0482981357571377e-7, 0.4247317117512662, 1.7981809542625456e-8, 0.10111480938577706, 5.423132855626896e-8, 0.898885432326467, 4.235993770418132e-8, 0.10111265257643909, 8.912012014044638e-9, 0.8988854351378089, 1.063687366479273e-8, 3.4820608465181637e-7, 0.10111303942680441, 0.10111288504334152, 0.10111263921318107, 0.10111302628935301, 1.000079263446742e-6, 1.2473860630469418e-8, 3.791706215221642e-8, 1.868216708312458e-6, 2.169644784138136e-7, 0.10111310385796, 0.8988857593026, 2.3773651022495072e-7, 0.10111487757452313, 2.631907659993419e-8, 0.10111304309212478, 2.1107863952281975e-7, 1.934838490295336e-8, 1.0769785535828752e-8, 6.750817139007295e-9, 2.1092918125362182e-8, 0.10111260939021162, 2.13351561132832e-7, 2.0501941281052694e-7, 0.10111262008469112, 7.134414760338711e-9, 2.2666615941376675e-8, 0.10111485640427158, 0.10111260053850135]
v_opt: [0.010224219665311316, 0.10111261621795606]
solution time: 0.007080078125
McCormick lower bound: -4.078035498869824

