x_opt: [0.7429874538413634, 0.7907411986040334, 1.4016462767815709e-7, 0.9999998920361298, 0.20925879806660103, 1.1085267711125464e-7, 0.20925879719031976, 0.7907412032327805, 1.0842696756304576e-7, 0.7429874523693852]
w_opt: [0.742987453689833, 1.4007114039620862e-7, 0.7429874537542737, 5.60841905323202e-8, 1.1073385364716572e-7, 2.364701421497712e-9, 0.5337286573927265, 1.1085903835411327e-10, 0.7429874516260584, 2.644901596794473e-10, 0.7907411985051241, 3.6343395115335765e-10, 1.1076013692403765e-7, 1.1624938770522671e-10, 0.7907411984922594, 8.32999508664356e-11, 0.5337286511003022, 1.400458207628829e-7, 1.3989677691641117e-7, 1.1063023856563764e-7, 1.4008553385912485e-7, 8.698670166921353e-10, 1.2843876343082204e-10, 2.9157559087031223e-10, 0.20925869028056632, 1.161402250013173e-8, 0.20925879614094542, 0.790741202936878, 9.847691209421049e-10, 0.7429874522512583, 2.402535632868084e-10, 0.20925879657179777, 1.5575088475264847e-9, 1.7668459835444419e-10, 6.721038226828584e-11, 9.913908213269637e-11, 1.627169191883902e-10, 1.0826422934887681e-7, 5.931551337490129e-9, 6.462615284963724e-10, 1.0826946799551081e-7, 9.425784814940277e-11, 1.0330657218437053e-10, 0.7429874520777284, 1.0806300561695193e-7]
v_opt: [0.04378930546005372, 1.0818832637701466e-7]
solution time: 0.00638890266418457
McCormick lower bound: -2.620110621713182

