x_opt: [0.27574975969115106, 0.7242579395444558, 0.26934846326861, 0.9999913995465584, 0.2757420386324413, 0.26934740596223866, 0.2693484892528147, 0.7242579973334073, 0.2693467982557429, 0.275742015688864]
w_opt: [0.2757497502665861, 0.2693484579881505, 0.2757497558483963, 9.094581590860745e-7, 0.26934739637701144, 1.6443359534544583e-7, 7.778055612761574e-6, 3.696181249977247e-9, 0.2757419985508065, 1.80473463522598e-8, 0.7242579353695352, 2.30371621468397e-8, 0.2693474027100767, 2.9546496147356417e-9, 0.7242579328241256, 3.146887712522233e-9, 1.2552510618243647e-8, 0.26934846026458653, 0.269348450308088, 0.2693473964745382, 0.2693484585514218, 5.0494403754469565e-8, 4.431883233334898e-9, 1.4411916455125252e-8, 0.2757334517819865, 0.26933884130125874, 0.26934845854002976, 0.7242579763077204, 0.26933821962684856, 0.2757420079263902, 1.4506714864987022e-8, 0.2693484716214649, 4.5160085750919225e-8, 6.930911680410819e-9, 3.21598800792507e-9, 4.168977853641861e-9, 8.126928736647621e-9, 0.2693467877034776, 2.263197106450069e-7, 2.6739610025069556e-8, 0.26934679323094535, 3.312927911611564e-9, 8.785386489231294e-9, 0.2757419901638196, 0.2693467788692355]
v_opt: [0.07254902647081522, 0.26934678914480786]
solution time: 0.005156993865966797
McCormick lower bound: -3.500858372713145

