x_opt: [0.5000001488046887, 0.500000149198358, 1.2266498510312038e-8, 0.8490421669541921, 0.17709310668984618, 0.1509577449504974, 0.15095775461524544, 0.8229068925021015, 0.15095774555858338, 0.5000001477006395]
w_opt: [0.5000001483349299, 1.2070615685452184e-8, 0.5000001485039384, 1.0420827221258424e-7, 0.15095774464362782, 3.0896064972060206e-9, 0.3229070417501634, 3.94550194026919e-10, 0.500000138806653, 4.871207518706037e-10, 0.5000001488181385, 9.45251469862037e-10, 0.15095774455225622, 2.2485844929032774e-10, 0.5000001489064307, 1.883788262293378e-10, 2.9715310670134945e-7, 1.1641733073679694e-8, 1.1583938837884985e-8, 1.1030539330471079e-8, 1.2009461434287732e-8, 1.5798389467105532e-9, 3.053088450853611e-10, 7.449685466139594e-10, 0.026135274032646007, 1.8675463039600443e-8, 0.15095775097814335, 0.8229068916346113, 7.111596372501831e-10, 0.5000001474486493, 5.138856909101177e-10, 0.15095775229704844, 1.5618884336590993e-9, 4.339611670112133e-10, 2.38102100272109e-10, 1.8864902287900165e-10, 3.042078411590753e-10, 0.1509577445723926, 4.469764136642009e-9, 5.844275319614278e-10, 0.15095774504161208, 1.8843900947972713e-10, 3.043429459349333e-10, 0.5000001468446937, 0.15095774449115357]
v_opt: [0.022788258523243236, 0.1509577451707943]
solution time: 0.005825996398925781
McCormick lower bound: -1.5750398713786395

