x_opt: [0.500000489852717, 0.500002096448154, 0.09629569300866092, 0.9037043552861941, 0.16493284779301282, 0.09629566136131326, 0.1636855086922728, 0.8350671603691472, 0.09629566116688791, 0.4999979801446314]
w_opt: [0.5000004867722457, 0.09629569088354581, 0.5000004871197122, 1.486106716613701e-7, 0.09629565816136963, 2.7646811636324593e-8, 0.3350676555700671, 3.326738342703181e-9, 0.4999979750745638, 6.1635143646378225e-9, 0.500002093458965, 5.1339604333576584e-9, 0.09629565836395229, 2.1852831945153627e-9, 0.5000020938809411, 2.0683536114479043e-9, 7.939414099163921e-8, 0.09629568957398991, 0.09629568528514906, 0.09629564962954429, 0.09629569062247259, 2.040345665199825e-8, 2.9928897955837095e-9, 7.497190799138732e-9, 0.068637207360185, 7.101434703088715e-8, 0.16368549014712916, 0.8350671533074833, 2.5152968038979136e-8, 0.49999797719357286, 5.22203800526976e-9, 0.16368549888807096, 1.3661661644458263e-8, 3.843856553492467e-9, 2.0899213095334987e-9, 2.0691675292772792e-9, 3.4906559212315913e-9, 0.09629565517397469, 4.562579532365162e-8, 6.27038464565091e-9, 0.09629565766671873, 2.0061889257934277e-9, 3.0370005160244186e-9, 0.4999979723366594, 0.09629565265806063]
v_opt: [0.026796849905370103, 0.0962956568894645]
solution time: 0.0050868988037109375
McCormick lower bound: -2.2374094157810234

