x_opt: [0.5205420964701122, 0.895332549112999, 0.10466744983436545, 0.901224030114011, 0.10466745079762263, 0.10466744767005712, 0.10466745001412404, 0.8953325493788138, 0.10466744745877851, 0.10466745085970547]
w_opt: [0.520542096394433, 0.1046674497840839, 0.5205420964044486, 3.0194446183383575e-9, 0.10466744757912896, 6.047184964628523e-10, 0.41587464598417806, 6.883441691683099e-11, 0.1046674507390782, 2.3014612902759708e-10, 0.8953325490504953, 1.2923638869079737e-10, 0.10466744761109052, 4.5704771732145886e-11, 0.8953325490451263, 5.6173177679479336e-11, 8.812171009339104e-11, 0.10466744978507812, 0.10466744955357321, 0.10466744755587923, 0.10466744975524285, 9.0276238316281e-10, 6.56064661900935e-11, 1.554157526110702e-10, 0.005891481044409277, 0.005891478542074581, 0.10466744976063412, 0.8953325492215948, 0.005891477693668858, 0.1046674507635458, 1.2738561018429956e-10, 0.10466744981327591, 2.613630919977925e-10, 7.901297507174058e-11, 5.139061342769542e-11, 5.3229587236447957e-11, 9.715234488600399e-11, 0.1046674473523675, 1.01051298581577e-9, 2.357062728915297e-10, 0.10466744738389704, 4.8703112994387455e-11, 9.136335083037293e-11, 0.10466745063813704, 0.10466744728916903]
v_opt: [0.010955299553177929, 0.10466744734832094]
solution time: 0.0049021244049072266
McCormick lower bound: -3.9898872672482466

