x_opt: [0.5000000109541504, 0.5000000162373491, 5.474390940529944e-7, 0.8490426041931316, 0.17709280683997902, 0.15095739628577964, 0.15095739554128032, 0.8229071921046206, 0.15095739598156532, 0.4999999865373144]
w_opt: [0.5000000106411677, 5.473025889731582e-7, 0.5000000107035567, 7.641531082329112e-8, 0.15095739601983788, 4.483207605317892e-9, 0.322907203371299, 2.671248520594044e-10, 0.4999999863857722, 4.063627943059272e-10, 0.5000000159451485, 4.805018572921765e-10, 0.15095739601107153, 1.357879717612721e-10, 0.5000000160255533, 1.364495250342421e-10, 2.935975041867842e-9, 5.470986300170293e-7, 5.467506034588819e-7, 5.467011937647045e-7, 5.472165157548354e-7, 1.818679387049983e-9, 2.2630165829020184e-10, 5.910118420340453e-10, 0.02613541131055217, 6.714421302684664e-9, 0.15095739258762075, 0.8229071916148141, 5.900387464995857e-10, 0.4999999863344252, 3.8571917611032654e-10, 0.1509573942760336, 5.425380201631679e-10, 3.0820103270443813e-10, 2.0741682801995278e-10, 1.3615203514237542e-10, 2.1659749982394648e-10, 0.15095739592134927, 4.4178544042815e-9, 6.186548617108927e-10, 0.15095739545697984, 1.309133992898805e-10, 2.820265903779314e-10, 0.4999999857720998, 0.15095739527398389]
v_opt: [0.02278820529890461, 0.15095739570639508]
solution time: 0.005135774612426758
McCormick lower bound: -1.676901700212119

