x_opt: [0.5258473178380364, 0.8988883868055004, 0.1011116128038011, 0.8988883889115046, 0.1011116125680735, 0.10111161203911909, 0.10111161276983192, 0.898888387445867, 0.10111161158487052, 0.10111161562029174]
w_opt: [0.5258473178066171, 0.10111161277726463, 0.5258473178078011, 7.89868596126948e-9, 0.10111161199635614, 2.713392656858088e-10, 0.42473570537433847, 4.1439419423815055e-11, 0.10111161555427271, 1.825543276429774e-10, 0.8988883867799762, 4.352169809936394e-11, 0.10111161200811175, 2.622409240601214e-11, 0.898888386783559, 3.4472845324235716e-11, 2.447310877758811e-9, 0.10111161278091672, 0.10111161237794826, 0.10111161198384377, 0.1011116127349408, 1.1896864875214051e-9, 3.355144288465751e-11, 1.002429378218547e-10, 1.5633680931911045e-9, 4.84520751059392e-9, 0.10111161262594114, 0.8988883873588739, 6.4275766811744e-10, 0.10111161557650698, 7.008877154885663e-11, 0.10111161245045534, 6.567193893183293e-11, 4.8820402961950105e-11, 2.177846894993589e-11, 2.1123215623190405e-11, 7.53247246593707e-11, 0.10111161153776713, 1.0656516447234645e-9, 5.261790328927262e-10, 0.10111161155233969, 2.1335001028667654e-11, 4.653020016272742e-11, 0.1011116155326271, 0.10111161147735119]
v_opt: [0.010223644821510057, 0.10111161153080069]
solution time: 0.005932807922363281
McCormick lower bound: -5.347347518584679

