x_opt: [0.3622562727641824, 0.637743734165191, 0.22390960780971003, 0.7760996377532645, 0.3622562443926522, 0.22390041969576008, 0.22391000719809653, 0.6377437772864949, 0.2239004017330288, 0.3622562747206142]
w_opt: [0.3622562687614862, 0.22390960618112057, 0.3622562708964148, 3.2554335367931844e-7, 0.2239004168281631, 4.138129888170864e-8, 9.293622013903716e-8, 1.8022963453545962e-9, 0.3622562594075118, 5.9939339335052065e-9, 0.6377437319674036, 4.630599297683441e-9, 0.22390041809902977, 1.5634717714916507e-9, 0.6377437318079423, 1.488351337942425e-9, 1.1693492889326926e-8, 0.2239096059380295, 0.22390960209790303, 0.2239004154391209, 0.22390960686506758, 4.94231449152479e-8, 2.0250300761542933e-9, 5.124832320004006e-9, 0.13835588625090775, 9.304100619465631e-8, 0.22390999444648918, 0.6377437701522624, 6.205031979839769e-8, 0.3622562719425058, 4.3183010384319025e-9, 0.22390999297103403, 2.5007905546555587e-8, 2.6482412648927847e-9, 1.5420859060777004e-9, 2.071926310583652e-9, 2.9387509187778725e-9, 0.223900395863301, 3.7360080340632484e-8, 1.3009536439923918e-8, 0.22390039911423876, 1.7016749240971227e-9, 2.638502173981727e-9, 0.36225626671308553, 0.22390039630004238]
v_opt: [0.05013778760718542, 0.2239003983396632]
solution time: 0.00468897819519043
McCormick lower bound: -2.532698700742152

