x_opt: [0.5135156781325657, 0.8766241240264507, 0.1233758750462698, 0.8940364493738274, 0.1233758759487153, 0.10596358105292747, 0.12337587539397016, 0.8766241247001695, 0.10596357989517681, 0.12337587600885482]
w_opt: [0.513515677998725, 0.12337587495717207, 0.5135156780408909, 4.466488410129441e-9, 0.1059635809192627, 8.27151172597551e-10, 0.39013980307676793, 1.0807477118871021e-10, 0.12337587583459615, 4.706418137247359e-10, 0.8766241239428585, 2.263165659444347e-10, 0.10596358096594923, 9.19764083214924e-11, 0.8766241239362064, 9.282118766532348e-11, 1.8887409740275095e-10, 0.12337587497080799, 0.1233758746203357, 0.1059635809023728, 0.12337587494507804, 1.9844761283233666e-9, 1.060984962827283e-10, 2.68026587884143e-10, 0.017412325518562352, 3.1773648654822084e-8, 0.12337587502064024, 0.8766241244607186, 2.9447031202522208e-8, 0.1233758758623871, 2.0736899975857325e-10, 0.12337587507902623, 7.758316319780703e-10, 1.2789640657404897e-10, 6.797083087916716e-11, 8.701607238824294e-11, 1.6451710538642238e-10, 0.10596357975051032, 1.8844459886177388e-9, 5.726922588896471e-10, 0.10596357978297465, 8.245275364723733e-11, 1.0966231755925823e-10, 0.12337587572319987, 0.1059635796486248]
v_opt: [0.015222682952947316, 0.10596357970348629]
solution time: 0.005777120590209961
McCormick lower bound: -4.918456841734161

