x_opt: [0.5258471899132068, 0.8988882624585388, 0.10111169674348851, 0.8988884221971598, 0.10111171751312109, 0.10111169845964647, 0.10111169566702771, 0.8988882824297768, 0.10111169576169833, 0.10111174103635398]
w_opt: [0.5258471893636307, 0.10111169634974575, 0.5258471892865819, 2.675812746402877e-7, 0.10111169762130233, 8.635010442676525e-9, 0.42473547361111, 6.769838374042121e-10, 0.10111173987291659, 2.0431827976534532e-9, 0.8988882618527301, 8.01358760219571e-10, 0.1011116979040234, 3.6045081331443415e-10, 0.8988882619545171, 4.851313823605782e-10, 4.046077039420116e-9, 0.10111169630446888, 0.10111169310277966, 0.10111169604967446, 0.10111169531426245, 1.3757516385145273e-8, 5.661738514824763e-10, 1.5128107645046684e-9, 1.4129718001811313e-7, 2.146822430087455e-7, 0.10111169273833404, 0.898888280400288, 1.206132064534955e-7, 0.10111174023025908, 1.2274732882468574e-9, 0.10111169296850434, 1.2612524662759555e-9, 7.873975100829264e-10, 5.53218919657845e-10, 3.955171263914578e-10, 9.621468636697124e-10, 0.10111169477703823, 1.3508281037187954e-8, 3.708456609145791e-9, 0.10111169497089932, 3.664982019316071e-10, 1.2391503509270374e-9, 0.10111173880930564, 0.10111169380814727]
v_opt: [0.010223806486563831, 0.10111169489750192]
solution time: 0.0073010921478271484
McCormick lower bound: -3.523761840380587

