x_opt: [0.5258476905840767, 0.8988886164255244, 0.1011113695688489, 0.8988886476210105, 0.1011113749257465, 0.10111134915028874, 0.10111136951548116, 0.8988886312878084, 0.10111135007575288, 0.10111189181818436]
w_opt: [0.5258476889278568, 0.10111136803236896, 0.5258476886550268, 1.1054768220374446e-7, 0.10111134661405383, 1.3430470926122789e-8, 0.42473632583223087, 3.4651485609582027e-9, 0.10111188358746259, 9.021851221353216e-9, 0.8988886147689822, 3.0236163296415305e-9, 0.1011113466203305, 1.6578829424083503e-9, 0.8988886150597533, 1.9827742328767396e-9, 5.097325075014239e-7, 0.10111136793058105, 0.10111134899591567, 0.10111134529343757, 0.1011113667685952, 5.135495460674401e-8, 2.195305517440604e-9, 7.511534120856512e-9, 2.8210233055472357e-8, 4.544566358885049e-8, 0.10111136061921318, 0.8988886189719965, 6.285951393447454e-9, 0.10111188947967749, 4.33707781600606e-9, 0.10111135598899415, 1.0032528584424308e-8, 3.2260879763555056e-9, 1.4812168344411287e-9, 1.1289217635663283e-9, 3.95558166406875e-9, 0.10111134497751888, 3.452008845213123e-8, 1.2220199179380687e-8, 0.10111134804577401, 1.2558423759108504e-9, 2.7875976401679987e-9, 0.1011118866296455, 0.10111134453128419]
v_opt: [0.010224110591548081, 0.10111134696543221]
solution time: 0.0046079158782958984
McCormick lower bound: -4.486366663091445

