x_opt: [0.525846099916178, 0.8988857919549657, 0.10111280668700576, 0.898887241318264, 0.10111415873574872, 0.10111274648442235, 0.10111412457144757, 0.898885865285751, 0.10111275421856086, 0.10111426323468597]
w_opt: [0.5258460953807892, 0.10111280293849426, 0.52584609502286, 4.691881829416874e-7, 0.10111274054349267, 3.84778263274449e-8, 0.4247319742896893, 7.104375077878015e-9, 0.10111424869870847, 1.2390648184598021e-8, 0.8988857872836843, 1.0229248811945036e-8, 0.10111274053144047, 4.148286800090431e-9, 0.898885787806938, 4.061164341269004e-9, 6.24292989335741e-8, 0.10111280159149216, 0.10111278632507918, 0.10111273227847056, 0.10111280145199532, 7.652419080634922e-8, 5.381016310425762e-9, 1.515257376399332e-8, 1.410764301244901e-6, 8.829712129688261e-8, 0.1011140973923594, 0.8988858489062838, 2.2976543156713554e-8, 0.1011142578436292, 9.708553864621419e-9, 0.10111409003527813, 3.482362213993069e-8, 7.271321263116477e-9, 4.157915147473981e-9, 3.1396086245786376e-9, 6.831001360798866e-9, 0.10111273741516531, 8.166303131562866e-8, 3.1475507535101333e-8, 0.10111274841308623, 3.3147575658839836e-9, 5.593973391974765e-9, 0.10111424987709797, 0.10111273977097587]
v_opt: [0.010224813318948105, 0.1011127467252244]
solution time: 0.005217790603637695
McCormick lower bound: -3.0098581096643837

