x_opt: [0.5258464651750454, 0.8988877431380092, 0.10111222204902147, 0.8988886971522714, 0.10111225077979519, 0.10111217719410512, 0.10111222103652168, 0.8988877493897353, 0.1011121756566982, 0.10111225766595969]
w_opt: [0.5258464645754362, 0.10111222162160709, 0.5258464644814744, 3.8575394810940616e-7, 0.1011121763525993, 6.111201656168693e-9, 0.4247342155985458, 6.982872808433751e-10, 0.10111225643592137, 2.0335605932777273e-9, 0.8988877424917863, 9.078133111620337e-10, 0.10111217657542006, 3.841855665333295e-10, 0.8988877425953967, 5.329266720981362e-10, 1.465739716319353e-9, 0.10111222156964061, 0.10111221846825405, 0.10111217558937682, 0.10111222080794069, 1.0948533207451022e-8, 6.046057497044752e-10, 1.481885124634697e-9, 9.493894135588878e-7, 8.911034249585274e-7, 0.10111221849989545, 0.8988877476789797, 8.748651239810171e-7, 0.10111225683197238, 1.170127806474959e-9, 0.10111221862872319, 1.3779346515123846e-9, 7.590147716090952e-10, 5.247035852796572e-10, 4.292966062026456e-10, 9.196447782397536e-10, 0.10111217463934538, 1.1644795072075086e-8, 2.5754241737976986e-9, 0.10111217488093187, 4.096188366474687e-10, 1.0687178162097362e-9, 0.10111225543731456, 0.10111217362446083]
v_opt: [0.010223765408249078, 0.10111217472857453]
solution time: 0.004664897918701172
McCormick lower bound: -3.5079859002800284

