x_opt: [0.48410458352240254, 0.8709102270324516, 0.12908976847878106, 0.9172657931391204, 0.12908977267925992, 0.12908976750993406, 0.12908976854482096, 0.8709102275333656, 0.12908976740453446, 0.12908977257963225]
w_opt: [0.4841045833124078, 0.12908976834094085, 0.4841045832458814, 9.938472419290955e-9, 0.12908976719049856, 2.19355206460793e-9, 0.3550148113904747, 2.1564516201806936e-10, 0.1290897721591734, 6.216228339811448e-10, 0.870910226800268, 4.05288710171847e-10, 0.12908976731176242, 1.1520821096457836e-10, 0.8709102267774758, 1.6687034000538673e-10, 1.7859239510391159e-10, 0.12908976833047425, 0.12908976744883172, 0.12908976702491878, 0.12908976804315306, 2.225778688223453e-9, 1.9616534695321869e-10, 4.374992379404515e-10, 0.04635556626610701, 0.0463555627153159, 0.12908976778110415, 0.8709102270547617, 0.046355560950092266, 0.1290897722485476, 3.8553624713136363e-10, 0.12908976793115123, 4.890811932250778e-10, 2.360030954769588e-10, 2.0732812381355393e-10, 1.5598263090482024e-10, 2.687642244128609e-10, 0.12908976697406108, 2.632982350938226e-9, 8.105670323844625e-10, 0.1290897671520235, 1.3855562870795439e-10, 4.3908546250993856e-10, 0.1290897716323583, 0.12908976688470608]
v_opt: [0.016664457424959894, 0.12908976709282666]
solution time: 0.0047228336334228516
McCormick lower bound: -3.599572063031466

