x_opt: [0.48494913677889473, 0.8714762961428897, 0.12852370380371775, 0.9168939815844466, 0.12852370384975223, 0.12852370368880306, 0.12852370380971745, 0.871476296172977, 0.12852370365623383, 0.1285237038530184]
w_opt: [0.48494913677, 0.1285237037977568, 0.48494913677092377, 3.365976967330443e-10, 0.12852370367763125, 6.66042242957664e-11, 0.356425432967584, 8.127399916954427e-12, 0.12852370383896594, 3.614272369986303e-11, 0.871476296136001, 1.4271823766380426e-11, 0.12852370368202182, 5.508209146684619e-12, 0.871476296135451, 7.11309027711533e-12, 9.428374735422493e-12, 0.1285237037984929, 0.12852370376142244, 0.12852370367621235, 0.12852370379161138, 1.3705165649588633e-10, 7.63874440380035e-12, 1.837576182242967e-11, 0.045417685450936766, 0.045417685364562956, 0.12852370378252842, 0.8714762961554209, 0.045417685255210255, 0.1285237038406364, 1.531893879920066e-11, 0.1285237037855101, 3.19872924694974e-11, 9.189676072736153e-12, 5.966822923960247e-12, 6.149314274051791e-12, 1.2527549602813308e-11, 0.12852370364383284, 1.1923420736024762e-10, 3.643854555587071e-11, 0.12852370364791396, 5.697236498691912e-12, 1.1306591518696516e-11, 0.12852370382706998, 0.12852370363664922]
v_opt: [0.01651837160581871, 0.12852370364293303]
solution time: 0.006490945816040039
McCormick lower bound: -5.170115939826956

