x_opt: [0.7429870880960392, 0.7907389615493914, 4.94728992630759e-7, 0.9999962887321368, 0.20926073140323703, 8.258182927453243e-7, 0.20926071160526735, 0.7907392857280039, 8.350339043328639e-7, 0.7429873121631765]
w_opt: [0.7429870855832178, 4.928651291776787e-7, 0.7429870859460668, 3.6088564913275647e-6, 8.233340632317912e-7, 4.812427255341233e-8, 0.5337263781960149, 3.1768703172720797e-9, 0.7429870687722155, 4.839028186070219e-9, 0.7907389590660221, 7.0328801370885724e-9, 8.230082019245542e-7, 2.3934449885117317e-9, 0.7907389592829621, 1.733666035846567e-9, 0.5337262761109509, 4.908616567531136e-7, 4.890732805100627e-7, 4.856998044461416e-7, 4.928139796846717e-7, 1.6170284871204134e-8, 2.5875211912667687e-9, 7.078080570098653e-9, 0.20925702347280709, 3.667172643905205e-8, 0.2092606903048757, 0.7907392787687862, 4.44132095564907e-9, 0.7429873099624819, 4.394915874146091e-9, 0.20926068769902031, 2.2617583189104917e-8, 3.589043832996437e-9, 1.6998398636715797e-9, 1.6395807567616999e-9, 2.9664038472029173e-9, 8.228676265041636e-7, 3.647458278868456e-8, 2.223234041515856e-8, 8.317754227861002e-7, 1.7393890665470192e-9, 2.2022925758052643e-9, 0.7429873042532364, 8.269907031299405e-7]
v_opt: [0.04379033357106767, 8.318681681589036e-7]
solution time: 0.0057489871978759766
McCormick lower bound: -2.1009940847200226

