x_opt: [0.47585957898353565, 0.8086374742274434, 0.19136252556100586, 0.8792204008571587, 0.19136252574739576, 0.12077959972363728, 0.19136252560659608, 0.8086374743017776, 0.12077959955875664, 0.1913625257835061]
w_opt: [0.47585957896763326, 0.19136252555080405, 0.47585957897249, 5.569434885017162e-10, 0.12077959970814137, 1.0798656279824917e-10, 0.2844970533128893, 1.2237982828953195e-11, 0.1913625257628051, 4.326599731615084e-11, 0.8086374742166311, 2.2967583290461144e-11, 0.12077959971341584, 9.845015078329605e-12, 0.8086374742155679, 1.0339535234747948e-11, 2.798696621563874e-11, 0.19136252555136105, 0.19136252551638133, 0.12077959970350347, 0.19136252554891983, 1.7737337042475817e-10, 1.2400509339791249e-11, 2.988501313587364e-11, 0.07058292662760324, 7.719844202527201e-10, 0.1913625255575855, 0.8086374742717135, 4.3801455534933486e-10, 0.1913625257669557, 2.3625239116739584e-11, 0.1913625255689806, 6.52635453301036e-11, 1.4783010071141454e-11, 8.316554422691508e-12, 1.0729875367630895e-11, 1.9015494603078307e-11, 0.12077959954252623, 2.1158968353297681e-10, 4.069760589164658e-11, 0.12077959954430344, 9.760554167827628e-12, 1.3734475508580722e-11, 0.19136252574803023, 0.12077959952759201]
v_opt: [0.03661962280059012, 0.1207795995369805]
solution time: 0.005560874938964844
McCormick lower bound: -3.8769274978379373

