x_opt: [0.7177414065739868, 0.8651352434000912, 1.443342020670052e-8, 0.9999999939946377, 0.13486475663768097, 5.635439786591126e-9, 0.13486475608046708, 0.8651352439535351, 5.710327280603876e-9, 0.5468391070763119]
w_opt: [0.7177414065248844, 1.4390673090278219e-8, 0.717741406538258, 2.8352509335941745e-9, 5.584569274732415e-9, 3.3275381963252767e-10, 0.5828766506452533, 5.921765995275108e-11, 0.5468391066309961, 1.2903369001090722e-10, 0.8651352433648047, 2.3651231320383326e-10, 5.589989665891139e-9, 4.5641289367988535e-11, 0.8651352433648509, 3.938972074085708e-11, 0.4119743505348745, 1.4390714535471579e-8, 1.4311975844714557e-8, 5.533445455601526e-9, 1.4398423416475215e-8, 6.015537944651966e-10, 4.960287715285252e-11, 1.585183929355073e-10, 0.1348647507048688, 7.168664656665629e-10, 0.13486475584039295, 0.8651352438171871, 1.5019514959229577e-10, 0.5468391070287635, 9.612783694295889e-11, 0.13486475590438188, 6.941405167328443e-10, 7.199118423151497e-11, 2.7610674901548838e-11, 3.1143964555941055e-11, 7.446479386230047e-11, 5.558770417341329e-9, 6.262249544331122e-10, 2.1400147110723959e-10, 5.658252429677339e-9, 3.416698509352622e-11, 3.99923069291281e-11, 0.5468391069719829, 5.578366285638227e-9]
v_opt: [0.018188635363873364, 5.635542544443944e-9]
solution time: 0.0056760311126708984
McCormick lower bound: -3.5892355700283334

