x_opt: [0.52584788067583, 0.8988887030158412, 0.10111123677510532, 0.8988887661290438, 0.10111122396204232, 0.10111121148593455, 0.10111123693461575, 0.8988887817980463, 0.10111120181035778, 0.10111199679509489]
w_opt: [0.5258478793847562, 0.10111123560356652, 0.5258478790824583, 4.309010950272565e-7, 0.1011112094058888, 1.7596603638633313e-8, 0.4247366659290096, 3.1730950862175235e-9, 0.101111990973395, 1.4608321005644463e-8, 0.898888701185655, 7.736380839006661e-9, 0.10111120931432442, 2.7657292998501756e-9, 0.8988887018256002, 1.8990818102283982e-9, 7.02228545956514e-7, 0.10111123532075697, 0.10111120268806657, 0.10111120385143617, 0.1011112342345125, 9.695503586620695e-8, 1.9184567951678138e-9, 6.158173173616171e-9, 1.0537795758438524e-8, 1.589388933470453e-8, 0.10111122477340397, 0.898888748875804, 9.925365532212935e-9, 0.10111199472086846, 4.003116174358513e-9, 0.10111118708553997, 2.3650099475865457e-8, 3.404375040208792e-9, 1.5296127815936797e-9, 8.738438927549897e-10, 5.120426538903476e-9, 0.10111119941630468, 2.2852360982140004e-8, 4.3469086941934067e-8, 0.10111119971156385, 1.000774697163938e-9, 4.109301508326766e-9, 0.10111199162157306, 0.10111119339914208]
v_opt: [0.010223921210133309, 0.10111119917850704]
solution time: 0.0048940181732177734
McCormick lower bound: -3.8009333368365747

