x_opt: [0.31935259896510715, 0.6806474011631224, 0.319352590947622, 0.9506478825956105, 0.3193525985520509, 0.3193525067751804, 0.31935259140355143, 0.6806474014357163, 0.04935211733451235, 0.3193525989397929]
w_opt: [0.31935259895036355, 0.3193525909401482, 0.3193525989576373, 7.423809598734023e-10, 0.3193525067642758, 1.0673277468335956e-10, 4.458714265495776e-10, 7.032702884149003e-12, 0.31935259885501766, 2.579736443746528e-11, 0.6806474011541197, 1.5789753755054144e-11, 0.31935250676904003, 7.165860768940739e-12, 0.680647401151942, 6.350387174701715e-12, 1.1555296394623348e-10, 0.3193525909395256, 0.31935259091437324, 0.319352506738141, 0.3193525909364241, 1.5208678745587369e-10, 8.49019337937366e-12, 1.779534731570859e-11, 0.2700004811634889, 0.2700003897929408, 0.3193525910469032, 0.6806474014102004, 2.1055309306468532e-11, 0.31935259892892254, 1.5332836740481586e-11, 0.3193525910227287, 1.4415733377939933e-11, 9.529458263091258e-12, 5.619281021360357e-12, 1.0538132550515042e-11, 1.5482939505724738e-11, 0.04935211732191201, 1.3863032076953082e-10, 4.113429525533995e-11, 0.04935211732035847, 7.738090964183422e-12, 9.86726801209404e-12, 0.31935259891276424, 0.049352117310250944]
v_opt: [0.10198607760950058, 0.04935211731832928]
solution time: 0.004996061325073242
McCormick lower bound: -2.560422829385096

