x_opt: [0.7429876169354702, 0.7907407993756228, 1.277811426927411e-7, 0.9999995575779979, 0.2092591883680129, 9.61121565441334e-8, 0.20925918122941725, 0.7907408204942004, 9.630701904998998e-8, 0.7429881335071751]
w_opt: [0.7429876158689595, 1.26676211643298e-7, 0.7429876162858325, 4.149553476711352e-6, 9.515879979024415e-8, 8.955441162475029e-9, 0.5337284394930852, 1.0267793704219923e-9, 0.7429876147489454, 2.2653710103656152e-9, 0.7907407986445523, 3.9043483420081324e-9, 9.529745259121569e-8, 1.534365755927175e-9, 0.7907407985090212, 7.115443941215189e-10, 0.5337289348588767, 1.267415640004646e-7, 1.257111838128966e-7, 8.898387171774179e-8, 1.271765638597605e-7, 1.3479925327724331e-8, 1.1052181954252568e-9, 2.645993159433528e-9, 0.20925874779113984, 1.7196761075884224e-8, 0.20925916835810565, 0.7907408174281598, 1.2301971450371323e-9, 0.7429881326321024, 2.4676477415833897e-9, 0.2092591787844088, 1.2003454921391625e-8, 1.954589228241152e-9, 5.060134546800025e-10, 7.332317691390909e-10, 1.5477368450374338e-9, 9.281441929385107e-8, 3.2058096039698435e-8, 5.5824940205171715e-9, 9.507714497762959e-8, 7.92738321293257e-10, 7.160602287826566e-10, 0.7429881318425565, 9.2752783745243e-8]
v_opt: [0.0437895378435538, 9.481607076444256e-8]
solution time: 0.007421970367431641
McCormick lower bound: -2.9567210961811883

