x_opt: [0.36225568368020233, 0.6377443157252408, 0.22390311352064907, 0.7760968897275402, 0.3622556844262334, 0.22390311362539358, 0.22390311397892862, 0.637744315775989, 0.22390311199088184, 0.36225568387811424]
w_opt: [0.3622556835726201, 0.2239031134923526, 0.36225568364540084, 1.487058791193662e-8, 0.22390311351925057, 3.850278357565774e-9, 6.929469870110733e-9, 2.7370918853042574e-11, 0.3622556805190193, 1.146558034544361e-10, 0.6377443156790457, 1.8945259331324192e-10, 0.22390311359951223, 1.9465377485602374e-11, 0.637744315617301, 2.238173364821943e-11, 3.102615261370013e-11, 0.2239031134951802, 0.22390311340035388, 0.2239031134145663, 0.22390311345930264, 6.572752804482369e-10, 3.172115847057879e-11, 1.0963830305544091e-10, 0.1383525742240485, 3.5659113841397797e-9, 0.22390311353178147, 0.637744315645833, 2.204053644104332e-9, 0.36225568379318845, 1.1748099925473488e-10, 0.22390311353826514, 3.4303199308707504e-10, 5.835700911174607e-11, 4.746462219876111e-11, 4.046238702232121e-11, 5.0866964987580995e-11, 0.22390311160872794, 1.5059242732903126e-9, 5.13228523160959e-10, 0.22390311195543203, 2.684562289796368e-11, 7.267727782882138e-11, 0.36225568359020194, 0.22390311189139767]
v_opt: [0.05013260543654876, 0.2239031119287274]
solution time: 0.004456996917724609
McCormick lower bound: -2.5799452284083153

