x_opt: [0.7429875086583076, 0.7907412351924152, 1.7164286316965512e-7, 0.9999999661482317, 0.2092587645306751, 3.4895082144736783e-8, 0.20925876398236987, 0.7907412362930009, 3.410234072450134e-8, 0.7429875082577141]
w_opt: [0.7429875086096847, 1.7160624793576608e-7, 0.7429875086304121, 2.0224146518342192e-8, 3.485377333531938e-8, 5.93479838003842e-10, 0.5337287450371144, 3.8883101805947377e-11, 0.7429875073273017, 9.017156405159209e-11, 0.7907412351615907, 1.4267357832510702e-10, 3.486404998122055e-8, 4.320849688303232e-11, 0.7907412351569026, 2.877915139809045e-11, 0.5337287434941089, 1.7160633414964582e-7, 1.7155430487939005e-7, 3.483080333304923e-8, 1.716172478308188e-7, 3.5129470465031736e-10, 4.168382584655503e-11, 1.0976464472738955e-10, 0.20925873073896983, 3.3535370983798653e-9, 0.20925876369800134, 0.7907412361991286, 4.067316981931799e-10, 0.7429875082182376, 8.209053207638108e-11, 0.2092587637850344, 9.138808908546391e-10, 5.777713240980296e-11, 2.143300507584134e-11, 3.038364571635584e-11, 5.619440927059998e-11, 3.404516390299604e-8, 1.1924060846888608e-9, 3.732903783544959e-10, 3.405423511826986e-8, 3.096170953186337e-11, 3.280635565721858e-11, 0.7429875081670172, 3.3986171706460136e-8]
v_opt: [0.04378939932241042, 3.403122254085254e-8]
solution time: 0.004929065704345703
McCormick lower bound: -3.0138391389624823

