x_opt: [0.5258462052419648, 0.8988876002255551, 0.10111236595268763, 0.8988888262805438, 0.10111239944523147, 0.10111236017010629, 0.1011123670824348, 0.8988876008330112, 0.10111235995686287, 0.10111239961623471]
w_opt: [0.5258462050553605, 0.10111236583059703, 0.5258462050516455, 8.30896119114928e-9, 0.10111235993880291, 1.7550884397092618e-9, 0.4247338063765536, 1.7527921131851373e-10, 0.10111239929271788, 4.37992599023862e-10, 0.898887600043335, 3.551835818181246e-10, 0.10111236001171059, 1.0652858602572407e-10, 0.8988876000206508, 1.3138049862475616e-10, 2.0038455321106663e-10, 0.10111236581227133, 0.10111236536337107, 0.10111235983506911, 0.10111236576682503, 1.401592196809962e-9, 1.6697284770250871e-10, 3.8069273117321613e-10, 1.2260469511924234e-6, 1.1880395671793698e-6, 0.10111236636948673, 0.8988876004166512, 1.1865463698689427e-6, 0.10111239938321213, 3.151805087464948e-10, 0.10111236659296471, 5.114896256982593e-10, 2.0112576750986095e-10, 1.4456620517372654e-10, 1.3591359203664054e-10, 2.2076058588494924e-10, 0.1011123596517629, 2.4110272709637747e-9, 5.036679827273066e-10, 0.10111235975856478, 1.2131653866116604e-10, 2.5099462118675073e-10, 0.10111239898827061, 0.10111235952640721]
v_opt: [0.010223734312980473, 0.10111235969130203]
solution time: 0.004832029342651367
McCormick lower bound: -3.0325989636198316

