x_opt: [0.5258473174532537, 0.8988883871750888, 0.10111161266423285, 0.898888387784597, 0.10111161239572908, 0.10111161242723928, 0.1011116126293765, 0.8988883876381628, 0.10111161212121633, 0.10111161338330224]
w_opt: [0.525847317450747, 0.10111161262703824, 0.52584731745375, 5.214937133993353e-9, 0.10111161237059087, 3.824507361335184e-10, 0.4247357052758085, 4.748744877068411e-11, 0.10111161304712243, 3.356943362104176e-10, 0.8988883871466519, 7.062707973454617e-11, 0.10111161239039669, 3.730207078869664e-11, 0.8988883871490011, 4.208198277236081e-11, 6.133330856951411e-10, 0.10111161263784184, 0.10111161218227248, 0.10111161235575199, 0.10111161258488878, 1.467121911274796e-9, 3.956906576491415e-11, 1.1632150043953145e-10, 2.787515764430002e-10, 1.319451566976308e-9, 0.1011116124676165, 0.8988883875125769, 1.7417259078650255e-10, 0.1011116133307185, 9.270215076264374e-11, 0.10111161225569323, 9.329014653618971e-11, 5.895763363300533e-11, 2.5704874386560714e-11, 2.5768600176289945e-11, 1.4043413602488796e-10, 0.10111161201475538, 1.3966719897046823e-9, 5.741154128754726e-10, 0.10111161209258374, 2.5603512449497395e-11, 5.902843026892406e-11, 0.10111161327359669, 0.10111161198007493]
v_opt: [0.010223635714323066, 0.10111161205095152]
solution time: 0.005959033966064453
McCormick lower bound: -5.81379062677051

