x_opt: [0.407608588341193, 0.4076085882947555, 9.367690803218377e-10, 0.8018514692760363, 0.1981485310132854, 0.19814853055893608, 0.04349089162900383, 0.5923914116091653, 0.19814853041567843, 0.5923914115915584]
w_opt: [0.40760858819672147, 9.112344981200511e-10, 0.40760858829153684, 3.5521455902622423e-9, 0.19814853051263823, 3.418164949393144e-9, 1.0507187121646813e-10, 2.9760804975693894e-11, 0.40760858826720436, 5.957334330441162e-11, 0.4076085881743238, 2.0609632249168233e-10, 0.1981485305262109, 2.438161103537154e-11, 0.4076085881358433, 2.183583898701485e-11, 6.895775214315925e-11, 8.639718668695996e-10, 8.442827191574632e-10, 6.917266681836635e-10, 8.985659591663458e-10, 1.641675670646983e-10, 3.5567486241453836e-11, 6.126450667102246e-11, 3.6420727044639253e-10, 7.164948121586188e-10, 0.04349089121598691, 0.592391411459608, 7.886073807667569e-11, 0.5923914115486361, 6.051665100033855e-11, 0.04349089105905728, 3.997298033168728e-11, 4.054621925796124e-11, 4.174349067515964e-11, 5.5774244904311843e-11, 4.1022124980589363e-11, 0.1981485303665917, 4.817714322962104e-10, 1.4957995208938357e-10, 0.043490891532453946, 3.234779389469324e-11, 7.488961298132773e-11, 0.5923914111310575, 0.198148530286336]
v_opt: [0.0018914747772163871, 0.19814853035841587]
solution time: 0.004945039749145508
McCormick lower bound: -0.8522997309395971

