x_opt: [0.525847521653043, 0.8988884224700567, 0.10111146417330041, 0.8988885321896538, 0.10111147427790936, 0.10111145965587, 0.10111146563469053, 0.898888522917139, 0.10111145868444862, 0.10111184140545883]
w_opt: [0.525847521199195, 0.10111146379504514, 0.5258475210864717, 1.9428045792513164e-7, 0.10111145890391865, 7.422673613524497e-9, 0.424736045969317, 8.75281636839233e-10, 0.10111183508606822, 2.0008953827837797e-9, 0.8988884219055098, 1.403501344359862e-9, 0.10111145892329483, 3.866055722481521e-10, 0.8988884220620593, 4.679849387470769e-10, 2.64648017311404e-7, 0.10111146362346941, 0.10111145830385636, 0.10111145791363471, 0.10111146344623044, 8.70139564195138e-8, 6.127142676904975e-10, 2.0036799320064946e-9, 8.646120606275924e-9, 6.762124135033269e-9, 0.10111146140872256, 0.8988885165326016, 1.7979775548800042e-9, 0.10111184080431795, 1.2516265545917088e-9, 0.10111146072598365, 2.3009033527930945e-9, 1.0077035418831203e-9, 5.610970229185629e-10, 3.1272081012090674e-10, 1.067602995706055e-9, 0.10111145778091186, 1.2486623450956272e-8, 2.2632944914209936e-9, 0.10111145783760718, 3.397121912996938e-10, 1.0709855170998454e-9, 0.10111183978676391, 0.10111145685002283]
v_opt: [0.010223659146053436, 0.10111145787541619]
solution time: 0.005178213119506836
McCormick lower bound: -3.0098908719551947

