x_opt: [0.43665146509883584, 0.43665146312898007, 4.614742617383081e-9, 0.7819064854884478, 0.2180938265403632, 0.21809339650021478, 0.21809346789733172, 0.563348505772661, 0.2180933963823052, 0.5633491572709989]
w_opt: [0.4366514624776485, 4.388470652054655e-9, 0.4366514646796842, 4.3371222636522013e-7, 0.21809339613183404, 3.2999236538634735e-8, 8.930725983715263e-10, 4.2065263438996716e-10, 0.4366514642694858, 4.441364290088909e-10, 0.4366514617222962, 0.21809382353095963, 0.21809339597004965, 3.161202447595929e-10, 0.43665146206865674, 1.9628179702001673e-10, 6.288597861093008e-7, 1.0260261830066964e-9, 3.990238640721385e-9, 1.3794679864692366e-9, 4.298752381939681e-9, 1.2802686995355945e-9, 3.7597310416372864e-10, 6.982284239004746e-10, 3.133496679444967e-7, 1.1413834089021898e-8, 3.6006566571970486e-8, 0.5633485037583755, 8.882863273399386e-10, 0.5633491569970445, 6.094558999992262e-10, 6.7980587514597095e-9, 9.234602726612181e-10, 5.91395439820758e-10, 3.7584736888319633e-10, 3.010003666710839e-10, 3.4743491474193783e-10, 0.21809339584087623, 5.041797464052775e-9, 1.0802014051779406e-9, 0.2180933939638889, 2.6534878793477145e-10, 4.4203477094772556e-10, 0.5633485047243479, 0.21809339378654533]
v_opt: [0.21809310768555984, 0.21809339591834448]
solution time: 0.0045719146728515625
McCormick lower bound: -0.7923207757429925

