x_opt: [0.7429874398259103, 0.7907416334192054, 2.768765787818023e-8, 0.9999999401815645, 0.20925836759963948, 2.458066822506122e-8, 0.20925820761247016, 0.7907417926340612, 3.356371133290765e-8, 0.7429865308598382]
w_opt: [0.7429874390087388, 2.695728546272634e-8, 0.7429874391177229, 2.741717022609208e-7, 2.3600414436366062e-8, 6.763499402967801e-9, 0.5337292350595715, 1.200360153512777e-9, 0.7429865051623111, 2.0996771544454914e-9, 0.7907416326927006, 9.377237488965629e-9, 2.3641145248035536e-8, 8.891906481711344e-10, 0.7907416327077951, 7.039414171113183e-10, 0.5337281681247531, 2.677113726239907e-8, 2.561777155866778e-8, 2.1884888956656776e-8, 2.702573158997303e-8, 5.8590938812314455e-9, 9.52493138119425e-10, 3.041684369525985e-9, 0.20925830917808835, 7.083106363570495e-9, 0.20925820128816575, 0.790741789267985, 1.9617995935214522e-9, 0.7429865300133985, 2.0574282713043294e-9, 0.2092582035096512, 1.6225063983947943e-7, 1.5932654259894275e-9, 5.770604318262358e-10, 5.67592205039159e-10, 1.2219762302862106e-9, 2.3552228586885417e-8, 8.629107349041137e-9, 3.752910745313752e-9, 3.2586667632531524e-8, 6.230522315241428e-10, 8.044562452165394e-10, 0.742986529363826, 3.050957490899189e-8]
v_opt: [0.0437891788935539, 3.221792885232109e-8]
solution time: 0.005560159683227539
McCormick lower bound: -3.0154627976923742

