x_opt: [0.4750858787724666, 0.8072407467882529, 0.1927589599644999, 0.878915937976334, 0.19275924699251193, 0.1210841657223835, 0.19275897099750433, 0.8072407573400961, 0.12108415562754946, 0.19275925379916123]
w_opt: [0.475085876335766, 0.19275895843012367, 0.47508587686109954, 9.534304057660902e-8, 0.12108416322286128, 1.9545936158101255e-8, 0.28232664008194813, 1.933483314714688e-9, 0.1927592503469783, 5.32435627740011e-9, 0.8072407448387838, 3.804914206028104e-9, 0.12108416402817007, 1.3994039648519919e-9, 0.807240744630944, 1.5422201241382756e-9, 3.6892427989430274e-9, 0.19275895829068146, 0.1927589537786932, 0.12108416206482958, 0.19275895801354276, 1.7277199750694077e-8, 1.961712577467771e-9, 4.52288538034335e-9, 0.07167518858555093, 1.3109360437993598e-7, 0.19275896262637315, 0.8072407523477154, 9.713900883652268e-8, 0.19275925122135468, 3.661102229803157e-9, 0.19275896538261092, 7.167483848740439e-9, 2.3314735947370285e-9, 1.4546332112028951e-9, 1.7205261352015267e-9, 2.7668021346194267e-9, 0.1210841528563939, 3.104618590287818e-8, 5.411942171336657e-9, 0.1210841532138372, 1.516062883045822e-9, 2.424350683351766e-9, 0.19275924750449858, 0.12108415052555128]
v_opt: [0.037156068033156214, 0.12108415234834498]
solution time: 0.005293846130371094
McCormick lower bound: -3.079296198112625

