x_opt: [0.5258470807042043, 0.8988879610206377, 0.10111203805560545, 0.8988882944405251, 0.10111203885075938, 0.10111170627458076, 0.10111203845501344, 0.8988879614512472, 0.10111170610291392, 0.10111203900654674]
w_opt: [0.5258470806391873, 0.10111203800857752, 0.5258470806536478, 2.4937393313756227e-9, 0.10111170620447191, 4.459915840934162e-10, 0.42473504227703046, 6.439549015476247e-11, 0.10111203890704386, 1.972570124080178e-10, 0.8988879609727093, 1.0550534353174017e-10, 0.10111170622226104, 5.043312362980175e-11, 0.8988879609721803, 4.90022730576869e-11, 9.218800306400153e-11, 0.10111203800895399, 0.10111203785463901, 0.10111170618131475, 0.10111203800417372, 8.427196429011993e-10, 5.927856320549943e-11, 1.5537735984040932e-10, 3.333916056717979e-7, 1.7674160069649324e-9, 0.10111203825640433, 0.898887961314357, 6.558296117572024e-10, 0.10111203893526957, 1.1211821715215834e-10, 0.10111203829963289, 3.7790676672367064e-10, 7.383873294385862e-11, 3.802093441667592e-11, 4.338632390127446e-11, 8.58411753028227e-11, 0.10111170601524526, 1.0148660845690431e-9, 2.5415568853510647e-10, 0.101111706039683, 4.275349918551988e-11, 5.923079839303773e-11, 0.10111203885399322, 0.10111170595561603]
v_opt: [0.01022365503738389, 0.10111170600515644]
solution time: 0.0048029422760009766
McCormick lower bound: -3.949349314437158

