x_opt: [0.525846862514636, 0.8988876234873238, 0.10111231209757464, 0.8988882429538466, 0.10111236829492458, 0.10111183567668051, 0.10111235735928445, 0.8988876464168521, 0.1011118353244819, 0.10111237830589892]
w_opt: [0.5258468594603896, 0.10111230963498838, 0.5258468590082985, 1.4116687596882425e-7, 0.10111183120277505, 2.4525375002309832e-8, 0.4247345148066089, 4.5632971052235195e-9, 0.10111237165022692, 1.281076883177566e-8, 0.898887620510184, 5.604398464937407e-9, 0.1011118319668791, 2.581365301196554e-9, 0.8988876208710166, 3.097799880264291e-9, 5.174472798584789e-9, 0.10111230950720697, 0.10111229511566043, 0.10111182947146384, 0.1011123077913844, 5.53357919113084e-8, 3.469698980957479e-9, 9.615601633011948e-9, 6.180606277171342e-7, 1.341241305159576e-7, 0.10111234432311103, 0.8988876387864468, 8.531154291181106e-8, 0.10111237398506823, 6.722143247125556e-9, 0.10111234654546153, 1.925973733025955e-8, 4.5595575789109314e-9, 2.587333028391974e-9, 2.104413286019567e-9, 5.051634690969966e-9, 0.1011118280002454, 5.235813048594372e-8, 1.9793122709646787e-8, 0.10111183182174885, 2.1900839576399836e-9, 4.3990086119214706e-9, 0.10111236846729395, 0.10111182566256559]
v_opt: [0.010225329415756915, 0.10111183014000731]
solution time: 0.0045680999755859375
McCormick lower bound: -4.321594573005249

