x_opt: [0.7474433410647323, 0.7776106850718513, 1.1434907857134284e-7, 0.9999995114898361, 0.22238926554295724, 1.6029306594345803e-7, 0.22238925117640662, 0.7776107408110088, 1.7392048160035518e-7, 0.7776070429306479]
w_opt: [0.7474433356856387, 1.1016277005930212e-7, 0.7474433365364652, 2.626448366468505e-7, 1.550070933206727e-7, 4.4954672012828416e-8, 0.5250540918368684, 6.8256458840907516e-9, 0.7474433310720384, 1.0028181750003308e-8, 0.7776106797349764, 1.54076249002774e-8, 1.5427385639995242e-7, 5.753183763638405e-9, 0.7776106799737885, 3.80030391054332e-9, 0.5552177335898241, 1.0563041514802324e-7, 1.0266707023231241e-7, 9.636545637806626e-8, 1.1029839824940667e-7, 2.8841031939217892e-8, 5.579302081654469e-9, 1.456370376616407e-8, 0.22238878413175747, 4.02907592851745e-8, 0.22238920857130637, 0.7776107254026362, 8.27113734653398e-9, 0.7776070382110781, 9.322452150833255e-9, 0.2223892044221258, 2.297140877799018e-8, 7.786467941875664e-9, 3.546506046229695e-9, 3.6622944019830476e-9, 6.554975806536577e-9, 1.5369135424017332e-7, 5.1672549239826494e-8, 1.894153550091651e-8, 1.6654965621834428e-7, 3.880376256519461e-9, 4.5897584922702495e-9, 0.7776070300351134, 1.567860097160591e-7]
v_opt: [0.049457019486743935, 1.6637729201043482e-7]
solution time: 0.004791975021362305
McCormick lower bound: -2.1046366103465113

