x_opt: [0.2961808501786822, 0.7449538905633323, 0.25504605020500026, 0.9999999234976363, 0.2550461090718228, 0.2550460486222442, 0.25504605039263795, 0.7449538912600172, 0.2550460478172917, 0.25504610897851027]
w_opt: [0.29618084985861937, 0.2550460500164804, 0.29618084988931626, 1.2704665500068965e-8, 0.2550460482509975, 2.946215169372117e-9, 0.04113474192527419, 2.4081167237817933e-10, 0.25504610850526377, 7.190964674375395e-10, 0.7449538902851583, 5.380705284505849e-10, 0.2550460484047696, 1.5692891423971392e-10, 0.7449538902157119, 2.032026737700121e-10, 2.666125742854865e-10, 0.2550460500127103, 0.2550460492602634, 0.25504604803655073, 0.2550460497739178, 2.2766448395997502e-9, 2.472475181121187e-10, 5.346539287416196e-10, 0.2550460331051886, 0.25504597455732747, 0.2550460494285633, 0.7449538906364241, 0.2550459717892426, 0.25504610858028387, 4.777736572230644e-10, 0.25504604969839734, 6.778395706337347e-10, 2.869596953096708e-10, 2.2213585626837276e-10, 2.350020570452428e-10, 3.5260826362570115e-10, 0.25504604739836534, 3.6096571937249488e-9, 8.395000769768048e-10, 0.2550460474821162, 1.94652139410616e-10, 4.2574433252843706e-10, 0.25504610792751004, 0.2550460471891551]
v_opt: [0.06504850019290517, 0.25504604739352077]
solution time: 0.004850864410400391
McCormick lower bound: -3.379248678166577

