x_opt: [0.5258465509595369, 0.8988878172317833, 0.10111214917249078, 0.8988887102357483, 0.10111215961946153, 0.10111213706047341, 0.1011121502151423, 0.8988878482023368, 0.10111208668068401, 0.10111218963595596]
w_opt: [0.5258465478246249, 0.1011121469427039, 0.5258465480436243, 7.539815037584606e-7, 0.10111213306340293, 3.150759793180566e-8, 0.4247344047838809, 3.1797423433680157e-9, 0.10111218402245717, 2.0259243972183234e-8, 0.8988878147005477, 4.596527432561809e-9, 0.10111213442827391, 2.1494359412697744e-9, 0.8988878147896324, 2.690166336763875e-9, 1.0109002610950739e-8, 0.10111214713898996, 0.10111212474019986, 0.10111213209958136, 0.1011121447391635, 1.429382732565258e-7, 2.931985226070567e-9, 7.536187845827843e-9, 8.763673471791746e-7, 9.127028570226313e-7, 0.1011121381191365, 0.8988878411141632, 8.02723021819387e-7, 0.10111218516211123, 5.9900585872972966e-9, 0.1011121344989163, 1.1627471223547179e-8, 3.739383748638282e-9, 2.132340496170233e-9, 2.168750384421394e-9, 5.088051921605356e-9, 0.10111208246649146, 1.0498364315119952e-7, 3.6448609152734885e-8, 0.10111208355293895, 2.0718143624123843e-9, 4.067970305152861e-9, 0.10111217990614624, 0.10111207869435684]
v_opt: [0.010224263157453128, 0.10111208157843034]
solution time: 0.004982948303222656
McCormick lower bound: -4.990219645552713

