x_opt: [0.5095800634421146, 0.8695184945560097, 0.1304815048616112, 0.8924879348549624, 0.13048150536218595, 0.10751206518132546, 0.13048150530645714, 0.8695184946805528, 0.1075120651720431, 0.1304815054648256]
w_opt: [0.5095800634393904, 0.13048150486011276, 0.5095800634401235, 2.8230979156092965e-10, 0.10751206517922951, 1.8107185983234258e-11, 0.3790985581305505, 2.0845269747531456e-12, 0.13048150542258535, 4.456995897548202e-12, 0.8695184945544555, 3.459486677811369e-12, 0.10751206517964373, 1.5442598924370833e-12, 0.869518494554563, 1.4052713718579735e-12, 2.2367122553429818e-11, 0.1304815048598576, 0.13048150485688478, 0.10751206517809335, 0.13048150486026328, 1.528952935058839e-11, 1.9314053412411253e-12, 5.827939249705096e-12, 0.022969440220036906, 8.126766715635719e-11, 0.13048150529721061, 0.8695184946733876, 3.291752096754576e-11, 0.13048150546279036, 3.933645062027389e-12, 0.13048150530262248, 4.54595231194506e-11, 2.757503541446953e-12, 1.1629834383816286e-12, 1.328947885051593e-12, 2.5183620987197984e-12, 0.10751206516879891, 5.301950468203266e-11, 5.697152897960287e-12, 0.10751206516966788, 1.333864669751228e-12, 1.7569363356748986e-12, 0.13048150545905648, 0.10751206516666177]
v_opt: [0.017025434359976745, 0.10751206516888423]
solution time: 0.005572080612182617
McCormick lower bound: -2.9918708408789945

