x_opt: [0.5258465879783892, 0.898887049288167, 0.1011129456385103, 0.8988881070771482, 0.10111294645390671, 0.10111189575776597, 0.1011129455003857, 0.898887054136344, 0.10111189239477025, 0.10111297289624332]
w_opt: [0.5258465876328394, 0.10111294537974165, 0.5258465877082856, 6.504735587167923e-8, 0.10111189538248691, 2.3911082041336757e-9, 0.4247336427862156, 3.6338529215536987e-10, 0.1011129723513411, 1.150848919585964e-9, 0.8988870490267072, 4.917328568797674e-10, 0.10111189546639202, 2.638379162275841e-10, 0.8988870490431994, 2.853742858231276e-10, 2.2440500866645514e-8, 0.10111294538168707, 0.10111294409760052, 0.10111189520488856, 0.10111294531616598, 6.652072489623341e-9, 3.265375602545854e-10, 8.928540372154578e-10, 1.0541339669088625e-6, 8.770221452187162e-9, 0.1011129442140077, 0.8988870532894137, 3.6177605960876734e-10, 0.10111297251734461, 6.185619828005723e-10, 0.10111294415435697, 1.091139677641837e-9, 4.1370418306190327e-10, 2.0261917820680472e-10, 2.2886974127517578e-10, 5.272421596670669e-10, 0.10111189195101347, 6.23693165602889e-9, 1.3152449394797846e-9, 0.10111189202733277, 2.3108507442089164e-10, 3.316595815589512e-10, 0.10111297208974597, 0.10111189147684388]
v_opt: [0.010224018465274376, 0.10111189186319901]
solution time: 0.00562596321105957
McCormick lower bound: -4.030513644965792

