x_opt: [0.3622673889760345, 0.6377326739179773, 0.22389106003726472, 0.776108708035716, 0.36223678872632853, 0.22389104700782364, 0.2238911006678206, 0.6377630534850494, 0.223890980972128, 0.36226741256178335]
w_opt: [0.36226737843772544, 0.2238910520287881, 0.36226737982667906, 3.534018622618076e-6, 0.22389103840928037, 7.765979970154403e-7, 3.049803719594994e-5, 8.961982875851899e-9, 0.3622671014200054, 1.935284882289782e-8, 0.6377326630057362, 1.8384096826907754e-8, 0.22389103863013596, 6.763293910728756e-9, 0.6377326639288954, 6.7713056940793205e-9, 1.3341840883457175e-7, 0.22389104879073543, 0.22389103870312332, 0.2238909809814764, 0.22389105035257828, 6.25204639983216e-8, 1.0277694233617804e-8, 2.9648507990556395e-8, 0.13834553328739754, 1.1583712858375848e-6, 0.22389089864018766, 0.6377629987177422, 1.4420290199479443e-7, 0.36226740131453594, 2.3857035885759764e-8, 0.22389104362834028, 1.521945725790756e-8, 1.4697395463897452e-8, 8.678848831316448e-9, 1.0588918281560167e-8, 9.950177731331463e-9, 0.2238909683936084, 9.059772168472767e-7, 2.522790944227495e-8, 0.22389096339712564, 8.220267252626007e-9, 1.0168843323541482e-8, 0.36226736345102833, 0.22389095048144986]
v_opt: [0.050127298455398414, 0.22389096332164898]
solution time: 0.005712032318115234
McCormick lower bound: -1.9141993936603128

