x_opt: [0.5258472503480899, 0.8988882434688006, 0.1011116549679386, 0.8988883652851334, 0.10111170867150934, 0.1011116586585831, 0.10111165308755451, 0.8988882913310314, 0.10111165345846654, 0.10111177004800408]
w_opt: [0.5258472492456729, 0.10111165403610073, 0.5258472490565194, 4.4250600607421997e-7, 0.10111165669683814, 1.5339449505218244e-8, 0.42473554496486904, 1.775243513724221e-9, 0.10111176028946536, 9.377542444010779e-9, 0.8988882422306307, 8.494304310170641e-10, 0.1011116574047095, 1.1756257194609706e-9, 0.898888242596155, 1.2006144943674326e-9, 1.4116272565072355e-8, 0.1011116540523907, 0.10111164138777365, 0.10111165334123239, 0.10111165178138654, 1.4157704933525365e-7, 1.2756006214393231e-9, 4.209487019770703e-9, 7.868066911884196e-8, 9.219861075091459e-8, 0.1011116455286084, 0.898888283604216, 3.502178777073733e-8, 0.10111176820642506, 3.2421518997875773e-9, 0.10111163344838742, 3.1297707591450353e-9, 2.072359155227098e-9, 1.2058673568149434e-9, 7.938877728458717e-10, 2.2459262739149987e-9, 0.10111164954566242, 3.1079831490431024e-8, 5.925321626755158e-8, 0.10111165161707737, 7.702218931719773e-10, 2.794681650626733e-9, 0.10111176506271007, 0.10111164788543985]
v_opt: [0.010223773893767048, 0.10111165154094263]
solution time: 0.0049970149993896484
McCormick lower bound: -4.1712570424170545

