x_opt: [0.512861525210293, 0.8754430552364993, 0.1245569431801496, 0.8937790533115472, 0.12455694459446541, 0.10622095691872044, 0.12455694361781877, 0.8754430562217601, 0.10622095502484906, 0.12455694488034876]
w_opt: [0.5128615250102482, 0.12455694304653393, 0.5128615250690616, 6.88757769467589e-9, 0.10622095671532635, 1.2903665967287667e-9, 0.38830458179614263, 1.6426301454008334e-10, 0.12455694461260815, 6.729571894325378e-10, 0.8754430551045819, 3.081139140952239e-10, 0.10622095678526818, 1.3391380844143975e-10, 0.8754430550952482, 1.4041033705340006e-10, 3.3263899526974564e-10, 0.12455694306267269, 0.12455694252620189, 0.10622095667690645, 0.12455694301758803, 2.862372743730704e-9, 1.6122694601712466e-10, 4.029587689794305e-10, 0.018335998211067753, 1.2606724393103683e-8, 0.12455694303440128, 0.8754430558467952, 8.619763800183364e-9, 0.12455694466015034, 3.1297768650727343e-10, 0.12455694313314573, 1.014998880021339e-9, 1.9433241780605368e-10, 1.0540362426804275e-10, 1.3237350613490982e-10, 2.5486614663862997e-10, 0.10622095480838029, 2.8066817442499336e-9, 7.165692818725312e-10, 0.10622095484850298, 1.2459952265169506e-10, 1.7376868736092127e-10, 0.12455694443706149, 0.10622095463133785]
v_opt: [0.015514656483471903, 0.10622095473854716]
solution time: 0.004936933517456055
McCormick lower bound: -4.588488959504153

