x_opt: [0.5258342994196615, 0.898867501798693, 0.10112136660727492, 0.8988785637649398, 0.10113245800322196, 0.10112140552341922, 0.10112150731340377, 0.8988675430659216, 0.10112144364343616, 0.10113250360867064]
w_opt: [0.5258342903058232, 0.10112135958503272, 0.5258342854459177, 7.148903210962056e-7, 0.10112139144760149, 1.059541958816913e-7, 0.4247018580485918, 1.4455115709759346e-8, 0.10113247907354253, 2.3450628519802007e-8, 0.8988674883849368, 2.1107244174294092e-8, 0.10112139148632558, 6.534381094064865e-9, 0.8988674911608748, 7.826168766390018e-9, 1.7972921697506224e-8, 0.10112135496767918, 0.10112132735606902, 0.10112132457229174, 0.10112135386179404, 8.934827979130204e-8, 1.1062078998011768e-8, 2.7344143651172115e-8, 1.1040223227420844e-5, 1.6958909026368904e-7, 0.10112144722920731, 0.8988675144103466, 4.2309878831644947e-8, 0.10113249139596595, 1.985016121703288e-8, 0.10112146292157735, 2.2789480652914357e-8, 1.4541497970253478e-8, 1.0725165456792456e-8, 6.783535849993298e-9, 1.2040821188869508e-8, 0.10112139234602702, 1.4426506010961065e-7, 3.041148857791355e-8, 0.10112143049570005, 6.677505141878025e-9, 1.6366153405975164e-8, 0.10113246345485069, 0.10112141285701584]
v_opt: [0.01022677431731147, 0.10112142903768802]
solution time: 0.007476091384887695
McCormick lower bound: -2.280733153255828

