x_opt: [0.7474420544199712, 0.7776115462459218, 7.243143522345184e-7, 0.9999992267365111, 0.2223885812956453, 6.820922225097001e-7, 0.22238816268459885, 0.7776119745341433, 6.974440634741744e-7, 0.7776032115890469]
w_opt: [0.7474420182272746, 6.968437600722089e-7, 0.7474420351169214, 5.856937650576885e-6, 6.556179918622633e-7, 2.355514851890891e-7, 0.5250541035300805, 3.17484790657982e-8, 0.7474420076439017, 6.477504597051532e-8, 0.7776115240677325, 2.137994076714384e-7, 6.566703852688004e-7, 4.9820186570670335e-8, 0.777611521521711, 2.217866263831669e-8, 0.5552147943052745, 6.879363917300604e-7, 6.682317036508077e-7, 5.880942630828317e-7, 7.061909350623128e-7, 1.7832201269486545e-7, 2.8805734361827158e-8, 8.487089089304536e-8, 0.22238784516477383, 3.015429001060974e-7, 0.22238799209149912, 0.7776118998031728, 4.3646838607590036e-8, 0.7776031863970371, 5.1511346718460256e-8, 0.222388012097669, 6.252098644759476e-7, 4.019467856520287e-8, 1.5575033303727135e-8, 2.2161570491326238e-8, 4.276591663385854e-8, 6.304510525344092e-7, 2.656060399464645e-7, 2.1662266734907067e-7, 6.59098363968153e-7, 2.4838434759357665e-8, 2.01067084666726e-8, 0.7776031509485497, 6.117850510105895e-7]
v_opt: [0.04945694935152736, 6.543656595231386e-7]
solution time: 0.004376888275146484
McCormick lower bound: -2.861979570132278

