x_opt: [0.4366513260137708, 0.4366513258162276, 4.67572641298401e-9, 0.7819066537131393, 0.21809334651021683, 0.2180933463623859, 0.21809331130661797, 0.5633486757663784, 0.2180933458713415, 0.5633486758247305]
w_opt: [0.4366513257751927, 4.661763810329772e-9, 0.4366513259868259, 2.9514369602320282e-8, 0.2180933463370734, 4.790146689996829e-9, 1.8539663940922633e-9, 2.229049366889203e-11, 0.4366513259670692, 3.35462698162537e-11, 0.4366513257620765, 3.8312620940832057e-10, 0.21809334633740093, 1.5069958347553138e-11, 0.43665132577547267, 1.2569349091825055e-11, 1.6732030640270216e-9, 4.5511589099073456e-9, 4.6239754133514075e-9, 3.6321954459072155e-9, 4.654189205277039e-9, 2.7833696711781286e-10, 2.2232330285498982e-11, 4.549099774084311e-11, 6.689060033335187e-10, 3.807808152144715e-9, 0.21809330793411108, 0.5633486756889207, 1.8389733041116176e-10, 0.5633486758046535, 3.6652091259194585e-11, 0.21809329041509928, 2.932985041286724e-11, 2.8999031441908802e-11, 2.2668722931368828e-11, 1.929422443935843e-11, 2.1527343342452567e-11, 0.2180933458384509, 2.819403826200516e-10, 6.791348605376952e-11, 0.21809331126384063, 1.5671443893367516e-11, 3.158102498565082e-11, 0.5633486755693028, 0.21809334577838094]
v_opt: [0.047564704902655436, 0.21809334584131693]
solution time: 0.0049228668212890625
McCormick lower bound: -0.9875961186532437

