x_opt: [0.31935431435055056, 0.6806458028101453, 0.31935036105101283, 0.950642706897631, 0.3193538590221314, 0.3193485242167412, 0.3193503499200706, 0.6806461255726575, 0.049357528061952836, 0.31935430591060493]
w_opt: [0.31935430045819335, 0.31935035437592585, 0.31935430827317335, 9.376811066391823e-7, 0.3193485124212432, 1.4248116281140248e-7, 5.153358296064182e-7, 5.650362881684778e-9, 0.31935423756690623, 5.112650001140447e-8, 0.6806457959609694, 1.0551106093903965e-8, 0.3193485199007255, 5.339540991953249e-9, 0.6806457959577801, 5.39681447030196e-9, 1.1996405699864292e-7, 0.3193503557522747, 0.3193502797983968, 0.3193484569246694, 0.3193503402001847, 7.092342554305335e-7, 6.965605566015309e-9, 1.5907217686398527e-8, 0.26999658430217094, 0.26999143070948556, 0.31935030758551064, 0.6806460962869141, 3.641888341223935e-7, 0.31935429326204806, 1.515306507921288e-8, 0.3193502079641675, 2.145699382356752e-8, 8.800669482694607e-9, 4.408720082958923e-9, 8.209636820072572e-9, 2.570010170878274e-8, 0.0493575132729339, 1.69302244058615e-7, 1.8687479122873235e-7, 0.0493575174384851, 5.550879080396072e-9, 1.0036280360784613e-8, 0.3193542763818261, 0.04935750512540665]
v_opt: [0.10198465965785525, 0.049357511456908074]
solution time: 0.004345893859863281
McCormick lower bound: -3.344697569786671

