x_opt: [0.3193535536299847, 0.6806478434243229, 0.319352001035724, 0.9506471963298806, 0.3193520909614745, 0.3193508686393232, 0.3193520026834131, 0.680647909386275, 0.04935315740927187, 0.31935223118460143]
w_opt: [0.31935355107449254, 0.3193519994823844, 0.31935355224239015, 1.0311160974587687e-7, 0.31935086648945915, 1.6698911516594546e-8, 1.4701326603451634e-6, 1.5182480266595419e-9, 0.3193522268563902, 8.228898437176562e-9, 0.680647842037177, 3.1741232255713543e-9, 0.3193508674314405, 1.4904765148567231e-9, 0.6806478419346792, 1.4368961752486632e-9, 7.666203115918085e-8, 0.31935199984067986, 0.31935198708557205, 0.3193508632159683, 0.3193519976591496, 7.128647519376114e-8, 1.7696161213416572e-9, 3.889972980082098e-9, 0.26999929091845903, 0.2699980912566351, 0.3193519953801512, 0.6806479046161935, 3.676103847300764e-7, 0.3193522287137184, 3.3445763093702657e-9, 0.3193519799219149, 4.240525967570595e-9, 2.2108944229045767e-9, 1.0348559885843015e-9, 1.6155168550945012e-9, 8.14116372896238e-9, 0.049353154220147216, 3.00642158933515e-8, 3.5241394988279626e-8, 0.04935315528654884, 1.3877938675540434e-9, 2.053368666760179e-9, 0.3193522262665132, 0.04935315195639077]
v_opt: [0.10198575457450455, 0.049353153527528254]
solution time: 0.006994009017944336
McCormick lower bound: -4.374768446139242

