x_opt: [0.5076465976847244, 0.8660276983146128, 0.13397229948831135, 0.8917272010895138, 0.1339723014537674, 0.10827280034536334, 0.13397230048701222, 0.866027699053865, 0.10827279989158532, 0.1339723018521388]
w_opt: [0.5076465975592729, 0.1339722994018635, 0.5076465975916732, 4.824257038446557e-9, 0.10827280021713202, 8.780057245758667e-10, 0.37367429696471677, 1.1195040177199162e-10, 0.13397230167147517, 3.4267007485162576e-10, 0.8660276982233797, 2.0463408545051342e-10, 0.10827280025238534, 8.744870142370868e-11, 0.8660276982190436, 8.698572148733308e-11, 2.9621523462549647e-10, 0.1339722994001892, 0.13397229912762926, 0.10827280016699609, 0.13397229939656533, 1.4620044515217963e-9, 1.0799257317729982e-10, 2.716284577667848e-10, 0.025699502725767542, 3.406413651651259e-9, 0.13397230005084443, 0.8660276988009172, 1.1882354578063022e-9, 0.1339723017209368, 2.0245258828606318e-10, 0.13397230014310268, 6.511623047282843e-10, 1.3211998133960212e-10, 7.050397030576464e-11, 8.471912120052848e-11, 1.5515561636172553e-10, 0.10827279973948432, 1.8409679738387384e-9, 3.6660826687909117e-10, 0.10827279977160259, 8.058779957699653e-11, 1.1038648499099451e-10, 0.13397230156295234, 0.10827279962233456]
v_opt: [0.017948906575436716, 0.1082727997120269]
solution time: 0.005335092544555664
McCormick lower bound: -3.609244508645122

