x_opt: [0.3360605932340768, 0.7716800480773676, 0.22831981487651384, 0.9824403977311578, 0.22831984705250102, 0.2283157881762353, 0.22831980404241425, 0.7716801543634002, 0.22831569646649083, 0.22831998122564398]
w_opt: [0.3360605804216038, 0.22831980601055232, 0.3360605838710607, 1.8846993007176041e-6, 0.228315773398817, 1.2907589210104295e-7, 0.10774078479092138, 9.475428633628808e-9, 0.22831995459124105, 5.48012684506078e-8, 0.771680039549906, 1.4434185264205079e-8, 0.22831578053074686, 7.572838916876087e-9, 0.7716800384598413, 8.827146799210556e-9, 4.4479863101362386e-8, 0.2283198082579279, 0.22831972903007047, 0.22831576771993486, 0.22831979334231753, 2.430627599725128e-7, 9.942325834830496e-9, 2.529972036478007e-8, 0.21076026872744483, 0.21075631308780698, 0.2283197580601743, 0.771680127035984, 0.21075611929811325, 0.22831996394801285, 2.30656688418163e-8, 0.2283197388946944, 1.6323028246541912e-8, 1.2848921754956247e-8, 7.288979542699048e-9, 8.274740654550053e-9, 2.7475451540756998e-8, 0.22831567455458196, 2.728524119827452e-7, 9.430563154016126e-8, 0.2283156855912282, 7.415940011187332e-9, 1.5546747656625826e-8, 0.22831994474508863, 0.2283156658510417]
v_opt: [0.052130031705122294, 0.2283156778245111]
solution time: 0.00584101676940918
McCormick lower bound: -4.924574307888485

