x_opt: [0.41252847279396754, 0.8229345106308562, 0.17706484356987512, 0.9487760244594967, 0.1770654228674598, 0.17706385892578885, 0.1770648772466591, 0.8229345866624812, 0.1770632023948859, 0.17706550180270583]
w_opt: [0.4125284631585586, 0.1770648374589914, 0.4125284648728741, 2.8326978723625215e-6, 0.17706384801021724, 1.2782600063842922e-7, 0.23546307364256616, 7.842655830640417e-9, 0.17706548945025755, 5.431142883964598e-8, 0.8229345035278812, 1.1232604447852046e-8, 0.1770638523105574, 6.248301018569104e-9, 0.8229345032911842, 6.919654948326256e-9, 2.1365158774081755e-8, 0.177064837842666, 0.17706479389626478, 0.17706384508218811, 0.17706483515981206, 4.286783507909884e-7, 7.881658636920728e-9, 2.0553796793334408e-8, 0.12584146526096385, 0.12583998046751715, 0.17706483424852937, 0.8229345666944398, 0.1258392395000677, 0.17706548862142354, 1.7589968782580176e-8, 0.1770648281468894, 2.164935435801798e-8, 1.0247017160870305e-8, 6.000402955920518e-9, 6.676508881155977e-9, 1.3194007074872529e-8, 0.17706319199179826, 3.027766493990332e-7, 1.1223670588121244e-7, 0.17706319344983387, 5.919947542017398e-9, 1.1639622142598813e-8, 0.17706547199658484, 0.17706317933863572]
v_opt: [0.03135267661392411, 0.17706318800882842]
solution time: 0.00438380241394043
McCormick lower bound: -4.342503818769282

