x_opt: [0.3622557070146244, 0.6377443594969778, 0.22390308168430517, 0.7760969111379147, 0.36225563965613405, 0.22390310839574837, 0.22390307702256823, 0.6377443640514922, 0.2239030819157377, 0.36225564053300957]
w_opt: [0.36225570344883373, 0.22390307990014183, 0.36225570474561547, 4.840761753906794e-7, 0.22390310274296352, 1.1840379559442221e-7, 2.9306623155719077e-7, 1.546293784508638e-9, 0.3622555965499564, 5.745245054044002e-9, 0.6377443562973442, 7.952079064931944e-9, 0.22390310705167718, 9.4674509061756e-10, 0.6377443510597363, 1.1526535646764953e-9, 2.3041020639352295e-9, 0.22390308032437126, 0.22390307570004483, 0.22390307487470654, 0.2239030751733517, 2.2258549428951956e-8, 1.870936039490433e-9, 5.329723339581765e-9, 0.1383525563492196, 9.077208839391819e-8, 0.22390306225321235, 0.6377443575047045, 1.3816612702649715e-8, 0.36225563673174177, 6.34230363644116e-9, 0.22390307084221295, 1.5942954039073515e-8, 3.0519668347940116e-9, 5.012384641936607e-9, 2.233752985282375e-9, 2.6611194097751455e-9, 0.2239030754376149, 5.7903029499956735e-8, 9.258993103293833e-9, 0.2239030762263391, 1.3483423891628982e-9, 5.436314043488575e-9, 0.3622556288352168, 0.2239030746906725]
v_opt: [0.05013261893837005, 0.22390307853720776]
solution time: 0.004375934600830078
McCormick lower bound: -2.2766996512285322

