x_opt: [0.7474435829444808, 0.7776087801098929, 3.6580423776472334e-7, 0.9999972570001486, 0.22239113062398935, 4.113692659805251e-7, 0.2223911311360867, 0.7776088601372007, 4.157007993945845e-7, 0.7776088228986083]
w_opt: [0.7474435788813908, 3.6320070465409174e-7, 0.7474435803503058, 1.5348878201230042e-6, 4.080957408327424e-7, 6.362754991347548e-8, 0.5250524522595023, 3.137334060882112e-9, 0.7474435759021185, 6.315703748166993e-9, 0.7776087766844019, 8.83831177192821e-9, 4.085231451370465e-7, 3.1897920906734516e-9, 0.7776087764580669, 2.1476453041179515e-9, 0.5552176068371771, 3.6067835758096713e-7, 3.587692427352236e-7, 3.553487519914302e-7, 3.6348192774174185e-7, 2.17921089445418e-8, 3.2648866607891757e-9, 7.7028740987454e-9, 0.22238839216056897, 4.1152369958267893e-8, 0.22239110358188677, 0.7776088504672705, 4.9868496319168585e-9, 0.7776088199395799, 5.737898544535507e-9, 0.22239110868834627, 8.832326573958817e-9, 4.250530324094729e-9, 2.0852530599169134e-9, 2.8499229019809645e-9, 4.131082245012729e-9, 4.0575337776236286e-7, 5.847936639827262e-8, 1.2367519009786299e-8, 4.1040264338798246e-7, 2.767240686732132e-9, 2.8927016885373057e-9, 0.7776088121201482, 4.049526836133856e-7]
v_opt: [0.049457882639627956, 4.108435234377898e-7]
solution time: 0.008267879486083984
McCormick lower bound: -1.849231352818276

