x_opt: [0.5258473163088793, 0.8988883818334716, 0.10111161357625409, 0.8988883872909486, 0.10111161502552217, 0.10111161289079627, 0.1011116137755626, 0.8988883852389914, 0.10111161287986437, 0.1011116196433488]
w_opt: [0.5258473161232281, 0.10111161345432235, 0.5258473161376727, 7.4420109699364e-9, 0.1011116126957628, 1.3303923316505477e-9, 0.4247357018328944, 1.972771470401516e-10, 0.10111161933753854, 4.30238462765968e-10, 0.8988883816777257, 2.7483792429003503e-10, 0.101111612718002, 1.1878334384370055e-10, 0.8988883816954065, 1.2808929107221473e-10, 1.624779020400003e-9, 0.1011116134204117, 0.10111161300590209, 0.10111161244531967, 0.10111161340777365, 2.284908541264569e-9, 1.668506281611955e-10, 4.3539126524272357e-10, 2.5950775272063485e-9, 3.2837746850761372e-9, 0.10111161301091104, 0.8988883848068202, 6.928132332670155e-10, 0.10111161946054352, 3.0439514486303635e-10, 0.10111161314471082, 5.593227850155162e-10, 2.1464644136425217e-10, 1.1988845602732516e-10, 1.1010969480297978e-10, 2.1993595233275264e-10, 0.1011116125494704, 2.551292207906071e-9, 5.285510495573683e-10, 0.10111161268535519, 1.0989780042673371e-10, 1.8845515847513714e-10, 0.10111161918141943, 0.10111161241999872]
v_opt: [0.010223773066442218, 0.10111161263617201]
solution time: 0.005810976028442383
McCormick lower bound: -2.9630998786622973

