x_opt: [0.31935363375286013, 0.6806463808851131, 0.3193502197073542, 0.9506436559403798, 0.31935361405356355, 0.31935021975864936, 0.3193502195807062, 0.6806463862397363, 0.04935636111418293, 0.3193536190181057]
w_opt: [0.31935363286352547, 0.319350219308434, 0.3193536332803347, 4.202814420645179e-8, 0.31935021916748335, 7.397276962173516e-9, 2.256226780053849e-8, 3.909039087174852e-10, 0.31935361842152327, 1.2091180071680947e-9, 0.6806463803359152, 8.635125338372776e-10, 0.3193502194060692, 3.433703974454189e-10, 0.6806463801772106, 3.642249089751112e-10, 1.0126147897456605e-9, 0.3193502192871932, 0.31935021833083765, 0.31935021751693343, 0.3193502187892345, 2.3235755512031253e-9, 4.720166073412821e-10, 9.628810934488555e-10, 0.2699972709811331, 0.2699938823706095, 0.31935021747954184, 0.6806463848833689, 1.7729321279247082e-8, 0.31935361829336306, 8.909056014224074e-10, 0.31935021825394966, 1.1445507659900096e-9, 5.249835129000002e-10, 3.687937026911596e-10, 6.432239675477655e-10, 6.927392195096185e-10, 0.049356360468354746, 8.032675698139605e-9, 1.3477739621495062e-9, 0.049356360377999516, 4.4336881782673267e-10, 6.835650778025355e-10, 0.31935361719174943, 0.04935635984234377]
v_opt: [0.10198521341104125, 0.0493563602245824]
solution time: 0.005209922790527344
McCormick lower bound: -2.6691007228147305

