x_opt: [0.5258472908156803, 0.8988867382728774, 0.10111146331545699, 0.8988883667034955, 0.10111189976376037, 0.10111152940593333, 0.10111160432407457, 0.8988880882272718, 0.10111157627752584, 0.10111348647021927]
w_opt: [0.5258472880001455, 0.10111146079146095, 0.5258472864007668, 7.433822536263108e-7, 0.1011115248326732, 3.772094892748651e-8, 0.42473538584768117, 6.435057707117993e-9, 0.10111344313594041, 8.817406483570748e-9, 0.8988867339359913, 9.01423370928051e-9, 0.10111152355582725, 2.4480941393997525e-9, 0.8988867351738583, 2.793389135201545e-9, 2.2863966888442874e-7, 0.101111458856904, 0.10111144491191165, 0.10111143813025732, 0.10111145830533946, 7.50164193019957e-8, 4.095378592991308e-9, 1.2456195014243609e-8, 2.8591677555232526e-7, 4.561190765386722e-8, 0.10111157462707399, 0.8988880683797318, 9.503153732915138e-9, 0.101113482752512, 7.870289576685938e-9, 0.1011115683682366, 1.021306518419217e-8, 6.3594657942558896e-9, 4.467879969149021e-9, 2.0845564716415365e-9, 4.80318992372031e-9, 0.10111152378769377, 6.886033039943043e-8, 1.2847592760300968e-8, 0.10111156953176612, 2.2875759669301372e-9, 6.2248539147831826e-9, 0.10111347314448459, 0.10111156419240946]
v_opt: [0.010223603903423317, 0.1011115713003664]
solution time: 0.004212856292724609
McCormick lower bound: -2.3202410152088246

