x_opt: [0.5258461947292653, 0.8988868342131222, 0.10111243802792408, 0.8988878758538711, 0.10111315350759183, 0.10111243562152063, 0.101112453379629, 0.8988868447747149, 0.1011124283139652, 0.10111316589783606]
w_opt: [0.5258461915336797, 0.10111243590161471, 0.5258461915846874, 3.5036839496287273e-7, 0.1011124316541829, 2.8392255897765965e-8, 0.42473304729974004, 3.0381565709935262e-9, 0.10111316047022283, 9.464012933597572e-9, 0.8988868312981081, 5.514009798944013e-9, 0.101112432949945, 1.880162300294481e-9, 0.8988868311049134, 2.3721374717283287e-9, 4.8172136837984895e-9, 0.10111243576488158, 0.10111242538026785, 0.10111242979861945, 0.1011124344304709, 6.450509178070849e-8, 2.8518999763037364e-9, 6.70637236361124e-9, 1.0351806250179598e-6, 3.537140099014167e-7, 0.10111244176218609, 0.8988868376906901, 3.0989401377881924e-7, 0.10111316179760095, 5.493071722516723e-9, 0.10111244379383817, 2.34320751191886e-9, 3.4628461721178954e-9, 2.3711236527206623e-9, 2.270300453943283e-9, 4.064492108224381e-9, 0.10111242361445746, 4.5020576881053695e-8, 1.2637433096182542e-8, 0.10111242489597154, 2.07183972966771e-9, 4.273688141660922e-9, 0.10111315564024563, 0.10111242075755185]
v_opt: [0.010224947269790424, 0.10111242368775816]
solution time: 0.00574803352355957
McCormick lower bound: -3.5130458069571358

