x_opt: [0.5000000142458849, 0.5000000254286986, 0.08101419905938108, 0.9189843355458164, 0.13681733900250245, 0.08101566445175365, 0.08101566663077125, 0.8631826601806514, 0.08101566570384847, 0.4999999763006627]
w_opt: [0.5000000136350795, 0.08101419865872421, 0.5000000135723336, 1.4518432528636882e-7, 0.08101566376489372, 1.2065847925218374e-8, 0.36318267561644657, 7.279872890077053e-10, 0.4999999733855373, 1.28745989502291e-9, 0.5000000246718751, 1.5740840626168031e-9, 0.0810156637540015, 3.982705191451282e-10, 0.500000024846612, 4.1777062956383264e-10, 2.8645823012113865e-9, 0.08101419827553744, 0.08101419725486085, 0.08101419627703953, 0.08101419846333476, 4.630546540199899e-9, 6.235205043847327e-10, 1.6700610869928618e-9, 0.05580167541598351, 1.3090695941027717e-8, 0.08101565990038681, 0.863182658552503, 3.820060452616499e-9, 0.49999997569441285, 1.1847750146457801e-9, 0.08101566355150222, 1.2181993894464513e-9, 8.522838983073993e-10, 6.474657541749074e-10, 4.22942520467105e-10, 6.360255239438344e-10, 0.08101566355686105, 1.048905026933205e-8, 1.7580758987574136e-9, 0.0810156644266006, 4.0536460272431247e-10, 8.047199715984986e-10, 0.4999999739583487, 0.08101566379381196]
v_opt: [0.006563857890714214, 0.08101566488294722]
solution time: 0.004857063293457031
McCormick lower bound: -1.8470507464022756

