x_opt: [0.6403841112320762, 0.9781415780245973, 0.021858421945188656, 0.9781415781887594, 0.021858421966655, 0.02185842181884244, 0.021858421959870873, 0.978141578059984, 0.021858421814527736, 0.17176548857707982]
w_opt: [0.6403841112291349, 0.021858421942683053, 0.6403841112296582, 1.2006746279445872e-10, 0.021858421815424755, 1.952652928043588e-11, 0.6185256892984115, 3.9101808518622504e-12, 0.17176548857190213, 1.1556064462814906e-11, 0.9781415780223265, 4.936485133182429e-12, 0.02185842181587515, 3.0112560808180524e-12, 0.9781415780224993, 2.7136122868678138e-12, 0.14990706660403436, 0.021858421942687247, 0.021858421933649806, 0.02185842181399183, 0.02185842194258795, 6.68763463568246e-11, 3.1900272052120976e-12, 9.686312231065445e-12, 1.6039616285185472e-10, 6.916807885611986e-11, 0.021858421947669175, 0.9781415780527477, 1.1708948202909825e-11, 0.17176548857374715, 5.983497440514477e-12, 0.021858421948187517, 3.1040561581535356e-11, 4.21330531167883e-12, 1.8144866587107886e-12, 1.9623324903129505e-12, 4.74298139515277e-12, 0.021858421809445257, 5.8170786118891334e-11, 2.7809937021784462e-11, 0.021858421811367906, 2.114272313194352e-12, 2.715916700997531e-12, 0.17176548857022342, 0.02185842180656064]
v_opt: [0.00047781557196158127, 0.02185842180951691]
solution time: 0.0054531097412109375
McCormick lower bound: -4.271072209015411

