x_opt: [0.5258470568061022, 0.898888180996677, 0.1011118168214945, 0.898888478060471, 0.10111181873367925, 0.10111178036483078, 0.10111181744739269, 0.8988881821064546, 0.1011117799939835, 0.10111181907669045]
w_opt: [0.5258470565745536, 0.10111181666245116, 0.5258470566239068, 1.12496439618944e-8, 0.10111178010976936, 1.6024091552710569e-9, 0.4247352393330767, 2.0962815414299992e-10, 0.10111181873395399, 7.813090957768292e-10, 0.8988881808283635, 3.7087437905458597e-10, 0.10111178019284635, 1.5728508755109315e-10, 0.8988881808220954, 1.729932317370296e-10, 3.432741578236321e-10, 0.10111181667497783, 0.10111181599550219, 0.10111178005731482, 0.10111181661607528, 3.2304399809583994e-9, 1.9877949123468288e-10, 4.982131748742142e-10, 2.9717665331498297e-7, 2.6125107815910765e-7, 0.10111181671750828, 0.8988881816405191, 2.5841396669063507e-7, 0.10111181880613325, 3.854244571086184e-10, 0.10111181681915611, 1.0880312009219288e-9, 2.4217652768665307e-10, 1.3598347985349843e-10, 1.5576516682742648e-10, 3.0686952427847274e-10, 0.10111177970716267, 3.3639837910675687e-9, 8.52939601627324e-10, 0.10111177977900386, 1.4824262559873887e-10, 2.2742850504845393e-10, 0.10111181851001533, 0.10111177949503981]
v_opt: [0.010223612728193287, 0.10111177965299241]
solution time: 0.007786989212036133
McCormick lower bound: -4.413927048204408

