x_opt: [0.5258473392107984, 0.898888301307311, 0.10111167386751962, 0.8988884395066224, 0.10111167694416505, 0.10111157673997928, 0.10111167672998948, 0.898888324123826, 0.1011115700098961, 0.10111183584874178]
w_opt: [0.5258473385593534, 0.10111167319095031, 0.5258473386601006, 3.3256102134941544e-7, 0.10111157590527624, 6.960972285712984e-9, 0.4247356656564525, 8.282050846920203e-10, 0.10111183480864046, 2.735508630535767e-9, 0.898888300784507, 8.691327759810659e-10, 0.10111157613008376, 5.384776845518823e-10, 0.8988883008589154, 5.98093089172634e-10, 1.3757169833184527e-7, 0.1011116733618839, 0.1011116678994299, 0.10111157551550168, 0.10111167314540098, 3.2736007488355134e-8, 6.822058601108397e-10, 2.207401683058658e-9, 1.1789470263035495e-7, 3.5777855839615024e-8, 0.10111167249476459, 0.8988883219564617, 1.316763776952473e-8, 0.1011118350298792, 1.4970900034858705e-9, 0.10111167282274505, 2.1899920693693704e-9, 1.0936280529294976e-9, 4.563271579734141e-10, 4.2728635008721353e-10, 1.199565082461643e-9, 0.10111156893050793, 2.6107771692894948e-8, 6.924584179450194e-9, 0.1011115693092842, 4.2519070184009147e-10, 8.096072349360848e-10, 0.10111183393041588, 0.10111156817444207]
v_opt: [0.010223949819326748, 0.1011115689162636]
solution time: 0.004930973052978516
McCormick lower bound: -4.053550363102657

