x_opt: [0.37445125742289026, 0.6255487429208602, 0.37445108441784203, 0.8393205928422779, 0.3744512569435122, 0.1606794082118563, 0.37445108451652925, 0.6255487430664878, 0.16067940718071597, 0.37445125715847377]
w_opt: [0.3744512574124863, 0.3744510844127913, 0.37445125741730234, 3.7604982504705097e-10, 0.1606794082034242, 7.801014193649601e-11, 5.088753157849914e-10, 6.630632718758337e-12, 0.3744512571447127, 1.8841190609242547e-11, 0.6255487429132455, 1.2847647457939651e-11, 0.1606794082060793, 6.2041628908227e-12, 0.6255487429125316, 5.59031761226743e-12, 8.78405028227151e-11, 0.3744510844120865, 0.3744510843977425, 0.1606794081970653, 0.37445108441089553, 6.037595604455957e-11, 7.469005369559885e-12, 1.683469435266144e-11, 0.21377184979887803, 1.172929547697685e-9, 0.37445108445734904, 0.6255487430456511, 4.108207501309537e-11, 0.3744512571487408, 1.3422781448050922e-11, 0.37445108446994724, 2.307818685802464e-11, 8.640586804528114e-12, 4.809637468952805e-12, 7.734345191975543e-12, 1.1110580964852081e-11, 0.16067940717214663, 1.3116374568347517e-10, 1.862947856352862e-11, 0.16067940717006163, 6.391852406229717e-12, 7.734294973597778e-12, 0.3744512571371589, 0.16067940716037676]
v_opt: [0.1402136247669201, 0.16067940716748014]
solution time: 0.004715919494628906
McCormick lower bound: -2.6248873853752506

