x_opt: [0.5161763597232146, 0.8814278496521529, 0.1185720896863953, 0.8950832692373124, 0.11857214576938874, 0.10491673852142881, 0.11857212081970539, 0.8814278571176665, 0.10491673643552833, 0.11857215207378234]
w_opt: [0.5161763587122289, 0.11857208898450852, 0.5161763588857707, 4.244296974259063e-8, 0.10491673744185731, 7.983711996938752e-9, 0.39760421859963824, 9.675126266738394e-10, 0.11857215047727697, 2.3868934980643817e-9, 0.8814278488010905, 1.651818913317185e-9, 0.10491673768744122, 6.889506700268884e-10, 0.8814278487961786, 7.036212160312782e-10, 2.7809825058612228e-9, 0.11857208885597721, 0.1185720869224554, 0.10491673679048096, 0.1185720889168602, 8.731870898123579e-9, 9.187546916258371e-10, 2.2648196702265664e-9, 0.01365541652735217, 2.4245462690660314e-8, 0.11857211669320818, 0.8814278548431005, 7.568935684981425e-9, 0.11857215101330129, 1.6813448712485794e-9, 0.11857211789336684, 4.234289661319881e-9, 1.1322508859765552e-9, 6.358271080755114e-10, 7.038024752821417e-10, 1.237907064239261e-9, 0.10491673505165959, 1.477941900788875e-8, 2.4176781887386164e-9, 0.10491673535581217, 6.644427825607152e-10, 9.909132326127918e-10, 0.11857214949038619, 0.10491673400017389]
v_opt: [0.014061752435572143, 0.10491673498313438]
solution time: 0.005389213562011719
McCormick lower bound: -2.9642768704811466

