x_opt: [0.3622556906536131, 0.6377443298348023, 0.2239031061328341, 0.7760969160315246, 0.3622556601966705, 0.22390310866235144, 0.22390310918328124, 0.6377443457789006, 0.22390310173249608, 0.3622556694986228]
w_opt: [0.36225568759316235, 0.22390310527776222, 0.36225568967586785, 3.459008589039238e-7, 0.22390310655724988, 5.669860301476965e-8, 1.326759332474923e-7, 7.965887441655254e-10, 0.362255663760083, 2.394588259818281e-9, 0.6377443284900415, 5.048558242338792e-9, 0.22390310794147225, 6.962001939999455e-10, 0.6377443265290391, 7.286710530954435e-10, 2.278323121471403e-9, 0.22390310519957027, 0.22390310312842454, 0.22390310337787767, 0.22390310481332706, 9.615025739975879e-9, 9.435282738232328e-10, 2.697620891037884e-9, 0.1383525785485347, 3.791128307967578e-8, 0.22390310190602652, 0.6377443425480631, 3.316338026369543e-8, 0.36225566782346336, 2.63126480975873e-9, 0.2239030994632889, 9.338750429065408e-9, 1.2530559094095709e-9, 9.202888728879233e-10, 1.7678909907316014e-9, 1.5109338208463029e-9, 0.22390309656200644, 2.0518847371729648e-8, 8.57299395681221e-9, 0.22390310030434923, 9.791918203838776e-10, 1.7733303436998225e-9, 0.36225566294655553, 0.22390309901984753]
v_opt: [0.050132822485344834, 0.22390309978199596]
solution time: 0.004475831985473633
McCormick lower bound: -2.199109155383665

