x_opt: [0.5258314590874185, 0.8988775675262006, 0.10112234706231997, 0.8988951968897012, 0.10112242320292686, 0.10112222917007885, 0.10112235105190136, 0.8988775852705303, 0.10112221584974118, 0.10112243312848554]
w_opt: [0.5258314549298939, 0.10112234426776369, 0.5258314553337362, 1.6708855521407545e-7, 0.10112222425679306, 3.324591156172361e-8, 0.42470905146394317, 3.8771975632441425e-9, 0.10112242640295878, 1.162479921261849e-8, 0.8988775639944366, 6.443742390526994e-9, 0.10112222583748585, 2.591271733844441e-9, 0.8988775638494549, 3.0879779815003046e-9, 5.961228761189853e-9, 0.10112234419901714, 0.10112233288406347, 0.10112222257817204, 0.10112234269341297, 4.139982011978986e-8, 3.665871526655106e-9, 8.759732770207761e-9, 1.7627443354227557e-5, 1.7490033146077622e-5, 0.1011223366603702, 0.8988775761320215, 1.7419539082976843e-5, 0.10112242804500557, 7.02502238352405e-9, 0.10112234057539982, 1.3524503669326078e-8, 4.4447509508885345e-9, 2.819371161302406e-9, 2.910694399638503e-9, 5.4194438400273456e-9, 0.10112221025789764, 5.6306473432216213e-8, 1.2026442610584593e-8, 0.10112221165562478, 2.6888727179377318e-9, 4.96412398489194e-9, 0.10112242119165969, 0.1011222060610758]
v_opt: [0.010225788658736674, 0.10112220980645506]
solution time: 0.0047338008880615234
McCormick lower bound: -3.703309004907764

