x_opt: [0.37445093015571185, 0.6255499667693477, 0.3744497965179397, 0.8393222206652994, 0.3744500004924606, 0.16068127347641692, 0.3744498045498705, 0.6255500049843921, 0.16067778765004398, 0.3744502185830828]
w_opt: [0.3744509279048738, 0.3744497951541788, 0.3744509289055859, 7.287333718076353e-8, 0.16068127170974084, 1.4128103629581149e-8, 9.389562468717762e-7, 1.4394119902883068e-9, 0.37445021653603905, 4.577967883185573e-9, 0.6255499654122989, 2.4683277868410268e-9, 0.16068127226533568, 1.36710707589298e-9, 0.6255499652551452, 1.2298228251868637e-9, 1.870358439014046e-7, 0.37444979513163906, 0.37444979208945844, 0.1606812707111261, 0.3744497951876149, 1.8073477944251063e-8, 1.5688567953466654e-9, 3.726278357629426e-9, 0.21377222378723007, 3.5178456585662583e-6, 0.3744497978083054, 0.625550000953216, 1.1299615207123043e-8, 0.37445021672497625, 2.870680098882471e-9, 0.3744498000113788, 7.78248379522443e-9, 1.8426915354641756e-9, 9.531062416284924e-10, 1.497947228564268e-9, 2.4407153632428667e-9, 0.16067778582572692, 2.886889872575381e-8, 3.797992568288582e-9, 0.1606777855685975, 1.3141711670706373e-9, 1.5156634928601694e-9, 0.374450214523549, 0.16067778346833766]
v_opt: [0.14021291945940847, 0.16067778485536774]
solution time: 0.00460505485534668
McCormick lower bound: -3.1634139225853906

