x_opt: [0.525846737579474, 0.8988873465569747, 0.1011125593170325, 0.8988884948895803, 0.10111250847543178, 0.10111186714735636, 0.10111255215106216, 0.8988875430566665, 0.10111177437105144, 0.10111282414720144]
w_opt: [0.525846721097098, 0.1011125454693677, 0.5258467225220134, 1.8046034459829057e-6, 0.10111184484508046, 1.217878848738059e-7, 0.4247343206211724, 2.0857213253707323e-8, 0.10111277682854981, 1.065211524753636e-7, 0.898887333502299, 2.7738910831247296e-8, 0.10111185151275619, 1.396353214610138e-8, 0.8988873347784074, 1.7483742552015544e-8, 1.8423594956686805e-7, 0.10111254798443084, 0.10111236436372882, 0.10111184061172311, 0.10111253113473982, 4.802034203135481e-7, 1.6767945715684045e-8, 4.9039020641641394e-8, 1.0426479182904522e-6, 6.668254678200442e-7, 0.10111249283697463, 0.8988874865791358, 3.7974472395587463e-7, 0.10111280164671438, 3.5349293660630945e-8, 0.1011124243682164, 7.45640866807058e-8, 2.2402318602043206e-8, 1.1676887021193975e-8, 1.077297367766709e-8, 3.712429359142547e-8, 0.10111174410976896, 3.585374584780986e-7, 1.6686267434704884e-7, 0.10111175759145136, 1.1213060376808895e-8, 2.3331378917766505e-8, 0.10111277850395342, 0.10111171810603084]
v_opt: [0.010223984181759483, 0.10111174687050284]
solution time: 0.004728078842163086
McCormick lower bound: -5.698594841012304

