x_opt: [0.74298414568329, 0.7907350567320789, 1.512847732142793e-7, 0.9999998005268218, 0.20925523317831382, 1.8274444939190833e-7, 0.20925361685498484, 0.7907447849356404, 1.9707724061811685e-7, 0.7429840851288432]
w_opt: [0.7429841428925494, 1.4898521748181503e-7, 0.7429841427297778, 1.5422634759130026e-7, 1.7937208405614504e-7, 2.547665030435843e-8, 0.5337289360937009, 4.447459595398157e-9, 0.7429840780116541, 6.434892380547706e-9, 0.7907350535815302, 6.200765509430137e-9, 1.788040710264333e-7, 2.5687049184640162e-9, 0.7907350541560647, 2.2838577753474172e-9, 0.5337191445098683, 1.4696609839358072e-7, 1.4318545250946397e-7, 1.4116377204502224e-7, 1.4861871313229485e-7, 2.2447465216952992e-8, 3.33263899724191e-9, 9.373943738707644e-9, 0.20925503805701676, 3.812905400458334e-8, 0.2092535960599391, 0.7907447766481127, 6.584514785199608e-9, 0.7429840822163605, 5.7305656398508296e-9, 0.2092536021448914, 2.4752324034784698e-8, 4.653826051341963e-9, 2.300783204305216e-9, 1.9541523689655676e-9, 3.7115907328688098e-9, 1.7923419337679473e-7, 4.197705156257139e-8, 7.013964221862586e-9, 1.9331304103549968e-7, 2.0732531535760195e-9, 3.054913590006383e-9, 0.7429840769616337, 1.8732062885130598e-7]
v_opt: [0.04378777644280962, 1.9273448458062586e-7]
solution time: 0.006578922271728516
McCormick lower bound: -2.2334930794709056

