x_opt: [0.3773265293723819, 0.799341971457353, 0.20065802710792396, 0.9642752576617, 0.2006580283372665, 0.20065801363541452, 0.2006580273644365, 0.7993419725003791, 0.20065789713049084, 0.2006580286485036]
w_opt: [0.3773265291218864, 0.2006580269501285, 0.3773265292102995, 8.130360711900689e-9, 0.20065801339588157, 1.5396391880068109e-9, 0.17666850231921016, 1.8027772570449507e-10, 0.2006580283460815, 8.736233626891259e-10, 0.7993419713056839, 3.415838211273314e-10, 0.20065801348887555, 1.5566347897779548e-10, 0.7993419712883943, 1.6508027115599956e-10, 3.7070711833528686e-10, 0.2006580269776654, 0.20065802629603685, 0.200658013354253, 0.20065802689584322, 3.5000026773022144e-9, 1.8460194123164662e-10, 4.4922904303402815e-10, 0.16493328636836893, 0.16493327379090852, 0.20065802671529537, 0.7993419720668472, 0.1649331551107215, 0.20065802837759553, 3.626458090169942e-10, 0.20065802681509587, 1.0620184364201196e-9, 2.1819164207020468e-10, 1.2077293288141564e-10, 1.6442489361613648e-10, 3.137679919181849e-10, 0.20065789689320582, 3.289908044825257e-9, 8.46507748549372e-10, 0.2006578969234442, 1.4967558122593213e-10, 2.056629006050946e-10, 0.20065802812514483, 0.20065789668194606]
v_opt: [0.040263673225806415, 0.2006578967866149]
solution time: 0.007483005523681641
McCormick lower bound: -4.981953042714865

