x_opt: [0.5258448016208115, 0.8988842569485043, 0.10111554870901651, 0.8988878726731582, 0.10111561998965768, 0.10111273670354519, 0.1011155650185594, 0.8988844257420627, 0.10111275059159229, 0.10111584205376302]
w_opt: [0.5258447913100381, 0.1011155408810768, 0.5258447922546653, 1.9883657098704495e-6, 0.1011127239615691, 7.765439999104843e-8, 0.4247292472393707, 1.2044477061259257e-8, 0.10111582366942404, 5.5132273594901075e-8, 0.8988842485236503, 1.8013850357348937e-8, 0.10111272698426431, 8.696798163634533e-9, 0.8988842492189335, 9.01541757051201e-9, 1.090819574983273e-7, 0.10111554107489013, 0.10111546737689993, 0.10111271248123455, 0.1011155337597254, 5.206000162802474e-7, 1.0272444020819776e-8, 2.815696373508214e-8, 3.5137060061596944e-6, 9.792238984342085e-7, 0.1011155261690782, 0.8988844009756106, 6.903801522901488e-7, 0.10111582916447205, 1.9964934460363974e-8, 0.1011154873073026, 6.050595154361535e-8, 1.3124771841375081e-8, 6.9838414212041105e-9, 6.92171057010894e-9, 1.7385433931717212e-8, 0.10111273049473818, 1.954712927417312e-7, 1.769138631363045e-7, 0.10111273871483935, 7.027638550943672e-9, 1.21009768153374e-8, 0.10111581390442485, 0.101112724898645]
v_opt: [0.01022675171113555, 0.1011127341613646]
solution time: 0.007931947708129883
McCormick lower bound: -4.420429384819446

