x_opt: [0.5258735658596281, 0.8989060555298273, 0.10109342392083817, 0.8989065823990392, 0.10109343184916718, 0.10109338676857961, 0.10109343361896751, 0.898906553534796, 0.10109338306218625, 0.1011282387148402]
w_opt: [0.5258735632887535, 0.10109342152461114, 0.5258735622118901, 9.63906472354451e-7, 0.1010933822964143, 3.226822602008975e-8, 0.4247801265798783, 6.627589632955206e-9, 0.1011282136281188, 1.316052912095864e-8, 0.8989060521499957, 7.084729340662553e-9, 0.1010933812976856, 2.3953688907186723e-9, 0.8989060532920573, 3.1114276967331655e-9, 3.429623702936007e-5, 0.10109342052115766, 0.10109337306608035, 0.10109337817342019, 0.10109341816142882, 6.512363010121143e-7, 3.888541566017821e-9, 1.5536152035983187e-8, 2.8537664727065195e-8, 7.719044637859339e-8, 0.10109340843659871, 0.898906506816378, 9.19972833624108e-9, 0.10112823508029697, 7.572543709438554e-9, 0.10109339545786898, 1.603551700025106e-8, 6.3720192223214674e-9, 3.0751593248886062e-9, 1.7844588057159292e-9, 6.689769180979731e-9, 0.10109337776942602, 1.2877686834796949e-7, 2.4816628919523222e-8, 0.10109337723574903, 2.0005837447746187e-9, 7.455148492186246e-9, 0.10112822906511262, 0.10109337537378955]
v_opt: [0.010221069257193259, 0.10109337819275742]
solution time: 0.005400180816650391
McCormick lower bound: -3.277561387029934

