x_opt: [0.31601428491499467, 0.758247326906139, 0.24175265841295093, 0.9912682289453827, 0.2417526709987005, 0.24175264699456916, 0.24175265924871128, 0.7582473302612466, 0.2417526260158962, 0.24175267323336458]
w_opt: [0.31601428393064357, 0.24175265781398783, 0.31601428416251964, 4.0825837983079265e-8, 0.24175264597216242, 7.471499636881729e-9, 0.0742616167968811, 7.265052312185357e-10, 0.2417526719222388, 2.602661485191591e-9, 0.7582473261843696, 1.2711872599352361e-9, 0.24175264636979696, 5.382104528374012e-10, 0.7582473260811303, 6.382040444643007e-10, 1.2705263183222737e-9, 0.24175265784201966, 0.24175265541814134, 0.24175264563938031, 0.24175265740235705, 9.981352629119979e-9, 7.463155312590678e-10, 1.707872559490451e-9, 0.23302090148790286, 0.23302088567686496, 0.24175265634934498, 0.758247328401191, 0.23302085631925123, 0.24175267210674437, 1.4432077796348317e-9, 0.24175265709652216, 2.3088557430474515e-9, 8.757385651913267e-10, 5.631544489051274e-10, 6.850917217578415e-10, 1.2002089618874626e-9, 0.2417526249887312, 1.218103493092657e-8, 2.6390541834683806e-9, 0.24175262509847786, 5.9456227395253e-10, 1.0267470172215119e-9, 0.24175267070909534, 0.2417526240631951]
v_opt: [0.05844535273588914, 0.2417526246985984]
solution time: 0.004643917083740234
McCormick lower bound: -3.866997983885835

