x_opt: [0.31935351119569566, 0.6806466467300395, 0.3193526716119791, 0.9506460663887343, 0.31935324378920527, 0.3193502764173951, 0.31935268915909903, 0.6806467721889954, 0.04935396977113404, 0.31935348916513223]
w_opt: [0.31935348829375065, 0.31935266064909956, 0.31935350329918605, 9.489777144725258e-7, 0.3193502580650093, 1.7540291132057669e-7, 3.983365350686911e-7, 7.31537555672648e-9, 0.31935341919640514, 4.2377109277317615e-8, 0.6806466373032118, 2.227799277807428e-8, 0.319350270093087, 8.663103032057212e-9, 0.6806466321095073, 7.195900496473607e-9, 1.520818585049221e-7, 0.3193526645072153, 0.31935259296109947, 0.3193502385078769, 0.31935265947813973, 1.9568625927015937e-7, 9.737463561846604e-9, 2.3246454332428034e-8, 0.2699993360085364, 0.26999650618780746, 0.31935263946401216, 0.6806467361412597, 1.1080543944101088e-7, 0.31935347315539686, 2.3101814446979873e-8, 0.3193525939819783, 4.3531551455338107e-8, 1.26910985228331e-8, 6.028624259165698e-9, 1.4185688076534322e-8, 2.8554642768526365e-8, 0.04935394994434101, 2.511901875051555e-7, 1.035724935629578e-7, 0.049353954924011824, 9.831628856907319e-9, 1.3592986199390269e-8, 0.3193534541031601, 0.04935393688675932]
v_opt: [0.10198614286563777, 0.049353948393040956]
solution time: 0.006323099136352539
McCormick lower bound: -3.422526400844131

