x_opt: [0.5000018370611126, 0.5000021648898784, 2.3683769971016765e-6, 0.849044467677819, 0.17709232760085916, 0.15095435072338995, 0.15095436867468418, 0.8229074958981653, 0.15095436800468554, 0.5000018392870357]
w_opt: [0.5000018284692203, 2.364080086672516e-6, 0.5000018308257586, 2.8413912936856267e-6, 0.15095434374186192, 1.1886230907210432e-7, 0.3229093432665002, 7.66702055922586e-9, 0.5000017266352225, 1.1418502398948043e-8, 0.5000021571409757, 2.5919499403083755e-8, 0.15095434307290836, 4.859340431453086e-9, 0.5000021587077388, 4.111259694191327e-9, 4.010047664563401e-6, 2.3561800288782617e-6, 2.3517350779124374e-6, 2.3426360820984977e-6, 2.362888966807212e-6, 6.405888629003773e-8, 6.8896138664171936e-9, 1.725403041199453e-8, 0.026136803343622627, 9.161974376399263e-8, 0.15095423409973488, 0.8229074738979462, 1.448043254381417e-8, 0.5000018336707341, 1.2565151227306584e-8, 0.15095428235309913, 3.740852199029835e-8, 1.0210686545639736e-8, 5.067485432417229e-9, 4.386154117097514e-9, 6.88891565741308e-9, 0.15095434141691264, 2.5503113512631725e-7, 2.3170921947268306e-8, 0.15095435610252866, 4.194812766130725e-9, 6.814047578570668e-9, 0.5000018066009188, 0.15095434134031074]
v_opt: [0.022793471601918733, 0.1509543589626081]
solution time: 0.004484891891479492
McCormick lower bound: -1.6443140057844277

