x_opt: [0.3193528858249465, 0.6806476098083949, 0.3193518314795529, 0.9506473502235244, 0.3193523620213536, 0.31935183187252214, 0.3193518346464731, 0.6806476428322551, 0.04935328905419323, 0.31935239422466793]
w_opt: [0.3193528827801785, 0.3193518300199765, 0.3193528845608022, 2.3634708511393798e-7, 0.31935182914837534, 3.654297329905146e-8, 5.359382981772917e-7, 1.2109706431827428e-9, 0.319352389506035, 5.812531384002645e-9, 0.6806476084428092, 3.5688361678702944e-9, 0.319351830833294, 1.2722492193853612e-9, 0.6806476079820838, 1.1585003489206345e-9, 1.1759091775117235e-8, 0.3193518304145794, 0.3193518266789047, 0.31935182711664745, 0.3193518294095151, 2.003181184143756e-8, 1.4587744162798418e-9, 4.1398535796678234e-9, 0.26999971637014564, 0.2699991991945266, 0.31935182470018114, 0.6806476365870822, 6.458763729523482e-7, 0.31935239172562374, 4.098839382450769e-9, 0.3193518265677312, 7.9531618521937e-9, 2.1360192409395967e-9, 1.0796812277778281e-9, 1.4383582681508625e-9, 3.123394358038412e-9, 0.04935328560355504, 5.0540761462304795e-8, 1.138451593284692e-8, 0.04935328716883058, 1.1549239034193264e-9, 2.3232735357200013e-9, 0.3193523874718531, 0.04935328396931352]
v_opt: [0.10198560484402602, 0.04935328597708517]
solution time: 0.005671977996826172
McCormick lower bound: -3.5156986702736535

