x_opt: [0.31935429254655157, 0.6806467738427731, 0.31935302753916633, 0.9506454568596009, 0.31935317785097084, 0.3193486928333013, 0.319353026561871, 0.6806468229763895, 0.04935456388280002, 0.31935335457539327]
w_opt: [0.319354291348038, 0.3193530268839457, 0.3193542919002769, 4.020128953041369e-8, 0.3193486921637882, 7.417517820030849e-9, 1.116437681576387e-6, 6.818098170055774e-10, 0.3193533537147707, 2.152486239669105e-9, 0.6806467731575778, 1.1249760874032362e-9, 0.3193486922760775, 5.813874360295967e-10, 0.6806467730925426, 6.275603616254465e-10, 1.2923267328602503e-7, 0.3193530269279961, 0.3193530230869812, 0.31934868894095647, 0.31935302582357994, 1.901898227812473e-8, 7.839173917493423e-10, 1.6975373455538483e-9, 0.2699986362960604, 0.26999416048099534, 0.31935302320677783, 0.6806468208274443, 2.4623769422598586e-8, 0.31935335349942867, 1.4154661184740345e-9, 0.31935302187214154, 2.9640823706713112e-9, 9.19146871273849e-10, 4.773399990736379e-10, 7.919152910170097e-10, 2.1574309600584914e-9, 0.04935456285262253, 1.3633017392248659e-8, 6.690670573547301e-9, 0.049354562838592825, 6.559573730446446e-10, 8.48239348288171e-10, 0.31935335243858864, 0.049354561742857024]
v_opt: [0.10198718305237095, 0.04935456228119821]
solution time: 0.004246950149536133
McCormick lower bound: -3.642291321605521

