x_opt: [0.5258471804637693, 0.8988881663855951, 0.1011118329308672, 0.898888352259776, 0.10111183362635322, 0.10111167311189148, 0.10111183327364134, 0.8988881670343164, 0.1011116729452367, 0.10111183359577497]
w_opt: [0.5258471803619666, 0.10111183285428726, 0.5258471803780255, 3.9503108705372035e-9, 0.10111167298787464, 7.029822345819803e-10, 0.42473534769859494, 1.1137081336562161e-10, 0.10111183342639553, 4.3705816862153334e-10, 0.8988881663088213, 1.9956730277938428e-10, 0.10111167302347002, 8.329734385923726e-11, 0.8988881663102551, 8.571377345526261e-11, 1.0693673813938915e-10, 0.10111183286180206, 0.10111183252141558, 0.10111167297292209, 0.10111183284044932, 1.9501949654954844e-9, 9.763403965047856e-11, 2.611667819345525e-10, 1.8606395840573526e-7, 2.633475471807275e-8, 0.10111183291478264, 0.8988881668188987, 2.5361125039199958e-8, 0.10111183346639839, 1.9146791635352296e-10, 0.10111183296511403, 7.763219113932167e-10, 1.2255395154107695e-10, 6.517539329683164e-11, 6.846913930569372e-11, 1.4177556285837965e-10, 0.101111672782465, 1.6355129109276125e-9, 6.630906286127628e-10, 0.10111167284954316, 6.877243157686622e-11, 1.0326594777716608e-10, 0.10111183333427788, 0.1011116727195859]
v_opt: [0.010223613584360495, 0.10111167278107867]
solution time: 0.0052471160888671875
McCormick lower bound: -4.980375535334326

