x_opt: [0.671973447166336, 0.9999996681851611, 3.3147108527610157e-7, 0.9999996692566501, 3.3177373220317943e-7, 3.307479176282394e-7, 3.3175042088071953e-7, 0.9999996682723303, 3.307453509080975e-7, 0.19125188349961345]
w_opt: [0.6719734471590054, 3.3146501670852386e-7, 0.6719734471597794, 3.2823326073325783e-10, 3.30739327483639e-7, 5.361401207874713e-11, 0.671973115453292, 1.0217397917365589e-11, 0.19125188348581348, 2.120844343618628e-11, 0.9999996681788447, 1.3129267430802857e-11, 3.3073975483246913e-7, 6.995157206304213e-12, 0.9999996681794201, 6.349114452197955e-12, 0.19125155169088068, 3.314637211869996e-7, 3.314480527293658e-7, 3.3073375207840275e-7, 3.3146492256578555e-7, 9.247601419964507e-11, 8.184972769996963e-12, 2.413598502247665e-11, 1.042273261316336e-9, 1.5759246919183473e-10, 3.317142395226221e-7, 0.9999996682536472, 2.6078997760962773e-11, 0.19125188349158995, 1.4873481718904644e-11, 3.317149985690123e-7, 5.851472860120886e-11, 1.0926758942711517e-11, 4.930077358026738e-12, 4.924767134781985e-12, 1.0717019438602963e-11, 3.3073062590403455e-7, 1.4034553466875004e-10, 4.640532123946137e-11, 3.307370193498659e-7, 5.238590235281185e-12, 7.109618793587219e-12, 0.19125188348133168, 3.3072359348210786e-7]
v_opt: [7.134722883197044e-8, 3.3073326017362737e-7]
solution time: 0.008529901504516602
McCormick lower bound: -3.3521222413978276

