x_opt: [0.5258473832122608, 0.8988884001326468, 0.10111157296652758, 0.8988884336696804, 0.10111156964038057, 0.10111156373795163, 0.10111157280375728, 0.898888431667543, 0.10111155567939346, 0.10111168053648695]
w_opt: [0.5258473815717709, 0.10111157161135784, 0.5258473817021339, 2.2818606835791765e-7, 0.10111156169434946, 1.2782167384037974e-8, 0.4247358193161291, 2.1490276329131762e-9, 0.10111167612798441, 6.327949513852169e-9, 0.8988883986317912, 2.3091918759120615e-9, 0.10111156205757087, 1.5482227367920654e-9, 0.8988883988716061, 1.618913026749312e-9, 8.238785244264865e-8, 0.10111157159839156, 0.10111156095353568, 0.10111156038367826, 0.10111157066282975, 5.765388487058925e-8, 1.7527642910543843e-9, 4.990799385538726e-9, 8.107457063337972e-9, 2.944772091218924e-8, 0.10111156516510693, 0.8988884215706613, 6.538299832214081e-9, 0.10111167849139499, 3.3842633077749273e-9, 0.10111156205194402, 4.385790391357203e-9, 2.347974328873089e-9, 1.1436155711681268e-9, 1.1223954671105647e-9, 3.0657979183391857e-9, 0.10111155223942442, 2.6000695158962595e-8, 1.974410219508894e-8, 0.10111155367048408, 1.169453991342087e-9, 2.105649235281986e-9, 0.10111167614544746, 0.10111155021761464]
v_opt: [0.010225151043238205, 0.101111552944563]
solution time: 0.00488591194152832
McCormick lower bound: -4.161518574295062

