x_opt: [0.3193623408543322, 0.6806377413400891, 0.31936204753902875, 0.950628168332066, 0.3193622391480545, 0.31932449954171793, 0.3193620624119826, 0.6806377717802035, 0.049371967724689055, 0.31936226256590405]
w_opt: [0.31936233362344857, 0.3193620434134117, 0.31936233632739164, 2.4261039219158235e-7, 0.319324493292011, 5.1460276707325564e-8, 1.2464464476311273e-7, 4.499618961696702e-9, 0.3193622542994247, 1.4482569849040703e-8, 0.6806377365635149, 8.990371827981958e-9, 0.31932449564384124, 3.754064356820612e-9, 0.6806377357072322, 3.948991593459984e-9, 1.1697017483551923e-8, 0.31936204344626007, 0.31936203228174354, 0.3193244907041708, 0.3193620424696072, 4.6442032350788e-8, 4.928541392606074e-9, 1.103676919674881e-8, 0.2699904168588077, 0.2699527324311817, 0.3193620420491404, 0.6806377589575998, 1.4499997451830253e-7, 0.31936225579578603, 9.240821165449333e-9, 0.31936204866926876, 1.7980692568254196e-8, 5.6857758778470065e-9, 3.4497554283619032e-9, 5.015652483266755e-9, 7.555040791656272e-9, 0.04937196166106593, 8.277153084480995e-8, 1.4053081796895052e-8, 0.04937196123918894, 4.1609923726328825e-9, 5.879091824391388e-9, 0.3193622470750034, 0.04937195493470669]
v_opt: [0.10199389238176619, 0.049371958852731504]
solution time: 0.005043983459472656
McCormick lower bound: -3.24763675621671

