x_opt: [0.6718794828022857, 0.9999346498442564, 6.534978659653197e-5, 0.9999346511493588, 6.535003957210844e-5, 6.534888603320775e-5, 6.534997971546693e-5, 0.9999346502002929, 6.534886610804359e-5, 0.1911939202500824]
w_opt: [0.6718794827713815, 6.53497607964776e-5, 0.6718794827754914, 1.2821119308401805e-9, 6.534884974679204e-5, 2.0663342941826157e-10, 0.6718141330661108, 4.3708662441232886e-11, 0.19119392019380743, 1.1358254681648614e-10, 0.9999346498195251, 5.1593710634187804e-11, 6.534885268446146e-5, 3.0613813061319786e-11, 0.9999346498220341, 2.8494371298805083e-11, 0.19112857011832277, 6.534975913866591e-5, 6.5349664974445e-5, 6.534883143862239e-5, 6.534975877483412e-5, 6.62723710614884e-10, 3.399388393250392e-11, 1.048443431603028e-10, 1.241410839718928e-9, 6.769008407517806e-10, 6.534984524815914e-5, 0.9999346501220231, 1.1318757838046977e-10, 0.19119392021563644, 6.330085474435576e-11, 6.534984689899031e-5, 2.883227397153042e-10, 4.566314424575839e-11, 1.9809862132060592e-11, 1.9968921502049493e-11, 4.872445866609798e-11, 6.53488066697989e-5, 5.98227674774542e-10, 2.6633445949484583e-10, 6.534883297461226e-5, 2.172663792480093e-11, 2.949383116423254e-11, 0.19119392017704334, 6.534878079721075e-5]
v_opt: [5.132943548989369e-7, 6.53488150151127e-5]
solution time: 0.007066011428833008
McCormick lower bound: -4.046659296414814

