x_opt: [0.7429876193666444, 0.7907412646730431, 9.128354863532078e-9, 0.9999999914373584, 0.2092587078988133, 8.524867400704711e-9, 0.20925870704489533, 0.7907412921437118, 8.542848990365864e-9, 0.7429876191820186]
w_opt: [0.7429876193283541, 9.101097092039134e-9, 0.7429876193366703, 1.0219849604317168e-8, 8.48403291071595e-9, 5.18179475956726e-10, 0.5337289115762381, 4.020517783279201e-11, 0.7429876187045812, 8.428796542021918e-11, 0.7907412646372863, 7.132836662535992e-11, 8.490444109154239e-9, 3.522265583754823e-11, 0.7907412646400223, 2.7495833117142036e-11, 0.5337288839241151, 9.083122840556555e-9, 9.030405921330769e-9, 8.37349382641964e-9, 9.102001421943958e-9, 4.4200022707687887e-10, 4.144304037661379e-11, 9.571312974621143e-11, 0.20925869940470604, 1.1853519260076487e-9, 0.2092587067145639, 0.7907412919888005, 1.945453243971281e-10, 0.7429876191458026, 8.277932303685328e-11, 0.20925870684743314, 1.87913039139596e-10, 6.510053548671816e-11, 2.6369026839999044e-11, 3.0891101264741396e-11, 5.1585880544154226e-11, 8.42466354062216e-9, 4.799526244072244e-10, 1.2644952209814987e-10, 8.493191910404114e-9, 2.935751356911008e-11, 3.6629738877808096e-11, 0.7429876190661626, 8.410606416058701e-9]
v_opt: [0.04378921229611384, 8.48000165093951e-9]
solution time: 0.005356788635253906
McCormick lower bound: -2.2315811843477444

