x_opt: [0.5258473116664028, 0.8988883818127563, 0.10111161800008506, 0.8988883894655207, 0.10111161769222923, 0.1011116162577207, 0.10111161802126158, 0.8988883825030552, 0.1011116150527998, 0.10111161873778468]
w_opt: [0.5258473116232126, 0.1011116179658622, 0.525847311630079, 1.0945558051261225e-8, 0.10111161620426841, 3.4155794630817834e-10, 0.424735694271474, 4.62425583689672e-11, 0.10111161855800663, 2.956467862294195e-10, 0.8988883817819838, 8.763677713773758e-11, 0.10111161622281829, 4.091701078463873e-11, 0.8988883817840753, 4.0552001976911254e-11, 5.945394597801726e-10, 0.10111161797331536, 0.10111161746488254, 0.10111161619315492, 0.10111161794071594, 1.585947456465888e-9, 4.050694144478831e-11, 1.1380941327765737e-10, 7.250584532008493e-9, 6.765115435985502e-9, 0.10111161786064805, 0.898888382399313, 4.645350843293825e-9, 0.10111161868150571, 8.685156526380755e-11, 0.10111161753841245, 2.4963579896225093e-10, 5.544200984610514e-11, 2.6726352229674486e-11, 2.7599940303542125e-11, 8.390089858143236e-11, 0.10111161499548767, 1.765007535282936e-9, 7.153758694363075e-10, 0.10111161501509089, 2.7478589561112564e-11, 5.182534521915081e-11, 0.10111161862364704, 0.10111161493250355]
v_opt: [0.010223613543331867, 0.10111161498516025]
solution time: 0.00790715217590332
McCormick lower bound: -5.559123259225102

