x_opt: [0.46087934613822096, 0.8553434578460729, 0.14465653347436397, 0.9274907948150565, 0.14465654178053186, 0.14465653178700383, 0.1446565337994736, 0.8553434584116639, 0.14465653166510387, 0.14465654195387787]
w_opt: [0.4608793459784329, 0.14465653337115628, 0.46087934595185964, 1.4630663205198591e-8, 0.14465653156766703, 1.9326423120574925e-9, 0.316222804890809, 1.5187816581212023e-10, 0.14465654167616068, 4.002267770161479e-10, 0.855343457675732, 2.9663375091158033e-10, 0.1446565316476226, 8.593111938630887e-11, 0.8553434576578071, 1.1563996547868609e-10, 1.5716221105072413e-10, 0.14465653335867543, 0.1446565328669142, 0.1446565314364211, 0.1446565332431868, 1.4290068661022804e-9, 1.434658626443958e-10, 3.2139491164172854e-10, 0.07214733690079458, 0.07214732810429966, 0.14465653317822463, 0.8553434580536051, 0.07214732677653901, 0.14465654172806752, 2.8036984449212803e-10, 0.14465653335615655, 4.0637569058000046e-10, 1.7451493313831693e-10, 1.442313315465051e-10, 1.178573195356211e-10, 1.9189954305014388e-10, 0.14465653136601134, 2.1846816730540444e-9, 5.29503218260501e-10, 0.14465653147953164, 1.0313484686757138e-10, 2.75209757067498e-10, 0.1446565413107525, 0.14465653128662803]
v_opt: [0.02092551609249201, 0.14465653143611953]
solution time: 0.005224943161010742
McCormick lower bound: -3.1355351173665396

