x_opt: [0.49065968748823247, 0.8753038047936955, 0.12469619513656474, 0.9143798878349463, 0.1246961952041855, 0.1246961951308905, 0.12469619513724216, 0.8753038047970189, 0.12469619513059224, 0.12469619520370656]
w_opt: [0.490659687486888, 0.1246961951356926, 0.4906596874864828, 6.429351510084121e-11, 0.12469619512892152, 1.466177505719269e-11, 0.3659634922873457, 1.3563350530757788e-12, 0.12469619520103145, 3.470356032421306e-12, 0.8753038047921475, 2.7089696122358714e-12, 0.12469619512962155, 7.285603966611789e-13, 0.8753038047919923, 1.0104828339982468e-12, 1.1644326720754574e-12, 0.12469619513556128, 0.12469619513097012, 0.1246961951274888, 0.1246961951342177, 1.1519089967414313e-11, 1.2494704429233069e-12, 2.7561243067411737e-12, 0.03907608304185443, 0.039076082978031584, 0.12469619513291798, 0.875303804793891, 0.039076082968095956, 0.1246961952017148, 2.4114517355095478e-12, 0.12469619513418523, 3.0443471302965905e-12, 1.5016103966709796e-12, 1.3257366201614527e-12, 1.004963608400128e-12, 1.6209593986962806e-12, 0.12469619512778186, 1.6651947510231996e-11, 4.643519694011273e-12, 0.12469619512894713, 8.833952885081928e-13, 2.628995253126977e-12, 0.1246961951976646, 0.12469619512735368]
v_opt: [0.015549148956926526, 0.12469619512865421]
solution time: 0.005615949630737305
McCormick lower bound: -3.1236392464189238

