x_opt: [0.3744540013204043, 0.6255526872742523, 0.3744429301256507, 0.8393280608428959, 0.37444480817832926, 0.1606827606225727, 0.3744433238714864, 0.6255554217388213, 0.16067226943088003, 0.37445315085517833]
w_opt: [0.374453940408953, 0.3744429138077157, 0.3744539931201589, 5.049180290756715e-6, 0.1606827348656081, 2.742660660392545e-7, 9.810964016110905e-6, 9.373140844285615e-9, 0.37445313189518364, 4.69257140867974e-8, 0.6255526742214459, 2.776318702065765e-8, 0.16068275253670322, 1.4061007113836604e-8, 0.6255526728127904, 8.262505107445445e-9, 5.846926636008889e-6, 0.37444291999259244, 0.3744428991295578, 0.16068272423292956, 0.37444292184949063, 1.807203399420243e-7, 1.5966571250540387e-8, 4.7429207578327233e-8, 0.21377290832496748, 1.104782210556104e-5, 0.3744431739598523, 0.6255553521380985, 4.1019604181313664e-7, 0.3744531316599634, 4.415258957310959e-8, 0.3744432617499578, 2.5669511031561534e-7, 2.404352996197647e-8, 6.371306099224162e-9, 1.4638152376018913e-8, 2.4615585182823582e-8, 0.16067222547115997, 4.876018297754188e-7, 5.3149866404800976e-8, 0.16067224840193858, 1.4363197054750973e-8, 1.5525258954539227e-8, 0.37445306064294165, 0.16067221182888197]
v_opt: [0.14020818793757173, 0.16067223671347994]
solution time: 0.00500798225402832
McCormick lower bound: -2.6357733109610875

