x_opt: [0.47548760998570627, 0.865134685376857, 0.1348653142315575, 0.9210594563223463, 0.13486531458022086, 0.13486531154789938, 0.13486531430951015, 0.8651346856540703, 0.13486531091081322, 0.1348653146292118]
w_opt: [0.47548760991927186, 0.13486531418775985, 0.475487609936542, 2.272489175229103e-9, 0.13486531147656994, 4.3523489155844387e-10, 0.34062229575941666, 5.44479355300515e-11, 0.134865314538579, 2.5332222116088396e-10, 0.8651346853326033, 1.0129620198320903e-10, 0.134865311503607, 4.2797014853954166e-11, 0.8651346853289852, 4.844570621669207e-11, 8.626185937506307e-11, 0.13486531419469916, 0.1348653139812401, 0.13486531146832745, 0.13486531416741446, 1.0020585807049535e-9, 5.31816622060919e-11, 1.3097198831093936e-10, 0.055924771010803946, 0.05592476854129541, 0.13486531412571753, 0.8651346855317177, 0.05592476732745297, 0.13486531454982237, 1.0535047888360181e-10, 0.13486531415047937, 2.9793960385705157e-10, 6.372235685245662e-11, 3.65229352845511e-11, 4.420263142185052e-11, 8.795001970530613e-11, 0.13486531083648692, 9.015606814596144e-10, 2.590009659448877e-10, 0.13486531085305348, 4.1199169760047774e-11, 6.344302661681681e-11, 0.1348653144728242, 0.13486531077982944]
v_opt: [0.01818871453360297, 0.13486531081490272]
solution time: 0.004862070083618164
McCormick lower bound: -5.1597447082515195

