x_opt: [0.3622559461726334, 0.6377440593893442, 0.22390612473211732, 0.7760981467396831, 0.36225594058803867, 0.2239018541565669, 0.22390622466873938, 0.6377440596765291, 0.22390185411149283, 0.3622559406775473]
w_opt: [0.36225594610797757, 0.22390612470406837, 0.36225594614868073, 1.2354020675124698e-9, 0.22390185410839503, 5.241701917854049e-10, 6.68744356404385e-9, 2.624841284395793e-11, 0.3622559405724437, 7.639263002975608e-11, 0.6377440593594207, 7.122089049505987e-11, 0.2239018541344771, 2.3474482742253268e-11, 0.6377440593586973, 1.977811924428325e-11, 1.0073252504360555e-10, 0.22390612470689059, 0.2239061246515115, 0.22390185407407717, 0.22390612471095572, 4.926898269216454e-10, 2.78636233302204e-11, 8.005895130916501e-11, 0.1383540873945129, 1.4741571932656721e-9, 0.22390622444239408, 0.6377440595540531, 1.155678018358682e-9, 0.3622559406405447, 6.996265201574201e-11, 0.2239062245306539, 3.3451970578706486e-10, 4.129322934487842e-11, 2.1889857007615002e-11, 2.603825430392444e-11, 4.46824551914867e-11, 0.22390185402350582, 5.147218875343789e-10, 1.094403477563372e-10, 0.2239018540783018, 2.2820500335704928e-11, 3.9127681420551235e-11, 0.36225594055295585, 0.22390185402098006]
v_opt: [0.05013407494976606, 0.22390185406398644]
solution time: 0.005012035369873047
McCormick lower bound: -2.5441337004083793

