x_opt: [0.47645467624642196, 0.8657827954556604, 0.134217194227506, 0.9206336536638032, 0.1342172031970189, 0.13421712999115876, 0.13421719612319324, 0.8657828061969302, 0.13421710323381195, 0.13421720472240142]
w_opt: [0.47645467377176054, 0.13421719258038511, 0.47645467442781236, 8.271993943682768e-8, 0.1342171272958993, 1.565779691591366e-8, 0.34223748699654116, 2.045639165949957e-9, 0.13421720136212067, 1.091786080474627e-8, 0.8657827938586832, 3.734448208678944e-9, 0.1342171283518914, 1.6509785752150773e-9, 0.8657827937556176, 1.8706392276518404e-9, 3.12223713069312e-9, 0.13421719290886716, 0.1342171839133312, 0.13421712716759016, 0.13421719167243226, 4.1004815961938955e-8, 1.980397209430894e-9, 4.943084742316382e-9, 0.05485086099583876, 0.054850809083459975, 0.13421718953890327, 0.8657828017312403, 0.0548507604318268, 0.1342172016657712, 3.977584018656828e-9, 0.134217190147198, 1.1703398852660922e-8, 2.376642804639445e-9, 1.3445150677314385e-9, 1.6281314240785976e-9, 3.542358750449421e-9, 0.1342171004359304, 3.4016231356862573e-8, 1.1630700801391295e-8, 0.1342171011405922, 1.5340738816200677e-9, 2.367631352900303e-9, 0.13421719897095655, 0.13421709839862708]
v_opt: [0.018014311490005337, 0.13421709960305572]
solution time: 0.005238056182861328
McCormick lower bound: -5.860872862177135

