x_opt: [0.36241787157070054, 0.7893494555593124, 0.21065054146118797, 0.9708388782361804, 0.2106505443208575, 0.2106505410505592, 0.2106505414917986, 0.789349455771182, 0.21065054084144666, 0.21065054437660474]
w_opt: [0.36241787149834104, 0.210650541415831, 0.3624178715008889, 3.577836325731941e-9, 0.21065054096004235, 6.23959223738065e-10, 0.15176732745882823, 6.119345011896112e-11, 0.21065054426011556, 2.1834332463075952e-10, 0.7893494554968593, 1.1684761999675188e-10, 0.21065054099674263, 3.863040506037255e-11, 0.7893494554880202, 5.2349851485390647e-11, 7.068004797522318e-11, 0.21065054141719688, 0.2106505411662705, 0.21065054092469754, 0.2106505413521369, 9.57524460382254e-10, 5.976603358056831e-11, 1.3470284288018147e-10, 0.18148942269041277, 0.18148942000396173, 0.2106505412632929, 0.7893494556252245, 0.1814894191941985, 0.21065054427770036, 1.176003801025606e-10, 0.21065054130763464, 1.7414551793257141e-10, 7.061262229149183e-11, 5.2296956205469845e-11, 5.1907516523020116e-11, 9.130809755816075e-11, 0.2106505407409684, 8.849303245601904e-10, 2.2761533381859634e-10, 0.21065054076761272, 4.5361761551497924e-11, 1.0435552617135067e-10, 0.21065054413811235, 0.21065054068343717]
v_opt: [0.04437366671874867, 0.21065054073943196]
solution time: 0.0046329498291015625
McCormick lower bound: -4.031880525563424

