x_opt: [0.4612317637219554, 0.8555796647904869, 0.14442033334279084, 0.9273356448636546, 0.14442033500078771, 0.1444203213275298, 0.14442033370541446, 0.8555796659724122, 0.14442031850993162, 0.1444203352339533]
w_opt: [0.4612317634317359, 0.1444203331530042, 0.46123176350768824, 9.971927460339356e-9, 0.14442032101821237, 1.919753063600803e-9, 0.3168114302122869, 2.349088851861606e-10, 0.144420334840021, 1.0603584090637813e-9, 0.8555796645961167, 4.393913118081675e-10, 0.14442032113546818, 1.8376656403059724e-10, 0.8555796645786725, 2.0856990939621652e-10, 3.7639760837103194e-10, 0.14442033318118289, 0.14442033228095347, 0.144420320977414, 0.14442033306728988, 4.214466325750088e-9, 2.308335748703345e-10, 5.645558363951556e-10, 0.07175598033313246, 0.0717559691019471, 0.14442033289801331, 0.8555796654376709, 0.07175596378259465, 0.1444203348904408, 4.55813423501347e-10, 0.14442033301689317, 1.2520507166010035e-9, 2.7598958328119945e-10, 1.594313641355267e-10, 1.937835706261138e-10, 3.788462049096778e-10, 0.14442031818863718, 3.900302300140208e-9, 1.0654009637168097e-9, 0.14442031825675544, 1.7945134092370143e-10, 2.7716129404690676e-10, 0.14442033454900535, 0.1444203179385439]
v_opt: [0.020857292385636272, 0.14442031809428038]
solution time: 0.004772186279296875
McCormick lower bound: -4.9960884205848375

