x_opt: [0.5258473074492697, 0.8988883776873697, 0.10111162177223147, 0.8988883889495037, 0.1011116222394667, 0.1011116186030496, 0.10111162185034321, 0.8988883778836058, 0.1011116185682251, 0.10111162230976609]
w_opt: [0.5258473074280673, 0.10111162176021242, 0.525847307430135, 5.625481890983366e-9, 0.10111161858271503, 1.3230498468002154e-10, 0.4247356853625513, 1.717069618177076e-11, 0.10111162228024356, 4.386561692014199e-11, 0.8988883776743787, 1.9082429311656038e-11, 0.1011116185889691, 1.9036031423348565e-11, 0.8988883776751406, 1.3645789971694202e-11, 2.9145366443136084e-11, 0.1011116217611045, 0.10111162173552142, 0.10111161857815248, 0.10111162174657272, 2.2837430498830838e-10, 1.550241534607531e-11, 4.082186568792414e-11, 1.1219848498657185e-8, 7.786607222186449e-9, 0.10111162179475401, 0.8988883778492832, 7.542275138716965e-9, 0.10111162228832474, 3.078135442091826e-11, 0.10111162177754697, 1.4149514386889024e-10, 1.9281555404153787e-11, 1.1055182898172234e-11, 1.1373919628317374e-11, 2.3968694819670437e-11, 0.10111161853968058, 3.88886268898657e-10, 1.658952110405146e-10, 0.10111161855535156, 1.108543152269467e-11, 1.8704895922432463e-11, 0.10111162226234177, 0.10111161852521218]
v_opt: [0.010223591866526953, 0.10111161853708721]
solution time: 0.005046844482421875
McCormick lower bound: -4.659083434011671

