x_opt: [0.3622560137167776, 0.637743929805061, 0.22390270734447648, 0.7760969887516576, 0.36225530546855644, 0.223902863516376, 0.22390280698529472, 0.6377446533127115, 0.22390281977324375, 0.3622560884136109]
w_opt: [0.3622560074532043, 0.2239027050122526, 0.36225601027774024, 2.7685615395115566e-7, 0.223902858260507, 1.054124264373077e-7, 6.774134482754875e-7, 2.9599572703768583e-9, 0.36225597050638436, 7.4173889139888875e-9, 0.6377439245166325, 9.922097320217956e-9, 0.2239028607166025, 2.523577037792973e-9, 0.6377439228051289, 2.534430228694594e-9, 2.4442012992322463e-8, 0.22390270338709736, 0.22390269681487307, 0.22390268621068068, 0.22390270334525034, 3.1539276831503654e-8, 3.5906390557657736e-9, 8.094346313588965e-9, 0.13835230296032863, 8.6407925359892e-8, 0.22390277803157768, 0.6377446386164329, 1.6076509007306464e-8, 0.36225608403339093, 7.621379382516993e-9, 0.22390278619231355, 9.632745604939462e-9, 5.163324293244833e-9, 3.608075208971944e-9, 4.071985666894884e-9, 4.848278478438878e-9, 0.22390281307544838, 7.726054251900281e-8, 1.547338277801025e-8, 0.22390280100513507, 2.9686760531393474e-9, 6.096750614093061e-9, 0.3622560719579736, 0.22390280807584567]
v_opt: [0.05013266995372441, 0.22390281371746987]
solution time: 0.004333972930908203
McCormick lower bound: -1.7080659477735773

