x_opt: [0.31935284820557436, 0.68064716062161, 0.3193523444624255, 0.9506471272719721, 0.31935280674999117, 0.3193518438274962, 0.3193523449256242, 0.6806471933532008, 0.0493529881006716, 0.31935285135765257]
w_opt: [0.3193528464621097, 0.31935234361161413, 0.3193528474820878, 6.85411457542006e-8, 0.31935184248976356, 1.2798570080311862e-8, 5.4337947621022706e-8, 6.509442406500995e-10, 0.31935283680451154, 2.9197407755765452e-9, 0.6806471598062566, 2.252400733479215e-9, 0.31935184328170646, 5.75543141338129e-10, 0.6806471594472135, 6.208057337256776e-10, 1.5728790541891605e-8, 0.31935234387257827, 0.3193523310255363, 0.31935183976293885, 0.31935234242771016, 4.0146000772696324e-8, 8.110476017235814e-10, 1.944450872992838e-9, 0.2699999363608025, 0.26999899170100267, 0.31935233991209955, 0.6806471898630052, 1.2308119051206222e-7, 0.31935284980444306, 1.8944473958293063e-9, 0.3193523224249211, 3.924042326877369e-9, 1.0969209427233983e-9, 5.110115167487919e-10, 9.56945112650206e-10, 4.870118526210081e-9, 0.049352986270559084, 1.5009339337200386e-8, 2.0421929750710984e-8, 0.04935298680976416, 6.674374051412045e-10, 1.3177725690783237e-9, 0.31935284798235053, 0.04935298517829462]
v_opt: [0.10198592215294434, 0.049352986169922564]
solution time: 0.004854917526245117
McCormick lower bound: -3.5063689833821794

