x_opt: [0.5258473243275921, 0.8988883807788182, 0.10111161641360492, 0.8988883953909943, 0.10111161821705164, 0.10111160584959031, 0.101111617390953, 0.898888382942834, 0.10111160504921347, 0.10111164168389138]
w_opt: [0.5258473241179683, 0.1011116162533229, 0.5258473241762753, 9.798587966777523e-9, 0.1011116056359516, 1.3425621915545027e-9, 0.424735707697012, 2.1771616086301594e-10, 0.10111164137145527, 6.781041958171111e-10, 0.8988883806320065, 3.1894677808849577e-10, 0.10111160567863016, 1.7667332283541826e-10, 0.8988883806351431, 1.6312797476511566e-10, 2.2622620246242538e-8, 0.10111161625450485, 0.10111161574515293, 0.10111160554178915, 0.10111161625621595, 3.6829064447139997e-9, 1.969358517659829e-10, 5.521898897855998e-10, 1.392088472483906e-8, 5.274926000464249e-9, 0.10111161660453903, 0.8988883824867647, 9.164849981644189e-10, 0.10111164147008557, 3.6755232461606945e-10, 0.10111161672665375, 1.4381181349542595e-9, 2.5087988137667023e-10, 1.133577493395358e-10, 1.3657157216046118e-10, 2.958497963426837e-10, 0.10111160477482722, 3.906053267499267e-9, 1.0688489556232583e-9, 0.10111160483895353, 1.4002384795331868e-10, 1.7163343210830133e-10, 0.10111164124131827, 0.10111160454120088]
v_opt: [0.010223611953298071, 0.10111160472674798]
solution time: 0.006098031997680664
McCormick lower bound: -3.939853156624225

