x_opt: [0.5258472237727889, 0.8988882283325005, 0.1011116867523051, 0.8988883184643686, 0.10111176410733962, 0.10111167916556353, 0.10111168902180255, 0.8988882401841132, 0.10111168401526995, 0.10111177038486306]
w_opt: [0.5258472215851283, 0.1011116851071917, 0.5258472201335141, 2.78344509823216e-7, 0.1011116753637072, 3.116109204744032e-8, 0.4247354678420193, 3.5346209141547856e-9, 0.10111176336417324, 7.555774731465697e-9, 0.8988882252569718, 5.612814490747701e-9, 0.10111167595062143, 1.478229943669704e-9, 0.8988882257447363, 2.1037637938446953e-9, 3.5090454853482505e-9, 0.10111168462551741, 0.10111167024835442, 0.10111167163692156, 0.1011116827119935, 4.2507474439912726e-8, 2.6356570059398428e-9, 6.690492504863348e-9, 8.88056009888685e-8, 4.358649265350584e-8, 0.10111167630358218, 0.8988882319551671, 1.1739210368547388e-8, 0.10111176687148833, 5.146959751867469e-9, 0.10111167540433912, 9.127394448619671e-9, 3.6383983531245255e-9, 3.0031146228902488e-9, 1.581455212082732e-9, 3.271148889956988e-9, 0.10111167449785396, 3.7837597246128496e-8, 1.4501328687189337e-8, 0.10111168092112377, 1.5735935464432988e-9, 5.7502954729560595e-9, 0.10111175964139345, 0.10111167639702065]
v_opt: [0.010223774705115738, 0.10111168031700005]
solution time: 0.004551887512207031
McCormick lower bound: -3.179488022036706

