x_opt: [0.5258472961364907, 0.8988883192579651, 0.10111162450262037, 0.8988883743079311, 0.1011116469876322, 0.10111162495288813, 0.10111162501989555, 0.8988883523146647, 0.10111162530262917, 0.10111168234240007]
w_opt: [0.5258472959363386, 0.10111162433806642, 0.5258472957868768, 8.550663333104514e-8, 0.10111162460107846, 4.157839579843552e-9, 0.42473564878596093, 3.995483041555207e-10, 0.10111168178393279, 6.782995670166403e-10, 0.8988883189324449, 4.286102900301144e-10, 0.10111162456960912, 1.543379119017057e-10, 0.8988883190495299, 2.053103734130326e-10, 1.822447151341529e-9, 0.1011116242399429, 0.10111162297232498, 0.1011116235440392, 0.10111162405687349, 6.0114724609762195e-9, 2.7608418191386035e-10, 7.309450039543939e-10, 2.1898050296523442e-8, 5.2244691821924475e-9, 0.10111162325443888, 0.8988883513234023, 7.317935219206054e-10, 0.10111168204242114, 5.056637992975186e-10, 0.10111162322575235, 4.154664223731615e-10, 3.8864161277633655e-10, 2.8338655764852877e-10, 1.485015038899675e-10, 3.171888850973928e-10, 0.10111162454353832, 4.144651642431682e-9, 1.225823677000381e-9, 0.10111162479670315, 1.5344119341390505e-10, 4.751199763254634e-10, 0.1011116813999036, 0.10111162446379136]
v_opt: [0.01022403504124969, 0.10111162494262334]
solution time: 0.0045528411865234375
McCormick lower bound: -2.6360761137471953

