x_opt: [0.27574260381106336, 0.7242574180628201, 0.2693522624602873, 0.9999996082163098, 0.27574258182983746, 0.2693518340803037, 0.2693522622300821, 0.7242574217975175, 0.26935183399109397, 0.27574257946446934]
w_opt: [0.2757426031365825, 0.26935226206855845, 0.2757426034328844, 1.6057540814500224e-7, 0.26935183343239927, 9.820818843004903e-9, 2.8219366652571706e-8, 3.583979699859534e-10, 0.27574257905566624, 8.794257711064596e-10, 0.7242574176734197, 1.3852583711891257e-9, 0.26935183377037725, 2.647295423479987e-10, 0.7242574174895633, 3.116891026352468e-10, 5.339819395939555e-10, 0.2693522621740822, 0.26935226156190284, 0.2693518333081678, 0.269352261914228, 1.3009450373579963e-9, 4.107950225739247e-10, 9.855457396450483e-10, 0.2757421908134671, 0.26935144471394035, 0.26935226056295375, 0.7242574209212742, 0.26935144374442693, 0.27574257883666453, 9.58753983559643e-10, 0.26935226149213215, 4.170184799859667e-9, 5.210024962419441e-10, 3.4021558405298115e-10, 4.3624531057352404e-10, 5.811031240929871e-10, 0.2693518329002161, 1.4069063012368066e-8, 1.1280422223993285e-9, 0.2693518334553577, 3.320558369666293e-10, 6.193363511686914e-10, 0.27574257778096206, 0.2693518329434969]
v_opt: [0.07255064460467395, 0.26935183320018385]
solution time: 0.004703998565673828
McCormick lower bound: -3.5441527329648475

