x_opt: [0.7248604062816841, 0.8441547147892617, 5.049188260988584e-7, 0.9999994887208877, 0.15584516959274655, 4.607717224981261e-7, 0.1558451086242098, 0.844154859974561, 4.937786606202911e-7, 0.6021548070079349]
w_opt: [0.7248604001623049, 5.000406430138147e-7, 0.7248604009151358, 1.1934009968655687e-6, 4.532603512190218e-7, 7.396132152159721e-8, 0.569015292505108, 1.0387969686636056e-8, 0.6021545209235164, 1.656009989469398e-8, 0.8441547093274486, 5.648355793727729e-8, 4.530900748380139e-7, 6.230769810013538e-9, 0.8441547095734666, 5.149332079174263e-9, 0.44630957837171426, 4.977031643566893e-7, 4.880392844736769e-7, 4.3909230627976693e-7, 4.998725000136405e-7, 5.728244792309717e-8, 7.224402438373764e-9, 2.6969912151112406e-8, 0.15584466870039518, 1.0468954258222038e-7, 0.1558450557701461, 0.8441548324504987, 1.5281654288052856e-8, 0.6021548008086374, 1.6140542504393342e-8, 0.15584506979727772, 5.013691090401371e-8, 1.3014206988590145e-8, 4.775371520600701e-9, 3.870567257710237e-9, 9.030875426298255e-9, 4.523920561784852e-7, 1.2774800754517988e-7, 6.008342027483261e-8, 4.865558545366562e-7, 4.330618029320897e-9, 6.3959250928093925e-9, 0.6021547895840115, 4.688586134534036e-7]
v_opt: [0.024288679371376826, 4.841094162055787e-7]
solution time: 0.005218982696533203
McCormick lower bound: -2.8881521975978073

