x_opt: [0.4905492397440541, 0.8351590839621678, 0.16484091592009273, 0.8850001390328258, 0.1648409160233545, 0.11499986106093954, 0.16484091597107833, 0.8351590840346519, 0.11499986101695865, 0.1648409160720977]
w_opt: [0.49054923973448544, 0.16484091591349795, 0.4905492397377485, 4.3090653556955116e-10, 0.11499986105191869, 6.003312041406892e-11, 0.32570832379766085, 8.200038164394719e-12, 0.16484091605940815, 2.763299793684401e-11, 0.8351590839559418, 1.3916411240089552e-11, 0.11499986105432072, 7.027495796742365e-12, 0.8351590839557366, 6.50670978818576e-12, 4.227125432907381e-11, 0.16484091591373687, 0.1648409158934114, 0.11499986104857826, 0.16484091591367342, 1.356462977340844e-10, 7.940547737778634e-12, 2.0729133631483612e-11, 0.04984105506931335, 2.503842171179889e-10, 0.1648409159405525, 0.8351590840163331, 6.643512910160705e-11, 0.16484091606279538, 1.490691611053248e-11, 0.1648409159472739, 6.877730632859737e-11, 9.783745888484597e-12, 4.782371888391991e-12, 6.145888297171696e-12, 1.19534101487511e-11, 0.11499986100633743, 1.4963209660052744e-10, 3.855651605204822e-11, 0.11499986100808884, 5.977435235834118e-12, 7.401381344984861e-12, 0.164840916052696, 0.1149998609970497]
v_opt: [0.027172624355548725, 0.11499986100333168]
solution time: 0.004970073699951172
McCormick lower bound: -3.8671929285353293

