x_opt: [0.5258444060500659, 0.8988836797536558, 0.10111393296497184, 0.8988865923790708, 0.10111609017874797, 0.10111371891440173, 0.10111396474707808, 0.898883916695511, 0.10111366920329437, 0.10111635732271813]
w_opt: [0.5258443888892956, 0.10111391999626969, 0.5258443846141878, 6.986701316628256e-6, 0.10111369354864838, 1.96179079524891e-7, 0.424728358627981, 2.350188879319409e-8, 0.10111630167297159, 8.107050769093071e-8, 0.8988836599388181, 2.7555676760641094e-8, 0.10111369844686227, 1.2929596190350764e-8, 0.8988836652111903, 1.6711615546414156e-8, 5.2638590420759746e-8, 0.10111391799133826, 0.10111378586495436, 0.1011136716727038, 0.10111389322723847, 8.038327904712396e-7, 1.8810001581519827e-8, 4.97139767111496e-8, 2.730107272799824e-6, 1.4054307742207556e-6, 0.10111387790859626, 0.8988838700845498, 6.06339308555105e-7, 0.10111633265276969, 3.653394736375088e-8, 0.10111383309201619, 4.168645491003711e-8, 2.4352807100858378e-8, 1.5670493456522405e-8, 1.2193798017342859e-8, 2.7778155817297464e-8, 0.10111363868605987, 5.03522918918209e-7, 1.974405640015223e-7, 0.10111363886906746, 1.2155865673184047e-8, 3.216971259593185e-8, 0.10111628797930323, 0.1011136030621696]
v_opt: [0.010224113222222476, 0.10111364124278276]
solution time: 0.005036830902099609
McCormick lower bound: -3.576162451544964

