x_opt: [0.3869106822477815, 0.8057657900303936, 0.19423418574829368, 0.9600557881535068, 0.19423420856247078, 0.19423418531249315, 0.19423418536323292, 0.8057657912822995, 0.19423418430291364, 0.19423421002203686]
w_opt: [0.3869106819849706, 0.19423418558508942, 0.3869106819423977, 1.566463930064319e-8, 0.19423418494075503, 3.22630866907213e-9, 0.19267647400044044, 2.328847916509443e-10, 0.19423420948181871, 7.800812880344144e-10, 0.8057657897512537, 3.139278023264807e-10, 0.19423418510212867, 1.3391885151122376e-10, 0.8057657897513321, 1.8404946838123062e-10, 2.9100259413680147e-10, 0.19423418557445235, 0.19423418462377787, 0.19423418458223343, 0.19423418496188147, 3.2922700036352014e-9, 2.246533584264408e-10, 5.088543001253936e-10, 0.1542899972768648, 0.15428997717943885, 0.19423418428800693, 0.8057657906254867, 0.15428997302439762, 0.19423420962734578, 4.6199017051796076e-10, 0.19423418452715135, 2.917516597595844e-10, 2.801919948530124e-10, 2.4422551268768946e-10, 1.8698419293816576e-10, 3.272912537123845e-10, 0.1942341838919927, 3.5720299306938883e-9, 1.1307981268344956e-9, 0.19423418399317116, 1.6045334171635613e-10, 5.275096105460952e-10, 0.19423420890746518, 0.19423418361628517]
v_opt: [0.0377269328684928, 0.19423418393787023]
solution time: 0.005023956298828125
McCormick lower bound: -3.2836824496068484

