x_opt: [0.5213658187505684, 0.8907976592378327, 0.10920233352595188, 0.897125438126272, 0.10920234009249805, 0.10287499941745393, 0.10920233545849187, 0.8907976633896907, 0.10287499246572682, 0.1092023410318943]
w_opt: [0.521365817839445, 0.10920233292065253, 0.5213658180857995, 3.177482846895176e-8, 0.10287499846584397, 6.022290103846179e-9, 0.41216348377907586, 7.53899245001976e-10, 0.10920233978762531, 3.0936714627103677e-9, 0.8907976586222646, 1.4432073950414675e-9, 0.10287499880124408, 5.963081216127949e-10, 0.8907976585767954, 6.447907852881061e-10, 1.3309612605710958e-9, 0.10920233299242134, 0.10920233044071022, 0.10287499830440273, 0.10920233275463667, 1.288227308491048e-8, 7.374468387100132e-10, 1.8254853773240122e-9, 0.006327779647184011, 4.4701590684966723e-7, 0.10920233280279602, 0.8907976616708969, 4.3187949550041764e-7, 0.10920233999805204, 1.437582772977818e-9, 0.10920233324914486, 4.384746636889209e-9, 8.874093547005404e-10, 4.96076046975995e-10, 6.07016372758314e-10, 1.1596155200990066e-9, 0.10287499144381754, 1.2590857904644284e-8, 3.2159740068692573e-9, 0.10287499166192944, 5.6806028261715e-10, 8.286678374378871e-10, 0.10920233893213192, 0.10287499066894261]
v_opt: [0.011925988451138897, 0.10287499115984199]
solution time: 0.0047969818115234375
McCormick lower bound: -4.624297254804598

