x_opt: [0.7429876391633786, 0.7907411108425103, 3.829628253235616e-8, 0.9999998532182313, 0.20925890521174886, 3.6090469647391525e-8, 0.2092588867655996, 0.7907411658234493, 4.581804685617201e-8, 0.7429878494153883]
w_opt: [0.7429876367481856, 3.62037799290194e-8, 0.7429876374759468, 1.9722262945484422e-7, 3.3816514935336954e-8, 1.1563245474985952e-8, 0.533728818687363, 2.6775193508744596e-9, 0.7429876368043461, 5.2991070999475495e-9, 0.7907411088866371, 2.752804496068024e-8, 3.3904533344398976e-8, 9.816088239559408e-9, 0.7907411085055501, 1.890492762858476e-9, 0.533728984267928, 3.557849412978138e-8, 3.377854235464304e-8, 2.7513595850356947e-8, 3.6720746679789766e-8, 1.651210373781984e-8, 2.4226897380996048e-9, 6.222133956744619e-9, 0.20925876245991498, 1.766607212349509e-8, 0.20925886395268403, 0.7907411593319686, 5.309333884870334e-9, 0.7429878472546418, 5.392485877420028e-9, 0.20925886785995518, 7.988907928814087e-8, 4.401120922532328e-9, 1.5892168374295305e-9, 1.7617957333852764e-9, 3.970299107343719e-9, 3.2887379175393836e-8, 1.8319745364625286e-8, 6.09156030028207e-8, 4.2950294527300197e-8, 2.0358583377437537e-9, 1.9378328639358073e-9, 0.7429878450242751, 3.882991624501873e-8]
v_opt: [0.04378929545884012, 4.2817128456092004e-8]
solution time: 0.0052111148834228516
McCormick lower bound: -2.8578044391599726

