x_opt: [0.5258473475874351, 0.898888395205432, 0.10111159363742624, 0.8988884104879581, 0.10111159871674454, 0.10111159093186779, 0.10111159343887482, 0.898888401167556, 0.1011115898460351, 0.10111165596510159]
w_opt: [0.5258473474206325, 0.10111159350340014, 0.5258473474354572, 3.7345479468064436e-8, 0.10111159072617437, 1.3983851642691665e-9, 0.4247357490739027, 2.212767519918812e-10, 0.1011116556556959, 6.923327041458514e-10, 0.898888395059589, 1.7597090901149092e-10, 0.10111159075758812, 1.506975720405628e-10, 0.8988883950821075, 1.627414620362793e-10, 5.126753994716233e-8, 0.10111159349403524, 0.10111159280583282, 0.10111159057016744, 0.10111159340591848, 8.652077667087076e-9, 1.82817497768378e-10, 5.413155983571326e-10, 9.580052113360048e-9, 5.387567347381644e-9, 0.10111159256388798, 0.898888400766336, 1.2004346303684807e-9, 0.10111165576163604, 3.559350409291771e-10, 0.10111159266217942, 3.1796098327842554e-10, 2.5116936090595314e-10, 1.129796354536948e-10, 1.133168850161915e-10, 2.9712097728296824e-10, 0.10111158962845433, 5.457821440208615e-9, 1.2433692235773856e-9, 0.10111158963261965, 1.182555505929125e-10, 1.8789028992184106e-10, 0.10111165551977094, 0.10111158933714202]
v_opt: [0.010223739963025417, 0.10111158956105708]
solution time: 0.008459806442260742
McCormick lower bound: -4.014650202850651

