x_opt: [0.5258417133242546, 0.8988782707672, 0.10112172803166355, 0.8988861829657994, 0.10112172907828462, 0.10111381834981545, 0.10112172852718357, 0.8988782716698058, 0.10111381804525506, 0.10112172927005889]
w_opt: [0.5258417132012355, 0.10112172794273924, 0.5258417132361519, 4.440410940238928e-9, 0.10111381822404211, 7.815019429375212e-10, 0.4247199852309, 1.158176433907903e-10, 0.10112172909452749, 4.110101869025308e-10, 0.8988782706841769, 1.984751994401547e-10, 0.10111381825771891, 9.641891652239427e-11, 0.8988782706828667, 9.162147987301259e-11, 1.489663995031782e-10, 0.1011217279490174, 0.10112172764553917, 0.1011138181878161, 0.10112172793917741, 1.7209631057489044e-9, 1.0833437270377839e-10, 2.889639130506736e-10, 7.912226948846382e-6, 3.3409875321188914e-9, 0.10112172815410074, 0.8988782714248643, 1.2258787304246293e-9, 0.10112172913989143, 2.0611371406402438e-10, 0.10112172821577621, 8.89127982086302e-10, 1.345088038452283e-10, 6.580708905773816e-11, 8.042150936788587e-11, 1.6478954542701312e-10, 0.10111381789523864, 1.9496274347620647e-9, 6.481167274263671e-10, 0.10111381793040004, 7.979983697017285e-11, 1.0232659764663119e-10, 0.10112172900573588, 0.1011138177785492]
v_opt: [0.0102256171248241, 0.10111381786115008]
solution time: 0.0055980682373046875
McCormick lower bound: -4.288737079226137

