x_opt: [0.5000013234518148, 0.5000014361307762, 1.0252057657045841e-5, 0.8490522017976284, 0.17708746208895423, 0.15094766954242644, 0.15094766119769912, 0.822912450876051, 0.15094766950163166, 0.500001231666883]
w_opt: [0.5000013065489084, 1.0246224486732856e-5, 0.5000013156685643, 2.6659437121673605e-6, 0.15094765970642368, 1.0675057631161055e-7, 0.32291380910315876, 8.682445332223869e-9, 0.5000011963677066, 1.5797610860914952e-8, 0.5000014257670705, 2.632589622649829e-8, 0.1509476613016938, 6.6402908751261234e-9, 0.5000014265268964, 5.432959051661972e-9, 2.6772512588185487e-6, 1.0238229232123496e-5, 1.0230446380058854e-5, 1.0197249277326087e-5, 1.0245241382553737e-5, 5.241975771257251e-8, 8.571105191042631e-9, 1.9902436820900348e-8, 0.026139677125076564, 2.0288393384553396e-7, 0.15094756956041416, 0.8229124154279851, 2.316240216003865e-8, 0.5000012239536181, 1.5887242171064888e-8, 0.15094752303242048, 7.181854330072711e-8, 1.2382692221416616e-8, 6.514902609298795e-9, 6.769555772310613e-9, 9.696301040666068e-9, 0.15094765306230384, 9.836916458966975e-8, 4.4382735446775045e-8, 0.1509476537718866, 6.037588057956858e-9, 9.1817908575376e-9, 0.5000011958168883, 0.150947636178029]
v_opt: [0.022787977165902983, 0.15094765715122047]
solution time: 0.0046617984771728516
McCormick lower bound: -1.6309057613115572

