x_opt: [0.41491303478940794, 0.8245344383286974, 0.17546556119758347, 0.9477276580832081, 0.17546556158880122, 0.1754655470998218, 0.1754655612777761, 0.8245344385793663, 0.17546554000023745, 0.175465561700156]
w_opt: [0.41491303472929114, 0.17546556115922018, 0.4149130347477421, 3.164301818101711e-9, 0.17546554703958805, 3.952040126985559e-10, 0.2394474734758338, 4.5575268568325705e-11, 0.17546556161912139, 1.9652036133631856e-10, 0.8245344382896374, 8.494558764783728e-11, 0.17546554706235865, 3.6916108457402615e-11, 0.8245344382859381, 4.0866285355540404e-11, 9.408105460304264e-11, 0.17546556116448456, 0.17546556099712415, 0.175465547029425, 0.17546556114600878, 7.716765814717777e-10, 4.595456886604469e-11, 1.1130638633807179e-10, 0.1231932197637054, 0.12319320580157153, 0.17546556111010547, 0.8245344384703904, 0.12319319816520732, 0.17546556163332738, 8.989286280195594e-11, 0.17546556112727923, 2.2551309736140648e-10, 5.456967889276578e-11, 3.115808060188293e-11, 4.0059018912807717e-11, 7.604549527648745e-11, 0.17546553994038874, 8.187114256351804e-10, 2.410843890543912e-10, 0.1754655399482764, 3.6526883021679854e-11, 5.384344766706835e-11, 0.1754655615654839, 0.17546553988469946]
v_opt: [0.030788175288961578, 0.175465539917003]
solution time: 0.005337953567504883
McCormick lower bound: -4.655699658676827

