x_opt: [0.5258475118508708, 0.8988885050236994, 0.10111147892345793, 0.898888522469444, 0.10111148026509136, 0.1011114754441356, 0.10111148051403004, 0.8988885207233478, 0.10111147698698311, 0.10111174997141502]
w_opt: [0.5258475112090045, 0.10111147832400569, 0.5258475108729099, 1.2557418388723415e-7, 0.1011114743307822, 6.101820345894023e-9, 0.42473603390559184, 1.8088501327055502e-9, 0.10111174715999711, 3.1406074462318246e-9, 0.8988885042161183, 1.4555519423291524e-9, 0.1011114740103872, 6.089559993035817e-10, 0.8988885044290474, 7.948642192835533e-10, 2.5552280223546653e-7, 0.10111147810867178, 0.10111146273810158, 0.10111147309197459, 0.10111147751535265, 2.4291251448965207e-8, 9.648772018953715e-10, 3.375167156557165e-9, 7.1887064180412705e-9, 1.4654654905727338e-8, 0.10111147597751963, 0.89888850992443, 4.022603301344913e-9, 0.10111174902259545, 1.8281194900024883e-9, 0.10111147360445451, 3.2296105300586844e-9, 1.466741396242816e-9, 7.519248425918953e-10, 4.4768997266711257e-10, 1.3852603126707765e-9, 0.10111147407645772, 1.5099855411725854e-8, 6.459880310112322e-9, 0.10111147604904933, 5.044828696384737e-10, 1.5158264259342523e-9, 0.10111174751984274, 0.10111147453783197]
v_opt: [0.010223718036601133, 0.10111147577038465]
solution time: 0.005285024642944336
McCormick lower bound: -3.605395397741925

