x_opt: [0.36061347602863547, 0.3606340655891132, 0.19482033155654888, 0.8051796273177892, 0.3606134549014585, 0.19482035579521098, 0.19482034366763326, 0.6393865298687482, 0.1948203484172446, 0.6393659262137646]
w_opt: [0.36061347510300024, 0.1948203311797576, 0.3606134753630796, 8.828149672856636e-8, 0.1948203550659949, 3.7792153959473286e-8, 8.871305778462264e-9, 3.952690628981265e-10, 0.36061347506453506, 1.0337092865308488e-9, 0.36063406439337437, 1.4901249630761652e-9, 0.1948203553863949, 3.288500019805824e-10, 0.3606340639640241, 3.287768863771981e-10, 7.41303698999448e-10, 0.19482033088789266, 0.19482033001611107, 0.19482032874947897, 0.1948203309683467, 2.8221767530160755e-9, 5.036032438124169e-10, 8.913700431835826e-10, 0.16579308324279896, 1.1000450533915913e-8, 0.19482033863774958, 0.6393865280809405, 1.0459839719604994e-9, 0.6393659254961466, 8.797095534790103e-10, 0.19482034045210586, 5.067709274584662e-10, 5.405593324660233e-10, 5.552531961808694e-10, 8.842837303289503e-10, 6.261405048506486e-10, 0.194820347700405, 6.948712404907298e-9, 2.249508297815301e-9, 0.19482034225949105, 4.704066195595632e-10, 1.113227254182922e-9, 0.6393659209881634, 0.19482034685245467]
v_opt: [0.037954976619469054, 0.19482034756939726]
solution time: 0.0046770572662353516
McCormick lower bound: -1.1366190976716968

