x_opt: [0.492116571994007, 0.876280284598498, 0.12371971539132126, 0.9137384883258876, 0.12371971540123751, 0.1237197152019003, 0.12371971539346156, 0.8762802846077393, 0.12371971518842712, 0.12371971540071248]
w_opt: [0.49211657199319947, 0.12371971538988072, 0.49211657199186726, 7.651482311383057e-11, 0.12371971519944233, 1.4189542911949499e-11, 0.3683968566063086, 1.8366225363467965e-12, 0.12371971539769695, 9.237950246329867e-12, 0.8762802845970707, 3.700711239176483e-12, 0.12371971520038424, 1.4309029782295623e-12, 0.8762802845969568, 1.6251636118207841e-12, 2.2833420486215675e-12, 0.12371971539013292, 0.12371971538238023, 0.12371971519934602, 0.12371971538914736, 3.5420100673286863e-11, 1.758963812720466e-12, 4.365796034584095e-12, 0.03745820373069895, 0.03745820354353175, 0.12371971538837223, 0.8762802846039015, 0.03745820351862315, 0.12371971539801992, 3.5300704222306098e-12, 0.12371971538889474, 1.0993093058176156e-11, 2.1162616148017527e-12, 1.231997317600689e-12, 1.4283331515026294e-12, 2.833998266924591e-12, 0.12371971518706909, 2.967902161884046e-11, 1.0352851816412265e-11, 0.12371971518765984, 1.3443323994928853e-12, 2.137459119073546e-12, 0.12371971539547696, 0.12371971518549227]
v_opt: [0.015306607653453107, 0.123719715186489]
solution time: 0.005460023880004883
McCormick lower bound: -5.655030933852119

