x_opt: [0.5258468637202468, 0.8988879795160776, 0.10111201829217906, 0.8988885119398907, 0.10111201964111872, 0.10111189430563283, 0.10111201860516182, 0.8988879815810437, 0.10111188764577068, 0.10111202104659298]
w_opt: [0.5258468633317875, 0.10111201802459807, 0.5258468634296889, 1.5036814189222758e-8, 0.10111189388268212, 2.520442502671968e-9, 0.4247348460261624, 3.450288584998971e-10, 0.10111202049469772, 1.5690535464262873e-9, 0.8988879792508241, 5.126911799232282e-10, 0.10111189402904876, 2.6932207046154897e-10, 0.898887979245056, 3.0603422531364717e-10, 9.16675420049154e-10, 0.10111201806465869, 0.10111201663171068, 0.1011118937965797, 0.10111201784686683, 6.559740332596576e-9, 3.26724373315888e-10, 8.356107225426586e-10, 5.322551084667551e-7, 4.136715339092881e-7, 0.10111201746864407, 0.8988879808059046, 4.002514206403253e-7, 0.10111202058560377, 6.449271817444582e-10, 0.10111201751558627, 1.6370557342917612e-9, 3.980296756234233e-10, 2.1644718156877932e-10, 2.556602557959884e-10, 5.80439224134783e-10, 0.10111188721185606, 5.69622422462953e-9, 1.7133950747282711e-9, 0.10111188728718042, 2.4618632634049873e-10, 3.828460422283062e-10, 0.10111202014192562, 0.10111188678406344]
v_opt: [0.010223788400848853, 0.10111188706860956]
solution time: 0.005213022232055664
McCormick lower bound: -5.166285265188068

