x_opt: [0.3193525780792575, 0.680647424698977, 0.3193525717155505, 0.9506479331918004, 0.31935257374313825, 0.31935256956456126, 0.31935257188332195, 0.6806474264252041, 0.0493520671423242, 0.31935257669545297]
w_opt: [0.31935257792300437, 0.31935257162457126, 0.31935257800881556, 9.51167115935756e-9, 0.3193525694213534, 1.6680593233950495e-9, 5.0163228499832425e-9, 6.985927154579073e-11, 0.31935257655147065, 3.8952805791381373e-10, 0.680647424623252, 1.4247638949828886e-10, 0.31935256950549545, 6.927963082930791e-11, 0.6806474246001166, 6.912012806687914e-11, 1.5340911987625328e-9, 0.319352571650216, 0.31935257132497513, 0.3193525693210324, 0.3193525715988129, 2.2775564060323038e-9, 8.356069688177382e-11, 2.152561425784962e-10, 0.2700005071124904, 0.27000050553060284, 0.3193525714537489, 0.6806474261960366, 9.648249302787688e-10, 0.31935257657038013, 1.7115804081278644e-10, 0.3193525716570071, 3.0961265755295034e-10, 9.881089811417448e-11, 5.4130416982325916e-11, 1.1287722369942896e-10, 2.0088840333015017e-10, 0.04935206703102167, 2.845547841415791e-9, 2.806539110937442e-10, 0.04935206702404673, 7.93486538011494e-11, 9.388331256156303e-11, 0.31935257633518294, 0.049352066920492786]
v_opt: [0.10198607764270932, 0.049352066964559356]
solution time: 0.0073049068450927734
McCormick lower bound: -3.756880831151326

