x_opt: [0.5258473090401026, 0.8988883697662926, 0.10111162672223334, 0.8988883861216511, 0.1011116287590892, 0.10111161654006726, 0.10111162771860818, 0.8988883738122908, 0.10111161543890694, 0.10111163355052408]
w_opt: [0.5258473085208014, 0.10111162630410957, 0.5258473085966198, 2.2580465863773045e-8, 0.1011116159112495, 3.4386090584130593e-9, 0.4247356839185254, 6.471331243472823e-10, 0.10111163265119572, 2.5442646935292865e-9, 0.8988883693711125, 8.305397914425401e-10, 0.10111161604489634, 4.696185177021079e-10, 0.8988883693996267, 4.844064998542219e-10, 3.755843767089167e-9, 0.10111162633901406, 0.10111162409329609, 0.10111161574535665, 0.10111162616060416, 1.1641164601941136e-8, 5.339898390990972e-10, 1.5503295805439144e-9, 1.5843085771657426e-8, 1.292957283415162e-8, 0.10111162577954023, 0.8988883725044049, 2.8590397365043345e-9, 0.10111163291432486, 1.0363469125713552e-9, 0.101111625658517, 3.2810659068452116e-9, 6.922170942929189e-10, 3.2800482542280923e-10, 3.4149665502551087e-10, 9.080554363182367e-10, 0.10111161459405589, 9.492163195364151e-9, 3.167642247237506e-9, 0.10111161491481648, 3.6013719632494686e-10, 5.412623611697554e-10, 0.1011116322858984, 0.10111161407728855]
v_opt: [0.010223640368562934, 0.10111161457411633]
solution time: 0.005555152893066406
McCormick lower bound: -4.981687938459079

