x_opt: [0.31935287828485576, 0.6806477221819137, 0.3193522686599029, 0.9506478318168188, 0.31935227649042225, 0.31935220884240084, 0.3193522690132869, 0.6806477248352945, 0.049352209717924526, 0.3193522787180122]
w_opt: [0.31935287767611853, 0.3193522682922734, 0.31935287793533385, 2.1709630179524115e-8, 0.31935220830460276, 3.637614579923859e-9, 6.043439927032557e-7, 3.7406962810953903e-10, 0.31935227806934874, 1.7643003681781616e-9, 0.6806477218434305, 7.008113008154266e-10, 0.31935220853536606, 3.319032986378948e-10, 0.6806477217743231, 3.522735381294577e-10, 1.448520257725849e-9, 0.3193522683687849, 0.3193522669779364, 0.3193522081233039, 0.31935226809549244, 7.810615793188568e-9, 4.035103862829277e-10, 9.47292200660162e-10, 0.27000010911645445, 0.2700000467242977, 0.31935226753649376, 0.6806477238497416, 4.2406482534350964e-8, 0.3193522781230231, 7.883295691856819e-10, 0.31935226779756193, 1.8791680549509783e-9, 4.707394886473458e-10, 2.6194208712305345e-10, 3.981778203087416e-10, 8.131189060889049e-10, 0.0493522091748788, 7.786084524748003e-9, 1.619313569544881e-9, 0.049352209232875685, 3.4322500399375117e-10, 4.476694475261838e-10, 0.3193522775660255, 0.04935220872004546]
v_opt: [0.10198593604153842, 0.0493522089401972]
solution time: 0.005615949630737305
McCormick lower bound: -4.578016729759943

