x_opt: [0.7429874520248718, 0.7907409756127163, 1.3594280999620605e-7, 0.9999996460574618, 0.20925901841631614, 1.2701492578546514e-7, 0.20925875403140792, 0.7907412179129686, 1.4186267989529842e-7, 0.7429876303272585]
w_opt: [0.7429874486838614, 1.3318412575140268e-7, 0.7429874497057222, 4.347150598585608e-6, 1.239157908330176e-7, 3.57468808387703e-8, 0.5337286767580239, 3.852108405867055e-9, 0.7429874408982055, 6.513594692962562e-9, 0.7907409730983557, 1.0903287126037798e-8, 1.238353276400989e-7, 3.1995147488662353e-9, 0.7907409731465995, 2.3403131673087307e-9, 0.5337286097821858, 1.3215211211617154e-7, 1.2887922058420217e-7, 1.140946346553224e-7, 1.3376589965650513e-7, 5.396132178065904e-8, 3.1940302230714984e-9, 8.832151166503676e-9, 0.2092586690630071, 6.012556028874679e-8, 0.20925872131568676, 0.7907412079353949, 6.721222698315755e-9, 0.7429876275457543, 8.064863990417512e-9, 0.20925873776634699, 2.4621881207795786e-7, 6.485018235382972e-9, 1.9188149431804966e-9, 2.1068682091078488e-9, 4.21180012696836e-9, 1.2361948254395875e-7, 7.917763920823279e-8, 4.0652039699482e-9, 1.380051360901084e-7, 2.286337027007331e-9, 2.490074551864486e-9, 0.7429876231023533, 1.2984948221398058e-7]
v_opt: [0.04378944794518201, 1.373077203443354e-7]
solution time: 0.004524946212768555
McCormick lower bound: -2.7624366795291486

