x_opt: [0.46348367605690605, 0.857089026142026, 0.14291097380740955, 0.9263442402342532, 0.1429109738529097, 0.14291097368630976, 0.14291097381561318, 0.8570890261599416, 0.1429109736656779, 0.1429109738553542]
w_opt: [0.46348367605120966, 0.14291097380368847, 0.4634836760519064, 2.3015858666315887e-10, 0.14291097367950312, 4.363833505775974e-11, 0.32057270222657797, 4.973647372794717e-12, 0.14291097384661638, 1.943880558118541e-11, 0.857089026137586, 9.350335467305468e-12, 0.1429109736820952, 3.377889666540698e-12, 0.8570890261371534, 4.2475448547594755e-12, 6.077183530625534e-12, 0.14291097380398546, 0.1429109737839594, 0.14291097367818462, 0.14291097380087775, 7.849358707530387e-11, 4.775948274103792e-12, 1.1316974103654459e-11, 0.06925521409720309, 0.0692552139769662, 0.14291097379830855, 0.8570890261487302, 0.06925521390886537, 0.14291097384793164, 9.426479139417082e-12, 0.14291097380109938, 1.887385874792999e-11, 5.719432781233924e-12, 3.727256068863163e-12, 3.9480256516131436e-12, 7.529941316730103e-12, 0.14291097365813993, 7.508287727721023e-11, 1.9393223889387674e-11, 0.14291097366039857, 3.598927120535751e-12, 6.8669909970856094e-12, 0.14291097383904477, 0.14291097365355207]
v_opt: [0.020423588361383752, 0.14291097365748703]
solution time: 0.005112886428833008
McCormick lower bound: -4.503909617793781

