x_opt: [0.31935259915067105, 0.6806474252028525, 0.3193525442032548, 0.9506479115145505, 0.31935256394774586, 0.31935253855816326, 0.31935254635998694, 0.6806474376219458, 0.049352093753977797, 0.31935257984347526]
w_opt: [0.31935259751744866, 0.3193525433374643, 0.3193525983069311, 5.593894117735714e-8, 0.31935253727863006, 1.1365690023817995e-8, 3.976568136208493e-8, 8.409027760126981e-10, 0.3193525779879451, 3.3254024119670346e-9, 0.6806474242838448, 1.76577234165435e-9, 0.319352537835833, 8.069128191546316e-10, 0.6806474240857643, 7.764325520302234e-10, 6.4969499839754196e-9, 0.31935254342054964, 0.31935254097167637, 0.31935253639104505, 0.3193525432116504, 1.2546645887399992e-8, 9.78853530907911e-10, 2.214625230415686e-9, 0.270000477422574, 0.2700004638561379, 0.319352542149539, 0.6806474348835149, 7.650730466009728e-9, 0.3193525784564753, 1.912748321520218e-9, 0.31935254326191226, 3.229496924785471e-9, 1.1422759464319356e-9, 6.429785098395145e-10, 1.0850585600169826e-9, 1.759395878972455e-9, 0.04935209240376635, 1.8813127375343177e-8, 3.465173549510749e-9, 0.04935209241615648, 8.684377467764751e-10, 1.1343973303140234e-9, 0.3193525766907023, 0.04935209112396873]
v_opt: [0.101986067225691, 0.04935209185675437]
solution time: 0.0052089691162109375
McCormick lower bound: -3.374889285738975

