x_opt: [0.5259117937794752, 0.898932810882669, 0.10106705507987576, 0.8989329769819423, 0.10106719038529045, 0.10106702004424173, 0.10106718118717646, 0.898932824492912, 0.10106702510687157, 0.10115176436469812]
w_opt: [0.5259117929811897, 0.10106705437718123, 0.5259117928359954, 1.5177170936564606e-7, 0.1010670188759654, 9.38086715332865e-9, 0.4248446199682467, 1.952457869452169e-9, 0.10115175902953318, 3.310878014920806e-9, 0.8989328100344661, 5.5631641760907325e-9, 0.1010670187382521, 1.061666162839271e-9, 0.8989328100878088, 8.914939055836956e-10, 8.457935191836293e-5, 0.10106705416717304, 0.10106705016749815, 0.10106701782719733, 0.10106705415760327, 1.6361058414407847e-8, 1.1669186170200322e-9, 3.983711862051028e-9, 1.701262123802213e-7, 2.3575915020655807e-8, 0.10106717479609452, 0.8989328200695507, 8.185449563244965e-9, 0.10115176330728308, 2.5881959185985913e-9, 0.10106716734407473, 1.707536590079467e-8, 1.9536228917393966e-9, 8.865565362861032e-10, 5.68620221699791e-10, 1.524077545585246e-9, 0.10106701825740327, 2.182698868958859e-8, 1.9120859244205443e-8, 0.10106702414482324, 6.754831893838114e-10, 1.1957769866124504e-9, 0.10115176154896184, 0.10106702241392677]
v_opt: [0.010215582174517934, 0.10106702355406509]
solution time: 0.004768848419189453
McCormick lower bound: -3.490408930179653

