x_opt: [0.35898157254824986, 0.7870461796138496, 0.21295376783705353, 0.9723516387926116, 0.2129538147460958, 0.21295372930216241, 0.2129537706892274, 0.7870461916266593, 0.2129537119392101, 0.2129538182729907]
w_opt: [0.35898156846663437, 0.21295376528761448, 0.35898156902054323, 1.545846222260465e-7, 0.21295372456857542, 3.249051042759588e-8, 0.14602777085691354, 3.293454409538492e-9, 0.21295381225087637, 1.1968085895849635e-8, 0.7870461763858474, 6.145865986512322e-9, 0.2129537264548931, 2.2406554676361096e-9, 0.7870461759316721, 2.8635048001556615e-9, 4.248298230494932e-9, 0.2129537654322279, 0.21295375318729032, 0.21295372315201183, 0.2129537627710972, 4.458751280204468e-8, 3.269159729057969e-9, 7.475653512621288e-9, 0.18530546057680478, 0.18530540770378662, 0.21295375855278934, 0.7870461836799523, 0.1853053568892056, 0.21295381308031958, 6.4078060716446916e-9, 0.2129537611903431, 1.0714366483651555e-8, 3.858520537597479e-9, 2.6449883336424706e-9, 2.875096825239367e-9, 5.123755887033653e-9, 0.21295370688382473, 5.018193523888528e-8, 1.2221026574668711e-8, 0.21295370801507726, 2.526342818284148e-9, 5.018455518571843e-9, 0.21295380638628814, 0.21295370337839375]
v_opt: [0.04534939843616051, 0.21295370625409657]
solution time: 0.006545066833496094
McCormick lower bound: -4.129593574366861

