x_opt: [0.5258427403677863, 0.8988852146862989, 0.10111471522123223, 0.8988902921558635, 0.10111477906899796, 0.10111468122149461, 0.10111472235690543, 0.898885223081049, 0.10111467747012721, 0.10111478204095219]
w_opt: [0.5258427383498148, 0.10111471386169865, 0.5258427376433853, 8.99462550871499e-7, 0.10111467812250134, 3.306885553594564e-8, 0.4247279667119383, 2.200255610738024e-9, 0.10111477782723371, 7.952290381489356e-9, 0.898885212438411, 3.967845564518256e-9, 0.10111467919902595, 1.178260889548776e-9, 0.8988852124158188, 1.6585136386156818e-9, 2.250277631576256e-9, 0.1011147137165615, 0.1011147003322213, 0.1011146762726839, 0.10111471198371488, 4.09635236840918e-8, 1.9677641332530253e-9, 4.611303479544528e-9, 5.075716489039595e-6, 4.9949086546175316e-6, 0.10111471280530299, 0.8988852183315548, 4.973789379746825e-6, 0.10111477870947103, 3.96977455256896e-9, 0.1011147108736286, 5.401769817250574e-9, 2.441769447534383e-9, 2.065011055279884e-9, 1.4919343495392595e-9, 2.774123310940625e-9, 0.1011146735322936, 4.6189145817743806e-8, 1.51741284890559e-8, 0.10111467504217224, 1.3524640923691416e-9, 4.44266897190614e-9, 0.10111477218482076, 0.10111467200122405]
v_opt: [0.010225268242600435, 0.10111467439048648]
solution time: 0.00504302978515625
McCormick lower bound: -3.592832166031254

