x_opt: [0.31935279318139687, 0.6806473786916142, 0.31935256436438136, 0.95064780862797, 0.3193525965340022, 0.3193522160832629, 0.319352577161267, 0.68064740546757, 0.04935219027449304, 0.31935278419383756]
w_opt: [0.31935279083969426, 0.31935256304089865, 0.31935279199256117, 9.734813203268489e-8, 0.31935221439594647, 1.452160352802482e-8, 2.025239423039637e-7, 1.3176992104667024e-9, 0.3193527808249753, 4.349290662978698e-9, 0.6806473773509315, 2.5100031106661234e-9, 0.31935221496302896, 1.358305432742991e-9, 0.6806473771498229, 1.1552950447762767e-9, 1.6455706137048212e-7, 0.3193525629982968, 0.3193525599989641, 0.3193522132637123, 0.3193525631628003, 1.9812842696853585e-8, 1.5033825713318686e-9, 3.4127254954039883e-9, 0.27000040769810363, 0.2700000510702514, 0.31935257031636743, 0.68064740149876, 5.193046413867015e-9, 0.3193527824028887, 2.73023559030555e-9, 0.3193525718845799, 4.742523145098036e-9, 1.7424465709251342e-9, 9.084454018618879e-10, 1.5740203324521247e-9, 2.459922604640353e-9, 0.04935218844963695, 3.0017279607173787e-8, 4.970144439308096e-9, 0.049352188125280444, 1.3117498602763287e-9, 1.4614681231265812e-9, 0.31935278028338226, 0.0493521862072236]
v_opt: [0.10198611670986567, 0.049352187503690116]
solution time: 0.0066759586334228516
McCormick lower bound: -2.9572588623431786

