x_opt: [0.36225578284159754, 0.6377444450159261, 0.22390303791190566, 0.7760969677162568, 0.3622555306626278, 0.22390303947583132, 0.22390303810845008, 0.637744476346618, 0.22390302972353382, 0.3622555583073986]
w_opt: [0.3622557822890064, 0.2239030376536622, 0.3622557824440803, 1.9069380619682368e-7, 0.22390303879404405, 3.912932041907953e-8, 2.6426517000877e-7, 3.3309714967775105e-10, 0.362255555493434, 9.50857268605851e-10, 0.6377444446421504, 1.1726396100378873e-9, 0.22390303919118662, 2.387481682950494e-10, 0.6377444447591047, 2.539883742838942e-10, 3.740012539513238e-9, 0.22390303761297672, 0.2239030372044514, 0.22390303763498745, 0.2239030368913138, 2.1803588296216146e-9, 3.951879106370231e-10, 1.0334807622705993e-9, 0.13835249886441034, 9.557578811949627e-9, 0.22390303386789873, 0.6377444758266985, 3.2187602744021468e-9, 0.3622555575708836, 1.0312191023948266e-9, 0.2239030358703157, 7.402093317036381e-9, 6.556289824916241e-10, 4.943968407763233e-10, 3.5839827798812357e-10, 3.1006833192713453e-10, 0.22390302768048392, 2.083446261858874e-8, 3.917353363624287e-9, 0.223903029402309, 2.8672976648158717e-10, 3.9110625868605316e-10, 0.3622555564226084, 0.2239030290437265]
v_opt: [0.05013262091024414, 0.22390302897615819]
solution time: 0.0044040679931640625
McCormick lower bound: -2.602300267356566

