x_opt: [0.481778637667979, 0.8693512599942322, 0.13064873893384332, 0.9182898048385442, 0.13064873988939285, 0.13064873723036333, 0.1306487390132318, 0.8693512604177288, 0.13064873687230005, 0.13064873988629075]
w_opt: [0.4817786375241184, 0.13064873883815123, 0.4817786375250809, 5.74756566991271e-9, 0.130648737038779, 1.1565486283239745e-9, 0.35112989833172364, 1.3582895236862136e-10, 0.13064873964484974, 5.524024714508817e-10, 0.8693512598741311, 2.4164104171089787e-10, 0.1306487371147811, 8.54667576000721e-11, 0.8693512598631261, 1.1655821845782906e-10, 1.3759577827341747e-10, 0.1306487388468653, 0.13064873822545922, 0.1306487370117592, 0.13064873871874635, 2.0915991726435964e-9, 1.2606818252174894e-10, 2.979464086922685e-10, 0.04893854500911846, 0.04893854348630062, 0.13064873857259304, 0.8693512601268473, 0.04893854195456484, 0.13064873967622273, 2.5292122078689366e-10, 0.13064873863218077, 4.625550476991212e-10, 1.5171337594321702e-10, 1.0600247467115746e-10, 1.0080977653720486e-10, 2.005775619843811e-10, 0.1306487366510348, 1.8894717325165934e-9, 5.714673434039773e-10, 0.1306487367327955, 9.25866305417616e-11, 2.0912453639208276e-10, 0.13064873941976576, 0.13064873654500764]
v_opt: [0.017070278365048312, 0.13064873665699736]
solution time: 0.00793004035949707
McCormick lower bound: -4.9132556378754595

