x_opt: [0.52584666851836, 0.8988866083958316, 0.10111334699512706, 0.8988882817703401, 0.10111330811184943, 0.10111170990433009, 0.10111334680125712, 0.8988866937117751, 0.10111168759051072, 0.10111397347724012]
w_opt: [0.5258466600867431, 0.10111333952722752, 0.5258466611061705, 1.11819601981446e-6, 0.10111169898076866, 6.862523030952522e-8, 0.4247333800296961, 1.2009724741187887e-8, 0.10111394597527988, 5.243827976839289e-8, 0.8988866016684963, 1.383898936933565e-8, 0.10111170131775991, 9.472990543190091e-9, 0.8988866023631101, 8.881188083627966e-9, 5.904285798787458e-7, 0.10111334055106289, 0.10111322949031325, 0.10111169446035408, 0.1011133363823922, 2.6864506485182657e-7, 9.29167483914679e-9, 2.9138056237808997e-8, 1.6097385710672242e-6, 2.7626658947127816e-7, 0.1011133083359391, 0.8988866632136554, 5.038114297927e-8, 0.10111396258502493, 1.9690114277116493e-8, 0.10111326274758502, 1.674417101579083e-8, 1.3508866262886557e-8, 5.6615551365707105e-9, 5.607625381166543e-9, 2.0437822881735917e-8, 0.10111166530611014, 2.542558943202205e-7, 7.359540026612575e-8, 0.1011116787883417, 5.8837743876942086e-9, 1.0856756318395044e-8, 0.10111395061096795, 0.10111166177309569]
v_opt: [0.010224828512491912, 0.10111167271869248]
solution time: 0.004350185394287109
McCormick lower bound: -5.147208909204098

