x_opt: [0.5258473158368572, 0.8988883755293879, 0.10111161278648227, 0.8988883863526762, 0.1011116164239202, 0.10111161286708104, 0.1011116132867529, 0.8988883836352891, 0.1011116133158853, 0.10111162633194935]
w_opt: [0.5258473158183057, 0.10111161277154285, 0.5258473158054804, 1.3909109115134536e-8, 0.101111612822075, 6.181211265103808e-10, 0.42473569955653695, 4.269384009119514e-11, 0.10111162627722657, 5.699909493638062e-11, 0.8988883755001148, 4.552983637089153e-11, 0.10111161282423395, 1.5352247400402374e-11, 0.8988883755102016, 1.8284338008434836e-11, 1.8793994572984286e-9, 0.10111161275741601, 0.10111161261617267, 0.10111161259217333, 0.10111161275030799, 1.1144369993338512e-9, 2.887392469427377e-11, 9.627046436354865e-11, 2.837977285609992e-9, 8.120621348683785e-10, 0.10111161296544907, 0.8988883835135949, 1.0061068843945812e-10, 0.10111162630575143, 5.6741541480064124e-11, 0.10111161301122196, 1.913342453197721e-10, 5.073139598241553e-11, 2.7313844848530044e-11, 1.2952737915393028e-11, 3.038912768353569e-11, 0.1011116128297374, 1.026645714124646e-9, 1.3395982159794073e-10, 0.10111161325796235, 1.4007353250054685e-11, 4.6496312446236215e-11, 0.10111162624530472, 0.1011116132318614]
v_opt: [0.010223623384225234, 0.10111161328253725]
solution time: 0.006368875503540039
McCormick lower bound: -2.4289323276955397

