x_opt: [0.36225568420993143, 0.637744314774678, 0.2239031119166148, 0.7760968876092318, 0.3622556848176502, 0.22390311378851444, 0.2239031118439147, 0.6377443148101145, 0.22390311170156424, 0.3622556849719096]
w_opt: [0.3622556840498928, 0.22390311186603504, 0.36225568413905884, 1.5248313870044823e-8, 0.22390311360830142, 6.282770488612455e-9, 4.124592736361258e-9, 5.325567185330791e-11, 0.362255682682226, 1.6297511977413954e-10, 0.6377443146651163, 2.362342774902614e-10, 0.2239031137420861, 4.2909603663735224e-11, 0.6377443143996224, 4.753467000539907e-11, 8.87080780218802e-11, 0.2239031118571361, 0.2239031116846778, 0.2239031116822488, 0.223903111741596, 5.791417959348675e-10, 6.693224273485178e-11, 1.4050333061801417e-10, 0.13835257259417402, 2.8782235193987993e-9, 0.22390311138676783, 0.6377443146050911, 7.533306083883622e-10, 0.3622556848404314, 1.6348951732688122e-10, 0.22390311155730622, 3.260434085527329e-10, 8.200915725005852e-11, 8.678634762324534e-11, 1.1081426766416535e-10, 9.53348007734298e-11, 0.2239031115194145, 1.561603218971424e-9, 3.122581961094281e-10, 0.2239031115258714, 6.2478512495681e-11, 1.424038491795686e-10, 0.36225568460426816, 0.22390311148696052]
v_opt: [0.05013272350654939, 0.22390311159739792]
solution time: 0.004940986633300781
McCormick lower bound: -1.9353447755356665

