x_opt: [0.5258474072144941, 0.8988875830841168, 0.10111143694640179, 0.8988885521588048, 0.10111145990299258, 0.10111144440494953, 0.10111144569604041, 0.8988885396642518, 0.1011114454822586, 0.1011124184785124]
w_opt: [0.5258474066454277, 0.1011114365082761, 0.5258474064273311, 4.654205041872435e-8, 0.10111144359388691, 6.7999032968120975e-9, 0.4247359478421337, 8.784349461742915e-10, 0.10111241703141215, 1.3965056614946288e-9, 0.8988875822821305, 1.2017514589063338e-9, 0.10111144355587762, 4.234228520293882e-10, 0.8988875824959555, 4.689284830670978e-10, 2.16704226181561e-9, 0.10111143615870165, 0.1011114345629171, 0.10111143458466446, 0.10111143618855163, 6.536712972653586e-9, 6.840684257184812e-10, 1.717014479739873e-9, 1.3173803929694981e-8, 1.0376516482271052e-8, 0.10111144148353156, 0.8988885378033399, 1.8369461895952305e-9, 0.10111241777896117, 1.2021946921061763e-9, 0.10111144256670061, 1.631624507095726e-9, 9.04789845905516e-10, 6.067685761646045e-10, 4.1786456153900395e-10, 7.600979768500598e-10, 0.10111144351105415, 9.495420834636549e-9, 1.8677103596388413e-9, 0.10111144435606638, 4.138047490192312e-10, 9.201034270959231e-10, 0.10111241622691947, 0.10111144354842735]
v_opt: [0.010223888793866287, 0.101111444608681]
solution time: 0.005548954010009766
McCormick lower bound: -2.125201630580457

