x_opt: [0.36225613332132167, 0.6377438571746428, 0.22390263286718132, 0.7760973047625888, 0.36225498363509456, 0.22390266672755577, 0.22390266386295554, 0.6377450094035635, 0.22390266394951333, 0.36225614621840274]
w_opt: [0.36225613003239787, 0.2239026315670363, 0.3622561310513428, 2.149800304580638e-7, 0.2239026614649094, 7.043591551315473e-8, 1.1529089428944397e-6, 1.7438429400516718e-9, 0.36225611981277794, 5.186181246845332e-9, 0.6377438533592503, 5.978340152419468e-9, 0.2239026651613408, 1.5123538799779006e-9, 0.6377438522297885, 1.1636716544896072e-9, 7.609210512888925e-9, 0.2239026303427462, 0.22390262698299415, 0.22390262163701155, 0.2239026308205044, 1.6469254158349244e-8, 1.909118048118458e-9, 4.69861015074187e-9, 0.1383522934980548, 9.666774700448701e-8, 0.22390264587557515, 0.6377450019388008, 5.8663088192395595e-9, 0.3622561434881486, 4.757659611309583e-9, 0.22390265010980212, 6.747778580432468e-9, 2.878936777185593e-9, 2.8669017285172156e-9, 2.4306893626513203e-9, 2.370414383078519e-9, 0.22390265867686526, 4.3351101099293276e-8, 8.316889541457926e-9, 0.2239026585891462, 1.7576188312868154e-9, 4.517366280001052e-9, 0.362256136256602, 0.22390265340003174]
v_opt: [0.05013247179031279, 0.22390266109645007]
solution time: 0.005270957946777344
McCormick lower bound: -1.4753455827524848

