x_opt: [0.5384150417816083, 0.5384150823462961, 6.671555583933342e-7, 0.9074846571621613, 0.09982182786852083, 0.09251533976090168, 0.0925153419084389, 0.9001781717739823, 0.09251534144081992, 0.4615849180172661]
w_opt: [0.5384150415574324, 6.669860766849697e-7, 0.5384150414132273, 1.8494967703548075e-8, 0.09251533942255, 2.8484878114317486e-9, 0.438593213918871, 3.8187238005412315e-10, 0.46158491736950064, 5.166963568166918e-10, 0.5384150819710791, 5.577744675697819e-10, 0.09251533936471708, 1.6236354430918695e-10, 0.5384150820898356, 1.8381994549817361e-10, 6.395430693256442e-10, 6.667964244061234e-7, 6.66251879321318e-7, 6.662498890930844e-7, 6.668443061464305e-7, 1.8909620240281754e-9, 2.7984056584072163e-10, 6.915086715027918e-10, 0.007306485449865743, 3.734946657861257e-9, 0.09251533999759656, 0.9001781710535903, 6.78237703401346e-10, 0.4615849177367493, 4.848816237362018e-10, 0.09251534048996153, 5.202704386033818e-10, 3.760196315193028e-10, 2.8749918442945143e-10, 1.6354038790797577e-10, 2.780392032243072e-10, 0.09251533945721799, 3.5320826897937357e-9, 7.394112151534356e-10, 0.09251534093947758, 1.6184727792990576e-10, 4.0738487040155553e-10, 0.4615849169892788, 0.092515340632291]
v_opt: [0.008559333699544196, 0.0925153410938333]
solution time: 0.006325960159301758
McCormick lower bound: -1.8583837252528033

