x_opt: [0.5258473117406492, 0.8988883730883079, 0.10111161825278024, 0.8988883874954219, 0.10111162160651899, 0.10111161545071796, 0.10111161812813153, 0.8988883794487826, 0.10111161512985176, 0.10111163002644849]
w_opt: [0.5258473116123066, 0.10111161814508506, 0.5258473115901859, 5.601370901756793e-8, 0.10111161524871151, 1.934384930092084e-9, 0.424735691561521, 2.180994404169225e-10, 0.10111162975268129, 6.45109012578772e-10, 0.8988883729525812, 1.9435595192226692e-10, 0.10111161527893169, 1.0645130782078195e-10, 0.8988883729802809, 1.4247232464053806e-10, 3.2106561069933217e-9, 0.10111161812878611, 0.10111161700423595, 0.10111161513039015, 0.10111161803373113, 8.60690682484203e-9, 1.6614784392548794e-10, 5.449820334674597e-10, 9.47482420193924e-9, 7.2225068959802475e-9, 0.1011116170900662, 0.898888378918065, 3.270778775882516e-9, 0.10111162984010648, 3.405727946897642e-10, 0.1011116174957194, 1.3939373774307631e-9, 2.585543850235371e-10, 1.4261754154842076e-10, 9.6605794892958e-11, 2.771166564358239e-10, 0.10111161481477692, 4.614236858697332e-9, 9.490886840631389e-10, 0.10111161498288608, 9.540954229099355e-11, 2.541793163588228e-10, 0.10111162957358487, 0.10111161460331836]
v_opt: [0.010223603796429335, 0.1011116148859957]
solution time: 0.0057489871978759766
McCormick lower bound: -3.9632669255472273

