x_opt: [0.5258472881836952, 0.8988883438648967, 0.10111165185998217, 0.8988883845711944, 0.10111165500735178, 0.10111162808830655, 0.10111165348657253, 0.8988883498093029, 0.1011116272176793, 0.10111165700183646]
w_opt: [0.525847287525988, 0.10111165132505452, 0.5258472875336822, 3.055311816446812e-8, 0.10111162719746683, 4.7305111088608505e-9, 0.4247356393136061, 9.195897080252344e-10, 0.10111165561519263, 3.2135290484107688e-9, 0.8988883433029002, 1.2214375218033497e-9, 0.10111162737343554, 5.695010624412845e-10, 0.8988883433603281, 6.517708220530565e-10, 1.5199169770655702e-9, 0.10111165134820138, 0.1011116479796961, 0.10111162697317881, 0.10111165105784164, 1.5166355731752937e-8, 7.16418041849541e-10, 2.0578860138108865e-9, 4.0955855646827144e-8, 2.4704720502438052e-8, 0.10111165092157783, 0.8988883480433175, 1.3413758148743948e-8, 0.10111165611763259, 1.4020400706038368e-9, 0.10111165070627402, 5.7412729633691165e-9, 9.40567084827199e-10, 4.817722590321092e-10, 4.39731601896715e-10, 1.0858995001441743e-9, 0.10111162597209065, 1.1665777679705061e-8, 5.653449315664422e-9, 0.1011116265311793, 4.641103166014459e-10, 8.09188203932537e-10, 0.1011116551645049, 0.10111162538565384]
v_opt: [0.01022359739015504, 0.10111162609970996]
solution time: 0.004585981369018555
McCormick lower bound: -4.924367108258421

