x_opt: [0.5000000000497239, 0.500000001062091, 0.09151944918149342, 0.9084805509090106, 0.15614499744742733, 0.09151944916564327, 0.13784484277452744, 0.8438550025908425, 0.0915194491639185, 0.49999999978976106]
w_opt: [0.5000000000211173, 0.09151944917035301, 0.5000000000353092, 3.692235221334457e-10, 0.09151944914864898, 1.6370047944686415e-10, 0.34385500269280467, 1.6507388959681965e-11, 0.49999999969319114, 3.157100200662977e-11, 0.5000000010445447, 1.2901620209086367e-10, 0.09151944915067782, 1.1732269167866126e-11, 0.5000000010416198, 1.021647307379342e-11, 8.778344183961294e-10, 0.09151944916093395, 0.09151944914278429, 0.09151944910240259, 0.0915194491689683, 8.70910457532939e-11, 1.523039740504372e-11, 3.766363392743689e-11, 0.06462554838156137, 3.4483899303367587e-10, 0.1378448426686359, 0.8438550025310286, 9.240775743776178e-11, 0.49999999977477594, 2.762250889525952e-11, 0.1378448427286666, 6.864747154762129e-11, 1.9898562846335208e-11, 1.1471252606104224e-11, 1.1637953284618346e-11, 1.8542883021995416e-11, 0.09151944913435715, 1.685890692531402e-10, 4.499555405928047e-11, 0.09151944914412141, 1.08746160211565e-11, 1.736542414522599e-11, 0.4999999997368633, 0.0915194491153217]
v_opt: [0.019001277856356222, 0.09151944914216134]
solution time: 0.005754947662353516
McCormick lower bound: -1.8879875775466406

