x_opt: [0.5258454356445884, 0.8988850594478448, 0.1011149310333504, 0.8988876980705113, 0.10111493982878442, 0.10111237530694649, 0.10111493630972042, 0.8988850681768411, 0.10111237204913152, 0.10111494074822076]
w_opt: [0.5258454345216944, 0.10111493020019177, 0.5258454347199425, 1.2195356789080134e-7, 0.10111237400393831, 8.156129513454196e-9, 0.4247305060407688, 1.1497700729646554e-9, 0.10111493898411471, 4.522932085253322e-9, 0.8988850586108738, 1.883521473385474e-9, 0.10111237438294073, 8.517880470431232e-10, 0.8988850586160545, 8.988782311262551e-10, 1.369673872233127e-9, 0.1011149302692734, 0.10111492679636985, 0.1011123737323763, 0.10111493005018812, 2.360360549403231e-8, 1.0428468801908084e-9, 2.731988361555574e-9, 2.6398064955114597e-6, 9.058128859020866e-8, 0.10111493239928389, 0.8988850658267628, 7.201724516505378e-8, 0.1011149393952348, 2.0320035446797843e-9, 0.10111493259386795, 9.301285935098923e-9, 1.3184758063735276e-9, 6.929569115465276e-10, 7.515678016104845e-10, 1.5493035987805045e-9, 0.1011123705183394, 2.180524799577238e-8, 9.805406979591715e-9, 0.10111237097905161, 7.424996390758944e-10, 1.1091049955107227e-9, 0.10111493794196941, 0.10111236949586219]
v_opt: [0.010224880483364068, 0.1011123702991636]
solution time: 0.0051920413970947266
McCormick lower bound: -4.516483535615562

