x_opt: [0.4999951225556706, 0.5000058553733393, 0.08101822104993817, 0.9189726542364884, 0.136832750321833, 0.08102705753021615, 0.08103927109259183, 0.8631672021785971, 0.081027168916418, 0.4999943588382712]
w_opt: [0.4999950871175134, 0.08101819786468918, 0.49999508740782417, 3.6215922492611143e-6, 0.08102701967375987, 4.1029141704031137e-7, 0.3631623756560633, 3.9104940803576953e-8, 0.49999426384026807, 6.522438519099483e-8, 0.5000058145301707, 7.116312757156293e-8, 0.0810270197275213, 2.3523104785901003e-8, 0.5000058220859346, 2.2520816042776568e-8, 2.480792811811379e-7, 0.08101817405396919, 0.08101812706283652, 0.08101811884939125, 0.08101819021994104, 2.3056125045048558e-7, 3.458299146887938e-8, 8.328857314373822e-8, 0.055805453201891723, 6.075095528019378e-7, 0.08103900033896602, 0.8631671111279478, 7.818257778192598e-8, 0.499994325708292, 5.883404305388149e-8, 0.08103909430751453, 7.000813777938037e-8, 4.440323933194739e-8, 2.7524403435524815e-8, 2.3571235221594167e-8, 3.747550848926465e-8, 0.08102701336945266, 5.248077012556336e-7, 8.390644346457579e-8, 0.08102712091102283, 2.240473145278269e-8, 3.9340468255208496e-8, 0.4999942538512449, 0.08102706520854726]
v_opt: [0.006568253607846071, 0.08102712235502493]
solution time: 0.0060558319091796875
McCormick lower bound: -1.8362888354273263

