x_opt: [0.5150738502761565, 0.891667440374766, 0.10833255955393487, 0.9036314448452427, 0.10833255962511046, 0.10833254947391939, 0.10833255959820633, 0.8916674404952694, 0.10833254929052737, 0.1083325596169277]
w_opt: [0.5150738502622907, 0.10833255954078753, 0.5150738502643437, 1.3304269794693373e-9, 0.10833254945264113, 1.285221093399235e-10, 0.4067412908044022, 1.6525357037198023e-11, 0.10833255958853026, 8.96939503377018e-11, 0.8916674403621303, 3.414018960050885e-11, 0.10833254946066671, 1.5351248041920325e-11, 0.8916674403615699, 1.4497476041376058e-11, 2.0828804320192957e-11, 0.10833255954328602, 0.10833255947056937, 0.10833254945196588, 0.10833255953814783, 3.7244873878346885e-10, 1.5932216169223527e-11, 4.0835477329909954e-11, 0.011964004500153738, 0.011963994496427169, 0.10833255954406712, 0.891667440460071, 0.011963994165182967, 0.10833255959294853, 3.2080518683325744e-11, 0.10833255954045719, 1.382270160294241e-10, 1.9252811441412073e-11, 1.0725417820696197e-11, 1.2889837829270093e-11, 2.4530865483746124e-11, 0.10833254927131349, 3.2423229517225934e-10, 1.4878317102019104e-10, 0.10833254927549356, 1.225405749782055e-11, 1.7924427404132663e-11, 0.10833255957026487, 0.1083325492612164]
v_opt: [0.01173605773056212, 0.10833254926592362]
solution time: 0.005153179168701172
McCormick lower bound: -5.650143881795507

