x_opt: [0.5258463371848331, 0.8988877155094471, 0.10111227967854557, 0.8988888117813758, 0.10111228144787085, 0.10111226889047689, 0.1011122797119846, 0.8988877212062869, 0.10111226306593657, 0.10111228571604415]
w_opt: [0.5258463363528019, 0.10111227906867713, 0.5258463364655962, 1.425026073638673e-7, 0.10111226783915822, 7.596496110468644e-9, 0.4247340602492274, 8.045532083199971e-10, 0.10111228438456811, 5.73863874627767e-9, 0.8988877148945422, 1.440316764278278e-9, 0.10111226824665041, 6.109015149330036e-10, 0.8988877148874284, 7.115932666273066e-10, 2.3092965471849774e-9, 0.10111227918754383, 0.10111227346946382, 0.10111226767458562, 0.10111227842977247, 2.5056145872721583e-8, 7.417245217230177e-10, 1.9515702900440974e-9, 1.0948853349803354e-6, 1.0916916458892094e-6, 0.10111227690652366, 0.8988877193974304, 1.0766888797319866e-6, 0.10111228452591421, 1.574656673814983e-9, 0.10111227613936073, 3.5692621160586755e-9, 9.514879808368587e-10, 5.354696223375082e-10, 5.630229727082449e-10, 1.5522237450845659e-9, 0.10111226171029933, 2.247407541254409e-8, 8.63219177567545e-9, 0.10111226229244549, 5.361322125327174e-10, 1.0463425011995375e-9, 0.10111228330173523, 0.10111226104543267]
v_opt: [0.010224036103790768, 0.10111226174207845]
solution time: 0.004648923873901367
McCormick lower bound: -5.705898087216219

