x_opt: [0.3685366266542308, 0.6314638422380725, 0.3014356982855923, 0.8086574534164472, 0.36853615566710995, 0.19134255371832387, 0.3014356995836517, 0.631463844526086, 0.19134255011127976, 0.3685361590246459]
w_opt: [0.36853662636995305, 0.30143569811143023, 0.3685366264609145, 8.585955879502464e-9, 0.1913425534616422, 2.1238660421135418e-9, 4.715068183932321e-7, 2.1386169662822162e-10, 0.36853615865224226, 5.093191283167173e-10, 0.6314638420266034, 3.8741263832863585e-10, 0.1913425535326634, 1.7347447583874088e-10, 0.6314638420156907, 1.6775378595484e-10, 1.537525589835596e-9, 0.3014356980769368, 0.30143569770519923, 0.1913425532639305, 0.3014356980727195, 1.6374788594226208e-9, 2.2179213037062623e-10, 5.230175316388459e-10, 0.1771936094708094, 1.1106236250901273e-8, 0.301435698531551, 0.6314638438959164, 3.8953085319210225e-9, 0.36853615876628315, 4.046959587670367e-10, 0.30143569888051563, 5.699359716309514e-10, 2.6622736922850424e-10, 1.4839446453251772e-10, 1.9594262128044099e-10, 3.136294028168574e-10, 0.19134254983454457, 3.7744864393266156e-9, 6.249243139733384e-10, 0.19134254981583484, 1.742248992622204e-10, 2.3452985509017664e-10, 0.36853615839822285, 0.19134254950603352]
v_opt: [0.09086363227159461, 0.19134254974234302]
solution time: 0.004063844680786133
McCormick lower bound: -2.749049287700132

