x_opt: [0.742987706783471, 0.7907410433190866, 1.0113877809481076e-8, 0.9999999657488428, 0.2092589559522585, 9.454486286694331e-9, 0.20925895532171104, 0.7907410467925922, 1.018436122894939e-8, 0.7429882230019077]
w_opt: [0.7429877065322978, 9.924469180123287e-9, 0.7429877066324175, 1.1842722788860637e-7, 9.249696573851179e-9, 2.015632245251903e-9, 0.5337287540708369, 2.4418023650031723e-10, 0.7429877062955338, 4.860667744137254e-10, 0.790741043152324, 4.733190008090615e-10, 9.258300789465828e-9, 3.7227945919660947e-10, 0.7907410431436658, 1.6430578781280282e-10, 0.5337292665536798, 9.86489858084304e-9, 9.650010234945466e-9, 8.856166296643594e-9, 9.971990946109592e-9, 1.543897828701355e-9, 2.2079797573127944e-10, 6.354421765815217e-10, 0.20925892198502014, 3.0472802076886644e-9, 0.2092589541853785, 0.7907410462509068, 3.6784853401893434e-10, 0.7429882228095838, 3.728856632392906e-10, 0.20925895393266594, 3.1792972941930154e-9, 2.959993285538442e-10, 1.1895678807674773e-10, 1.556747869042904e-10, 3.0746639765369275e-10, 9.076614187801311e-9, 2.788752977594354e-9, 2.783626864253339e-9, 9.911448331074394e-9, 1.700496471589929e-10, 1.6025063293423406e-10, 0.7429882225314968, 9.5515593641884e-9]
v_opt: [0.04378933150756423, 9.87459236219505e-9]
solution time: 0.008157968521118164
McCormick lower bound: -2.8889435379139883

