x_opt: [0.5258451473294873, 0.8988849093172885, 0.10111326147825919, 0.8988868366104792, 0.1011150433805353, 0.10111322944655676, 0.10111327811201903, 0.8988849784092781, 0.10111322156317631, 0.10111509120741868]
w_opt: [0.5258451431981905, 0.10111325851409231, 0.5258451428157416, 1.2334748957020067e-6, 0.101113224423059, 6.721245168320696e-8, 0.4247301379985867, 5.069911912294453e-9, 0.10111508031129077, 1.0866885105810582e-8, 0.8988849046431112, 1.2136914970531599e-8, 0.10111322503311922, 2.8794393224371334e-9, 0.8988849051813999, 3.264123371832606e-9, 1.6727401241541993e-8, 0.10111325745388154, 0.10111324726879595, 0.10111321959457209, 0.10111325752237942, 5.47409470064983e-8, 4.318501353532749e-9, 1.1315760429157604e-8, 1.8907461276385795e-6, 1.3240197214514222e-7, 0.10111325089223198, 0.8988849560516452, 7.705669536334643e-8, 0.10111508605209558, 8.408763961668341e-9, 0.10111325828450383, 3.093964005874809e-8, 5.946410314638565e-9, 4.123840669602884e-9, 2.981934214234768e-9, 5.193222410211992e-9, 0.10111320826715793, 5.98215046964827e-8, 2.1072474669906067e-8, 0.10111321632317162, 2.889447101773987e-9, 5.532342469462184e-9, 0.10111507668575602, 0.10111320900474685]
v_opt: [0.010225900271151177, 0.10111321516912351]
solution time: 0.006418943405151367
McCormick lower bound: -2.7659694786885742

