x_opt: [0.5258444995082344, 0.8988840915503175, 0.10111430068499068, 0.8988870479458058, 0.10111584427751175, 0.10111347318406058, 0.10111439899014556, 0.8988843057683795, 0.10111354514985896, 0.10111588488026446]
w_opt: [0.5258444854770261, 0.10111428956283922, 0.5258444789821844, 5.583836801168591e-6, 0.10111344899959647, 2.1029028732854073e-7, 0.42472883225479385, 2.3862685142672485e-8, 0.101115830243773, 5.170793597416958e-8, 0.8988840730687918, 6.21972508672855e-8, 0.10111345285791208, 1.1137056608960726e-8, 0.8988840762419035, 1.3776084803722079e-8, 4.763764894375687e-8, 0.10111428711709108, 0.10111410825590605, 0.10111343966776552, 0.10111428151213855, 5.97279260687933e-7, 1.74925407260672e-8, 4.77990838712106e-8, 2.958695480269032e-6, 5.661791731038923e-7, 0.10111430710587818, 0.8988842327999462, 6.263551840906796e-7, 0.10111586277036633, 3.553514977849892e-8, 0.10111421145408754, 1.853083537242198e-7, 2.592492710425487e-8, 1.9701238018403103e-8, 9.948033997478034e-9, 2.2638089482503e-8, 0.10111344058896753, 3.27796953192633e-7, 1.2507915336060136e-7, 0.101113528715292, 1.0263583408397003e-8, 3.388563500862183e-8, 0.1011158225528204, 0.10111349379683567]
v_opt: [0.010224171835438875, 0.10111352044387494]
solution time: 0.0052030086517333984
McCormick lower bound: -3.4197024287886664

