x_opt: [0.4901422022254408, 0.8749568939141452, 0.12504310584127526, 0.9146076650040622, 0.12504310603663912, 0.12504302500392214, 0.12504310599080035, 0.8749568941408169, 0.1250430246441283, 0.12504310605434288]
w_opt: [0.49014220217524973, 0.12504310580811243, 0.4901422021865398, 6.0180118823938546e-9, 0.12504302494837613, 3.635393604576346e-10, 0.3650990964558068, 4.222344212797414e-11, 0.12504310598291596, 1.8249465459496275e-10, 0.8749568938796879, 9.067526962031103e-11, 0.12504302496908115, 3.5917459166665446e-11, 0.8749568938769724, 3.5411683378613445e-11, 5.316584825473623e-11, 0.1250431058123075, 0.12504310567140214, 0.12504302494414452, 0.12504310579990702, 9.587634115092417e-10, 4.104277577154956e-11, 1.0123656131076563e-10, 0.03965077111836713, 0.039650690363087916, 0.1250431058424462, 0.8749568940515707, 0.039650689715031585, 0.12504310599314925, 8.148628187381293e-11, 0.12504310585974812, 2.250717352264344e-10, 4.948877661879331e-11, 2.9102129441129077e-11, 3.379792170616451e-11, 6.00922899917067e-11, 0.1250430245797185, 7.799273577657372e-10, 2.6924531699636566e-10, 0.12504302460132494, 3.140866460426495e-11, 4.762424618014114e-11, 0.12504310592720785, 0.12504302455168256]
v_opt: [0.015635857816097498, 0.12504302457149552]
solution time: 0.004619121551513672
McCormick lower bound: -4.838805584038307

