x_opt: [0.525847300146491, 0.8988883632488046, 0.10111163429818909, 0.8988883867201716, 0.10111163577115057, 0.10111162279784373, 0.10111163521349752, 0.8988883675664195, 0.10111162005446914, 0.1011116362700811]
w_opt: [0.5258472997675545, 0.10111163402754851, 0.5258472998368495, 7.422374731363589e-8, 0.10111162234781085, 2.7665654318705457e-9, 0.42473566857849215, 3.6667540342083355e-10, 0.10111163550818411, 1.8001585186430054e-9, 0.8988883629843797, 6.562563700854682e-10, 0.10111162250609496, 4.4292098393370143e-10, 0.8988883629912601, 3.2220300317216456e-10, 4.190939111953706e-10, 0.10111163407610695, 0.10111163206942637, 0.10111162230992472, 0.10111163385082403, 9.360040340300845e-9, 3.35860276234559e-10, 9.170377297542173e-10, 2.318794876448361e-8, 1.581684026344124e-8, 0.1011116340418223, 0.8988883668789555, 7.355013756707997e-9, 0.1011116357791913, 6.914027107066325e-10, 0.10111163319558361, 3.7241402950301177e-9, 4.169738628656848e-10, 2.2985998905204402e-10, 2.5099014910460286e-10, 5.355213518121917e-10, 0.10111161940585266, 1.0212590831037638e-8, 4.253346158221641e-9, 0.10111161970379545, 2.458709134072953e-10, 3.9584968773254336e-10, 0.10111163526359722, 0.1011116192157441]
v_opt: [0.010223601875757687, 0.10111161946721799]
solution time: 0.005105018615722656
McCormick lower bound: -5.778448116419378

