x_opt: [0.667209820139056, 0.9967034982359277, 0.003296500920104166, 0.9967035001272251, 0.003296501191311586, 0.0032964996650922083, 0.003296501277990971, 0.9967034993966565, 0.0032964997699629077, 0.18831336374523552]
w_opt: [0.6672098200430603, 0.0032965008307888283, 0.6672098200314465, 4.5458157521978915e-9, 0.003296499525757778, 7.089900362928207e-10, 0.6639133197416778, 2.0549997952534317e-10, 0.1883133635137553, 4.5727689990399177e-10, 0.9967034981417962, 1.7388574465410913e-10, 0.0032964995143841113, 1.0671870315186648e-10, 0.9967034981598283, 1.1189615874365394e-10, 0.18501686205983542, 0.0032965008194739773, 0.003296500282845497, 0.0032964994465420954, 0.00329650079425429, 2.760426976012166e-9, 1.2815684594503152e-10, 4.396191991859388e-10, 1.5294044489674146e-9, 2.078841367477853e-9, 0.0032965007809355263, 0.9967034990562869, 3.608980532478168e-10, 0.18831336361863993, 2.412281533561284e-10, 0.0032965006608925147, 7.830360543357633e-10, 1.8377913866330535e-10, 7.901680223426427e-11, 6.40425974181554e-11, 1.8650982871422785e-10, 0.0032964994645879103, 2.0793931507497073e-9, 9.94539689284286e-10, 0.003296499653998675, 7.303642063145806e-11, 1.2499405587600037e-10, 0.18831336347004726, 0.003296499456010404]
v_opt: [1.2443253305608466e-5, 0.003296499592721323]
solution time: 0.0060350894927978516
McCormick lower bound: -4.287642226895164

