x_opt: [0.525813876285639, 0.8988659726341763, 0.10113402724737995, 0.8989031089742362, 0.10113402734636193, 0.10113402636108035, 0.10113402726469259, 0.8988659727708777, 0.10113402617115717, 0.10113402736161359]
w_opt: [0.5258138762658373, 0.1011340272252058, 0.5258138762843414, 1.0630796330447669e-9, 0.10113402632690877, 2.0015124538770208e-10, 0.4246798491457382, 2.740309886078813e-11, 0.10113402731754803, 1.4477104410733037e-10, 0.898865972614481, 4.7256986267132866e-11, 0.10113402634116271, 2.0922727408141094e-11, 0.8988659726142784, 2.4703069412246303e-11, 3.612676901020286e-11, 0.10113402722906611, 0.10113402710258683, 0.10113402632570047, 0.10113402720490008, 5.418998569683692e-10, 2.56203109819476e-11, 6.454707622226094e-11, 3.713637368322033e-5, 3.7135654579258624e-5, 0.10113402717895692, 0.8988659727105898, 3.713518898163361e-5, 0.10113402731949049, 5.183742104503174e-11, 0.1011340271823973, 1.4616410809564757e-10, 3.1046870072305125e-11, 1.8020693256444407e-11, 2.013239478053185e-11, 4.4452593154358704e-11, 0.10113402612935088, 4.2739452844807333e-10, 1.5494093456413787e-10, 0.10113402614016671, 1.925062223905072e-11, 3.2522347365800876e-11, 0.10113402728316012, 0.10113402609756438]
v_opt: [0.010228370751683022, 0.10113402612677788]
solution time: 0.005994081497192383
McCormick lower bound: -6.081397430902024

