x_opt: [0.3622557619532403, 0.6377445017741142, 0.2239030697804715, 0.7760969981528262, 0.3622554997861289, 0.22390306754189204, 0.22390306501501497, 0.6377444978783157, 0.22390299799283256, 0.36225544910720114]
w_opt: [0.3622557588135196, 0.22390306751723443, 0.362255759025644, 1.547934583118188e-6, 0.22390306078340294, 2.9116729770070644e-7, 3.210389593612015e-7, 1.987338911170585e-9, 0.36225539805937906, 5.851238702917286e-9, 0.6377444993007413, 1.0780023725690632e-8, 0.22390306572466587, 1.2782068297158875e-9, 0.6377444953337188, 1.6149832334963277e-9, 1.929366742381677e-9, 0.22390306799509335, 0.22390306245241973, 0.2239030632895941, 0.22390306319237693, 1.4202737600441735e-8, 2.457869459587328e-9, 6.568091672715574e-9, 0.13835250066716334, 8.492703839673568e-8, 0.22390303949583348, 0.6377444941380765, 2.8468475308140332e-8, 0.36225544369911244, 6.947199372216502e-9, 0.22390305721691256, 8.166191273271887e-9, 3.6723281956684027e-9, 3.648284765524719e-9, 2.720795848828352e-9, 2.211241655348114e-9, 0.22390299009574763, 1.211517393320193e-7, 1.2720545917104902e-8, 0.2239029955402885, 1.8127381025447404e-9, 3.3313735258584833e-9, 0.3622554314453466, 0.22390299291402044]
v_opt: [0.050132601284647166, 0.22390299330321392]
solution time: 0.004992008209228516
McCormick lower bound: -2.6673827746241345

