x_opt: [0.5258473080569894, 0.8988883728442916, 0.10111161954567148, 0.8988883814451378, 0.10111162647891418, 0.10111161938090822, 0.10111161945387556, 0.898888373425972, 0.10111161903984098, 0.1011116272678777]
w_opt: [0.5258473079812248, 0.10111161948206393, 0.5258473079557356, 3.69101368997285e-8, 0.10111161925216126, 1.4888055154738131e-9, 0.4247356815926328, 1.0767280400290396e-10, 0.10111162708518567, 3.941904344736896e-10, 0.898888372757536, 1.2233682487331526e-10, 0.10111161928987264, 5.322670498788753e-11, 0.8988883727752862, 8.209650546207177e-11, 1.8104647842277869e-10, 0.10111161948221124, 0.10111161889461134, 0.10111161919552131, 0.10111161937635275, 3.840943672291155e-9, 8.736596571264587e-11, 2.34374871374286e-10, 8.121676493083118e-9, 2.748099631112054e-9, 0.101111619044824, 0.8988883732348628, 7.80010986274279e-10, 0.10111162713731994, 1.8451362943316586e-10, 0.10111161909187388, 1.1932255844933102e-10, 1.2197213285029887e-10, 8.470235703485745e-11, 5.631690343975852e-11, 1.4137920277369824e-10, 0.10111161889645395, 2.8406976849126723e-9, 7.051949009307068e-10, 0.10111161894506791, 5.4180400630972995e-11, 1.8224598861487158e-10, 0.1011116269288313, 0.10111161873484277]
v_opt: [0.010223590641283671, 0.1011116189073046]
solution time: 0.005090951919555664
McCormick lower bound: -4.034987028126568

