x_opt: [0.5258473165430485, 0.8988883833227042, 0.10111161275055326, 0.8988883871802981, 0.10111161352247458, 0.10111161275736635, 0.10111161274342212, 0.8988883864170553, 0.10111161276829769, 0.10111161681139724]
w_opt: [0.5258473165272665, 0.1011116127382718, 0.5258473165173029, 7.973952435056583e-9, 0.10111161272385777, 3.5532932431653545e-10, 0.42473570298880436, 3.066169702714276e-11, 0.10111161676981162, 5.3040428372447396e-11, 0.8988883832983636, 3.4700177097326316e-11, 0.10111161272883108, 1.1994892030788524e-11, 0.8988883833066386, 1.5446428338474566e-11, 1.533341610211175e-10, 0.10111161273031626, 0.10111161263282015, 0.10111161264921498, 0.10111161272069588, 6.239394212654934e-10, 2.1450205269160587e-11, 5.95236418150575e-11, 7.470015992402649e-10, 4.0333969244421246e-10, 0.10111161258346979, 0.8988883863491167, 5.5833098358028657e-11, 0.10111161678868279, 4.219644828662298e-11, 0.1011116126278355, 3.639135356363897e-11, 3.374420321380681e-11, 2.5116506388402862e-11, 1.1143156101759202e-11, 2.4611943505851108e-11, 0.10111161272306607, 4.1691517998034565e-10, 7.058762531571243e-11, 0.1011116127344389, 1.1723913599491203e-11, 3.433265281478462e-11, 0.1011116167430495, 0.10111161269700322]
v_opt: [0.01022356450947749, 0.10111161274155378]
solution time: 0.005522012710571289
McCormick lower bound: -2.5978108112749196

