x_opt: [0.3193526049910232, 0.680647401422867, 0.31935251362437134, 0.9506478364140732, 0.319352592410428, 0.3193525115648252, 0.3193525147513522, 0.6806474078762014, 0.049352167750735206, 0.319352598577761]
w_opt: [0.31935260344000593, 0.3193525129385853, 0.3193526042442466, 4.359137662119866e-8, 0.31935251050319824, 1.1221598269058524e-8, 1.5232747768552562e-8, 6.404143997893709e-10, 0.3193525969249372, 2.4715943263853065e-9, 0.680647400550358, 1.504873822172929e-9, 0.3193525109856242, 6.118819999286718e-10, 0.6806474001820336, 6.193879211666288e-10, 1.8884650865735595e-9, 0.3193525129540589, 0.3193525109353487, 0.31935250920582264, 0.319352512604843, 7.670035808384088e-9, 7.852168940972538e-10, 1.5943835752654376e-9, 0.27000043047465366, 0.27000035992620564, 0.31935251139086185, 0.680647405637699, 6.096802809452082e-9, 0.31935259737563254, 1.4685221897154596e-9, 0.3193525122326417, 1.7026819117691141e-9, 8.586508109565258e-10, 5.817796337449695e-10, 1.1276575775461677e-9, 1.3455216489455844e-9, 0.04935216669905032, 1.3149251880956582e-8, 2.7786977056688797e-9, 0.04935216651710035, 7.632120528158259e-10, 1.073561571854557e-9, 0.31935259568905217, 0.04935216567216486]
v_opt: [0.10198617434378231, 0.04935216621951792]
solution time: 0.0049228668212890625
McCormick lower bound: -2.890827023135888

