x_opt: [0.7474438001750443, 0.7776097765343235, 4.668648435946597e-8, 0.9999996226999049, 0.22239019861034115, 8.18080196121382e-8, 0.22239018874640626, 0.7776098043445495, 8.339140678030227e-8, 0.7776097957938746]
w_opt: [0.7474437983748254, 4.544497956321023e-8, 0.7474437990181084, 1.2804042296143958e-6, 8.038148695208713e-8, 1.6946461617068243e-8, 0.5250536077801428, 1.5969632192063125e-9, 0.7474437975256988, 2.761669086065508e-9, 0.777609775005807, 5.162859232651174e-9, 8.037649723364375e-8, 1.8102619799620444e-9, 0.7776097748912414, 1.0091573865713248e-9, 0.5552195743028457, 4.3887043497417794e-8, 4.37186789768436e-8, 4.1631073516284486e-8, 4.5643162124185736e-8, 7.154264314248605e-9, 1.52763456763297e-9, 3.751306565406182e-9, 0.22238982323784773, 1.741045329013901e-8, 0.2223901756914272, 0.7776097997597222, 2.2294526430143266e-9, 0.7776097945145347, 2.5594255422235584e-9, 0.22239017675840733, 7.563653032028764e-9, 2.0352336672785297e-9, 9.76280606113012e-10, 1.2285541686923429e-9, 1.9105715459557763e-9, 7.941912682708676e-8, 1.767457787567733e-8, 5.461840812540761e-9, 8.088609851013799e-8, 1.3179715826642894e-9, 1.2285350274265542e-9, 0.7776097908704385, 7.827404138562098e-8]
v_opt: [0.049457621511671296, 8.129400175382472e-8]
solution time: 0.0063860416412353516
McCormick lower bound: -1.8813490703947375

