x_opt: [0.3622559936300357, 0.6377446446113931, 0.22390284953008638, 0.7760971396627674, 0.362255192179816, 0.22390287649638838, 0.22390284281644934, 0.6377448281893755, 0.2239028496407093, 0.3622553619916315]
w_opt: [0.3622559901742471, 0.22390284803077373, 0.3622559905945011, 8.775120428090934e-7, 0.2239028722452435, 1.513845522905986e-7, 8.416650393896545e-7, 2.2563571013180926e-9, 0.3622553555398911, 4.301714490183356e-9, 0.6377446411199832, 2.416532838051583e-9, 0.2239028745602464, 1.3257645510653242e-9, 0.6377446425791976, 1.5937302721702388e-9, 8.473356179296487e-9, 0.22390284761572438, 0.22390284377490632, 0.22390284218280831, 0.22390283886518822, 1.69934848672488e-8, 2.1582735626549457e-9, 5.6320874658928355e-9, 0.13835233719818524, 4.156209635572111e-8, 0.2239028239853375, 0.6377448168138881, 3.679591999691567e-8, 0.36225535789510777, 5.810147068651055e-9, 0.2239028339440071, 2.6533986885051035e-8, 3.2926435051677006e-9, 5.728416926697055e-9, 2.2646411941719357e-9, 2.8775673507061157e-9, 0.22390284018484682, 4.534194599422951e-8, 1.3070409123382391e-8, 0.2239028415192372, 1.7684494312161658e-9, 4.780008015107279e-9, 0.36225535114097335, 0.2239028445084643]
v_opt: [0.05013250094147868, 0.22390284616248007]
solution time: 0.004384040832519531
McCormick lower bound: -2.2587206225385867

