x_opt: [0.5258500682455507, 0.8988902881973285, 0.10110970992011122, 0.8988902908940289, 0.10110970937199437, 0.10110970839634636, 0.10110970980674877, 0.898890290453197, 0.10110970839275626, 0.10111331220346094]
w_opt: [0.525850068169597, 0.10110970985250316, 0.525850068166574, 1.0443313198791254e-8, 0.10110970828935034, 6.710304624119051e-10, 0.4247403589284819, 1.4079773563564003e-10, 0.10111331192027337, 3.5556221285112705e-10, 0.8988902881212255, 1.3748702807040343e-10, 0.10110970829126081, 7.537761843945755e-11, 0.8988902881373102, 8.732773400339283e-11, 3.600451806945893e-6, 0.10110970984299983, 0.10110970897524105, 0.10110970806384098, 0.10110970974722207, 2.92477770621816e-9, 9.681671933893044e-11, 3.3201731891887774e-10, 5.335773376342919e-10, 1.3625083382786472e-9, 0.10110970934398515, 0.8988902897273796, 2.2898613565175453e-10, 0.10111331210491563, 1.935198066529383e-10, 0.10110970900590427, 1.3976376848997143e-10, 1.4598163534084917e-10, 6.305499569160956e-11, 5.2072038130866495e-11, 2.0098527232847906e-10, 0.10110970819399379, 1.901764029260836e-9, 1.2310668494005308e-9, 0.1011097082813921, 5.664749589335952e-11, 1.2809157558077034e-10, 0.10111331197106971, 0.10110970820736911]
v_opt: [0.010223264886459301, 0.10110970825496289]
solution time: 0.005813121795654297
McCormick lower bound: -3.9179134714046917

