x_opt: [0.7474438681351742, 0.7776099524907749, 4.5475702122228317e-10, 0.9999999933886992, 0.22239004457205297, 1.160967524799438e-9, 0.2223900448351963, 0.777609955107799, 1.1822546974356024e-9, 0.7776099548914619]
w_opt: [0.7474438681014399, 4.321220426822344e-10, 0.747443868110558, 1.8434784187592046e-9, 1.1331606522885176e-9, 3.2245229732586877e-10, 0.5250538232983826, 3.160712454354599e-11, 0.7474438680827225, 4.765022118295646e-11, 0.7776099524555709, 1.145213876562825e-10, 1.131068005245166e-9, 3.047050970710382e-11, 0.777609952456591, 1.8849013780603892e-11, 0.5552199074217627, 3.8528339808024034e-10, 3.9822014039304283e-10, 3.4083414836266094e-10, 4.3340602958652173e-10, 1.2707929242890738e-10, 2.951590152848135e-11, 6.653535228126469e-11, 0.222390037998333, 2.334689169191507e-10, 0.22239004445624275, 0.777609955008247, 4.302042630926918e-11, 0.7776099548666215, 4.8903931044568267e-11, 0.22239004418022656, 6.016599078625537e-11, 4.0031700427338916e-11, 2.0243731498481308e-11, 2.4007640947428722e-11, 3.484566623252079e-11, 1.1159455328735165e-9, 3.350771611660151e-10, 1.0420449967553292e-10, 1.128892826507501e-9, 2.4589790386794938e-11, 2.5657418012281035e-11, 0.7776099547848114, 1.0764766092556404e-9]
v_opt: [0.04945733462202895, 1.1405906434220475e-9]
solution time: 0.007854938507080078
McCormick lower bound: -1.5707830801012566

