x_opt: [0.4819832747265934, 0.8694883015608397, 0.13051161203440959, 0.918199572711713, 0.13051169957226133, 0.13051158230819146, 0.13051161434255604, 0.8694883032880907, 0.13051158123988474, 0.1305116956248747]
w_opt: [0.4819832740258581, 0.13051161157174582, 0.48198327406607555, 9.012271342738562e-8, 0.13051158140272742, 6.3083768278046046e-9, 0.35147157923870875, 6.465946037304379e-10, 0.13051169438828503, 2.4563981228883805e-9, 0.8694883009889519, 2.095407340344099e-9, 0.130511581754076, 4.072501476503019e-10, 0.8694883008956373, 5.319958767383425e-10, 4.832645454227225e-10, 0.130511611604973, 0.13051160867013803, 0.13051158149326364, 0.1305116115187283, 1.1896844322848124e-8, 6.094041442026597e-10, 1.467280546608366e-9, 0.04871127351527043, 0.04871116125690663, 0.13051161220774446, 0.8694883019719751, 0.04871115503513054, 0.13051169467101273, 1.2299923699529051e-9, 0.13051161236694486, 3.557371886904382e-9, 7.410415564180173e-10, 5.067428573272924e-10, 4.92829467407198e-10, 9.360976538188395e-10, 0.13051158008522754, 1.253247255823234e-8, 2.7942339521344264e-9, 0.13051158059289017, 4.4931521246930517e-10, 9.143066301483371e-10, 0.1305116932825426, 0.13051157974802904]
v_opt: [0.01703637719142826, 0.1305115802031445]
solution time: 0.00644993782043457
McCormick lower bound: -4.467723601498616

