x_opt: [0.3622606380386381, 0.637739594245771, 0.22389814885317894, 0.7761000049825993, 0.36224893709029116, 0.22389829586816473, 0.2238981977023934, 0.6377508221412872, 0.22389834180874602, 0.36226044055778994]
w_opt: [0.3622606303828377, 0.22389814405404274, 0.3622606281030061, 2.5258471929081596e-6, 0.22389827851645916, 5.720836004640866e-7, 1.1516112554406594e-5, 8.676555963526731e-9, 0.36226041542934906, 2.039584120990514e-8, 0.6377395801889426, 2.1852073925362163e-8, 0.2238982880902602, 5.685315212410365e-9, 0.6377395821266396, 6.118158043037711e-9, 4.8977637518695406e-8, 0.22389813880092155, 0.22389811760904071, 0.22389811804126214, 0.2238981409999195, 7.913684460829252e-8, 1.0006936034975973e-8, 2.3596684174504895e-8, 0.1383489797069124, 1.9301125481171088e-7, 0.22389805806522065, 0.6377507610143384, 3.928317601817706e-8, 0.3622604300704948, 2.193455973810785e-8, 0.2238981486132225, 4.7198869917074286e-8, 1.6822058480127142e-8, 1.3929668086457745e-8, 7.924788920697032e-9, 9.300411399804546e-9, 0.223898259971777, 2.336879245689137e-7, 3.973935783860556e-8, 0.22389817416225125, 6.396508093351279e-9, 2.0568875893928424e-8, 0.36226040160150197, 0.2238983003651396]
v_opt: [0.050130417128869585, 0.22389832676215202]
solution time: 0.006659030914306641
McCormick lower bound: -1.654287523851183

