x_opt: [0.5253343993623801, 0.8985446004785207, 0.1014553985010029, 0.8991141990224686, 0.10145539942510269, 0.10145539670298341, 0.10145539865630589, 0.8985446008032482, 0.10145539646468878, 0.10145539946809978]
w_opt: [0.5253343992653966, 0.1014553984358858, 0.5253343992705926, 3.90615853237053e-9, 0.10145539657984338, 7.821962049214331e-10, 0.42387900033678655, 9.169597623867439e-11, 0.10145539930721005, 3.283060852240178e-10, 0.8985446003970111, 1.688139635672435e-10, 0.10145539662458433, 5.904545149089205e-11, 0.8985446003905577, 7.56107895748084e-11, 1.0465823286095108e-10, 0.1014553984388294, 0.1014553980903297, 0.10145539655372611, 0.10145539838518568, 1.2954753600951747e-9, 8.577820850132262e-11, 2.0393181048257152e-10, 0.0005695986266800099, 0.0005695966941684828, 0.10145539834385037, 0.898544600601487, 0.0005695956512424543, 0.10145539933652982, 1.6870113061140054e-10, 0.1014553983990227, 3.366456819360806e-10, 1.0359571266011157e-10, 6.91775977394279e-11, 6.83220261820517e-11, 1.2886268465111525e-10, 0.10145539632167253, 1.3029441566380877e-9, 3.4273378529029316e-10, 0.1014553963709704, 6.295087998866666e-11, 1.269260365803963e-10, 0.10145539916881209, 0.10145539624509989]
v_opt: [0.010293710802661058, 0.10145539632177528]
solution time: 0.007899999618530273
McCormick lower bound: -4.320667291949321

