x_opt: [0.5258118031992501, 0.8988237382591943, 0.1011736321743172, 0.8988731114819261, 0.10117624898883931, 0.10112690552674151, 0.10117614717847567, 0.8988237530573527, 0.10112690203000924, 0.10117626581413906]
w_opt: [0.5258118008603255, 0.10117363052930714, 0.5258118011678924, 1.0184889499897831e-7, 0.10112690295799183, 1.9087583606331397e-8, 0.42463556031068994, 2.3511261357145763e-9, 0.1011762619461697, 5.4494994940087475e-9, 0.8988237361898515, 3.6455825095199217e-9, 0.10112690348378564, 1.635795771203368e-9, 0.8988237361830291, 1.6585175928634896e-9, 6.554783979651574e-9, 0.10117363014422055, 0.10117362571528057, 0.10112690125623341, 0.10117363035125276, 1.9725874017545765e-8, 2.192182232715545e-9, 5.423050025508335e-9, 4.936405738423667e-5, 5.392036646496275e-8, 0.10117613708628544, 0.8988237476006803, 1.818530810587939e-8, 0.10117626332683302, 3.991239916599915e-9, 0.10117614210103974, 5.538144300651062e-9, 2.7211986674351604e-9, 1.5439606920842616e-9, 1.635726577546243e-9, 2.887159438286623e-9, 0.1011268985545422, 3.462958386634356e-8, 6.762112112923032e-9, 0.1011268994644359, 1.5549329766328854e-9, 2.391120874897982e-9, 0.10117625959820382, 0.10112689616586025]
v_opt: [0.01023823295075408, 0.10112689863740895]
solution time: 0.005148887634277344
McCormick lower bound: -2.8545320870888338

