x_opt: [0.5259008385213971, 0.8989253207056087, 0.10107458854919402, 0.8989254248333982, 0.1010746174492815, 0.10107457323291323, 0.10107460650783517, 0.8989253887577964, 0.10107457409261901, 0.10114476726603208]
w_opt: [0.5259008366429981, 0.10107458698852899, 0.5259008366392676, 1.7236489114706022e-7, 0.10107457086474403, 1.4929977499318787e-8, 0.4248262310133929, 2.842180102592509e-9, 0.1011447634029004, 6.01482268408875e-9, 0.8989253188964539, 3.2945270780795323e-9, 0.10107457092280625, 1.6473364486792973e-9, 0.898925319150596, 1.7474638833130966e-9, 7.0089494091674e-5, 0.10107458657763173, 0.10107458046855784, 0.10107456784536395, 0.10107458638648903, 2.7595087639603606e-8, 2.183044144341152e-9, 6.404433946789756e-9, 4.595101081986862e-8, 4.333322055847411e-8, 0.10107459653786607, 0.8989253824731107, 6.7131196059553236e-9, 0.10114476509019708, 3.97856801839878e-9, 0.1010745958173185, 1.0263116882372182e-8, 2.953696923345663e-9, 1.405548390117284e-9, 1.2762097494562818e-9, 3.140150782557251e-9, 0.10107456942096919, 3.960394626427865e-8, 7.395426304789723e-9, 0.1010745717791314, 1.357932639966131e-9, 2.2379215031407218e-9, 0.10114476211195027, 0.10107456907582799]
v_opt: [0.010217819918801425, 0.10107457098730835]
solution time: 0.006164073944091797
McCormick lower bound: -3.270011823175865

