x_opt: [0.36225568974279043, 0.6377443141696021, 0.22390310721017595, 0.776096893015179, 0.36225567661968694, 0.22390310839110453, 0.2239031071323166, 0.637744323967375, 0.2239031069158232, 0.36225568641340106]
w_opt: [0.36225568956790943, 0.2239031071712252, 0.36225568968495503, 2.56289507266954e-8, 0.22390310830444757, 6.717455002300306e-9, 1.4668578607841208e-8, 4.394039792869454e-11, 0.3622556862795706, 7.014028439448669e-11, 0.6377443140931025, 5.564000430094382e-11, 0.22390310835111438, 3.9308138469121463e-11, 0.6377443141420255, 3.697272541329311e-11, 6.068481971208768e-10, 0.2239031071596999, 0.22390310713228798, 0.22390310711623218, 0.22390310708280403, 2.4030992799605226e-10, 5.5848764310606324e-11, 1.320221472830595e-10, 0.13835256977152485, 1.7754666485594402e-9, 0.22390310657167967, 0.6377443237572046, 1.3553326119630546e-9, 0.3622556863109185, 1.2349643709763427e-10, 0.22390310636694102, 7.31986809637116e-10, 7.709909768542105e-11, 6.205620426234146e-11, 7.395557444870548e-11, 5.640008918803219e-11, 0.22390310656425022, 1.0530849703678694e-9, 6.876133692002328e-10, 0.22390310683557138, 5.136366373509175e-11, 6.942890630633059e-11, 0.36225568600752334, 0.2239031068155547]
v_opt: [0.0501326387099598, 0.22390310681648432]
solution time: 0.0065310001373291016
McCormick lower bound: -2.005489993184095

