x_opt: [0.36228559205424826, 0.6377921839397566, 0.22388062938494194, 0.7761194305352505, 0.3622078164046737, 0.22388068040142212, 0.2238805710165523, 0.6377921883904706, 0.22388060124213258, 0.3622077611332182]
w_opt: [0.3622855823068455, 0.2238806229230835, 0.36228557824858176, 3.888632761672121e-6, 0.22388066609815138, 6.706163881003426e-7, 7.782676889158888e-5, 1.130184347400876e-8, 0.3622076997260266, 2.7164617147034973e-8, 0.6377921633070027, 5.392152211510538e-8, 0.22388067105582285, 8.335177442526442e-9, 0.6377921637938636, 7.957165302001034e-9, 7.7499193423619e-9, 0.22388062161795896, 0.22388060965651915, 0.2238805964145138, 0.2238805545830967, 9.399654706849928e-8, 1.0426409361700345e-8, 3.078759281570001e-8, 0.13832729900034504, 1.9494676246256855e-7, 0.2238804268946075, 0.6377921156498311, 1.5384369439764683e-7, 0.3622077427865249, 2.89406364332263e-8, 0.2238805150137359, 4.0524385657061794e-8, 1.704864262453058e-8, 2.15477978021387e-8, 9.846436247414288e-9, 9.207014815375603e-9, 0.22388054353431538, 1.0770491707471825e-7, 6.194745491939219e-8, 0.22388056279152346, 9.970065205610948e-9, 2.3558521224655017e-8, 0.3622076721424482, 0.22388057934229805]
v_opt: [0.05012325077662435, 0.22388058490968363]
solution time: 0.004656076431274414
McCormick lower bound: -2.436185004043779

