x_opt: [0.5258472922388183, 0.8988883421110007, 0.10111165690647483, 0.8988883777239499, 0.10111165766764703, 0.10111162283529665, 0.10111165756448273, 0.8988883438874304, 0.10111162283089109, 0.10111165790700172]
w_opt: [0.5258472921320886, 0.10111165681909459, 0.5258472921235775, 5.146757202828026e-9, 0.10111162269553317, 7.302078459974664e-10, 0.42473563633080447, 1.6369551622863963e-10, 0.10111165769069654, 4.6531240663415877e-10, 0.8988883420234995, 2.1569085188758146e-10, 0.10111162271113497, 1.0510673635617698e-10, 0.8988883420350352, 1.0565690006783136e-10, 1.2449766987344994e-10, 0.10111165681916978, 0.10111165635154766, 0.10111162265585931, 0.10111165679295632, 2.9610481291979466e-9, 1.1891426235094233e-10, 3.6557604891277973e-10, 3.5596104277730645e-8, 2.694686285544585e-9, 0.10111165713104886, 0.8988883436246363, 8.419828183458764e-10, 0.10111165777174658, 2.3007555487571306e-10, 0.10111165707647647, 1.706636289969454e-9, 1.608839307948274e-10, 7.633358666223767e-11, 6.755868498365776e-11, 1.7005560944156067e-10, 0.10111162258166591, 1.9681513418789352e-9, 1.7798471192934544e-9, 0.10111162272199989, 7.371983403384955e-11, 1.1842154368039737e-10, 0.10111165762455485, 0.10111162252731104]
v_opt: [0.010223862507816808, 0.10111162265313113]
solution time: 0.008332967758178711
McCormick lower bound: -4.775451767354946

