x_opt: [0.3622562561551497, 0.6377452255161309, 0.22390268534328336, 0.7760973191104783, 0.36225477232487335, 0.22390268300771426, 0.2239026867572479, 0.6377452279895016, 0.22390268253512127, 0.3622547747019663]
w_opt: [0.3622562557929839, 0.2239026851057797, 0.36225625582752646, 1.6070953892204076e-8, 0.22390268260344048, 3.3174459649936163e-9, 1.4847134333220778e-6, 3.259567642370135e-10, 0.36225477411419055, 7.785120029813904e-10, 0.6377452251733969, 6.011757810321858e-10, 0.22390268271242508, 2.1738509268912287e-10, 0.6377452251678625, 2.401259346790637e-10, 6.675393277272498e-10, 0.22390268504808614, 0.22390268435131339, 0.22390268216584677, 0.22390268498635466, 2.5153372690621047e-9, 3.1915777634238476e-10, 7.331977816432848e-10, 0.13835209200436666, 8.100199693669751e-9, 0.22390268527477492, 0.637745227161936, 2.5279113457248645e-9, 0.3622547743030067, 5.85245467863635e-10, 0.22390268575802144, 8.478956024270358e-10, 3.847894307919593e-10, 2.5268152579867315e-10, 2.637329594785733e-10, 4.169289005554321e-10, 0.22390268200164024, 4.786396548441797e-9, 8.756944189210973e-10, 0.2239026821060181, 2.351416965728987e-10, 4.138125504002018e-10, 0.3622547736268121, 0.2239026816828088]
v_opt: [0.05013243629348771, 0.22390268203284694]
solution time: 0.0051479339599609375
McCormick lower bound: -2.6542236365436085

