x_opt: [0.5258473169265812, 0.8988883859448042, 0.10111161289486044, 0.8988883869475651, 0.101111613542035, 0.10111161270713093, 0.10111161287655465, 0.8988883864873003, 0.10111161287625076, 0.10111161471096773]
w_opt: [0.52584731689648, 0.10111161286923323, 0.525847316870389, 2.7646325014710602e-9, 0.1011116126448458, 3.56993563975668e-10, 0.42473570348520534, 8.27195780607529e-11, 0.10111161457271305, 1.1150013376861857e-10, 0.8988883858982417, 7.128668473702035e-11, 0.10111161263439321, 2.4765779476198142e-11, 0.8988883859134723, 3.391176896818252e-11, 6.843415064386442e-10, 0.10111161285471056, 0.10111161255110626, 0.10111161256393295, 0.10111161281212123, 9.113145361895125e-10, 4.399819435974295e-11, 1.357285097190974e-10, 6.50779479002071e-10, 5.373627468927315e-10, 0.10111161263845152, 0.8988883862236428, 1.1335892789680447e-10, 0.10111161466401679, 8.604599437068489e-11, 0.1011116124817485, 1.9596657325080856e-10, 7.008239799316364e-11, 4.77303843999741e-11, 2.070683915251294e-11, 6.183406580244026e-11, 0.1011116126295333, 6.202072514097265e-10, 1.8606162166440843e-10, 0.10111161280828831, 2.2581755679739184e-11, 1.312791735752051e-10, 0.10111161456592554, 0.10111161275061925]
v_opt: [0.010223605302100274, 0.10111161282246962]
solution time: 0.0058782100677490234
McCormick lower bound: -2.94622686236339

