x_opt: [0.37079957476201697, 0.7949673048995536, 0.20503269365960555, 0.9671487979550951, 0.20503269447216063, 0.20503268877994807, 0.20503269385087086, 0.7949673063729246, 0.20503267858173746, 0.20503269534540114]
w_opt: [0.3707995744835834, 0.2050326934736929, 0.37079957457772833, 1.2231156131162214e-8, 0.20503268849211714, 1.8274474388964353e-9, 0.16576688171440482, 2.0143785651347597e-10, 0.20503269461867238, 1.122705671469558e-9, 0.79496730472993, 3.770125343865297e-10, 0.20503268861719012, 1.815749911769886e-10, 0.794967304712737, 1.8808254505346037e-10, 6.009851316263707e-10, 0.20503269351842826, 0.20503269252198197, 0.2050326884634345, 0.2050326933979202, 4.1681211015337105e-9, 2.0501235079963945e-10, 5.067344742529866e-10, 0.1721814928563848, 0.17218148947488918, 0.20503269309531574, 0.7949673058693559, 0.17218147693473246, 0.2050326950285579, 4.2140207319892304e-10, 0.2050326930438238, 1.0999318040559425e-9, 2.487180682574359e-10, 1.374714344887873e-10, 1.7970475140793417e-10, 3.891938765567733e-10, 0.20503267825067814, 3.731423114619884e-9, 1.4933644268498882e-9, 0.20503267835338604, 1.6532064333720472e-10, 2.5328904118970857e-10, 0.20503269473608976, 0.2050326780480947]
v_opt: [0.04203892517222338, 0.2050326781987392]
solution time: 0.005254983901977539
McCormick lower bound: -5.181992926060005

