x_opt: [0.5161576275928904, 0.892393791615297, 0.1076062041002014, 0.9031542686538049, 0.10760620798497703, 0.10760613642885206, 0.1076062051648333, 0.8923937948701287, 0.10760613025415343, 0.10760620852492732]
w_opt: [0.5161576268789775, 0.10760620362312133, 0.5161576270702617, 2.447745255974477e-8, 0.10760613566842125, 4.615757800223073e-9, 0.40855142376399095, 5.957456065140994e-10, 0.10760620754849148, 2.726412445190379e-9, 0.8923937911426523, 1.1231372465866436e-9, 0.107606135947071, 4.753331250686643e-10, 0.8923937911102185, 5.219997518170035e-10, 9.802986406741668e-10, 0.10760620369739807, 0.1076062014612278, 0.10760613557934362, 0.10760620344832923, 1.1045012460042488e-8, 5.780595585883915e-10, 1.442396372375173e-9, 0.010760477789436569, 0.010760412341651107, 0.10760620315639731, 0.8923937935461094, 0.01076039992064298, 0.10760620768546544, 1.141345775116926e-9, 0.10760620342423183, 3.5452007568062637e-9, 6.960391412542857e-10, 3.886623125684429e-10, 4.722440760621434e-10, 9.385493599826808e-10, 0.10760612944752987, 9.91766627135733e-9, 2.9383848431529006e-9, 0.10760612963479406, 4.4500734583137355e-10, 6.600421745668059e-10, 0.10760620687727823, 0.1076061288484252]
v_opt: [0.011579124327198322, 0.1076061292164176]
solution time: 0.005123138427734375
McCormick lower bound: -5.121170473960549

