x_opt: [0.5258462897344564, 0.8988876820147634, 0.10111230763380762, 0.8988888295270593, 0.10111231466474917, 0.1011123023873746, 0.10111230808252582, 0.8988876911295126, 0.10111229635399918, 0.1011123187192502]
w_opt: [0.5258462877037577, 0.10111230620626492, 0.5258462878854897, 1.1074708341738424e-7, 0.10111229983976591, 1.4928635892486708e-8, 0.4247339845567541, 2.0416690311648863e-9, 0.1011123153638206, 8.650519585003508e-9, 0.8988876804071185, 3.0776524837162213e-9, 0.10111230070859503, 1.3561012288969937e-9, 0.8988876803915661, 1.7132779473020696e-9, 3.060371772352962e-9, 0.10111230634134301, 0.10111229647261878, 0.1011122992389608, 0.10111230492315901, 3.6062312985345846e-8, 1.8463711726036074e-9, 4.6354576820007585e-9, 1.148132207758599e-6, 1.1615356572192755e-6, 0.10111230159103805, 0.8988876869214912, 1.130032828981515e-6, 0.10111231600188879, 3.6596817009763317e-9, 0.1011123017073716, 8.122519139515248e-9, 2.267978297095063e-9, 1.3697484682372233e-9, 1.382743457764584e-9, 3.11461008242962e-9, 0.10111229331994166, 3.033683962409627e-8, 9.513540934354911e-9, 0.10111229433465925, 1.3300898530027077e-9, 2.5243629451544544e-9, 0.10111231299462678, 0.10111229142957365]
v_opt: [0.01022393953628182, 0.10111229323393701]
solution time: 0.0049588680267333984
McCormick lower bound: -4.929917063666936

