x_opt: [0.45195046601113076, 0.8493588680115718, 0.15064113190164102, 0.9314217840914536, 0.15064113198426374, 0.15064113189087497, 0.1506411319033412, 0.8493588680180374, 0.15064113188914274, 0.15064113198432316]
w_opt: [0.45195046600859135, 0.15064113190000591, 0.45195046600802, 1.1786431988978569e-10, 0.15064113188726527, 2.651493314663267e-11, 0.3013093340331467, 2.458713579210771e-12, 0.15064113197951057, 6.744522394733154e-12, 0.8493588680088179, 4.79332826302627e-12, 0.15064113188860492, 1.3707798255754506e-12, 0.8493588680085206, 1.8974654816281266e-12, 2.246832799469337e-12, 0.150641131899832, 0.1506411318911161, 0.15064113188489672, 0.1506411318971432, 2.3026274516619766e-11, 2.3009394801131925e-12, 5.086137896005107e-12, 0.08206291608079423, 0.08206291600700323, 0.15064113189409897, 0.8493588680122915, 0.08206291598510913, 0.15064113198060045, 4.462491415021406e-12, 0.15064113189629372, 5.6678338444588915e-12, 2.751233760240761e-12, 2.345058651609176e-12, 1.8905638642777256e-12, 3.0971233193013786e-12, 0.15064113188425768, 3.1331377267004024e-11, 8.703936483603471e-12, 0.1506411318859881, 1.6550048084762062e-12, 4.703153779824521e-12, 0.15064113197357948, 0.15064113188296369]
v_opt: [0.022692755885460957, 0.1506411318853552]
solution time: 0.00481104850769043
McCormick lower bound: -3.2974671547081393

