x_opt: [0.2757449930140846, 0.72425553940413, 0.2693506562578055, 0.9999938799224289, 0.27574446067742897, 0.2693506522156571, 0.26935065641305267, 0.7242555422684209, 0.26935063579884094, 0.27574443838818535]
w_opt: [0.2757449911895747, 0.26935065527514546, 0.27574499158824284, 9.442238813884882e-8, 0.2693506503495978, 2.01246268372423e-8, 5.37714405195095e-7, 1.1943512046804626e-9, 0.27574443588948316, 3.1337021252820867e-9, 0.7242555379413106, 4.319692073952775e-9, 0.2693506511152721, 7.962630182173399e-10, 0.7242555369647814, 9.649048486538423e-10, 1.1552750680181662e-9, 0.2693506552622959, 0.2693506523437211, 0.26935064659138486, 0.26935065391824686, 1.092857849575725e-8, 1.290453794515815e-9, 2.7154389766701574e-9, 0.27573834313211826, 0.26934455532973717, 0.2693506522658043, 0.7242555394126308, 0.26934451834109147, 0.2757444364593993, 2.4881925728628584e-9, 0.2693506531020242, 4.546878187312418e-9, 1.4709514017608109e-9, 1.1932622704423605e-9, 1.3704221835068166e-9, 1.5796868672135774e-9, 0.2693506335592094, 2.1450935397440062e-8, 4.297555553029006e-9, 0.26935063362695705, 1.0659645036909408e-9, 1.9732327470518334e-9, 0.2757444319859684, 0.2693506331319934]
v_opt: [0.07254983270680712, 0.2693506335505346]
solution time: 0.005413055419921875
McCormick lower bound: -3.0345413824776597

