x_opt: [0.7429876223763252, 0.7907400278713599, 2.3981305504461856e-7, 0.9999995188978198, 0.20925996165423125, 2.443399430731007e-7, 0.20925990029386074, 0.7907400454222823, 2.4456561521657923e-7, 0.7429898166182208]
w_opt: [0.7429876190468053, 2.379303712499891e-7, 0.7429876205638937, 6.628923665714665e-7, 2.420116598599557e-7, 2.9638604108307096e-8, 0.5337276930416701, 2.070852076544235e-9, 0.7429876171234631, 4.68233103372705e-9, 0.7907400254958353, 1.0706645845267334e-8, 2.4247374821661583e-7, 2.1791495489802845e-9, 0.7907400250513542, 1.5291273982171851e-9, 0.5337298483755787, 2.367792784613564e-7, 2.3485980899365432e-7, 2.294845289005636e-7, 2.3818401576946658e-7, 1.4466345462942283e-8, 2.2184787685683287e-9, 5.2257694148082924e-9, 0.20925948384223317, 2.9347845513890336e-8, 0.2092598854257545, 0.7907400379853063, 4.138407668037284e-9, 0.7429898144003717, 3.958179358111874e-9, 0.2092598965907861, 1.4834401063225091e-8, 2.7848515558542513e-9, 1.4527692865914163e-9, 2.1924567627505324e-9, 3.0559215670780785e-9, 2.39950540475116e-7, 2.0022010843019522e-8, 4.4308437731798084e-9, 2.4085400355757956e-7, 1.956956329879173e-9, 2.1097568438387582e-9, 0.7429898084425974, 2.37478873128371e-7]
v_opt: [0.04379029282680727, 2.411569095294504e-7]
solution time: 0.004534006118774414
McCormick lower bound: -1.9430685954320306

