x_opt: [0.3322205728052549, 0.6677794273505643, 0.2907242657505302, 0.8982945626570271, 0.3322205725219944, 0.29072426537672136, 0.29072426584488564, 0.6677794274975116, 0.10170543774667179, 0.332220572621943]
w_opt: [0.33222057275548844, 0.2907242657259491, 0.3322205727758601, 1.611588154029516e-9, 0.2907242653374211, 4.096313836366271e-10, 3.8414504211350726e-10, 2.455345266963128e-11, 0.33222057255770776, 7.900076749487954e-11, 0.6677794273177077, 5.897507271688454e-11, 0.29072426535445006, 2.08766891762625e-11, 0.6677794273058537, 2.2474686792422953e-11, 4.9346502776245363e-11, 0.29072426572498955, 0.2907242656598205, 0.2907242653084919, 0.29072426571553706, 2.280361231948462e-10, 2.8916039042459526e-11, 5.925694770974111e-11, 0.23051513523866432, 0.1890188284363755, 0.2907242656873105, 0.6677794274163814, 4.619874440681931e-10, 0.3322205725777811, 5.391000049914009e-11, 0.29072426572703053, 6.828612502149344e-11, 3.211775016313511e-11, 2.2666327234321905e-11, 3.676556990817218e-11, 4.389448502091688e-11, 0.10170543770929166, 4.615934851211538e-10, 9.326572952483875e-11, 0.10170543770313831, 2.6367442687199983e-11, 4.1693026921365015e-11, 0.33222057250953646, 0.10170543766985804]
v_opt: [0.08452060610113092, 0.1017054376931373]
solution time: 0.005908012390136719
McCormick lower bound: -2.7161800584767644

