x_opt: [0.7429871329377608, 0.7907369067336573, 1.2333146775720211e-6, 0.999996947669166, 0.20926303855412812, 1.0675669629599602e-6, 0.20926305281203803, 0.7907372083849489, 1.1103486662629492e-6, 0.7429927341761209]
w_opt: [0.7429871240854662, 1.222161494090388e-6, 0.7429871234979648, 8.660714483724766e-7, 1.0549527226945936e-6, 1.0080027515449902e-7, 0.5337243688437425, 1.4649008173729968e-8, 0.7429870793016009, 2.177440284037283e-8, 0.7907368971460107, 7.961017499150025e-8, 1.0550992028507435e-6, 2.0219402675045455e-8, 0.7907368965980023, 9.726439524450953e-9, 0.5337296554605069, 1.218161120733567e-6, 1.2077508888671274e-6, 1.038463065599228e-6, 1.224628368776795e-6, 1.7006690834166863e-7, 1.3122912873405215e-8, 3.237874625156183e-8, 0.2092600056524887, 1.0546498788422111e-7, 0.20926295900945557, 0.7907371723943802, 1.8769529660657364e-8, 0.7429927228504395, 2.5194910072687126e-8, 0.20926296671829234, 3.000398433630869e-7, 2.086122591227697e-8, 7.312476584499796e-9, 8.740304358455637e-9, 1.6135443328694283e-8, 1.0502259694533932e-6, 1.471431072654843e-7, 3.408555491419678e-7, 1.0955182490267573e-6, 9.72334771032064e-9, 9.533246424823818e-9, 0.7429927090031768, 1.072113794649572e-6]
v_opt: [0.04379118941719331, 1.092609071493367e-6]
solution time: 0.0047760009765625
McCormick lower bound: -2.8473034915260693

