x_opt: [0.525846786249958, 0.8988880044344745, 0.10111199081595335, 0.898888600968882, 0.10111199451538426, 0.10111196386468867, 0.10111199146036758, 0.8988880076196508, 0.1011119627720624, 0.10111199571928102]
w_opt: [0.5258467855642337, 0.10111199033212909, 0.5258467856180103, 3.385498218995325e-8, 0.10111196300023928, 5.068204966343919e-9, 0.4247347951139094, 6.979881123253106e-10, 0.10111199457384079, 2.828654693168321e-9, 0.8988880038873012, 1.1281919430324453e-9, 0.10111196328959456, 4.6044998370709295e-10, 0.8988880038783756, 5.746395784101636e-10, 1.0086445441016573e-9, 0.10111199037215529, 0.10111198722854013, 0.10111196279457288, 0.10111198994303086, 1.171257073942069e-8, 6.285702996850482e-10, 1.5764102885873995e-9, 5.967788903181882e-7, 5.729002845060232e-7, 0.10111198923311768, 0.8988880061752639, 5.651609423032184e-7, 0.10111199480259386, 1.2416858718452961e-9, 0.10111198931386774, 2.921611882805845e-9, 7.733729084565233e-10, 4.678921126000402e-10, 4.679622900282327e-10, 1.0197002538881358e-9, 0.10111196168846787, 1.0061000134002412e-8, 3.085346215513996e-9, 0.10111196209464693, 4.507104755841865e-10, 8.437224334581538e-10, 0.10111199377492233, 0.10111196112733134]
v_opt: [0.010223695962111274, 0.10111196171689293]
solution time: 0.00495600700378418
McCormick lower bound: -4.822036566858678

