x_opt: [0.5258415642300386, 0.8988775346082857, 0.10112237257798933, 0.8988862295747464, 0.10112242374009807, 0.1011137844566295, 0.1011224003274042, 0.8988775809424029, 0.10111377286922132, 0.10112297206390192]
w_opt: [0.5258415591870836, 0.10112236854006248, 0.5258415600243288, 4.913291431645525e-7, 0.10111377870629769, 3.512878720679231e-8, 0.42471915527829857, 6.2176854232798656e-9, 0.10112296157250901, 1.8967965136132482e-8, 0.8988775305307101, 8.223603765255672e-9, 0.1011137795618165, 4.281937917500498e-9, 0.8988775308760554, 4.428067223349323e-9, 5.105323003135346e-7, 0.10112236836952315, 0.10112234349933945, 0.10111377527055791, 0.1011223679462285, 8.360939022328117e-8, 5.21068158171519e-9, 1.5123940743911865e-8, 8.662959942634923e-6, 1.1078319314187143e-7, 0.10112237939301126, 0.8988775662257702, 2.1646308966383476e-8, 0.1011229664454033, 9.757053920817835e-9, 0.1011223768745838, 1.2975762114281983e-8, 6.798094782630017e-9, 3.1457086931893376e-9, 3.3287208302881974e-9, 8.529449406327631e-9, 0.10111376481637326, 9.335012429547278e-8, 1.0578367339550242e-8, 0.1011137672705441, 3.4987576738832025e-9, 5.087432931546086e-9, 0.10112296001708972, 0.10111376055727554]
v_opt: [0.0102262569368102, 0.10111376476420661]
solution time: 0.005789041519165039
McCormick lower bound: -3.9428700809015456

