x_opt: [0.5258612544385569, 0.8988978288729137, 0.10110216154017794, 0.8988980909848329, 0.10110216112345509, 0.10110191693037698, 0.10110216356975502, 0.898897839471069, 0.10110191417786983, 0.10112064510852341]
w_opt: [0.5258612539453577, 0.10110216080269456, 0.525861254059294, 2.6404146570854845e-7, 0.1011019162844374, 4.502744103445297e-9, 0.42475909590411937, 6.762226077777547e-10, 0.1011206434465953, 2.525645139296727e-9, 0.8988978285191308, 7.869279569669635e-10, 0.1011019164721641, 4.783413999841039e-10, 0.8988978285553098, 4.776474821432529e-10, 1.8474282914394697e-5, 0.10110216116664737, 0.10110215606290751, 0.1011019160356994, 0.1011021610330051, 2.2226179695127505e-8, 5.381372978734778e-10, 2.1055898279988435e-9, 2.5316113874232255e-7, 2.6073842602779385e-8, 0.10110216022318332, 0.898897837767319, 8.338681857236743e-9, 0.10112064451208426, 1.2110407330002463e-9, 0.10110215895251735, 1.5101316242121594e-9, 9.349367791830746e-10, 3.032541958197711e-10, 3.0595793696083955e-10, 1.051334624813901e-9, 0.10110191318501886, 3.396074315118735e-8, 8.3297096722842e-9, 0.10110191367096442, 3.2106562405651765e-10, 5.42228295243934e-10, 0.10112064376755928, 0.10110191315145427]
v_opt: [0.010221774536707964, 0.10110191329514363]
solution time: 0.0070950984954833984
McCormick lower bound: -4.482052292191556

