x_opt: [0.36117820501364606, 0.7885185662972191, 0.21148143358096647, 0.971384648043247, 0.21148143370132552, 0.21148142904364758, 0.2114814335232597, 0.7885185663011817, 0.21148142901286163, 0.21148143370262903]
w_opt: [0.36117820501271997, 0.21148143358039767, 0.3611782050129904, 5.7043010975736057e-11, 0.2114814290427432, 6.557268183002312e-12, 0.14969677131643283, 6.773966999718799e-13, 0.2114814337014421, 3.176756668068128e-12, 0.7885185662965867, 1.6083933099576596e-12, 0.21148142904308728, 5.30560606735542e-13, 0.7885185662965085, 5.814039457573428e-13, 1.3354715952031298e-12, 0.21148143358043459, 0.2114814335767835, 0.2114814290424201, 0.21148143358014404, 9.143699573859474e-12, 6.91207370550553e-13, 1.634722383757983e-12, 0.18286608174595126, 0.18286607709644664, 0.21148143358278926, 0.7885185662995193, 0.18286607705719995, 0.21148143370160774, 1.3472618222838482e-12, 0.21148143358253343, 3.4171046418119785e-12, 8.168755302461817e-13, 5.011986777369205e-13, 6.201289629249995e-13, 1.134789452526388e-12, 0.21148142901154154, 1.2384827461928765e-11, 3.8045310763162915e-12, 0.2114814290118768, 5.503655760975225e-13, 8.602002088497631e-13, 0.21148143370037217, 0.2114814290110352]
v_opt: [0.04472439742736329, 0.21148142901145253]
solution time: 0.006032228469848633
McCormick lower bound: -4.123559375367628

