x_opt: [0.5258455432980814, 0.8988870998572753, 0.10111281723970864, 0.898889140297215, 0.10111284997320373, 0.10111280753106784, 0.1011128140254957, 0.8988871657196154, 0.10111276935444591, 0.10111291330432043]
w_opt: [0.5258455373259064, 0.10111281223067974, 0.5258455372689779, 1.684289544141897e-6, 0.10111279818783571, 1.004800057113581e-7, 0.42473272347533964, 6.703377608134976e-9, 0.10111289698428204, 4.369785004407656e-8, 0.898887094586087, 9.933927128483769e-9, 0.10111280232593785, 4.595610806108483e-9, 0.8988870949584964, 5.409924237551008e-9, 2.0633839253183332e-8, 0.1011128133406798, 0.10111276730498801, 0.10111279429337527, 0.10111280522740573, 3.234000721137112e-7, 5.996807594240688e-9, 1.7976347589552232e-8, 2.005707898305423e-6, 2.0429112614575194e-6, 0.1011127824556176, 0.8988871462972245, 1.9354864372341353e-6, 0.10111290316611006, 1.494130994699759e-8, 0.10111278122781936, 2.4526005312082972e-8, 8.800822320571997e-9, 4.868512701371489e-9, 4.110040368757595e-9, 1.2482712904138751e-8, 0.10111275470691329, 2.1545995324310247e-7, 8.488268526867504e-8, 0.10111276315381122, 3.8779215681633715e-9, 1.1505363908632614e-8, 0.10111288709913979, 0.10111275084203979]
v_opt: [0.010226847954064462, 0.10111275885482898]
solution time: 0.004542112350463867
McCormick lower bound: -4.971465812632338

