x_opt: [0.4304637043894154, 0.4304637050851403, 1.61946414746259e-8, 0.7861559150490585, 0.2138441071244454, 0.21384408203981312, 0.18089395592086205, 0.5695362963386911, 0.21384408110885675, 0.5695362943915578]
w_opt: [0.4304637038591468, 1.6026081772213247e-8, 0.43046370407632834, 2.1234159788910007e-8, 0.21384408173230146, 1.1902457746778246e-8, 1.3321495193696e-9, 1.9474969937818174e-10, 0.43046370392115735, 4.2893553659277725e-10, 0.4304637044690191, 9.025966904706117e-10, 0.21384408183189327, 1.5446687179585264e-10, 0.43046370435849823, 1.4620230754706447e-10, 4.12715520057327e-10, 1.5804919362899274e-8, 1.5535191574765183e-8, 1.4879951008862578e-8, 1.5943676336408416e-8, 1.2766318390573945e-9, 2.3315763027761716e-10, 4.2118356199987676e-10, 2.2677987380681692e-8, 4.588677553733107e-9, 0.1808939538428989, 0.5695362954497637, 4.811064714163954e-10, 0.5695362940994211, 3.9755677082277123e-10, 0.18089395379548387, 2.480155901916422e-10, 2.6105163432133965e-10, 2.617049882257635e-10, 3.3631195648041566e-10, 2.7229782092544904e-10, 0.2138440807811205, 3.128654712538465e-9, 9.502005508829678e-10, 0.18089395537526234, 2.0530663668926451e-10, 4.81193325537858e-10, 0.5695362921587337, 0.21384408033580857]
v_opt: [0.03272282989425799, 0.21384408074452313]
solution time: 0.007401227951049805
McCormick lower bound: -1.0024021155049376

