x_opt: [0.7429859194231488, 0.7907401234568289, 1.194145206358726e-6, 0.9999988755861767, 0.2092598053442718, 1.0829558198896544e-6, 0.20925947721273278, 0.7907405534835845, 1.0937900614753452e-6, 0.742986418019302]
w_opt: [0.7429858765018135, 1.1833299430350367e-6, 0.7429859127147386, 3.4859203100912756e-6, 1.0676110456008656e-6, 3.981446726337584e-7, 0.5337265937060944, 1.0117637343941796e-8, 0.74298580624477, 4.529498083817279e-8, 0.7907401130652858, 1.6128585570706974e-7, 1.0751064978699497e-6, 2.4326146060226692e-8, 0.7907401051687446, 7.537810682874915e-9, 0.533726564569508, 1.184251302724311e-6, 1.1633102916989603e-6, 1.0180791599889236e-6, 1.1878827373202052e-6, 1.9901147244485347e-7, 1.7899870074831258e-8, 4.411009928454762e-8, 0.20925871815786024, 8.138623849904389e-7, 0.209259306507669, 0.7907404885781757, 4.256786422734801e-8, 0.7429864056858843, 4.6292669092609785e-8, 0.20925943110484307, 4.1056515696422775e-7, 3.0085607875290733e-8, 5.276648243458202e-9, 9.421638514592898e-9, 2.7869977274342768e-8, 9.932208595039597e-7, 5.455216021816389e-7, 1.1041480007991601e-7, 1.0725026660016632e-6, 1.3525616954100368e-8, 1.124685871263236e-8, 0.7429863527024746, 1.0244101906382467e-6]
v_opt: [0.04379038367072654, 1.0584523226957467e-6]
solution time: 0.0042879581451416016
McCormick lower bound: -2.5854801735985533

