x_opt: [0.6285126435665875, 0.7505554715020859, 0.19866545422301624, 0.999999998824032, 0.24944452848241808, 1.1676953475708706e-9, 0.24944452341820478, 0.7505554725676316, 1.077621323230467e-9, 0.6285126409861103]
w_opt: [0.6285126435511353, 0.1986654542123605, 0.628512643557588, 3.7426212287038563e-10, 1.1549035805753658e-9, 8.661648785989157e-11, 0.37906811616789876, 1.2436924939652483e-11, 0.6285126409561881, 1.6679091487020796e-11, 0.7505554714918297, 8.527269297852999e-11, 1.157562372742449e-9, 1.8957945487321e-11, 0.7505554714905922, 9.837581094370717e-12, 0.3790681125334803, 0.1986654542111994, 0.19866545420106244, 1.1324957568630165e-9, 0.19866545421493598, 6.381613087643779e-11, 1.2948077635526728e-11, 3.7699284275336434e-11, 0.2494445273276043, 3.084237558669278e-10, 0.24944452334316974, 0.7505554725348245, 2.024771698888562e-10, 0.62851264097321, 2.7386287697496507e-11, 0.24944452334071293, 1.0670638934326535e-9, 1.7799036578229613e-11, 8.677308858925258e-12, 1.1027141852640337e-11, 2.0443815519670554e-11, 1.0365599763760691e-9, 1.3671536189968555e-10, 1.1950359288199602e-10, 1.0632986885470312e-9, 1.0459387731314848e-11, 1.1030665339567234e-11, 0.6285126409531416, 1.045314624054192e-9]
v_opt: [0.062222584342146135, 1.0582483397479144e-9]
solution time: 0.004542827606201172
McCormick lower bound: -3.018837490277137

