x_opt: [0.5258473075893502, 0.8988883564940108, 0.10111163457477285, 0.8988883910983524, 0.10111163434201054, 0.10111161735817178, 0.10111163239771107, 0.8988883674535508, 0.10111160628015345, 0.10111165337895356]
w_opt: [0.525847306183069, 0.1011116334989749, 0.5258473063904554, 8.050877650177213e-8, 0.10111161563503325, 9.199511276216785e-9, 0.42473567784820077, 1.5913136019889374e-9, 0.10111165102656215, 6.681658313696994e-9, 0.8988883554090583, 1.3137423954030513e-9, 0.10111161612733198, 1.1029739897663647e-9, 0.8988883555090268, 1.4423981605855173e-9, 1.062660314274834e-8, 0.10111163365045785, 0.1011116250279788, 0.10111161514883822, 0.10111163176077932, 2.881920649705592e-8, 1.3584033614135374e-9, 3.748470910890046e-9, 2.858234442663476e-8, 3.814045400260177e-8, 0.10111162780738397, 0.8988883638487748, 2.2736112317932687e-9, 0.10111165156931655, 2.6940832086507848e-9, 0.10111162750476543, 3.767237068556646e-9, 1.7203076150469483e-9, 8.815236050692221e-10, 9.219953273473389e-10, 3.0899987594949534e-9, 0.10111160450446081, 2.3419319895648772e-8, 5.924572399896858e-9, 0.10111160479283317, 9.460704414022392e-10, 1.781291985039977e-9, 0.10111164988923435, 0.10111160184302237]
v_opt: [0.010223651617040872, 0.10111160399746527]
solution time: 0.005697965621948242
McCormick lower bound: -5.603341044031207

