x_opt: [0.5258457131177875, 0.8988859420884562, 0.10111279895828201, 0.8988873909279754, 0.10111401849301425, 0.10111279857676679, 0.10111279824169282, 0.8988859859507848, 0.10111279910256142, 0.1011140622232277]
w_opt: [0.525845712194016, 0.10111279828447502, 0.5258457119690703, 4.427790995667217e-7, 0.10111279701370328, 2.260650673535641e-8, 0.4247317013694646, 1.2592414215714202e-9, 0.10111406031224399, 2.7265089101752935e-9, 0.8988859409272535, 2.1507775773505896e-9, 0.10111279763365527, 5.540075864583936e-10, 0.8988859413093375, 7.204987684598971e-10, 5.176564553856607e-9, 0.10111279821285422, 0.10111279443609583, 0.1011127941847599, 0.1011127971931749, 2.68764904278759e-8, 9.27905072472926e-10, 2.7319488106111634e-9, 1.4121417891469444e-6, 2.368203527016314e-7, 0.10111279112308913, 0.8988859806886208, 1.9726564028172197e-7, 0.10111406081732403, 2.4173894644725244e-9, 0.10111279159495497, 6.841099566241198e-9, 1.530789988189444e-9, 1.7676652025079178e-9, 6.017826149806987e-10, 1.363909142327104e-9, 0.10111279463638645, 1.8621405760697584e-8, 9.72343318281795e-9, 0.10111279775394653, 5.828250117789723e-10, 2.7858144706780997e-9, 0.1011140578907248, 0.10111279601414877]
v_opt: [0.010223916452026093, 0.10111279773341826]
solution time: 0.005897045135498047
McCormick lower bound: -2.9310928230950504

