x_opt: [0.41540797269384117, 0.5845920302377933, 0.16876594787020252, 0.8312340359282928, 0.27526420079768377, 0.16876595944673775, 0.16876596237560254, 0.7247357977205271, 0.16876596033048474, 0.4154079707503288]
w_opt: [0.41540797196992385, 0.1687659473736927, 0.4154079718508784, 4.121402267024443e-8, 0.16876595856113372, 8.719897771485323e-9, 0.1401437715511104, 7.979714013963197e-10, 0.4154079684714373, 1.4527496206456268e-9, 0.5845920292582221, 1.5100110323548638e-9, 0.1687659586590091, 4.741739130487368e-10, 0.5845920294370457, 4.919939327901658e-10, 1.8862714173742124e-9, 0.1687659469540389, 0.16876594566733788, 0.1687659452259372, 0.1687659471085086, 5.050353615505351e-9, 7.36521154262512e-10, 1.6664392718701939e-9, 0.10649823788597064, 1.1605049480301585e-8, 0.16876595770999944, 0.7247357956758615, 1.6553880913622196e-9, 0.41540796995840423, 1.2770945844761484e-9, 0.16876595893528085, 1.195704712803495e-9, 9.142180776257794e-10, 6.623015725900268e-10, 5.510289934276749e-10, 8.1926235584717e-10, 0.16876595832482422, 1.000094981319468e-8, 2.0291041640800802e-9, 0.168765958969946, 4.972998677729001e-10, 1.0130272329558741e-9, 0.4154079680664848, 0.1687659581780211]
v_opt: [0.028482776666384896, 0.16876595930672164]
solution time: 0.005396842956542969
McCormick lower bound: -1.809604543002314

