x_opt: [0.7429876632280746, 0.7907408779824271, 6.889965071397475e-8, 0.9999998815333524, 0.2092591216998509, 6.278981796362901e-8, 0.20925911306766726, 0.7907408860644717, 6.400734072949094e-8, 0.7429884280278808]
w_opt: [0.7429876625105849, 6.837173172997225e-8, 0.7429876627869945, 1.955089902905586e-6, 6.218424151980625e-8, 6.005460282579225e-9, 0.533728550638253, 6.770855540387094e-10, 0.7429876620524993, 1.4179912608091607e-9, 0.7907408774820716, 3.516680786507991e-9, 6.224526128160942e-8, 7.365797227121316e-10, 0.7907408774491995, 4.541694354149336e-10, 0.5337293071301565, 6.817622920027893e-8, 6.756832143579142e-8, 6.047201386329059e-8, 6.849098757601108e-8, 4.385135947451756e-9, 6.352935236097179e-10, 1.7852508966960964e-9, 0.20925900417111878, 1.0925642410892533e-8, 0.20925910798582445, 0.790740883998056, 9.44049080274587e-10, 0.742988427468609, 1.2438281302369727e-9, 0.20925911018312773, 9.139584210172446e-9, 9.597336767545368e-10, 3.4608747770456587e-10, 4.5723161358132274e-10, 8.835684557046168e-10, 6.181782029330531e-8, 1.077823316544956e-8, 1.4441413376976678e-9, 6.321123487554362e-8, 4.912857251899998e-10, 4.824234865598354e-10, 0.7429884266864605, 6.20061282461789e-8]
v_opt: [0.04378938046468509, 6.307576744592066e-8]
solution time: 0.006526947021484375
McCormick lower bound: -2.7028542398307227

