x_opt: [0.5993730036487438, 0.762358943225741, 0.23764105156881418, 0.9999999683684042, 0.23764105643659247, 3.212820911518825e-8, 0.23764105556463852, 0.7623589440258103, 3.193880769151271e-8, 0.5541458523668578]
w_opt: [0.5993730036119717, 0.23764105154292023, 0.5993730036236192, 3.6007627541924888e-9, 3.209399646625935e-8, 2.5322422121939726e-10, 0.3617319477332375, 3.295577694260529e-11, 0.5541458523193381, 8.733218385836715e-11, 0.7623589432000963, 5.244609888841252e-11, 3.210105755576542e-8, 2.7738274765180813e-11, 0.7623589431999368, 2.468991728635821e-11, 0.31650479562128525, 0.23764105153998846, 0.2376410514815403, 3.2073274805137335e-8, 0.23764105154520257, 3.6779655907620375e-10, 3.194662090630449e-11, 8.370885153706035e-11, 0.2376410248535869, 1.0625262878136316e-9, 0.23764105542382713, 0.7623589439503423, 3.737551466736663e-10, 0.5541458523329246, 5.817448215833354e-11, 0.2376410554701031, 5.071114660589133e-10, 3.976862612668631e-11, 1.8976951898204278e-11, 2.4362693339712664e-11, 4.569671093058975e-11, 3.1896673017364774e-8, 5.810108937374773e-10, 7.314272917708969e-11, 3.190138212814486e-8, 2.3770873673367818e-11, 2.8422359655176484e-11, 0.5541458522919483, 3.1854194792454516e-8]
v_opt: [0.05647330345676556, 3.188704341083149e-8]
solution time: 0.006618976593017578
McCormick lower bound: -3.1941299265929897

