x_opt: [0.5258473020082148, 0.8988882972747084, 0.10111162343032049, 0.8988883286202849, 0.10111168565607784, 0.10111162160130102, 0.10111168867336406, 0.8988883145033214, 0.10111167269552172, 0.10111170582768678]
w_opt: [0.5258473018137282, 0.10111162325343821, 0.525847301652973, 5.181783756531602e-8, 0.10111162122314821, 3.2313054617843424e-9, 0.424735616912695, 5.898336295019794e-10, 0.10111170528270448, 6.872143054773967e-10, 0.8988882969990514, 5.775496382988815e-10, 0.10111162101856103, 1.8071436843885926e-10, 0.8988882970731003, 2.179740910044463e-10, 3.3345877596808023e-9, 0.10111162309615652, 0.10111162133058282, 0.10111162009175477, 0.10111162303861101, 1.2054808309043176e-8, 3.3300436871963093e-10, 1.1777225341589974e-9, 1.576676625012868e-8, 5.29949918212157e-9, 0.10111168615525211, 0.8988883115474101, 1.7928399933985397e-9, 0.10111170553270546, 6.033104103368611e-10, 0.10111168370171715, 1.6069844493383167e-9, 5.264115994396808e-10, 2.7919543419586966e-10, 1.439131226003891e-10, 3.4229050094649213e-10, 0.10111162114547025, 7.077068562630769e-9, 3.6202459103617004e-9, 0.10111167241745345, 1.5757493751596834e-10, 6.664632859103063e-10, 0.10111170488952341, 0.10111167174570822]
v_opt: [0.010223647079558296, 0.10111167231306661]
solution time: 0.004853010177612305
McCormick lower bound: -2.7150884109081206

