x_opt: [0.3193526650363502, 0.6806473344907987, 0.31935249755439743, 0.9506476529649331, 0.31935266178550853, 0.31935235518490757, 0.31935250330975373, 0.6806473390240986, 0.049352342199038904, 0.31935266308290794]
w_opt: [0.31935266400218526, 0.31935249704453, 0.31935266459319245, 5.712278806627093e-8, 0.3193523543914687, 1.3006300812032812e-8, 6.823552876569381e-9, 3.7325067735306367e-10, 0.31935266112180943, 9.667091112589567e-10, 0.6806473339582536, 1.1891739749955816e-9, 0.3193523548561098, 3.6240738142071714e-10, 0.6806473335184134, 3.5934020930324346e-10, 2.5491598926749996e-9, 0.319352497154206, 0.3193524955179723, 0.3193523521360611, 0.31935249661391585, 1.7913271103320907e-9, 4.680161913582488e-10, 1.0033603699903256e-9, 0.27000031592072965, 0.27000004932677374, 0.31935250083378797, 0.6806473376531835, 4.90994180754269e-9, 0.3193526623234979, 9.758632149244204e-10, 0.31935249884207767, 1.5891819486175524e-9, 5.463705470531081e-10, 3.5186763317721473e-10, 7.867701956559603e-10, 8.359952043026297e-10, 0.049352341301589456, 1.4645348418418607e-8, 2.7177369441380287e-9, 0.049352341414020076, 4.710195408203137e-10, 6.736210025129068e-10, 0.3193526610899611, 0.04935234085366554]
v_opt: [0.10198604233748873, 0.04935234121437309]
solution time: 0.004277944564819336
McCormick lower bound: -2.753549099723533

