x_opt: [0.7429876183520165, 0.7907411349177623, 4.377384577736724e-8, 0.9999998219374108, 0.20925886351824446, 4.362288946168231e-8, 0.20925886465971166, 0.7907411373673521, 4.381275781307696e-8, 0.7429877356875648]
w_opt: [0.7429876182153823, 4.368544340261501e-8, 0.7429876182639263, 1.3632400437337986e-7, 4.3506574520276446e-8, 2.4225640720675496e-9, 0.533728755970036, 1.127699323599675e-10, 0.7429876179607354, 2.2381426455263855e-10, 0.7907411348124643, 5.947656106301885e-10, 4.352542036710575e-8, 1.2634195284028304e-10, 0.7907411347928512, 7.655347213352551e-11, 0.5337288710021622, 4.362314821181965e-8, 4.352948090646913e-8, 4.279435711355536e-8, 4.369604738478828e-8, 7.058245554479994e-10, 1.2348521920204798e-10, 2.7330689791714475e-10, 0.20925868562882433, 1.9893314148228336e-9, 0.20925886327723367, 0.7907411370538071, 1.9073247166693382e-10, 0.7429877355817459, 2.1764013670931783e-10, 0.2092588624597103, 1.7288694303972694e-9, 1.7063794299308694e-10, 6.838529526473816e-11, 8.918034582833172e-11, 1.3890957851744096e-10, 4.343702361413491e-8, 4.7662678224474654e-9, 2.227302895819816e-9, 4.3657918932349626e-8, 8.782525890031308e-11, 9.600096334574769e-11, 0.7429877353500308, 4.345102608183492e-8]
v_opt: [0.04378932734567302, 4.361979209094392e-8]
solution time: 0.0050280094146728516
McCormick lower bound: -2.22889655586104

