x_opt: [0.3622570698852245, 0.6377429216058171, 0.22390166457202737, 0.7760983165474363, 0.362253419697439, 0.22390168377070815, 0.22390166933828404, 0.6377465758498749, 0.22390167293094282, 0.36225707847127564]
w_opt: [0.36225706786098927, 0.22390166365238495, 0.36225706861697093, 9.882184753610151e-8, 0.22390168192494952, 3.36237523064245e-8, 3.6518463506622655e-6, 1.0446246666258082e-9, 0.3622570617490583, 2.585519268576859e-9, 0.6377429197493936, 3.811249467419366e-9, 0.22390168276603178, 9.026257466643153e-10, 0.6377429184810965, 8.110793619291731e-10, 3.4595830848155815e-9, 0.22390166304970835, 0.22390166117746105, 0.22390165864884934, 0.22390166330938935, 7.75771190610335e-9, 1.2154583216751497e-9, 2.614562835922469e-9, 0.13835173854441882, 3.4656829860755575e-8, 0.2239016607200796, 0.637746571808231, 4.040309177606382e-9, 0.3622570769222964, 2.3347441507726837e-9, 0.22390166360235325, 2.661268829162027e-9, 1.4920515784864824e-9, 1.1078606457477574e-9, 1.4993943497800906e-9, 1.6020662345389013e-9, 0.22390167085597093, 2.0597364217388285e-8, 4.022002949173436e-9, 0.22390166834313832, 1.0784938887664324e-9, 1.8535756926572798e-9, 0.36225707113757266, 0.22390166895926705]
v_opt: [0.050133267766508414, 0.22390167094197838]
solution time: 0.008582115173339844
McCormick lower bound: -1.5977938794908804

