x_opt: [0.4920831727929357, 0.5079168342501018, 0.10618686539162259, 0.8938131345866432, 0.18097905014589927, 0.10618686514260751, 0.18097904492615252, 0.8190209498193474, 0.10618686509650596, 0.4920831724279965]
w_opt: [0.49208317265055623, 0.10618686529517674, 0.4920831726817241, 6.4615923198697346e-9, 0.1061868650061906, 1.2444653994734703e-9, 0.31110412284888095, 1.275301297996236e-10, 0.49208317211041835, 2.7000929755324583e-10, 0.507916834119632, 2.3429733814730283e-10, 0.106186865027373, 9.990389348339838e-11, 0.5079168341270194, 8.78711513116487e-11, 6.802548655880494e-9, 0.10618686524066957, 0.10618686506778854, 0.10618686462183033, 0.10618686529181909, 9.420778429160404e-10, 1.2762558939639918e-10, 3.0359665935056735e-10, 0.07479218492029521, 2.490942999847743e-9, 0.18097904418422706, 0.8190209494725497, 2.9363882428094044e-10, 0.49208317229926346, 2.2029179165722511e-10, 0.18097904437436554, 2.97240999157682e-10, 1.5634534094129194e-10, 8.619389482921013e-11, 1.0274878245159606e-10, 1.6021679754688082e-10, 0.10618686486250341, 2.048177890046471e-9, 3.319621182215171e-10, 0.10618686492042015, 9.372237151967345e-11, 1.2837324605855246e-10, 0.4920831720794576, 0.10618686472277222]
v_opt: [0.03275376379832073, 0.10618686490348687]
solution time: 0.0056610107421875
McCormick lower bound: -2.1186273997091933

