x_opt: [0.3532786409494795, 0.7165032004624593, 0.2834967985709341, 0.9421439783874728, 0.2834967991706076, 0.28349653255505974, 0.2834967985342682, 0.7165032009359428, 0.057856035527149505, 0.2834967998425241]
w_opt: [0.35327864084257193, 0.2834967985055862, 0.353278640883517, 5.3268976087479966e-9, 0.28349653246883155, 6.6483563841442e-10, 0.06978184254721478, 7.294076964747204e-11, 0.2834967997031525, 3.168574381638963e-10, 0.7165032003977143, 1.1337771818923717e-10, 0.2834965324957759, 6.337020086198922e-11, 0.7165032003876918, 6.577147674623279e-11, 3.919858261964592e-10, 0.28349679851395954, 0.28349679824476265, 0.2834965324020567, 0.2834967984589667, 1.2823408144475769e-9, 7.727608406941954e-11, 1.803304636000562e-10, 0.22564077770657562, 0.2256405121785768, 0.2834967982469734, 0.7165032007487537, 1.408389814496316e-8, 0.28349679973515957, 1.4618264832267585e-10, 0.28349679828969704, 2.1705376693327816e-10, 9.067303877541696e-11, 4.91901490284693e-11, 7.075035638602964e-11, 1.71889533616454e-10, 0.05785603542387625, 1.5056831237866409e-9, 2.8145863807981365e-10, 0.05785603543475071, 6.276740495868037e-11, 8.371826239576435e-11, 0.2834967996282997, 0.05785603533386424]
v_opt: [0.08037048212755775, 0.057856035380461496]
solution time: 0.004904031753540039
McCormick lower bound: -4.279047013884482

