x_opt: [0.525846914025876, 0.8988879338612967, 0.10111198402781858, 0.8988884070990044, 0.10111205324418925, 0.10111187321731752, 0.10111198776916355, 0.8988879699389696, 0.10111185194680658, 0.10111206045496357]
w_opt: [0.5258469030608978, 0.10111197650182482, 0.5258469024464034, 5.139911932738832e-7, 0.10111185802032628, 9.033561122515948e-8, 0.42473490296750804, 1.1249546585909411e-8, 0.10111204080577228, 4.3506804328881503e-8, 0.8988879241686323, 1.802629546960604e-8, 0.10111186364502232, 6.7729272361943734e-9, 0.8988879237644712, 9.337427660263069e-9, 1.1652638636724105e-8, 0.10111197697499423, 0.10111192374159415, 0.10111185505312094, 0.10111196590092057, 1.7090977434031032e-7, 1.0103471324312037e-8, 2.4277655568493117e-8, 4.830304833494892e-7, 4.0813011592175357e-7, 0.10111195195439364, 0.8988879462662788, 2.7934115754581885e-7, 0.10111204416632416, 2.0195615694517688e-8, 0.10111195587054952, 3.591673468003731e-8, 1.2314465614712436e-8, 8.563233544699274e-9, 7.693058830644011e-9, 1.5883007110969108e-8, 0.10111183383966935, 1.5073876498192602e-7, 4.617564747703407e-8, 0.10111184073833786, 7.207339650894797e-9, 1.6947573096993306e-8, 0.10111202357452095, 0.10111182511558771]
v_opt: [0.010224373831541558, 0.10111183513755216]
solution time: 0.00581812858581543
McCormick lower bound: -4.773383039966201

