x_opt: [0.456679023850243, 0.7740079835740605, 0.22599201632081006, 0.8716739106691379, 0.2259920164136969, 0.128326532461882, 0.22599201642413524, 0.7740079836249237, 0.12832609201783543, 0.22599201643156788]
w_opt: [0.4566790238381853, 0.22599201631332358, 0.45667902384256376, 4.2368190147610764e-10, 0.1283265324507189, 7.703098020805734e-11, 0.2306870074961576, 8.464501826222863e-12, 0.2259920164171634, 3.5338953168811136e-11, 0.7740079835666338, 1.6699010521075074e-11, 0.12832653245488035, 7.30760703308011e-12, 0.7740079835656437, 7.528558211925101e-12, 1.8565124584092726e-11, 0.2259920163142523, 0.22599201628680607, 0.12832653244826508, 0.22599201631197013, 1.451761254724286e-10, 8.804979363295576e-12, 2.11667144509206e-11, 0.09766592709959374, 4.432613512883577e-7, 0.22599201631178126, 0.7740079836040384, 2.702156936615764e-9, 0.22599201641924055, 1.7048277612151512e-11, 0.22599201631819604, 4.964639209757657e-11, 1.0381582355238933e-11, 5.777138568630572e-12, 8.017846398434806e-12, 1.4248689081878513e-11, 0.12832609200671516, 1.6137230027060897e-10, 3.475184837351257e-11, 0.12832609200761425, 7.181239181723689e-12, 9.628494011983747e-12, 0.22599201640644545, 0.12832609199629558]
v_opt: [0.05107239196686458, 0.1283260920017101]
solution time: 0.0070950984954833984
McCormick lower bound: -4.309808094320386

