x_opt: [0.4366778727290541, 0.43667787555790627, 8.301492967119227e-7, 0.7819384747671893, 0.2180616385345602, 0.21805963494744834, 0.2180596090652803, 0.56342713546226, 0.21805963351730856, 0.5633245573313621]
w_opt: [0.4366778541634526, 8.218405458173643e-7, 0.43667785764236533, 7.975305932205571e-7, 0.21805961835861487, 2.735016130342369e-7, 0.00010502725911204708, 1.9013064990341294e-8, 0.4366778425171723, 2.327592460997253e-8, 0.4366778534044143, 1.1845321555645154e-7, 0.21805961311752153, 1.0462742159065584e-8, 0.43667785748493915, 8.15727847450406e-9, 2.442989616757764e-6, 7.787718660875505e-7, 7.963530736241981e-7, 7.136464840991315e-7, 8.17558101532771e-7, 1.195605737571366e-7, 1.5218861568260267e-8, 3.9481556435934625e-8, 1.5118220496811944e-7, 3.694675959961157e-7, 0.21805904644671872, 0.563427078720804, 2.4513637631311083e-8, 0.563324546466745, 2.718049789214477e-8, 0.2180586105850339, 4.045853629280681e-8, 2.5788412124488887e-8, 1.2740278906652628e-8, 8.631434210378108e-9, 1.3176511568664475e-8, 0.21805961589157463, 1.268136508619284e-7, 3.560608027299825e-8, 0.2180595652998888, 8.331127789247176e-9, 1.625689966752262e-8, 0.563324533676966, 0.21805955629173737]
v_opt: [0.04755045670182126, 0.21805961552304626]
solution time: 0.004975080490112305
McCormick lower bound: -1.3144633107659662

