x_opt: [0.36244513646707943, 0.7893677327176406, 0.2106322665337884, 0.9708268779821916, 0.210632267272534, 0.2106322665205288, 0.21063226652264155, 0.7893677327305344, 0.2106322665158271, 0.21063226727264925]
w_opt: [0.3624451364619024, 0.21063226653058337, 0.3624451364609091, 2.410026780780275e-10, 0.21063226651348732, 5.742885165557586e-11, 0.15181286920546136, 4.640834551082665e-12, 0.2106322672632457, 1.2080505148188889e-11, 0.7893677327118769, 9.644328987636018e-12, 0.21063226651616412, 2.6530535219017073e-12, 0.7893677327110343, 3.5745757813451178e-12, 4.4457744847130255e-12, 0.21063226653009554, 0.21063226651512648, 0.21063226650661848, 0.21063226652435893, 3.734422745312477e-11, 4.501499511123227e-12, 9.665602479040311e-12, 0.18145914526463497, 0.18145914455162646, 0.2106322665167518, 0.7893677327188915, 0.18145914450711803, 0.2106322672653969, 8.63090400475862e-12, 0.2106322665217184, 1.009957730195479e-11, 5.314066033277696e-12, 4.706322723392722e-12, 3.9216549895263974e-12, 5.873181071904687e-12, 0.2106322665068337, 6.085172261921784e-11, 1.6541733511576998e-11, 0.2106322665091571, 3.3158242571143215e-12, 9.327286380028234e-12, 0.21063226725040354, 0.21063226650424904]
v_opt: [0.04436595880232594, 0.2106322665086298]
solution time: 0.0062029361724853516
McCormick lower bound: -2.9344573585309455

