x_opt: [0.43665133497351843, 0.43665133467392586, 1.5778830738068926e-8, 0.7819066853925243, 0.21809330754029635, 0.21809331327949963, 0.21809326017967634, 0.5633486727125865, 0.2180933126161437, 0.5633486791994055]
w_opt: [0.4366513341504302, 1.556107882356755e-8, 0.4366513345247233, 1.1206170480354728e-7, 0.2180933128998571, 1.026036932069414e-8, 8.314581159894245e-9, 4.258634347112905e-10, 0.4366513341883578, 4.984521598367855e-10, 0.4366513337056051, 9.888569044861024e-9, 0.2180933127462391, 2.432120758608422e-10, 0.4366513340825354, 1.9964902483666277e-10, 1.4265870698285579e-8, 1.2940959213941828e-8, 1.4979137686750053e-8, 6.92164596062488e-9, 1.5411789685219355e-8, 1.9394232424654584e-9, 3.6592250727533957e-10, 7.683616546635295e-10, 6.250244851914588e-10, 3.196935937061693e-8, 0.2180931948396135, 0.5633486712754653, 1.7496020356497221e-9, 0.5633486789031629, 5.862907096572752e-10, 4.524198673757729e-8, 5.62790361957847e-10, 5.015713803200555e-10, 4.073115828135741e-10, 2.601953429603114e-10, 3.309759101468016e-10, 0.21809331219684028, 4.840967049802145e-9, 1.098880671536737e-9, 0.21809325967871243, 2.3193631256304335e-10, 5.02254821247122e-10, 0.5633486708401694, 0.21809331114684488]
v_opt: [0.04756793756683803, 0.21809331221365136]
solution time: 0.00440216064453125
McCormick lower bound: -0.9711783679738633

