x_opt: [0.500000099531606, 0.5000001028541923, 1.5289505802119734e-7, 0.849042170154704, 0.1770930652896524, 0.15095767599332147, 0.15095767040199906, 0.8229068828493654, 0.1509576751343524, 0.5000000569200154]
w_opt: [0.5000000977914169, 1.5231698520080472e-7, 0.5000000983564794, 2.4781587970086226e-7, 0.1509576745261848, 1.5432125907190344e-8, 0.32290698608773666, 1.7257623519575241e-9, 0.500000036189115, 2.0680890835315513e-9, 0.5000001012194323, 4.9166141065898515e-9, 0.15095767441927785, 1.2068378761426207e-9, 0.5000001011619241, 6.271654320140265e-10, 1.6088465729883084e-7, 1.5042000856089338e-7, 1.5031608459414403e-7, 1.476071978648069e-7, 1.520045011263677e-7, 8.602413228830585e-9, 1.3035796964859213e-9, 3.40585357375936e-9, 0.026135237030070244, 8.315554950528894e-8, 0.15095764515167343, 0.8229068706950965, 6.740554050128486e-9, 0.5000000559697306, 2.3695015129514835e-9, 0.150957666210126, 6.834150338602355e-9, 2.6329580051727253e-9, 1.5605062679840766e-9, 5.550973348831067e-10, 9.981540957898405e-10, 0.15095767409500596, 2.3620049270153815e-8, 2.8433558773438476e-9, 0.1509576700680605, 6.322680478881141e-10, 1.2887406915672651e-9, 0.5000000500767143, 0.15095767051301334]
v_opt: [0.022788264842738826, 0.1509576737262466]
solution time: 0.004827022552490234
McCormick lower bound: -1.6253524748869552

