x_opt: [0.5258431051734349, 0.8988848429964386, 0.10111482516907379, 0.8988896294138757, 0.10111509412871361, 0.10111436863957537, 0.10111484938907217, 0.8988849109074671, 0.10111436639227557, 0.10111517534867212]
w_opt: [0.5258431014771457, 0.10111482242754767, 0.525843101154419, 1.3586133097086522e-6, 0.10111436350407679, 4.004572097311579e-8, 0.42472802293710193, 4.570773378648919e-9, 0.10111516648381468, 1.748947378548592e-8, 0.8988848392751014, 8.556539429184193e-9, 0.10111436473459594, 2.589882432719825e-9, 0.8988848399407896, 3.287974918356332e-9, 2.239181138558849e-8, 0.10111482225734134, 0.10111477162555312, 0.10111435436957897, 0.10111481604506725, 8.813539202601377e-8, 3.84739357271216e-9, 1.0169383734095003e-8, 4.735258094177176e-6, 4.264106649782239e-6, 0.10111483337184587, 0.8988848953923465, 4.029364712726611e-6, 0.10111517026731474, 7.585833504002076e-9, 0.10111479649309738, 1.2937706430292842e-8, 4.962903672595573e-9, 3.0610782288961173e-9, 2.580240933864926e-9, 7.977404844041812e-9, 0.10111435504085377, 7.608947745678268e-8, 2.0743811647839034e-8, 0.10111436126515032, 2.55009803052105e-9, 7.911024973270428e-9, 0.10111516213759537, 0.10111435633893127]
v_opt: [0.010225939904359884, 0.10111436047288876]
solution time: 0.00500178337097168
McCormick lower bound: -3.925969096683912

