x_opt: [0.362257905553518, 0.6377465981432526, 0.22390139262331116, 0.7760999033782078, 0.36225167250286544, 0.2239013687601201, 0.2239014096852672, 0.6377486552243476, 0.22390078326172766, 0.36225375875145654]
w_opt: [0.36225786586590825, 0.22390137831974644, 0.3622578869443902, 8.445797297093708e-6, 0.22390133243629856, 7.174599890961212e-7, 6.856513811178727e-6, 1.7513451139416026e-8, 0.3622534255765097, 3.918727356458979e-8, 0.637746573970457, 4.689345313800517e-8, 0.22390135377019033, 1.3317762716948179e-8, 0.6377465794960362, 1.3385234354941982e-8, 3.8052603489033305e-7, 0.223901376233026, 0.2239013647213508, 0.22390130126917415, 0.2239013676694507, 1.5039839618554784e-7, 1.8354233559160745e-8, 6.176118835251845e-8, 0.13835163322465738, 1.4000517139830834e-6, 0.2239012340597242, 0.6377485400861823, 1.042294436287311e-6, 0.3622537275073759, 5.742585461913201e-8, 0.22390127652427852, 3.710268640025512e-7, 3.1195880955164854e-8, 1.898198251286841e-8, 1.7350786991851453e-8, 2.620657314245276e-8, 0.223900724227127, 4.4329717452281264e-7, 2.592891397828347e-7, 0.22390075300816578, 1.4831685218582985e-8, 3.088204738114231e-8, 0.36225365023246214, 0.22390073088480938]
v_opt: [0.05013192306014289, 0.22390074894385842]
solution time: 0.00513005256652832
McCormick lower bound: -2.5679887651969744

