x_opt: [0.3189585704917615, 0.7602207545774404, 0.2397792312293064, 0.9899720012688379, 0.23977924487370705, 0.23977923067486723, 0.23977923115326577, 0.7602207551889136, 0.2397792266195505, 0.2397792455170261]
w_opt: [0.31895857035932407, 0.23977923114878186, 0.31895857038397446, 1.4601261255410986e-8, 0.23977923053297745, 1.2687577207104256e-9, 0.07917932592117465, 9.924398785969328e-11, 0.23977924535025974, 4.1562937743531314e-10, 0.7602207544759323, 1.289983039173075e-10, 0.23977923058832804, 7.335490955069257e-11, 0.7602207544661079, 8.792276549103308e-11, 1.809675416177542e-10, 0.23977923115085228, 0.23977923074958737, 0.23977923045266114, 0.23977923105010351, 2.4430640859307626e-9, 1.0155835548925378e-10, 2.3417395039960004e-10, 0.2297512463607094, 0.22975123382138354, 0.239779230716152, 0.7602207549410819, 0.22975122807812157, 0.23977924535553402, 1.9951970592307233e-10, 0.23977923080608765, 2.240810701967622e-10, 1.203678515476841e-10, 7.883059748170406e-11, 9.228550888848759e-11, 1.7043941238737243e-10, 0.23977922648566402, 2.0786696416973033e-9, 4.419447430003411e-10, 0.23977922648859817, 7.98970053664649e-11, 1.5246835615196047e-10, 0.23977924514424667, 0.23977922634149265]
v_opt: [0.057494093340807705, 0.23977922643999686]
solution time: 0.005568027496337891
McCormick lower bound: -3.8837532733779767

