x_opt: [0.4929171331366654, 0.8394342702506141, 0.16056557188848722, 0.8859317467894333, 0.1605657272774146, 0.11406826846683911, 0.16056557726214765, 0.8394342741637705, 0.11406826615999573, 0.1605657301378249]
w_opt: [0.4929171323639368, 0.16056557138603184, 0.4929171325014557, 3.130460040676701e-8, 0.11406826765018985, 6.336642015574379e-9, 0.33235140857771445, 6.596146248712235e-10, 0.16056572897871718, 1.6998611358667787e-9, 0.8394342696007987, 1.2527850834844464e-9, 0.11406826788733718, 4.634191168727658e-10, 0.8394342695577319, 5.065779500672724e-10, 1.3334995353959334e-9, 0.1605655713144199, 0.16056556987669598, 0.11406826721264854, 0.16056557126514592, 5.562010093913551e-9, 6.533789857538829e-10, 1.5282872887591642e-9, 0.04649747523513095, 2.5493877441890028e-8, 0.16056557439323044, 0.83943427250078, 1.417015142879311e-8, 0.16056572931404794, 1.209574065034434e-9, 0.16056557533063526, 2.4069268773407382e-9, 7.856276990234835e-10, 4.838016523408748e-10, 5.466993852655558e-10, 8.974607891756859e-10, 0.1140682652061993, 1.0216860385433118e-8, 1.7441380544535676e-9, 0.1140682653621173, 4.915433886350864e-10, 7.914186402212285e-10, 0.16056572808617198, 0.11406826443902628]
v_opt: [0.025781411776484665, 0.11406826509654565]
solution time: 0.007828950881958008
McCormick lower bound: -2.95585316754246

