x_opt: [0.7429874564673473, 0.7907411970986217, 1.206813886366683e-7, 0.9999998784159233, 0.20925880223824847, 1.2029993381028358e-7, 0.20925880126056226, 0.7907411979896569, 1.2044266818746414e-7, 0.7429874551955146]
w_opt: [0.742987456427432, 1.206506877340734e-7, 0.7429874564361898, 5.488461299598345e-8, 1.2025909184527396e-7, 3.076727337008189e-10, 0.5337286545183513, 3.943549602622375e-11, 0.7429874547485127, 6.735483889420162e-11, 0.7907411970641033, 1.1243490101951262e-10, 1.2026413740184362e-7, 3.6634793773905814e-11, 0.7907411970598387, 2.711745904492823e-11, 0.533728652315097, 1.2063799232242978e-7, 1.2059316098267164e-7, 1.2011077592217296e-7, 1.2065253291179765e-7, 2.738900314331455e-10, 3.839009350669872e-11, 9.47217094945784e-11, 0.20925868070078893, 1.1050407775720585e-9, 0.20925880103064526, 0.7907411979312468, 1.2487024732411899e-10, 0.7429874551580279, 7.03760377791657e-11, 0.20925880079766762, 3.0022960912969477e-10, 5.174844367901278e-11, 2.2935289746878424e-11, 3.0995292146617136e-11, 4.845584366786828e-11, 1.2027605974662822e-7, 2.3033930833397706e-10, 1.9772231983112778e-10, 1.2039234647207573e-7, 2.9814651022864e-11, 3.4714279117597034e-11, 0.7429874551121877, 1.2033252942222992e-7]
v_opt: [0.04378927076378164, 1.2038633920921909e-7]
solution time: 0.004430055618286133
McCormick lower bound: -2.3472374038916195

