x_opt: [0.36225556116358293, 0.6377439710007448, 0.2239028723571956, 0.7760974900168371, 0.3622550670192973, 0.2239032436642075, 0.22390281924317787, 0.6377448208520103, 0.2239028132673008, 0.3622556622555776]
w_opt: [0.36225555203923404, 0.22390286926195632, 0.3622555512489546, 5.532407791652904e-6, 0.22390323122387684, 2.590788869768575e-6, 9.097437405125775e-7, 6.273219657922763e-9, 0.36225509301563197, 1.7343928198302248e-8, 0.6377439601911468, 3.8821734159112614e-8, 0.2239032372764387, 4.50892199445822e-9, 0.6377439515140545, 4.997086989866574e-9, 1.3668774033733261e-8, 0.2239028652472169, 0.2239028493374239, 0.2239028306033375, 0.2239028165347956, 3.2734389360678063e-7, 9.017462095621115e-9, 1.9812131760205735e-8, 0.13835257484569113, 3.7853195976139767e-6, 0.2239026598163323, 0.6377447954768256, 3.2085323710308164e-7, 0.3622556451735135, 1.995590214475368e-8, 0.22390279706401786, 5.460848236072723e-8, 1.801358037618343e-8, 1.0678018448349174e-8, 1.2159134244442703e-8, 7.394098442091487e-9, 0.22390279602779026, 1.5167272597107395e-6, 8.754003279855742e-8, 0.22390279538782326, 6.644617818562626e-9, 1.562716454507949e-8, 0.36225556060270064, 0.22390278401506464]
v_opt: [0.05013270185083502, 0.22390279428613688]
solution time: 0.004665851593017578
McCormick lower bound: -1.9647478457561551

