x_opt: [0.5258470467959284, 0.8988877169884264, 0.10111178450324705, 0.8988881868326365, 0.10111206557257756, 0.10111179902306255, 0.1011118098888353, 0.8988879344780351, 0.10111180800172793, 0.10111229535473959]
w_opt: [0.5258470465889014, 0.10111178433739114, 0.5258470464814057, 1.7745817623950397e-7, 0.10111179857494475, 1.224356291923246e-8, 0.42473498310554614, 3.589388511966074e-10, 0.10111229478902138, 5.493994992360495e-10, 0.8988877166810767, 4.66370397118683e-10, 0.10111179863019237, 1.6892416773420758e-10, 0.8988877167692243, 1.8656098131090885e-10, 1.268448084971479e-8, 0.10111178415130419, 0.10111178312770308, 0.10111178279225366, 0.10111178416293469, 8.990135826142299e-9, 3.1791655827622225e-10, 9.724402781790913e-10, 2.5320198388213363e-7, 2.2093177051393186e-8, 0.10111180429893449, 0.8988879323000823, 9.144814119795162e-10, 0.10111229507832563, 6.246022018281051e-10, 0.10111180505851489, 2.174285455266291e-9, 4.892145082105509e-10, 2.6494811412337547e-10, 1.6408809620955136e-10, 3.022533215963835e-10, 0.10111179866047262, 1.5403333851516305e-8, 1.0788113103008408e-9, 0.10111180740538052, 1.6544719399416791e-10, 3.9949135123136696e-10, 0.10111229444016201, 0.10111180707341995]
v_opt: [0.0102239002992424, 0.10111180762004626]
solution time: 0.005412101745605469
McCormick lower bound: -2.1474673659932844

