x_opt: [0.36225571204, 0.6377442990260889, 0.22390308485028193, 0.7760969133552207, 0.36225564142126115, 0.22390308632515385, 0.22390308599445446, 0.6377443580860527, 0.22390308578544116, 0.36225570141477187]
w_opt: [0.3622557116255384, 0.22390308460962302, 0.3622557116208333, 1.721335436008511e-8, 0.22390308592749317, 4.004625416615304e-9, 7.051973849153388e-8, 3.1011378500503596e-10, 0.3622557008545324, 6.396524175638762e-10, 0.6377442986066701, 5.623742998734419e-10, 0.22390308602608816, 1.851285550701557e-10, 0.6377442987023456, 2.0907692990444041e-10, 8.334002174643669e-10, 0.2239030844999491, 0.22390308380669474, 0.22390308370348, 0.22390308440502682, 2.1066337058054225e-9, 2.9937227520581316e-10, 6.471854411952177e-10, 0.13835255531658597, 5.653322428975688e-9, 0.2239030843368116, 0.6377443572635458, 7.462229278992193e-10, 0.3622557010298487, 5.352405581628376e-10, 0.22390308476166626, 3.68025029429106e-10, 3.607069536194354e-10, 2.9439049497244546e-10, 2.471479524920856e-10, 3.4897640534123535e-10, 0.22390308549174087, 4.014323947825162e-9, 9.39693658429817e-10, 0.22390308505002993, 2.1216053148715153e-10, 4.936039008114332e-10, 0.36225570012087327, 0.22390308504985862]
v_opt: [0.050133273307937945, 0.22390308536131542]
solution time: 0.004804849624633789
McCormick lower bound: -1.9650105027936133

