x_opt: [0.4660221191408545, 0.858790420635546, 0.14120957774617848, 0.9252266776463518, 0.14120957924341423, 0.14120957695012767, 0.14120957786253385, 0.8587904208851236, 0.14120957677308268, 0.14120957929919953]
w_opt: [0.466022119056282, 0.1412095776912928, 0.4660221190563083, 3.5181191999931878e-9, 0.14120957684248922, 7.400663628966747e-10, 0.32481254016461947, 7.715528754203082e-11, 0.1412095791575117, 2.4154051663171415e-10, 0.8587904205593775, 1.4445859162667741e-10, 0.14120957688216876, 4.7832341962315925e-11, 0.8587904205512695, 6.283863699406154e-11, 8.605174264670253e-11, 0.14120957769047526, 0.14120957742285062, 0.14120957680692497, 0.14120957763763226, 8.79409716896518e-10, 7.347243303173898e-11, 1.6857294358778365e-10, 0.06643625704538174, 0.06643625542737544, 0.14120957757959482, 0.858790420706389, 0.06643625456012756, 0.1412095791854532, 1.430331683047094e-10, 0.14120957764578618, 2.2849894845254346e-10, 8.794547421095169e-11, 6.346653164056183e-11, 6.064352712441053e-11, 1.0755412521981888e-10, 0.14120957664618972, 1.0771742382311659e-9, 2.6371738057591407e-10, 0.14120957668614065, 5.4240434503522045e-11, 1.206570629069447e-10, 0.1412095790181548, 0.1412095765795003]
v_opt: [0.019940168463009045, 0.14120957665122966]
solution time: 0.0051288604736328125
McCormick lower bound: -3.7796920444858393

