x_opt: [0.3637267614168969, 0.6362732581166362, 0.22448508140549894, 0.7755149589757798, 0.3637266594947055, 0.22448504989337756, 0.23378129402853376, 0.6362733400574684, 0.22448504044474904, 0.36372675613820926]
w_opt: [0.3637267576868115, 0.22448507924167604, 0.36372675903035084, 1.4458178446843606e-7, 0.2244850468507344, 3.091698835887749e-8, 1.073976110637885e-7, 2.4399794617774736e-9, 0.3637267490524547, 6.120644670174832e-9, 0.6362732552200552, 5.1813584323927835e-9, 0.2244850476830374, 2.1433531103856933e-9, 0.6362732550224287, 1.9090373918044577e-9, 1.7712681316341086e-8, 0.22448507844277119, 0.2244850743605644, 0.22448504227542604, 0.2244850792756946, 2.0071396951386138e-8, 2.69983738185541e-9, 5.9775521489035235e-9, 0.13924162281705563, 6.806627198043878e-8, 0.23378127946070967, 0.6362733323988174, 8.35393461726623e-9, 0.36372675310651514, 4.735677579045523e-9, 0.2337812843887367, 5.990106265731302e-9, 3.1506540105714875e-9, 1.8557950346458737e-9, 2.6847612455358846e-9, 3.6715979651343014e-9, 0.22448503666610461, 4.440547395503693e-8, 6.887583806217157e-9, 0.2244850363463717, 2.2146419746348245e-9, 2.9367230384413424e-9, 0.36372674808718375, 0.22448503266687406]
v_opt: [0.05465694304955228, 0.22448503600975833]
solution time: 0.006916999816894531
McCormick lower bound: -2.1513560326786076

