x_opt: [0.525520451323844, 0.8986692901941694, 0.1013306968893608, 0.8990322728785888, 0.10133070964894127, 0.10133069629077905, 0.10133069712677147, 0.898669290442718, 0.1013306962417773, 0.10133070969511834]
w_opt: [0.5255204512418115, 0.10133069683375291, 0.5255204512213103, 4.057859472247633e-9, 0.10133069617563015, 8.870550646971054e-10, 0.42418974190110603, 8.37940686463602e-11, 0.10133070953460518, 2.042798804924954e-10, 0.8986692901010022, 1.7113442208297939e-10, 0.10133069621298427, 4.7447414837601946e-11, 0.898669290092757, 6.158045419626894e-11, 8.341181613351645e-11, 0.10133069682352333, 0.10133069658705227, 0.10133069609158286, 0.10133069677689611, 6.550019557652434e-10, 7.842497860564478e-11, 1.7519750622371686e-10, 0.0003629826864053644, 0.0003629700070985806, 0.10133069679051106, 0.8986692902441552, 0.0003629692844971024, 0.10133070958004371, 1.4886502857587738e-10, 0.10133069688586406, 2.0865217377077856e-10, 9.445254406466034e-11, 7.577906780962627e-11, 6.328900315177365e-11, 1.0074155698239015e-10, 0.10133069608534026, 1.0802823416907543e-9, 2.5783388318934855e-10, 0.10133069614866123, 5.594574330157038e-11, 1.3797712704388294e-10, 0.1013307093590571, 0.10133069604971781]
v_opt: [0.010269196882795003, 0.10133069612776933]
solution time: 0.005995988845825195
McCormick lower bound: -2.936060636569863

