x_opt: [0.7429876024635235, 0.7907412608925491, 3.424986850183873e-8, 0.9999999714654769, 0.20925873073206527, 1.959256384894556e-8, 0.20925872987729172, 0.7907412701725834, 1.793079422684733e-8, 0.7429876026719341]
w_opt: [0.7429876024154638, 3.421872545104386e-8, 0.7429876024315912, 3.639682363419495e-8, 1.955446819966366e-8, 1.6027686186307215e-9, 0.5337288728109119, 4.6586979986349587e-11, 0.7429876008825009, 7.3188976696695e-11, 0.7907412608591609, 3.1758908918916263e-10, 1.9553782675059048e-8, 9.83904866453798e-11, 0.7907412608174632, 3.400466235286496e-11, 0.5337288641928418, 3.419464635571814e-8, 3.4126988159964165e-8, 1.893752583730012e-8, 3.422558126053968e-8, 3.619289681552081e-10, 6.041219777393546e-11, 9.714740567997942e-11, 0.20925870227473042, 6.7979081982312426e-9, 0.20925872861004335, 0.7907412699317222, 1.0821677387734343e-9, 0.7429876026184186, 6.820693823457006e-11, 0.20925872709160348, 1.0455218098107505e-9, 8.973097999706525e-11, 3.167494595839354e-11, 6.306918566562258e-11, 7.903763892781676e-11, 1.7619351963180696e-8, 5.560134405700844e-9, 1.2015343592865378e-9, 1.7865162714090187e-8, 4.107040245522702e-11, 3.0915037819996064e-11, 0.7429876025414651, 1.7716732989419166e-8]
v_opt: [0.043789260449150824, 1.778845160888603e-8]
solution time: 0.004827022552490234
McCormick lower bound: -2.505138988823519

