x_opt: [0.7429807067540242, 0.7907307937466723, 9.678589882657909e-7, 0.9999986678615894, 0.2092526468539095, 1.1152705223887159e-6, 0.20925188330902875, 0.7907475531316146, 1.2303783979496258e-6, 0.7429780799426943]
w_opt: [0.7429806993691659, 9.622474177247852e-7, 0.7429806994599455, 1.5206017391203633e-6, 1.1057230128412175e-6, 9.89286659975339e-8, 0.5337282756766262, 1.1387973421460623e-8, 0.7429776434879258, 1.6505138596514455e-8, 0.7907307857807909, 4.586575922781612e-8, 1.1051320561016194e-6, 6.57811726696551e-9, 0.7907307871600068, 5.725560298540971e-9, 0.5337088973505757, 9.566872813984956e-7, 9.47209377177464e-7, 9.296773620655167e-7, 9.612706949263874e-7, 6.211591035627997e-8, 8.741326461902316e-9, 2.851359908196877e-8, 0.20925132658413442, 1.1159431152894087e-7, 0.20925180241033406, 0.7907475296022952, 2.2235220483917378e-8, 0.7429780727473472, 1.839175454008944e-8, 0.20925180505150823, 2.2522123559164662e-7, 1.6919658993424115e-8, 6.7507004703082436e-9, 4.816624253589695e-9, 9.362925960948656e-9, 1.1052373114276944e-6, 1.3670185498955222e-7, 3.959147148256281e-8, 1.2206563955688041e-6, 5.27370028076058e-9, 7.720929314765226e-9, 0.7429780587391316, 1.2002613914006326e-6]
v_opt: [0.043787522484203034, 1.2187732245628699e-6]
solution time: 0.004429817199707031
McCormick lower bound: -2.244353488800892

