x_opt: [0.5258475167610829, 0.8988882947975401, 0.10111164224710181, 0.8988885497928442, 0.10111155584162466, 0.1011114059301166, 0.10111162933558622, 0.898888429118868, 0.10111138602811086, 0.1011119867309404]
w_opt: [0.5258475084008825, 0.10111163428672938, 0.5258475081023969, 1.3550715307830631e-6, 0.1011113935568186, 7.314473163168577e-8, 0.4247359675005928, 1.4614171279164787e-8, 0.1011118647256371, 6.283738227170184e-8, 0.8988882867516307, 1.5253283292669926e-8, 0.10111139595932797, 9.169906714846837e-9, 0.8988882881729584, 1.00819901508263e-8, 2.918200610064139e-7, 0.10111163530980127, 0.101111455463835, 0.10111138791146247, 0.10111162622118178, 3.4507677364959614e-7, 9.945343646508856e-9, 3.035561482198945e-8, 1.3895865053169655e-7, 1.5119878261471675e-7, 0.10111158418006433, 0.898888348736169, 7.469584681195379e-8, 0.10111197504418702, 2.1290923987190973e-8, 0.10111149526132025, 9.93090112047929e-9, 1.526139060852245e-8, 7.097018653643771e-9, 5.541971313266121e-9, 2.5099436492379457e-8, 0.10111135818532066, 1.5581089872140842e-7, 2.1183858764839327e-7, 0.10111137650167294, 5.92868460014814e-9, 1.9928197507028117e-8, 0.10111196123504022, 0.1011113497193213]
v_opt: [0.01022443002336421, 0.10111137129711134]
solution time: 0.0062160491943359375
McCormick lower bound: -4.713208297859822

