x_opt: [0.3744512706234042, 0.6255487453398045, 0.3744512280973443, 0.8393206917309919, 0.37445124701437343, 0.16067936212985373, 0.37445122958955124, 0.6255487530310333, 0.1606793092262202, 0.3744512615933899]
w_opt: [0.37445127049643423, 0.37445122801876696, 0.37445127057186844, 3.2049008804355484e-9, 0.16067936202512623, 1.0063618022685945e-9, 2.435845159524762e-8, 6.566818879806091e-11, 0.3744512610371583, 1.8229222984290476e-10, 0.6255487452653852, 1.466359002811514e-10, 0.16067936207590403, 7.611967588977982e-11, 0.6255487452503612, 5.490801561455851e-11, 6.976811590786369e-9, 0.37445122802646186, 0.3744512279268684, 0.160679361951238, 0.37445122802057834, 3.718937864041559e-10, 7.587370624335868e-11, 1.9878104394370898e-10, 0.213771938906023, 5.4340150270969874e-8, 0.37445122910983314, 0.625548752725319, 2.1571070134459086e-9, 0.37445126147167607, 1.735897304576061e-10, 0.3744512291090425, 3.0026752529781715e-10, 1.079042282225382e-10, 4.6506331381403686e-11, 7.840841658569119e-11, 1.502791350222772e-10, 0.16067930910058548, 1.9605298102671767e-9, 5.302905566143459e-10, 0.1606793091047817, 6.95509225799238e-11, 8.914368096461318e-11, 0.37445126128494555, 0.16067930896359342]
v_opt: [0.14021375378315276, 0.16067930908936456]
solution time: 0.005148887634277344
McCormick lower bound: -2.8333722207767997

