x_opt: [0.32183918850974835, 0.7621514075153486, 0.2378485069154078, 0.9887036943545829, 0.23784858987427263, 0.23784849626713903, 0.23784850785684664, 0.7621514113815828, 0.23784848771883535, 0.23784859288071172]
w_opt: [0.3218391879414377, 0.23784850657229992, 0.32183918808538187, 3.008790627598949e-8, 0.237848495695694, 4.376194900887886e-9, 0.08399060120583209, 4.1434028351718276e-10, 0.2378485921641042, 1.4455220484823246e-9, 0.762151407093136, 7.34279015099942e-10, 0.23784849590763427, 3.1111657371762914e-10, 0.7621514070368173, 3.547586431413448e-10, 1.0338690921221477e-9, 0.23784850657114887, 0.23784850531591667, 0.23784849538906497, 0.2378485063878144, 7.490540763978319e-9, 4.298943184440454e-10, 9.786443603254904e-10, 0.2265522850736733, 0.22655220022747624, 0.23784850613412314, 0.7621514103019391, 0.22655218301647886, 0.23784859226584812, 8.187262565592e-10, 0.23784850652561557, 1.87136368270085e-9, 5.047064174138221e-10, 3.2055489175937404e-10, 3.980229748720318e-10, 6.590482564798244e-10, 0.23784848713102366, 7.097223079659308e-9, 1.7187925763628314e-9, 0.23784848716775014, 3.433425146262375e-10, 5.676309745874701e-10, 0.23784859145381199, 0.23784848658167398]
v_opt: [0.05657203259738715, 0.23784848696915856]
solution time: 0.00528407096862793
McCormick lower bound: -3.475245469039055

