x_opt: [0.5258473136905205, 0.8988883817742651, 0.10111161809808657, 0.8988883862909297, 0.10111161820286574, 0.10111161424345728, 0.10111161812311432, 0.8988883818782151, 0.10111161418378665, 0.10111161823472964]
w_opt: [0.5258473136723365, 0.1011116180848298, 0.5258473136736739, 7.08391748048013e-10, 0.10111161422155429, 1.2827531844924742e-10, 0.4247356956022467, 1.867762027945669e-11, 0.10111161820522711, 6.773880166794068e-11, 0.8988883817602478, 2.9082154279181012e-11, 0.10111161422823224, 1.391628659645505e-11, 0.8988883817602563, 1.5136956755813472e-11, 2.9482529719561045e-11, 0.10111161808614018, 0.1011116180266311, 0.10111161421780088, 0.101111618079061, 3.166440596314978e-10, 1.690568075921644e-11, 4.379141395322993e-11, 4.526352088195615e-9, 7.818498977513427e-10, 0.10111161806523841, 0.8988883818396457, 5.05955497772451e-10, 0.10111161821164595, 3.316029266288068e-11, 0.10111161807545321, 1.017338852973537e-10, 2.092341994701898e-11, 1.1566120689988444e-11, 1.2432466523884079e-11, 2.6387833123722265e-11, 0.1011116141601033, 2.8073527586644744e-10, 8.712714161473055e-11, 0.10111161416830501, 1.2192251725880533e-11, 1.9428555902794928e-11, 0.10111161818742992, 0.10111161414385872]
v_opt: [0.010223582008957371, 0.10111161415586856]
solution time: 0.004615068435668945
McCormick lower bound: -4.859881932006172

