x_opt: [0.3646194526719798, 0.6353806448902785, 0.2530820556110595, 0.7883508350860946, 0.36461935453722205, 0.21164916788273044, 0.2530820814483507, 0.6353806461930731, 0.21164916700928785, 0.36461935561717185]
w_opt: [0.3646194526161882, 0.25308205557378716, 0.3646194526303384, 3.906153268022673e-9, 0.21164916782963222, 8.154631674198039e-10, 9.895330261684373e-8, 4.911385002408092e-11, 0.36461935528119943, 1.1195732482519489e-10, 0.6353806448459571, 1.1308044796064816e-10, 0.2116491678402685, 3.698012795089368e-11, 0.6353806448437528, 3.586777477469246e-11, 5.64054368156612e-10, 0.2530820555631303, 0.25308205548241164, 0.2116491677890159, 0.2530820555729855, 6.929651738178812e-10, 5.1304350890838943e-11, 1.2900464729875538e-10, 0.15297018970896722, 5.020280597991534e-9, 0.25308208110434727, 0.6353806460709998, 2.1929306833134787e-9, 0.3646193555642276, 9.625524398740525e-11, 0.2530820813437023, 8.244100857567784e-10, 7.050698347327492e-11, 3.199892206775057e-11, 3.930432420804342e-11, 6.350115744409818e-11, 0.21164916694745764, 1.9242510584038963e-9, 9.688561050578346e-11, 0.21164916694921443, 3.6733446535268805e-11, 4.7410103601028615e-11, 0.3646193554890441, 0.21164916686558735]
v_opt: [0.06405059507800587, 0.21164916692630384]
solution time: 0.0070188045501708984
McCormick lower bound: -2.6485621580939562

