x_opt: [0.525847114106634, 0.8988882381177861, 0.10111176163667218, 0.8988884668471306, 0.10111176184995105, 0.10111174567166971, 0.10111176168930303, 0.8988882382290958, 0.10111174556225873, 0.1011117618851289]
w_opt: [0.525847114081451, 0.10111176161914755, 0.5258471140844374, 9.898031222068805e-10, 0.10111174564195044, 1.8969095621252705e-10, 0.4247353523822548, 2.3247863565111918e-11, 0.10111176184590402, 8.688380682336364e-11, 0.8988882380980742, 4.244529010992517e-11, 0.10111174565229139, 1.6668770546547602e-11, 0.8988882380969491, 1.9404586735332083e-11, 3.6150864121815173e-11, 0.1011117616203956, 0.10111176153836061, 0.10111174563533369, 0.10111176161049856, 3.5954284127165827e-10, 2.2211534752359063e-11, 5.417251727246384e-11, 2.2874144419481675e-7, 2.1280793426890255e-7, 0.10111176160787907, 0.8988882381769777, 2.1244942747883843e-7, 0.10111176185335173, 4.328927749488668e-11, 0.10111176162097382, 1.0694187073734952e-10, 2.684407397117792e-11, 1.6079698902318007e-11, 1.785312353017642e-11, 3.4423171411843686e-11, 0.10111174552886813, 3.5952060378535116e-10, 8.567041878571249e-11, 0.10111174553775974, 1.6647782649346566e-11, 2.7895640240105192e-11, 0.10111176181681159, 0.10111174550543252]
v_opt: [0.010223606493231296, 0.10111174552426208]
solution time: 0.005182027816772461
McCormick lower bound: -4.363969268975735

