x_opt: [0.5258469301530057, 0.8988880305341459, 0.10111191177268834, 0.8988884683575189, 0.10111196487654785, 0.1011118743860507, 0.10111191473136397, 0.8988880545560753, 0.10111185862305173, 0.10111196979519052]
w_opt: [0.5258469246560281, 0.10111190795760785, 0.5258469253002951, 3.3685765737403295e-7, 0.10111186756681502, 3.94122330020547e-8, 0.4247349946773516, 5.326821473506417e-9, 0.10111196098201218, 2.396193742722224e-8, 0.898888026324389, 8.498159084610964e-9, 0.10111187003270966, 3.6190252691957913e-9, 0.8988880262233572, 4.567559773058152e-9, 7.045396988409339e-9, 0.10111190844552412, 0.10111188116385066, 0.10111186649441042, 0.10111190452931121, 8.498565601977958e-8, 4.871321979608523e-9, 1.2160455407042405e-8, 4.4377413184441155e-7, 4.1433866198518736e-7, 0.10111189811786565, 0.8988880432436585, 3.3663205743149046e-7, 0.10111196242467795, 9.73082442665843e-9, 0.10111189757557801, 2.5281086372573154e-8, 5.947058987547288e-9, 3.597611393778598e-9, 3.7220783256377967e-9, 8.21948074437353e-9, 0.10111185083920331, 7.985670001211079e-8, 2.2856854051281708e-8, 0.10111185338126737, 3.5595837445954126e-9, 6.593934244718074e-9, 0.10111195464394299, 0.10111184602627069]
v_opt: [0.010224600821211377, 0.10111185023139942]
solution time: 0.005102872848510742
McCormick lower bound: -5.258040863366877

