x_opt: [0.742987656185494, 0.7907410791697783, 3.184854136947033e-8, 0.9999999387510758, 0.2092589281679941, 3.059851726120229e-8, 0.20925890759355145, 0.7907410924331204, 3.147249603671951e-8, 0.7429880549161623]
w_opt: [0.7429876557084564, 3.1463492774433495e-8, 0.7429876559092561, 3.1726174022795456e-6, 3.020632277535279e-8, 5.395972182963916e-9, 0.533728749601268, 4.148049455980266e-10, 0.7429876542232444, 8.68232473657356e-10, 0.790741078860977, 7.952539969987893e-9, 3.02555553665249e-8, 3.9458120913033695e-10, 0.790741078837694, 3.0311988357100484e-10, 0.5337291358890697, 3.1431962774215994e-8, 3.1064384072354384e-8, 2.9063213708816366e-8, 3.158779443085244e-8, 2.5934854455216894e-9, 3.7554416125878407e-10, 1.0340819863578603e-9, 0.20925886743686034, 2.1810842041357117e-8, 0.20925890529826222, 0.7907410915066764, 5.419358323159433e-10, 0.7429880545579042, 7.723257588053102e-10, 0.2092589061988176, 2.1372069519592377e-8, 5.785437416184443e-10, 2.2568793059287421e-10, 3.073052677329685e-10, 5.472349533400886e-10, 3.01103026233788e-8, 8.73899838461355e-9, 1.8485881867577615e-9, 3.0979877271646385e-8, 3.2936236919332457e-10, 3.0222946206788636e-10, 0.7429880540906225, 3.03740143110679e-8]
v_opt: [0.043789426966871874, 3.094794576022494e-8]
solution time: 0.004517078399658203
McCormick lower bound: -2.867797201081757

