x_opt: [0.525847255778473, 0.8988882645129159, 0.10111165930289055, 0.8988883420535273, 0.10111172236261635, 0.10111165724206013, 0.10111165941835386, 0.89888827851938, 0.10111165838438999, 0.10111175188688327]
w_opt: [0.525847255499287, 0.10111165906027705, 0.5258472553478646, 1.0726664691916896e-7, 0.10111165665493538, 5.130851991656157e-9, 0.4247355351554172, 6.871695144696166e-10, 0.10111174920170637, 1.1603662877412175e-9, 0.8988882641530644, 1.8175966504450842e-9, 0.10111165672944668, 2.4064148446837227e-10, 0.8988882642554006, 3.023974515622068e-10, 1.6683978139419392e-8, 0.10111165899548856, 0.10111165206478424, 0.1011116566317666, 0.101111658046709, 1.8699266804130953e-9, 4.073133100593572e-10, 1.4662950210319135e-9, 6.748718535966224e-8, 7.404003467996651e-9, 0.10111165641270355, 0.8988882702249484, 1.7992375623449764e-9, 0.10111175142742691, 9.861928717239722e-10, 0.1011116483658152, 3.95556007858076e-9, 7.65772465844525e-10, 6.3230349582126e-10, 1.9496650861513273e-10, 1.1449956008136876e-9, 0.10111165616781877, 1.0257886638563787e-8, 5.186435550993444e-9, 0.10111165792222829, 2.0544841168601546e-10, 2.116865595350691e-9, 0.10111175024125005, 0.10111165735422044]
v_opt: [0.01022358101161031, 0.1011116578533533]
solution time: 0.005455970764160156
McCormick lower bound: -3.293387615597181

