x_opt: [0.5262904115636767, 0.8991949389503955, 0.1008050484453171, 0.8991949931159944, 0.1008050491933497, 0.10080500641117457, 0.10080505258211074, 0.8991949668500352, 0.10080500582163583, 0.10138501661292891]
w_opt: [0.5262904089425396, 0.10080504603494858, 0.5262904088260641, 1.1682780807724386e-7, 0.10080500268548774, 1.8129401170869113e-8, 0.42548538414546083, 5.118338426336288e-9, 0.10138501076276905, 1.5596309356012777e-8, 0.8991949365993314, 4.3190555739432664e-9, 0.10080500275832184, 2.8915606037692694e-9, 0.8991949369972054, 3.1320987072558773e-9, 0.0005799576086465198, 0.10080504605613985, 0.10080502823023374, 0.10080500148492264, 0.10080504472843126, 8.236356895784712e-8, 3.327815257789851e-9, 1.1399444002733697e-8, 4.832914753321739e-8, 6.149330721864391e-8, 0.10080504076976947, 0.899194957356131, 9.504111358225754e-9, 0.10138501309946725, 6.433590199587232e-9, 0.10080503712831661, 2.0808147407066764e-8, 4.691106993396442e-9, 1.999536266886902e-9, 1.7172044581554694e-9, 5.427591539265471e-9, 0.10080499949303284, 5.630838536800111e-8, 2.76277664847607e-8, 0.10080500292095115, 1.957257500576257e-9, 3.3971786305944806e-9, 0.10138500950212927, 0.1008049978655251]
v_opt: [0.01016179544217279, 0.1008050009703611]
solution time: 0.006410121917724609
McCormick lower bound: -5.1005524496742245

