x_opt: [0.6719493762307259, 0.9999829958904113, 1.6989586634002032e-5, 0.9999830099915282, 1.6999743005004925e-5, 1.6987962664910886e-5, 1.7000182708728433e-5, 0.999983001148413, 1.6988982189151036e-5, 0.19123706061796103]
w_opt: [0.6719493758866533, 1.6989279231291107e-5, 0.6719493758133468, 3.0076439627573184e-8, 1.6987471932846526e-5, 2.990200328361573e-9, 0.671932378062516, 7.136157878036079e-10, 0.1912370597374237, 1.0977816567229353e-9, 0.9999829955000484, 7.340040394186103e-10, 1.6987374960164905e-5, 3.3482496967650817e-10, 0.999982995582179, 3.4939371664663275e-10, 0.1912200568106528, 1.6989127571297516e-5, 1.698810127215289e-5, 1.698669005485709e-5, 1.698918996666937e-5, 5.6008875770756444e-9, 4.656533686575486e-10, 1.4579712006650826e-9, 1.0424876314696843e-8, 6.663078340803471e-9, 1.6997875811488802e-5, 0.9999829999905093, 1.10901331118366e-9, 0.19123706019253192, 8.316109176499833e-10, 1.6996804260619933e-5, 1.7920533745539996e-9, 6.639754718353098e-10, 3.1295541573738237e-10, 2.38145905274908e-10, 5.533654601481528e-10, 1.6987406335612285e-5, 7.285303718732512e-9, 3.0528153261466067e-9, 1.6988524845351974e-5, 2.6250854780546513e-10, 4.499957665309516e-10, 0.19123705953554807, 1.6987740334427e-5]
v_opt: [2.42010924296791e-6, 1.6988377201125268e-5]
solution time: 0.006919145584106445
McCormick lower bound: -2.992442547899373

