x_opt: [0.7429875555831031, 0.7907412475408495, 6.741081016403007e-8, 0.9999999521318338, 0.20925875090581414, 4.867350337914907e-8, 0.2092587507349883, 0.7907412491676709, 4.750030387717172e-8, 0.742987555693695]
w_opt: [0.7429875553553436, 6.727598386392701e-8, 0.7429875554600053, 8.485986981951945e-9, 4.850694542574389e-8, 1.5590088648494087e-9, 0.5337288051180101, 1.4126973867791593e-10, 0.7429875551564042, 3.737213754393279e-10, 0.7907412473945692, 3.0239184147735135e-10, 4.855094386515212e-8, 1.509674762250495e-10, 0.7907412473727528, 1.1430377831481616e-10, 0.5337288034149834, 6.724355922714131e-8, 6.703093098899792e-8, 4.834016902777119e-8, 6.72989010783026e-8, 1.233031195560851e-9, 1.579442513439138e-10, 3.673502738157533e-10, 0.20925870327923388, 4.411734865796753e-9, 0.20925874992348772, 0.7907412487352774, 3.612998423271615e-10, 0.7429875555258323, 2.772431214679569e-10, 0.20925874991734408, 4.2689161734710867e-10, 1.8560772806144202e-10, 9.499749077530767e-11, 1.5565685638397368e-10, 2.300365537575245e-10, 4.7298815712565616e-8, 2.8845913670448013e-9, 5.820972197957649e-10, 4.726423889210318e-8, 1.33224818252009e-10, 1.4607805060135635e-10, 0.7429875552929185, 4.704781483988542e-8]
v_opt: [0.043789371115188616, 4.723031956050343e-8]
solution time: 0.005264997482299805
McCormick lower bound: -2.449282813710411

