x_opt: [0.7429876030151593, 0.7907412563120919, 2.948446375969153e-8, 0.9999999612314464, 0.20925873477293733, 2.2694107084642013e-8, 0.20925873411729132, 0.7907412660526042, 2.2227146938163086e-8, 0.7429876028803513]
w_opt: [0.7429876029490156, 2.9439485996613952e-8, 0.742987602972438, 4.101559038935661e-8, 2.2643010439555423e-8, 1.5003090495231737e-9, 0.5337288693300022, 5.54762775385763e-11, 0.7429876013410465, 9.119456275344977e-11, 0.7907412562654403, 5.075502885296792e-10, 2.2645140173082137e-8, 8.489800888835116e-11, 0.7907412562299276, 3.751578213664879e-11, 0.533728859889164, 2.941747760873787e-8, 2.9357611917113656e-8, 2.2085295700109035e-8, 2.9451967785353944e-8, 5.161619844433216e-10, 6.13457924987332e-11, 1.376535537928106e-10, 0.20925869607817527, 4.912424706432162e-9, 0.20925873298975942, 0.7907412658490603, 1.0692481493487111e-9, 0.7429876028185535, 1.0347795096284517e-10, 0.2092587316770512, 9.493944579958404e-10, 9.008226459230648e-11, 2.6084076931400177e-11, 6.228187923751154e-11, 6.237694462541817e-11, 2.173696160350152e-8, 4.401914278236209e-9, 1.2290341945265773e-9, 2.2166007594551497e-8, 4.913611735669243e-11, 4.070125588347106e-11, 0.7429876027400332, 2.204676800183403e-8]
v_opt: [0.04378923495634821, 2.2108117512008417e-8]
solution time: 0.0067059993743896484
McCormick lower bound: -2.443723451777816

