x_opt: [0.29618589775732423, 0.7449573197324656, 0.2550426656882732, 0.9999977655117835, 0.2550426779286571, 0.25504266198666986, 0.2550426656973611, 0.7449573233181169, 0.2550426556051522, 0.2550426795290516]
w_opt: [0.29618589654006455, 0.25504266497293493, 0.2961858967465565, 4.4918214858576724e-8, 0.2550426606377993, 9.897377408880608e-9, 0.041143222989813086, 8.913930211416519e-10, 0.2550426778433123, 3.1745093561393893e-9, 0.7449573187814316, 1.733850959832291e-9, 0.25504266119688307, 6.152813861892961e-10, 0.7449573186158123, 7.930026914215134e-10, 1.2150888839775362e-9, 0.2550426650114618, 0.25504266174178064, 0.25504265998719455, 0.2550426639095844, 1.1351169115177222e-8, 9.151292209233087e-10, 2.0281206778620532e-9, 0.2550404454687668, 0.2550404388052098, 0.25504266228008043, 0.7449573210343097, 0.25504042289990386, 0.2550426780259029, 1.7898036325982897e-9, 0.2550426631208921, 2.542790742482166e-9, 1.0640477816898616e-9, 7.626325879775157e-10, 8.626898487674748e-10, 1.4413764034664694e-9, 0.2550426542036188, 1.3936919626243617e-8, 3.3620898764396606e-9, 0.25504265441993096, 7.287483912121973e-10, 1.492017639667165e-9, 0.25504267598333685, 0.2550426531914311]
v_opt: [0.06504690828176626, 0.25504265399491394]
solution time: 0.004826068878173828
McCormick lower bound: -3.9300624475456623

