x_opt: [0.5256785366593609, 0.8985836756035518, 0.10141629478094429, 0.8988219848071687, 0.10141632553275796, 0.10117804312993527, 0.10141631260359775, 0.8985836950628671, 0.10117803092221697, 0.10141632427379346]
w_opt: [0.5256785335749662, 0.10141629260068115, 0.5256785344926913, 1.2595034876118195e-7, 0.10117804001772614, 1.9355346930842425e-8, 0.42426223758999204, 2.765622602396589e-9, 0.10141632000683574, 1.0282061314782863e-8, 0.8985836736602407, 5.861839211570819e-9, 0.10117804093232854, 2.4465506522528646e-9, 0.8985836735214394, 2.158854243912613e-9, 3.3359892693323375e-9, 0.10141629283200188, 0.10141628560646164, 0.10117803955453969, 0.10141629279678561, 4.756710432996033e-8, 2.6239334465351856e-9, 6.935027906965373e-9, 0.00023831443115090973, 7.806857097841883e-8, 0.10141630296322046, 0.8985836891896287, 2.0027198276713807e-8, 0.10141632099308949, 5.044000387703076e-9, 0.10141630420177783, 2.3802163273853057e-8, 3.233073981851532e-9, 1.6075705452531858e-9, 2.0020652690153756e-9, 3.6852975033436925e-9, 0.1011780271690271, 4.922191060003153e-8, 1.674610799838797e-8, 0.10117802830575137, 1.967244006121013e-9, 2.382932387214445e-9, 0.10141631772608443, 0.10117802518849817]
v_opt: [0.010285533028118047, 0.10117802637846715]
solution time: 0.005668163299560547
McCormick lower bound: -4.529569486100842

