x_opt: [0.7474437978985898, 0.7776098481114899, 5.486709896645694e-8, 0.9999997899289395, 0.22239014165254273, 6.192533149027609e-8, 0.22239013668190566, 0.7776098623939695, 6.303116791839504e-8, 0.7776098429809533]
w_opt: [0.7474437966128085, 5.397837257198497e-8, 0.7474437970656976, 2.2335890143601036e-7, 6.088663114457753e-8, 1.2722632375874936e-8, 0.5250536626888406, 1.144578385002209e-9, 0.7474437958554399, 2.128775314369115e-9, 0.7776098470761404, 3.255357108008966e-9, 6.092352928266658e-8, 1.1924395670898082e-9, 0.7776098470158521, 7.444630011060483e-10, 0.5552196923853955, 5.3224204091281246e-8, 5.26329941848143e-8, 5.098877886443754e-8, 5.4113417127879006e-8, 6.349907023031389e-9, 1.0800784036148245e-9, 2.7713028096248778e-9, 0.22238993300030357, 1.0976138205512245e-8, 0.22239012869380567, 0.777609859257092, 1.64763206501603e-9, 0.7776098420245943, 1.8563023521558773e-9, 0.2223901310909079, 4.968581650499504e-9, 1.4308443435779225e-9, 6.693888815571852e-10, 8.541918658509689e-10, 1.3899523108259124e-9, 6.022103233629657e-8, 1.3070303201635648e-8, 4.218567287003572e-9, 6.141948741876464e-8, 8.713336035785773e-10, 8.913380392481051e-10, 0.7776098400842535, 5.960403558274231e-8]
v_opt: [0.049457443154681306, 6.14631223110339e-8]
solution time: 0.004506111145019531
McCormick lower bound: -2.0947477884165857

