x_opt: [0.525847253821551, 0.898888261347132, 0.10111173044690151, 0.898888363404505, 0.10111173254939768, 0.10111163720220015, 0.10111173338333897, 0.8988882684778554, 0.101111635450499, 0.10111174364456385]
w_opt: [0.5258472536437205, 0.10111173030412235, 0.5258472536526878, 7.57119924504507e-8, 0.10111163697212305, 1.8936016817362664e-9, 0.42473552274703075, 2.1748420064043306e-10, 0.10111174228279496, 8.877925684896707e-10, 0.8988882611814935, 2.9433756596852e-10, 0.10111163702011884, 1.5561276660221602e-10, 0.8988882612115973, 1.679366067102892e-10, 5.264843073401891e-9, 0.10111173029603372, 0.10111172906274635, 0.10111163676242102, 0.10111173019967186, 1.5428589986350534e-8, 1.9040149714900885e-10, 5.433952392527746e-10, 9.648879505926685e-8, 4.477910511842144e-9, 0.10111173246308645, 0.8988882676565572, 9.70995863070058e-10, 0.10111174340950699, 3.8075792677388013e-10, 0.10111173162367736, 1.4860941964850956e-9, 2.5337198174709526e-10, 1.3669431887799865e-10, 1.2926619093025196e-10, 3.2915706903442887e-10, 0.10111163521243705, 5.995497126536556e-9, 2.635668385473244e-9, 0.10111163519076106, 1.293587633724343e-10, 2.5963072800660847e-10, 0.10111174305102785, 0.10111163483174823]
v_opt: [0.010223601527333138, 0.10111163514984613]
solution time: 0.005181074142456055
McCormick lower bound: -3.806297519963596

