x_opt: [0.28386961071771444, 0.7293221633679433, 0.27067779542435005, 0.9999999843729754, 0.2706778365292318, 0.2614982033564451, 0.27067779547363885, 0.7293221635639273, 0.26149819854439144, 0.2706778364972087]
w_opt: [0.283869610659719, 0.27067779538922254, 0.2838696106865241, 4.299842112140559e-9, 0.26149820329542744, 6.214579465865885e-10, 0.01319177437448892, 3.0744273269134037e-11, 0.27067783637479215, 1.250503335399543e-10, 0.729322163336429, 1.0808157095430345e-10, 0.261498203330131, 2.753280765261043e-11, 0.7293221633260094, 2.7679291488861402e-11, 7.737431063504112e-11, 0.2706777953999319, 0.27067779531020913, 0.26149820329280427, 0.27067779538344605, 3.705891153837431e-10, 3.426761724723006e-11, 8.907013737317732e-11, 0.2706778209839135, 0.2614981880865396, 0.2706777953019232, 0.729322163459145, 0.2614981829968753, 0.2706778364416992, 8.554975130596547e-11, 0.2706777953500605, 1.508476491824753e-10, 4.6305254741341114e-11, 2.448912470420509e-11, 3.197507546221675e-11, 6.728668686713162e-11, 0.26149819847115713, 1.0471335518216914e-9, 1.5567622190847828e-10, 0.2614981985034685, 2.7228806877130962e-11, 5.6944296087222846e-11, 0.27067783636310766, 0.2614981984232556]
v_opt: [0.07326647348396893, 0.2614981984773358]
solution time: 0.0044460296630859375
McCormick lower bound: -3.9308006643745452

