x_opt: [0.3622567064734662, 0.6377445846109759, 0.22390216896815657, 0.7760978296722029, 0.3622540009411838, 0.22390219693534838, 0.22390216693983325, 0.6377459712281456, 0.22390219349076212, 0.36225542155687945]
w_opt: [0.3622567042654706, 0.22390216654492487, 0.3622567033431356, 1.0839510690863935e-6, 0.2239021919944258, 1.6303595985699878e-7, 2.685613857279995e-6, 3.2681690868652446e-9, 0.362255410513902, 9.83419105340086e-9, 0.6377445798134141, 1.0168679666814793e-8, 0.2239021942719985, 2.4906295367003477e-9, 0.637744580518876, 2.2798453884087296e-9, 2.2326416907096673e-8, 0.22390216644256747, 0.2239021593790244, 0.22390214199705136, 0.22390216247723577, 2.9337374312131985e-8, 3.198471424047419e-9, 1.1476948577110798e-8, 0.13835184289033073, 2.0935594969732605e-7, 0.22390210474934766, 0.6377459527193003, 3.690059104436742e-8, 0.36225541826576146, 1.0048608800593883e-8, 0.22390215103868263, 7.050880686894767e-9, 6.010669333576825e-9, 6.182756378388396e-9, 2.855167590400432e-9, 3.659527799677849e-9, 0.22390217208618945, 1.4957410555038104e-7, 1.8671132343165576e-8, 0.22390216309968905, 3.0385261809241524e-9, 8.009467822403084e-9, 0.3622553893197289, 0.22390218286770916]
v_opt: [0.050132422341218404, 0.2239021886163161]
solution time: 0.0047070980072021484
McCormick lower bound: -1.995215366876839

