x_opt: [0.36225694022632526, 0.6377441592699313, 0.2239020200078362, 0.7760981781036586, 0.36225369516800254, 0.2239019148346301, 0.22390205545941574, 0.6377463789950859, 0.2239019216030323, 0.3622559437469147]
w_opt: [0.3622569318568166, 0.22390201515868333, 0.3622569306074574, 3.4274653654374487e-6, 0.22390190361744522, 6.54522803909157e-7, 3.414726990373044e-6, 8.641686218404088e-9, 0.3622558912026117, 1.0639980917735768e-8, 0.6377441481695335, 9.623121250805816e-9, 0.22390190708040916, 5.1615176679680895e-9, 0.6377441533840424, 5.63686745491938e-9, 1.308067271042071e-7, 0.2239020114971658, 0.22390200869480104, 0.2239018448645562, 0.22390200741423524, 5.0298761581383324e-8, 8.12995931922503e-9, 2.0413628882728332e-8, 0.13835194036612933, 3.614542118416872e-7, 0.22390192534160655, 0.6377462664653174, 1.1687411778618688e-7, 0.3622559333542578, 1.768730217538299e-8, 0.2239019345427822, 1.0749266107017391e-7, 1.2957824559482228e-8, 1.5943148054856772e-8, 6.736522078692328e-9, 8.379286029845448e-9, 0.22390185107127603, 9.760729604884661e-8, 4.601374024646492e-8, 0.22390187608755838, 5.871989258947873e-9, 1.3449066418670232e-8, 0.3622559038545441, 0.22390189108130953]
v_opt: [0.05013239095305267, 0.22390190944779903]
solution time: 0.005020856857299805
McCormick lower bound: -1.9565086232188165

