x_opt: [0.4500998339076734, 0.7622995159945485, 0.23770023769255935, 0.869209983159839, 0.23770047463504174, 0.1309565484988029, 0.23770025032548295, 0.762299533290278, 0.13095651049415366, 0.23770048443097758]
w_opt: [0.4500998292756501, 0.2377002348949026, 0.4500998305565278, 1.6862196925513049e-7, 0.13095654398675147, 3.5262075460244744e-8, 0.2123993746441036, 3.3274626219621805e-9, 0.23770047841438224, 1.0171312780413633e-8, 0.7622995125859169, 6.73968096001806e-9, 0.13095654560570072, 2.5229841515352766e-9, 0.7622995120620366, 2.796918827500886e-9, 6.342734225797868e-9, 0.23770023483706681, 0.23770022634749313, 0.13095654225871195, 0.23770023404953322, 3.37404356022197e-8, 3.4795739177776832e-9, 7.913724881145484e-9, 0.10691046444448021, 0.0001665761491626283, 0.23770023605200824, 0.7622995244418626, 0.0001664997526047221, 0.2377004796331583, 6.561066674777868e-9, 0.23770024063078637, 1.2810610729522223e-8, 4.077879426323438e-9, 2.546397931165963e-9, 3.2454980213421137e-9, 5.126671344060165e-9, 0.13095650583376905, 5.635336274056516e-8, 9.970781984075576e-9, 0.1309565061575678, 2.7907309601253866e-9, 4.338221543291118e-9, 0.23770047316809925, 0.13095650155157126]
v_opt: [0.056501451660803594, 0.13095650444832144]
solution time: 0.005750894546508789
McCormick lower bound: -3.297636594603254

