x_opt: [0.3622564612766129, 0.6377435459642243, 0.22390229831297706, 0.7760976089072716, 0.36225446561624547, 0.22390232922436837, 0.22390231812619263, 0.6377455184634199, 0.22390232771808152, 0.3622564548780656]
w_opt: [0.3622564585348971, 0.22390229659396563, 0.36225645792248795, 1.5721780611146653e-7, 0.22390232585141132, 3.954073795279017e-8, 1.9835469694093246e-6, 2.5823277187008362e-9, 0.3622564451561389, 5.132275941571579e-9, 0.6377435418909934, 5.605309283533571e-9, 0.22390232659323633, 1.551963392209055e-9, 0.6377435425152541, 1.7113017155731637e-9, 5.152031187114474e-9, 0.22390229526647462, 0.2239022899528107, 0.22390228760945077, 0.22390229519401011, 1.7021253671745006e-8, 2.5436995279421425e-9, 5.331860968681681e-9, 0.13835207897988197, 4.3165691200210446e-8, 0.22390230236804795, 0.6377455110427966, 5.6695210445378195e-9, 0.3622564517862129, 4.470441708921047e-9, 0.22390230560102833, 3.0359667212768613e-9, 3.042167766518977e-9, 2.669781330763914e-9, 2.17451205770647e-9, 2.8661351877854382e-9, 0.22390232350150713, 3.3197178781690165e-8, 8.359956943655375e-9, 0.22390231211760006, 1.81122935122319e-9, 4.4980317638632304e-9, 0.3622564429758825, 0.22390232033980986]
v_opt: [0.0501326018498593, 0.22390232405109037]
solution time: 0.004853010177612305
McCormick lower bound: -1.6773486081719982

