x_opt: [0.36225567890376, 0.6377443207397665, 0.2239031311273529, 0.7760969147297877, 0.3622556791785974, 0.2239031243321131, 0.22390313142499155, 0.6377443208010017, 0.22390308523531188, 0.3622556791832459]
w_opt: [0.3622556788670687, 0.22390313110778337, 0.3622556788866666, 3.3476238358473414e-9, 0.22390312430128645, 6.005517365700363e-10, 1.884241868041475e-10, 1.4366729367309334e-11, 0.36225567879445086, 5.260721738141492e-11, 0.6377443207177617, 6.743519294635593e-11, 0.2239031243188681, 1.3375330401188273e-11, 0.6377443206995121, 1.2825327730327165e-11, 3.563740093196919e-11, 0.22390313111024268, 0.22390313107270482, 0.22390312427627096, 0.22390313111696647, 1.7326955831903485e-10, 1.782642915647528e-11, 4.2927184317237003e-11, 0.1383525939416865, 3.957902364735535e-8, 0.22390313131905282, 0.6377443207503809, 1.4829621202915249e-10, 0.3622556791570986, 3.774340451473293e-11, 0.2239031313561634, 4.694317162110288e-11, 2.1096037153171067e-11, 1.4300283100430357e-11, 2.684199136793366e-11, 2.6588460954532692e-11, 0.22390308520659402, 2.6391617234155326e-10, 6.381861641258504e-11, 0.22390308519630792, 1.736569854302246e-11, 2.4979736908395638e-11, 0.3622556790745892, 0.2239030851832103]
v_opt: [0.05013262512285349, 0.22390308520292623]
solution time: 0.00830388069152832
McCormick lower bound: -2.1842064475091845

