x_opt: [0.5642117935841777, 0.9254344964967056, 0.07456550066324572, 0.9254345062366595, 0.0745655024909276, 0.07456549431051354, 0.07456550183714679, 0.9254344992432953, 0.07456549399895541, 0.12477737720917745]
w_opt: [0.5642117933249353, 0.07456550044952216, 0.564211793366478, 1.0547993077417194e-8, 0.07456549401117737, 1.7373231695085424e-9, 0.4896462933601303, 3.4070320213146666e-10, 0.1247773767524658, 9.542852750594951e-10, 0.9254344962919542, 4.1605575425068823e-10, 0.07456549404800847, 2.4647666672728763e-10, 0.9254344963092813, 2.3340845533899575e-10, 0.05021187390941649, 0.07456550044143531, 0.07456549964180989, 0.07456549386190058, 0.07456550042826458, 5.358149698916212e-9, 2.7677864721391625e-10, 8.265697602244411e-10, 9.16637374860406e-9, 5.843105287093339e-9, 0.07456550075068484, 0.9254344985879394, 9.924063263346402e-10, 0.12477737691944323, 5.168580464062799e-10, 0.0745655008126233, 2.129583201363663e-9, 3.6547312522491304e-10, 1.6205423698939855e-10, 1.7017833090762654e-10, 4.086835144953581e-10, 0.07456549354722102, 4.891421315262122e-9, 1.8618995658558056e-9, 0.07456549372032319, 1.821057119722782e-10, 2.464749852885103e-10, 0.12477737660101608, 0.0745654933007422]
v_opt: [0.005560221107968299, 0.07456549357149936]
solution time: 0.005027055740356445
McCormick lower bound: -4.060107447994179

