x_opt: [0.6719711827754793, 0.9999981008363529, 1.8988979124136534e-6, 0.9999981026286746, 1.8990928531826927e-6, 1.8973924452834632e-6, 1.8990721716231265e-6, 0.9999981010800099, 1.8973807783697589e-6, 0.19125048773408357]
w_opt: [0.6719711827578639, 1.8988828735089615e-6, 0.671971182760105, 8.778243186911567e-10, 1.8973714347183222e-6, 1.2217446181673121e-10, 0.6719692838924582, 2.5334110227140344e-11, 0.19125048770136963, 6.362463365667802e-11, 0.9999981008221158, 2.99370840655491e-11, 1.8973730569487755e-6, 1.8918534888766088e-11, 0.9999981008235236, 1.6363888771601524e-11, 0.19124858858465907, 1.8988817815341437e-6, 1.89883105990087e-6, 1.897361393967214e-6, 1.8988823411421676e-6, 3.8637855389723335e-10, 1.981474647652494e-11, 6.113922994441568e-11, 1.751581613106578e-9, 4.022948583043356e-10, 1.8989920511333679e-6, 0.9999981010360476, 6.58660300110166e-11, 0.1912504877140354, 3.688696455854021e-11, 1.8989849177232943e-6, 2.0054763261984528e-10, 2.6621114334044086e-11, 1.1471591481924686e-11, 1.1655925123410263e-11, 2.784734393214842e-11, 1.8973462243945848e-6, 3.5884446197853247e-10, 2.0254730784632578e-10, 1.8973615265250243e-6, 1.2663506612312777e-11, 1.686521673109386e-11, 0.19125048769157413, 1.8973306867251264e-6]
v_opt: [1.0036397277127696e-7, 1.8973508762220107e-6]
solution time: 0.005843162536621094
McCormick lower bound: -4.000735699509745

