x_opt: [0.31345700309482105, 0.7565328208539197, 0.2434667109496682, 0.9923934683669543, 0.2434671651541034, 0.24346670950645435, 0.2434667048749342, 0.7565328329098933, 0.2434666965847496, 0.24346717891631323]
w_opt: [0.31345700116409453, 0.24346670977198792, 0.313457001047131, 9.866132542278612e-8, 0.24346670710227025, 1.9105405584929558e-8, 0.06998983896990674, 1.5971602855461e-9, 0.24346717577197727, 5.6625232633385126e-9, 0.7565328189286098, 2.134797233574684e-9, 0.24346670804488701, 1.0178745888468154e-9, 0.756532819114793, 1.337914413712945e-9, 2.7333213201227965e-9, 0.24346670965629916, 0.24346670217961314, 0.2434667010576577, 0.24346670243471769, 2.1944798220553705e-8, 1.5911348921363554e-9, 3.464988750114499e-9, 0.23586063727705392, 0.23586019874765923, 0.24346669608972887, 0.7565328283340937, 0.23586016849941285, 0.24346717618896344, 3.0696422019201596e-9, 0.2434666986979042, 2.470578529610183e-9, 1.8679415655267618e-9, 1.498464845041234e-9, 1.4350116804733938e-9, 2.7053073329520173e-9, 0.24346669434238927, 2.2577011284782156e-8, 7.3540861701113955e-9, 0.24346669412772748, 1.2116707651253082e-9, 3.32164135072895e-9, 0.2434671719019569, 0.24346669185383765]
v_opt: [0.05927616716293428, 0.2434666939440971]
solution time: 0.004354000091552734
McCormick lower bound: -3.224649011238272

