x_opt: [0.5258468707829048, 0.8988880672177774, 0.10111192173842827, 0.8988885871370017, 0.10111191953848843, 0.10111191159242201, 0.10111192023522461, 0.8988880818961872, 0.1011118986119232, 0.1011119381932381]
w_opt: [0.5258468696610178, 0.1011119209118332, 0.5258468696452038, 4.125602669084307e-7, 0.10111191002449627, 1.1686828908012228e-8, 0.42473495498284175, 1.3120767672142697e-9, 0.10111193603272194, 5.988285330039706e-9, 0.8988880662168365, 1.6692147213582407e-9, 0.10111191052382344, 7.795088977040858e-10, 0.8988880663168461, 1.071328131332454e-9, 6.466245936439196e-9, 0.1011119209497362, 0.10111190867615162, 0.10111190936326717, 0.10111191955829028, 3.802740464973122e-8, 1.1386020727996562e-9, 2.9860272301352946e-9, 5.095708241794738e-7, 7.096437608416681e-7, 0.1011119156008509, 0.8988880789675318, 4.884743593630276e-7, 0.10111193655953765, 2.362016796515833e-9, 0.10111191215385647, 3.107877132776657e-9, 1.5012727213957947e-9, 8.491591935557148e-10, 7.951777833964687e-10, 2.1682894617838996e-9, 0.10111189700256855, 2.890909716623881e-8, 1.2838956475406532e-8, 0.10111189737550115, 7.653125259177549e-10, 1.8484414147606306e-9, 0.10111193459632305, 0.10111189485407251]
v_opt: [0.010223838633707774, 0.10111189672962843]
solution time: 0.006796121597290039
McCormick lower bound: -4.819742265979547

