x_opt: [0.3622556686281274, 0.6377443332491065, 0.22390312226422893, 0.776096932907876, 0.3622556666403015, 0.2239031205924249, 0.22390312250442548, 0.6377443341726866, 0.22390311963938014, 0.36225566618320676]
w_opt: [0.3622556684448545, 0.2239031221679955, 0.36225566853274627, 9.789179610686744e-9, 0.22390312039111165, 3.692983242417782e-9, 4.78396878887335e-9, 7.870892535518194e-11, 0.36225566528402586, 1.8505681205032373e-10, 0.6377443331415515, 3.308394093983168e-10, 0.22390312052288863, 6.078387633867588e-11, 0.6377443330612025, 6.91708288377598e-11, 1.3009048515988936e-10, 0.22390312218723327, 0.22390312203953033, 0.22390312022873554, 0.2239031221356505, 7.130488985616704e-10, 9.26642980392611e-11, 2.546064315132436e-10, 0.13835259971410116, 5.456803218868543e-8, 0.22390312191445869, 0.6377443339175576, 5.336320167689538e-8, 0.3622556660205145, 2.445478976109896e-10, 0.2239031221576332, 1.1000101476196445e-9, 1.2277272944280488e-10, 1.057056655222269e-10, 1.1900034092222074e-10, 1.334287937572444e-10, 0.22390311934907536, 2.259526609180586e-9, 5.731318095776135e-10, 0.22390311948192035, 7.592902598890049e-11, 1.4986902407850562e-10, 0.3622556658045498, 0.22390311942132476]
v_opt: [0.05013261772731567, 0.22390311946574662]
solution time: 0.0052089691162109375
McCormick lower bound: -2.79506180677217

