x_opt: [0.525841566948834, 0.8988789624003752, 0.10111597828830558, 0.898884032494942, 0.10112092469124974, 0.10111597014827459, 0.10111627986865669, 0.8988790786366688, 0.10111596855611968, 0.10112105211780643]
w_opt: [0.5258415652303203, 0.1011159770367009, 0.5258415652063726, 1.732219125691682e-7, 0.10111596802888387, 1.8436603422595124e-8, 0.4247206507772943, 1.9933227365975726e-9, 0.1011210489088618, 4.455264758502335e-9, 0.8988789606166236, 2.975413976554371e-9, 0.10111596837485087, 1.211234709034735e-9, 0.8988789608291716, 1.3100516631811666e-9, 1.6188633943036832e-8, 0.10111597656897457, 0.1011159720350268, 0.10111596567714902, 0.10111597674909172, 2.8434768501123255e-8, 1.7720933328694866e-9, 4.440648496733393e-9, 4.9602488041160155e-6, 4.2610598647267355e-8, 0.10111627024851665, 0.8988790734483455, 5.9733220089796345e-9, 0.10112105015748651, 3.264227763294977e-9, 0.10111627348906028, 6.838197463535867e-9, 2.2953147169840705e-9, 1.3866893165111534e-9, 1.2440717460695057e-9, 2.285441298082258e-9, 0.10111596535221128, 2.989574064071364e-8, 5.2153129786026586e-9, 0.10111596619374054, 1.1949321084649346e-9, 2.157294492783961e-9, 0.10112104680574771, 0.10111596352760013]
v_opt: [0.010224879497413878, 0.10111596594930188]
solution time: 0.004761219024658203
McCormick lower bound: -2.623014076466628

