x_opt: [0.42394982664461717, 0.8305911741405337, 0.16940871128769255, 0.9437489789981438, 0.16940881774617203, 0.1694086162173038, 0.16940872082798816, 0.8305911910790214, 0.16940859911268824, 0.16940882351236872]
w_opt: [0.42394982137369946, 0.1694087079394898, 0.423949821993452, 2.0841148765709877e-7, 0.16940861012960853, 4.3437333407640625e-8, 0.2545410263519651, 4.423281330578642e-9, 0.16940881547681128, 1.3988728672402944e-8, 0.8305911697664105, 8.517192261578707e-9, 0.169408612355589, 2.961265240625574e-9, 0.830591169234226, 3.6578545105107726e-9, 5.884669440008331e-9, 0.16940870791726767, 0.16940869399469247, 0.1694086080612224, 0.16940870569797722, 5.070825982359893e-8, 4.3547091668188424e-9, 1.0000037432329281e-8, 0.11315780563449636, 0.11315764613533968, 0.16940870379361925, 0.8305911803589359, 0.11315758615989668, 0.16940881704619412, 8.39497714390432e-9, 0.16940870816897344, 1.4749988547334432e-8, 5.17639397925114e-9, 3.504712245136197e-9, 3.738048221134791e-9, 6.418484119055702e-9, 0.1694085923036707, 6.638617146757853e-8, 1.4549629314981919e-8, 0.16940859390778495, 3.3104376402862916e-9, 6.344666149185135e-9, 0.16940880803065764, 0.16940858775316084]
v_opt: [0.02869958757405412, 0.1694085917494423]
solution time: 0.005583047866821289
McCormick lower bound: -3.664221195338362

