x_opt: [0.5258463783744581, 0.8988867866187875, 0.10111315096662622, 0.8988881488746713, 0.10111318089553004, 0.10111204232872377, 0.10111315691687062, 0.8988868612822463, 0.10111198059492212, 0.1011132454512141]
w_opt: [0.5258463675432729, 0.10111314296058517, 0.5258463696617754, 5.34054193319244e-7, 0.10111202991323767, 7.200944635822471e-8, 0.42473326072756235, 1.1181713991438133e-8, 0.10111322700418636, 4.6648925572576513e-8, 0.8988867786773269, 1.5722926905848438e-8, 0.10111203349375533, 8.316377801456643e-9, 0.898886778984741, 9.23762758163896e-9, 4.132885208015301e-8, 0.10111314383120681, 0.10111309363640383, 0.10111202651785324, 0.10111313922236781, 2.061842347268644e-7, 9.998015105585631e-9, 2.6851793427525955e-8, 1.349607617806537e-6, 3.647038457131428e-7, 0.1011131213201016, 0.8988868365061331, 1.5335217219206707e-7, 0.10111323245196029, 1.9549510055848068e-8, 0.10111311563797808, 5.5026012383391063e-8, 1.2525997318653852e-8, 6.454653012151322e-9, 7.133265784864299e-9, 1.6927454963759655e-8, 0.10111196642273532, 1.7262277208875875e-7, 6.24586630151817e-8, 0.1011119700246041, 7.156485920026568e-9, 1.0989058316226508e-8, 0.101113219495857, 0.10111195419526633]
v_opt: [0.01022454053008513, 0.10111196369849905]
solution time: 0.005167961120605469
McCormick lower bound: -4.928314680839922

