x_opt: [0.31935328034533345, 0.6806467963086141, 0.3193511177976109, 0.9506452956984999, 0.3193531798883369, 0.31935104616878973, 0.31935112484026723, 0.6806468215493131, 0.04935471441288388, 0.31935320723364347]
w_opt: [0.3193532770088284, 0.3193511160717239, 0.31935327842787936, 1.0699772851421614e-7, 0.319351043505193, 2.48011562625706e-8, 1.07550296898257e-7, 1.7504815978041668e-9, 0.319353203267596, 5.985940229551281e-9, 0.6806467941610894, 3.664341225343155e-9, 0.31935104461882186, 1.5385367636354952e-9, 0.6806467936859184, 1.5834351464193442e-9, 6.923085074110809e-9, 0.3193511160395164, 0.31935111129094135, 0.3193510417112765, 0.3193511156283614, 2.0325852292370163e-8, 2.026190079100988e-9, 4.2913334742210425e-9, 0.26999847956629636, 0.2699963702140532, 0.3193511158941219, 0.6806468159363913, 1.4625549970355088e-8, 0.3193532043467782, 3.754289243658091e-9, 0.31935111860904625, 4.937278089812666e-9, 2.281469596430176e-9, 1.4684220657831388e-9, 2.378403847455275e-9, 3.2530810503594824e-9, 0.04935471184910902, 3.343453442342551e-8, 6.2969858532317646e-9, 0.04935471146528196, 1.8073141998756203e-9, 2.589373636201021e-9, 0.31935320032877756, 0.049354709013191896]
v_opt: [0.10198578661230817, 0.04935471066560347]
solution time: 0.004984140396118164
McCormick lower bound: -2.880013168750097

