x_opt: [0.5258473089992038, 0.8988883805644555, 0.1011116188671395, 0.89888838995178, 0.10111161912852829, 0.10111161792085463, 0.10111161889353316, 0.8988883809642827, 0.10111161793969115, 0.10111161946598839]
w_opt: [0.5258473089789664, 0.1011116188521399, 0.525847308973534, 6.006520858726622e-9, 0.10111161789354957, 4.901561599362415e-10, 0.424735690094062, 3.017942505563019e-11, 0.10111161924025608, 6.994624030048365e-11, 0.8988883805400106, 5.070561248159003e-11, 0.10111161789847428, 1.4124844264523445e-11, 0.898888380546952, 1.7311805169832062e-11, 8.234342934603279e-11, 0.10111161885111677, 0.10111161876110676, 0.10111161786845149, 0.10111161883281757, 3.088578344076999e-10, 2.1669639854699147e-11, 6.981260789229875e-11, 9.141428989364532e-9, 8.598959268761377e-9, 0.10111161872822576, 0.8988883808174456, 8.203500122141064e-9, 0.10111161943482161, 4.998662764316787e-11, 0.10111161872068974, 1.3619390861346742e-10, 3.617463238058779e-11, 3.0925155101226684e-11, 1.2881903031278056e-11, 2.4949520210895005e-11, 0.10111161776800012, 6.040203134476289e-10, 3.618774166741058e-10, 0.10111161791247592, 1.2884899529085634e-11, 5.11259639253552e-11, 0.10111161936724421, 0.10111161786386767]
v_opt: [0.010223568237382656, 0.10111161790896574]
solution time: 0.005115985870361328
McCormick lower bound: -3.350888064596047

