x_opt: [0.436653165797399, 0.4366531611597276, 7.116090632707978e-7, 0.7819041479931716, 0.2180958573665097, 0.21809211320149435, 0.21809207723156246, 0.5633528840832241, 0.2180921043800576, 0.5633474045806351]
w_opt: [0.43665313712146125, 7.032792819101727e-7, 0.43665315136607924, 1.2438480773432057e-5, 0.21809209978396837, 1.169103773145488e-7, 6.0624704512936685e-6, 1.478157129291012e-8, 0.43665316009009075, 2.0591518162658756e-8, 0.4366531384067568, 6.410204638838066e-8, 0.21809209739738922, 9.45191217958501e-9, 0.4366531430832181, 7.789991781652393e-9, 5.775258611243297e-7, 6.751274164665695e-7, 6.814087957587804e-7, 6.533670720902009e-7, 6.994473827961887e-7, 7.945705863224352e-8, 1.3554653242245497e-8, 2.960872817101802e-8, 4.5372108000456616e-8, 4.918598509919638e-7, 0.21809145284833156, 0.5633528525459122, 2.677408880001677e-8, 0.5633473935321944, 2.3379907024211823e-8, 0.21809088573607524, 2.61157745699412e-8, 1.934023272431752e-8, 1.2224945788169562e-8, 9.73746715052906e-9, 1.2792414906996043e-8, 0.2180920865161742, 6.419213902659082e-8, 1.3514976688482162e-8, 0.2180920688070743, 8.706093267716322e-9, 1.6119052772524823e-8, 0.5633473946627217, 0.2180920488320086]
v_opt: [0.047564277310089255, 0.21809208702621433]
solution time: 0.004343986511230469
McCormick lower bound: -1.2300391167523825

