x_opt: [0.5256519152583442, 0.8985355969854498, 0.10146440181909216, 0.8988115053349136, 0.10146440285706922, 0.10118849539074648, 0.1014644023908983, 0.8985355976784106, 0.10118849505822235, 0.10146440335863148]
w_opt: [0.5256519151767721, 0.10146440175215034, 0.5256519151977045, 3.3835824617549172e-9, 0.10118849529716549, 5.926444358661873e-10, 0.42418751311312813, 8.797494598222172e-11, 0.10146440322652994, 2.8087880303657423e-10, 0.8985355969222508, 1.4626056687682939e-10, 0.10118849532073736, 7.292655129684809e-11, 0.8985355969212198, 6.764137592800577e-11, 4.25210504556075e-10, 0.10146440175394127, 0.10146440154569643, 0.10118849526558868, 0.10146440175292709, 1.3436148601588524e-9, 8.208990659569092e-11, 2.197928535226388e-10, 0.00027590832423916574, 2.294569630245694e-9, 0.10146440207076926, 0.8985355974930223, 5.637341574626073e-10, 0.10146440326411245, 1.5425068080413752e-10, 0.10146440212674072, 6.442655478281886e-10, 1.0238536437590063e-10, 4.943497952490867e-11, 6.02763421959156e-11, 1.2130976845554758e-10, 0.10118849494409742, 1.4763207972177408e-9, 3.9226053301711247e-10, 0.10118849496889118, 5.998797892466656e-11, 7.563331920717331e-11, 0.10146440316158951, 0.10118849485232992]
v_opt: [0.010297138210713026, 0.10118849492224843]
solution time: 0.007380008697509766
McCormick lower bound: -3.977752746984678

