x_opt: [0.5258471911783466, 0.8988881183627967, 0.10111176239183958, 0.8988883526485566, 0.10111182457943967, 0.10111169431280738, 0.10111176685969056, 0.8988881955047866, 0.10111165710079398, 0.10111190524568846]
w_opt: [0.5258471872689537, 0.1011117595432201, 0.5258471881704975, 6.524082110629677e-7, 0.10111168983082983, 3.8756523888189746e-8, 0.4247354011554978, 3.62186829193491e-9, 0.10111182348227794, 1.2094348102140415e-8, 0.8988881154273585, 5.874148122460686e-9, 0.10111169143580763, 3.0490968245333373e-9, 0.8988881158107694, 2.6832376298220262e-9, 3.004453984255344e-8, 0.10111175992447256, 0.10111174990597513, 0.1011116875970738, 0.10111175857346316, 9.123052011518445e-8, 3.2574849506370636e-9, 9.146061099690647e-9, 1.8541553135401453e-7, 1.1008219643072495e-7, 0.10111174894577732, 0.8988881829411378, 3.303542335139056e-8, 0.10111190079193999, 7.347047350737925e-9, 0.10111174729838501, 2.549665072021341e-8, 4.615738359264891e-9, 2.3489924075954446e-9, 2.28779856982046e-9, 4.759067273308946e-9, 0.10111165022593009, 8.868161958020658e-8, 4.343401811509084e-8, 0.10111165333541162, 2.2088619545849976e-9, 4.240532528242689e-9, 0.10111189428624194, 0.10111164787277713]
v_opt: [0.010224000566507161, 0.10111165172585763]
solution time: 0.005554914474487305
McCormick lower bound: -3.8607791371091666

