x_opt: [0.525847316504364, 0.8988883865260744, 0.10111161335706986, 0.8988883872700287, 0.10111161338691041, 0.10111161306377556, 0.10111161334920415, 0.8988883866726733, 0.10111161301207978, 0.10111161351680559]
w_opt: [0.5258473164810433, 0.10111161334024059, 0.5258473164823664, 2.474396656141321e-9, 0.10111161303351546, 1.6874712223312942e-10, 0.4247357032093336, 2.6770885650046517e-11, 0.10111161347540532, 1.0556661853011982e-10, 0.8988883865062806, 2.7937705600563132e-11, 0.10111161304155697, 1.7248395931808726e-11, 0.8988883865074941, 2.187212117099987e-11, 6.129143945866251e-11, 0.10111161334151171, 0.10111161321862269, 0.10111161302289298, 0.10111161331610298, 4.928341851362459e-10, 2.276818296010188e-11, 6.049960949419443e-11, 7.068588428951602e-10, 8.804536728296705e-10, 0.10111161326699417, 0.8988883866213333, 3.3343092134179626e-10, 0.10111161348596379, 4.493768470108834e-11, 0.10111161326410838, 9.137781914546117e-11, 2.8733232739101353e-11, 1.6174298463984004e-11, 1.5590311262796754e-11, 4.2200392895151996e-11, 0.10111161296501922, 4.2154694742714644e-10, 1.2801010019787265e-10, 0.10111161297817106, 1.566361403265839e-11, 3.094711812179106e-11, 0.10111161345050737, 0.10111161293164365]
v_opt: [0.010223650820779955, 0.10111161296894297]
solution time: 0.004705905914306641
McCormick lower bound: -4.99260044394684

