x_opt: [0.3622556565279193, 0.6377443373702198, 0.22390314838406697, 0.776096964967494, 0.36225566226679584, 0.22390312167113452, 0.22390314858667326, 0.6377443393893094, 0.22390311808321917, 0.36225566038756923]
w_opt: [0.36225565593981784, 0.22390314805440004, 0.362255656119503, 2.430240864348095e-7, 0.22390312118376915, 1.9291871243332892e-8, 3.306106378745863e-9, 3.121400987432907e-10, 0.36225565420643235, 6.893099856208745e-10, 0.637744336945027, 1.0792881138553283e-9, 0.2239031213928146, 2.3489948151379826e-10, 0.63774433681211, 2.7020818968849086e-10, 4.304628686010328e-10, 0.22390314808348943, 0.22390314742830422, 0.22390312073608837, 0.22390314779834233, 1.6766762391875575e-9, 3.6210555028352766e-10, 7.219128786283315e-10, 0.13835262792709146, 8.995083078105896e-8, 0.22390314676909792, 0.6377443385383199, 8.578541218023602e-8, 0.3622556598066731, 6.995256304695691e-10, 0.22390314769898498, 2.2741316477511184e-9, 4.2207156970581873e-10, 3.4235689712095516e-10, 4.3765829433907594e-10, 4.670871711889037e-10, 0.22390311740430782, 7.058806137186907e-9, 1.0678272076838507e-9, 0.22390311749310507, 3.0888948988079103e-10, 5.177200291071972e-10, 0.3622556591772069, 0.223903117307661]
v_opt: [0.05013262769522164, 0.22390311737845392]
solution time: 0.004621982574462891
McCormick lower bound: -2.7697929035124744

