x_opt: [0.4895600097487686, 0.8745667367170242, 0.125433259650187, 0.9148640192338852, 0.12543326279872377, 0.12543325629032426, 0.12543325975835273, 0.8745667379575154, 0.12543325545005657, 0.12543326290766946]
w_opt: [0.4895600093159843, 0.12543325936220745, 0.48956000928925725, 1.7630066498574665e-8, 0.12543325569259134, 3.6603954774666204e-9, 0.36412674843584114, 4.200080931787352e-10, 0.1254332621484066, 1.6034302643918741e-9, 0.8745667363327333, 7.259645426942255e-10, 0.12543325592779445, 2.5279167466283294e-10, 0.8745667363004376, 3.5404584542637276e-10, 4.1401301953627274e-10, 0.12543325937945815, 0.12543325743679343, 0.12543325556398696, 0.12543325890431026, 6.116126098122077e-9, 3.863961141660336e-10, 9.033758116167282e-10, 0.04029728290882871, 0.040297279986528205, 0.1254332583803849, 0.87456673705059, 0.04029727545456411, 0.125433262258663, 7.728461921556977e-10, 0.12543325857632556, 1.2495338535731943e-9, 4.6550448459665445e-10, 3.4052536269639815e-10, 3.0686382941543954e-10, 6.034118049583103e-10, 0.12543325474251124, 5.61989591111804e-9, 1.7143330311076307e-9, 0.12543325501159538, 2.80551308495792e-10, 6.931648558362973e-10, 0.1254332614031222, 0.12543325442524328]
v_opt: [0.01573393918620669, 0.12543325480138334]
solution time: 0.008057117462158203
McCormick lower bound: -4.649695159199958

