x_opt: [0.5258463681251735, 0.8988877142845728, 0.10111226412965467, 0.898888768855478, 0.10111228340567296, 0.10111224735902262, 0.10111226452546158, 0.8988877177386103, 0.10111224641248759, 0.10111228570182394]
w_opt: [0.5258463674957462, 0.10111226366552649, 0.5258463673711868, 9.136151667027436e-8, 0.10111224638204662, 7.2557924448460955e-9, 0.42473408707197413, 7.631788633915908e-10, 0.10111228443606335, 2.6319206813617145e-9, 0.8988877136543733, 1.1690318639442599e-9, 0.10111224671362899, 3.9768776503396814e-10, 0.8988877136708856, 5.763360417430203e-10, 9.570643515806856e-10, 0.10111226366271969, 0.10111225985681235, 0.10111224590448745, 0.10111226297494395, 1.890566428598643e-8, 6.409026178253825e-10, 1.6362592238822847e-9, 1.0536375353975124e-6, 1.0352149346827154e-6, 0.10111226187448506, 0.8988877162232844, 1.0168978323331704e-6, 0.1011122847206965, 1.3484399834509362e-9, 0.10111226204408531, 2.0779713226519767e-9, 8.397166846906407e-10, 5.976817435474354e-10, 4.474759190738735e-10, 9.876794147488974e-10, 0.10111224507334914, 1.1595517688771367e-8, 3.136493455524311e-9, 0.10111224567856152, 4.2616372050831627e-10, 1.216689156709738e-9, 0.1011122832643807, 0.10111224452188043]
v_opt: [0.010223794381325023, 0.101112245400349]
solution time: 0.004732847213745117
McCormick lower bound: -4.192828372094482

