x_opt: [0.3622555554557453, 0.6377441989424161, 0.22390318354827138, 0.7760968471988026, 0.362255754407827, 0.22390320703161315, 0.22390319128396294, 0.637744241682713, 0.22390318879797347, 0.3622556607824872]
w_opt: [0.3622555389418871, 0.22390317621319444, 0.36225554551892064, 5.578587723274893e-7, 0.22390318699061867, 7.704320630231437e-7, 6.102751203501696e-8, 6.2726245517954365e-9, 0.36225539571110205, 1.097711511693679e-8, 0.6377441875506719, 2.6238898428958794e-8, 0.22390320097897393, 4.710689680519245e-9, 0.6377441770584026, 5.322538496200787e-9, 9.76607761701011e-9, 0.22390317637291857, 0.22390316015465334, 0.22390316983176833, 0.2239031759045657, 3.2184144283198225e-8, 7.584455626373856e-9, 1.6435550409477708e-8, 0.13835261398222304, 2.845164040407984e-7, 0.22390313184315905, 0.6377442208471926, 1.6357205181199877e-7, 0.3622556452510044, 1.930825858101808e-8, 0.2239031591076085, 3.4938272673962304e-8, 9.431525112749163e-9, 1.1338962736898217e-8, 1.2423408362927654e-8, 9.299644191723409e-9, 0.2239031759309433, 1.952303080787407e-7, 2.7641625390630492e-8, 0.22390318163086984, 6.95621559303041e-9, 9.470883051163773e-9, 0.36225560853843397, 0.22390317171484236]
v_opt: [0.050132812977276064, 0.22390317541309773]
solution time: 0.004436016082763672
McCormick lower bound: -1.8697191163053692

