x_opt: [0.3622554675612579, 0.6377441670881298, 0.22390325501621247, 0.7760968801271818, 0.3622558649882947, 0.22390333135920054, 0.22390324697128675, 0.6377441612373548, 0.22390315935655367, 0.36225574915439257]
w_opt: [0.3622554563054374, 0.22390324888908308, 0.36225545983229185, 1.5260959918053912e-6, 0.2239033132817515, 8.03940334338565e-7, 6.363192117924549e-7, 5.383645334755732e-9, 0.3622551759420916, 1.4456203337691789e-8, 0.6377441591013432, 3.983154009608539e-8, 0.22390332637514082, 3.879898150107162e-9, 0.6377441389970336, 4.376912364715035e-9, 2.8929068159276753e-9, 0.22390324963452143, 0.2239032372246163, 0.2239032462826442, 0.22390323949426233, 3.6969439464310026e-8, 6.9849581615028845e-9, 1.8033544497419464e-8, 0.13835275236952893, 5.800959208215493e-7, 0.22390318484055488, 0.6377441440519667, 1.425780335863276e-7, 0.3622557351987071, 1.9386820526301615e-8, 0.22390322603934426, 8.823441404003497e-8, 1.0481380927022452e-8, 1.1913561208868378e-8, 9.528294844586728e-9, 6.5388623314486564e-9, 0.2239031287757501, 3.2572519546300105e-7, 3.149034297194526e-8, 0.22390314506064055, 5.501645126136892e-9, 1.2710700276362456e-8, 0.3622557110198286, 0.22390314971447547]
v_opt: [0.05013270511407115, 0.2239031461246091]
solution time: 0.004297971725463867
McCormick lower bound: -2.236651168263943

