x_opt: [0.5121650039663429, 0.8897177332616942, 0.1102822650963423, 0.904912041728541, 0.1102822667342292, 0.11028219927126866, 0.11028226565660394, 0.8897177342142145, 0.11028219857070415, 0.11028226662945032]
w_opt: [0.5121650037259343, 0.11028226493581955, 0.5121650037751146, 8.637988233890318e-9, 0.11028219899959772, 1.6568133425232456e-9, 0.40188273861006524, 2.0831518062261801e-10, 0.11028226628072117, 8.999449444806171e-10, 0.8897177330931471, 4.438272077818489e-10, 0.1102821991002476, 1.556512059956627e-10, 0.8897177330784851, 1.7693867157043184e-10, 2.530090817783992e-10, 0.11028226495669442, 0.11028226417785275, 0.11028219897553576, 0.11028226488170503, 3.575361492840128e-9, 1.9961611433220131e-10, 4.903921463795147e-10, 0.015194308851087447, 0.015194242823942822, 0.11028226495671574, 0.8897177337747018, 0.015194240647521588, 0.11028226633113043, 3.9495058530723286e-10, 0.11028226505016783, 1.1820571710090288e-9, 2.4047021096948215e-10, 1.4213543190058663e-10, 1.6182914828114452e-10, 3.0647267989550064e-10, 0.11028219825807624, 3.2885098939202074e-9, 9.821503557416253e-10, 0.11028219836070992, 1.5140001799261525e-10, 2.4151077941752887e-10, 0.11028226602247453, 0.11028219809951806]
v_opt: [0.012164895931031861, 0.11028219821882856]
solution time: 0.005964040756225586
McCormick lower bound: -4.970550892830273

