x_opt: [0.7360559630464839, 0.7360559632198073, 5.996501790359707e-10, 0.9999996300680806, 0.21355904974976372, 1.239274205420017e-8, 0.21355904807072865, 0.78644093501757, 1.2490417129331319e-8, 0.7864409341478082]
w_opt: [0.7360559629914935, 5.687901238650847e-10, 0.7360559630040108, 3.858258821298038e-9, 1.2348663894104152e-8, 4.698844283370238e-10, 0.5224968981360435, 5.4454589152996343e-11, 0.7360559629601288, 6.604302328566285e-11, 0.7360559631576153, 1.98698627519651e-10, 1.2337190027357775e-8, 3.9400856651197954e-11, 0.736055963168119, 2.7747294741512757e-11, 0.5224968974181013, 4.726984506648557e-10, 5.123367255704867e-10, 4.114119652283464e-10, 5.63879994123622e-10, 1.740951379300768e-10, 4.5075159186613e-11, 9.83450627434025e-11, 0.21355867987466606, 3.850541597194943e-10, 0.2135590470744936, 0.7864409348651454, 6.877795549019295e-11, 0.7864409341112191, 7.615551659686457e-11, 0.21355904770652348, 9.376291647346691e-11, 6.540049766024142e-11, 3.454961483415617e-11, 3.224024935418821e-11, 4.8008165523698506e-11, 1.2338292196917652e-8, 5.989502925740687e-10, 1.1621735125517857e-10, 1.2413822718494464e-8, 3.163691661090169e-11, 4.360204755511877e-11, 0.7864409339892572, 1.231346758319035e-8]
v_opt: [0.04560746982671389, 1.2430807380714763e-8]
solution time: 0.006070852279663086
McCormick lower bound: -1.3717963730103873

