x_opt: [0.5258473152333871, 0.8988883851433738, 0.10111161456698978, 0.8988883873019217, 0.10111161477446251, 0.10111161383630153, 0.1011116145722115, 0.8988883852819692, 0.10111161373423064, 0.10111161487449369]
w_opt: [0.5258473152129425, 0.10111161455206578, 0.5258473152160372, 2.2562074594443558e-9, 0.10111161381076877, 1.6258257219883233e-10, 0.4247357005589952, 2.102525215784416e-11, 0.10111161483796724, 7.564045214847477e-11, 0.8988883851269667, 2.3949529516998363e-11, 0.10111161381920326, 1.7413051551605112e-11, 0.8988883851275998, 1.7983994236937968e-11, 3.7429963213814406e-11, 0.10111161455367275, 0.10111161447582295, 0.10111161380321222, 0.10111161453449345, 3.578168349055562e-10, 1.926919498450433e-11, 4.958730960032064e-11, 2.1185237239610824e-9, 1.5093030345856037e-9, 0.10111161450030492, 0.8988883852354097, 1.0791109464944225e-9, 0.10111161484763914, 3.818568385461041e-11, 0.10111161444636019, 7.994116673900057e-11, 2.3790689165481003e-11, 1.356882785627081e-11, 1.444574876965815e-11, 3.3468516430935183e-11, 0.10111161370478365, 3.758991533744598e-10, 9.687648016769579e-11, 0.10111161371063727, 1.398371469806056e-11, 2.469086282605424e-11, 0.101111614816866, 0.10111161368032305]
v_opt: [0.010223573658893835, 0.10111161370104788]
solution time: 0.009012937545776367
McCormick lower bound: -4.882633406220052

