x_opt: [0.2961713957062306, 0.7449443639658211, 0.2550526747507785, 0.9999999906073391, 0.25505563585350216, 0.2550526590210079, 0.2550526758399081, 0.7449443655217566, 0.25505265690167905, 0.255055634857294]
w_opt: [0.29617139490227085, 0.2550526742788285, 0.2961713950659081, 2.9887792224207605e-8, 0.2550526581561799, 6.653628397867418e-9, 0.04111576247671289, 5.755967871230298e-10, 0.2550556337599206, 1.7830984320757233e-9, 0.744944363344714, 1.403710078958728e-9, 0.25505265851244263, 3.985780289295404e-10, 0.7449443631804135, 4.973115457471637e-10, 6.372864908181576e-10, 0.25505267429389933, 0.25505267260658754, 0.25505265788899273, 0.25505267395628456, 5.309781761734862e-9, 5.992730372234736e-10, 1.3187712381462015e-9, 0.2550556277071733, 0.25505265605921507, 0.25505267364067813, 0.7449443640565768, 0.2550526486040972, 0.25505563393086533, 1.1583145154551936e-9, 0.2550526742775058, 2.153298838045903e-9, 6.949176306200301e-10, 4.93459490827112e-10, 5.762907366849801e-10, 8.847476996861792e-10, 0.25505265595769466, 9.163266003682581e-9, 1.8736127135046116e-9, 0.2550526561383408, 4.813460469685135e-10, 9.076184021303819e-10, 0.25505563256683783, 0.25505265540075206]
v_opt: [0.06505188466917, 0.2550526558489533]
solution time: 0.006093025207519531
McCormick lower bound: -3.60160231555967

