x_opt: [0.275742765957328, 0.7242578535907125, 0.26935182399829827, 0.999999778804824, 0.27574214480272213, 0.26935180815548365, 0.26935182550586856, 0.7242578565035734, 0.2693518023742794, 0.2757421457709108]
w_opt: [0.2757427649466024, 0.2693518234082863, 0.2757427651927325, 3.819991833007469e-8, 0.2693518071398833, 8.314090749397077e-9, 6.240350647147624e-7, 7.011873385188019e-10, 0.2757421444338049, 2.0882196692270556e-9, 0.7242578528187993, 1.5111542222867791e-9, 0.2693518075349655, 5.096354635820853e-10, 0.7242578526407077, 5.96985962842936e-10, 1.055873239166946e-9, 0.26935182339612007, 0.2693518215413138, 0.26935180667073916, 0.26935182306756644, 6.188011391561761e-9, 7.418366715494347e-10, 1.6338199012008276e-9, 0.27574192509491063, 0.26935159604744574, 0.2693518225862248, 0.7242578546031152, 0.26935158252577823, 0.27574214468160124, 1.410379697541655e-9, 0.2693518235320206, 2.372342311552662e-9, 8.601570718135513e-10, 5.880756064326008e-10, 7.248596150762102e-10, 1.081691933119241e-9, 0.26935180130732556, 1.1544232528064429e-8, 2.2411986253416612e-9, 0.2693518013974825, 6.017524255629325e-10, 1.04548401749386e-9, 0.27574214307204387, 0.2693518004810247]
v_opt: [0.0725504092364878, 0.2693518010811268]
solution time: 0.006417989730834961
McCormick lower bound: -3.2356513512452665

