x_opt: [0.525847309955382, 0.8988883727989395, 0.10111161843282493, 0.8988883815895613, 0.10111162523253522, 0.10111161779686208, 0.10111162112081386, 0.8988883751844096, 0.10111161911615596, 0.10111162721608982]
w_opt: [0.5258473096058989, 0.10111161814489579, 0.5258473093918714, 4.844374379353795e-8, 0.10111161718981804, 3.8431229310378725e-9, 0.42473568578275783, 6.742105841867825e-10, 0.10111162617752749, 1.2148829924376638e-9, 0.8988883722962023, 8.080557513351953e-10, 0.10111161718479734, 2.69786851831157e-10, 0.898888372419573, 3.633320639496521e-10, 4.3584351441362165e-10, 0.1011116180297399, 0.10111161647010827, 0.10111161618459957, 0.1011116178811242, 5.510138883828825e-9, 4.584987687460824e-10, 1.2276388366005982e-9, 7.3793351199561975e-9, 7.320863744366091e-9, 0.1011116189987199, 0.8988883740993397, 2.1534855183554624e-9, 0.10111162668473284, 8.563886487692646e-10, 0.10111161925215979, 1.1750008411743204e-9, 6.248239725765845e-10, 4.4072201250634336e-10, 2.5502212481693384e-10, 5.385736201001039e-10, 0.10111161730575187, 5.993215389690086e-9, 1.68440550638985e-9, 0.10111161868543411, 2.63857467488269e-10, 7.270800581960897e-10, 0.10111162565491394, 0.10111161777550827]
v_opt: [0.01022372369387871, 0.10111161851192436]
solution time: 0.004559040069580078
McCormick lower bound: -3.033576755171057

