x_opt: [0.5833272257461929, 0.9386613349659859, 0.06133866426444894, 0.9386613374539694, 0.06133866425288062, 0.06133866238140791, 0.06133866455658308, 0.9386613367189836, 0.06133866245308302, 0.13656902797174558]
w_opt: [0.5833272255987781, 0.06133866412705511, 0.5833272255878048, 8.21675595904764e-9, 0.06133866216818813, 1.0430502145224635e-9, 0.521988562788323, 3.0592081024849395e-10, 0.13656902763087128, 8.349164037401934e-10, 0.9386613348311035, 2.4873688394553765e-10, 0.06133866216370312, 1.7621634747113652e-10, 0.9386613348556879, 1.7875117707104766e-10, 0.07523036305422338, 0.06133866412456206, 0.06133866313271252, 0.061338662088338075, 0.06133866405394398, 4.658696867225814e-9, 1.924069459058489e-10, 6.737273641007245e-10, 2.0456445006358816e-9, 3.3200705515430635e-9, 0.06133866386297396, 0.938661336196066, 5.699533665918753e-10, 0.13656902777295893, 3.7070039129281987e-10, 0.06133866355865466, 1.252599312645518e-9, 2.7454484886234755e-10, 1.1578071819383799e-10, 9.686835133900129e-11, 3.203598494671851e-10, 0.06133866203812817, 3.2732010459296404e-9, 1.742468075590405e-9, 0.06133866228343613, 1.1115614569060353e-10, 1.9355368425365085e-10, 0.1365690275635145, 0.06133866199685288]
v_opt: [0.003764510369669265, 0.06133866217773077]
solution time: 0.006056070327758789
McCormick lower bound: -4.976011059623262

