x_opt: [0.5258472134593237, 0.8988881838821693, 0.10111181172251461, 0.8988883555184266, 0.10111181185271019, 0.10111165289659585, 0.10111181135907572, 0.8988881943374863, 0.10111164380882373, 0.10111183279638586]
w_opt: [0.5258472128021143, 0.10111181122269666, 0.5258472129685939, 9.985695968620164e-8, 0.10111165218434563, 4.542307143182202e-9, 0.4247354093659709, 6.470986900915368e-10, 0.10111183127674388, 2.5583165132039984e-9, 0.8988881834107492, 7.832448600333937e-10, 0.10111165238299048, 4.869278587037473e-10, 0.8988881834337309, 5.353531350068555e-10, 1.712839652551311e-8, 0.10111181127899138, 0.10111180846902548, 0.10111165189498772, 0.10111181108500847, 1.707094675191334e-8, 5.957350635778752e-10, 1.6050202790272773e-9, 1.6854962660424152e-7, 1.9784709218805675e-8, 0.10111180907630367, 0.8988881927745388, 1.1662673884879962e-9, 0.1011118320673, 1.1552793111190585e-9, 0.1011118083913379, 6.96198868254917e-9, 7.573119506954347e-10, 3.7134015909144836e-10, 4.2899832771667946e-10, 9.875496306044492e-10, 0.1011116430394361, 1.785687016251884e-8, 8.618614173718393e-9, 0.10111164316040468, 4.293315557518226e-10, 6.182177536869442e-10, 0.10111183130507445, 0.101111642124449]
v_opt: [0.010223703924169453, 0.10111164280044178]
solution time: 0.004489898681640625
McCormick lower bound: -4.413185449043442

