x_opt: [0.36225681608548477, 0.637746058756874, 0.22390232020623516, 0.7760977464753228, 0.3622539135116921, 0.22390225348875364, 0.2239023775509779, 0.6377460944196763, 0.22390225522675788, 0.3622539404850621]
w_opt: [0.3622568134084886, 0.22390231854441886, 0.3622568134976251, 5.453561239347738e-7, 0.2239022491581419, 8.478617094659493e-8, 2.9187301494358955e-6, 2.777966847260067e-9, 0.362253904675713, 6.981357598450085e-9, 0.6377460555701815, 7.4403346678796685e-9, 0.22390225106656383, 1.8815431930239854e-9, 0.6377460552009184, 2.037097768973926e-9, 1.5338509243514688e-8, 0.22390231751635775, 0.22390231192114277, 0.22390223240482426, 0.2239023174078884, 4.369793021221903e-8, 2.9752524361624897e-9, 7.394030874976428e-9, 0.13835166772794602, 1.4153352552073023e-7, 0.22390235138753306, 0.6377460815922029, 3.376448864070454e-8, 0.3622539373442492, 6.312764433218789e-9, 0.22390236209292042, 1.852637940748467e-8, 4.67186489197412e-9, 3.8077392281945766e-9, 2.2038538463407697e-9, 3.4832467813138292e-9, 0.2239022424383587, 8.823930464806122e-8, 1.1237211547914678e-8, 0.22390225017478838, 2.000266032253377e-9, 4.141759237061292e-9, 0.36225393098910585, 0.2239022439204137]
v_opt: [0.05013247747771243, 0.22390225065966013]
solution time: 0.004314899444580078
McCormick lower bound: -2.3039488772095282

