x_opt: [0.3744526694707027, 0.6255500853596568, 0.37444764836277267, 0.8393218625653122, 0.3744495919482924, 0.16067977377219458, 0.37444765191175555, 0.6255504201473132, 0.1606781501859024, 0.37445256510135827]
w_opt: [0.374452666656679, 0.3744476471262255, 0.3744526683446572, 3.321638664504885e-7, 0.16067977217928697, 2.4892118085800163e-8, 3.0996833229371933e-6, 1.2698665969766991e-9, 0.3744525603561452, 4.130739380483711e-9, 0.6255500839271626, 2.573965131191096e-9, 0.16067977271679815, 1.6389130027585028e-9, 0.625550083719101, 1.0828139191445617e-9, 2.657460106258308e-6, 0.37444764697503385, 0.374447645307484, 0.160679768059914, 0.3744476471758617, 1.0038375294719063e-8, 1.4858566680970763e-9, 4.229518586813445e-9, 0.21377146105678735, 1.647221639624859e-6, 0.3744476384797526, 0.6255504111240805, 3.571538436652073e-8, 0.37445256329181426, 3.4258778321833985e-9, 0.3744476437571173, 1.5026560335030818e-8, 1.943738539743777e-9, 8.822164735449231e-10, 1.6286800617216744e-9, 2.42020944983856e-9, 0.16067814750236217, 2.471864392229598e-8, 6.937926030757065e-9, 0.16067814843911613, 1.380892040984678e-9, 1.4385384024899747e-9, 0.37445255988829435, 0.1606781463736727]
v_opt: [0.14021209464634796, 0.16067814758304358]
solution time: 0.008427858352661133
McCormick lower bound: -2.633579330976497

