x_opt: [0.525847302053101, 0.8988883764742291, 0.10111162341688786, 0.8988883933106886, 0.10111162345775845, 0.10111162265940242, 0.10111162343980987, 0.8988883765597797, 0.10111162254396519, 0.10111162354162483]
w_opt: [0.525847302042124, 0.1011116234094383, 0.525847302042479, 4.303603886282918e-9, 0.10111162264534429, 1.324262469488965e-10, 0.4247356786318503, 1.08934865994061e-11, 0.10111162351907753, 5.470997449468953e-11, 0.8988883764648476, 1.7226847389411142e-11, 0.10111162265015654, 7.181085287176165e-12, 0.8988883764651411, 8.850083347171429e-12, 2.925301254117416e-11, 0.10111162340962439, 0.10111162334493204, 0.10111162264107615, 0.10111162340311512, 3.113962652687119e-10, 1.0016411989983002e-11, 2.5948544734597373e-11, 1.679113177286135e-8, 1.614890894155304e-8, 0.10111162339653654, 0.89888837653432, 1.587753532568635e-8, 0.10111162352654002, 2.0672530484251375e-11, 0.1011116233776249, 3.2014285823649107e-11, 1.2717669314458863e-11, 7.895158028297025e-12, 7.543284631645937e-12, 1.6139515101197606e-11, 0.10111162252856039, 3.10569156038537e-10, 9.578383989892804e-11, 0.10111162253291187, 7.091838340095993e-12, 1.5350419218492334e-11, 0.101111623503189, 0.10111162251639151]
v_opt: [0.01022356474386772, 0.1011116225273022]
solution time: 0.007654905319213867
McCormick lower bound: -4.270602777761492

