x_opt: [0.7056505581965428, 0.7056700151422463, 9.315732180456231e-8, 0.9999998938880812, 0.16346026799707528, 9.870546935983568e-8, 0.1634602561061643, 0.8365397319429765, 9.989490235621064e-8, 0.7056505571492745]
w_opt: [0.7056505574837917, 9.263719544297661e-8, 0.7056505575629936, 3.622273882606685e-8, 9.796206049194238e-8, 6.495453844798446e-9, 0.5421902913618559, 7.97026729406811e-10, 0.7056505549125395, 1.417008648363432e-9, 0.705670014408384, 1.4137354558723834e-9, 9.797901641209147e-8, 5.619316313114822e-10, 0.7056700144949343, 4.851160335246586e-10, 0.4113205729524156, 9.221455810272389e-8, 9.138064891635689e-8, 9.070670164015496e-8, 9.258711743927092e-8, 4.994697882528254e-9, 7.211766145235972e-10, 1.808700156038376e-9, 0.16346016287387308, 9.93345219222908e-9, 0.16346025160739705, 0.8365397300366927, 1.305266135980847e-9, 0.7056505564817258, 1.2258403601926412e-9, 0.16346025212094512, 1.889180183543617e-9, 9.282003380467691e-10, 4.949281758404888e-10, 5.053978920414468e-10, 8.435027343138677e-10, 9.772882888028111e-8, 1.0129777499271468e-8, 1.8238558677929659e-9, 9.895822900767133e-8, 4.922226118609703e-10, 6.957384720816057e-10, 0.7056505552586607, 9.775076939049245e-8]
v_opt: [0.026720737163435933, 9.888703009393371e-8]
solution time: 0.005676984786987305
McCormick lower bound: -2.043437521477639

