x_opt: [0.525847307685447, 0.8988883795974298, 0.10111161937757175, 0.8988883918190563, 0.10111161955636715, 0.10111161884680483, 0.10111161937189928, 0.8988883808924832, 0.101111618706345, 0.10111162121484302]
w_opt: [0.5258473075287852, 0.10111161926433813, 0.5258473075304618, 1.090354813322042e-8, 0.10111161864694841, 1.110508603360009e-9, 0.4247356888652219, 1.8994395640999533e-10, 0.10111162093058673, 8.829758117142647e-10, 0.8988883794728391, 2.518209997181998e-10, 0.10111161869519872, 1.1472249245744185e-10, 0.8988883794854868, 1.4277120063102206e-10, 9.545518691992007e-10, 0.10111161927088369, 0.1011116178128489, 0.1011116185205505, 0.10111161906258709, 4.015854554289838e-9, 1.5296172392563754e-10, 4.2486206948447627e-10, 1.171718106380762e-8, 2.110443539090972e-8, 0.10111161882915587, 0.8988883804959148, 1.1310733363220511e-8, 0.10111162101267254, 3.0299376010835384e-10, 0.10111161841833176, 6.764176553109294e-10, 1.9784388322994066e-10, 1.0895894203665416e-10, 9.766525718277391e-11, 3.001808499943503e-10, 0.10111161839879478, 2.90022102690808e-9, 1.1430823281581715e-9, 0.10111161854718204, 1.0073395369808954e-10, 2.1630221917661463e-10, 0.10111162078324701, 0.10111161831038974]
v_opt: [0.01022394509604463, 0.10111161846546304]
solution time: 0.004498004913330078
McCormick lower bound: -5.039546998600801

