x_opt: [0.7429874101560616, 0.7907418106655736, 2.2025297397843678e-8, 0.9999999778191401, 0.20925818054818424, 2.1660169302865287e-8, 0.20925813645563707, 0.7907418552444548, 2.2312197690614428e-8, 0.7429861547411493]
w_opt: [0.7429874098377809, 2.175983858690018e-8, 0.7429874098567077, 1.7880995928863167e-8, 2.1290017741338068e-8, 2.6467539209240396e-9, 0.5337292660652193, 4.753697930017953e-10, 0.7429861537112902, 7.769691611109019e-10, 0.7907418103576215, 6.902663393407219e-10, 2.1263421124087033e-8, 3.0185707105517103e-10, 0.7907418103936147, 2.6446706725102777e-10, 0.533727965732353, 2.162157768423825e-8, 2.1138851018479404e-8, 2.0353634729828145e-8, 2.1749786983568422e-8, 2.6738670718655925e-9, 3.6610104212095384e-10, 1.0667338742723124e-9, 0.2092581588586159, 5.2422913140850694e-9, 0.20925813458306888, 0.7907418543521402, 9.441633532324928e-10, 0.7429861544133868, 6.44138793487508e-10, 0.20925813505407065, 3.6368766090874536e-8, 5.11061903820147e-10, 2.347269892626108e-10, 2.1810107458385808e-10, 4.394368000478823e-10, 2.1173046173233016e-8, 4.690350787779045e-9, 8.373908747037614e-10, 2.19147476860577e-8, 2.3465473467026876e-10, 3.165376459786659e-10, 0.742986153904753, 2.1288184637752524e-8]
v_opt: [0.043789381628136496, 2.1818729128758763e-8]
solution time: 0.0070569515228271484
McCormick lower bound: -2.653266305841558

