x_opt: [0.40476528858921434, 0.8177328941793511, 0.18226710316796485, 0.9521952475511545, 0.1822671055024628, 0.1822670951431282, 0.1822671035099272, 0.8177328951939818, 0.18226709310116643, 0.18226710579799058]
w_opt: [0.40476528830169684, 0.18226710298515442, 0.4047652883699837, 1.0189334423482136e-8, 0.18226709483547765, 2.0323239678967663e-9, 0.22249818427498788, 2.2641893266995427e-10, 0.18226710540409782, 9.112141637125604e-10, 0.8177328939764739, 4.349349262488079e-10, 0.18226709495326102, 1.6929585740025663e-10, 0.8177328939544889, 1.986055463234511e-10, 3.5114797793245386e-10, 0.18226710300387367, 0.1822671021861627, 0.18226709476902483, 0.18226710288904976, 3.586344269135028e-9, 2.2595930541140595e-10, 5.353232171315502e-10, 0.1344623535160623, 0.13446234551187117, 0.1822671027208883, 0.8177328946553226, 0.13446234105826857, 0.18226710545924663, 4.4210285434515167e-10, 0.18226710287557663, 9.81851058919205e-10, 2.680639549890607e-10, 1.639800154852564e-10, 1.9613292823083567e-10, 3.6282608618670496e-10, 0.18226709277833147, 3.6945157785988826e-9, 8.574686926414744e-10, 0.18226709284361622, 1.7672224275372328e-10, 2.9085775297872394e-10, 0.1822671050814144, 0.1822670925305903]
v_opt: [0.033221304293124546, 0.1822670926993712]
solution time: 0.008273124694824219
McCormick lower bound: -4.438376999389753

