x_opt: [0.7429863887293348, 0.790740548312284, 8.053326177166845e-7, 0.9999991938583292, 0.2092594171470635, 7.938235832480989e-7, 0.20925913143486033, 0.7907408060843478, 7.875195697202069e-7, 0.7429866047514074]
w_opt: [0.7429863758017163, 7.94208115508245e-7, 0.7429863825689175, 2.8637036827357546e-6, 7.84173552678303e-7, 1.5419016187986514e-7, 0.5337272692669153, 9.828912730377929e-9, 0.7429863526027887, 2.1284971269374393e-8, 0.7907405413637496, 7.937646589349112e-8, 7.865271579094493e-7, 8.169396298428904e-9, 0.7907405411869797, 6.67933789654391e-9, 0.5337271949576715, 7.971005653004576e-7, 7.82034081176175e-7, 7.475338307584589e-7, 7.995022304273344e-7, 2.538264264285173e-7, 9.724664072856468e-9, 2.757203541479399e-8, 0.20925862873134554, 2.884158832638429e-7, 0.20925905391552416, 0.7907407757666477, 2.3127102180141983e-8, 0.7429865959324622, 2.476134657585231e-8, 0.20925910380677898, 2.473622547424786e-7, 1.6851133101003043e-8, 5.066119182553158e-9, 6.423751338543427e-9, 1.5301983170524016e-8, 7.561192654419955e-7, 2.7508729645937794e-7, 7.68749776639881e-9, 7.764002414161077e-7, 7.0583686440508925e-9, 7.838454129588311e-9, 0.7429865846324025, 7.545567456238326e-7]
v_opt: [0.043790417621647246, 7.711565999544496e-7]
solution time: 0.008116960525512695
McCormick lower bound: -3.0634556070863597

