x_opt: [0.27574309276332354, 0.7242569875833397, 0.2693516879075631, 0.9999982298732046, 0.275743009874163, 0.26935168556973, 0.26935168747329874, 0.724256990655432, 0.26935168287903793, 0.2757430078781527]
w_opt: [0.27574309121150037, 0.2693516870408383, 0.2757430911363061, 6.715858145321045e-8, 0.26935168365858575, 1.7614020299068257e-8, 8.571617876648086e-8, 1.1444638165443178e-9, 0.2757430053508135, 3.225859635628264e-9, 0.724256985981223, 2.652511982774196e-9, 0.26935168448426766, 7.116857537425927e-10, 0.7242569855607252, 9.438864895014752e-10, 1.1526029977587869e-9, 0.2693516869470246, 0.2693516831282037, 0.2693516813754376, 0.2693516848453561, 9.313568994987045e-9, 1.1918564218734055e-9, 2.450534532199857e-9, 0.275741242505633, 0.2693499285866728, 0.26935168247298796, 0.724256987478946, 0.2693499151544024, 0.27574300582009564, 2.2904122605463303e-9, 0.26935168378260205, 2.475414963385999e-9, 1.3662530066327924e-9, 1.255848491127589e-9, 1.1969723890235616e-9, 1.6046260839664787e-9, 0.2693516806848234, 1.6339674923207872e-8, 4.612464068897863e-9, 0.26935168087483746, 9.40302766770978e-10, 2.6055463928608337e-9, 0.2757430014663707, 0.26935167982633457]
v_opt: [0.07255040806585639, 0.2693516808625453]
solution time: 0.007289886474609375
McCormick lower bound: -2.8690972103041426

