x_opt: [0.5258474042899495, 0.8988884232799078, 0.10111155411392767, 0.898888442987128, 0.10111156859900022, 0.10111155270301234, 0.10111155717250814, 0.8988884323435854, 0.10111155280094529, 0.10111170691507282]
w_opt: [0.5258474039972862, 0.10111155385722094, 0.5258474038684946, 9.312247137920976e-8, 0.10111155222035935, 3.2969755405614665e-9, 0.42473583734360615, 6.89450971804611e-10, 0.10111170367672345, 1.1205629190927929e-9, 0.8988884229240365, 6.682502950566447e-10, 0.10111155213288331, 2.538908080088571e-10, 0.8988884230117488, 3.2492888125079015e-10, 1.3056500523340255e-7, 0.10111155376290476, 0.10111154952613938, 0.10111155163563584, 0.1011115532526024, 2.0326559806707332e-8, 4.085243689564951e-10, 1.3369507530674378e-9, 1.300336531076109e-8, 6.538620828656754e-9, 0.1011115549904248, 0.8988884281857242, 1.000535050525943e-9, 0.10111170650632059, 7.731928614193102e-10, 0.10111155176114142, 3.0708495261913157e-9, 6.156779331205353e-10, 3.453144332327968e-10, 1.9734877592972947e-10, 6.687122872700909e-10, 0.10111155182988064, 9.828360948259164e-9, 4.503655905863559e-9, 0.10111155217780335, 2.1816453253947562e-10, 7.63277455824392e-10, 0.10111170584179288, 0.10111155183154756]
v_opt: [0.010224150187835119, 0.10111155227751316]
solution time: 0.0059740543365478516
McCormick lower bound: -3.3793827355168826

