x_opt: [0.4806932176978462, 0.8686233524868524, 0.13137664097530005, 0.9187673689489634, 0.13137664747263422, 0.13137614774491946, 0.13137664165060894, 0.868623357263458, 0.1313761432487637, 0.13137664755019574]
w_opt: [0.480693217218662, 0.1313766406251946, 0.48069321734879233, 9.067912428083961e-8, 0.13137614717944182, 3.9601293597192045e-9, 0.3493165763348048, 4.003548234099302e-10, 0.13137664664493404, 3.188870683140431e-9, 0.8686233521796357, 9.509932894395961e-10, 0.13137614742724865, 3.53622962476586e-10, 0.8686233521639426, 3.5668485181055686e-10, 7.043716966296744e-10, 0.13137664071265448, 0.1313766381994153, 0.13137614720181792, 0.13137664055481219, 1.3364532790807149e-8, 3.950898573035425e-10, 1.0417355272199435e-9, 0.050144017227340326, 0.050143520740800265, 0.1313766401863492, 0.8686233563619911, 0.05014351298714069, 0.13137664692890597, 8.693895526259877e-10, 0.13137663965883783, 5.180311412400662e-9, 5.058891194660156e-10, 2.725193853156259e-10, 3.1187564681082895e-10, 6.753409008929801e-10, 0.13137614252171914, 1.3625053544763627e-8, 5.635739113974786e-9, 0.13137614285166554, 2.9708168021702987e-10, 4.688097477418107e-10, 0.13137664627449983, 0.13137614228710798]
v_opt: [0.017260199290141415, 0.13137614250720095]
solution time: 0.004515886306762695
McCormick lower bound: -5.825839556040292

