x_opt: [0.43665129359824667, 0.4366513292491981, 4.801266899888309e-9, 0.7819036208096086, 0.21809648993648817, 0.21809443698220046, 0.21809443738238019, 0.5633487072944935, 0.21809443694898253, 0.5633486699564634]
w_opt: [0.43665129315198165, 4.572866814494561e-9, 0.43665129314532863, 1.2762608204144258e-8, 0.21809443652084068, 1.575305799282446e-8, 1.1024135147882179e-8, 3.1192891841994433e-10, 0.43665129271252134, 6.447111055550496e-10, 0.43665132845126964, 1.6013934236835361e-9, 0.21809443665349673, 2.1929148360690364e-10, 0.4366513283467609, 2.1787495530774142e-10, 4.947176147828506e-10, 4.289171687840203e-9, 3.810953489125629e-9, 3.190371724952775e-9, 4.434558645542137e-9, 1.8548110754329576e-9, 3.393757489372917e-10, 6.636165819515464e-10, 1.1120617043953898e-7, 2.757012992895323e-9, 0.21809443387674468, 0.5633487061475707, 7.5582179263257e-10, 0.5633486695452832, 6.078873588353056e-10, 0.21809443499947195, 5.565838162727794e-10, 4.184707260960796e-10, 4.193322928175547e-10, 3.6344093035253026e-10, 3.7359235501761026e-10, 0.21809443619555563, 4.141088885095708e-9, 1.3266059804771042e-9, 0.21809443591617264, 2.6776801801415903e-10, 6.27648612343905e-10, 0.5633486667681776, 0.2180944358129877]
v_opt: [0.047565244237181475, 0.2180944364436998]
solution time: 0.004513978958129883
McCormick lower bound: -1.2094590335250417

