x_opt: [0.41786308805068534, 0.8265117249371129, 0.17348826989779087, 0.9464288867869838, 0.17348827494812688, 0.17348826864079395, 0.17348827005434897, 0.8265117251351233, 0.17348826848066423, 0.17348827503542558]
w_opt: [0.41786308799169414, 0.1734882698607818, 0.4178630879982947, 2.4155033391636226e-9, 0.17348826857415706, 5.143130022915527e-10, 0.24437481328003915, 4.8825852108864346e-11, 0.17348827494516844, 1.3546338137912518e-10, 0.8265117248856877, 9.853650227116672e-11, 0.1734882685973044, 3.249700971744106e-11, 0.8265117248792156, 3.901224787104777e-11, 6.764796873698963e-11, 0.1734882698577053, 0.1734882697277134, 0.17348826854336796, 0.17348826983959187, 4.370210119215281e-10, 4.867159012601874e-11, 1.0998486007043671e-10, 0.11991716183118561, 0.11991715598539311, 0.1734882698522235, 0.8265117250117522, 0.1199171553568072, 0.17348827496618285, 9.219937489855494e-11, 0.17348826991428096, 1.5328128063478215e-10, 5.7724184144639426e-11, 3.9797722424895666e-11, 4.246699426113468e-11, 6.809787305182458e-11, 0.17348826840428208, 7.320793784092543e-10, 1.4774361964882848e-10, 0.17348826842023476, 3.7039074972235913e-11, 7.003712061637269e-11, 0.17348827485921162, 0.17348826835420306]
v_opt: [0.03009820424348045, 0.17348826840004297]
solution time: 0.0057239532470703125
McCormick lower bound: -3.175064773384929

