x_opt: [0.2780975389075358, 0.7219931119873146, 0.2780068300270305, 0.9999999062856272, 0.2780068872166882, 0.2645234406601936, 0.2780068329880725, 0.7219931173124895, 0.2645228702534454, 0.27800688629384745]
w_opt: [0.27809753674396576, 0.27800682880284394, 0.2780975375268793, 6.918134206690754e-8, 0.26452343865825517, 1.4784385184634391e-8, 9.065970429247274e-5, 1.3453864425000044e-9, 0.2780068838038803, 5.079052751170621e-9, 0.7219931106365164, 3.266902175175136e-9, 0.2645234395136347, 1.0689093543878734e-9, 0.7219931102723336, 1.2483942197150382e-9, 1.9652728371535375e-9, 0.27800682896482715, 0.2780068248244917, 0.26452343830919817, 0.27800682832571194, 1.6451751395861024e-8, 1.4545672490340125e-9, 3.2625418334947635e-9, 0.2780067964895105, 0.2645233627856087, 0.2780068279228519, 0.7219931138206337, 0.26452277908287536, 0.27800688405896884, 2.832190179085459e-9, 0.2780068292486988, 6.336455710948363e-9, 1.6704668151054538e-9, 1.0566121944662473e-9, 1.4834825279348727e-9, 2.3468159842140673e-9, 0.2645228683176533, 2.4233041214267167e-8, 4.59539597232336e-9, 0.2645228684728749, 1.234288477271999e-9, 1.89339202744733e-9, 0.27800688143763586, 0.2645228666645572]
v_opt: [0.0772899577724467, 0.26452286752967935]
solution time: 0.005690097808837891
McCormick lower bound: -4.189009606079534

