x_opt: [0.31935270357122464, 0.6806473637438912, 0.3193525620379149, 0.9506477770351517, 0.31935259949073364, 0.31935231685588705, 0.3193525716205495, 0.6806474015871201, 0.049352224450638665, 0.31935266406182133]
w_opt: [0.31935269896063867, 0.31935255946329794, 0.3193527013044422, 1.4877598084014558e-7, 0.3193523133945912, 2.9562984834873028e-8, 1.1453815415111115e-7, 2.3549234758683463e-9, 0.3193526601332218, 8.542135156776492e-9, 0.680647361195069, 4.609827941347466e-9, 0.31935231484520127, 2.3920102596439432e-9, 0.6806473606707075, 2.145498881485513e-9, 3.138758069312079e-8, 0.31935255967911597, 0.31935255285053976, 0.31935231140282033, 0.3193525595145806, 3.786782665962824e-8, 2.717946692373176e-9, 6.13536119797678e-9, 0.2700003815608762, 0.27000017644888025, 0.3193525596884881, 0.6806473942068599, 1.1041025180823043e-8, 0.3193526604981819, 5.12077924046535e-9, 0.31935256878318424, 7.146120188899241e-9, 3.131140669963656e-9, 1.737833289533942e-9, 3.110352933512006e-9, 5.049188078240461e-9, 0.04935222070802504, 5.0395209322019334e-8, 9.799009313840424e-9, 0.04935222051532478, 2.4545420147393633e-9, 2.933730001312734e-9, 0.3193526560777701, 0.04935221703449145]
v_opt: [0.10198693280597655, 0.04935221932651992]
solution time: 0.004647016525268555
McCormick lower bound: -3.094265723400701

