x_opt: [0.3622556805665307, 0.6377443074751652, 0.22390309873678357, 0.7760969024694077, 0.3622556710346371, 0.22390312521186273, 0.22390309766511546, 0.6377443257336218, 0.2239031001085894, 0.3622556893697139]
w_opt: [0.36225567951631793, 0.223903098480607, 0.3622556802986204, 5.015756751190932e-8, 0.22390312461075804, 4.9060740470120625e-8, 1.337896185288083e-8, 1.4414176786437735e-10, 0.3622556739369616, 1.105380319620482e-9, 0.6377443067004418, 1.5767509450550488e-9, 0.22390312509291552, 9.551000652145123e-11, 0.6377443057589627, 1.1220279492162694e-10, 4.865411370889198e-10, 0.22390309859032442, 0.2239030979332958, 0.22390309778121162, 0.22390309749651588, 5.6393160112404414e-9, 2.039041374407726e-10, 7.4046153437961e-10, 0.13835257505932988, 7.114507179787006e-8, 0.22390309386212515, 0.637744324965935, 4.272795130081178e-9, 0.3622556886291437, 1.1502935239259672e-9, 0.22390309703151792, 1.214477339785768e-9, 5.46475315425818e-10, 7.461694338818571e-10, 7.661901934129022e-10, 4.182145280907175e-10, 0.22390309955606444, 2.2717926788839906e-8, 2.866744694182536e-9, 0.22390309749190215, 2.7165667575321086e-10, 1.1871734840488774e-9, 0.36225568763353583, 0.2239030979512285]
v_opt: [0.05013273057818356, 0.2239030996221626]
solution time: 0.005860805511474609
McCormick lower bound: -1.8087770063298256

