x_opt: [0.5258480354705005, 0.8988886310279939, 0.1011112855421067, 0.8988889834181065, 0.10111126623758021, 0.10111106421072877, 0.10111128481468068, 0.8988887570682593, 0.1011110330530764, 0.10111250897881452]
w_opt: [0.5258480312392917, 0.1011112784180855, 0.5258480320358687, 1.474262066013089e-6, 0.10111105763669422, 4.6338344285560275e-8, 0.4247368143324444, 6.274026268469431e-9, 0.10111248501630289, 2.3813751704805e-8, 0.8988886278168312, 6.058257574621824e-9, 0.10111106026914025, 4.025330728218938e-9, 0.8988886282884038, 4.791656592450158e-9, 1.142355229493109e-6, 0.10111128240925069, 0.1011112373317687, 0.10111105619496608, 0.1011112796781497, 1.6922683639498877e-7, 4.76101219288837e-9, 1.704979573777534e-8, 2.611762593992368e-7, 1.7747410462089683e-7, 0.10111125786751585, 0.8988887403725463, 5.70858208895545e-8, 0.1011125034122237, 1.119342264196252e-8, 0.101111246816658, 3.069039091198815e-8, 8.637673891425288e-9, 3.234997696897897e-9, 2.6879978663551647e-9, 1.11314708863248e-8, 0.10111102241937844, 1.9694260980783444e-7, 7.643343893665007e-8, 0.10111102878330185, 2.7485008824954703e-9, 6.975458315927475e-9, 0.10111249695588774, 0.10111101961991062]
v_opt: [0.010225827585829343, 0.10111102539316258]
solution time: 0.0057659149169921875
McCormick lower bound: -4.832196592553934

