x_opt: [0.525844679957146, 0.8988864769009373, 0.10111348102739529, 0.8988894277410635, 0.101113518946908, 0.10111336337992335, 0.10111348721282148, 0.8988864879976854, 0.10111335640938524, 0.10111352152467369]
w_opt: [0.5258446766099467, 0.10111347877506723, 0.5258446766744244, 1.3756389318078177e-7, 0.10111335909892669, 2.754668483331196e-8, 0.4247311736589317, 3.22690369441672e-9, 0.10111351585131954, 1.0960005136407726e-8, 0.8988864739922868, 5.793843236776644e-9, 0.10111336060353238, 2.0125874477625968e-9, 0.8988864737912361, 2.6100403178038313e-9, 3.74092986764707e-9, 0.10111347881225177, 0.10111346696319207, 0.10111335800930081, 0.10111347697961001, 4.405550757240093e-8, 2.9944247836449816e-9, 7.109164779238019e-9, 2.952948085836911e-6, 2.8267354777460237e-6, 0.10111347600794776, 0.8988864808603516, 2.7898739268451735e-6, 0.1011135170137402, 5.857514669789883e-9, 0.10111347816512706, 1.0840527591569414e-8, 3.628041702507184e-9, 2.450785565812676e-9, 2.356559493470636e-9, 4.4797409551996974e-9, 0.10111335127295286, 4.484149713096405e-8, 1.1265378430823175e-8, 0.10111335305193664, 2.175160412356076e-9, 4.532716856691883e-9, 0.10111351098299672, 0.10111334857546767]
v_opt: [0.010224454601711785, 0.1011133514449943]
solution time: 0.00498199462890625
McCormick lower bound: -4.116461214559068

