x_opt: [0.5258451196947758, 0.8988868544321043, 0.10111308984808065, 0.8988892910474363, 0.1011131361914284, 0.10111309092222745, 0.101113088697435, 0.8988868659943444, 0.10111308392506829, 0.1011131445166409]
w_opt: [0.5258451163712236, 0.10111308753799413, 0.5258451155561056, 9.176094250770242e-7, 0.10111308591594267, 6.68432728584448e-8, 0.4247319909924202, 3.69145525425376e-9, 0.10111313828935158, 1.1269368204251783e-8, 0.8988868507701189, 6.134269007033381e-9, 0.10111308764155316, 1.988718049114254e-9, 0.8988868508905666, 2.7683911665448135e-9, 4.003810576172417e-9, 0.10111308734648725, 0.10111307257838517, 0.10111308326194828, 0.10111308340007231, 5.875684946709064e-8, 3.2921430186413058e-9, 8.012147913273501e-9, 2.43456850539586e-6, 2.4291989478202676e-6, 0.10111307232889102, 0.8988868576507062, 2.381709467863069e-6, 0.10111313930873134, 6.7560062178488335e-9, 0.10111307715778206, 7.589828280357836e-9, 4.26055997263261e-9, 3.245320343650501e-9, 2.423021858902279e-9, 4.723024941646861e-9, 0.10111307732271411, 8.136368953550405e-8, 1.5294545388304357e-8, 0.101113080000622, 2.229904534463453e-9, 6.502295516632684e-9, 0.10111313009915292, 0.10111307452156573]
v_opt: [0.010224144700758997, 0.10111307869875642]
solution time: 0.004564046859741211
McCormick lower bound: -3.5824596828056494

