x_opt: [0.5258470742487678, 0.8988882219461203, 0.10111177785822667, 0.8988884921657532, 0.10111177803524819, 0.10111177495468239, 0.10111177791582847, 0.8988882220945774, 0.10111177481524054, 0.10111177805236873]
w_opt: [0.5258470742156768, 0.10111177783505226, 0.525847074221096, 1.2365240578567379e-9, 0.10111177491483696, 2.333282603501726e-10, 0.4247352964065794, 3.142456654155266e-11, 0.10111177800084792, 1.4077866524424136e-10, 0.8988882219215941, 5.6771170590748035e-11, 0.10111177492914114, 2.2624513051210476e-11, 0.8988882219205825, 2.6742272463400766e-11, 4.226892828050129e-11, 0.10111177783811194, 0.10111177770830947, 0.10111177491072884, 0.10111177782278682, 5.65918137502882e-10, 2.919202083584231e-11, 7.31800309444292e-11, 2.702605524350986e-7, 2.674694966946372e-7, 0.10111177780939583, 0.8988882220283078, 2.6703363170369366e-7, 0.101111778008952, 5.803852950367158e-11, 0.10111177781945237, 1.6442008339106092e-10, 3.5556086000576345e-11, 2.0829952693133195e-11, 2.2604143057370945e-11, 4.678650496490939e-11, 0.10111177476989483, 4.774880309664343e-10, 1.4651656725170715e-10, 0.10111177478411425, 2.159550813054293e-11, 3.6411454086086864e-11, 0.10111177796467792, 0.10111177474256293]
v_opt: [0.010223597778957604, 0.10111177476420793]
solution time: 0.004993915557861328
McCormick lower bound: -5.190425206212491

