x_opt: [0.5258474989318539, 0.8988885052454467, 0.1011114901811685, 0.8988885137508409, 0.10111149256210135, 0.10111148590957174, 0.10111149055890319, 0.898888508490582, 0.10111148609192262, 0.10111173922961647]
w_opt: [0.5258474985630687, 0.10111148985557504, 0.52584749851884, 2.4180386303019598e-8, 0.10111148538160622, 2.992942387577111e-9, 0.42473600822555285, 6.850949337877949e-10, 0.10111173825190727, 1.4827527192893619e-9, 0.8988885048811555, 6.972718312694854e-10, 0.10111148537892613, 3.424348558994996e-10, 0.8988885049356917, 3.9375814783213986e-10, 2.4478384291979415e-7, 0.101111489804917, 0.10111148661518352, 0.10111148497809415, 0.1011114896789784, 8.995985503386951e-9, 4.658421156317283e-10, 1.4790624796628163e-9, 7.272078915344942e-9, 7.919131476650167e-9, 0.10111148859558555, 0.8988885061430969, 1.4648274964669228e-9, 0.10111173874685056, 8.839751815486795e-10, 0.1011114880890198, 1.8957894970912193e-9, 6.563604897567976e-10, 3.1165746552531047e-10, 2.4888293855434755e-10, 7.359342355412672e-10, 0.10111148507028561, 7.607846909584552e-9, 2.0781029555752033e-9, 0.10111148563478026, 2.7387085125795546e-10, 5.408136367847002e-10, 0.10111173812149965, 0.10111148493957949]
v_opt: [0.010223824265500104, 0.10111148544634188]
solution time: 0.004709959030151367
McCormick lower bound: -3.9013160242892426

