x_opt: [0.43665138131908343, 0.4366513835100779, 6.289177890607891e-7, 0.7819073501197554, 0.2180926558075104, 0.21809263878642096, 0.21809262608246058, 0.5633486309862994, 0.21809263676311488, 0.5633486160606844]
w_opt: [0.43665138103217127, 6.287975380369696e-7, 0.4366513811295147, 4.928611029525907e-8, 0.21809263851843202, 1.4515695028173058e-8, 1.3423284657833658e-8, 1.336520495536621e-10, 0.43665138096828143, 3.486712026483674e-10, 0.4366513831443961, 8.337584564128527e-10, 0.21809263864963394, 1.1118935718066898e-10, 0.4366513827533218, 1.0084530580157916e-10, 3.2895400531682686e-10, 6.286593832642118e-7, 6.28447336698379e-7, 6.281768214876765e-7, 6.287582630604829e-7, 1.2300090158525637e-9, 1.6713747653667444e-10, 3.225179089769933e-10, 6.258736592326406e-9, 2.241725495796769e-9, 0.2180926239216868, 0.563348630464533, 4.845554027281488e-10, 0.5633486158606832, 3.1743682733218726e-10, 0.21809262457654074, 2.404226487116239e-10, 2.0023180344583218e-10, 2.4704830617035974e-10, 2.4644671961167094e-10, 1.9477453271264272e-10, 0.21809263648713026, 2.251070704840018e-9, 6.182052408698743e-10, 0.21809262568609608, 1.4579393199144405e-10, 2.839369899603708e-10, 0.5633486141160835, 0.21809263616823454]
v_opt: [0.04756439897300734, 0.2180926365008077]
solution time: 0.0061719417572021484
McCormick lower bound: -1.1728510360017717

