x_opt: [0.5258473191293177, 0.8988883795737591, 0.1011116110066339, 0.8988883876130863, 0.10111161432843915, 0.10111161119769692, 0.10111161291978867, 0.8988883859413698, 0.10111161119892342, 0.10111162512311439]
w_opt: [0.5258473190767803, 0.10111161096373972, 0.525847319065636, 1.517107318478688e-8, 0.10111161111529987, 8.432838725526178e-10, 0.42473570520155574, 9.360146779442206e-11, 0.10111162485360634, 2.233848550379824e-10, 0.8988883795114395, 1.5098663048435664e-10, 0.10111161112081098, 4.401438822370248e-11, 0.8988883795337916, 5.3654461163293596e-11, 4.730012461640534e-9, 0.10111161095360266, 0.10111161047331652, 0.10111161090223321, 0.10111161084998035, 7.167029658679766e-9, 6.884044264787156e-11, 1.9915168861841602e-10, 2.1664960903913e-9, 1.515665980539396e-9, 0.10111161249414234, 0.8988883854153319, 1.524880115812006e-10, 0.10111162505045211, 1.3994876488297038e-10, 0.10111161221644253, 6.126938480552416e-10, 1.102365896314614e-10, 5.510481498530637e-11, 3.4895288494688306e-11, 1.1330510971302481e-10, 0.10111161105369874, 2.3891788579557477e-9, 8.675196859288494e-10, 0.10111161110267007, 3.831965537450038e-11, 1.1452691265631446e-10, 0.10111162494059205, 0.10111161098817989]
v_opt: [0.010223580660097842, 0.10111161110287818]
solution time: 0.0048980712890625
McCormick lower bound: -3.4208271916798463

