x_opt: [0.3193526135931493, 0.6806473899405041, 0.3193524850022397, 0.9506477799180123, 0.31935260947280664, 0.3193524816142914, 0.3193524851657415, 0.680647390614455, 0.049352235121852946, 0.3193526099055946]
w_opt: [0.31935261339894805, 0.319352484912016, 0.31935261348718347, 8.764469415153286e-9, 0.3193524814767452, 2.009819650415194e-9, 4.696798947391278e-9, 8.952446756489668e-11, 0.3193526096090153, 2.3310128880785625e-10, 0.680647389821574, 3.0088356511091785e-10, 0.31935248153503315, 7.38483133592324e-11, 0.6806473897455659, 8.435463647918101e-11, 4.362113277639939e-10, 0.3193524849136703, 0.3193524843897095, 0.3193524812495936, 0.3193524848354278, 1.3064568923458334e-9, 1.0802128019125297e-10, 2.353019576676479e-10, 0.2700003896258963, 0.27000026321702897, 0.3193524846138296, 0.6806473903011607, 1.5743433132974028e-8, 0.31935260973198587, 2.1635398323488245e-10, 0.31935248451734694, 2.953488478409195e-10, 1.215283635002729e-10, 8.15877976055748e-11, 1.4628734523567614e-10, 2.6245763172182683e-10, 0.04935223493043016, 2.3589739837930964e-9, 4.944597860299802e-10, 0.04935223495508262, 9.953836626485418e-11, 1.6193363388604646e-10, 0.31935260941805105, 0.0493522348323672]
v_opt: [0.10198601269046047, 0.04935223490784802]
solution time: 0.006118059158325195
McCormick lower bound: -2.925171590743114

