x_opt: [0.3622557020360126, 0.6377443285565598, 0.2239030978483353, 0.7760969039025202, 0.36225565599970966, 0.2239030976148933, 0.22390309831292649, 0.6377443449667554, 0.22390309803139272, 0.3622556711859131]
w_opt: [0.36225570192414003, 0.22390309778767692, 0.3622557019243929, 5.789724832893178e-8, 0.22390309736977984, 5.333998356124262e-9, 4.8136599523898246e-8, 9.746830329554004e-11, 0.3622556642290611, 2.671425812268324e-10, 0.6377443284242102, 4.117153784440927e-10, 0.22390309753474089, 6.344024637040511e-11, 0.6377443282739367, 6.049093741412144e-11, 2.5741144592419646e-10, 0.22390309776682074, 0.22390309755999632, 0.2239030969905071, 0.22390309773117523, 1.0472788857014293e-9, 9.597113973931707e-11, 2.425645492959074e-10, 0.13835256019586228, 6.744309111689321e-9, 0.22390309724912694, 0.6377443446015602, 2.252930433306902e-9, 0.3622556710567869, 2.5186094597136147e-10, 0.22390309771718184, 1.2565633194255201e-9, 1.7408674592694526e-10, 2.4930538935276196e-10, 7.561790585795656e-11, 1.1077062247686278e-10, 0.22390309740447276, 3.106803031295779e-9, 6.302484754980379e-10, 0.22390309793295066, 6.479747834760205e-11, 2.493608629590593e-10, 0.3622556708439997, 0.22390309744348397]
v_opt: [0.050132601713002566, 0.2239030978896404]
solution time: 0.004416942596435547
McCormick lower bound: -2.1449249802731276

