x_opt: [0.4067381322282568, 0.8190548810834513, 0.1809451176765016, 0.9513264635757307, 0.18094511877354272, 0.18094471539782006, 0.18094511790879378, 0.8190548815507958, 0.1809447125355512, 0.1809451189504356]
w_opt: [0.40673813211128207, 0.18094511760269452, 0.4067381321463649, 4.49887569403589e-9, 0.18094471528182732, 7.952990635866054e-10, 0.2257930139804453, 8.794148733158341e-11, 0.1809451188019877, 3.3968060515863165e-10, 0.8190548810050512, 1.7010783444812734e-10, 0.18094471532443915, 7.011734224034125e-11, 0.8190548809962893, 7.655294975122731e-11, 1.6942262041415456e-10, 0.1809451176095693, 0.18094511732686305, 0.18094471525579006, 0.18094511758223353, 1.3529729965139104e-9, 8.946473484021468e-11, 2.1368279868458688e-10, 0.13227158252359034, 0.13227118012504446, 0.18094511757462647, 0.8190548813357524, 0.13227117626716622, 0.18094511882371764, 1.72909577161393e-10, 0.18094511764922433, 4.38170001569236e-10, 1.0602858319059835e-10, 6.147575158902881e-11, 7.893601268334201e-11, 1.4060590195636107e-10, 0.18094471241719245, 1.5477729940553959e-9, 3.5394170393999427e-10, 0.180944712432358, 7.10924571990736e-11, 1.0446312710012351e-10, 0.18094511868360835, 0.18094471231263842]
v_opt: [0.032741206037124444, 0.1809447123756367]
solution time: 0.0076448917388916016
McCormick lower bound: -4.189162283264184

