x_opt: [0.3193525767030389, 0.6806474238539933, 0.31935257488477437, 0.9506479342944786, 0.31935257535306905, 0.3193525710493738, 0.31935257491015623, 0.6806474247737356, 0.049352065371271465, 0.31935257751824314]
w_opt: [0.319352576646908, 0.3193525748559269, 0.31935257668397365, 1.926689660376186e-9, 0.3193525710079281, 4.291451251928791e-10, 1.7182664362021698e-9, 1.914914494382089e-11, 0.3193525766926837, 3.1296470565979926e-10, 0.6806474238332862, 2.8900262629008385e-11, 0.31935257103424003, 3.104480749384587e-11, 0.6806474238317956, 1.941699800552754e-11, 1.383860452757536e-9, 0.3193525748668421, 0.3193525743101307, 0.3193525707984894, 0.3193525748551157, 2.9778381096247873e-9, 2.72462269703826e-11, 6.056059522114457e-11, 0.270000509714004, 0.2700005064252322, 0.3193525748235796, 0.6806474246173073, 6.578164111356835e-11, 0.3193525774738849, 5.6508341218283076e-11, 0.31935257436911263, 2.0151614517409715e-10, 3.4438199015793605e-11, 1.4053083296920276e-11, 3.267808097903739e-11, 1.3705788630345087e-10, 0.0493520653078158, 7.150000521592732e-10, 8.379765545980677e-10, 0.049352065329507186, 2.4355793382348317e-11, 3.1607047398531395e-11, 0.31935257740623635, 0.04935206528425669]
v_opt: [0.10198606770397362, 0.04935206529148459]
solution time: 0.008658885955810547
McCormick lower bound: -3.828562252690582

