x_opt: [0.4207057549590501, 0.7090593987189656, 0.2909405721047171, 0.8575197754036356, 0.2909405998087102, 0.1424802272006778, 0.29094057311794685, 0.709059400724973, 0.14248022547959124, 0.2909406024635998]
w_opt: [0.420705754700626, 0.2909405719411484, 0.4207057547930533, 9.09391280756501e-9, 0.14248022697190216, 1.8166167162454013e-9, 0.1297651561497408, 1.940522378469161e-10, 0.2909406020513845, 5.189474349511e-10, 0.7090593985423841, 3.3104215709986076e-10, 0.14248022703651694, 1.6218401867591594e-10, 0.7090593985344383, 1.5230869672599046e-10, 1.3977422702329057e-9, 0.29094057192688433, 0.2909405715644546, 0.14248022682281647, 0.29094057193600015, 1.7763719750743366e-9, 1.9783257531135442e-10, 4.901456488718355e-10, 0.14846037554290684, 6.3356812676238636e-9, 0.29094057219371683, 0.7090594001933963, 1.5079653776258115e-9, 0.290940602232366, 3.688895278402171e-10, 0.290940572436843, 8.265119639994997e-10, 2.4248522461126914e-10, 1.2722352685313003e-10, 1.6727169909769785e-10, 2.836630118468141e-10, 0.1424802252004588, 3.761278854181699e-9, 5.864734804120982e-10, 0.14248022523182496, 1.5409390314163635e-10, 1.9917679914648603e-10, 0.2909406019138336, 0.1424802249510526]
v_opt: [0.08464653120710275, 0.14248022514808195]
solution time: 0.005320072174072266
McCormick lower bound: -3.0115097069569

