x_opt: [0.3622549027319652, 0.6377438475300282, 0.2239037939031201, 0.7760969189432582, 0.3622560740232879, 0.22390382815935891, 0.2239037883035533, 0.6377438913151601, 0.22390311647836017, 0.36225540685952107]
w_opt: [0.36225487883419005, 0.22390377578012363, 0.36225489005950273, 2.8829335403451287e-6, 0.22390379409463232, 9.852868700017166e-7, 2.6098472856347617e-7, 8.67063013411072e-9, 0.362254699629175, 1.5951722946290313e-8, 0.6377438335841863, 2.9406135871663824e-8, 0.22390381993202108, 7.281031643307366e-9, 0.6377438233861445, 7.91375066062775e-9, 1.867682830504678e-8, 0.22390378373743186, 0.2239037616406859, 0.22390375899342385, 0.22390377893494592, 7.907760536429086e-8, 1.0869761111020685e-8, 2.4391890172633092e-8, 0.1383530043540465, 7.813295101215451e-7, 0.2239037169615278, 0.6377438785017404, 2.8570263086363573e-7, 0.3622553851735404, 2.524663560101314e-8, 0.22390374970373972, 4.6860673707856425e-8, 1.2447513139779032e-8, 1.1246654701720247e-8, 1.9869316496406715e-8, 1.2284006684697893e-8, 0.2239030949554307, 2.9221250775270406e-7, 2.915100132701835e-8, 0.22390309607409115, 1.0927903514848935e-8, 1.1120349884430092e-8, 0.36225534087351924, 0.2239030970085462]
v_opt: [0.050133420171228085, 0.2239030960781442]
solution time: 0.004299163818359375
McCormick lower bound: -2.060377931564739

