x_opt: [0.3193525949177453, 0.680647442860226, 0.31935255433223264, 0.9506479280161516, 0.3193525562660433, 0.3193525512551836, 0.3193525543930155, 0.680647443954078, 0.049352072192504724, 0.31935255786729055]
w_opt: [0.31935259481214767, 0.3193525542694566, 0.31935259487297796, 3.468066073500903e-9, 0.3193525511598252, 6.963834284852299e-10, 3.9549784493632555e-8, 4.9303681816520554e-11, 0.3193525577075804, 1.8769743304721634e-10, 0.6806474428093299, 1.1526411904235731e-10, 0.31935255121473116, 4.7825133030390906e-11, 0.6806474428013839, 4.275593984490702e-11, 7.941759172908626e-10, 0.31935255428869347, 0.3193525541607089, 0.31935255114226024, 0.31935255427792303, 7.630707364240042e-10, 5.5692202180056134e-11, 1.654295655820733e-10, 0.27000048440196955, 0.2700004818099008, 0.3193525540906564, 0.6806474437915541, 4.1699246854971526e-10, 0.3193525577827244, 1.4038916213663952e-10, 0.31935255424663034, 3.3258233619855975e-10, 7.865977798112144e-11, 3.420846147779104e-11, 5.6274413204888384e-11, 1.1767698253333466e-10, 0.049352072089541836, 1.3876473541924672e-9, 1.6116852177476832e-10, 0.04935207211476765, 4.964080217763412e-11, 6.868410479247838e-11, 0.3193525576522784, 0.04935207201794197]
v_opt: [0.10198606619034366, 0.04935207208387142]
solution time: 0.005495786666870117
McCormick lower bound: -3.415321268787059

