x_opt: [0.7429876220625365, 0.7907412625406086, 5.69204379409661e-9, 0.9999999936080168, 0.2092587033568075, 5.466417710984879e-9, 0.20925870078874453, 0.7907412972034606, 5.429686927751127e-9, 0.7429876215013568]
w_opt: [0.7429876219600875, 5.623524208542256e-9, 0.7429876219926539, 1.4497317609841632e-8, 5.3780499019967855e-9, 9.156816027624499e-10, 0.5337289194359243, 8.301634318852093e-11, 0.7429876212802706, 1.7695544521391516e-10, 0.7907412624565499, 1.673060444504981e-10, 5.3922271264855796e-9, 7.524643814831731e-11, 0.790741262456256, 5.967812481905814e-11, 0.5337288841329326, 5.589251928589589e-9, 5.494202678407879e-9, 5.115622704161236e-9, 5.6286469402556365e-9, 5.592627477605099e-10, 8.513818200296671e-11, 2.027735257066666e-10, 0.20925869708431677, 1.6415118733146677e-9, 0.20925870027385282, 0.7907412969895915, 1.8733490571965897e-10, 0.7429876214167148, 1.4900476056674353e-10, 0.20925870046789596, 7.348954381250417e-10, 1.063603651835215e-10, 5.510032627615486e-11, 7.362082706022055e-11, 1.1158457741290813e-10, 5.274302140671773e-9, 1.194480230505377e-9, 1.559811288352089e-10, 5.306913520858517e-9, 6.710028061467865e-11, 7.999456719173354e-11, 0.7429876212828226, 5.182365147228567e-9]
v_opt: [0.043789458133263556, 5.29906403822e-9]
solution time: 0.004891872406005859
McCormick lower bound: -2.162883841360895

