x_opt: [0.36225889328231176, 0.6377411612459064, 0.2238997705435631, 0.7761002397244002, 0.362250423202213, 0.2238998061725734, 0.2238997878154966, 0.6377495835449561, 0.22389978211592734, 0.36225885728186563]
w_opt: [0.3622588908101617, 0.2238997690973687, 0.3622588910665072, 1.1211288704150716e-6, 0.22389980264290046, 1.2183035579386696e-7, 8.509679620029886e-6, 2.041774406097175e-9, 0.36225881499298396, 3.6848154207139065e-9, 0.6377411585709861, 1.3839118911344877e-8, 0.22389980423908168, 1.5483365164400655e-9, 0.6377411551991217, 1.4368769307775629e-9, 2.6532245529041113e-8, 0.2238997678432609, 0.22389976486635085, 0.22389975591999461, 0.22389976767775308, 1.052777819330916e-8, 2.2375660774325597e-9, 5.7347012408336605e-9, 0.13835066639196886, 1.500952374778073e-7, 0.22389976078295468, 0.6377495794490795, 2.8659394398325415e-8, 0.3622588546276653, 4.997684883837139e-9, 0.22389978010296246, 1.1909957916759093e-8, 3.2358835324507033e-9, 2.240514612608695e-9, 2.182519841263355e-9, 2.352021094519467e-9, 0.22389977848614942, 6.236035536205873e-8, 5.356325713627878e-9, 0.2238997735315676, 1.741433407359649e-9, 2.301636010216739e-9, 0.3622588457006462, 0.2238997749685836]
v_opt: [0.050131121369539185, 0.22389977853171508]
solution time: 0.0054929256439208984
McCormick lower bound: -1.816096358990399

