x_opt: [0.31935387716724273, 0.6806462556139761, 0.3193536542936051, 0.9506454472987358, 0.3193537080047514, 0.3193489942007138, 0.31935365763349954, 0.6806462938913973, 0.04935455377407833, 0.3193537695058581]
w_opt: [0.31935387189071207, 0.31935365133479204, 0.3193538741736494, 2.546704508954591e-7, 0.31934898969631226, 4.01582886146134e-8, 1.7998633150983383e-7, 3.1655639241416847e-9, 0.31935376383384073, 1.190092453249045e-8, 0.6806462524471701, 5.658147111632074e-9, 0.3193489915608173, 2.8422166980961093e-9, 0.6806462519890557, 2.8331847023675437e-9, 2.8782338793889817e-8, 0.319353651514231, 0.319353642414562, 0.3193489867750335, 0.3193536505127955, 5.14521428971685e-8, 3.5133425518366278e-9, 8.909537284629546e-9, 0.26999916220636977, 0.26999449673573733, 0.3193536410091246, 0.6806462835827208, 9.874508798749491e-9, 0.3193537646710506, 7.077087485234579e-9, 0.31935364641324, 7.712401018813378e-9, 4.214683335654279e-9, 2.2755958857718402e-9, 3.5549637829630104e-9, 6.881016407144226e-9, 0.04935454897796932, 7.765210610598058e-8, 1.6008151219806703e-8, 0.049354549244831666, 2.9389326144689232e-9, 4.058727250421253e-9, 0.31935375743061867, 0.049354544445436785]
v_opt: [0.1019868195990193, 0.04935454713802987]
solution time: 0.0043179988861083984
McCormick lower bound: -3.4754179401694136

