x_opt: [0.7429873137241596, 0.7907411145536103, 1.5022253642342867e-7, 0.9999998600957886, 0.2092587008226235, 1.3472828663604474e-7, 0.20925851968056172, 0.7907413800034387, 1.358713799471127e-7, 0.7429872016175424]
w_opt: [0.7429873130763055, 1.49727099311303e-7, 0.7429873132085344, 4.777701578696368e-7, 1.34040344991002e-7, 6.55484444415799e-9, 0.5337286951131535, 7.259491864276665e-10, 0.7429871999010917, 1.3675783332215113e-9, 0.7907411139849195, 1.3937291770376305e-9, 1.3410892925727928e-7, 5.67913002804431e-10, 0.7907411140110453, 4.660746754091459e-10, 0.5337283168205901, 1.4950548452870695e-7, 1.4872191836421236e-7, 1.3229192352108706e-7, 1.4974908601583358e-7, 5.5870429883686555e-9, 6.704863103682589e-10, 1.782347247667084e-9, 0.20925856181810898, 1.9402412434950614e-8, 0.20925851420264344, 0.7907413783547044, 1.450488014026733e-9, 0.7429872010082315, 1.2838370419151254e-9, 0.20925851758294522, 8.180768266060218e-8, 9.837818549324861e-10, 4.0942619928331824e-10, 4.6468643455770396e-10, 8.115210311133503e-10, 1.3381485290687707e-7, 1.1942475208109925e-8, 2.598170833816602e-10, 1.3509166933540974e-7, 4.670913587071632e-10, 5.798149704110082e-10, 0.7429872002006784, 1.3382258770909636e-7]
v_opt: [0.043789515404805926, 1.348700206026083e-7]
solution time: 0.005895853042602539
McCormick lower bound: -2.5016421418404686

