x_opt: [0.29612455065255877, 0.7448969336280812, 0.2550854609946494, 0.9999999959324548, 0.2551030663972151, 0.255085448308695, 0.2550854611565393, 0.7448969338634718, 0.25508544747096096, 0.2551030661526986]
w_opt: [0.2961245505676048, 0.25508546092018214, 0.29612455058939646, 4.074485486944557e-9, 0.2550854481812403, 9.001964773576889e-10, 0.041021484710584546, 7.79814557930639e-11, 0.25510306600404964, 2.5885058050952164e-10, 0.7448969335438852, 2.0224840733964896e-10, 0.25508544823862833, 5.6760831267283396e-11, 0.744896933523079, 7.024968136149344e-11, 9.338133644234718e-11, 0.25508546092517276, 0.2550854606977148, 0.2550854481726821, 0.25508546090632905, 7.394078573074742e-10, 8.300958952661895e-11, 1.8298803906645716e-10, 0.25510306248166986, 0.25508544504273084, 0.2550854608863862, 0.7448969336507114, 0.25508544355613727, 0.25510306602617266, 1.6156842829910793e-10, 0.2550854609519213, 3.244478451797677e-10, 9.549369811862008e-11, 6.527160870340562e-11, 8.325400420533622e-11, 1.2804590302677352e-10, 0.2550854473331707, 1.3131688225376814e-9, 2.5656347913762863e-10, 0.2550854473469364, 6.877842984830726e-11, 1.2007364212999407e-10, 0.25510306585172254, 0.25508544726097954]
v_opt: [0.06506882418670445, 0.2550854473051685]
solution time: 0.005892038345336914
McCormick lower bound: -3.920783923287137

