x_opt: [0.525845571040735, 0.8988843111233673, 0.10111404362865992, 0.898888484525433, 0.10111481127925064, 0.1011125294069184, 0.10111457623890963, 0.8988855716128294, 0.10111251534399232, 0.10111668119265567]
w_opt: [0.5258455636589586, 0.10111403614365225, 0.525845562271242, 7.2004137495843565e-6, 0.10111251185614237, 2.0895703119748712e-7, 0.42473120088757915, 2.468607905421324e-8, 0.10111656610931995, 1.3644147383352284e-7, 0.8988843015421426, 8.230839481680043e-8, 0.10111251786535046, 2.45680275367507e-8, 0.8988843049872968, 1.3663934925926769e-8, 1.0681518465427832e-6, 0.10111403633542904, 0.10111364873315717, 0.1011125012264476, 0.1011140264201885, 1.1772882239199429e-6, 1.493875018401581e-8, 6.85159161042545e-8, 3.3781958265658807e-6, 2.0778276507902156e-6, 0.10111445347596021, 0.8988853087085862, 1.4340960354136982e-6, 0.1011166647114843, 4.3641858440565026e-8, 0.10111396474785939, 4.5551553938532954e-7, 3.512124138336877e-8, 1.0189974824559336e-8, 5.387418349432882e-9, 4.1989960175893784e-8, 0.10111243371714465, 1.192617844664534e-6, 1.9764418975356425e-7, 0.1011125062429593, 5.733898958518091e-9, 3.772090260040309e-8, 0.10111661798640603, 0.10111245056715137]
v_opt: [0.010224173113260515, 0.1011124941462357]
solution time: 0.004708051681518555
McCormick lower bound: -4.585937567663514

