x_opt: [0.3622559596385206, 0.6377446195196333, 0.22390293422535426, 0.7760971153914435, 0.36225527111574096, 0.22390288716546994, 0.2239029569166191, 0.6377447324762724, 0.22390288701166436, 0.3622553967012507]
w_opt: [0.3622559536728264, 0.2239029309171569, 0.36225595540180766, 3.3884687426194286e-7, 0.2239028813107615, 5.854156628223536e-8, 7.023880382557102e-7, 4.053012512280213e-9, 0.3622553868024342, 1.1014259997206206e-8, 0.637744614730867, 7.922098935865813e-9, 0.22390288353565307, 3.0843485105530742e-9, 0.6377446145678204, 3.2175515508902527e-9, 2.2314476785164155e-8, 0.22390293029144315, 0.22390292157695327, 0.22390287361211517, 0.22390292947257714, 3.3091917018133234e-8, 4.290992275860783e-9, 1.008616707768417e-8, 0.13835239524948842, 9.75609965187324e-8, 0.22390293452202234, 0.6377447188174066, 2.0016568341335413e-8, 0.3622553910030373, 8.618994961515893e-9, 0.22390294213599574, 1.1412896606555838e-8, 5.382274767942943e-9, 3.4033836729721306e-9, 4.035338060772501e-9, 6.056851458174099e-9, 0.22390287957943253, 7.389473211799274e-8, 1.5603001783456866e-8, 0.22390288064186623, 3.4102510498462604e-9, 5.838757645196479e-9, 0.362255381217401, 0.22390287462329012]
v_opt: [0.05013285611143299, 0.2239028797187085]
solution time: 0.004937887191772461
McCormick lower bound: -2.600675907431283

