x_opt: [0.5249136419002766, 0.8982625840525994, 0.101737414868829, 0.8992994373342874, 0.10173741588062785, 0.10173740982410849, 0.10173741518055492, 0.8982625847003095, 0.10173740905708117, 0.101737415911632]
w_opt: [0.5249136417441174, 0.10173741476565933, 0.5249136417739807, 5.563944966044535e-9, 0.10173740964835544, 1.068497948924628e-9, 0.423176226875135, 1.3531626059976032e-10, 0.10173741568536636, 5.803743790246414e-10, 0.898262583942968, 2.707650419779445e-10, 0.1017374097129909, 9.948650053642431e-11, 0.8982625839352115, 1.1542483160556647e-10, 1.843074777189445e-10, 0.10173741477851596, 0.10173741425414788, 0.10173740963069791, 0.10173741471908766, 2.3696632796640038e-9, 1.289037348902315e-10, 3.171031283131353e-10, 0.001036853470166349, 0.0010368486824779196, 0.10173741472797412, 0.898262584409574, 0.0010368466164247536, 0.10173741571919427, 2.550326258893024e-10, 0.10173741478667414, 7.33339346736639e-10, 1.555807222095664e-10, 9.233387536179414e-11, 1.0364100604064873e-10, 1.9890792075215112e-10, 0.10173740886083461, 2.110893140777743e-9, 5.992360038330624e-10, 0.10173740892088019, 9.72099337647217e-11, 1.5898058410114731e-10, 0.10173741551814168, 0.10173740874409583]
v_opt: [0.010352822569428622, 0.10173740883123987]
solution time: 0.007550954818725586
McCormick lower bound: -4.9517826274126815

