x_opt: [0.5258473053566182, 0.8988883577186545, 0.10111163115820952, 0.8988883826521251, 0.10111163767763798, 0.10111161833349766, 0.10111163388667475, 0.8988883670176911, 0.10111161891936687, 0.10111164635165273]
w_opt: [0.5258473049363309, 0.10111163075345483, 0.5258473048231347, 4.692166844349604e-8, 0.10111161766620562, 3.75020037866571e-9, 0.42473567336546253, 9.052148808245616e-10, 0.1011116445600418, 2.429277807316658e-9, 0.8988883572630222, 8.289752442273678e-10, 0.10111161764838208, 4.4584676299912623e-10, 0.8988883573561902, 5.14682070645909e-10, 4.554639813649914e-9, 0.10111163072456703, 0.10111162648217098, 0.10111161736302328, 0.10111163048759048, 1.4268742771668956e-8, 5.79741083188743e-10, 1.8464632548952036e-9, 2.172625560952257e-8, 1.168003136091599e-8, 0.10111163155323523, 0.8988883640974372, 5.619203103403123e-9, 0.10111164572722879, 1.0980710730702969e-9, 0.10111162919697912, 5.720769180043058e-9, 8.28709957694404e-10, 3.932024696835946e-10, 2.964421517947893e-10, 8.614140825229954e-10, 0.10111161720033159, 9.371260723165815e-9, 5.064019163387773e-9, 0.1011116183982081, 3.303478900966632e-10, 7.285060209296952e-10, 0.10111164496718664, 0.10111161728896996]
v_opt: [0.010223652299225517, 0.1011116181106301]
solution time: 0.0049970149993896484
McCormick lower bound: -4.416916214653418

