x_opt: [0.5258472674882303, 0.8988877901111372, 0.10111170524434857, 0.8988883843151076, 0.10111199745840363, 0.10111165942834413, 0.10111184968066043, 0.8988879886900923, 0.10111164800404533, 0.1011126142198983]
w_opt: [0.5258472635845366, 0.10111170194818302, 0.5258472614206545, 2.9821024497863995e-6, 0.1011116513573847, 1.1181496832375507e-7, 0.42473526660947847, 1.0066218243401034e-8, 0.10111258375402159, 1.7674424497565185e-8, 0.8988877844105361, 1.5810251501911852e-8, 0.10111165106024618, 3.954832131457327e-9, 0.8988877862817624, 4.629251758105756e-9, 4.062703012908944e-7, 0.10111170039234627, 0.10111162626606232, 0.1011116419221693, 0.1011116920834631, 3.7270872242628874e-7, 6.626214208898314e-9, 2.160877834724053e-8, 4.351616022753627e-7, 2.4529820436894876e-7, 0.10111179261172161, 0.898887864541682, 3.6884165806708744e-8, 0.10111260724437254, 1.4344407369543382e-8, 0.1011117181846923, 3.704596040767324e-8, 1.28974938477754e-8, 6.6822811492225025e-9, 2.752455872154892e-9, 1.279550754574419e-8, 0.1011116410746158, 3.2180390157737207e-7, 1.2633474610312923e-7, 0.1011116410898733, 3.089781692078973e-9, 1.8140588421366007e-8, 0.10111259317408007, 0.10111162952449461]
v_opt: [0.010223728054226042, 0.10111163930001726]
solution time: 0.005894899368286133
McCormick lower bound: -3.2195899723155668

