x_opt: [0.5258472044994191, 0.8988882883283187, 0.10111169074146305, 0.8988884077712443, 0.1011117110900813, 0.10111169016577407, 0.1011116909790234, 0.8988882888963933, 0.10111168942324339, 0.10111171156063403]
w_opt: [0.5258472043409894, 0.10111169064127123, 0.5258472043575585, 6.428324384807125e-8, 0.10111168995157209, 1.833919253681483e-9, 0.4247354939472203, 1.5845102611741587e-10, 0.1011117111555385, 1.0439448412131506e-9, 0.8988882881900928, 2.715080728123081e-10, 0.1011116900249588, 9.426557252035133e-11, 0.8988882881831148, 1.3398771226272258e-10, 1.737416929074118e-10, 0.10111169064053471, 0.101111689034634, 0.10111168999313229, 0.10111169067235808, 1.2003353792632774e-8, 1.4189225590919146e-10, 3.7563757560841885e-10, 1.191894337187614e-7, 1.003985867084902e-7, 0.10111169028853598, 0.8988882885701731, 9.777233670690634e-8, 0.10111171132279292, 3.010904507977582e-10, 0.10111169009623383, 2.200677826972028e-10, 1.7857237113018116e-10, 1.308734309527559e-10, 1.0534585525322449e-10, 2.6559326561845945e-10, 0.10111168922600465, 5.288021767655859e-9, 3.3787480082826247e-9, 0.10111168928912558, 9.85474587666159e-11, 3.5254554098695714e-10, 0.10111171082070412, 0.10111168890756564]
v_opt: [0.010223614987417022, 0.10111168919198525]
solution time: 0.004611968994140625
McCormick lower bound: -4.242147947928168

