x_opt: [0.3622556851176444, 0.6377442893930932, 0.22390310291492266, 0.7760968804500015, 0.36225568244244194, 0.22390311459531412, 0.223903110156331, 0.6377443149978811, 0.22390310988745432, 0.3622556992218931]
w_opt: [0.36225568415024584, 0.22390310255018991, 0.3622556844865735, 5.52655739320637e-8, 0.22390311390627027, 4.6823961776474375e-8, 2.6519737721567675e-9, 3.655461347308264e-10, 0.36225568387319573, 1.0665501172261449e-9, 0.6377442883615365, 1.3536423477955912e-9, 0.22390311422391496, 3.069897951111615e-10, 0.6377442876670267, 3.215048121322039e-10, 6.665930105722231e-10, 0.22390310236118585, 0.22390310133288777, 0.22390310071269479, 0.22390310228407348, 3.906102115329023e-9, 4.826152672057462e-10, 8.672490237817805e-10, 0.13835256389914036, 2.6137707890470638e-8, 0.22390310646587033, 0.6377443133472949, 1.3105971771345457e-9, 0.36225569846910366, 8.63117981560381e-10, 0.22390310773517508, 5.52650017849829e-10, 5.260170466709625e-10, 5.315033719561668e-10, 9.812085787601303e-10, 6.137396712511024e-10, 0.22390310914815093, 9.48306731532809e-9, 2.7524216913526216e-9, 0.22390310857385717, 4.767503846040791e-10, 1.128582812346176e-9, 0.36225569552324177, 0.22390310838293032]
v_opt: [0.05013284478523264, 0.22390310903025912]
solution time: 0.005303859710693359
McCormick lower bound: -1.2929391434482986

