x_opt: [0.3743359031633791, 0.6256913402044674, 0.37430834167137916, 0.8395770368351153, 0.37430865084459186, 0.16103578204921268, 0.37430834716619577, 0.6256913532029575, 0.16042297567790567, 0.3743086646280689]
w_opt: [0.3743359010064796, 0.3743083403632187, 0.374335901896736, 7.120664654035449e-8, 0.1610357802664087, 1.4335782596890129e-8, 2.7259992654278076e-5, 1.3749785797770653e-9, 0.37430866220689296, 4.4173159941182294e-9, 0.6256913388561087, 2.552471469042281e-9, 0.16103578087874199, 1.2169678437307263e-9, 0.625691338732771, 1.190436294133661e-9, 6.699231511858232e-9, 0.3743083403687365, 0.3743083372270877, 0.16103577940282326, 0.37430834028295673, 1.586300591493227e-8, 1.498806979919134e-9, 3.4697122942564358e-9, 0.21388569037191005, 0.0006128385094558502, 0.3743083408990447, 0.6256913493061261, 1.5455724981661986e-8, 0.37430866271276064, 2.7778877610365514e-9, 0.37430834295243637, 6.208674085793465e-9, 1.7469201796131512e-9, 9.69656907230151e-10, 1.4674654017084124e-9, 2.319430338209162e-9, 0.1604229738838654, 2.6424635534732792e-8, 4.020303493278072e-9, 0.16042297370285893, 1.2583015954996657e-9, 1.588072510427025e-9, 0.3743086604085628, 0.16042297173639258]
v_opt: [0.1401076117705498, 0.16042297298743177]
solution time: 0.006020784378051758
McCormick lower bound: -3.2349100287383807

