x_opt: [0.525847296179963, 0.8988883577849045, 0.10111164124573623, 0.8988883862918235, 0.10111164126342578, 0.10111162334474275, 0.10111164118151342, 0.8988883587455982, 0.10111162242666434, 0.10111164269897734]
w_opt: [0.5258472961419476, 0.10111164121442745, 0.5258472961423468, 3.109222473177481e-8, 0.10111162329088033, 5.352470768339555e-10, 0.424735655006476, 4.5108855130641214e-11, 0.1011116425700896, 2.573584487853609e-10, 0.8988883577508624, 4.8834820048260294e-11, 0.1011116233084513, 2.8132308445819588e-11, 0.898888357756847, 3.892496202791379e-11, 5.126981241775338e-10, 0.1011116412176996, 0.10111164069178075, 0.10111162326499368, 0.10111164116098358, 2.50122596046429e-9, 3.920745851051259e-11, 1.1145509519899537e-10, 2.76579368599871e-8, 1.1820549415065138e-8, 0.10111164100852983, 0.8988883586372495, 8.875457768533582e-9, 0.10111164264254761, 8.631842998003683e-11, 0.10111164083480009, 8.380886713390694e-11, 5.449448630056771e-11, 2.8710740044025432e-11, 2.6872806038494567e-11, 8.189769928172515e-11, 0.10111162237729596, 2.1950765401284377e-9, 6.393520607084557e-10, 0.10111162238118356, 2.6197720211102644e-11, 6.754323629597488e-11, 0.10111164256202039, 0.10111162226447948]
v_opt: [0.010223587549445213, 0.10111162236248951]
solution time: 0.005173921585083008
McCormick lower bound: -4.6854607020319134

