x_opt: [0.7474440107306219, 0.7776096129434211, 1.3706443954186687e-9, 0.9999989109250839, 0.22239038516578663, 3.8760351602273685e-9, 0.22239038597791505, 0.7776096142245135, 4.102307962718509e-9, 0.7776096120275736]
w_opt: [0.747444010658116, 1.3151251666494036e-9, 0.7474440106610073, 4.27203357393236e-9, 3.8006258411385624e-9, 7.106447902458116e-10, 0.5250536250830802, 9.876605911646221e-11, 0.7474440105819854, 1.2728838619271878e-10, 0.7776096128552316, 2.530205493805027e-10, 3.782822052969435e-9, 7.234322486144515e-11, 0.7776096128678521, 5.0809015138525466e-11, 0.5552192250504189, 1.2099081084232673e-9, 1.2092184602074704e-9, 1.0996565402218372e-9, 1.3106361669148112e-9, 3.621639413271655e-10, 7.893735725958782e-11, 1.9232416168196335e-10, 0.22238929619030365, 5.498163189647973e-10, 0.22239038510223105, 0.7776096139875, 1.1586795920006087e-10, 0.777609611962392, 1.3150978831292067e-10, 0.22239038445727785, 1.5762117775888566e-10, 1.1231760351314519e-10, 5.589900145113771e-11, 5.166825695248319e-11, 8.689871503079009e-11, 3.7888229365079735e-9, 9.137893670395523e-10, 3.7243355898055435e-10, 3.98934765849388e-9, 5.5765930120637644e-11, 6.94472316203743e-11, 0.7776096118236973, 3.833971582474654e-9]
v_opt: [0.04945789568842221, 4.0046095521062125e-9]
solution time: 0.005647897720336914
McCormick lower bound: -1.7403285729503997

