x_opt: [0.4401584603176087, 0.7441804955030872, 0.25581949848457103, 0.8651735719222321, 0.25581950375079, 0.1348264294390702, 0.25581949953565936, 0.7441804966011489, 0.13482642875284048, 0.2558195048928972]
w_opt: [0.4401584601776287, 0.25581949839287216, 0.44015846021930305, 5.296321966154866e-9, 0.1348264293070149, 1.0132960107821196e-9, 0.18433895715858573, 1.1268840213610693e-10, 0.25581950470398884, 3.1052393662904715e-10, 0.7441804954000567, 1.946481193233475e-10, 0.13482642934287717, 9.042173618340114e-11, 0.7441804953949799, 8.823456618607999e-11, 5.240757109450533e-10, 0.25581949838278534, 0.2558194981502898, 0.13482642923003074, 0.25581949838834817, 1.143850134388883e-9, 1.1403719683215188e-10, 2.756804150217382e-10, 0.12099307586355856, 3.4820640629307346e-9, 0.2558194990332614, 0.7441804963139476, 9.072946464696311e-10, 0.2558195047592031, 2.0880266054390869e-10, 0.2558194991945613, 5.203658476201607e-10, 1.3743658117801475e-10, 7.482283000401343e-11, 9.594863263096805e-11, 1.630633475729188e-10, 0.13482642860304858, 1.9337338677044755e-9, 2.909845087835554e-10, 0.13482642861166969, 8.778745222882139e-11, 1.179835567500572e-10, 0.25581950458154773, 0.13482642844994283]
v_opt: [0.06544361931537457, 0.13482642856320623]
solution time: 0.006093025207519531
McCormick lower bound: -3.03298496926765

