x_opt: [0.5333156319875065, 0.9040560465973418, 0.09594395128907582, 0.9040560531503643, 0.09594395266659238, 0.0959439469992962, 0.09594395269483527, 0.9040560478821604, 0.09594394700426581, 0.10571857493035028]
w_opt: [0.5333156319009351, 0.09594395121304591, 0.5333156318980198, 9.138090327046562e-9, 0.09594394688277727, 6.796101811919857e-10, 0.4373716800554219, 1.5123267344251168e-10, 0.10571857453760566, 3.441778694186779e-10, 0.9040560465166629, 2.955812713703314e-10, 0.09594394688292582, 8.578579219890542e-11, 0.9040560465297156, 8.96831544198016e-11, 0.009774621600840935, 0.09594395120251956, 0.09594395045639827, 0.09594394677006983, 0.09594395115875495, 2.7636625259844867e-9, 1.064385116697419e-10, 3.4930013885032754e-10, 6.107650580804819e-9, 2.0033866455847347e-9, 0.09594395223984815, 0.9040560472049344, 5.939299675133709e-10, 0.1057185748224226, 2.0155244664910907e-10, 0.09594395179284769, 8.045694470020614e-10, 1.4987421845267326e-10, 6.697045667028971e-11, 5.7837327760428525e-11, 1.6983899253720877e-10, 0.09594394678203585, 1.870731262165122e-9, 1.2527915608368736e-9, 0.0959439468925428, 6.376107059758526e-11, 1.1322484204448007e-10, 0.10571857468669399, 0.09594394675255272]
v_opt: [0.0092053628510836, 0.09594394685237724]
solution time: 0.004461050033569336
McCormick lower bound: -3.930451738706888

