x_opt: [0.2961967735087206, 0.7449646054136752, 0.2550353779449458, 0.9999929745416559, 0.2550353919516011, 0.25503537289318934, 0.2550353786032894, 0.7449646090960471, 0.2550353651376386, 0.2550353945205307]
w_opt: [0.2961967727446695, 0.25503537747859756, 0.29619677294600927, 4.9200321498008035e-8, 0.255035372088465, 8.148396176570352e-9, 0.041161383745888735, 5.274851974865136e-10, 0.25503539299601735, 1.7974027720741067e-9, 0.744964604849839, 1.2618804426798692e-9, 0.25503537243211466, 3.8651626112547426e-10, 0.7449646047544407, 4.4747197233397384e-10, 1.2238800385567012e-9, 0.2550353775108611, 0.25503537597835874, 0.2550353717387602, 0.25503537718053987, 6.1690663685967185e-9, 5.526096259526789e-10, 1.3298874362680117e-9, 0.25502836769667364, 0.2550283544960938, 0.2550353760036621, 0.7449646075342536, 0.25502834090817106, 0.25503539367487066, 1.1760795673601435e-9, 0.255035376756881, 1.9303805727009655e-9, 6.917082850396265e-10, 4.4281750069824544e-10, 5.042326944211387e-10, 8.531007055524847e-10, 0.25503536414623146, 1.1914715664279828e-8, 2.207968586821996e-9, 0.2550353644356659, 4.2993447357021476e-10, 8.437210857370169e-10, 0.25503539233661837, 0.25503536353146233]
v_opt: [0.06504319184177475, 0.25503536416923983]
solution time: 0.006946086883544922
McCormick lower bound: -3.4034633265719494

