x_opt: [0.5258472663304095, 0.8988882946421561, 0.10111170130598271, 0.8988883690727727, 0.10111170349943112, 0.1011116339885843, 0.10111170272852184, 0.8988883015208968, 0.10111163338915476, 0.1011117052852578]
w_opt: [0.5258472654873004, 0.10111170061507753, 0.5258472655497824, 3.431012457624638e-8, 0.10111163288902703, 5.62800481901097e-9, 0.4247355695527744, 1.2290790524381481e-9, 0.10111170366926302, 4.279704297560101e-9, 0.8988882939650055, 1.3568141536660344e-9, 0.10111163306652571, 8.051087944937576e-10, 0.8988882940403181, 8.572065978423179e-10, 6.836071463785017e-10, 0.10111170065769427, 0.10111169715686481, 0.10111163262980875, 0.1011117002935664, 2.0545070290987017e-8, 9.212856764565659e-10, 2.8021764429663526e-9, 7.424757610996083e-8, 1.9449896563011973e-8, 0.10111169950412006, 0.8988882994678968, 4.432118625981701e-9, 0.10111170419957557, 1.801137363270565e-9, 0.10111169913046214, 6.157667580718408e-9, 1.2300364336337098e-9, 5.828455912426882e-10, 5.392467089849053e-10, 1.477850794470073e-9, 0.10111163170674196, 1.5483842631353627e-8, 6.937975815321616e-9, 0.1011116325627515, 5.851734920472795e-10, 9.572694972494307e-10, 0.1011117031046451, 0.10111163106558745]
v_opt: [0.010224084887814225, 0.10111163198124604]
solution time: 0.006376981735229492
McCormick lower bound: -5.198303778074965

