x_opt: [0.3193528778864501, 0.6806477637265467, 0.319352218074455, 0.9506478573955478, 0.319352233322057, 0.3193522045036129, 0.31935221893267374, 0.6806477692426309, 0.04935225359471826, 0.3193522378414305]
w_opt: [0.31935287642894683, 0.31935221723734747, 0.31935287704158266, 4.4136765343748404e-8, 0.31935220326530606, 8.993567974939897e-9, 6.494765699939444e-7, 8.8161757817497e-10, 0.31935223641513594, 3.744456670285517e-9, 0.6806477628857988, 1.6894976466101676e-9, 0.31935220377155576, 7.889988460948192e-10, 0.6806477627382665, 8.246580102911717e-10, 2.9679622461446494e-9, 0.3193522173579353, 0.31935221449875445, 0.3193522026301598, 0.31935221686589665, 1.3764865619644098e-8, 9.608312737513079e-10, 2.2181680533920876e-9, 0.27000009263593455, 0.27000007534012316, 0.31935221537984676, 0.680647766865563, 1.1266588031414641e-7, 0.3193522364361518, 1.8551516458864757e-9, 0.3193522162681592, 3.858355619848015e-9, 1.1085837546312443e-9, 6.366721397113967e-10, 9.69700256413349e-10, 1.7056469766480615e-9, 0.04935225235077192, 1.7019741732891383e-8, 3.092784451113122e-9, 0.049352252413159, 8.251947045772634e-10, 1.0951227423137512e-9, 0.31935223499404886, 0.04935225120771598]
v_opt: [0.10198591782934814, 0.04935225177031862]
solution time: 0.004801034927368164
McCormick lower bound: -4.258621231287962

