x_opt: [0.5258470978697948, 0.8988882016063207, 0.10111179770772491, 0.8988884553681848, 0.10111179834820452, 0.10111175068555221, 0.10111179792502606, 0.8988882026103985, 0.10111175006703578, 0.10111179842044891]
w_opt: [0.5258470977157483, 0.10111179758610778, 0.5258470977415418, 6.051298338721674e-9, 0.10111175048702725, 1.0797946689516693e-9, 0.4247353008084436, 1.7137304644231866e-10, 0.10111179815916344, 8.201113696254936e-10, 0.89888820148866, 2.7267406132167036e-10, 0.10111175055135113, 1.329503061251576e-10, 0.8988882014915205, 1.4344457452474574e-10, 2.0793371483113462e-10, 0.10111179760598339, 0.10111179709044212, 0.10111175047177305, 0.10111179752700387, 3.285749986899643e-9, 1.5179959735792982e-10, 4.0584863813374937e-10, 2.540202177484023e-7, 2.0809374847494106e-7, 0.10111179741487249, 0.8988882022703706, 2.0570595831579443e-7, 0.10111179820646085, 3.034730285407335e-10, 0.1011117975064964, 1.1341511054391317e-9, 1.890917608215353e-10, 1.0078233465368336e-10, 1.0864086311611247e-10, 2.496563359552816e-10, 0.10111174982744409, 2.584800567577358e-9, 1.1388311250991068e-9, 0.10111174991970537, 1.0886583076090948e-10, 1.7080020743925e-10, 0.10111179801108232, 0.10111174969420945]
v_opt: [0.010223766202642887, 0.10111174979040954]
solution time: 0.006469011306762695
McCormick lower bound: -5.796950585575642

