x_opt: [0.49652902449253905, 0.8792377398275438, 0.12076226008689238, 0.911795887479059, 0.12076226016419621, 0.12076225965954476, 0.12076226009824184, 0.8792377398933879, 0.12076225956808738, 0.12076226017005638]
w_opt: [0.49652902447605257, 0.12076226007589279, 0.49652902447925734, 5.870536593517122e-10, 0.12076225964055147, 1.1308408648214603e-10, 0.375766764415462, 1.4320741692011174e-11, 0.12076226014603197, 6.921941175266746e-11, 0.8792377398159117, 2.629920119363564e-11, 0.1207622596478296, 1.0443182914725486e-11, 0.8792377398151477, 1.2663105347002177e-11, 1.947365435519822e-11, 0.12076226007754864, 0.12076226001127832, 0.12076225963866734, 0.12076226006940421, 2.9199881529015554e-10, 1.3671291329802615e-11, 3.357329372592122e-11, 0.03255814767190522, 0.032558147306823174, 0.12076226005810901, 0.8792377398621549, 0.03255814707201221, 0.1207622601489414, 2.728852562191136e-11, 0.12076226006274447, 7.385452895699207e-11, 1.6451139219170444e-11, 9.838551850206567e-12, 1.108528985465208e-11, 2.2871564546180372e-11, 0.12076225954756467, 2.2432976363481603e-10, 6.277230855041099e-11, 0.12076225955344502, 1.0373960861977306e-11, 1.7647393827176915e-11, 0.12076226012784415, 0.12076225953406076]
v_opt: [0.014583529097891417, 0.1207622595437793]
solution time: 0.0049021244049072266
McCormick lower bound: -5.298900164087422

