x_opt: [0.541495760216977, 0.690592652544981, 0.13195311577782776, 0.8680469107549654, 0.30940733567548395, 0.13195309211328315, 0.30940732405653065, 0.6905926644373783, 0.13195308912299508, 0.541495759514802]
w_opt: [0.5414957597231616, 0.131953115491351, 0.5414957599406838, 1.745930979207007e-8, 0.13195309174506123, 3.5526160907357795e-9, 0.23208842542580824, 3.03968652080148e-10, 0.5414957586891942, 7.982799427337021e-10, 0.6905926522122099, 6.187533752132645e-10, 0.13195309184550386, 2.984031103987471e-10, 0.6905926521825181, 2.449568281830917e-10, 0.23208841244668674, 0.13195311541090904, 0.13195311493458367, 0.1319530913462049, 0.1319531155277418, 2.6278584277082906e-9, 3.41684212444719e-10, 7.767961011849301e-10, 0.1774542469636106, 1.004182839245775e-8, 0.3094073222464249, 0.6905926634839606, 9.930932252469313e-10, 0.5414957591444132, 5.987663653483744e-10, 0.3094073227863169, 8.752239779540235e-10, 3.9872443251095734e-10, 2.1402705895596124e-10, 3.435715389149315e-10, 4.882346585212601e-10, 0.13195308870354394, 6.035184140174126e-9, 8.66796813197513e-10, 0.1319530886031876, 2.8763395065000575e-10, 3.3314788514604765e-10, 0.5414957585994753, 0.13195308814084988]
v_opt: [0.09573318136236218, 0.1319530885443953]
solution time: 0.005741119384765625
McCormick lower bound: -2.31880307120435

