x_opt: [0.482492663769357, 0.8698296151770841, 0.1301703839316486, 0.9179752886743842, 0.13017038478684856, 0.13017010545096694, 0.13017038426262975, 0.86982961544328, 0.13017010533478762, 0.13017038478173135]
w_opt: [0.4824926636931979, 0.13017038388199037, 0.48249266370711397, 3.6692351336896553e-9, 0.1301701053658097, 5.741627941814342e-10, 0.35232227934315635, 6.449124938461654e-11, 0.13017038466997477, 2.3519594269413954e-10, 0.8698296151202984, 1.4004240650746318e-10, 0.13017010539637808, 4.626903493129358e-11, 0.8698296151134692, 5.3507316883690315e-11, 8.451503062894101e-11, 0.13017038388477656, 0.13017038366732206, 0.13017010534930512, 0.13017038386585833, 9.536143323387494e-10, 6.294167353561022e-11, 1.5034546059906865e-10, 0.04814567358224874, 0.048145394837109, 0.13017038402666506, 0.8698296152994222, 0.048145394121525645, 0.13017038469027503, 1.223851224629098e-10, 0.13017038406871048, 3.0821310649276425e-10, 7.545218150757676e-11, 4.669853098428839e-11, 5.248273569767938e-11, 9.363886016256455e-11, 0.1301701052374438, 1.0476891659539184e-9, 2.467801784249772e-10, 0.13017010526489695, 4.788859388173616e-11, 8.003199935399841e-11, 0.13017038457901034, 0.1301701051799521]
v_opt: [0.016945347367288525, 0.1301701052263393]
solution time: 0.005257129669189453
McCormick lower bound: -4.142697740547099

