x_opt: [0.5258458715832282, 0.8988857810206063, 0.10111420203454086, 0.8988878338401766, 0.10111421038214032, 0.10111218988667114, 0.10111420805034296, 0.8988858007428671, 0.10111218284693749, 0.10111422305162565]
w_opt: [0.5258458692833735, 0.10111420024513376, 0.5258458695450423, 2.3476254185824112e-7, 0.1011121870691509, 1.6588087003993933e-8, 0.4247316768559522, 2.7268540594411806e-9, 0.10111421904910897, 9.787763401707938e-9, 0.8988857792031292, 4.067883614401707e-9, 0.10111218772780936, 1.8718057932376855e-9, 0.898885779316095, 2.059580318025725e-9, 6.2777754641602936e-9, 0.10111420033825817, 0.10111419279429802, 0.1011121863367113, 0.10111419969092325, 5.142768081054751e-8, 2.3166893357789384e-9, 6.410760295390425e-9, 2.048518560693617e-6, 6.820185075708247e-8, 0.10111419940418474, 0.8988857954017634, 2.1656602851154244e-8, 0.1011142201874883, 4.487650032275113e-9, 0.10111419895605199, 1.4121854102725587e-8, 2.9793988076689216e-9, 1.5112268726608542e-9, 1.537960261024185e-9, 3.5261684407849627e-9, 0.10111217921596753, 4.2473823396272116e-8, 1.8525490171175452e-8, 0.1011121805145126, 1.576419151017648e-9, 2.4447608092843376e-9, 0.10111421710110859, 0.10111217688325284]
v_opt: [0.010224493199712806, 0.10111217910090915]
solution time: 0.007769107818603516
McCormick lower bound: -4.6173626230023155

