x_opt: [0.5258473300614815, 0.8988883821197393, 0.10111160356240617, 0.8988883951893302, 0.10111160734107871, 0.10111160307180171, 0.10111160547291104, 0.8988883925400883, 0.10111160286503526, 0.10111163708101663]
w_opt: [0.5258473299889768, 0.10111160349455506, 0.5258473299609967, 3.5835408922802004e-8, 0.10111160292852173, 1.650891880747791e-9, 0.42473572279110045, 1.8122750959694764e-10, 0.10111163651951213, 3.724871498216968e-10, 0.8988883820176549, 3.672227593331979e-10, 0.10111160293663815, 7.707545676980134e-11, 0.8988883820554673, 9.623956533749268e-11, 1.925758313915475e-8, 0.10111160347841397, 0.10111160123312807, 0.10111160249214571, 0.1011116032464875, 4.010381989528823e-9, 1.201352102864414e-10, 3.9489327527652966e-10, 3.1421786094397024e-9, 3.039650610427906e-9, 0.10111160468474334, 0.8988883910385087, 5.459983000697626e-10, 0.10111163695412508, 2.659469738690106e-10, 0.10111160366951102, 6.402723761530565e-10, 2.1722218473977096e-10, 1.0609693024347074e-10, 5.4068972994244266e-11, 2.3160778541668908e-10, 0.10111160270469567, 5.341721477261577e-9, 1.4740648885033075e-9, 0.10111160271606269, 5.963960169282129e-11, 2.671074085138552e-10, 0.10111163674559268, 0.1011116025494934]
v_opt: [0.01022375037873612, 0.1011116027109197]
solution time: 0.004701852798461914
McCormick lower bound: -3.6533412558096945

