x_opt: [0.40154940669831124, 0.6750018028426171, 0.3228610380145461, 0.8490801100234644, 0.32499817606155973, 0.15091989795317348, 0.32286109129904567, 0.6750018264791504, 0.15091989304848466, 0.3249982176271845]
w_opt: [0.4015494054170415, 0.32286103716666587, 0.40154940581288845, 5.007870210274944e-8, 0.15091989678501788, 9.465587457737871e-9, 0.0765512353651425, 1.0443899888754563e-9, 0.32499821589335437, 2.5638838228377735e-9, 0.6750018018737344, 1.747387211545618e-9, 0.150919897053371, 8.559252903612962e-10, 0.6750018018695079, 7.878312272463619e-10, 2.152172250035533e-8, 0.32286103697564983, 0.3228610352461014, 0.1509198958599358, 0.3228610371848347, 8.601179716848956e-9, 1.061111956202321e-9, 2.5769188107260488e-9, 0.1740782877487304, 2.8178778447845205e-8, 0.32286108625560034, 0.6750018237436873, 5.494412818322777e-9, 0.324998216473702, 1.897190835554997e-9, 0.3228610881525659, 4.29741808196554e-9, 1.2863044280774675e-9, 6.77902587611315e-10, 8.825416634759545e-10, 1.4692654757216055e-9, 0.1509198916641106, 1.8130590950991154e-8, 2.4388169332984582e-9, 0.1509198916810275, 8.105082855912768e-10, 1.0398119087376508e-9, 0.32499821484690344, 0.15091989012964963]
v_opt: [0.10423928758780168, 0.15091989133213435]
solution time: 0.005240201950073242
McCormick lower bound: -2.6814194919203276

