x_opt: [0.43371582044260404, 0.837137038567621, 0.1628629597119568, 0.939449647659327, 0.16286296125878685, 0.16286293729272017, 0.16286295982125149, 0.8371370392977584, 0.1628629363563686, 0.16286296131991046]
w_opt: [0.4337158202030228, 0.16286295955591668, 0.4337158202333394, 1.7150887871113094e-8, 0.16286293700215274, 1.7861664811749926e-9, 0.27085286015421417, 2.068208322577995e-10, 0.1628629609561967, 9.235545600630674e-10, 0.8371370383860874, 3.810162063181019e-10, 0.16286293711918615, 1.396527813985031e-10, 0.8371370383665384, 1.8347469132014882e-10, 2.490900117462294e-10, 0.16286295957517744, 0.1628629585719969, 0.1628629369574152, 0.16286295940077491, 3.6011569331169226e-9, 1.9846538137324155e-10, 4.708021871399929e-10, 0.10231260935440681, 0.10231258736743869, 0.16286295913036025, 0.8371370388361574, 0.10231258439114106, 0.16286296099551315, 3.9706329798933123e-10, 0.16286295919066826, 7.984964265717786e-10, 2.3697834497595604e-10, 1.552726355098128e-10, 1.6506807216222119e-10, 3.353552714596071e-10, 0.16286293603674026, 3.121550499092196e-9, 8.747906984858598e-10, 0.16286293613615122, 1.505425725814531e-10, 2.956883511936354e-10, 0.16286296063599637, 0.16286293584916886]
v_opt: [0.026524948434173183, 0.16286293600702909]
solution time: 0.008454084396362305
McCormick lower bound: -5.035806406943484

