x_opt: [0.5258452696727722, 0.8988869485517447, 0.1011130072275905, 0.8988892440484205, 0.10111303590022563, 0.10111298432040075, 0.10111300534310873, 0.8988869738836998, 0.10111297332200267, 0.10111305539491751]
w_opt: [0.525845266569103, 0.10111300487900324, 0.525845266702542, 4.2806603072153654e-7, 0.10111297996386245, 3.0348273563666584e-8, 0.4247322517841458, 3.2390276136898877e-9, 0.10111303874619991, 2.0216914025785146e-8, 0.8988869459866482, 4.257957445606392e-9, 0.10111298170399408, 2.2364311492964087e-9, 0.8988869460812817, 2.750872489011928e-9, 7.333663719221499e-9, 0.10111300525009362, 0.10111298383089712, 0.10111297802286473, 0.1011130016442287, 1.1215583866993917e-7, 2.9705188131611378e-9, 7.777400638706014e-9, 2.286988680784809e-6, 2.2814995733432247e-6, 0.10111299402424533, 0.8988869656418048, 2.2267142055039033e-6, 0.10111305072147489, 6.416248497685533e-9, 0.10111299262276009, 1.3487242725428501e-8, 3.825572174698434e-9, 2.2135278329988163e-9, 2.2018238432399886e-9, 5.6094552869163076e-9, 0.10111296676211476, 6.362526683281939e-8, 3.465487248796642e-8, 0.1011129701441568, 2.0480983571901586e-9, 4.864448388371906e-9, 0.10111304503137644, 0.10111296491308415]
v_opt: [0.010224702167798074, 0.10111296828129288]
solution time: 0.004532814025878906
McCormick lower bound: -5.221147472366659

