x_opt: [0.5258472530284407, 0.898888289637594, 0.10111166054915519, 0.898888346005367, 0.10111170980006423, 0.1011116602590448, 0.10111166093749005, 0.898888290287849, 0.10111166023786469, 0.10111171027902686]
w_opt: [0.5258472528881816, 0.10111166045525062, 0.5258472528634142, 7.689690459149904e-9, 0.10111166005762291, 1.596981085457652e-9, 0.4247355435907397, 1.5378716366554326e-10, 0.10111170979322019, 4.042689949407826e-10, 0.8988882894734553, 2.549114342274098e-10, 0.10111166012102964, 8.631273276233806e-11, 0.8988882894879411, 1.0696860732483866e-10, 2.1556070287355001e-10, 0.1011116604351683, 0.10111165994316736, 0.10111165974532156, 0.10111166029477943, 1.755506600984369e-9, 1.3452952859921526e-10, 3.3360756974719477e-10, 5.611958251710035e-8, 1.2065277963430092e-8, 0.1011116602815085, 0.8988882898766024, 6.836381650917955e-9, 0.1011117100870765, 2.7150570169002956e-10, 0.10111166031000993, 3.573775903747104e-10, 1.774765695551397e-10, 1.3556095958541545e-10, 9.863350377934229e-11, 1.809968457509948e-10, 0.10111165988318373, 2.045150571238627e-9, 7.22230260227168e-10, 0.10111166003061478, 9.205878299074195e-11, 2.4627415035634434e-10, 0.10111170970861151, 0.1011116598386947]
v_opt: [0.01022362000854936, 0.10111166003379031]
solution time: 0.005109071731567383
McCormick lower bound: -2.9354178358134306

