x_opt: [0.48961479525558643, 0.8746034538406693, 0.12539654596858543, 0.914839898789282, 0.1253965461680144, 0.12539653404070705, 0.12539654607695971, 0.8746034539003673, 0.12539653401243422, 0.12539654613001922]
w_opt: [0.48961479523375034, 0.1253965459541984, 0.489614795235486, 1.8602757009095562e-9, 0.12539653401365106, 1.758727865317462e-10, 0.36421824919342743, 1.9825414198162825e-11, 0.125396546095046, 7.848283735638386e-11, 0.8746034538232303, 4.7109691803971646e-11, 0.12539653402378154, 1.2868826590651377e-11, 0.8746034538209195, 1.623854204519667e-11, 1.8772160752786505e-11, 0.125396545955128, 0.1253965458673349, 0.12539653401144224, 0.12539654595002733, 4.70909730833426e-10, 1.8780514124122572e-11, 4.460646300903891e-11, 0.040236444994532, 0.040236432959623904, 0.12539654600931802, 0.8746034538584766, 0.04023643283472638, 0.1253965461007997, 3.71452493949436e-11, 0.12539654601794262, 9.042768579428156e-11, 2.2609272160628064e-11, 1.50642146601847e-11, 1.5227165673610855e-11, 2.7285451929379354e-11, 0.1253965339787023, 3.059447515295175e-10, 7.551663482808061e-11, 0.125396533992685, 1.394128839955835e-11, 2.6614777265161777e-11, 0.1253965460636188, 0.1253965339674216]
v_opt: [0.01572447606451085, 0.12539653398042586]
solution time: 0.00866389274597168
McCormick lower bound: -4.4411954262648115

