x_opt: [0.5258486371439481, 0.8988892102247443, 0.10111069109944201, 0.8988892970984167, 0.10111068107743712, 0.1011106868722286, 0.10111068620426787, 0.8988893115260418, 0.10111067926731741, 0.10111247550246881]
w_opt: [0.5258486345618638, 0.10111068861711098, 0.5258486338910673, 7.335471081008969e-7, 0.1011106826003183, 2.632324235154736e-8, 0.4247379568429005, 5.927412773962839e-9, 0.10111243351680162, 1.6102477952512614e-8, 0.8988892073378073, 6.230954774263066e-9, 0.10111068256748926, 2.523677404773113e-9, 0.8988892080387144, 3.1000766726297955e-9, 1.6872846393993572e-6, 0.1011106883148234, 0.10111063968030282, 0.10111067675978894, 0.10111068363715763, 1.5664099418950643e-7, 3.574221256543129e-9, 1.3324707978399596e-8, 2.2938850992277e-9, 5.8157583479381373e-8, 0.10111066704320355, 0.8988892677071741, 1.7290252091916024e-8, 0.10111247171744255, 7.428642340047046e-9, 0.10111064927118239, 9.497778288830677e-9, 5.804201243168447e-9, 3.02446885779211e-9, 1.786355773790886e-9, 7.501510769383643e-9, 0.10111067395893504, 5.7469712320945137e-8, 2.6897681455669488e-8, 0.10111067452057998, 1.9558490654874285e-9, 6.708886788266563e-9, 0.1011124659506467, 0.10111067042802965]
v_opt: [0.010224205020185112, 0.10111067443168667]
solution time: 0.005017995834350586
McCormick lower bound: -3.8478920020603655

