x_opt: [0.525846521402439, 0.8988874377220913, 0.10111218493531948, 0.8988883534710375, 0.10111248520626853, 0.101112193202917, 0.10111218169794, 0.8988875351597337, 0.10111210196150494, 0.10111258601005053]
w_opt: [0.5258465126105075, 0.10111217858777022, 0.5258465132341085, 1.5859624450611674e-6, 0.10111218195599332, 7.515506599355449e-8, 0.42473407335627034, 9.30705295491884e-9, 0.10111256751421654, 6.230374831782991e-8, 0.8988874305066086, 1.395672972266881e-8, 0.10111218560270119, 6.9225464726232975e-9, 0.8988874310756642, 7.719452401953943e-9, 3.519448139862894e-8, 0.10111217907119793, 0.1011121268570414, 0.10111217679948757, 0.10111217083110503, 4.3629931305687223e-7, 8.330434521908412e-9, 2.206200510043809e-8, 8.575693669184693e-7, 7.418510843631938e-7, 0.10111214782572434, 0.8988875135767234, 4.6986431186497667e-7, 0.10111257364250727, 1.691147303647404e-8, 0.10111213313681548, 3.1586788855342316e-8, 1.0560316623444484e-8, 6.013963458043404e-9, 6.027399477267063e-9, 1.389611498670484e-8, 0.10111209306490052, 2.1474347088093053e-7, 1.551159307556546e-7, 0.10111209272048169, 5.8665435209442335e-9, 1.092667773002344e-8, 0.10111255960640324, 0.10111207952486287]
v_opt: [0.010224373793188662, 0.10111208786479622]
solution time: 0.005580902099609375
McCormick lower bound: -4.966408996588077

