x_opt: [0.31936110045697774, 0.6806493623005203, 0.31935058856311094, 0.950649757373496, 0.3193506238764605, 0.3193428288494642, 0.31935060816094063, 0.6806493766197321, 0.04935023754409351, 0.3193611013901083]
w_opt: [0.3193610979075489, 0.3193505872988472, 0.3193610993335829, 1.0672578225715148e-7, 0.3193428272385143, 1.7963782388435537e-8, 1.0484608991346558e-5, 1.2664537129243466e-9, 0.31936109330897067, 4.657956593428411e-9, 0.6806493610136998, 3.111269422993249e-9, 0.3193428277836698, 1.4562327711733162e-9, 0.6806493606995567, 1.1076256671739732e-9, 1.0465326913083385e-5, 0.31935058719486004, 0.31935058414497003, 0.31934282571046607, 0.3193505874401674, 2.9924979969328836e-8, 1.5344297921488785e-9, 3.4319309152794884e-9, 0.27000038379510516, 0.2699926087478756, 0.3193505993013907, 0.6806493723436694, 4.192426803490529e-9, 0.31936109967394, 2.8667579218675806e-9, 0.31935060214287475, 4.642499382577075e-9, 1.888922715798195e-9, 8.593180169930262e-10, 1.5648403932704124e-9, 2.4282119574496457e-9, 0.049350235673106264, 3.9170732921631676e-8, 8.267309591829424e-9, 0.04935023535127714, 1.3271911084029595e-9, 1.4085743511456869e-9, 0.3193610971977123, 0.04935023312219463]
v_opt: [0.10198494321273976, 0.04935023451931117]
solution time: 0.007469892501831055
McCormick lower bound: -2.822216425954268

