x_opt: [0.5836870309188945, 0.9389102744639551, 0.06108971472935594, 0.9389103055340308, 0.06108971516401288, 0.06108969161244978, 0.06108971811736763, 0.9389102956769346, 0.061089692997796465, 0.1367910156386554]
w_opt: [0.5836870290762748, 0.06108971300593058, 0.5836870288727225, 8.67209814495093e-8, 0.061089688901288575, 1.324184027854854e-8, 0.5225973306072721, 3.970408797412658e-9, 0.13679101123852105, 1.0180690273474755e-8, 0.9389102727113495, 3.160327600217914e-9, 0.061089688771275165, 2.1266386414968525e-9, 0.9389102730455123, 2.2401406078527704e-9, 0.0757012915743123, 0.06108971291598882, 0.06108970031018762, 0.061089687695129666, 0.06108971199915017, 5.783236764377934e-8, 2.447391910285494e-9, 8.543769046562602e-9, 2.4976186763899242e-8, 4.101024239663117e-8, 0.06108970913982936, 0.9389102888690478, 7.159493348488459e-9, 0.13679101313971342, 4.687803938420062e-9, 0.061089705829600154, 1.4492490127307066e-8, 3.510517591121668e-9, 1.4960057324163057e-9, 1.2179251571935099e-9, 3.879413723640047e-9, 0.06108968748219287, 4.0333099805915384e-8, 1.977125252664672e-8, 0.061089690829843654, 1.3974500474610018e-9, 2.498949440297816e-9, 0.13679101040817715, 0.06108968714364102]
v_opt: [0.0037321597452558627, 0.061089689548894335]
solution time: 0.005694150924682617
McCormick lower bound: -4.778075282355536

