x_opt: [0.6719706266272036, 0.9999974193536056, 2.528237452193799e-6, 0.999997766497828, 2.5777763711039878e-6, 2.2318645706890204e-6, 2.580909682797293e-6, 0.9999974505729093, 2.232287315338741e-6, 0.19125075605780378]
w_opt: [0.6719706254610318, 2.5271934775437444e-6, 0.6719706255501537, 5.623108637392851e-8, 2.2304198667095126e-6, 8.072694153001703e-9, 0.6719680796984554, 1.9623573739367758e-9, 0.1912507537103442, 4.09553797376427e-9, 0.9999974183805814, 2.2931669492332686e-9, 2.2303986810969764e-6, 1.3800976763636808e-9, 0.9999974185066401, 1.1360223231107148e-9, 0.1912481763834186, 2.527061358528689e-6, 2.524088275617371e-6, 2.2297102451302684e-6, 2.5272218511107494e-6, 2.2868350984215428e-8, 1.4130035589495494e-9, 4.661331599253629e-9, 3.462303539360329e-7, 2.501589883378709e-8, 2.5751626099578017e-6, 0.9999974476666111, 4.097634208008459e-9, 0.19125075471634614, 2.601338611805697e-9, 2.5733437289222688e-6, 3.034570440069035e-8, 1.9637370844317172e-9, 7.99237033047168e-10, 7.663821843780864e-10, 1.8440621424493554e-9, 2.2293548221829015e-6, 2.5073227992926278e-8, 3.451609963610174e-8, 2.2309888574879156e-6, 8.580808961150183e-10, 1.1195032516470662e-9, 0.19125075318781737, 2.22869762514383e-6]
v_opt: [2.3747590688888009e-7, 2.23024254283011e-6]
solution time: 0.004904031753540039
McCormick lower bound: -3.954566588501066

