x_opt: [0.5258472947445444, 0.898888361841254, 0.10111163274307368, 0.89888839471057, 0.10111163415375791, 0.10111162675299586, 0.10111163262737002, 0.8988883662045503, 0.1011116245306878, 0.10111164099145772]
w_opt: [0.5258472944425294, 0.10111163251242153, 0.525847294474574, 1.0460831848719103e-7, 0.10111162636364746, 2.6257615289693688e-9, 0.42473566173209815, 3.2660228725131125e-10, 0.10111164003366772, 2.111744346481405e-9, 0.8988883615998934, 4.0057176710873515e-10, 0.10111162649036604, 2.3198117286230745e-10, 0.8988883616220583, 2.741763114125328e-10, 3.067499764237297e-9, 0.1011116325376489, 0.10111162991043485, 0.10111162621868738, 0.10111163223824195, 1.5534544333716846e-8, 2.9262467946488314e-10, 7.913111346970323e-10, 2.95246589428279e-8, 3.4009119546723086e-8, 0.10111163147665682, 0.8988883654622429, 2.0302783395347626e-8, 0.10111164057553888, 6.004281201080373e-10, 0.10111163075841696, 8.141279813402192e-10, 3.8039184539795826e-10, 2.0217464410847326e-10, 2.0464645704139628e-10, 5.719467051809643e-10, 0.10111162412032958, 1.0587407392651342e-8, 5.798233007023764e-9, 0.10111162421663972, 2.0195085568265054e-10, 3.739722909148404e-10, 0.10111164010963784, 0.10111162368014803]
v_opt: [0.010223786568228272, 0.10111162403517188]
solution time: 0.005918979644775391
McCormick lower bound: -5.001140052978685

