x_opt: [0.5258472366781626, 0.8988883195862618, 0.10111166653848878, 0.8988884154745815, 0.10111167494267687, 0.10111166784423462, 0.10111166332631008, 0.8988883303877216, 0.10111166321161838, 0.10111168220659682]
w_opt: [0.5258472347933851, 0.10111166518114492, 0.5258472348798465, 1.4152933703771271e-7, 0.10111166537352045, 1.3997605982076985e-8, 0.42473557053866334, 2.0302433181754266e-9, 0.10111167893376119, 1.0453428558359551e-8, 0.8988883180184692, 2.1505138262472724e-9, 0.1011116661986625, 1.345459582250369e-9, 0.8988883181172104, 1.7156709163410684e-9, 3.4825632669544326e-9, 0.10111166533603459, 0.10111165179458852, 0.10111166398788539, 0.10111166179441892, 3.6411781228452245e-8, 1.7707063264574187e-9, 4.558459105431069e-9, 9.480103505443539e-8, 1.370654581742463e-7, 0.10111165729295625, 0.8988883258642529, 8.311483894895042e-8, 0.1011116795837994, 3.5519325441465343e-9, 0.10111165566115159, 7.675497035510583e-9, 2.2027914530302575e-9, 1.3160754575209727e-9, 1.2684680250794268e-9, 3.3332182404989026e-9, 0.10111166024828049, 3.138752006268771e-8, 1.4692106743998375e-8, 0.10111166111473414, 1.24604709738872e-9, 2.5931085375061676e-9, 0.10111167675589655, 0.10111165839845201]
v_opt: [0.010227837661417973, 0.10111166024379953]
solution time: 0.00477290153503418
McCormick lower bound: -5.362506336587606

