x_opt: [0.5258452543857881, 0.8988869812227416, 0.1011130143093744, 0.8988892838395977, 0.10111301532539435, 0.1011129922334128, 0.10111301463636421, 0.8988869885983033, 0.10111298679919871, 0.10111302025929693]
w_opt: [0.5258452533512717, 0.10111301358240066, 0.5258452535469776, 1.5905495712397669e-7, 0.10111299100764833, 7.842226845622873e-9, 0.42473224492820744, 9.752222028361262e-10, 0.10111301877078224, 7.194718719514932e-9, 0.8988869805046078, 1.7110330519601924e-9, 0.10111299145900925, 8.551960302591003e-10, 0.8988869804986525, 8.680115418185016e-10, 2.775167097120156e-9, 0.10111301371628639, 0.101113006783368, 0.10111299090845731, 0.10111301292913955, 2.6370682827151208e-8, 9.050835986480732e-10, 2.349415547865066e-9, 2.30112261135197e-6, 2.2894071530559987e-6, 0.10111301141004571, 0.8988869865490257, 2.2723521149614232e-6, 0.10111301885475191, 1.8481640012334624e-9, 0.10111300980053045, 4.999813679994452e-9, 1.1216028117641503e-9, 6.156982699365162e-10, 6.863000444768894e-10, 1.8208536504731183e-9, 0.10111298536114469, 2.5518703509612806e-8, 1.1245864619615589e-8, 0.10111298587006205, 6.662988856512455e-10, 1.1107629854923767e-9, 0.1011130175794437, 0.10111298451469182]
v_opt: [0.01022404102137595, 0.10111298516858687]
solution time: 0.005846977233886719
McCormick lower bound: -6.050159987701633

