x_opt: [0.5258472917062913, 0.8988883176338854, 0.10111166156552248, 0.8988883751854565, 0.10111166934346283, 0.10111162172747293, 0.10111166630202162, 0.8988883329963523, 0.10111162168850485, 0.10111168992521768]
w_opt: [0.525847290966088, 0.10111166096633399, 0.5258472909524439, 6.056874711753188e-8, 0.1011116207755705, 5.893203582421688e-9, 0.42473562633663453, 1.1016872322188686e-9, 0.1011116881581123, 2.8358164882698203e-9, 0.8988883169544215, 1.4528595452847898e-9, 0.1011116208754345, 7.026319880901922e-10, 0.8988883170462293, 6.914329657994815e-10, 8.365901175148277e-9, 0.10111166088905839, 0.10111165800556915, 0.10111161995328802, 0.10111166077871236, 2.364826184975925e-8, 8.267334693880547e-10, 2.4394206050396322e-9, 4.628970241534007e-8, 1.5153255746489106e-8, 0.10111166261913113, 0.8988883295338607, 3.074469070540585e-9, 0.10111168903275074, 1.6032484193215339e-9, 0.10111165975442017, 3.829430212845905e-9, 1.1581871781394127e-9, 5.636968934290247e-10, 4.885161053323552e-10, 1.2104861039011757e-9, 0.10111161946528908, 1.287362629762785e-8, 7.047802173657498e-9, 0.10111162082932781, 5.19423619408002e-10, 9.138840650954682e-10, 0.10111168786286408, 0.10111161926285911]
v_opt: [0.010223829808602236, 0.10111162046473676]
solution time: 0.009755849838256836
McCormick lower bound: -3.7711096107867466

