x_opt: [0.36225568377094697, 0.6377443141687535, 0.2239031114270451, 0.7760968879357162, 0.3622556846458185, 0.22390311428747553, 0.2239031112972883, 0.6377443142018702, 0.22390311191348988, 0.36225568579406725]
w_opt: [0.36225568369032324, 0.22390311139283536, 0.3622556837256637, 9.2280673928252e-9, 0.22390311415780728, 5.734798277881043e-9, 2.578523897557936e-9, 2.7083709657280106e-11, 0.362255682368753, 4.959387976676355e-11, 0.6377443141218236, 1.1734522702970595e-10, 0.22390311425932716, 1.9993147108434474e-11, 0.6377443140507053, 2.2998827950054932e-11, 5.581165473699303e-11, 0.2239031113925327, 0.22390311132531904, 0.2239031113520519, 0.22390311127033616, 6.21622148525635e-11, 3.438901924800028e-11, 7.700109428388416e-11, 0.1383525726170159, 3.014479076424097e-9, 0.22390311099337207, 0.6377443141424642, 3.065662894568516e-10, 0.3622556857137547, 9.07490511256911e-11, 0.22390311115605804, 6.153000211283093e-11, 4.419775435541986e-11, 6.780132056933042e-11, 5.804148584192163e-11, 3.743121553207367e-11, 0.22390311189563092, 1.2114456634447991e-9, 1.2033496296802527e-10, 0.22390311126615303, 3.118703958415792e-11, 3.2359016654975754e-11, 0.3622556855668656, 0.22390311182978986]
v_opt: [0.050132647084969145, 0.22390311185332404]
solution time: 0.004739999771118164
McCormick lower bound: -1.773666246189931

