x_opt: [0.5258472345809684, 0.898888242988166, 0.10111175670875226, 0.8988883586200813, 0.10111175712134793, 0.10111164649327951, 0.10111175700097967, 0.8988882445948448, 0.10111164649393012, 0.10111175706333488]
w_opt: [0.525847234498801, 0.1011117566435961, 0.5258472345165336, 4.5160320081084834e-9, 0.1011116463988034, 5.470448602037395e-10, 0.4247354793503841, 8.683969698457883e-11, 0.10111175692273149, 4.009782112662738e-10, 0.8988882429308974, 1.7134120295123972e-10, 0.10111164642607956, 6.716875467441077e-11, 0.8988882429330051, 6.820357338912628e-11, 1.3147704429544851e-10, 0.10111175665448302, 0.10111175646368878, 0.1011116463857542, 0.10111175664072868, 2.5842423972232966e-9, 7.698650628045015e-11, 2.105428805623699e-10, 1.1587606702169646e-7, 6.344288132708867e-9, 0.10111175672474682, 0.8988882444275654, 5.239448410954891e-9, 0.1011117569656192, 1.5158086509820002e-10, 0.10111175676329318, 1.8104582924825493e-9, 9.870651618938754e-11, 4.8310756163984947e-11, 5.348075719297146e-11, 1.1615167576304183e-10, 0.10111164637546588, 1.5617359392926387e-9, 1.8113558197524838e-9, 0.10111164641831782, 5.4447836210647406e-11, 7.500242224625473e-11, 0.10111175687305711, 0.1011116463139004]
v_opt: [0.010223625055731825, 0.10111164636313882]
solution time: 0.005376100540161133
McCormick lower bound: -5.080297878312027

