x_opt: [0.3622556974473329, 0.6377443160024673, 0.22390326878113778, 0.7760969802530435, 0.362255670003496, 0.2239030576581224, 0.22390330622812135, 0.6377443457172461, 0.22390303601415887, 0.36225564904872604]
w_opt: [0.36225569507262284, 0.2239032665941007, 0.36225569549217423, 9.161147465392588e-7, 0.2239030541722787, 1.1661141393471661e-7, 5.6025053202429976e-8, 2.0943114431483236e-9, 0.3622556309839151, 1.6469987041717478e-8, 0.6377443126999832, 1.831252922970636e-8, 0.22390305578008174, 2.9472944067717317e-9, 0.637744309709157, 2.445388776826275e-9, 9.963192513557138e-9, 0.22390326701498847, 0.2239032569999779, 0.22390304941358077, 0.22390326716094394, 5.7074365034007446e-8, 2.4703089004011586e-9, 1.2968367852219166e-8, 0.13835266183031428, 1.8275400063702486e-7, 0.22390326972764346, 0.6377443229079188, 8.053585267973245e-8, 0.3622556460875722, 1.1361930818134913e-8, 0.22390328104151216, 2.3033917968049957e-8, 4.923281572743996e-9, 4.4458037604129615e-9, 3.61866592864701e-9, 5.703534300824717e-9, 0.22390302533260772, 8.73436637161313e-8, 2.8737958034935962e-8, 0.22390303153928764, 3.492412773167705e-9, 6.662482838363921e-9, 0.3622556268772061, 0.22390302367557613]
v_opt: [0.05013280796188995, 0.2239030305037914]
solution time: 0.004391908645629883
McCormick lower bound: -2.188210449140732

