x_opt: [0.2961820465333965, 0.7449547474656092, 0.2550452424038141, 0.9999994666505884, 0.25504525233939485, 0.2550452421733848, 0.25504524239860377, 0.7449547477254178, 0.25504524201630996, 0.2550452523535513]
w_opt: [0.29618204643277685, 0.255045242343134, 0.29618204642388984, 4.4369146695483975e-9, 0.25504524204354856, 1.0598180659570915e-9, 0.04113679441005662, 8.365011745273528e-11, 0.2550452521845165, 2.3244278538468528e-10, 0.7449547473624556, 1.728210388142758e-10, 0.255045242095653, 5.042640645862032e-11, 0.7449547473440163, 6.705448654093337e-11, 8.458595988263115e-11, 0.2550452423370072, 0.25504524206017165, 0.2550452419231148, 0.25504524222060665, 7.19937662460662e-10, 8.32261828662084e-11, 1.7796456601505488e-10, 0.255044719175359, 0.2550447097368311, 0.25504524206593304, 0.7449547475109604, 0.25504470883373026, 0.2550452522168718, 1.6031715877115897e-10, 0.2550452421578485, 1.908095361669986e-10, 9.735598866598296e-11, 8.356720030429358e-11, 7.566541809039635e-11, 1.1202304009635464e-10, 0.2550452418610721, 1.1511257673930418e-9, 3.012915784284705e-10, 0.2550452418936177, 6.302911233481106e-11, 1.6532747150571768e-10, 0.2550452519536132, 0.2550452418022498]
v_opt: [0.06504809636992065, 0.255045241879611]
solution time: 0.0047760009765625
McCormick lower bound: -3.0845261411246585

