x_opt: [0.5258494838500585, 0.8988725466968999, 0.10110785370825573, 0.8988921426396999, 0.10110785747683988, 0.10110785664043678, 0.10110785684299069, 0.8988921424622281, 0.101107856845803, 0.10112745631348326]
w_opt: [0.525849483829227, 0.10110785368657006, 0.5258494838053576, 4.738653880802522e-9, 0.10110785659229778, 3.816391991468398e-10, 0.4247416263840784, 6.673807184524101e-11, 0.10112745622887258, 7.26462874236897e-11, 0.898872546655247, 6.974011246251801e-11, 0.10110785657659199, 2.27224735730585e-11, 0.8988725466686911, 2.5335276792666217e-11, 3.036072603768577e-9, 0.10110785365796877, 0.10110785353559806, 0.10110785357368846, 0.10110785366695813, 1.699312244160173e-9, 3.901090890068976e-11, 1.3247344297147314e-10, 1.9288378041310738e-10, 5.22006369643714e-10, 0.10110785650639409, 0.8988921423126167, 8.609902461881412e-11, 0.10112745627925225, 7.313516438074104e-11, 0.1011078565557164, 9.95905246837025e-11, 6.280376010855715e-11, 3.7553356264084895e-11, 1.849237417727369e-11, 3.865595543692654e-11, 0.10110785659949202, 7.207137343607187e-10, 1.238172238611295e-10, 0.10110785676476965, 1.993907328312579e-11, 5.3681060098935694e-11, 0.1011274561903533, 0.10110785672354952]
v_opt: [0.010222866358890815, 0.1011078567989528]
solution time: 0.007946968078613281
McCormick lower bound: -2.1262289183077305

