x_opt: [0.3622556704309869, 0.6377442956889711, 0.22390316714686603, 0.7760969412850144, 0.3622556847488747, 0.2239031244485888, 0.2239031704605191, 0.6377443204581484, 0.2239030647023076, 0.3622557005770208]
w_opt: [0.36225566904245626, 0.2239031664530589, 0.36225566961614414, 5.736688915992301e-7, 0.22390312314666908, 5.089113460009885e-8, 2.5770466979332924e-8, 7.065527608684334e-10, 0.36225563381545184, 2.1153015514920837e-9, 0.637744294670183, 3.4364253838353275e-9, 0.22390312379427382, 6.049893484857634e-10, 0.6377442933813747, 5.843147064521493e-10, 1.8478594142194888e-9, 0.22390316632135587, 0.22390316473638094, 0.2239031218131465, 0.223903166513679, 5.9299032448745314e-9, 8.4426655479449e-10, 2.018687717326993e-9, 0.13835262762938347, 1.078301835456715e-7, 0.22390316393634005, 0.6377443178437855, 3.6931223437662126e-8, 0.36225569940716973, 1.826707610901016e-9, 0.22390316597666113, 6.812284350315403e-9, 1.1149053051293585e-9, 6.940090526866709e-10, 1.0514037534741382e-9, 1.130085413314817e-9, 0.22390306286961956, 2.004858265968521e-8, 4.348664605487864e-9, 0.22390306316684397, 7.444494928033658e-10, 1.0856741772079607e-9, 0.362255696704443, 0.22390306230864546]
v_opt: [0.05013264094553043, 0.22390306319186998]
solution time: 0.0057909488677978516
McCormick lower bound: -2.1481362497188212

