x_opt: [0.5258473357995288, 0.898888349873689, 0.10111162592553072, 0.8988884206487662, 0.10111164341703638, 0.10111159402377327, 0.1011116273525287, 0.898888375753452, 0.10111159258519486, 0.10111173743080847]
w_opt: [0.525847335472989, 0.10111162558867673, 0.5258473355017315, 5.583453737891488e-8, 0.10111159355634125, 2.8889046358049426e-9, 0.4247357127864715, 5.472966203935062e-10, 0.1011117358602684, 3.884163072028736e-9, 0.8988883496250812, 1.083795761369735e-9, 0.1011115936601947, 4.0961646370700084e-10, 0.8988883496285703, 3.313199150399228e-10, 8.758915914512128e-8, 0.10111162567250002, 0.10111161922501907, 0.10111159355965406, 0.10111162547034144, 1.9046579952537498e-8, 3.820341023517231e-10, 1.4472828132214999e-9, 6.47222572865353e-8, 1.871106503932238e-8, 0.10111162558336963, 0.8988883678153192, 1.345932320039158e-8, 0.10111173698893898, 8.713712526676162e-10, 0.10111162208177592, 2.009305745164235e-8, 6.210428549060883e-10, 2.3760094077428545e-10, 2.1005203322887746e-10, 1.0496645139249835e-9, 0.1011115914269528, 1.117003000966985e-8, 8.26991466446549e-9, 0.10111159230291068, 2.29194976151464e-10, 5.791665509984805e-10, 0.10111173648773134, 0.10111159179078287]
v_opt: [0.010223569881655308, 0.10111159200212412]
solution time: 0.00508880615234375
McCormick lower bound: -5.222302368930322

