x_opt: [0.36225570061908147, 0.6377443260705353, 0.22390305928343288, 0.776096946463439, 0.36225559743248514, 0.22390314434552794, 0.2239030717990996, 0.6377443709311681, 0.22390302344257054, 0.36225564860547305]
w_opt: [0.3622556820870359, 0.22390305507131272, 0.36225569426350385, 1.434034047669442e-6, 0.22390313301922754, 6.456016827547447e-7, 1.242192848215735e-6, 4.78738020295238e-9, 0.36225558485163256, 8.218257484846563e-9, 0.6377443182425567, 5.662527342736211e-8, 0.22390313991430083, 4.036644023054785e-9, 0.6377442747543599, 3.815838728789617e-9, 1.0050580141170746e-8, 0.22390305385361509, 0.2239030518622524, 0.22390304560834967, 0.22390304887767812, 2.8105896516419888e-8, 5.868463905610221e-9, 1.5792043190439222e-8, 0.13835255605883667, 1.2685539418092135e-7, 0.22390300321855564, 0.6377443501429506, 1.4798392197282466e-7, 0.3622556373031949, 1.4966814920308038e-8, 0.2239030066301524, 7.787904427863099e-8, 8.371598347288896e-9, 8.002566879921499e-9, 7.510106245205404e-9, 5.056503912785614e-9, 0.2239029781991245, 1.1579702457076724e-7, 5.277322031904978e-8, 0.22390300550125455, 5.133971250811378e-9, 6.650781536524589e-9, 0.36225558513693407, 0.22390301189582731]
v_opt: [0.050133099732200925, 0.22390301374404867]
solution time: 0.005381107330322266
McCormick lower bound: -1.9786386441244144

