x_opt: [0.3171781631538403, 0.7590274453974443, 0.24097255182445573, 0.9907558501000026, 0.240972553164595, 0.24097255094940123, 0.24097255135607956, 0.759027447063172, 0.24097254716327868, 0.24097255431946454]
w_opt: [0.31717816294699863, 0.24097255170864235, 0.3171781629558105, 8.435713004758855e-8, 0.2409725505858381, 7.373687719446148e-9, 0.0762056112167668, 1.9488486481522493e-10, 0.24097255385422214, 1.1848062988461722e-9, 0.7590274451877188, 5.649478625476776e-10, 0.24097255080919747, 1.1442669160060847e-10, 0.75902744514813, 1.7207574172029924e-10, 3.4100725796998715e-10, 0.2409725517141086, 0.2409725505841288, 0.24097254990966166, 0.2409725510439434, 5.043878107294599e-9, 1.996034433311461e-10, 8.275082321640029e-10, 0.2317284038804844, 0.23172840287915542, 0.24097254945566596, 0.7590274460188341, 0.23172839821114108, 0.24097255388262095, 7.155405643284916e-10, 0.24097255032414414, 7.643941166533437e-10, 3.193127858547068e-10, 2.7668966175211985e-10, 1.824709628992778e-10, 4.851678022567915e-10, 0.24097254670049392, 1.1840504871748529e-8, 1.893547535256982e-9, 0.24097254691586087, 1.3432237719144416e-10, 6.32160503896221e-10, 0.24097255255383532, 0.2409725465171188]
v_opt: [0.05806827198363638, 0.24097254677988106]
solution time: 0.004549980163574219
McCormick lower bound: -3.7187847168326935

