x_opt: [0.4612735542428207, 0.8556076317922487, 0.1443923608059814, 0.927317216766865, 0.14439236721360554, 0.14439231086082746, 0.14439236222155036, 0.8556076389080937, 0.14439228565716647, 0.14439236844462727]
w_opt: [0.46127355262295033, 0.1443923597384723, 0.4612735530859077, 5.366239163965203e-8, 0.14439230914766327, 1.018098025757557e-8, 0.31688119611433546, 1.3023610650991092e-9, 0.1443923662982529, 6.708336116357244e-9, 0.855607630760329, 2.4488772943843782e-9, 0.14439230981406495, 1.0698191662612145e-9, 0.8556076306903778, 1.1879572722376168e-9, 2.118136644888316e-9, 0.1443923599440908, 0.1443923547609827, 0.14439230900562552, 0.14439235920763382, 2.5686418452532636e-8, 1.2759598328987908e-9, 3.170288352147761e-9, 0.07170958660770047, 0.07170954411077475, 0.1443923579178333, 0.8556076360062429, 0.07170950467998477, 0.14439236650809092, 2.5477210856679803e-9, 0.1443923584823715, 7.622059154388632e-9, 1.5269420851471904e-9, 8.573075470778433e-10, 1.0649842676452066e-9, 2.1887369041567756e-9, 0.1443922839026401, 2.2084502452238695e-8, 7.685132782772205e-9, 0.1443922842902349, 9.973030401179904e-10, 1.4944630254811651e-9, 0.1443923647724193, 0.1443922825456712]
v_opt: [0.020849172835947765, 0.14439228331316792]
solution time: 0.006826162338256836
McCormick lower bound: -5.615025149541079

