x_opt: [0.5258567853504008, 0.8988941258747942, 0.10110501297343434, 0.8988948976651513, 0.10110506685334483, 0.10110497084141601, 0.10110503150630985, 0.8988949133653309, 0.10110496268711344, 0.10111811897102825]
w_opt: [0.5258567718214207, 0.10110500066534334, 0.525856768824597, 4.066985737958596e-6, 0.10110494953396305, 1.6134047148327423e-7, 0.4247517377774787, 3.0311462086136283e-8, 0.10111805829444309, 8.856921439292229e-8, 0.8988941107886053, 2.436941962636695e-8, 0.10110494854789694, 1.346222302276595e-8, 0.8988941146514772, 1.6206071004769695e-8, 1.2253951416152072e-5, 0.10110499778530818, 0.10110484478519971, 0.10110490992050407, 0.10110498611336602, 1.2186375753738178e-6, 1.895755484907951e-8, 7.338182137175601e-8, 2.6951558216932497e-8, 2.790467005309971e-7, 0.10110490975420365, 0.8988947854851967, 6.127161004808594e-8, 0.10111810026253042, 3.989296822541467e-8, 0.10110479918339078, 4.6135017761813536e-8, 3.1911645753441164e-8, 1.599026662116588e-8, 9.483769337433114e-9, 3.120927993397972e-8, 0.10110492755940942, 3.79546997937699e-7, 4.903293743351492e-7, 0.10110494147809293, 1.0202373262477039e-8, 2.8283911204453833e-8, 0.10111806852816886, 0.10110491109365999]
v_opt: [0.010225184557854377, 0.1011049372170159]
solution time: 0.0057849884033203125
McCormick lower bound: -3.6128165436669177

