x_opt: [0.5258472936411304, 0.8988883580477867, 0.1011116416927648, 0.8988883885625915, 0.10111164132671356, 0.10111162516505232, 0.10111164165426179, 0.8988883586620247, 0.10111162478814471, 0.101111642213186]
w_opt: [0.5258472936189666, 0.10111164167351182, 0.5258472936165741, 2.62303844201554e-8, 0.10111162513089847, 3.8517971066678435e-10, 0.42473565235304467, 2.8479682236831734e-11, 0.10111164210426725, 1.4867354260597267e-10, 0.8988883580261623, 3.131840050871376e-11, 0.10111162514187381, 1.6084459784631353e-11, 0.8988883580309633, 2.510930088888861e-11, 2.8232683475990986e-10, 0.10111164167562228, 0.10111164110740445, 0.10111162511292343, 0.10111164160624352, 1.4661733114222645e-9, 2.4061150529606908e-11, 6.929134384694576e-11, 2.9958968303670576e-8, 1.5170628707337783e-8, 0.10111164154111565, 0.8988883585873912, 1.3530374264671772e-8, 0.10111164217681105, 5.419213656569604e-11, 0.10111164116585569, 3.732342552219073e-11, 3.408012807930059e-11, 1.941434802037376e-11, 1.5960794627292206e-11, 5.893185822648293e-11, 0.10111162475963967, 1.6048818919814242e-9, 4.780093015043875e-10, 0.10111162476055212, 1.559091310093971e-11, 5.714634621727786e-11, 0.10111164212149829, 0.10111162467369682]
v_opt: [0.010223575070451291, 0.10111162474963493]
solution time: 0.005118131637573242
McCormick lower bound: -4.713437820797914

