x_opt: [0.5258471042820229, 0.898887826471434, 0.1011117500121863, 0.8988882423071451, 0.10111196620829087, 0.10111174924763772, 0.10111175114920717, 0.898888033765474, 0.10111175591430234, 0.1011121913020914]
w_opt: [0.5258470995356437, 0.10111174629378979, 0.5258470955350831, 2.0583879282555853e-6, 0.10111173785677172, 1.199365089941128e-7, 0.4247351471851704, 9.302845514714401e-9, 0.10111217795177103, 1.5351362533589205e-8, 0.8988878184421142, 1.2286636652716587e-8, 0.1011117408342557, 3.5190075242678983e-9, 0.8988878207087561, 4.650597835905423e-9, 2.381917167417329e-8, 0.10111174419346655, 0.1011117136241502, 0.10111171515875467, 0.10111173994958553, 1.24489131833482e-7, 6.3356835484392745e-9, 1.7138241085290744e-8, 2.2212060041783472e-7, 1.299649227859111e-7, 0.10111170689922351, 0.8988880107293516, 3.259944333234958e-8, 0.10111218351134768, 1.2956903193546466e-8, 0.10111171546200198, 1.9520023474341292e-8, 9.88340851636871e-9, 8.419152458525364e-9, 3.500426327767176e-9, 7.3418414320278506e-9, 0.10111173795532266, 9.986782603320756e-8, 3.376656125915834e-8, 0.10111174391794103, 3.5827468866159134e-9, 1.3496234667501937e-8, 0.101112163874231, 0.10111173616846317]
v_opt: [0.010223950004205784, 0.1011117476447856]
solution time: 0.006144046783447266
McCormick lower bound: -2.576353256810282

