x_opt: [0.5258470777986252, 0.8988882094501272, 0.10111177642830697, 0.8988884724944135, 0.10111178950507825, 0.1011117739128731, 0.10111177689416681, 0.8988882108863333, 0.1011117735061306, 0.10111178991444074]
w_opt: [0.525847077293653, 0.1011117760912405, 0.5258470771220999, 5.1239305410506254e-8, 0.10111177315045203, 5.636183764750539e-9, 0.42473528949830147, 5.421683024247558e-10, 0.10111178884911924, 1.5381210870661055e-9, 0.8988882088740725, 9.777460182479772e-10, 0.10111177340995348, 2.863287054182553e-10, 0.8988882088470094, 4.069290503558627e-10, 4.858241044130817e-10, 0.10111177604575786, 0.10111177376311577, 0.10111177265817449, 0.10111177548379789, 6.408174669957172e-9, 4.879644061941726e-10, 1.1067402999467225e-9, 2.630796643793081e-7, 2.526693704204576e-7, 0.10111177488624502, 0.8988882096879459, 2.47010237374492e-7, 0.10111178913186168, 9.514932324359866e-10, 0.10111177518788256, 1.1526773779364165e-9, 5.93482499813402e-10, 5.066045389619411e-10, 3.7562766326742855e-10, 6.584544485798187e-10, 0.10111177250381768, 7.666990095969523e-9, 2.1945391269269833e-9, 0.10111177288024215, 3.3805920684837235e-10, 1.0485864590113152e-9, 0.1011117876109501, 0.10111177218303215]
v_opt: [0.010223602758602162, 0.10111177274667346]
solution time: 0.005251884460449219
McCormick lower bound: -3.3662004034174156

