x_opt: [0.4954023714111878, 0.8784825979907422, 0.12151740163367156, 0.9122919008642678, 0.12151740197501035, 0.12151740127674537, 0.12151740166830724, 0.8784825980805188, 0.12151740121604723, 0.12151740198672682]
w_opt: [0.4954023713808297, 0.1215174016136408, 0.49540237138078325, 1.2449208336902558e-9, 0.12151740123735176, 2.5612362453549265e-10, 0.3738849695424814, 2.849294507239191e-11, 0.1215174019353987, 9.737848286750202e-11, 0.8784825979641131, 5.208988460402469e-11, 0.1215174012520153, 1.766857905637333e-11, 0.8784825979615534, 2.3398042826092442e-11, 3.073855684585324e-11, 0.1215174016141022, 0.12151740150402128, 0.12151740122706749, 0.12151740159335853, 3.741300487571709e-10, 2.6704290095915938e-11, 6.230132873439755e-11, 0.033809302896516395, 0.03380930244350678, 0.12151740157089198, 0.8784825980169405, 0.03380930213157491, 0.12151740194472005, 5.251453512952645e-11, 0.12151740158972772, 9.036227227471656e-11, 3.212646684431027e-11, 2.269347986529844e-11, 2.152489613105382e-11, 4.027751458633399e-11, 0.12151740116892318, 3.950942047486369e-10, 1.0395227906380242e-10, 0.12151740118553496, 1.956472904561148e-11, 4.3283417230625586e-11, 0.12151740188715221, 0.12151740114639062]
v_opt: [0.014766485829612598, 0.1215174011714672]
solution time: 0.0074770450592041016
McCormick lower bound: -4.1502032417887795

