x_opt: [0.6719726646045284, 0.999999088639537, 9.051354002677587e-7, 0.9999991361259937, 9.101746689359072e-7, 8.647600162631913e-7, 9.085348410865406e-7, 0.9999990957663111, 8.642631648609324e-7, 0.19125147964796083]
w_opt: [0.6719726640976129, 9.047070952701705e-7, 0.6719726641883249, 1.985774590365111e-8, 8.641809197569832e-7, 3.2750890444044712e-9, 0.6719717614415055, 6.883420737362653e-10, 0.1912514787563577, 1.895155750518954e-9, 0.9999990882544139, 8.979507784013514e-10, 8.642410408267812e-7, 5.260619218470898e-10, 0.9999990882879065, 4.6064629204107134e-10, 0.19125056869058857, 9.046982738793955e-7, 9.032704059416851e-7, 8.639305403401309e-7, 9.047138561932636e-7, 1.0871161046642366e-8, 5.491683970462915e-10, 1.7010143708076723e-9, 4.712995939646974e-8, 1.131411557681489e-8, 9.064192083007303e-7, 0.9999990945581826, 1.889897108816466e-9, 0.19125147908872528, 1.0239232006922097e-9, 9.066252201439485e-7, 6.714577404418122e-9, 7.327022482547706e-10, 3.0957492534774147e-10, 3.2928229156916823e-10, 7.9247729456359e-10, 8.633440076261318e-7, 9.859881839738249e-9, 5.627321415877826e-9, 8.637301853225065e-7, 3.5862571221862057e-10, 4.5404228934159637e-10, 0.19125147849821558, 8.628876888467111e-7]
v_opt: [5.451354579726846e-8, 8.634165454170098e-7]
solution time: 0.0057179927825927734
McCormick lower bound: -4.194990955022899

