x_opt: [0.4907317051036343, 0.8354885198442921, 0.16451147839964125, 0.8850719327922303, 0.1645114798746475, 0.11492807066916466, 0.16451147890016984, 0.8354885210221142, 0.11492806872706811, 0.16451148054488757]
w_opt: [0.4907317049091243, 0.1645114782669345, 0.4907317049743049, 6.6407750651442096e-9, 0.11492807048215817, 1.2083486143256782e-9, 0.326220226488895, 1.6052262478012484e-10, 0.1645114802913753, 6.112404188851374e-10, 0.8354885197198377, 2.7802231381133516e-10, 0.11492807054003122, 1.3831221904860423e-10, 0.8354885197125987, 1.3453841890806268e-10, 5.632621355801837e-10, 0.16451147827997178, 0.16451147782178305, 0.11492807043021652, 0.16451147825604454, 2.7603132946625164e-9, 1.5787827406409574e-10, 4.047331244588757e-10, 0.0495834129452916, 6.295503902146194e-9, 0.16451147831100205, 0.8354885206542371, 1.8193944288384853e-9, 0.16451148034647448, 3.0133508597691606e-10, 0.16451147842141456, 1.0994348734204338e-9, 1.9178180317675167e-10, 9.688826885400869e-11, 1.2717232944232964e-10, 2.493689974347041e-10, 0.11492806852422148, 2.8622511761700946e-9, 7.17246975931051e-10, 0.11492806855187249, 1.2177384832044706e-10, 1.545846895967384e-10, 0.16451148014526, 0.11492806833445236]
v_opt: [0.02706409509581088, 0.1149280684492408]
solution time: 0.006815195083618164
McCormick lower bound: -4.289590527616844

