x_opt: [0.5257408417416229, 0.8987184187321432, 0.10119153385247862, 0.8988084693796653, 0.10128158071658379, 0.10119153319229188, 0.10119153843001477, 0.898718419481461, 0.1011915333993707, 0.10128158116993168]
w_opt: [0.5257408415956193, 0.1011915337473789, 0.525740841541703, 8.133829904461967e-9, 0.10119153298077338, 1.6749362255361272e-9, 0.42445926146409024, 1.8311211353695636e-10, 0.10128158083570485, 3.352631998516176e-10, 0.8987184185396035, 3.5630299706585866e-10, 0.10119153301692216, 9.404669147905274e-11, 0.8987184185509796, 1.1371491086538164e-10, 1.8656866110161012e-10, 0.10119153369917169, 0.10119153333294395, 0.10119153265203348, 0.10119153367670894, 9.71974443236435e-10, 1.573771436591474e-10, 3.659647534220157e-10, 9.0050373537058e-5, 4.693618281915507e-9, 0.10119153764294449, 0.8987184190866968, 3.102479661381868e-9, 0.10128158097598576, 2.874554012680587e-10, 0.10119153788354879, 4.494675858368975e-10, 1.9740729493057152e-10, 1.530781935336875e-10, 1.1071099726045456e-10, 1.7671002420036234e-10, 0.10119153294005084, 2.0913278625508923e-9, 4.42629745490072e-10, 0.10119153321374415, 1.0313415597569659e-10, 2.4301343306590167e-10, 0.10128158054794137, 0.10119153298678926]
v_opt: [0.01024087152098923, 0.1011915331750099]
solution time: 0.005120038986206055
McCormick lower bound: -2.3882158874813726

