x_opt: [0.5258474299842832, 0.8988877789934253, 0.10111216731141955, 0.8988887099441218, 0.10111216987492137, 0.10111137097289064, 0.1011121748597079, 0.8988878639128591, 0.10111133603680725, 0.10111317330009002]
w_opt: [0.5258474286375079, 0.10111216593657611, 0.5258474289585542, 8.14879833757563e-7, 0.10111136939635575, 1.317880254189241e-8, 0.4247352978995231, 1.7030582951312108e-9, 0.10111317131905131, 6.553982640334787e-9, 0.8988877780042179, 2.1148785029727667e-9, 0.10111136976088103, 1.2655088893468701e-9, 0.8988877781220176, 1.2068419185426428e-9, 9.531979091599151e-7, 0.10111216626852533, 0.10111215741419285, 0.10111136860986263, 0.10111216610042328, 7.411453386966731e-8, 1.4632593578023385e-9, 4.734507492226894e-9, 8.825864347850059e-7, 1.1937482932042593e-7, 0.10111216556060872, 0.8988878601840272, 5.3387898422340926e-8, 0.10111317165645804, 3.133788983337521e-9, 0.10111216441103431, 3.5934411745025555e-8, 2.3112518839731234e-9, 8.047025215904123e-10, 9.347934129116525e-10, 2.2845979912080043e-9, 0.10111133401278814, 7.974082932764255e-8, 4.587610441043954e-8, 0.10111133462798058, 9.097605467685446e-10, 1.32268219766377e-9, 0.10111316992739841, 0.1011113318595375]
v_opt: [0.010226738578658794, 0.10111133338512483]
solution time: 0.005478858947753906
McCormick lower bound: -4.337990231771416

