x_opt: [0.525846995113707, 0.8988881582081875, 0.10111183134655136, 0.8988885172195545, 0.10111184001168712, 0.10111183051269274, 0.10111183257613443, 0.89888816194041, 0.10111182590048241, 0.10111184206634653]
w_opt: [0.5258469943136854, 0.10111183076103905, 0.5258469944167923, 5.7905173406643505e-8, 0.10111182950339236, 6.932964908830382e-9, 0.4247351592884938, 7.731805343164506e-10, 0.10111184080163457, 2.684880976427595e-9, 0.8988881575697288, 1.2676509250002748e-9, 0.10111182988034119, 5.01924819527434e-10, 0.8988881575206755, 6.274030536119204e-10, 1.2361616351035836e-9, 0.10111183082166532, 0.10111182818560725, 0.10111182934952206, 0.10111183053780388, 1.2200092027606054e-8, 7.014570597951172e-10, 1.8056425833302642e-9, 3.5865862710310467e-7, 3.618729234466803e-7, 0.10111182975903729, 0.8988881602552619, 3.445078323969792e-7, 0.10111184106699088, 1.4330043430424921e-9, 0.10111183046198015, 2.8979808028871625e-9, 8.927116343479412e-10, 5.523532132511859e-10, 5.481065334196339e-10, 1.096183821346674e-9, 0.10111182479400424, 1.4090786261165491e-8, 2.75675126485357e-9, 0.10111182512608873, 5.152498506581208e-10, 9.66415237673746e-10, 0.10111183973653161, 0.10111182405106914]
v_opt: [0.010223666599530827, 0.10111182472697366]
solution time: 0.0048160552978515625
McCormick lower bound: -4.113374380543584

