x_opt: [0.5258450862568839, 0.8988863444535513, 0.10111319864571544, 0.8988886920758662, 0.10111365765078742, 0.101113144444701, 0.10111321876542494, 0.8988863456659736, 0.1011131443391053, 0.1011136525085386]
w_opt: [0.5258450840899008, 0.10111319714629763, 0.5258450835295735, 5.672890772014902e-7, 0.10111314121372875, 2.325666593392464e-8, 0.42473143576361494, 2.455085697592984e-9, 0.1011136473656658, 7.814012341716236e-9, 0.8988863422090421, 4.5836733818043244e-9, 0.10111314222282027, 1.3150584272297676e-9, 0.8988863418412428, 1.8187159283338659e-9, 1.5404842159537313e-9, 0.10111319699996511, 0.10111318380771463, 0.10111314173470096, 0.10111319832531089, 3.4591494758785575e-8, 2.1466229013280814e-9, 5.174158014006783e-9, 2.353989652250201e-6, 1.8569490182335224e-6, 0.10111320996476524, 0.8988863406548694, 1.8393695731009707e-6, 0.1011136492309091, 4.246560866695775e-9, 0.10111320950823639, 6.12152676240809e-9, 2.662569530935657e-9, 2.0696709533391146e-9, 1.5754063731586208e-9, 3.0069108650437127e-9, 0.10111313955367653, 4.103487536798382e-8, 1.3347135434923394e-8, 0.10111314240170832, 1.4695153894128495e-9, 4.1049105846646114e-9, 0.10111364285410192, 0.10111313832834277]
v_opt: [0.01022433248215071, 0.10111314100705436]
solution time: 0.004292964935302734
McCormick lower bound: -3.618908560942427

