x_opt: [0.3536833847924394, 0.7834950318706125, 0.21650496611395775, 0.9746841959276351, 0.21650496609710482, 0.2165048373068877, 0.21650496585059734, 0.7834950352820682, 0.21650479000083234, 0.21650496930558058]
w_opt: [0.353683383984397, 0.21650496561541435, 0.35368338425000906, 6.25804724507735e-8, 0.21650483648489763, 5.898291798793641e-9, 0.13717842187761942, 6.005167634945986e-10, 0.21650496816508413, 3.86632764909237e-9, 0.7834950313681882, 9.60361728764135e-10, 0.21650483683100769, 5.319636938767833e-10, 0.7834950313216296, 5.780663800418672e-10, 1.9410403154455948e-9, 0.21650496570995695, 0.21650496203912484, 0.21650483623966085, 0.21650496510650724, 1.5217795766973665e-8, 6.15944360854848e-10, 1.6200781444526835e-9, 0.1911891633634033, 0.191189043497061, 0.21650496332657043, 0.7834950335107891, 0.1911889873068706, 0.21650496831175955, 1.3223503015164812e-9, 0.21650496329761298, 2.1787169456327022e-9, 7.547571348024889e-10, 4.1832251152012726e-10, 5.559397961228647e-10, 1.6470788805970578e-9, 0.21650478904723014, 1.675037959329839e-8, 3.753460314594411e-9, 0.21650478932236383, 4.909178238445378e-10, 7.567986087742721e-10, 0.21650496742388087, 0.21650478838231768]
v_opt: [0.046875383242323196, 0.21650478880119697]
solution time: 0.005501985549926758
McCormick lower bound: -5.4041900360998065

