x_opt: [0.5918161366969353, 0.7376706908271154, 0.2623292787283973, 0.9999876401029871, 0.2623292875435418, 1.2915825245982235e-5, 0.2623293066171327, 0.7376707148284856, 1.2351337227920907e-5, 0.5918161371607672]
w_opt: [0.5918161333873583, 0.26232927674747497, 0.5918161350712652, 1.5251707020686504e-7, 1.2913466728073754e-5, 1.986948635957424e-8, 0.3294868579735001, 1.9371811838386487e-9, 0.5918161307281162, 6.966016174169736e-9, 0.737670689009518, 4.233292731538214e-9, 1.291420948083702e-5, 2.3060647943037316e-9, 0.7376706886374091, 1.6540715835426122e-9, 0.32948683027093306, 0.26232927674172196, 0.2623292720375408, 1.291189755486821e-5, 0.2623292771669985, 3.8710714056452896e-8, 2.1740206630502144e-9, 5.2228450422724896e-9, 0.2623169311188501, 5.916628632203491e-7, 0.26232929610442246, 0.7376707094522328, 4.671330791490888e-9, 0.5918161346912253, 4.019079442602349e-9, 0.2623292821127618, 6.802239756060924e-9, 2.6360895374736425e-9, 1.2389444365626843e-9, 2.1476739281939556e-9, 3.3267603431245934e-9, 1.2348766798909116e-5, 4.609448927105233e-8, 2.5164456999630392e-8, 1.2348313311421645e-5, 1.8607862311494784e-9, 1.942230473293416e-9, 0.5918161318643195, 1.2345417552683162e-5]
v_opt: [0.06881850170485414, 1.2347303775935134e-5]
solution time: 0.005508899688720703
McCormick lower bound: -3.0345012334802206

