x_opt: [0.5258477150055992, 0.8988878096294651, 0.10111181615774528, 0.8988888261494532, 0.10111201169910032, 0.10111121755779301, 0.1011118652713361, 0.8988879693492642, 0.10111119514675422, 0.10111358247113379]
w_opt: [0.5258477023128129, 0.1011118056763226, 0.5258477029691462, 1.583955293754652e-6, 0.10111120132621176, 9.655488057576289e-8, 0.4247357106705248, 1.873873995506644e-8, 0.10111354587608064, 5.398575642090955e-8, 0.8988877982633428, 2.365542531168723e-8, 0.10111120338378451, 1.2031812015533358e-8, 0.8988877992495903, 1.2303155856714515e-8, 1.4060924464347235e-6, 0.10111180489229249, 0.10111173300093189, 0.1011111893805298, 0.10111180034154107, 1.810957197937589e-7, 1.4126216241708706e-8, 4.238993230620592e-8, 8.712224854237735e-7, 3.0372465942796417e-7, 0.10111180332697675, 0.8988878781482524, 1.1946607098339195e-7, 0.10111356688959314, 2.8224914881334773e-8, 0.10111177722698907, 1.0819730693128504e-8, 1.9824888268220048e-8, 9.231093195755116e-9, 8.477357515075575e-9, 2.4194354992615225e-8, 0.1011111646462644, 2.1274576805078608e-7, 4.152306804525758e-8, 0.10111118041299215, 9.089381982818432e-9, 1.627345534825941e-8, 0.10111354743837779, 0.10111115759358974]
v_opt: [0.010223971482391113, 0.10111117380147847]
solution time: 0.005749940872192383
McCormick lower bound: -3.980417100006863

