x_opt: [0.31935260404526794, 0.6806474061354136, 0.31935251378957435, 0.9506478421219964, 0.3193525891089046, 0.3193525139867271, 0.3193525149215687, 0.680647411391568, 0.049352165083628906, 0.31935259393261495]
w_opt: [0.31935260250504655, 0.31935251307496415, 0.31935260328432963, 4.2963827739832055e-8, 0.31935251290732436, 1.060939293879174e-8, 1.7847619189798176e-8, 6.610136290812081e-10, 0.3193525921568888, 2.723096565726286e-9, 0.68064740528433, 1.5199201133111218e-9, 0.3193525133966045, 6.165823477013576e-10, 0.6806474049309373, 6.412857279334317e-10, 1.866884900808133e-9, 0.31935251312531815, 0.31935251095693834, 0.3193525118817764, 0.31935251272637305, 8.958441228380151e-9, 7.989434490065912e-10, 1.649357416854548e-9, 0.2700004329126119, 0.2700003682398328, 0.31935251162704864, 0.6806474091650785, 8.869318945095553e-9, 0.3193525926950723, 1.5053343883002118e-9, 0.3193525122977658, 1.866218606778492e-9, 8.790056112305378e-10, 5.822362020523582e-10, 1.0910084231509215e-9, 1.4094116299383945e-9, 0.04935216401105892, 1.3512289819208297e-8, 2.922834766028102e-9, 0.04935216388096765, 7.656435621420152e-10, 1.0672239940896928e-9, 0.31935259107290115, 0.04935216299687425]
v_opt: [0.10198620563368631, 0.049352163522634045]
solution time: 0.006262063980102539
McCormick lower bound: -3.1306190295761587

