x_opt: [0.49302104005644637, 0.8396218231327002, 0.16037817684779843, 0.8859726842347548, 0.1603781768643015, 0.1140273157884102, 0.16037817685435696, 0.8396218231421115, 0.11402731577825874, 0.16037817686991804]
w_opt: [0.4930210400548389, 0.1603781768467311, 0.49302104005533676, 5.632289109025829e-11, 0.11402731578685979, 1.0411025572130725e-11, 0.3326428632014041, 1.324827212867308e-12, 0.16037817686778483, 4.526098462784281e-12, 0.8396218231316248, 2.3107171140427028e-12, 0.11402731578732349, 1.0840120310102001e-12, 0.8396218231315674, 1.0788107137589858e-12, 4.110787077834459e-12, 0.16037817684677386, 0.16037817684323336, 0.11402731578633404, 0.16037817684662767, 2.0055605476182025e-11, 1.300210289469519e-12, 3.2727216127865574e-12, 0.04635086110133713, 4.6441065484038575e-11, 0.16037817684861633, 0.8396218231390259, 1.54925783006681e-11, 0.1603781768683003, 2.458867669672198e-12, 0.16037817684968336, 8.117061380429511e-12, 1.5792645460175774e-12, 8.284521248692176e-13, 1.0479083376647095e-12, 1.973662629998747e-12, 0.11402731577653263, 2.2750984400930047e-11, 4.650865845968579e-12, 0.11402731577678644, 9.925034299896452e-13, 1.322423725230096e-12, 0.160378176866495, 0.11402731577497925]
v_opt: [0.025721175483612226, 0.11402731577602873]
solution time: 0.005316019058227539
McCormick lower bound: -3.8915682871048927

