x_opt: [0.3193555269418684, 0.6806450762350078, 0.3193528134561414, 0.9506432036722487, 0.31935400943691095, 0.3193452976071333, 0.3193528925174653, 0.6806460995669619, 0.0493577520408897, 0.31935553932503635]
w_opt: [0.3193554878369052, 0.3193527912104257, 0.31935551262818623, 2.646041611249099e-6, 0.31934526100739474, 2.9747051066004754e-7, 1.9637584003538307e-6, 1.52192052222957e-8, 0.31935501768184543, 1.179566582582814e-7, 0.6806450602272033, 3.829727541066908e-8, 0.3193452856153595, 2.1701241378399122e-8, 0.6806450577944707, 1.4478072607932992e-8, 6.815706883086172e-7, 0.3193528006321444, 0.31935270627807116, 0.3193452103769003, 0.319352782885824, 1.5108012999761256e-6, 1.8695547528735087e-8, 5.155395238555097e-8, 0.26999726372112387, 0.26998878214782074, 0.31935277747088425, 0.6806460230268908, 1.1111978479381618e-6, 0.3193555072408961, 4.9941190707504345e-8, 0.3193526224680186, 1.6700353790678696e-7, 2.8690964714706155e-8, 1.1918789457863651e-8, 1.6911130038326315e-8, 7.605544156662834e-8, 0.04935768989197904, 5.098469478158468e-7, 4.2798577490742325e-7, 0.049357726552627, 1.4944006572071626e-8, 2.7419181307506322e-8, 0.3193554627924416, 0.049357685105263525]
v_opt: [0.10198631953628795, 0.04935770809786943]
solution time: 0.005056142807006836
McCormick lower bound: -3.825547279927497

