x_opt: [0.5258472885663361, 0.8988883455949536, 0.10111164788383348, 0.898888418569112, 0.1011116396250514, 0.1011116351254245, 0.10111164745658928, 0.8988883621552656, 0.10111160577697643, 0.10111167149641913]
w_opt: [0.5258472874195127, 0.10111164700960278, 0.5258472876255381, 2.9593455565375875e-7, 0.10111163372281846, 9.408695514155676e-9, 0.4247356531252513, 1.2642380728077232e-9, 0.10111166946255998, 7.249712770493491e-9, 0.8988883446935532, 1.3938038451462864e-9, 0.10111163412638559, 9.883863375370569e-10, 0.898888344765809, 1.0871569681834793e-9, 1.7915915590955084e-8, 0.10111164710042703, 0.10111163556879733, 0.10111163323164216, 0.10111164619596939, 4.4725467250354694e-8, 1.1208402543427413e-9, 3.138862308954316e-9, 6.066286988616247e-8, 8.905160606173062e-8, 0.10111164282090278, 0.8988883592155484, 2.6787368126734577e-8, 0.10111166998989453, 2.2724220379717104e-9, 0.10111163527570292, 3.4132393824764293e-9, 1.4470380466172443e-9, 7.278414987379034e-10, 7.810248302098008e-10, 2.3708023813490807e-9, 0.10111160442402811, 3.671461992117458e-8, 2.2955064108654505e-8, 0.10111160454622392, 7.869726567631158e-10, 1.3646084025636976e-9, 0.10111166833534967, 0.1011116024758517]
v_opt: [0.010227308285443886, 0.10111160385682096]
solution time: 0.08586692810058594
McCormick lower bound: -5.086195754646116

