x_opt: [0.45318097886192027, 0.8501836099868426, 0.14981638878515416, 0.9308800363338011, 0.14981639000405003, 0.14981637565011352, 0.14981638887332482, 0.8501836100636131, 0.14981637556431945, 0.1498163899852295]
w_opt: [0.4531809788354697, 0.14981638876807105, 0.4531809788386386, 1.7539449123334029e-9, 0.14981637561891067, 2.2673973681243972e-10, 0.3033645889696289, 2.2751037599408362e-11, 0.1498163899426627, 7.52364085519043e-11, 0.8501836099655271, 5.821022952364813e-11, 0.14981637563050965, 1.5202722212966454e-11, 0.8501836099626866, 1.882527427962347e-11, 2.8106428354116382e-11, 0.14981638876862927, 0.14981638868976177, 0.1498163756112214, 0.1498163887574213, 2.6594721739471517e-10, 2.2117225513584724e-11, 5.207084466434722e-11, 0.0806964263829057, 0.08069641223090025, 0.1498163887929403, 0.850183610011036, 0.0806964119388506, 0.14981638995197955, 4.3456266708892674e-11, 0.14981638880506262, 9.680876990856832e-11, 2.6571415197130828e-11, 1.757064926811408e-11, 1.8531598411890597e-11, 3.3129518977162015e-11, 0.14981637552752472, 3.681221029612086e-10, 1.068919918676971e-10, 0.14981637553899077, 1.6663981129940472e-11, 3.1682456679932185e-11, 0.14981638990595256, 0.14981637550863453]
v_opt: [0.02244495370395703, 0.14981637552666646]
solution time: 0.005202054977416992
McCormick lower bound: -3.980647570554553

