x_opt: [0.48022653582314995, 0.8165218284750488, 0.1834781355211838, 0.8809385978591449, 0.18347816553415258, 0.11906140538075398, 0.18347815666182382, 0.816521837188904, 0.11906140360395906, 0.183478181560722]
w_opt: [0.4802265351084483, 0.18347813501291932, 0.48022653529405696, 2.8649197439346335e-8, 0.11906140467692555, 5.143483903190954e-9, 0.2967483743056466, 6.746998545547366e-10, 0.18347818050268827, 1.6702585258246308e-9, 0.8165218279249294, 1.0492918916693023e-9, 0.11906140481425312, 5.349029169496007e-10, 0.8165218279312423, 4.901578892224409e-10, 1.0630542090860686e-8, 0.18347813492126766, 0.18347813373012817, 0.11906140419812178, 0.18347813502834526, 6.5213378987253175e-9, 6.447673721601699e-10, 1.655109723326428e-9, 0.06441676438877969, 1.5707066346012877e-8, 0.18347815372230789, 0.8165218356070334, 2.9826457878757463e-9, 0.18347818087242954, 1.1641411682713717e-9, 0.18347815449886618, 3.689517740522204e-9, 8.015145277781629e-10, 4.019837501881272e-10, 4.850149862829058e-10, 8.891335504611111e-10, 0.11906140269878168, 1.1098976264987777e-8, 1.7209279673380617e-9, 0.11906140284042255, 4.691977869998799e-10, 6.06339616624803e-10, 0.18347817996026322, 0.11906140186968989]
v_opt: [0.033664772359356054, 0.11906140257943514]
solution time: 0.006351947784423828
McCormick lower bound: -2.980796919920521

