x_opt: [0.5258466913978608, 0.8988876626996356, 0.10111212871659005, 0.8988883398990667, 0.10111232434495486, 0.10111204416572711, 0.10111213566827218, 0.8988876806926621, 0.10111200858046662, 0.10111233914335464]
w_opt: [0.5258466876575597, 0.10111212606922537, 0.5258466877786993, 1.3239129881475407e-6, 0.10111203934909063, 4.786774121768215e-8, 0.4247343782239614, 3.841335761998395e-9, 0.10111233235045833, 1.4092903347414783e-8, 0.8988876594805962, 6.357870247186304e-9, 0.10111204091179488, 2.427258717902042e-9, 0.8988876594194314, 3.0694026943807638e-9, 7.102684882370685e-9, 0.10111212611677481, 0.10111211068037425, 0.10111203799186393, 0.10111212417342366, 9.40532845678975e-8, 3.545187989917307e-9, 8.871228030493775e-9, 6.710477436200595e-7, 4.393315380272567e-7, 0.10111211940930823, 0.8988876728233276, 3.550779102907804e-7, 0.10111233397681478, 7.0776665704771515e-9, 0.10111212395018851, 1.0499013444403738e-8, 4.622937545519775e-9, 2.695400969142521e-9, 2.6543614597720028e-9, 5.113861419635846e-9, 0.10111200361529185, 1.249549385041128e-7, 1.492730227156511e-8, 0.10111200477194643, 2.4928659922038408e-9, 4.693639352925902e-9, 0.10111232721432245, 0.101111999310376]
v_opt: [0.010223778991085078, 0.10111200259300106]
solution time: 0.00464320182800293
McCormick lower bound: -4.172062264943408

