x_opt: [0.742988042903924, 0.7907399268384004, 1.1126386968248008e-8, 0.9999996240804612, 0.20926001638372532, 1.8860132575232092e-8, 0.20925997592091283, 0.7907399876991374, 2.6340459486766952e-8, 0.7429906499155948]
w_opt: [0.7429880416530216, 1.0139519568101198e-8, 0.7429880417540441, 3.974868739860566e-7, 1.754292470346944e-8, 1.0597821214877845e-8, 0.5337280329066579, 1.7507881454965952e-9, 0.7429880398548848, 2.4699074561744394e-9, 0.7907399255091392, 4.015016061708658e-9, 1.729814065356327e-8, 1.2959400892695778e-9, 0.7907399256328687, 9.291266842766666e-10, 0.5337305780540712, 9.049545794573532e-9, 8.311316022797636e-9, 5.928316732649969e-9, 1.0112157851024238e-8, 7.090646830485689e-9, 1.3531301359439381e-9, 3.6516633895118135e-9, 0.20925964220701196, 1.151317806090862e-8, 0.20925996472937355, 0.790739984114705, 2.1039675580286834e-9, 0.7429906487633107, 2.339975220944119e-9, 0.20925996881151937, 7.475062599498572e-9, 1.964120908329481e-9, 9.070646661482706e-10, 8.636821498054115e-10, 1.5651600729887488e-9, 1.7392689747083575e-8, 1.3793658736219704e-8, 1.9518680025313455e-9, 2.460713085631767e-8, 9.171555871489989e-10, 1.163840357834255e-9, 0.7429906467489591, 2.2080046491147824e-8]
v_opt: [0.043789783961374736, 2.4573484909369172e-8]
solution time: 0.00471186637878418
McCormick lower bound: -2.0725906802132577

