x_opt: [0.4507976617327675, 0.763389159976492, 0.2366108393896668, 0.8693596339714881, 0.2366108399856943, 0.1306403674731341, 0.2366108394449511, 0.7633891600517819, 0.13064036728933015, 0.23661084002899985]
w_opt: [0.4507976617138555, 0.23661083937811328, 0.45079766171938723, 6.771240005663208e-10, 0.1306403674549092, 1.390078317776963e-10, 0.214186821815468, 1.367705495505815e-11, 0.23661084000466887, 4.306142226789946e-11, 0.7633891599629512, 2.7051726076775286e-11, 0.1306403674613595, 1.0594509295780294e-11, 0.7633891599610549, 1.1533031232393145e-11, 2.8115428517087067e-11, 0.23661083937808267, 0.23661083934266025, 0.1306403674481664, 0.23661083937508792, 1.4916354082825303e-10, 1.4245395769197617e-11, 3.2832011162548004e-11, 0.10597047398416076, 1.6388817083417022e-9, 0.23661083938318822, 0.7633891600158424, 1.2858213438585455e-9, 0.2366108400095955, 2.68899030423046e-11, 0.23661083940081182, 5.710385261244082e-11, 1.674902255261831e-11, 1.0147140864219785e-11, 1.311192258685893e-11, 2.1235481401063578e-11, 0.13064036727056316, 2.3385425590059166e-10, 4.121147842403242e-11, 0.13064036727177283, 1.141496655546574e-11, 1.7117880482741887e-11, 0.23661083998454696, 0.13064036725283865]
v_opt: [0.055984694055159524, 0.13064036726447747]
solution time: 0.007346153259277344
McCormick lower bound: -3.4101176886062303

