x_opt: [0.5258448153447463, 0.8988838078773015, 0.10111475350867813, 0.8988871300487994, 0.10111583326637599, 0.10111302429074259, 0.1011147973951137, 0.8988841847456468, 0.10111299724132285, 0.10111629243084963]
w_opt: [0.525844800167677, 0.10111474210483921, 0.5258447968004256, 5.201787469929142e-6, 0.10111300252376465, 1.738307259940282e-7, 0.4247290377695332, 2.0625097654288213e-8, 0.10111618735421186, 5.349187477675585e-8, 0.8988837913305951, 3.8826684764121735e-8, 0.10111300671758422, 1.0744655805374862e-8, 0.8988837943939754, 1.3749447543801379e-8, 1.199430985552866e-7, 0.10111474049684327, 0.10111463952140597, 0.10111297781334103, 0.10111471281821077, 6.094881376918687e-7, 1.648970598636203e-8, 4.2877627133804834e-8, 3.014926275371802e-6, 9.788313905795124e-7, 0.10111472125748437, 0.8988840751287747, 2.7819439937965695e-7, 0.1011162707601575, 3.2004712342231395e-8, 0.10111467490964914, 5.26698094706492e-8, 2.1812042445699635e-8, 1.4490498619708865e-8, 1.0694994776380244e-8, 2.5420500737909308e-8, 0.10111294298092213, 2.367809044289563e-7, 1.3293593115615564e-7, 0.10111297617656273, 1.0602696866887388e-8, 3.3664603127496054e-8, 0.10111623600708287, 0.10111295388423869]
v_opt: [0.01022425734802295, 0.10111297291001956]
solution time: 0.00497889518737793
McCormick lower bound: -3.5982429654617802

