x_opt: [0.5258471544595312, 0.8988881655739143, 0.10111181536736182, 0.8988884545693504, 0.10111180600448715, 0.10111170604198845, 0.10111181491013162, 0.898888195925128, 0.10111166906435816, 0.10111188639525984]
w_opt: [0.5258471530176827, 0.1011118141657006, 0.5258471531574835, 6.70432979256207e-7, 0.10111170415124449, 1.2864654494560004e-8, 0.42473535407749347, 1.6653146639282828e-9, 0.10111188219116614, 9.785372972093422e-9, 0.8988881644093245, 1.954474573908832e-9, 0.10111170472110356, 1.1404270764528458e-9, 0.8988881645372419, 1.4422527676793884e-9, 5.3003021435308454e-8, 0.10111181434977105, 0.10111179399844883, 0.10111170360642636, 0.10111181302926732, 6.910780011195597e-8, 1.473340817962795e-9, 3.9626324566401294e-9, 2.641183150748017e-7, 3.1030164777753216e-7, 0.10111180899334067, 0.8988881920990895, 1.2855548495221814e-7, 0.10111188440521988, 2.941884206803018e-9, 0.10111180033755023, 4.023241085761143e-9, 2.008898867771532e-9, 1.0051414701504648e-9, 9.819726773723003e-10, 2.8993116571979827e-9, 0.101111667289448, 5.45631911586847e-8, 4.227778865529423e-8, 0.10111166752907591, 9.878294711040787e-10, 1.9952798400576097e-9, 0.10111188233818845, 0.1011116644905896]
v_opt: [0.010225103462242225, 0.1011116665785026]
solution time: 0.005041837692260742
McCormick lower bound: -5.057750124158782

