x_opt: [0.742987347102898, 0.7907411638495561, 3.4533640828967747e-7, 0.9999999069069038, 0.20925883242860868, 9.826652638957617e-8, 0.20925882668228915, 0.7907411739684452, 9.403195270281556e-8, 0.7429873470821304]
w_opt: [0.7429873464995823, 3.449340351706278e-7, 0.7429873468238736, 9.313594400832967e-8, 9.781953986626058e-8, 5.911062350221143e-9, 0.5337285224432786, 3.968689186831378e-10, 0.7429873414371174, 9.696249898983423e-10, 0.7907411635360839, 1.6679123673817842e-9, 9.795770607617563e-8, 4.413723037828574e-10, 0.7907411634836704, 2.911975096358212e-10, 0.533728511373101, 3.449658981967817e-7, 3.4439798757056144e-7, 9.741522410035167e-8, 3.4507938367857647e-7, 3.848446634263617e-9, 4.3158392558877753e-10, 1.1169700049469567e-9, 0.2092587400301065, 2.5579481636970277e-8, 0.20925882358754166, 0.7907411728192427, 2.423092885704856e-9, 0.7429873466698792, 9.233013732830997e-10, 0.20925882490032685, 7.293077203155028e-9, 6.650602922496525e-10, 2.1562700244610571e-10, 3.1122731684478865e-10, 6.286267529755551e-10, 9.33552586226674e-8, 1.5315550062641857e-8, 1.2743662603085569e-9, 9.351693606768265e-8, 3.365472404611025e-10, 3.4602964861418357e-10, 0.7429873460341925, 9.268581345186081e-8]
v_opt: [0.043789548277605506, 9.323224933707232e-8]
solution time: 0.004716157913208008
McCormick lower bound: -2.9619193457038904

