x_opt: [0.4498902763540505, 0.76175092802121, 0.23824904720117465, 0.869002626817624, 0.2382490687375818, 0.13099740233459656, 0.23824905142827701, 0.7617509364018186, 0.13099738689432217, 0.2382490746307338]
w_opt: [0.4498902748830076, 0.23824904625173476, 0.44989027539717114, 4.819959746621026e-8, 0.13099740097926707, 9.50916963369604e-9, 0.21164121534577307, 1.1084324818687498e-9, 0.23824907279286012, 3.836347876175642e-9, 0.7617509270625396, 1.9977454138187046e-9, 0.13099740141703115, 9.404014480099989e-10, 0.761750926985513, 9.354909980656505e-10, 4.005214029924771e-9, 0.23824904629834687, 0.23824904340503447, 0.13099740049020722, 0.238249046161986, 1.590627233073589e-8, 1.1324198092108592e-9, 2.769783581989957e-9, 0.1072516975742986, 4.803421715943038e-8, 0.23824904698154714, 0.7617509336349475, 1.584585085031182e-8, 0.238249073196561, 2.135498965938763e-9, 0.2382490480991602, 6.645366260621551e-9, 1.353251690350311e-9, 7.217892788274706e-10, 9.79305474083566e-10, 1.7597230431307439e-9, 0.1309973854677507, 1.9779732782800708e-8, 3.657007049455782e-9, 0.13099738555222587, 8.988158862231542e-10, 1.167549609539738e-9, 0.23824907159390898, 0.13099738400405592]
v_opt: [0.05676266675534512, 0.1309973849039209]
solution time: 0.004770994186401367
McCormick lower bound: -3.7653933128041026

