x_opt: [0.5258393345632469, 0.8988823247734324, 0.10111767320144498, 0.8988913776093197, 0.1011176752942813, 0.10111679041069851, 0.10111767457571359, 0.8988823252154164, 0.10111679028543799, 0.10111767512307908]
w_opt: [0.5258393344467844, 0.10111767312497523, 0.5258393344777526, 4.320281586109836e-9, 0.1011167902801411, 8.330867122379099e-10, 0.42472165998407585, 1.0283796685138113e-10, 0.1011176749497063, 3.1955303078866693e-10, 0.8988823246888682, 2.5440610705126034e-10, 0.10111679032470453, 7.631465551903047e-11, 0.8988823246803159, 8.038011480559506e-11, 1.0571824792388397e-10, 0.1011176731294838, 0.10111767284992891, 0.10111679026840352, 0.10111767311582832, 1.1569176692252518e-9, 9.753731554436982e-11, 2.38149238358039e-10, 9.053079218047157e-6, 8.168524914908056e-6, 0.10111767421519842, 0.8988823250002992, 8.168048148712577e-6, 0.10111767498439148, 1.8979857147082096e-10, 0.10111767427957014, 6.216628968099058e-10, 1.1819160895251257e-10, 7.1173682793722e-11, 7.755918790318752e-11, 1.3144868375830412e-10, 0.10111679011812118, 1.565082131065571e-9, 4.679065000489488e-10, 0.10111679018847498, 7.25347452239334e-11, 1.121205103676452e-10, 0.10111767482176692, 0.10111679007266364]
v_opt: [0.010225282403569336, 0.10111679012046046]
solution time: 0.005365133285522461
McCormick lower bound: -4.296623150523048

