x_opt: [0.5951643119995977, 0.5951643125789079, 3.12685314314337e-8, 0.985186195961741, 0.014813806541292086, 0.014813803011831607, 0.014813805641557118, 0.9851861933630722, 0.0148138037064835, 0.44308218763203366]
w_opt: [0.5951643119054862, 3.119844912420235e-8, 0.5951643118870171, 6.076124675667416e-9, 0.014813802895675647, 8.802250095934894e-10, 0.5803505055129402, 1.648474799463001e-10, 0.44308218740287064, 1.9965020798387147e-10, 0.595164312461467, 2.1992897840465117e-10, 0.014813802854865096, 7.48346086556854e-11, 0.595164312493011, 7.289718088388186e-11, 0.03824650029030831, 3.110778676279021e-8, 3.097055612285252e-8, 3.0946795261520274e-8, 3.116901376021085e-8, 7.609715102918889e-10, 1.1269065755518684e-10, 3.129796967974993e-10, 2.6555734365828637e-9, 1.323307155145314e-9, 0.014813804818791762, 0.9851861930598566, 2.4856862352768187e-10, 0.44308218753645956, 1.907827005839416e-10, 0.014813804870435076, 2.6457978609982483e-10, 1.5975455302466345e-10, 8.676901815541379e-11, 5.99471718910941e-11, 1.1600549812754734e-10, 0.014813802904946992, 1.5765709036371648e-9, 2.853527932581493e-10, 0.014813803581349792, 6.32162113357513e-11, 1.1739085325717628e-10, 0.4430821873349758, 0.014813803367806473]
v_opt: [0.00022216419916492127, 0.014813803569374518]
solution time: 0.005211830139160156
McCormick lower bound: -2.0107997768703183

