x_opt: [0.5061714132452154, 0.8633643179041783, 0.13663567822099057, 0.8911467855099452, 0.13663568171420298, 0.1088532235672681, 0.1366356790977424, 0.8633643190608223, 0.1088532222425141, 0.1366356822180559]
w_opt: [0.5061714129894022, 0.13663567805186985, 0.5061714130514704, 9.517574518061533e-9, 0.1088532233007789, 1.8367147294299532e-9, 0.3695357327515343, 2.1432885047912707e-10, 0.13663568185649996, 7.061725907244386e-10, 0.8633643177165121, 4.0247275879578886e-10, 0.10885322338712275, 1.6189376111957732e-10, 0.8633643177012355, 1.7469376303320404e-10, 4.197130023379674e-10, 0.13663567805521945, 0.13663567745434058, 0.10885322321810052, 0.13663567801653392, 2.741298129641973e-9, 2.1120681500357478e-10, 5.11811399289744e-10, 0.027782467615104223, 1.2284780353916759e-8, 0.13663567827183762, 0.8633643185512279, 8.126655749361363e-9, 0.13663568193815426, 4.0194503122766117e-10, 0.13663567847472324, 1.052314321145636e-9, 2.5417997460922255e-10, 1.4614178721548588e-10, 1.750468344225173e-10, 3.130608387665047e-10, 0.10885322194438724, 3.5002758941615328e-9, 7.312524185632327e-10, 0.10885322199734239, 1.6132082132744947e-10, 2.405952882143376e-10, 0.13663568160031267, 0.108853221708381]
v_opt: [0.018669568947136662, 0.10885322187873812]
solution time: 0.004527091979980469
McCormick lower bound: -3.7780961070279284

