x_opt: [0.4366428878132198, 0.43664288523676476, 1.6654967012008554e-7, 0.7818870786425516, 0.21813003642175147, 0.218112899309043, 0.2181136654220558, 0.5633586377127776, 0.21811289566820188, 0.563358301299044]
w_opt: [0.4366428809812901, 1.6509471902904637e-7, 0.4366428858977601, 1.2849213117206701e-6, 0.21811289722535324, 3.968828771907209e-8, 1.5291670401522063e-6, 1.910953069980285e-9, 0.43664288428487585, 3.3856572132536416e-9, 0.43664288213969993, 8.654532876696217e-9, 0.21811289737391323, 1.638268916623633e-9, 0.4366428823090357, 1.215264247031719e-9, 1.1885108170880265e-6, 1.6167512436217059e-7, 1.6198332190864046e-7, 1.5669793084333017e-7, 1.6488667205315284e-7, 1.1986932404318503e-8, 2.0534948224674207e-9, 4.301476963996391e-9, 1.7119382403421005e-5, 4.0632494416610834e-8, 0.2181136346059663, 0.5633586305875529, 4.0358245245115544e-9, 0.5633582994769906, 3.374478691580234e-9, 0.21811346711327168, 2.8875345808596756e-9, 2.5497331079187776e-9, 1.5663603827444579e-9, 1.9032277029489803e-9, 2.2554380694680473e-9, 0.21811289412574583, 4.093471016979392e-8, 5.444765609891715e-9, 0.21811289062573655, 1.5609569223925909e-9, 2.2195600738065415e-9, 0.5633582954829693, 0.21811288828220313]
v_opt: [0.04757373690406201, 0.21811289277805318]
solution time: 0.004522085189819336
McCormick lower bound: -1.2561103188162093

