x_opt: [0.5080515527675634, 0.886960732034769, 0.11303926522398983, 0.9067230399348111, 0.11303926796760885, 0.11303926063307229, 0.11303926580976131, 0.8869607325015133, 0.11303926003551408, 0.11303926755062663]
w_opt: [0.5080515525731244, 0.11303926508912925, 0.5080515525445403, 2.262701481170866e-8, 0.11303926034923033, 1.8262114380405777e-9, 0.39501228584477227, 2.0090030539073863e-10, 0.11303926715318716, 6.719451151698324e-10, 0.8869607318496494, 4.391664884138234e-10, 0.11303926045723145, 1.1713245257166517e-10, 0.8869607318229664, 1.606073734201933e-10, 1.666583653346483e-10, 0.11303926509194108, 0.11303926428557215, 0.11303926031463163, 0.11303926492587324, 2.9725237536058217e-9, 1.838380444425927e-10, 4.2714673394704225e-10, 0.019762308284333507, 0.0197623026645717, 0.11303926513614843, 0.8869607320708401, 0.019762300378407982, 0.11303926724789408, 3.649771192654017e-10, 0.11303926526249349, 6.918267941552691e-10, 2.2196996267174503e-10, 1.6658593206013365e-10, 1.4490777844322262e-10, 2.5633215839236764e-10, 0.11303925967445648, 3.619998114528352e-9, 1.3906140132168292e-9, 0.11303925983779599, 1.3214647858678823e-10, 3.1408210167965316e-10, 0.11303926681447347, 0.11303925957913906]
v_opt: [0.012779871482034896, 0.11303925973078185]
solution time: 0.004617929458618164
McCormick lower bound: -4.293621773038878

