x_opt: [0.4326391733537887, 0.8364153499324676, 0.16358461719968728, 0.9399235911006044, 0.16358464569038791, 0.16358456431636273, 0.163584619899512, 0.8364153641461305, 0.16358454477728832, 0.16358464812378976]
w_opt: [0.4326391688475802, 0.16358461427326113, 0.4326391694378359, 1.675698950285402e-7, 0.16358455890555124, 3.372058413523105e-8, 0.26905454521900796, 3.869586452083303e-9, 0.16358464131731945, 1.6394489900108913e-8, 0.8364153465021653, 6.9432088898350026e-9, 0.16358456105908148, 2.658726699873178e-9, 0.8364153461382395, 3.410528315518997e-9, 4.770297477842686e-9, 0.16358461460048992, 0.16358459805565206, 0.16358455799164612, 0.16358461139281644, 6.222900745456785e-8, 3.7260879341972575e-9, 8.81716446341942e-9, 0.10350824489630331, 0.10350820060332502, 0.16358460678400416, 0.8364153554296657, 0.10350814288842965, 0.16358464211703327, 7.420929484633902e-9, 0.1635846087725837, 1.447568037937357e-8, 4.446616301797214e-9, 2.9102781357673346e-9, 3.1103730391751175e-9, 6.095924905101767e-9, 0.1635845389331553, 5.8323549058372023e-8, 1.6432219690940893e-8, 0.16358454059088293, 2.8295698601538427e-9, 5.5073817211015315e-9, 0.16358463531912454, 0.1635845351585786]
v_opt: [0.026760176518986444, 0.16358453824200928]
solution time: 0.004889011383056641
McCormick lower bound: -4.8597945709411725

