x_opt: [0.5258473106994579, 0.8988883644457354, 0.10111161870144432, 0.8988883919704059, 0.1011116232097602, 0.10111161645992887, 0.10111161781280968, 0.8988883795813291, 0.10111161229541055, 0.10111164266665515]
w_opt: [0.525847309835965, 0.10111161791909899, 0.5258473098831006, 1.3865228436343914e-7, 0.10111161510453019, 1.07336858156568e-8, 0.42473569261095356, 1.1437348063526164e-9, 0.10111163258135128, 6.4880546919697314e-9, 0.8988883636599327, 1.515487594822525e-9, 0.10111161564447757, 9.58165727165216e-10, 0.8988883637696212, 8.853903537945278e-10, 8.102402073014986e-9, 0.10111161807318174, 0.10111161071245432, 0.10111161351170202, 0.10111161664113066, 4.201829062296038e-8, 9.98718232340109e-10, 2.878768945882527e-9, 1.775873297616553e-8, 3.83380612377952e-8, 0.10111161307529627, 0.8988883762388397, 1.0112109726856657e-8, 0.1011116413007359, 2.322072232704444e-9, 0.1011116108848701, 4.306550132303101e-9, 1.4968231607369392e-9, 6.833027897526922e-10, 6.248213992607916e-10, 2.0573728315836248e-9, 0.10111160995399845, 2.5411639457375534e-8, 1.722601823989197e-8, 0.10111161123783256, 6.081027493185654e-10, 1.5326688756171374e-9, 0.10111163941617896, 0.10111160916069543]
v_opt: [0.010224303495617279, 0.10111161065573498]
solution time: 0.007788896560668945
McCormick lower bound: -4.842962016184531

