x_opt: [0.36272130121774926, 0.6372787125893498, 0.22965070566620774, 0.7785107171205234, 0.3627212529168944, 0.22148942058961021, 0.22965086082477443, 0.637278751110159, 0.22148930419018512, 0.36272129047616425]
w_opt: [0.36272129409364157, 0.2296507019185975, 0.3627212970878583, 2.4343686371624626e-7, 0.22148941513499304, 5.659480852810873e-8, 6.523517002807432e-8, 3.888428615684384e-9, 0.3627212756785419, 1.1417130902125973e-8, 0.6372787076978531, 9.47769668639688e-9, 0.22148941708644623, 3.489298103856889e-9, 0.6372787065269251, 3.3295740882761944e-9, 1.2700334983150412e-8, 0.2296507012952778, 0.22965069290048754, 0.22148941101481687, 0.22965070198701049, 3.8218879754825395e-8, 4.494804578377514e-9, 9.611549890770475e-9, 0.14123197810153926, 2.5718836069460923e-7, 0.22965083903782849, 0.6372787383175202, 5.25734775850377e-8, 0.3627212847375986, 8.128422010694377e-9, 0.22965084580343356, 1.2332867687644133e-8, 5.101933112002343e-9, 3.204903068883622e-9, 5.143381246810509e-9, 6.578419967468478e-9, 0.22148929864813333, 7.417214097900792e-8, 1.2920755345545412e-8, 0.22148929762576547, 3.95129310007278e-9, 5.381444591195018e-9, 0.3627212757211871, 0.2214892918167931]
v_opt: [0.052739834340071325, 0.221489296282901]
solution time: 0.005141019821166992
McCormick lower bound: -2.4089728328552664

