x_opt: [0.36225589793033364, 0.6377441024974713, 0.2239028936556427, 0.7760971063232738, 0.3622553402916854, 0.22390289366131905, 0.22390290354286943, 0.637744659701235, 0.2239028936436278, 0.36225589773164707]
w_opt: [0.36225589790267954, 0.2239028936372196, 0.36225589790812923, 1.2458043815394402e-9, 0.22390289363441476, 2.4477490610117427e-10, 5.576755557608424e-7, 2.447109277529075e-11, 0.3622558976805817, 5.20528461652971e-11, 0.6377441024718065, 4.3618778613415176e-11, 0.2239028936390179, 1.8452595245973894e-11, 0.6377441024735906, 1.698580596019517e-11, 2.5382093470451577e-10, 0.22390289362772042, 0.22390289359091015, 0.22390289355044624, 0.2239028936336955, 1.8114785187191146e-10, 2.4450482432365042e-11, 5.7353381260880275e-11, 0.138352446652205, 5.006854430967332e-10, 0.22390290340565933, 0.6377446596348979, 6.497993028056045e-11, 0.36225589770606836, 4.258903553831332e-11, 0.22390290345132363, 5.3918828302440214e-11, 2.98066327284718e-11, 1.7218006749103363e-11, 1.9896689913734826e-11, 3.071914548812785e-11, 0.22390289360136742, 3.8391789353479336e-10, 5.913063802202456e-11, 0.22390289360655094, 1.796781280279072e-11, 2.608633426182668e-11, 0.36225589766130684, 0.22390289357401924]
v_opt: [0.05013256155365838, 0.22390289360658258]
solution time: 0.00516200065612793
McCormick lower bound: -2.149022578382981

