x_opt: [0.4366511591068703, 0.43665115627481244, 1.0920265668538862e-7, 0.78190695293512, 0.21809304205469177, 0.21809306034996162, 0.2180919766530174, 0.5633488664271598, 0.21809304774576024, 0.5633488687150583]
w_opt: [0.43665115428499446, 1.0856235464897179e-7, 0.4366511579093507, 3.443494483498704e-7, 0.218093059243967, 8.636625300683049e-8, 2.8139998693948926e-8, 9.236792388414626e-10, 0.43665115717750475, 1.5351380915255474e-9, 0.4366511538790185, 7.946449814264205e-9, 0.21809305933391934, 6.797081392087313e-10, 0.4366511542105451, 5.639090414262954e-10, 2.6675821464575502e-8, 1.0604059767212076e-7, 1.0684574895765028e-7, 9.276005871034379e-8, 1.0826355381798026e-7, 6.601668622386557e-9, 9.92083667004988e-10, 1.9172632408101874e-9, 3.3652083875631452e-9, 7.690822531406683e-8, 0.21809193414951664, 0.5633488628725853, 3.739616090638894e-9, 0.5633488677718392, 1.6242244817155785e-9, 0.2180919482323955, 1.2414147563985498e-9, 1.2339224715980685e-9, 9.848018657560428e-10, 9.650738473434766e-10, 9.96095599770264e-10, 0.21809304651004666, 1.2845049355157261e-8, 3.2592147399752205e-9, 0.21809197445407338, 7.366606202764166e-10, 1.438533654079557e-9, 0.5633488574362436, 0.21809304399556564]
v_opt: [0.04757005932816112, 0.21809304651673794]
solution time: 0.007011890411376953
McCormick lower bound: -0.9827556766934651

