x_opt: [0.36225564396551063, 0.6377443655884939, 0.22390324300952827, 0.776097103942505, 0.36225562980906945, 0.22390320363001226, 0.22390325637186953, 0.6377443697698217, 0.22390290736029458, 0.3622556349509093]
w_opt: [0.36225564261559734, 0.22390324214607463, 0.3622556432668117, 3.061085388666695e-8, 0.22390320238133926, 1.9016320808170294e-8, 2.260910252366519e-8, 5.931379136335909e-10, 0.36225563196281657, 2.014749657409135e-9, 0.6377443647249305, 1.8811951793147653e-9, 0.22390320308208486, 5.483478768664808e-10, 0.6377443649543286, 5.306117556061283e-10, 1.6526379458464891e-9, 0.22390324230372682, 0.2239032407710656, 0.2239032025242886, 0.22390324260094385, 6.7733557354631384e-9, 7.266751393270097e-10, 1.6314168834445082e-9, 0.13835273507961202, 3.3881060202501983e-7, 0.22390325246743714, 0.63774436768339, 1.5627394084747722e-8, 0.3622556339292887, 1.387654132012627e-9, 0.22390325392635063, 1.5131285120092708e-9, 8.12322393148302e-10, 5.601589637836711e-10, 1.0179520308795134e-9, 1.0301396328325337e-9, 0.2239029063564499, 1.1794836951216248e-8, 2.2802686247155553e-9, 0.22390290613843392, 6.919320479496967e-10, 9.656663555083468e-10, 0.3622556310640008, 0.22390290536311852]
v_opt: [0.05013276959782235, 0.22390290603879376]
solution time: 0.007122993469238281
McCormick lower bound: -2.232527045887269

