x_opt: [0.5258473640950118, 0.8988884159370804, 0.10111158044940878, 0.8988884205463333, 0.1011115806819896, 0.10111157969100862, 0.10111158036890484, 0.8988884195484538, 0.1011115794411212, 0.10111164646233495]
w_opt: [0.525847364020809, 0.10111158037457667, 0.5258473640326534, 2.5056782616369902e-8, 0.10111157960266895, 6.961452041346144e-10, 0.42473578382431615, 9.476822967053256e-11, 0.1011116463371312, 3.0242960111271306e-10, 0.8988884158774983, 9.923650388123802e-11, 0.10111157961931908, 6.207764873220006e-11, 0.8988884158851181, 6.68362912721781e-11, 6.244597375058833e-8, 0.10111158039013968, 0.10111158003861927, 0.10111157951431572, 0.10111158034869296, 2.9430876303684043e-9, 7.95371891303962e-11, 2.6902520627590737e-10, 1.3890835618964547e-9, 2.126036006294249e-9, 0.10111157991798278, 0.8988884193013401, 4.55435650778619e-10, 0.10111164637761887, 1.646292314082491e-10, 0.10111157994227339, 3.9949495540868976e-10, 1.1988159601842144e-10, 5.1803845668724067e-11, 4.71309064400038e-11, 1.3762201033715328e-10, 0.1011115793011324, 2.4679890309516484e-9, 1.3555586948817296e-9, 0.1011115793544085, 4.933049953333823e-11, 8.911101443890808e-11, 0.10111164627963193, 0.10111157923147866]
v_opt: [0.010223597942934218, 0.10111157931758653]
solution time: 0.0048220157623291016
McCormick lower bound: -3.9976394263479342

