x_opt: [0.3622556801972829, 0.6377443026264807, 0.2239031116350142, 0.7760968874923433, 0.36225568168655464, 0.22390311593231962, 0.22390311326376766, 0.6377443164385147, 0.22390311191820744, 0.362255685169098]
w_opt: [0.36225567876788994, 0.22390311116217687, 0.3622556794263343, 5.317960467480817e-8, 0.22390311496034448, 4.183453268849514e-8, 2.739136114614648e-9, 4.5964449236707805e-10, 0.36225567749928644, 1.4491745389741825e-9, 0.6377443013523205, 1.7866810798695116e-9, 0.22390311547161468, 3.8986102717559384e-10, 0.6377443003424613, 4.157414678574163e-10, 8.754989978430271e-10, 0.2239031109773851, 0.22390310965630494, 0.22390310910112948, 0.2239031107653154, 4.507244996443246e-9, 6.00458484715126e-10, 1.1375009901405726e-9, 0.138352570726861, 3.018594438287328e-8, 0.22390310912040506, 0.6377443142501428, 2.929411490850373e-9, 0.36225568415700793, 1.186493321913399e-9, 0.2239031101976966, 8.444757259790285e-10, 6.62153845023529e-10, 7.224232668568274e-10, 1.3444394818147798e-9, 8.373079553586522e-10, 0.22390311092015808, 1.3433322950302055e-8, 3.1456814623972196e-9, 0.22390311009800226, 6.298764256825882e-10, 1.5050079530808749e-9, 0.36225568119073104, 0.2239031100147461]
v_opt: [0.050132812718404314, 0.22390311081371628]
solution time: 0.005170106887817383
McCormick lower bound: -1.4171408530237486

