x_opt: [0.4814924364973864, 0.8188073778014238, 0.18119261992106866, 0.8814366831127374, 0.18119262188223575, 0.11856331758822604, 0.18119262134825279, 0.8188073784333307, 0.1185633171899424, 0.1811926229415936]
w_opt: [0.48149243643101913, 0.1811926198739573, 0.48149243645057327, 5.8787306600071684e-9, 0.1185633175240701, 4.480663661793903e-10, 0.30029981505351755, 6.065570736110752e-11, 0.1811926228471706, 1.6911729733960755e-10, 0.8188073777539503, 9.557979813746526e-11, 0.11856331753837004, 5.017849523190209e-11, 0.8188073777535217, 4.5836615028134724e-11, 8.019660029454167e-10, 0.18119261987028903, 0.18119261974725975, 0.11856331748902366, 0.18119261987545307, 7.465093275581151e-10, 5.828059418402003e-11, 1.5157178068142125e-10, 0.0626293050870493, 1.8445709817154504e-9, 0.18119262109433532, 0.8188073782933615, 6.056025706300404e-10, 0.18119262287750118, 1.0681262754934167e-10, 0.1811926211526575, 3.9898121938130805e-10, 7.221864400908813e-11, 3.5357597359174433e-11, 4.4253792611310197e-11, 8.403254211968083e-11, 0.11856331711105014, 1.0367527917474095e-9, 1.8320527316728992e-10, 0.11856331712267576, 4.306570271374985e-11, 5.3819717404620036e-11, 0.1811926228000996, 0.11856331703694786]
v_opt: [0.03283096416496913, 0.11856331709451393]
solution time: 0.007535219192504883
McCormick lower bound: -3.3339626303859644

