x_opt: [0.525846924032015, 0.8988875856693561, 0.10111222729622119, 0.8988882593872262, 0.10111231507290948, 0.10111178892792606, 0.1011122344438887, 0.8988876831597095, 0.10111178204362856, 0.10111248192334656]
w_opt: [0.5258469219066264, 0.10111222547817682, 0.5258469218627426, 9.197600919641914e-7, 0.10111178603794331, 2.276229082260814e-8, 0.4247346123350699, 2.798602394391361e-9, 0.10111247785171075, 9.274868583259641e-9, 0.8988875836613298, 3.5044993399152347e-9, 0.10111178666627181, 1.5715311661715342e-9, 0.8988875839560574, 2.0058591230790385e-9, 6.931165812433857e-8, 0.1011122255237353, 0.10111221029844088, 0.1011117837313872, 0.1011122239418555, 9.690298169588626e-8, 2.301801137308523e-9, 6.397717747282252e-9, 5.796363931033445e-7, 2.0076374351111337e-7, 0.10111222282400277, 0.8988876759472962, 5.103852024137219e-8, 0.10111247914175239, 4.605634540402392e-9, 0.10111222539366772, 3.0751046570981168e-9, 3.25816528101642e-9, 1.8482991060380467e-9, 1.4678446056779369e-9, 4.331728851672684e-9, 0.10111177814365364, 5.4064043795223486e-8, 1.455071082071475e-8, 0.10111177948793285, 1.4918130205605148e-9, 3.5509441683470424e-9, 0.10111247553503946, 0.10111177490192198]
v_opt: [0.010223854743915413, 0.10111177846590108]
solution time: 0.0048809051513671875
McCormick lower bound: -3.897600727208142

