x_opt: [0.36225574291674784, 0.6377443884021399, 0.2239030665978945, 0.7760969329053938, 0.3622555924044581, 0.22390306695839335, 0.2239030668700727, 0.6377444076372886, 0.22390306671867363, 0.3622556121625044]
w_opt: [0.3622557426804618, 0.22390306646252606, 0.3622557426917969, 1.146894576932373e-8, 0.22390306670941632, 2.9990586555922626e-9, 1.5101437677159574e-7, 1.9456562701155966e-10, 0.36225561179953336, 4.2824181791557724e-10, 0.6377443881539123, 3.467086632734996e-10, 0.2239030667760039, 1.2232799094829296e-10, 0.6377443881792595, 1.3858862298467909e-10, 8.546085371554172e-10, 0.22390306641066496, 0.22390306599182946, 0.22390306590228984, 0.22390306621939085, 1.3812089831516624e-9, 1.9121088967552955e-10, 4.3121841765404845e-10, 0.13835252567102777, 3.6214258553410265e-9, 0.22390306579893318, 0.6377444070482836, 6.447609908514057e-10, 0.3622556119061616, 3.6007352827810215e-10, 0.22390306611719998, 5.412603184690835e-10, 2.3439928749528953e-10, 1.8867605441283258e-10, 1.636105973846954e-10, 2.334717515159807e-10, 0.2239030663140348, 2.5688112659978632e-9, 7.103819472984773e-10, 0.22390306633534887, 1.404517900004237e-10, 2.9369348062511635e-10, 0.3622556113454923, 0.22390306620573458]
v_opt: [0.05013295147327982, 0.22390306642231203]
solution time: 0.006827116012573242
McCormick lower bound: -2.2740473832959176

