x_opt: [0.5258401422940625, 0.8988755480464015, 0.10112442063390983, 0.8988856588826677, 0.10112444238959947, 0.10111448051448664, 0.10112443400456114, 0.8988755825497577, 0.1011144658436856, 0.10112445212891968]
w_opt: [0.5258401377508852, 0.10112441722854405, 0.5258401386174817, 4.015683008330335e-7, 0.10111447530348175, 3.130134089610147e-8, 0.42471573447695815, 4.8111811410408695e-9, 0.101124444021851, 1.859853879715119e-8, 0.8988755447176606, 7.760568702156307e-9, 0.10111447670573209, 3.6231949013563145e-9, 0.898875544809392, 3.7603697004984746e-9, 4.515982665320107e-9, 0.1011244175107626, 0.10112440371089595, 0.10111447410695677, 0.10112441653508124, 9.811390218152317e-8, 4.289114319623101e-9, 1.1611817418543976e-8, 1.0109041971003991e-5, 2.2651445868996425e-7, 0.10112441812372151, 0.8988755728304171, 1.3374340617849123e-7, 0.10112444673129414, 8.32231286412187e-9, 0.10112441797934005, 3.029632697185788e-8, 5.432098085884512e-9, 2.7342607309823462e-9, 3.0072864680020355e-9, 6.536652627953999e-9, 0.10111445952191966, 9.106880292151422e-8, 3.5635183249875953e-8, 0.10111446147873718, 3.0291427726126316e-9, 4.372610039656941e-9, 0.10112444118300265, 0.10111445516629251]
v_opt: [0.010228294472889652, 0.10111445866199166]
solution time: 0.007292985916137695
McCormick lower bound: -4.671225234030323

