x_opt: [0.3158413500279598, 0.7581314382751668, 0.24186855401297425, 0.9913443798043451, 0.24186856112007274, 0.24186855279052588, 0.2418685542281111, 0.7581314391801358, 0.2418685511649588, 0.24186856170588789]
w_opt: [0.31584134984541573, 0.24186855390132594, 0.3158413498995173, 1.811440291668047e-8, 0.24186855260480142, 2.3631071710869676e-9, 0.07397278952988287, 1.2089814513543488e-10, 0.24186856122693887, 3.921828987458369e-10, 0.7581314381401986, 3.451525638227329e-10, 0.24186855268431742, 9.046053727599999e-11, 0.7581314381080566, 9.882932260554245e-11, 3.124948881553133e-10, 0.2418685539108209, 0.24186855358819273, 0.24186855250207065, 0.24186855385673767, 1.4177926948093275e-9, 1.2596088148258232e-10, 3.1431924492431923e-10, 0.23321294119732544, 0.23321293392997486, 0.2418685535674451, 0.7581314388358134, 0.233212931335199, 0.24186856151061412, 2.794446228056125e-10, 0.2418685537652976, 5.179227493480124e-10, 1.6679946995186822e-10, 1.0443411176092662e-10, 1.1446995431267849e-10, 1.9147860803399027e-10, 0.24186855092940918, 2.7059359202826893e-9, 5.823819346247076e-10, 0.24186855100359061, 9.861315301221925e-11, 1.9513588971789822e-10, 0.24186856120137723, 0.241868550789532]
v_opt: [0.058500420618591634, 0.2418685509413724]
solution time: 0.007890939712524414
McCormick lower bound: -3.1618637226929294

