x_opt: [0.3622553645615188, 0.6377445900521806, 0.2239036679560061, 0.7760978204069702, 0.3622554349211452, 0.22390338522433345, 0.22390369350145803, 0.6377446126812749, 0.22390277403333422, 0.36225528945270874]
w_opt: [0.3622553396374017, 0.22390365397254566, 0.36225535427609523, 4.986795634600021e-7, 0.22390335537059255, 3.5845455990390703e-7, 2.2304886395547363e-7, 8.47437217672015e-9, 0.3622549146460815, 3.029635733080757e-8, 0.6377445753042277, 6.288704178812177e-8, 0.22390337800960672, 6.2004891400592566e-9, 0.6377445549341398, 7.453134546135296e-9, 1.4403492721456115e-8, 0.22390365957432415, 0.22390363387684872, 0.22390338069451904, 0.22390366587597357, 2.0546325498948556e-7, 1.0474802585112667e-8, 3.257558614318067e-8, 0.138353284802876, 1.5193126038615757e-6, 0.2239036149950591, 0.6377445848787371, 6.417524836106134e-7, 0.3622552690249225, 3.466791282400003e-8, 0.22390366154717853, 7.518049919661967e-8, 1.635405877948915e-8, 1.4257148980847901e-8, 1.6408184001350967e-8, 1.9314942370768727e-8, 0.22390275053642036, 2.927010282515693e-7, 6.89290801053742e-8, 0.22390275720582875, 8.362771526716794e-9, 2.6507248072709533e-8, 0.36225522642227187, 0.22390273494495944]
v_opt: [0.050133037619321585, 0.2239027540781998]
solution time: 0.004213094711303711
McCormick lower bound: -2.6522509666432574

