x_opt: [0.37445133744956904, 0.6255487644923419, 0.3744511033026662, 0.8393207478806298, 0.3744511824123775, 0.16067936884681103, 0.3744511703157844, 0.6255488194970508, 0.16067926041236674, 0.3744513346605465]
w_opt: [0.3744513366511754, 0.37445110282829536, 0.3744513370055889, 2.231786147130361e-8, 0.16067936823365342, 6.3742772861232036e-9, 1.5842099618943847e-7, 4.945865649070902e-10, 0.3744513343519661, 1.522037149909804e-9, 0.6255487639999058, 9.822722518480241e-10, 0.16067936842506575, 4.760374214693263e-10, 0.6255487639214637, 4.185106131684025e-10, 9.979727086002551e-8, 0.3744511028015788, 0.3744511017766073, 0.1606793678338192, 0.37445110286443245, 3.8353735495917e-9, 5.490178405275383e-10, 1.281414548277402e-9, 0.21377193120988125, 1.2919417502510363e-7, 0.3744511676721838, 0.6255488180922287, 9.59147803434537e-9, 0.374451334016126, 1.0041480303022011e-9, 0.374451168522171, 2.772653092644235e-9, 6.56105963241705e-10, 3.3747900061347235e-10, 5.426993381593558e-10, 8.234251892793588e-10, 0.16067925974754252, 1.837436055612378e-8, 1.5130244587024103e-9, 0.1606792596614927, 4.645979753183421e-10, 5.339409824548915e-10, 0.37445133320768764, 0.16067925894520013]
v_opt: [0.14021418931726373, 0.16067925942886674]
solution time: 0.00489497184753418
McCormick lower bound: -2.9164651602002762

