x_opt: [0.5000000255633111, 0.5000000273528913, 3.804723309025731e-8, 0.8490420468226035, 0.17709315433811113, 0.15095785256001776, 0.15095785353407237, 0.8229068427009372, 0.15095785405263384, 0.5000000159836963]
w_opt: [0.5000000242527884, 3.7426675328188574e-8, 0.500000024559131, 1.2382723837013593e-7, 0.1509578515582665, 9.720707835702221e-9, 0.32290686980793626, 1.212894316131051e-9, 0.5000000094697615, 1.5751061042183514e-9, 0.5000000260954984, 2.986753748215016e-9, 0.15095785133017503, 6.878054313759203e-10, 0.5000000263816501, 6.007625991507439e-10, 4.422782487129924e-8, 3.6231689649937526e-8, 3.580408235520361e-8, 3.4125844142622945e-8, 3.720080192854979e-8, 5.0581432865922285e-9, 9.633730667520162e-10, 2.2913196986911635e-9, 0.026135202450470296, 3.1544853183653265e-8, 0.15095784351664895, 0.8229068393782466, 2.2291741205635815e-9, 0.5000000151578071, 1.6189455401958396e-9, 0.15095784720232686, 2.8963814233194928e-9, 1.333287992866039e-9, 7.896539799061332e-10, 6.143433312866508e-10, 9.635476101383782e-10, 0.15095785132837944, 1.3357781586930099e-8, 2.0096687072843987e-9, 0.1509578521984467, 6.02974561636062e-10, 1.0244917487641196e-9, 0.5000000129736998, 0.15095785081059715]
v_opt: [0.02278836208657929, 0.15095785281773955]
solution time: 0.004764080047607422
McCormick lower bound: -1.5698228507615977

