x_opt: [0.525847313145831, 0.8988883585908523, 0.10111163594549835, 0.8988883927672958, 0.10111163450725276, 0.10111161274182702, 0.10111163977210794, 0.8988883773588686, 0.10111160449640871, 0.1011116524420342]
w_opt: [0.5258473119336599, 0.10111163505998216, 0.5258473121535994, 3.0435082318755344e-7, 0.1011116113696952, 1.1135313805830271e-8, 0.4247356932182847, 1.3044479517134113e-9, 0.10111164752839776, 4.895125508315267e-9, 0.8988883576302248, 2.0128505412146312e-9, 0.10111161169301193, 1.0509309929301751e-9, 0.8988883576756989, 1.0268458610004214e-9, 1.2171052647280225e-8, 0.1011116350595342, 0.10111162986454807, 0.10111161059983685, 0.10111163476050695, 3.438575429033053e-8, 1.174809697948125e-9, 3.414809295869697e-9, 2.9554926340229284e-8, 2.6519706612460507e-8, 0.1011116340141181, 0.8988883744066692, 4.9833139272817846e-9, 0.10111165100713614, 2.3742144333293775e-9, 0.1011116326419293, 1.3399573833940981e-8, 1.5419619172156015e-9, 7.651791165731424e-10, 8.521170338961021e-10, 1.9473838809865513e-9, 0.10111160245250082, 4.8371326443804813e-8, 2.205667446486389e-8, 0.10111160321749245, 8.391519787017078e-10, 1.3164625228727154e-9, 0.10111164899413971, 0.10111160108842322]
v_opt: [0.01022393152679642, 0.10111160255042614]
solution time: 0.005992889404296875
McCormick lower bound: -4.042698924480652

