x_opt: [0.5258473161128095, 0.898888350829179, 0.10111163116040822, 0.8988883919162899, 0.10111163346192742, 0.10111160679079464, 0.10111163068684174, 0.8988883662123881, 0.10111160585623274, 0.10111167056845617]
w_opt: [0.5258473158375184, 0.10111163092887523, 0.5258473157634943, 1.2230863553887194e-7, 0.10111160636567348, 3.339177616744443e-9, 0.4247356828929763, 4.921702611758561e-10, 0.10111166963008736, 1.4876417036060903e-9, 0.898888350515203, 8.281347830995313e-10, 0.10111160637514413, 2.277469992654132e-10, 0.8988883506067594, 3.1971859564961084e-10, 2.155354751892127e-8, 0.10111163088738127, 0.10111161879472569, 0.10111160534981158, 0.10111163012872171, 1.3670755177837401e-8, 3.485092382206489e-10, 1.213848592537059e-9, 2.7296126631902952e-8, 6.6134022102367375e-9, 0.101111628888831, 0.8988883599027427, 4.797114934088085e-9, 0.10111167016334555, 7.201671792136621e-10, 0.10111162449146277, 1.0709350374150857e-9, 5.117048206243491e-10, 2.9651594500329937e-10, 1.9096044234248102e-10, 8.167762244805208e-10, 0.10111160538807623, 8.335057609887012e-9, 5.434747717424549e-9, 0.10111160537491513, 2.050860296295584e-10, 9.667142450888835e-10, 0.10111166939941975, 0.1011116046808421]
v_opt: [0.010223774912956425, 0.10111160537466747]
solution time: 0.005300998687744141
McCormick lower bound: -3.8914319815209546

