x_opt: [0.3431914793592829, 0.7764629294650371, 0.22353707048644025, 0.979303381861903, 0.22353707051235336, 0.22353707045945878, 0.2235370704795057, 0.7764629294943269, 0.22353707040628573, 0.2235370705297162]
w_opt: [0.3431914793561952, 0.22353707048466098, 0.34319147935624733, 1.0942128876201699e-9, 0.22353707045419152, 1.0781987515120707e-10, 0.1196544088745009, 2.929773000537617e-12, 0.2235370705208103, 1.8810579214464167e-11, 0.776462929461975, 8.842835922602572e-12, 0.2235370704572698, 1.7515070123763712e-12, 0.7764629294615312, 2.5069870758892962e-12, 5.0272357122195884e-12, 0.22353707048474256, 0.22353707046845367, 0.22353707044605292, 0.2235370704769471, 8.472585139087762e-11, 2.905470580379517e-12, 1.3036304541516709e-11, 0.20284045238309362, 0.20284045234997694, 0.22353707045394935, 0.7764629294771909, 0.20284045228373926, 0.22353707052340777, 1.1162787884081103e-11, 0.22353707046713228, 1.4035317170579417e-11, 4.727496194074868e-12, 4.114712769760919e-12, 2.5784049451070886e-12, 7.369824423571428e-12, 0.22353707039845905, 1.6416674143963033e-10, 3.443805449750376e-11, 0.2235370704028553, 2.0471115436819333e-12, 1.0170887603722918e-11, 0.22353707050108287, 0.22353707039699588]
v_opt: [0.04996882823977968, 0.2235370704011658]
solution time: 0.0046389102935791016
McCormick lower bound: -3.7352799124396845

