x_opt: [0.46234076459129075, 0.7842298552812385, 0.21577014097478647, 0.8739014024902384, 0.21577014353355214, 0.12609871746247842, 0.2157701424430628, 0.7842298585359381, 0.12609861713061638, 0.215770146008755]
w_opt: [0.4623407641347655, 0.21577014068092992, 0.4623407643064424, 3.5388602768481294e-8, 0.12609871704082765, 2.858703174366729e-9, 0.24657062394959395, 3.3552281657070134e-10, 0.21577014546058645, 1.5478320820976967e-9, 0.7842298550072783, 6.392801079709125e-10, 0.12609871719033122, 3.178279130184461e-10, 0.7842298549831083, 2.9446233829929217e-10, 1.736914711073032e-9, 0.21577014072090042, 0.21577013946586218, 0.12609871695233926, 0.21577014064895791, 8.399154468681856e-9, 3.4364936100130977e-10, 8.581876079441173e-10, 0.08967154665743246, 1.249908273551003e-7, 0.2157701411106964, 0.7842298577373001, 2.0287073885405712e-8, 0.21577014554257376, 6.70498519115218e-10, 0.21577014060014132, 2.4966322138043914e-9, 4.1705304654959895e-10, 2.1407864962638954e-10, 2.989289440193299e-10, 5.553286330487535e-10, 0.12609861669352562, 9.356229112152884e-9, 3.1750712174048957e-9, 0.12609861674099904, 2.749380192521995e-10, 3.4928307905685355e-10, 0.21577014507978703, 0.12609861629797423]
v_opt: [0.046556858204464195, 0.12609861649110973]
solution time: 0.006738901138305664
McCormick lower bound: -4.461167863902062

