x_opt: [0.49999999563745695, 0.5000000076053646, 1.3100942389997683e-7, 0.8490419779650512, 0.17709322114060713, 0.1509578389562886, 0.15095784124959782, 0.8229067764872149, 0.15095783910371943, 0.500000001331307]
w_opt: [0.49999999462449624, 1.3064362701315022e-7, 0.49999999509397025, 5.035204810750738e-7, 0.1509578383670632, 1.2722156742764683e-8, 0.322906773330471, 5.658972095281614e-10, 0.49999998964485826, 9.653767333881214e-10, 0.5000000068781958, 1.480826956046077e-9, 0.15095783838494642, 3.881749548420889e-10, 0.5000000069819256, 3.412990931235853e-10, 9.49156754186718e-9, 1.3010366847684228e-7, 1.2962601392156657e-7, 1.286860134583415e-7, 1.3053353491115562e-7, 3.1477446450339004e-9, 5.513260395036124e-10, 1.2297885052916453e-9, 0.02613519976932444, 1.74605830645474e-8, 0.15095783355377104, 0.8229067750208252, 1.1602571682037474e-9, 0.5000000008224661, 9.450666946265083e-10, 0.15095783551116584, 2.216391246425562e-9, 7.227258380744697e-10, 4.4835086941152216e-10, 4.2169822537970956e-10, 5.720351732673868e-10, 0.1509578380927853, 7.695210902284838e-9, 1.4541147215407256e-9, 0.15095783777125224, 3.735813142950982e-10, 6.206780177548025e-10, 0.49999999965037867, 0.1509578371961489]
v_opt: [0.02278857887669193, 0.15095783833991402]
solution time: 0.004789113998413086
McCormick lower bound: -1.5298996909705656

