x_opt: [0.36863673963190996, 0.6313632620384142, 0.3026751311514562, 0.8091780349592187, 0.3686367372226171, 0.1908225084173477, 0.30267513905862403, 0.6313632628169132, 0.19082196526942746, 0.36863673810694125]
w_opt: [0.3686367395358159, 0.3026751311017323, 0.3686367395785717, 3.143662910209121e-9, 0.19082250834509437, 7.100356827270105e-10, 2.6015872875398623e-9, 5.1328338145879326e-11, 0.36863673797830243, 1.4458195869800983e-10, 0.6313632619757134, 1.1303095541860694e-10, 0.19082250837150022, 4.7090962186026834e-11, 0.6313632619616293, 4.471895838549414e-11, 2.429567931802701e-10, 0.3026751310949133, 0.30267513099504995, 0.19082250829179248, 0.30267513109308014, 3.951960226665694e-10, 5.951695525024033e-11, 1.2764294054705016e-10, 0.17781477228885467, 5.452262218281784e-7, 0.30267513878034835, 0.6313632626490899, 3.4521453566599447e-10, 0.36863673803079544, 1.0814501812129047e-10, 0.3026751388778313, 1.503449796009242e-10, 6.750101443832585e-11, 4.128289249597566e-11, 6.854207133228912e-11, 8.974149263405405e-11, 0.19082196519798314, 1.0273847040347174e-9, 1.6326841087015817e-10, 0.19082196517885958, 5.280615313254369e-11, 6.937125794967772e-11, 0.36863673791881096, 0.19082196510541374]
v_opt: [0.09161228128553817, 0.19082196516308547]
solution time: 0.006124973297119141
McCormick lower bound: -2.530065573784161

