x_opt: [0.6650604872477408, 0.9952162689198355, 0.004783727297123221, 0.9952162809002809, 0.004783729239777783, 0.004783719156170334, 0.004783728972491618, 0.9952162744706156, 0.004783719116580274, 0.18698752863804133]
w_opt: [0.6650604868066505, 0.004783726905428945, 0.665060486826058, 1.9489958651117407e-8, 0.004783718584715358, 3.040184006836279e-9, 0.6602767626607908, 7.428879283569618e-10, 0.1869875277361718, 1.963471568759804e-9, 0.9952162685423236, 7.533217354293957e-10, 0.004783718605472284, 4.825874305009464e-10, 0.9952162685947561, 4.6120740904999356e-10, 0.1822037979099986, 0.004783726887094657, 0.0047837250218286005, 0.004783718318548814, 0.004783726823200554, 1.179839905028062e-8, 5.29663290104506e-10, 1.7261707080874886e-9, 1.0987865748756339e-8, 9.873121698598405e-9, 0.004783726956216862, 0.995216273190705, 1.6585489604094322e-9, 0.18698752809900865, 9.98792793006751e-10, 0.004783726740280564, 4.464528345809594e-9, 7.306682903522982e-10, 3.1119054667809333e-10, 2.8968436715347837e-10, 7.898729880785837e-10, 0.004783718089452697, 9.168852449838578e-9, 4.710407218366518e-9, 0.0047837186224642175, 3.234074078515523e-10, 4.770270109844778e-10, 0.18698752751314388, 0.004783717814654843]
v_opt: [2.766841091242765e-5, 0.0047837183367439255]
solution time: 0.005773067474365234
McCormick lower bound: -4.400562262157556

