x_opt: [0.3193525807918417, 0.6806474199002424, 0.31935256705721116, 0.9506479172827977, 0.319352579275844, 0.3193525598095118, 0.31935256753723734, 0.6806474209303753, 0.049352084667688215, 0.3193525801336037]
w_opt: [0.31935258035380304, 0.31935256683754737, 0.3193525805634838, 1.9019979907355984e-8, 0.31935255947843655, 2.977988494316303e-9, 2.685016614254164e-9, 1.95657576867731e-10, 0.31935257954427815, 8.726521397830999e-10, 0.6806474196611264, 4.490546600501928e-10, 0.3193525596403433, 1.8142564258288085e-10, 0.6806474195534037, 1.8963177986537384e-10, 5.505770316327534e-10, 0.3193525668757034, 0.3193525660315252, 0.31935255927844625, 0.31935256684243385, 4.486758491649952e-9, 2.3385761151509354e-10, 4.927549064603595e-10, 0.2700004970421866, 0.2700004804952088, 0.3193525665837092, 0.680647420298319, 2.6814022564570903e-9, 0.3193525797751956, 4.466795539702455e-10, 0.31935256663813444, 6.054475392647812e-10, 2.5993255794700656e-10, 1.6670086103922377e-10, 3.0438652518372855e-10, 4.353553943988964e-10, 0.04935208434778923, 4.0587403322435186e-9, 9.028139867289576e-10, 0.04935208432760216, 2.2024580744808007e-10, 3.0023837155926665e-10, 0.31935257933814865, 0.04935208406596618]
v_opt: [0.10198613801207412, 0.049352084205731235]
solution time: 0.004960060119628906
McCormick lower bound: -3.3749568753832744

