x_opt: [0.525701796081906, 0.8987908492926867, 0.10120915039321496, 0.8989524517747793, 0.10120915067248103, 0.10120914820012201, 0.10120915045868019, 0.898790849602745, 0.10120914769770982, 0.1012091507110578]
w_opt: [0.5257017960018656, 0.1012091503471692, 0.5257017960310756, 2.3602177230198682e-9, 0.1012091481234865, 4.4410023024455816e-10, 0.42449264580748153, 5.93855843178831e-11, 0.10120915061401442, 2.974410957239536e-10, 0.8987908492466302, 1.0724858333703302e-10, 0.10120914815241747, 4.640326633437812e-11, 0.8987908492442152, 5.28000635406694e-11, 8.698693690520501e-11, 0.1012091503553841, 0.10120915010392947, 0.10120914811754324, 0.10120915032162675, 1.1546641441465895e-9, 5.6483206983378625e-11, 1.4188574254752175e-10, 0.00016160256370314758, 0.00016160068454315548, 0.10120915026891056, 0.8987908494754497, 0.00016159957711194667, 0.10120915062544866, 1.1304459409831539e-10, 0.10120915028590598, 3.4127991379019543e-10, 6.825752123701557e-11, 3.877765021227504e-11, 4.5149540690326695e-11, 9.455392745017459e-11, 0.10120914762073363, 9.565605363710095e-10, 3.2432009020855845e-10, 0.1012091476431322, 4.2930778842933076e-11, 6.770732725154669e-11, 0.10120915054660362, 0.10120914756340223]
v_opt: [0.010243638838761844, 0.1012091475998177]
solution time: 0.005728960037231445
McCormick lower bound: -5.64175307353733

