x_opt: [0.3622595037968501, 0.6377504533681643, 0.22390034225722852, 0.7760999208633425, 0.3622495334936596, 0.22390021724125367, 0.22390037720517728, 0.6377505020709165, 0.2239001960407652, 0.3622495552910597]
w_opt: [0.36225949815368635, 0.22390033984583324, 0.3622595009242537, 5.331323638114701e-7, 0.22390021016246323, 8.51144496936493e-8, 1.0086787400835802e-5, 2.750771933906591e-9, 0.3622495318355532, 1.0704570571785373e-8, 0.6377504495237534, 1.062739358804765e-8, 0.2239002150225463, 1.847189165907497e-9, 0.6377504479371421, 1.8862885525301334e-9, 1.1517733528945469e-8, 0.22390034006425494, 0.22390033405779644, 0.22390018978407292, 0.2239003381066461, 8.382305817627978e-8, 2.779772219821245e-9, 9.061132004592275e-9, 0.13834946512811155, 2.3455423410381326e-7, 0.22390035367772626, 0.6377504852625168, 1.824319057700522e-7, 0.3622495504954168, 9.674556701198136e-9, 0.2239003544894257, 5.119170857855021e-8, 4.877784736600639e-9, 4.804534956389638e-9, 2.344339233542412e-9, 5.203885333745359e-9, 0.22390017995059366, 6.304573327503907e-8, 5.1413087076758744e-8, 0.2239001903213499, 1.9822620621109887e-9, 8.643582527245955e-9, 0.36224954176876756, 0.22390018309480386]
v_opt: [0.0501321747578592, 0.22390019117457094]
solution time: 0.008212804794311523
McCormick lower bound: -2.6258563098118324

