x_opt: [0.27574400672949234, 0.724258959477489, 0.2693509751028658, 0.9999995944799198, 0.2757410374302547, 0.2693509672406312, 0.2693509791973211, 0.724258967560754, 0.269350916098562, 0.27574103708543446]
w_opt: [0.2757440035002513, 0.2693509733188159, 0.27574400457946013, 1.5742528876781399e-7, 0.2693509641435304, 2.668916530550665e-8, 2.9796215526100395e-6, 1.9801444868439438e-9, 0.2757410333273154, 6.363180462489578e-9, 0.7242589573060179, 4.937171563694363e-9, 0.26935096550923393, 1.4946765732865038e-9, 0.7242589565779027, 1.780202018878576e-9, 2.995117334828758e-9, 0.26935097346672776, 0.2693509680475634, 0.26935096332420305, 0.2693509723423565, 1.766461491785804e-8, 2.165131366240574e-9, 4.798640398677795e-9, 0.2757406363610691, 0.26935058548531915, 0.2693509708115133, 0.7242589621178194, 0.2693505145405661, 0.27574103374921194, 4.276005488346095e-9, 0.26935097368296596, 7.904490358252022e-9, 2.504988002246554e-9, 1.68300027036744e-9, 2.2607325352287673e-9, 3.3117466372328805e-9, 0.2693509130440116, 3.800515016751743e-8, 6.689240802637249e-9, 0.2693509132731444, 1.8224578778034752e-9, 3.087991848690175e-9, 0.2757410288691352, 0.26935091065026767]
v_opt: [0.07255026713171463, 0.2693509121425863]
solution time: 0.005880117416381836
McCormick lower bound: -3.5922070994918354

