x_opt: [0.7474424924077737, 0.7776081800127249, 1.123947900414122e-6, 0.9999963217498391, 0.22239173300140216, 1.1280759595330768e-6, 0.2223917973290574, 0.7776083403808552, 1.1608565076300206e-6, 0.7776075323894813]
w_opt: [0.747442484254402, 1.1176613734938904e-6, 0.7474424872068208, 1.0193554547126456e-6, 1.1207883664083045e-6, 6.443294517353687e-8, 0.5250508761063509, 7.093460387735364e-9, 0.7474424768950337, 1.329150717756113e-8, 0.7776081736587435, 2.662703688979468e-8, 1.1219894393906405e-6, 1.0179026516830986e-8, 0.7776081730719592, 4.881760979339765e-9, 0.5552157207982462, 1.1143205739161301e-6, 1.110569013776006e-6, 1.0851121390756207e-6, 1.1192839158156358e-6, 3.078320755010931e-8, 6.589214480739388e-9, 1.6734893218667517e-8, 0.2223880645053735, 4.033045085190972e-8, 0.22239172686519706, 0.7776083216064926, 9.356789271440309e-9, 0.7776075260606901, 1.35401362512959e-8, 0.22239168730645947, 1.1550762502545421e-7, 1.0265311582524658e-8, 4.143081088969153e-9, 5.646676189908718e-9, 9.276022069638083e-9, 1.1190461662218334e-6, 1.3606920381843335e-7, 1.5672860324510276e-7, 1.1509745067310895e-6, 5.671770553181004e-9, 5.594553338049193e-9, 0.77760751761796, 1.138083200318029e-6]
v_opt: [0.04945830256181982, 1.1507447268280311e-6]
solution time: 0.004706859588623047
McCormick lower bound: -2.2878199611019636

