x_opt: [0.6719727751672411, 0.9999964770347306, 3.4665302318700585e-6, 0.999999905025242, 3.5217899888033595e-6, 9.55339989700205e-8, 3.517905530385213e-6, 0.9999964848299833, 9.532520485459276e-8, 0.1912573831808245]
w_opt: [0.6719727745885268, 3.4660360462459953e-6, 0.671972774683971, 2.3301092486486168e-8, 9.487981908945292e-8, 3.873386011621605e-9, 0.6719692612049599, 8.133573632367056e-10, 0.19125738212908183, 1.7235407175715796e-9, 0.9999964765759937, 1.1861846511077619e-9, 9.491088507465254e-8, 5.895917363856282e-10, 0.9999964766123842, 5.11196008063178e-10, 0.1912538606979129, 3.465975201461923e-6, 3.464821526627873e-6, 9.451942232588666e-8, 3.4660742866143325e-6, 7.109596224534332e-9, 6.409305986773117e-10, 2.0127763481882993e-9, 3.427720754463565e-6, 1.1931551375536017e-8, 3.515242552994775e-6, 0.9999964834166126, 2.1101248937362894e-9, 0.1912573825650239, 1.171243115778365e-9, 3.5157793599421925e-6, 7.590072522497277e-9, 8.651963122479073e-10, 3.6337284491366997e-10, 3.780080806793334e-10, 8.690909754216568e-10, 9.41707454674571e-8, 1.031768556573608e-8, 4.3230295661268625e-9, 9.469536826540618e-8, 4.14499870148238e-10, 5.137294005665594e-10, 0.1912573818484942, 9.367288753997933e-8]
v_opt: [9.49710792379091e-7, 9.437743782599148e-8]
solution time: 0.004729032516479492
McCormick lower bound: -3.697898479021692

