x_opt: [0.5258471912961132, 0.8988882619396246, 0.10111173052934276, 0.8988884124976737, 0.10111173612515253, 0.1011116912794743, 0.10111173150724254, 0.8988882656818129, 0.10111168618088964, 0.10111173849402894]
w_opt: [0.5258471905884916, 0.10111173004343296, 0.5258471906832818, 5.949383592056451e-8, 0.10111169043874146, 5.472998834629187e-9, 0.42473545823239056, 6.667043486555961e-10, 0.1011117372157536, 2.7251549961246383e-9, 0.8988882613839414, 1.1216045232946465e-9, 0.10111169072435286, 4.665527010212453e-10, 0.8988882613757592, 5.550941255627918e-10, 1.2822621621773836e-9, 0.10111173007491028, 0.101111727463679, 0.10111169023717377, 0.10111172975319134, 1.3009631278121912e-8, 6.238183562070214e-10, 1.5502709560863455e-9, 1.4990574315121763e-7, 1.1369812529040963e-7, 0.10111172913999168, 0.8988882641761652, 9.990312700550625e-8, 0.10111173759484929, 1.2294969818503937e-9, 0.10111172918904832, 2.6221619957641344e-9, 7.645661387056962e-10, 4.5726378004208407e-10, 4.857510793111213e-10, 9.927598923940831e-10, 0.10111168524506566, 1.1351699606153216e-8, 3.550188539829922e-9, 0.10111168549370234, 4.5782379005746765e-10, 8.156727470945938e-10, 0.1011117365311897, 0.1011116845410467]
v_opt: [0.010223711863987664, 0.10111168512089214]
solution time: 0.005048036575317383
McCormick lower bound: -4.438741265013429

