x_opt: [0.5258473048327369, 0.8988883676587905, 0.10111163104298676, 0.898888383719598, 0.10111163248497711, 0.10111161884995977, 0.10111163203225434, 0.8988883682967926, 0.10111161878637584, 0.10111163226075766]
w_opt: [0.5258473047504298, 0.10111163097093691, 0.5258473047489783, 1.2305979305699757e-8, 0.10111161872542973, 7.06432970140807e-10, 0.42473567332128626, 1.1585505713874087e-10, 0.10111163207524336, 3.412855668328248e-10, 0.8988883675799513, 2.345862882212729e-10, 0.10111161875629321, 7.692676214303151e-11, 0.8988883675828089, 8.064012401944426e-11, 6.735949045152033e-11, 0.10111163097284927, 0.10111163069208315, 0.10111161871955239, 0.1011116309729363, 1.668772710765602e-9, 9.632016235452973e-11, 2.5729259504383574e-10, 1.636984094371057e-8, 3.5858346048934616e-9, 0.10111163168037261, 0.8988883680845993, 2.632744411618062e-9, 0.10111163213504214, 1.8749170637588155e-10, 0.10111163170656406, 8.925814814435172e-10, 1.2274571136832086e-10, 6.886650081182247e-11, 6.406957434735123e-11, 1.1925011530537375e-10, 0.10111161859979494, 1.7252344982784329e-9, 7.026320978770574e-10, 0.10111161869874088, 6.487389491322843e-11, 1.015766235347415e-10, 0.1011116319897759, 0.10111161857564308]
v_opt: [0.010223736895768849, 0.10111161863184683]
solution time: 0.004891872406005859
McCormick lower bound: -4.575626768974632

