x_opt: [0.7360569137160348, 0.7360569336065895, 1.1957692783042638e-7, 0.9999782650889925, 0.21356887561301055, 4.085052759879608e-6, 0.21356910863973985, 0.7864308526876561, 4.094314011876244e-6, 0.7864303455433215]
w_opt: [0.7360569047768495, 1.15161646694153e-7, 0.7360569078561741, 2.4022451197137874e-6, 4.078770860370108e-6, 8.71025599158739e-8, 0.5224877767213549, 6.978131866584979e-9, 0.7360569022672991, 9.878481582188272e-9, 0.736056924971845, 2.599510542750989e-8, 4.078025061183567e-6, 5.418306539778496e-9, 0.7360569260130814, 3.91188552049122e-9, 0.5224872863628536, 1.0450440719929543e-7, 1.070229262307334e-7, 9.295947671382914e-8, 1.1460333184286305e-7, 2.8379304283673673e-8, 6.341984787205038e-9, 1.3791977873253108e-8, 0.21354714958423437, 7.723475648778187e-8, 0.21356899668613666, 0.7864308306591389, 9.528823837715795e-9, 0.7864303402297305, 1.0696118689778432e-8, 0.2135688347919911, 1.3524616531507768e-8, 8.718129889424727e-9, 4.748678990995496e-9, 4.907536631758641e-9, 6.91718962114303e-9, 4.076458484705001e-6, 9.118814621499862e-8, 1.92722110210104e-8, 4.08325621018189e-6, 4.566045907790019e-9, 6.2604898388301e-9, 0.7864303229761558, 4.0704079934975816e-6]
v_opt: [0.04561304055205977, 4.085595026264398e-6]
solution time: 0.0046749114990234375
McCormick lower bound: -1.3833077157096385

