x_opt: [0.3622556740172893, 0.6377441869321396, 0.2239030736508326, 0.7760968335313538, 0.3622556913155457, 0.2239031292359958, 0.22390307383185776, 0.6377442948005874, 0.22390310286017248, 0.36225575818825334]
w_opt: [0.362255673753163, 0.22390307357235678, 0.3622556738784755, 4.4608458987670425e-7, 0.22390312909273144, 1.693824117535843e-7, 1.8572288987218993e-8, 8.451731422307161e-11, 0.3622556738860034, 3.567896251204365e-10, 0.6377441866609119, 1.8943323343841133e-9, 0.2239031291512598, 9.566734705343576e-11, 0.6377441836583397, 8.310583595248926e-11, 9.754901069069113e-11, 0.22390307349371472, 0.22390307321979633, 0.22390307306973017, 0.22390307347891517, 2.4107270015675104e-9, 1.3274241073108278e-10, 3.009939035069813e-10, 0.13835252510277005, 4.3068270699423e-8, 0.2239030693903525, 0.637744294335445, 1.274753076197675e-9, 0.36225575802538246, 3.3633702255949375e-10, 0.22390307343027016, 6.053818048100921e-10, 2.1510070242270244e-10, 1.5717709174575448e-10, 3.7553038707966255e-10, 1.160620620922059e-10, 0.22390310224997684, 1.4292938640015151e-8, 1.0782531306965975e-9, 0.2239030730360421, 1.2961235874164787e-10, 2.6178991407108684e-10, 0.36225575397719617, 0.22390310223739826]
v_opt: [0.05013259182327769, 0.22390310255380952]
solution time: 0.007941007614135742
McCormick lower bound: -1.2722023936063955

