x_opt: [0.525847192108078, 0.8988878058224585, 0.10111166764515275, 0.8988883031083247, 0.10111184007390604, 0.10111167300969039, 0.10111169004577251, 0.8988881563081352, 0.10111168165833398, 0.10111220865102334]
w_opt: [0.5258471880149319, 0.10111166438913718, 0.5258471858626024, 4.961999023811101e-7, 0.10111166650513016, 4.5804729939536306e-8, 0.424735355802833, 7.016848373725621e-9, 0.10111219761211904, 1.2566086888097425e-8, 0.8988878000500548, 8.47395797731223e-9, 0.1011116664271612, 3.055873474794419e-9, 0.8988878014942228, 3.822282691184824e-9, 1.8999902071355763e-8, 0.10111166261501024, 0.1011116457123431, 0.10111164724194367, 0.10111166088092419, 8.297658586908923e-8, 5.127248854508347e-9, 1.3248314425049988e-8, 1.52346911978156e-7, 7.605083894099491e-8, 0.10111166365736712, 0.8988881419403761, 1.2883253963349353e-8, 0.10111220298212481, 9.350178374077144e-9, 0.10111166545541281, 9.872258849276162e-9, 6.883031656997217e-9, 4.776390954763072e-9, 3.0025102211901073e-9, 6.080240005638496e-9, 0.10111166577012236, 6.769224897906976e-8, 1.743224501399977e-8, 0.10111167414730894, 3.033434819983649e-9, 8.018696950666472e-9, 0.10111219113216104, 0.10111166680426885]
v_opt: [0.010226775119320219, 0.10111167487164184]
solution time: 0.00513911247253418
McCormick lower bound: -2.5741372069719377

