x_opt: [0.5258473140683181, 0.8988883819365834, 0.10111161474602318, 0.8988883857980334, 0.1011116169250402, 0.10111161480253998, 0.10111161473547002, 0.8988883830217873, 0.10111161479559387, 0.10111161815738735]
w_opt: [0.5258473140171758, 0.10111161470577891, 0.5258473139949301, 1.0723863387009794e-8, 0.10111161471932734, 6.123852029078272e-10, 0.4247356972108092, 7.896410562274405e-11, 0.10111161803402413, 2.0342387321561353e-10, 0.898888381870718, 7.651014607084228e-11, 0.10111161473152422, 3.674087524571926e-11, 0.8988883818874376, 5.152667996885109e-11, 1.3962208701200069e-10, 0.10111161469607154, 0.10111161438137328, 0.10111161460521942, 0.10111161462718418, 2.1427144759144508e-9, 6.076623854049998e-11, 1.582312566684114e-10, 2.8556520172437553e-9, 4.450296015708046e-9, 0.10111161445585588, 0.898888382858868, 7.979954713990211e-10, 0.10111161808041758, 1.175304918395248e-10, 0.10111161447240617, 8.286871189348506e-11, 8.07217695906998e-11, 5.661025735236587e-11, 3.738605975625328e-11, 8.414061361121507e-11, 0.10111161468128264, 9.091501149226376e-10, 2.6368048641737734e-10, 0.10111161471765304, 3.730196517969075e-11, 1.0267695128893244e-10, 0.10111161794140185, 0.10111161460570904]
v_opt: [0.010223571654010593, 0.10111161470914427]
solution time: 0.005381107330322266
McCormick lower bound: -3.311851102655073

