x_opt: [0.43665134767189634, 0.4366513476821296, 6.583414416281376e-9, 0.7819066722975987, 0.21809332738864481, 0.2180933277150457, 0.2180933261830293, 0.5633486734431764, 0.2180933275536028, 0.5633486753025616]
w_opt: [0.436651347332439, 6.464531051699547e-9, 0.4366513474641043, 4.113783664040852e-8, 0.2180933275302855, 5.3028548929910005e-9, 2.13900434938362e-8, 2.1633618023394823e-10, 0.4366513472938986, 2.626136068802134e-10, 0.4366513473181342, 2.0089859382304702e-9, 0.21809332747166701, 1.4173153003574959e-10, 0.4366513474054388, 1.0609890843062267e-10, 2.319718368318257e-8, 5.5972558412276934e-9, 6.212622197079456e-9, 4.440491801717465e-9, 6.420187801241622e-9, 9.436080151235276e-10, 1.8921328088035482e-10, 4.06475368907346e-10, 4.061313742405528e-10, 7.812345243966186e-9, 0.21809330779988237, 0.5633486727733246, 5.184895613300366e-10, 0.5633486751524351, 3.0595344433436415e-10, 0.21809315708771884, 3.10719469419037e-10, 2.6071149624905075e-10, 1.670412722728983e-10, 1.3739489772565531e-10, 1.8119612155255953e-10, 0.21809332730868725, 3.127810863734636e-9, 4.657871522854535e-10, 0.21809332554990507, 1.2459156310479824e-10, 2.12091158518472e-10, 0.5633486725324128, 0.21809332677796012]
v_opt: [0.0475649981269996, 0.21809332733944956]
solution time: 0.005491018295288086
McCormick lower bound: -1.0866993912851832

