x_opt: [0.5258473084027883, 0.8988883104170894, 0.10111161385490106, 0.8988883866930553, 0.1011116347957413, 0.10111161384318593, 0.10111161375764222, 0.8988883675681999, 0.10111161382639575, 0.101111702350687]
w_opt: [0.5258473082631733, 0.10111161374614969, 0.5258473081837027, 1.5709809244664641e-7, 0.10111161344905223, 5.874053737140399e-9, 0.4247356764948623, 3.33084327298038e-10, 0.10111170198393553, 6.228675262400095e-10, 0.8988883101942376, 2.8972342651974706e-10, 0.10111161357243702, 1.2839918875377259e-10, 0.8988883102862582, 1.535528717152743e-10, 1.2865905486191198e-8, 0.10111161367095232, 0.10111161184214015, 0.10111161255075529, 0.1011116134779991, 1.6139187039846653e-8, 2.3567552944408655e-10, 7.935120463606315e-10, 2.208040862590848e-8, 6.506998695550461e-9, 0.10111161098865813, 0.8988883660071553, 2.405148188159801e-9, 0.10111170211969739, 5.019098260699415e-10, 0.10111161080073723, 3.270760884662657e-9, 4.3777175317241587e-10, 3.153932472011222e-10, 1.0113222243199124e-10, 3.0752517956935954e-10, 0.1011116133303912, 5.557271647505554e-9, 2.741685427375987e-9, 0.1011116133321266, 1.0855696406557243e-10, 5.336093634936356e-10, 0.1011117015327157, 0.10111161301387876]
v_opt: [0.010223658048067854, 0.10111161353330343]
solution time: 0.004795074462890625
McCormick lower bound: -2.7721124261539556

