x_opt: [0.5258473956091526, 0.8988884353520009, 0.10111155987884106, 0.8988884423316662, 0.10111156250953997, 0.10111155788585112, 0.10111156007547853, 0.8988884399572706, 0.10111155798910305, 0.10111167218650004]
w_opt: [0.5258473955316272, 0.10111155980580262, 0.5258473955163755, 1.210046591919481e-8, 0.10111155776655432, 6.043059365349397e-10, 0.4247358357359237, 1.7361276626934256e-10, 0.10111167145954839, 4.082410222327224e-10, 0.8988884352725699, 3.2498293319495066e-10, 0.10111155775812095, 8.00003061857921e-11, 0.898888435287199, 9.424132655714298e-11, 1.0761752809736018e-7, 0.10111155979834112, 0.10111155895009144, 0.10111155770019434, 0.10111155974308098, 2.271166255789313e-9, 1.0516783794729822e-10, 3.595233435157219e-10, 5.081395515601364e-9, 2.039990899491657e-9, 0.10111155957836411, 0.8988884386900317, 1.082682335642359e-9, 0.10111167207846054, 2.0275393835654156e-10, 0.10111155892058939, 2.67349950827874e-9, 1.5321957792632004e-10, 7.100325682070599e-11, 5.213261116328741e-11, 1.8716244486327122e-10, 0.10111155771908344, 1.707716019183344e-9, 7.853051926736032e-10, 0.10111155789171906, 5.905040284315567e-11, 1.3000455590252507e-10, 0.10111167194578344, 0.1011115577458564]
v_opt: [0.010223551157555782, 0.10111155784489166]
solution time: 0.00545501708984375
McCormick lower bound: -4.36172051168006

