x_opt: [0.3193536196492249, 0.6806485057633525, 0.319351482847544, 0.9506476527213717, 0.3193514920304155, 0.31935145131761783, 0.3193514838498542, 0.6806485095452416, 0.049352352569911315, 0.3193514969453118]
w_opt: [0.31935361885743097, 0.3193514823690629, 0.3193536191983122, 2.9406004016894343e-8, 0.3193514506498561, 4.785645597000954e-9, 2.1305190718774215e-6, 5.092102278106648e-10, 0.3193514955838779, 1.958011220048979e-9, 0.6806485053043877, 8.98372855030803e-10, 0.31935145089751776, 4.715533781152419e-10, 0.6806485052439409, 4.5618793673821403e-10, 3.3487725502598458e-9, 0.31935148241975797, 0.3193514810007793, 0.3193514503506411, 0.31935148227001225, 7.910716711152e-9, 5.476588044533317e-10, 1.3061163934001601e-9, 0.2699991457479911, 0.2699991123914729, 0.31935148152348186, 0.6806485081973095, 6.609173749890122e-9, 0.31935149622669434, 1.0387630921455652e-9, 0.31935148207544667, 2.3405798158134195e-9, 6.431862582957366e-10, 3.399234405911163e-10, 5.185251905462061e-10, 9.624338635518248e-10, 0.04935235184775119, 1.0552073051460905e-8, 1.5239420892478736e-9, 0.049352351893762435, 4.5857536738768766e-10, 5.603650416968515e-10, 0.31935149547085556, 0.049352351182889026]
v_opt: [0.10198538578168372, 0.049352351553329406]
solution time: 0.004563093185424805
McCormick lower bound: -3.906385909509532

