x_opt: [0.31935258057526944, 0.6806474205703997, 0.31935256553602825, 0.9506479181375247, 0.31935257879896206, 0.3193525623506084, 0.3193525659009364, 0.6806474212341201, 0.0493520819894792, 0.3193525803031556]
w_opt: [0.31935258042667936, 0.3193525654681758, 0.319352580508595, 4.329827718984006e-9, 0.31935256225091113, 9.674004080054274e-10, 2.31017557217131e-9, 6.287662777981598e-11, 0.3193525801042326, 2.480399746636691e-10, 0.6806474204925951, 1.4491082069791545e-10, 0.31935256229630715, 6.413504648852464e-11, 0.6806474204630305, 5.996975385000594e-11, 1.0163038671476781e-9, 0.3193525654706688, 0.3193525652742781, 0.31935256217200175, 0.31935256545837065, 1.0048422613048573e-9, 7.667229518945279e-11, 1.612697802941827e-10, 0.2700004970860254, 0.2700004816505247, 0.31935256539273615, 0.6806474210181471, 4.2359852462269564e-10, 0.3193525801960701, 1.4226972839656498e-10, 0.3193525654438708, 1.8520513414714945e-10, 8.504713102049444e-11, 5.183047923289119e-11, 1.0263776481509643e-10, 1.4040034731991926e-10, 0.04935208188966706, 1.3718998721772509e-9, 2.811957156956385e-10, 0.04935208187028813, 7.357738786014396e-11, 9.101288894008047e-11, 0.3193525800571592, 0.0493520817837964]
v_opt: [0.10198606286930154, 0.04935208184027489]
solution time: 0.005958080291748047
McCormick lower bound: -2.9428364116254473

