x_opt: [0.47191073949385937, 0.801507998364735, 0.19849200105774747, 0.8776667051152894, 0.19849200161421932, 0.1223332952885129, 0.19849200109436163, 0.8015079984023888, 0.12233329524636734, 0.19849200163761405]
w_opt: [0.47191073948501944, 0.19849200105220927, 0.47191073948704915, 3.389678342874572e-10, 0.12233329527956133, 6.924722035675428e-11, 0.2734187379106353, 6.900961317876749e-12, 0.19849200162533692, 1.968665503894413e-11, 0.8015079983578498, 1.3554213163488723e-11, 0.1223332952824981, 5.062669908011813e-12, 0.8015079983570788, 5.565916374687441e-12, 1.33896255740505e-11, 0.1984920010518286, 0.19849200103517609, 0.12233329527564135, 0.19849200105077236, 6.627948745011185e-11, 7.0264443585445025e-12, 1.623861303271849e-11, 0.0761587067425262, 5.033547039846218e-10, 0.19849200106512793, 0.8015079983845825, 3.742257344978931e-10, 0.1984920016283237, 1.3151729700988017e-11, 0.19849200107462048, 2.6605627463542e-11, 8.339530601663228e-12, 5.1518438571722046e-12, 6.1983468430669816e-12, 1.0032291293645422e-11, 0.12233329523659069, 1.122257778831728e-10, 1.955612939530596e-11, 0.1223332952377516, 5.462718021428455e-12, 8.598522267916008e-12, 0.19849200161529887, 0.12233329522817467]
v_opt: [0.039399095388709025, 0.12233329523451615]
solution time: 0.005889892578125
McCormick lower bound: -3.1660881508323078

