x_opt: [0.4366523872737579, 0.4366523873272089, 4.985998204238578e-9, 0.7819080577471831, 0.2180919430693055, 0.2180919409588813, 0.2180919420976611, 0.5633490707950194, 0.21809194077874164, 0.5633490710307384]
w_opt: [0.4366523868269356, 4.839202775869103e-9, 0.43665238707819237, 2.877280330369706e-8, 0.21809194075072352, 3.388502292576825e-9, 1.4583943958913916e-6, 2.1591436932909175e-10, 0.43665238688777475, 3.191383779864695e-10, 0.4366523869918896, 1.3072222262929228e-9, 0.21809194073503346, 1.7994424343155584e-10, 0.4366523870226401, 1.2396847736341328e-10, 1.458613212858162e-6, 4.264397037277207e-9, 4.5671763181680945e-9, 3.705468064444804e-9, 4.818869815779853e-9, 9.737365458530199e-10, 2.120725004314347e-10, 4.45956109503356e-10, 1.3402125236930077e-9, 5.096134105547523e-9, 0.2180919374097981, 0.563349070014924, 4.5816811045714337e-10, 0.5633490708513897, 3.4470473136660374e-10, 0.2180919251720369, 3.736536842019862e-10, 2.7819526998318916e-10, 1.6229629057517214e-10, 1.8038271742790657e-10, 2.2726519265226495e-10, 0.2180919404460621, 3.3415009733772987e-9, 5.405372609127161e-10, 0.21809194001580431, 1.5662779545914884e-10, 2.1791885520146767e-10, 0.5633490696790205, 0.21809193992876422]
v_opt: [0.04756421375996453, 0.21809194048947947]
solution time: 0.004603862762451172
McCormick lower bound: -1.177219984154001

