x_opt: [0.5258472773967608, 0.8988883149123787, 0.1011116810367182, 0.8988883717353315, 0.10111168410503012, 0.10111162976022299, 0.10111168273217286, 0.8988883172326202, 0.1011116293973848, 0.10111168579337741]
w_opt: [0.5258472771574507, 0.10111168081451372, 0.5258472771576087, 1.2425044245611478e-8, 0.10111162940146906, 2.177051272120458e-9, 0.4247355951996941, 3.536145497440304e-10, 0.1011116852639724, 1.0030308373273811e-9, 0.8988883146582568, 4.845191913180906e-10, 0.10111162946853548, 2.269951504726314e-10, 0.8988883146779013, 2.51454316715412e-10, 9.862033597516562e-10, 0.1011116808005469, 0.10111167982745017, 0.10111162924241134, 0.10111168075030254, 5.094077391279532e-9, 2.98186635208738e-10, 8.051228776796966e-10, 5.6380283800256135e-8, 6.897552793611747e-9, 0.10111168155400754, 0.898888316553093, 1.816944831944542e-9, 0.10111168544328153, 5.639912087182998e-10, 0.10111168168142413, 1.7386853375802517e-9, 3.8236573184794134e-10, 2.0270417501033295e-10, 1.9714662601154185e-10, 4.305734857040132e-10, 0.10111162889065085, 4.803504330816495e-9, 1.4959932419707672e-9, 0.10111162908027756, 2.0025351892168526e-10, 3.255239261134082e-10, 0.10111168500316765, 0.10111162858980761]
v_opt: [0.01022357365345532, 0.10111162893474564]
solution time: 0.004997968673706055
McCormick lower bound: -3.8618604614366445

