x_opt: [0.5258470474619077, 0.8988880163050226, 0.10111185200881963, 0.8988883269375493, 0.10111196401428968, 0.1011118010518627, 0.10111185187279138, 0.898888038372386, 0.10111176903364692, 0.10111199269670905]
w_opt: [0.5258470454007621, 0.10111185054167685, 0.5258470457325688, 3.887381598138049e-7, 0.10111179858845291, 1.8205002675234685e-8, 0.42473508983901576, 2.055057304520159e-9, 0.10111198753863902, 9.450793817072743e-9, 0.8988880146999468, 2.2190209120386443e-9, 0.1011117993913788, 1.6664965232665633e-9, 0.8988880148078664, 1.672517876502917e-9, 1.054850080298142e-8, 0.10111185064804674, 0.10111184262296734, 0.10111179737573159, 0.10111184936680966, 9.784248457920165e-8, 1.90804133360293e-9, 5.102675186018813e-9, 2.9504103516501517e-7, 1.7538326447221272e-7, 0.10111184332358633, 0.8988880334526258, 1.0043465133871528e-7, 0.10111199005956051, 3.946094161688132e-9, 0.10111184256124248, 5.177525177031123e-9, 2.479819995259066e-9, 1.3179883116674754e-9, 1.4014749367029844e-9, 3.0935512629729593e-9, 0.10111176658304595, 5.0111059138518415e-8, 2.0409413100664145e-8, 0.10111176690547474, 1.333450417218546e-9, 2.325824195425854e-9, 0.10111198668678581, 0.1011117638444359]
v_opt: [0.010225984634445982, 0.10111176576448606]
solution time: 0.00538182258605957
McCormick lower bound: -4.496029292820054

