x_opt: [0.5258473168194764, 0.8988883866170655, 0.10111161293349814, 0.898888387048038, 0.10111161311604096, 0.101111612879838, 0.10111161288998904, 0.8988883868693874, 0.1011116128585194, 0.10111161340172996]
w_opt: [0.525847316798808, 0.101111612920516, 0.5258473168009453, 3.0200990433526005e-9, 0.10111161285395528, 1.8160190774118471e-10, 0.42473570370385805, 2.4814157888963487e-11, 0.10111161335028718, 6.371796417762261e-11, 0.8988883865969987, 2.8657178158052444e-11, 0.1011116128585126, 1.1709070929738546e-11, 0.898888386603205, 1.5831766389856824e-11, 4.730703846539133e-11, 0.10111161291759763, 0.10111161279439478, 0.10111161280661965, 0.10111161284382439, 4.660813866348608e-10, 1.809121090907449e-11, 4.815008231097557e-11, 2.102813676097449e-10, 7.729202232744743e-10, 0.10111161280878944, 0.8988883868113923, 2.671953758216276e-11, 0.10111161337670717, 3.570550562793659e-11, 0.1011116127218697, 2.8138803700020134e-11, 2.454491910208593e-11, 1.859813382773823e-11, 1.0810452929772013e-11, 2.5446044605799025e-11, 0.1011116128345244, 2.9215273639103774e-10, 1.789266188518408e-10, 0.10111161282455086, 1.0856158603647945e-11, 3.875387210673076e-11, 0.10111161333346833, 0.10111161281876818]
v_opt: [0.010223572263488592, 0.1011116128399757]
solution time: 0.004868984222412109
McCormick lower bound: -3.5312305735916696

