x_opt: [0.5258463935192278, 0.898887706250058, 0.10111228077349843, 0.898888794673225, 0.10111227124673565, 0.10111223442798828, 0.1011122862401154, 0.8988877483863879, 0.10111218527795113, 0.10111230247653345]
w_opt: [0.5258463904200762, 0.10111227831337488, 0.5258463909464105, 1.1484254408041577e-6, 0.10111223023716252, 3.4881548478869503e-8, 0.42473415025046724, 3.12846748428762e-9, 0.1011122447883821, 2.4814194490101087e-8, 0.8988877039414518, 8.02827127122731e-9, 0.10111223201401444, 2.8294010125351782e-9, 0.8988877040847059, 2.633516783803857e-9, 1.571220729813737e-8, 0.1011122788792569, 0.10111225373528882, 0.1011122297832783, 0.10111227722714387, 1.4998578127247973e-7, 2.8607309864031544e-9, 8.103542165909042e-9, 1.0725605149307675e-6, 1.0758239710854256e-6, 0.10111227371297175, 0.8988877399027836, 9.874305762165364e-7, 0.10111229821750002, 6.7770870589372205e-9, 0.1011122606866137, 2.3124630510595826e-8, 3.946604714477527e-9, 2.058066138237159e-9, 2.0368789787669733e-9, 6.127643580639963e-9, 0.10111217825641564, 1.3441994748821283e-7, 6.516609220075851e-8, 0.10111218244971443, 1.9665784248557963e-9, 4.281513044383804e-9, 0.10111229275115213, 0.1011121767044224]
v_opt: [0.010224085706371401, 0.1011121804316591]
solution time: 0.005081892013549805
McCormick lower bound: -5.047711343407499

