x_opt: [0.5258437461618353, 0.8988819259286817, 0.10111794924192298, 0.8988869581999215, 0.10111807332261913, 0.10111308187194099, 0.10111805815443482, 0.8988819752118182, 0.10111307864776647, 0.10111808794033049]
w_opt: [0.5258437419258264, 0.10111794590757334, 0.5258437425071825, 2.1978131107903206e-7, 0.10111307693272636, 3.012456816570559e-8, 0.4247257297993609, 5.186245859327041e-9, 0.10111807958113486, 1.370217048520462e-8, 0.8988819225426293, 1.0157356352272133e-8, 0.10111307774498088, 3.735603235794852e-9, 0.8988819227216955, 3.5413386902481813e-9, 1.9067897741525325e-8, 0.10111794572006386, 0.10111793474763112, 0.10111307515028595, 0.10111794580930093, 5.281041569923409e-8, 4.3683276302428035e-9, 1.2307604990583564e-8, 5.038333172982816e-6, 1.0914515663351399e-7, 0.10111804055753763, 0.8988819654102536, 4.2678102555666325e-8, 0.10111808311593311, 8.206496891533134e-9, 0.10111804181589729, 5.4667626982962005e-8, 5.671602462596574e-9, 2.746671248054223e-9, 2.8383835139925642e-9, 5.920037730857685e-9, 0.10111307041888165, 7.423708666542413e-8, 4.399052038938469e-8, 0.10111307429570136, 2.9397793856246045e-9, 4.060882009630362e-9, 0.10111807739338523, 0.10111306779231838]
v_opt: [0.010226250705419226, 0.101113071853824]
solution time: 0.005305767059326172
McCormick lower bound: -3.8671318471226304

