x_opt: [0.3193524445723272, 0.6806480668187408, 0.31935192265731466, 0.9506483421487524, 0.319351931705513, 0.31935190921416984, 0.31935192302544313, 0.680648070377566, 0.04935393767456968, 0.319351933303544]
w_opt: [0.3193524433679981, 0.31935192196798373, 0.31935244385666006, 3.598379723820657e-8, 0.3193519081846705, 7.542271795933626e-9, 5.167961551232734e-7, 7.060841088077052e-10, 0.31935193202397444, 3.1294596907008657e-9, 0.6806480661250178, 1.4148892629676228e-9, 0.3193519086285153, 6.038510800340112e-10, 0.6806480659637596, 6.680851218853317e-10, 1.4536470562523821e-9, 0.31935192206256346, 0.31935191951632014, 0.31935190793119245, 0.3193519214351577, 1.280742824443884e-8, 7.71016637306659e-10, 1.7482792895591955e-9, 0.2700002754397707, 0.2700002622325349, 0.3193519202032689, 0.6806480684465898, 2.2811917596380358e-6, 0.31935193210596924, 1.502005156734964e-9, 0.31935192081555114, 3.061954526456199e-9, 8.84361903576826e-10, 5.345234500829883e-10, 7.954606648330394e-10, 1.4103680808886113e-9, 0.04935393665482206, 1.3292873820392942e-8, 2.741572144917459e-9, 0.049353936730485375, 6.646532648368086e-10, 9.448710166150225e-10, 0.3193519308682534, 0.04935393578004872]
v_opt: [0.10198579075417746, 0.049353936202458724]
solution time: 0.005249977111816406
McCormick lower bound: -4.378384134317299

