x_opt: [0.5258472796918786, 0.8988883277843975, 0.10111164053395587, 0.8988883600239939, 0.10111167164399842, 0.10111164077761874, 0.10111164038652146, 0.8988883284177558, 0.10111164043202922, 0.10111167216768775]
w_opt: [0.5258472795858369, 0.10111164046020817, 0.525847279561755, 5.7723075220602373e-8, 0.1011116406301674, 2.7362755340826195e-9, 0.42473560826199674, 1.2907427299182133e-10, 0.1011116719821078, 3.6152332187071043e-10, 0.8988883276657497, 2.540806631647881e-10, 0.10111164066688791, 7.023904909607446e-11, 0.8988883276791523, 9.061065849116094e-11, 1.7740326701839658e-10, 0.10111164044735654, 0.10111163995547337, 0.10111164035277871, 0.10111164028848883, 2.720313833672787e-9, 1.1436469204858311e-10, 2.8370467510611983e-10, 3.188577088932648e-8, 4.0004852750435046e-9, 0.1011116396476104, 0.8988883281360865, 7.895278248183176e-10, 0.10111167200504692, 2.2923789290577117e-10, 0.1011116399351901, 2.5364510687277357e-10, 1.586403486134355e-10, 1.0250440143757886e-10, 7.611449328624672e-11, 1.4885437251301666e-10, 0.10111164023825396, 2.2750508870441184e-9, 5.802866504376865e-10, 0.10111164029459165, 7.332794601529683e-11, 1.883565011586328e-10, 0.10111167172189184, 0.1011116400994878]
v_opt: [0.010223645832275505, 0.10111164025158442]
solution time: 0.004742145538330078
McCormick lower bound: -3.39100562349447

