x_opt: [0.5258473042977772, 0.8988883728925404, 0.10111162215867478, 0.8988883878983581, 0.10111162580071373, 0.10111162139020217, 0.10111162219354537, 0.8988883743198874, 0.10111162113706251, 0.10111162751269248]
w_opt: [0.5258473041835041, 0.10111162206799575, 0.5258473041622944, 2.4470683369458827e-8, 0.10111162121777388, 1.1735648657297051e-9, 0.42473567883816354, 1.5156151940549453e-10, 0.1011116272619001, 4.671562933660929e-10, 0.8988883727696582, 2.2685868075815331e-10, 0.10111162126044869, 8.471678690264005e-11, 0.8988883727853768, 1.1171550502273158e-10, 5.368842477428065e-10, 0.10111162206245387, 0.10111162114347919, 0.10111162106104009, 0.10111162189379112, 2.3321599836775646e-9, 1.271119200518467e-10, 3.291436172608989e-10, 1.401615016454094e-8, 1.5684941188397937e-8, 0.10111162169032371, 0.8988883739562487, 9.70586208080649e-9, 0.10111162734246053, 2.491021427095673e-10, 0.10111162129110704, 3.38623169175349e-10, 1.6223037799732564e-10, 1.0262289298525022e-10, 8.588579558252952e-11, 2.2033147916451427e-10, 0.10111162090927991, 2.2989742472049754e-9, 6.230104868527285e-10, 0.10111162097993547, 8.451971811951906e-11, 2.3111996175116757e-10, 0.10111162708025934, 0.10111162076708273]
v_opt: [0.01022370998053426, 0.10111162093767681]
solution time: 0.004911184310913086
McCormick lower bound: -3.9477880006322876

