x_opt: [0.7429873387774755, 0.7907408146245629, 2.706135028417022e-7, 0.9999996252182614, 0.20925920641449736, 2.0987168265633732e-7, 0.2092589408195553, 0.7907410662841252, 2.2187833140638127e-7, 0.7429878135390591]
w_opt: [0.7429873352018883, 2.676294294360082e-7, 0.7429873364576822, 1.570712215344196e-5, 2.0662700899651604e-7, 3.412740800454568e-8, 0.5337284131353157, 4.0584207101806966e-9, 0.7429873250202169, 8.524449229555542e-9, 0.7907408122164693, 2.9551435406221292e-8, 2.0680694778224782e-7, 3.628214746685556e-9, 0.7907408122517083, 2.6775023981519522e-9, 0.5337286326572939, 2.673571581684096e-7, 2.6327034334285414e-7, 1.990361577745048e-7, 2.684343712533159e-7, 3.229292767737252e-8, 3.588458335839338e-9, 1.0495352088567137e-8, 0.20925883636859668, 1.2462966566035787e-7, 0.20925891740737, 0.7907410583274357, 5.953183178301788e-9, 0.7429878104976783, 7.213098288098932e-9, 0.20925893019956227, 2.796532770578213e-7, 6.272231703586934e-9, 1.810664190298304e-9, 2.2293657338485868e-9, 5.157688176307028e-9, 2.0560858496868043e-7, 5.2495788406483377e-8, 2.432120307576542e-8, 2.181127784489288e-7, 2.5540373040296976e-9, 2.480063375353343e-9, 0.7429878066163832, 2.1149654507177807e-7]
v_opt: [0.04378937219223273, 2.1745502938152424e-7]
solution time: 0.005141019821166992
McCormick lower bound: -3.351648431864314

