x_opt: [0.5000000729018165, 0.5000000881436403, 1.1956235167824638e-7, 0.8490421056334766, 0.17709317645214187, 0.15095779370408588, 0.15095792537365113, 0.8229067888023702, 0.15095779493334177, 0.5000000865013255]
w_opt: [0.500000072121679, 1.1916936168727214e-7, 0.5000000723714562, 2.4827038319765815e-7, 0.15095779310189963, 1.3983092009898496e-8, 0.3229068627230246, 6.119076442416652e-10, 0.5000000703317071, 1.0143279398282455e-9, 0.5000000874357293, 2.4833938614145403e-9, 0.15095779310105495, 4.480235202589942e-10, 0.50000008752678, 3.636852208242402e-10, 1.7528762708971175e-7, 1.1844974350639454e-7, 1.181875713738904e-7, 1.1691683946440729e-7, 1.1909990915392096e-7, 6.2481056641694936e-9, 6.217843699441687e-10, 1.4111924955649309e-9, 0.026135282875727084, 1.8155004438359807e-8, 0.15095791140492018, 0.8229067862610472, 9.9404280435176e-10, 0.500000085999317, 1.0743089425890691e-9, 0.15095792162814592, 2.540196184615375e-9, 8.660950573550259e-10, 4.3209572622132687e-10, 4.423851172213183e-10, 6.26426319063433e-10, 0.15095779288543046, 3.206618382309317e-8, 2.0098419512274314e-9, 0.15095779399067027, 3.9570323967494754e-10, 5.907055626788091e-10, 0.5000000844474668, 0.15095779243468155]
v_opt: [0.02278837092052221, 0.1509577940440225]
solution time: 0.005934000015258789
McCormick lower bound: -1.5478159765034645

