x_opt: [0.5258473036662988, 0.8988883435088506, 0.10111162123672708, 0.8988883758558168, 0.10111163808484289, 0.10111162076922957, 0.10111162077554486, 0.8988883609265429, 0.1011116212388277, 0.10111165968410336]
w_opt: [0.5258473034119031, 0.10111162101929724, 0.5258473032427885, 1.482144972512182e-7, 0.10111162032627806, 3.0230215961830647e-9, 0.4247356650985788, 5.424178576263215e-10, 0.10111165725918057, 1.185697839186015e-9, 0.8988883431086989, 7.789234064861303e-10, 0.10111162028340126, 2.2087761881351479e-10, 0.8988883432916234, 2.942835873881098e-10, 3.5850898165241644e-9, 0.10111162092512722, 0.10111161721685998, 0.10111161941677796, 0.10111162014121097, 7.745809759189692e-9, 3.4340874546661905e-10, 9.103747596770163e-10, 1.8193041607832272e-8, 4.8011636005819616e-9, 0.10111161871556794, 0.8988883571566268, 3.1808838050538153e-9, 0.10111165929768201, 6.248801536405357e-10, 0.10111161440232581, 9.611752897147063e-10, 4.906659445804676e-10, 3.690275083086673e-10, 1.8272144062279645e-10, 5.020755861242415e-10, 0.10111161983635933, 4.68589216858306e-9, 5.512328274202805e-9, 0.10111162058118617, 1.9619751812414826e-10, 9.603143857712603e-10, 0.10111165858167454, 0.10111161970450394]
v_opt: [0.010223612878406146, 0.10111162079131482]
solution time: 0.006411075592041016
McCormick lower bound: -3.006943336788107

