x_opt: [0.3193522515286022, 0.6806482119715511, 0.3193517657419303, 0.9506483816370838, 0.3193517861681344, 0.31935088451383514, 0.319351767077789, 0.6806482145324545, 0.04935624463616974, 0.3193517883682409]
w_opt: [0.3193522507396218, 0.3193517653001655, 0.31935225102460607, 2.4444068532951766e-8, 0.3193508838152205, 5.775441412029617e-9, 4.6730995530554296e-7, 4.833093912800285e-10, 0.3193517874123245, 1.7592337049251255e-9, 0.6806482114504925, 9.143243880174169e-10, 0.3193508840965916, 4.0376061054904226e-10, 0.6806482113550467, 4.316954869015626e-10, 1.1867698225697144e-9, 0.3193517653137447, 0.31935176387698627, 0.3193508832757373, 0.3193517650595787, 6.936821394178472e-9, 5.315088712755031e-10, 1.1794661627667873e-9, 0.27000016886677364, 0.2699992755795468, 0.3193517649371403, 0.6806482131483076, 4.627177815271616e-6, 0.3193517875948702, 1.0075048202417374e-9, 0.3193517653883089, 1.5185052394214391e-9, 6.116279391764629e-10, 3.796456972512543e-10, 5.48410237363531e-10, 8.655808715817234e-10, 0.0493562439646636, 9.323503169116145e-9, 1.9994216803180255e-9, 0.04935624394373612, 4.4974425297178806e-10, 6.635654336786808e-10, 0.31935178659990116, 0.04935624327896656]
v_opt: [0.10198557158463094, 0.04935624365685213]
solution time: 0.004966020584106445
McCormick lower bound: -3.423035841997628

