x_opt: [0.5258473008663874, 0.8988883578744782, 0.10111163502508966, 0.8988884170612724, 0.10111162581433844, 0.10111162465849882, 0.10111163614191479, 0.8988883765052856, 0.10111160447162226, 0.1011116581789162]
w_opt: [0.5258473001341343, 0.10111163436386161, 0.5258473001640429, 2.90498449334754e-7, 0.10111162357401562, 9.459675183388158e-9, 0.4247356789975013, 9.670792285312494e-10, 0.10111165659536336, 9.198025147119868e-9, 0.898888357244761, 2.1897266270780855e-9, 0.10111162394071653, 7.996461432064048e-10, 0.8988883573070648, 7.993702397192162e-10, 1.7661751178267943e-8, 0.10111163448495171, 0.10111162082867127, 0.10111162335415423, 0.10111163378423556, 5.0184148879355356e-8, 8.24820172216692e-10, 2.4803930725364896e-9, 4.4781261284561224e-8, 6.455375589681926e-8, 0.1011116318850695, 0.8988883739391849, 2.474181607898584e-8, 0.10111165699356142, 1.9038253670620343e-9, 0.1011116224622031, 3.500081714235255e-9, 1.2090920050468843e-9, 5.500257103069698e-10, 5.3065764615957e-10, 2.0001745623210074e-9, 0.10111160264961083, 4.441935582285266e-8, 2.7236354919980146e-8, 0.10111160364850275, 5.402698309084938e-10, 1.1328893497240042e-9, 0.10111165551084808, 0.10111160169979437]
v_opt: [0.01022371284534043, 0.1011116030336592]
solution time: 0.004975080490112305
McCormick lower bound: -5.330019550654703

