x_opt: [0.3654594008773759, 0.7913871385632258, 0.2086123390412855, 0.9694988685438778, 0.2086128514155698, 0.2086119232124629, 0.2086123418060604, 0.7913871484367387, 0.20861189829782362, 0.2086128612774423]
w_opt: [0.3654593985004685, 0.20861233756190722, 0.3654593988688908, 1.726628440866637e-7, 0.20861192053921618, 1.8943204111131952e-8, 0.1568465540471801, 1.8854521473679487e-9, 0.20861285783186134, 6.90722425224116e-9, 0.7913871366836696, 3.745956509106094e-9, 0.20861192157653197, 1.310932384190159e-9, 0.7913871364553247, 1.6340762972810998e-9, 3.327006209670257e-9, 0.20861233759912662, 0.20861233060022788, 0.20861191965543102, 0.20861233633016027, 3.7983631072341606e-8, 1.8891277571375345e-9, 4.332280531840445e-9, 0.17811172396635716, 0.17811081820694888, 0.20861233436128, 0.7913871437291828, 0.17811077036942866, 0.20861285834451412, 3.6716064021960007e-9, 0.2086123358831231, 2.5925731001335235e-9, 2.2323742063201495e-9, 1.4964300426651293e-9, 1.6721745547080989e-9, 2.9841662319199127e-9, 0.20861189555127052, 3.0761165581446014e-8, 7.668781971297009e-9, 0.20861189600051383, 1.4669171008107504e-9, 2.8225852182929652e-9, 0.20861285454639586, 0.20861189318880338]
v_opt: [0.043519446792339406, 0.2086118950294626]
solution time: 0.0044291019439697266
McCormick lower bound: -3.868872265040293

