x_opt: [0.5258085740909513, 0.8988576736704156, 0.10114232362039376, 0.8989019580866889, 0.1011423261895738, 0.10113642496563942, 0.10114232457803717, 0.8988576754680272, 0.10113642269946714, 0.10114232636452088]
w_opt: [0.5258085737621494, 0.10114232336406277, 0.5258085738328565, 1.3304177842059519e-8, 0.10113642455517032, 2.4906424662824564e-9, 0.4246662502640156, 3.286657677244293e-10, 0.10114232582971969, 1.3954550065481765e-9, 0.8988576734130294, 6.747804075672374e-10, 0.10113642469883481, 2.57195697854151e-10, 0.8988576733984713, 2.782132022416638e-10, 5.224194304692452e-10, 0.10114232339798826, 0.10114232223795942, 0.10113642450365301, 0.10114232328813541, 5.8114228643909225e-9, 3.1431087304033033e-10, 7.899423920803584e-10, 4.428488909948594e-5, 3.8386879423846416e-5, 0.1011423234695057, 0.8988576747523871, 3.838135084049401e-5, 0.10114232591936345, 6.175689391344947e-10, 0.10114232362261869, 2.034960345514075e-9, 3.809480017308318e-10, 2.1215139759936218e-10, 2.504157712452435e-10, 4.913744852738222e-10, 0.1011364222418907, 5.344056674172531e-9, 1.6337986448324467e-9, 0.10113642237599756, 2.3807197617582193e-10, 3.527979880590201e-10, 0.10114232547434009, 0.10113642197348731]
v_opt: [0.010232762721193054, 0.10113642213653055]
solution time: 0.005326032638549805
McCormick lower bound: -4.924942605420083

