x_opt: [0.5707127043689979, 0.5707127156459715, 0.02327850223793177, 0.9767165912075173, 0.023283411510966, 0.023283399535478262, 0.023283406682908802, 0.9767165870467518, 0.023283405378985177, 0.4292872877289739]
w_opt: [0.570712703942317, 0.023278501855378893, 0.5707127035455153, 3.1660653981354234e-8, 0.023283398790349647, 5.188078875080542e-9, 0.5474292921974935, 1.1837491171178786e-9, 0.42928728612734857, 1.1653007974595281e-9, 0.5707127148725676, 1.2756366164031943e-9, 0.023283398309742423, 3.858166380015268e-10, 0.5707127151439703, 4.314508768388759e-10, 3.8344352547863586e-9, 0.02327850131722507, 0.023278500147760187, 0.023278500147060517, 0.02327850152158249, 4.810067166576976e-9, 6.692447527959531e-10, 1.9083185031191097e-9, 3.869209750683509e-9, 6.442825542945744e-9, 0.02328340192662637, 0.9767165849172312, 1.472713990705046e-9, 0.42928728714570713, 1.1406769495762665e-9, 0.023283401570165972, 1.2308217909926374e-9, 9.819048629063953e-10, 6.361915858081385e-10, 3.2080309520995705e-10, 6.451414736239004e-10, 0.023283398944926686, 8.205849621395714e-9, 1.8294756456626533e-9, 0.02328340445972937, 3.4411690104674443e-10, 8.950932149299854e-10, 0.4292872857028025, 0.023283403437713183]
v_opt: [0.000542339177048929, 0.023283404620974918]
solution time: 0.006153106689453125
McCormick lower bound: -1.9991230310140249

