x_opt: [0.525847300347792, 0.8988878536681655, 0.10111206479301574, 0.8988885992850264, 0.10111205909056838, 0.10111152385721262, 0.10111206817541546, 0.8988879878386951, 0.1011114376740248, 0.10111270980595619]
w_opt: [0.5258472970592134, 0.10111206227063775, 0.5258472976854288, 1.180867396591699e-6, 0.10111152015702957, 2.5366426784096573e-8, 0.4247352946450333, 3.7647348153469755e-9, 0.10111270319485056, 1.2209850832282888e-8, 0.8988878511465765, 4.871510373150745e-9, 0.10111152089259405, 3.783804994822521e-9, 0.898887851341006, 2.883914673767918e-9, 5.665624900383654e-7, 0.10111206228072359, 0.10111204250141358, 0.1011115186727653, 0.10111206144489608, 2.051049235825826e-7, 3.3199090546913094e-9, 9.310605051634221e-9, 6.649479139193609e-7, 3.5854811624619657e-7, 0.10111205174204185, 0.8988879803750016, 5.093257323827345e-8, 0.10111270589938122, 6.313460683009291e-9, 0.10111203981705667, 5.1716671533770395e-8, 4.320489057767649e-9, 1.9604840941593003e-9, 2.2231626777009213e-9, 5.342064396512206e-9, 0.10111143377919604, 1.9568776200200573e-7, 1.3229779448244268e-7, 0.10111143421073818, 2.269355346907541e-9, 3.1786400506005134e-9, 0.10111270185100443, 0.10111142883146525]
v_opt: [0.010228329959710526, 0.1011114321070015]
solution time: 0.0073587894439697266
McCormick lower bound: -4.353805817048384

