x_opt: [0.5258474404044428, 0.8988881809801308, 0.10111153357807524, 0.8988883985519053, 0.10111162252319013, 0.10111151249919721, 0.10111157150244002, 0.8988884065182967, 0.10111152008883305, 0.10111197792352547]
w_opt: [0.5258474376851788, 0.10111153141015765, 0.5258474375440088, 1.1094156858303675e-6, 0.10111150904240473, 3.505406381537743e-8, 0.4247358542260916, 4.017403338527181e-9, 0.10111195448770598, 9.421981032954638e-9, 0.8988881781239739, 6.425786261333592e-9, 0.10111150930167868, 2.275824237352406e-9, 0.8988881783926905, 2.5355646465055173e-9, 1.6459655933581552e-7, 0.10111153090151098, 0.10111152191228176, 0.10111150187284798, 0.10111152888403509, 8.173966357297627e-8, 3.118027351105593e-9, 9.55007134502767e-9, 2.833685213932132e-8, 4.539097631413181e-8, 0.10111154676894797, 0.8988883936942608, 3.3590667035132924e-8, 0.10111197453878498, 6.389728551067789e-9, 0.10111154324896131, 3.536113587088821e-8, 4.450092874257466e-9, 2.3005645295568147e-9, 1.9510060579058034e-9, 4.309180257873311e-9, 0.10111150105297387, 3.496878787029337e-8, 6.759573725742103e-8, 0.10111151591098001, 2.1434251959087163e-9, 3.798809864437716e-9, 0.10111196797966307, 0.10111151043013147]
v_opt: [0.010223774403496234, 0.10111151541096582]
solution time: 0.004536867141723633
McCormick lower bound: -3.193713388759743

