x_opt: [0.5258467167736417, 0.8988874261242096, 0.10111237959475478, 0.8988881684773279, 0.10111255920509413, 0.10111195667558287, 0.10111240807317579, 0.8988874618144622, 0.10111194077612781, 0.10111258028504205]
w_opt: [0.5258467106795872, 0.10111237532093556, 0.525846711832002, 5.571941380311666e-7, 0.10111195004334095, 4.490830073498597e-8, 0.4247341894949641, 5.8261050915179386e-9, 0.10111257083119965, 1.693827155774411e-8, 0.8988874213073531, 1.0134553373456612e-8, 0.10111195179792778, 4.144678071664346e-9, 0.89888742132138, 4.469520174919284e-9, 1.2714032121247023e-8, 0.10111237512744965, 0.10111236051714576, 0.10111194717945864, 0.10111237458015063, 7.711827425748074e-8, 5.466853168014095e-9, 1.372567869714787e-8, 7.374290615895377e-7, 2.1656941917697726e-7, 0.10111238598917027, 0.8988874487980252, 1.2030089726807715e-7, 0.10111257360858121, 1.025443800643579e-8, 0.10111239145379917, 2.851365992959655e-8, 6.7335944013636724e-9, 3.72731725313437e-9, 4.157124326016472e-9, 7.921644899895124e-9, 0.10111193260509056, 9.836412443745151e-8, 1.598385670174099e-8, 0.10111193458980389, 3.980738993509445e-9, 6.001026289902681e-9, 0.10111256513205803, 0.10111192643183331]
v_opt: [0.010224718228888846, 0.10111193187930273]
solution time: 0.008035898208618164
McCormick lower bound: -3.5577595616165087

