x_opt: [0.5258473974231704, 0.8988869502897768, 0.10111138001266214, 0.8988886182948255, 0.1011114628070331, 0.10111138042409105, 0.1011113825289483, 0.8988885370453498, 0.10111138070401246, 0.10111305095707908]
w_opt: [0.5258473972239963, 0.10111137985867735, 0.5258473971799248, 9.699680819126803e-9, 0.10111138015937604, 1.993567964885911e-9, 0.42473593481605537, 2.896758156229045e-10, 0.10111305035805285, 4.713325683286455e-10, 0.8988869500377499, 4.069130145408429e-10, 0.10111138015259437, 1.525986821862065e-10, 0.8988869500928179, 1.5997041422364189e-10, 1.4428737180053028e-9, 0.10111137974419762, 0.10111137925893408, 0.10111137912757706, 0.10111137978106245, 2.378873907123728e-9, 2.3253299258552972e-10, 5.937436499100429e-10, 8.145904798515033e-8, 3.3245569271196104e-9, 0.10111138121050334, 0.898888536415195, 5.541037812201111e-10, 0.10111305072583228, 4.06307564039993e-10, 0.10111138159352263, 4.815630043715175e-10, 3.0585039801329235e-10, 1.8755418978865876e-10, 1.4491517121014264e-10, 2.6638892136054346e-10, 0.1011113801199464, 3.21729160218401e-9, 5.654291927378869e-10, 0.10111138036326774, 1.4409723374511338e-10, 2.792151096236768e-10, 0.10111305025819199, 0.10111138004227119]
v_opt: [0.010223578376962406, 0.10111138039306794]
solution time: 0.006737947463989258
McCormick lower bound: -2.1794866155136186

