x_opt: [0.4645266184255489, 0.8577880404564427, 0.1422119462193405, 0.9258850582624509, 0.14221195906612685, 0.14221194003142662, 0.14221194747695523, 0.8577880412718039, 0.14221193844110797, 0.1422119585768449]
w_opt: [0.46452661792179883, 0.14221194589118452, 0.4645266178003348, 1.3685722085591043e-7, 0.1422119392851254, 6.863363726637027e-9, 0.32231466053177993, 5.026957831644065e-10, 0.14221195760778027, 2.2695587487872546e-9, 0.8577880399470301, 1.0116052214801427e-9, 0.14221193957485415, 2.793411671148805e-10, 0.8577880398713401, 4.1282887253285086e-10, 4.0554228053510526e-10, 0.14221194587875122, 0.14221194243513144, 0.14221193938596685, 0.14221194592559822, 1.3919057508819443e-8, 4.6483828115587697e-10, 1.1241165955631601e-9, 0.06809701838147822, 0.06809700396164689, 0.14221194520751362, 0.8577880401029301, 0.06809699754427873, 0.1422119577414059, 9.624586180349424e-10, 0.14221194543411084, 1.0758851739723706e-9, 5.674795873298645e-10, 4.812563368755298e-10, 3.7197809622362893e-10, 7.691634145962447e-10, 0.14221193757632203, 1.2468762559245312e-8, 4.332076846696463e-9, 0.14221193795490747, 3.316226014906801e-10, 1.250139732683674e-9, 0.14221195590012817, 0.14221193701728915]
v_opt: [0.020224459662230226, 0.1422119376839575]
solution time: 0.0055620670318603516
McCormick lower bound: -3.8656586858412703

