x_opt: [0.31935260090891865, 0.6806474080509756, 0.31935257572968995, 0.9506478971260902, 0.3193525849427528, 0.3193525173688674, 0.3193525764179928, 0.6806474151288658, 0.04935210267053942, 0.3193525970738068]
w_opt: [0.3193526006789204, 0.3193525756090455, 0.3193526007910684, 1.1142802648645793e-8, 0.31935251719481644, 1.5633889468192287e-9, 1.635861077507915e-8, 1.1828116311392382e-10, 0.3193525968117219, 4.72536282932448e-10, 0.6806474079189357, 1.9427491400902984e-10, 0.3193525172672133, 1.1761144786753915e-10, 0.680647407898314, 1.074977392995399e-10, 5.281517266051304e-9, 0.31935257560946334, 0.31935257526419736, 0.31935251698066236, 0.3193525755948193, 2.4182223747609397e-9, 1.3891812992400724e-10, 3.0196557116797846e-10, 0.2700004823350988, 0.2700004164381497, 0.31935257576232573, 0.6806474147248655, 5.307779498595756e-10, 0.31935259688925854, 2.5366339130904365e-10, 0.31935257579333354, 4.2248851195650594e-10, 1.6113262017006123e-10, 8.956284895706414e-11, 1.5580997747325524e-10, 2.731649539439151e-10, 0.049352102492921754, 2.485165988563949e-9, 6.84135596114625e-10, 0.04935210246888289, 1.228211256754957e-10, 1.5453235315676876e-10, 0.319352596658402, 0.04935210228698142]
v_opt: [0.10198611941688752, 0.04935210240173227]
solution time: 0.0047190189361572266
McCormick lower bound: -3.0063385349727585

