x_opt: [0.43665238196616984, 0.43665238251964544, 1.712248740940168e-8, 0.7819080574219531, 0.21809194282609531, 0.21809193815714184, 0.218091942419351, 0.5633490867015725, 0.21809193838721302, 0.5633490556240018]
w_opt: [0.4366523805914646, 1.663203843673055e-8, 0.43665238122693656, 8.566928474089278e-8, 0.21809193735351928, 1.1163892873703777e-8, 1.4716644214098312e-6, 8.7302180404054e-10, 0.43665238015291175, 1.1732385402681034e-9, 0.43665238134432344, 4.460452246503343e-9, 0.21809193726099557, 6.151669871613822e-10, 0.43665238148804913, 4.486648728567501e-10, 1.4389525540097728e-6, 1.4738168351493696e-8, 1.562787732797848e-8, 1.2784792066182077e-8, 1.6515516211331893e-8, 3.525738926104562e-9, 7.462664102573484e-10, 1.7026478218793398e-9, 1.6674056959529192e-9, 1.3431500927336829e-8, 0.21809192473913364, 0.5633490839237549, 1.498486604078878e-9, 0.5633490550141692, 1.285336560009668e-9, 0.21809191754696092, 1.772881031355271e-9, 1.087403570043136e-9, 6.30462519519765e-10, 5.50902637039667e-10, 7.741243022131936e-10, 0.2180919368577414, 1.1192030080036026e-8, 2.5641741919709564e-9, 0.2180919360222444, 5.148093186857275e-10, 7.995188382100063e-10, 0.5633490528657934, 0.2180919352518752]
v_opt: [0.04756428472197079, 0.21809193741487298]
solution time: 0.004524946212768555
McCormick lower bound: -1.2632310972994432

