x_opt: [0.380948282801163, 0.8017695023862955, 0.19823049672471776, 0.9626807890483607, 0.1982304974082921, 0.1982304940284139, 0.1982304968331376, 0.8017695030782246, 0.19823049191436684, 0.19823049760085387]
w_opt: [0.3809482826249845, 0.1982304966126784, 0.3809482826707695, 5.967595342647754e-9, 0.19823049383881178, 1.1788092804872732e-9, 0.18271778618705573, 1.3627064117421343e-10, 0.19823049736629186, 6.68393150178969e-10, 0.8017695022688072, 2.6182478965569317e-10, 0.19823049391493372, 1.0536232580832219e-10, 0.8017695022582483, 1.248649591928207e-10, 2.081288310858633e-10, 0.1982304966308009, 0.19823049603025503, 0.19823049379306926, 0.1982304965212322, 2.5676706120881837e-9, 1.358874994669926e-10, 3.251948789357056e-10, 0.16091128674498983, 0.16091128482736528, 0.19823049636093718, 0.8017695027615801, 0.16091128120872533, 0.19823049738729231, 2.7030210486420295e-10, 0.19823049639892054, 6.487451550312603e-10, 1.6090050761570062e-10, 9.693605128340118e-11, 1.1832735802380955e-10, 2.019867856065311e-10, 0.1982304917229933, 2.2643860354758676e-9, 7.058513159930313e-10, 0.19823049176162647, 1.0730325527275945e-10, 1.7538057196965055e-10, 0.1982304971757396, 0.19823049157286035]
v_opt: [0.03929543365752722, 0.1982304916661307]
solution time: 0.004778146743774414
McCormick lower bound: -5.151386949784818

