x_opt: [0.3193532364187435, 0.6806501230927477, 0.31934844292572634, 0.9506476127926153, 0.31934980879216585, 0.3193484532122003, 0.3193484480059335, 0.6806502047387565, 0.04936080245880778, 0.3193498744699299]
w_opt: [0.3193532250268865, 0.31934843752273134, 0.3193532320581873, 9.166504459333945e-7, 0.31934844293442277, 1.295029121722744e-7, 3.4672238746667153e-6, 4.131533491301e-9, 0.31934986508657265, 2.207395507188963e-8, 0.6806501184360979, 1.3356962618820777e-8, 0.31934844968658566, 4.761527039271761e-9, 0.680650116434785, 3.838177045361014e-9, 2.548920115567715e-8, 0.3193484392980972, 0.31934842469541064, 0.31934843527323864, 0.3193484348043971, 6.500756574931587e-8, 5.325779095987411e-9, 1.453640081994895e-8, 0.26999743773741625, 0.2699961207281606, 0.3193484140595896, 0.6806501813530181, 8.425576869769104e-6, 0.3193498646956785, 1.4675445209152727e-8, 0.3193484214152827, 2.5700982159312803e-8, 7.719739303822538e-9, 3.3819503064781998e-9, 4.90581568230351e-9, 1.221572687129207e-8, 0.049360789904926955, 1.4459923272960626e-7, 3.452373475136964e-8, 0.049360796027334584, 3.845056583825251e-9, 8.511640484914538e-9, 0.3193498484501828, 0.04936078297218816]
v_opt: [0.10198346077475107, 0.04936079085388908]
solution time: 0.005655050277709961
McCormick lower bound: -3.7959282048693375

