x_opt: [0.5258466095040117, 0.8988876583006546, 0.10111233195407063, 0.8988885568503093, 0.10111231883665713, 0.10111204289500635, 0.10111233000319075, 0.898887681612431, 0.10111198504997272, 0.10111235712531672]
w_opt: [0.5258466075785269, 0.10111233054797365, 0.5258466078970584, 4.7400957217441555e-7, 0.10111204059047929, 1.6402798341824963e-8, 0.42473429492881015, 2.005145832327046e-9, 0.10111235401856307, 1.3599173494915879e-8, 0.8988876568694092, 1.8471185096039868e-9, 0.10111204130807817, 1.7728033711129263e-9, 0.89888765694237, 1.7145680358871254e-9, 1.6546631742803036e-8, 0.10111233072379935, 0.10111231171130457, 0.10111204003512238, 0.10111232950171349, 6.990738699797958e-8, 1.7995426628978933e-9, 4.889793739532055e-9, 8.796368884673826e-7, 6.424562120959038e-7, 0.10111232253870024, 0.898887677170493, 5.451631265978305e-7, 0.10111235459894846, 3.6480931917662745e-9, 0.10111231214151381, 2.7658423968048354e-9, 2.3039089660761777e-9, 1.185217532720236e-9, 1.2774819066859208e-9, 3.3634991161384728e-9, 0.10111198279469073, 5.827377630350598e-8, 3.5938769892462154e-8, 0.10111198315141404, 1.273258637006334e-9, 2.1725265777434155e-9, 0.1011123519723866, 0.10111198008673573]
v_opt: [0.010224534888382517, 0.1011119819230659]
solution time: 0.004734992980957031
McCormick lower bound: -5.311912144181866

