x_opt: [0.2961807782746355, 0.7449538768498439, 0.255046094372048, 0.9999999985513763, 0.2550461230731987, 0.25504609398093797, 0.25504609441493936, 0.7449538769827413, 0.2550460938633216, 0.25504612307003155]
w_opt: [0.2961807782223117, 0.2550460943414526, 0.2961807782259183, 3.2575887389192793e-9, 0.25504609391865085, 5.961731438911047e-10, 0.0411346553420824, 4.0128356493306014e-11, 0.25504612298050294, 1.1838688867488235e-10, 0.7449538768027758, 9.291884385902372e-11, 0.25504609394489425, 2.549486980395123e-11, 0.7449538767917213, 3.310446004274728e-11, 4.5962812368120094e-11, 0.2550460943399434, 0.2550460942157594, 0.2550460938683471, 0.25504609429599445, 3.60496122687022e-10, 4.0830822575524946e-11, 9.208103175186824e-11, 0.2550461217143489, 0.25504609297683106, 0.2550460942166782, 0.744953876875728, 0.25504609250064425, 0.2550461230035838, 8.261909094533111e-11, 0.2550460942716841, 1.178357357247895e-10, 4.887774804035872e-11, 3.83844465021214e-11, 3.817789504838903e-11, 5.776272029878067e-11, 0.25504609378320475, 7.182811291731536e-10, 1.4537516711863706e-10, 0.255046093805013, 3.1630291105137775e-11, 7.313502837969339e-11, 0.2550461228820617, 0.2550460937576105]
v_opt: [0.06504851406854033, 0.2550460937934458]
solution time: 0.005402088165283203
McCormick lower bound: -3.248353272922509

