x_opt: [0.5258466331362106, 0.8988878641867497, 0.10111213355234681, 0.8988886399313949, 0.10111213578347834, 0.10111205638838501, 0.10111213444798735, 0.8988878650986473, 0.10111205619599739, 0.10111213567648317]
w_opt: [0.525846632901132, 0.10111213338988094, 0.525846632923888, 9.234036323094114e-9, 0.10111205610002616, 1.7706774239350297e-9, 0.42473449865352025, 2.2892432651033358e-10, 0.10111213529322739, 8.288979960039112e-10, 0.8988878639996402, 4.568489117033072e-10, 0.10111205619737526, 1.5508807037728288e-10, 0.8988878639904162, 1.8338623470728725e-10, 2.5177493377423e-10, 0.10111213339979043, 0.10111213261440574, 0.10111205605742637, 0.1011121333209849, 3.323506094384013e-9, 2.1079603252119525e-10, 5.195842165052729e-10, 7.761312507941897e-7, 6.983957398202428e-7, 0.10111213359863286, 0.8988878646168402, 6.964967966528759e-7, 0.10111213537111684, 4.1337986564857266e-10, 0.10111213372290871, 1.136368814227721e-9, 2.574976148080029e-10, 1.5810322265719858e-10, 1.6161213615290027e-10, 3.090763197865449e-10, 0.1011120558390498, 3.315853159670711e-9, 9.665472646035e-10, 0.10111205597527692, 1.5316280029568934e-10, 2.695349747917957e-10, 0.10111213501171339, 0.10111205568440004]
v_opt: [0.01022366867314578, 0.1011120558414251]
solution time: 0.00801396369934082
McCormick lower bound: -4.490359584332849

