x_opt: [0.525847107520112, 0.8988874243766692, 0.10111209035886284, 0.8988883281195639, 0.1011122559974516, 0.10111164074704272, 0.10111208986934218, 0.8988877260382372, 0.10111163045179526, 0.10111289893195378]
w_opt: [0.5258470946623266, 0.10111207976614174, 0.5258470939642822, 2.271213643635178e-6, 0.10111162271671575, 1.1153025878422797e-7, 0.4247348630899071, 1.9568292487723855e-8, 0.10111285455018354, 6.273485142398801e-8, 0.8988874112233387, 1.9701118528969776e-8, 0.10111162583525864, 1.2898844996898439e-8, 0.8988874134729157, 1.3227020701832769e-8, 3.3451210013455223e-7, 0.1011120793664009, 0.10111196300869504, 0.10111160213819391, 0.10111206593789072, 1.7274731364690283e-7, 1.4853382174710223e-8, 4.169216405209328e-8, 6.329877000305588e-7, 3.6861265276277085e-7, 0.10111202712246631, 0.898887636305805, 1.3889638273059923e-7, 0.10111288109445254, 2.9124223107486527e-8, 0.1011119520280525, 1.8527061357696217e-8, 2.0835994833850567e-8, 1.0380330338682574e-8, 8.613680746555759e-9, 2.934092973289018e-8, 0.10111158303645475, 2.1406116530010784e-7, 9.053554142914192e-8, 0.10111161358892011, 9.134253630030728e-9, 2.5897289361485974e-8, 0.10111285933740374, 0.10111158450701911]
v_opt: [0.010224273306206108, 0.10111160834167879]
solution time: 0.004298210144042969
McCormick lower bound: -4.1865091503711085

