x_opt: [0.3622567524688946, 0.6377420553553084, 0.22390104334706598, 0.7760971145732821, 0.36225405592815535, 0.22390256787471122, 0.22390203109058576, 0.6377450709467358, 0.22390213608452697, 0.3622576805192956]
w_opt: [0.36225669174983893, 0.22390102544140902, 0.36225672720292595, 1.909266415282433e-5, 0.2239024889234216, 4.795891181885731e-6, 2.066444049833501e-6, 2.1413545027427112e-8, 0.3622566788835069, 1.1581765082668879e-7, 0.6377419774546853, 3.9265717348219726e-7, 0.22390254996031922, 2.475337199745314e-8, 0.637741874070108, 1.5461808179113218e-8, 7.155959918333495e-8, 0.22390100213437902, 0.22390096736380496, 0.22390090094401072, 0.2239010195537408, 3.9932815232840334e-7, 3.066538014537459e-8, 1.0308701867806283e-7, 0.13835123568326355, 2.0474229187869076e-6, 0.22390146464895688, 0.63774497874987, 2.29218875894135e-7, 0.36225763187012383, 1.1485036184193062e-7, 0.22390186565474485, 3.6968683740579573e-8, 6.419153584913301e-8, 5.84906683782418e-8, 7.101998241097668e-8, 5.075378974920528e-8, 0.22390207823493838, 1.1347836879803614e-6, 1.5446560037217453e-7, 0.2239019309744375, 3.475229858378542e-8, 8.008782263360157e-8, 0.3622571602468536, 0.22390198103434047]
v_opt: [0.050132268378550504, 0.22390207744177687]
solution time: 0.004336833953857422
McCormick lower bound: -1.4436948405808931

