x_opt: [0.43665084148724786, 0.4366508392299094, 8.543771064212197e-8, 0.7819071077312927, 0.21809289356691075, 0.21809290621227653, 0.21809022313027593, 0.5633491682678543, 0.21809289169861545, 0.5633491687880381]
w_opt: [0.4366508377711904, 8.493069222474047e-8, 0.43665084059217335, 2.609352760387797e-7, 0.21809290533939155, 3.738887834240073e-8, 1.142790068946004e-8, 6.701288011168593e-10, 0.43665084010357313, 1.2240996347040353e-9, 0.4366508373407635, 4.750052659126645e-9, 0.218092905474092, 5.133761744025487e-10, 0.43665083757447826, 4.3537819826270735e-10, 9.4570235046143e-9, 8.34729774192803e-8, 8.349013284567888e-8, 7.653292159744825e-8, 8.469586859042437e-8, 4.522021346581069e-9, 7.487467251805484e-10, 1.4417639837687425e-9, 6.3488645093171615e-9, 4.403354490485782e-8, 0.21809020900468074, 0.5633491652927038, 3.4990547534454493e-9, 0.5633491680358491, 1.2310790920717021e-9, 0.21809021842955997, 9.394474913235517e-10, 8.900708820253532e-10, 7.738996349527338e-10, 8.1380291012634e-10, 7.968139214597541e-10, 0.21809289093314393, 1.0417163404221952e-8, 2.643828340867517e-9, 0.2180902212955489, 5.869053054627423e-10, 1.1961843720671352e-9, 0.5633491614028134, 0.21809288897626938]
v_opt: [0.04756385981199925, 0.21809289065836468]
solution time: 0.005347013473510742
McCormick lower bound: -0.9758423630258757

