x_opt: [0.5000000592136132, 0.5000000679894391, 1.3002726930151187e-6, 0.8490433173166287, 0.177092342384332, 0.15095667557156583, 0.150956677816486, 0.8229076542717957, 0.15095667735533055, 0.49999993506755813]
w_opt: [0.500000058089589, 1.2995725806875776e-6, 0.5000000578842455, 8.142092336530367e-8, 0.15095667428579201, 1.311702050879516e-8, 0.3229077151135094, 1.419442507725243e-9, 0.49999993261244036, 2.00228856437745e-9, 0.5000000664897857, 2.5641033223975733e-9, 0.15095667411371105, 6.958688315682823e-10, 0.5000000668920591, 7.19049697303999e-10, 4.171817107822679e-9, 1.298663871301248e-6, 1.2970224019109313e-6, 1.2963998852875036e-6, 1.2991410958455808e-6, 7.225314085513046e-9, 1.1211858660917014e-9, 2.722218507156702e-9, 0.026135661300912803, 1.5620628655270808e-8, 0.15095666855920445, 0.8229076512564782, 2.7212705416373506e-9, 0.4999999340029083, 1.9164715475768267e-9, 0.15095667155480508, 1.901693905297125e-9, 1.490266610815649e-9, 1.0491361094939923e-9, 6.973615407820794e-10, 1.1318585912063068e-9, 0.1509566741456537, 1.5331218537632607e-8, 2.8709716620502164e-9, 0.1509566745697255, 6.777012930702318e-10, 1.4651178164547082e-9, 0.49999993119335057, 0.15095667399022716]
v_opt: [0.022788625883186107, 0.15095667593473605]
solution time: 0.007764101028442383
McCormick lower bound: -1.726833860804728

