x_opt: [0.5258471037671548, 0.8988880831431166, 0.10111177224277376, 0.8988882954418396, 0.10111190398028934, 0.10111176490102139, 0.10111177127985117, 0.8988880964385461, 0.10111176547090762, 0.10111191798030604]
w_opt: [0.5258471029682664, 0.10111177166220682, 0.5258471026753188, 2.885665066970297e-7, 0.10111176364279005, 1.0961820261380363e-8, 0.42473520346612775, 1.087020191461112e-9, 0.1011119129979249, 4.827449339249277e-9, 0.8988880821725659, 1.2245846813344687e-9, 0.10111176396428062, 5.94066453850854e-10, 0.8988880823301754, 8.304585750689935e-10, 2.0501224528399744e-9, 0.10111177157942142, 0.10111176335063737, 0.10111176201540542, 0.10111176980480745, 5.384489126462465e-8, 8.770638792296014e-10, 2.2758968841213237e-9, 2.0168487529427406e-7, 9.77516555091928e-8, 0.10111176694573162, 0.8988880940763606, 7.494030884557098e-8, 0.10111191672481301, 1.7833446660004739e-9, 0.10111176377452101, 2.164291151407049e-9, 1.1567425898623944e-9, 8.885608822976495e-10, 6.035825449220922e-10, 1.4591779222856243e-9, 0.1011117622137091, 1.103606564453219e-8, 1.8052499694608143e-8, 0.1011117642555438, 6.032398726873937e-10, 2.689068384014391e-9, 0.10111191429417254, 0.10111176175618139]
v_opt: [0.010223660745370318, 0.10111176415588191]
solution time: 0.0056149959564208984
McCormick lower bound: -3.531405599651016

