x_opt: [0.6126823394782102, 0.958973468389401, 0.0410265312998204, 0.9589734686943857, 0.041026531468096976, 0.04102653128241601, 0.04102653144066194, 0.9589734685442175, 0.04102653129298512, 0.1546772025085092]
w_opt: [0.612682339472548, 0.041026531295052564, 0.612682339471922, 2.989278450998673e-10, 0.04102653127497637, 4.892009420328898e-11, 0.5716558080332373, 9.48782822006075e-12, 0.154677202495541, 1.575097480434777e-11, 0.9589734683831936, 1.1062620869827614e-11, 0.04102653127433326, 5.098909491035063e-12, 0.9589734683843648, 5.1254947418754495e-12, 0.11365067090286345, 0.04102653129256746, 0.04102653127858249, 0.041026531260249244, 0.041026531293879925, 7.49858269218283e-11, 7.0071258167683455e-12, 2.023793519951134e-11, 1.7281065444711917e-10, 1.0789853742514735e-10, 0.04102653140521485, 0.958973468526334, 1.733495799700753e-11, 0.15467720250194458, 1.2391813842352166e-11, 0.04102653140650509, 2.5801860577100822e-11, 9.583923379748697e-12, 4.760182515706638e-12, 3.949952339509505e-12, 8.41171981492556e-12, 0.04102653127302704, 1.0639334367989997e-10, 2.2684253103126997e-11, 0.041026531285512015, 4.195277436669243e-12, 6.888551384192371e-12, 0.15467720249145353, 0.04102653127384911]
v_opt: [0.0016831924899757605, 0.041026531283576334]
solution time: 0.008095026016235352
McCormick lower bound: -2.72663322357716

