x_opt: [0.3193536080385227, 0.6806463921890974, 0.3193536060306461, 0.9506458480870652, 0.31935360755522285, 0.31934960015005903, 0.3193536071179603, 0.6806463925359175, 0.04935415197710455, 0.3193536079831056]
w_opt: [0.31935360797521645, 0.3193536059941852, 0.3193536080039733, 2.4633517316491825e-9, 0.3193496001014543, 4.1080300262346245e-10, 6.847647481514725e-10, 3.7322740294018284e-11, 0.31935360788542827, 1.216201641449968e-10, 0.6806463921511331, 7.105828383362661e-11, 0.31934960011815744, 3.609434127545535e-11, 0.6806463921447672, 3.263472650598899e-11, 2.2522661353951706e-10, 0.3193536059938162, 0.31935360590778206, 0.31934960007454005, 0.3193536059960079, 4.738268732319135e-10, 4.180708399155312e-11, 9.529104045821305e-11, 0.2699994557152774, 0.26999544887794524, 0.3193536069834557, 0.6806463924262888, 2.0745097130696865e-10, 0.319353607931396, 7.677878194354746e-11, 0.31935360701344234, 1.5607664940408286e-10, 4.8510264842526435e-11, 2.64105810740959e-11, 4.291051436083519e-11, 6.458849485454825e-11, 0.04935415192660892, 7.818846509114575e-10, 1.433164365195856e-10, 0.04935415191938006, 3.597530383705911e-11, 4.30711720313132e-11, 0.31935360786776656, 0.04935415186560841]
v_opt: [0.10198679525732246, 0.049354151901092984]
solution time: 0.0052509307861328125
McCormick lower bound: -3.0617596918224916

