x_opt: [0.3622557871509418, 0.6377443329821781, 0.2239030438573424, 0.776096922135438, 0.36225558874978436, 0.22390302531911657, 0.22390306444719074, 0.6377444898012766, 0.2239030477124061, 0.36225565995181386]
w_opt: [0.36225577987234314, 0.2239030339729845, 0.3622557785660816, 2.3853385673509517e-6, 0.22390300893882326, 5.634657467782495e-7, 3.553574903991327e-7, 1.0901447205858685e-8, 0.36225554438546864, 4.723143936373835e-8, 0.6377443183684406, 5.2894133794455657e-8, 0.2239030171748021, 1.0495875235919547e-8, 0.6377443213889171, 9.559380101789129e-9, 7.77226884332322e-8, 0.22390303755887928, 0.22390301316138295, 0.22390290421169798, 0.223903031627233, 2.3909628413667854e-7, 1.0482994088439643e-8, 5.078958908596605e-8, 0.1383525567412018, 6.989206064651776e-7, 0.22390288776944772, 0.6377443919857556, 2.8380253460063426e-7, 0.36225564881948225, 4.213445788063807e-8, 0.22390296341325047, 1.1149946336900564e-7, 2.2230448921205814e-8, 1.4528344910866978e-8, 1.0980143423771482e-8, 1.608961773091031e-8, 0.22390298344574475, 3.853200141727849e-7, 1.2533839587020685e-7, 0.22390302895605904, 1.3740029806163411e-8, 3.0608638313745626e-8, 0.362255573748989, 0.22390300697482113]
v_opt: [0.05013286778521556, 0.22390302984328223]
solution time: 0.0056951045989990234
McCormick lower bound: -2.2353185635331903

