x_opt: [0.6719528004251095, 0.9999853809065806, 1.4618260917239841e-5, 0.9999853828457872, 1.4618714210382934e-5, 1.461708671532131e-5, 1.4618882391531182e-5, 0.9999853816671463, 1.4617128951282841e-5, 0.19123914832445044]
w_opt: [0.6719528003684465, 1.461821007468924e-5, 0.6719528003659038, 3.4965496860529856e-9, 1.4617009965199102e-5, 4.3492912350820085e-10, 0.6719381822106943, 1.0565335794048614e-10, 0.19123914819806917, 2.2085638991338576e-10, 0.9999853808532918, 1.0215989640045031e-10, 1.4617005806137119e-5, 6.352749176227839e-11, 0.9999853808619869, 5.897881069310664e-11, 0.19122452927785305, 1.4618200697608856e-5, 1.461797972659068e-5, 1.4616965143907025e-5, 1.4618202917341446e-5, 1.4200925991740455e-9, 7.216699208724407e-11, 2.3563395987134964e-10, 1.6680384011070699e-9, 1.2855268652166835e-9, 1.4618572097746117e-5, 0.9999853814999196, 2.1187678147717875e-10, 0.19123914825404909, 1.3438955524895797e-10, 1.461843867901682e-5, 4.906019770331381e-10, 1.0145852965399908e-10, 4.3865605797970735e-11, 3.788161284606815e-11, 9.498884499934159e-11, 1.4616968629278305e-5, 1.2797305583501913e-9, 6.791782420086681e-10, 1.461706318666014e-5, 4.2254974756653667e-11, 6.431560316831463e-11, 0.1912391481671316, 1.4616945818441481e-5]
v_opt: [3.590816364361173e-7, 1.4617027653263928e-5]
solution time: 0.006342887878417969
McCormick lower bound: -3.8538501867185984

