x_opt: [0.5258473166877654, 0.8988883866832773, 0.10111161312395608, 0.8988883871789919, 0.10111161320080221, 0.10111161293786355, 0.10111161313577703, 0.8988883867977255, 0.10111161287689235, 0.10111161333475052]
w_opt: [0.525847316675791, 0.10111161311996472, 0.5258473166789825, 3.455176113610706e-9, 0.10111161292807175, 1.3922995503040473e-10, 0.42473570349719547, 7.415941461567003e-12, 0.10111161332481085, 2.8451884046396268e-11, 0.8988883866764054, 8.372439530552002e-12, 0.10111161293163567, 4.383587645459344e-12, 0.8988883866775916, 5.662995349401879e-12, 2.358855601068256e-11, 0.1011116131195617, 0.10111161308622797, 0.10111161292138256, 0.10111161311254005, 1.9930900690851642e-10, 6.620800810274251e-12, 1.9206268929926185e-11, 3.962394581118328e-10, 2.405386292786836e-10, 0.10111161310233649, 0.8988883867783577, 8.22724427740731e-11, 0.10111161332451371, 1.5434310223705813e-11, 0.10111161310992599, 1.2176972057270354e-11, 9.643531519348586e-12, 5.989436209338017e-12, 4.667203140082742e-12, 1.0822046008464771e-11, 0.10111161286599527, 2.2467255768030354e-10, 5.899290718572472e-11, 0.10111161287134214, 4.398740807024989e-12, 1.2631301873104783e-11, 0.10111161330274623, 0.10111161285589423]
v_opt: [0.010223567067029586, 0.1011116128666548]
solution time: 0.005093097686767578
McCormick lower bound: -3.806862521990305

