x_opt: [0.5701300710033125, 0.5701300716804558, 0.023885876856271825, 0.9761141226219127, 0.0244550167019748, 0.023885877192564724, 0.024455015145683948, 0.9755449833172626, 0.023885877308286348, 0.42986992855531847]
w_opt: [0.5701300709736464, 0.023885876833576427, 0.5701300709693276, 1.6389492757541428e-9, 0.023885877155400265, 2.866761409354514e-10, 0.5456750543711173, 4.3950930923017495e-11, 0.4298699284883441, 6.692426016109018e-11, 0.5701300716446994, 6.207281066474734e-11, 0.023885877151727967, 2.3326177569862943e-11, 0.5701300716524227, 2.317812037664968e-11, 2.642891608515176e-10, 0.023885876813717413, 0.023885876761781746, 0.023885876744780727, 0.023885876826071774, 2.501937142893998e-10, 3.4440321709758096e-11, 9.070861071666618e-11, 0.0005691393716897835, 4.914397985722859e-10, 0.024455014933094696, 0.9755449832310211, 8.558727198746246e-11, 0.42986992852329725, 5.925225198890023e-11, 0.024455014987631724, 9.709107850811853e-11, 4.605611510519308e-11, 2.619626730580771e-11, 2.0629593361880844e-11, 3.7211691231481267e-11, 0.02388587715397868, 4.885329265256352e-10, 8.186896210361167e-11, 0.023885877269476132, 2.091576483740754e-11, 3.642178727766798e-11, 0.4298699284601343, 0.023885877208659617]
v_opt: [0.0005981289960510776, 0.023885877263260687]
solution time: 0.006662130355834961
McCormick lower bound: -2.129522217753828

