x_opt: [0.5258461194410393, 0.8988875689953973, 0.1011124198289806, 0.8988888975098697, 0.10111243022147699, 0.1011124156881418, 0.1011124207316933, 0.8988875704762402, 0.10111241556045271, 0.10111243048826682]
w_opt: [0.5258461189853686, 0.1011124194967544, 0.5258461188329799, 2.30041731250384e-8, 0.10111241495956573, 4.797559092187469e-9, 0.42473369072057804, 5.434047757523488e-10, 0.10111242948702617, 1.49289188846704e-9, 0.8988875684657182, 9.511107241319425e-10, 0.10111241519680553, 2.8507625973369985e-10, 0.8988875684468274, 4.0374093675963177e-10, 4.873472965885991e-10, 0.10111241946364824, 0.10111241741620478, 0.10111241461939068, 0.10111241900873717, 5.645723452115056e-9, 4.760367880824836e-10, 1.1051553855283318e-9, 1.3287634182944938e-6, 1.3185073163969434e-6, 0.10111241886687149, 0.8988875693322087, 1.3140640945505844e-6, 0.10111242975426485, 9.274136271720875e-10, 0.1011124192334565, 1.3556206477736878e-9, 5.84129620023851e-10, 4.665745751357484e-10, 3.5352756731582026e-10, 6.5397869860655e-10, 0.10111241450764713, 6.505615850683128e-9, 1.8023105792805301e-9, 0.10111241501005722, 3.26310162209637e-10, 9.179413527535278e-10, 0.1011124284747511, 0.10111241428236496]
v_opt: [0.010223864313042483, 0.10111241483916768]
solution time: 0.0053250789642333984
McCormick lower bound: -3.5915791105944463

