x_opt: [0.29618137963356417, 0.7449537343009033, 0.25504592206339893, 0.999999230590643, 0.2550462462089975, 0.25504592484376076, 0.2550459301696391, 0.7449537683118684, 0.2550452280380826, 0.25504626573110145]
w_opt: [0.2961813744861336, 0.25504591729209564, 0.29618137787588655, 9.64418187785842e-7, 0.25504591693091994, 8.625051927621712e-8, 0.04113516480789968, 2.106960846913715e-9, 0.25504625247028495, 1.3652368420725798e-8, 0.7449537326749691, 1.0592345799654557e-8, 0.255045923319678, 2.2744793787846123e-9, 0.744953732113342, 1.889428677111655e-9, 1.1786693979724784e-8, 0.25504592087235345, 0.2550459143860397, 0.25504592015607735, 0.2550459191990516, 7.578026549580551e-8, 2.5353007535786033e-9, 1.0449580304549164e-8, 0.2550454824049431, 0.25504517145119704, 0.255045910672586, 0.7449537576614665, 0.2550444738439137, 0.2550462610751674, 1.1555651817508428e-8, 0.2550459183071389, 1.868323042967988e-8, 4.699184788043138e-9, 1.6900970984805487e-9, 1.7714310516977343e-9, 5.708590754874793e-9, 0.25504521844687666, 1.547292178440861e-7, 4.079232928554022e-8, 0.2550452257380132, 1.750398406973305e-9, 5.93304274395875e-9, 0.2550462479886651, 0.255045216619597]
v_opt: [0.06504843431405882, 0.25504522336455854]
solution time: 0.004534006118774414
McCormick lower bound: -4.316963167906672

