x_opt: [0.5258472819544799, 0.898888227060396, 0.10111167625758308, 0.898888370035734, 0.10111172840313562, 0.10111163182722119, 0.10111170205127319, 0.898888278840005, 0.10111162705976727, 0.10111183113624024]
w_opt: [0.5258472794518687, 0.10111167427607394, 0.525847279567107, 2.1675333710706392e-7, 0.10111162871638014, 1.924546725006661e-8, 0.4247355656110139, 3.292647687947393e-9, 0.10111182613159841, 8.685163914447542e-9, 0.8988882247146404, 3.854523586805335e-9, 0.10111162915165826, 1.928371690509767e-9, 0.8988882251145782, 2.286064329584985e-9, 5.980379065917145e-8, 0.10111167402734735, 0.10111166079115864, 0.10111162609391325, 0.1011116733730147, 7.291857136227292e-8, 2.685542393333786e-9, 7.472622543153454e-9, 1.0427410313046317e-7, 5.28584079220779e-8, 0.10111169087244977, 0.8988882700249122, 8.324149883137541e-9, 0.10111182816041228, 5.0301764858391884e-9, 0.10111169221052098, 1.2145528130696592e-8, 3.520832542535424e-9, 1.7908349569150633e-9, 1.6991748990182081e-9, 4.357901347228428e-9, 0.10111162265758865, 4.353289567925021e-8, 2.411376286346206e-9, 0.10111162407791323, 1.758584846522222e-9, 3.062110366235877e-9, 0.10111182431035155, 0.10111161883028728]
v_opt: [0.010223604604247875, 0.1011116230152682]
solution time: 0.007512807846069336
McCormick lower bound: -3.6244481337212093

