x_opt: [0.5258474066810513, 0.8988883567497944, 0.10111155635632058, 0.8988884302051745, 0.10111157212759993, 0.10111153355036229, 0.10111156531021144, 0.8988884332683545, 0.10111155857109766, 0.10111175178241155]
w_opt: [0.525847405502454, 0.10111155527581385, 0.5258474043909974, 3.5848927504926703e-7, 0.10111153121571376, 1.710066732802812e-8, 0.42473584251767493, 3.817883667367135e-9, 0.10111174710455655, 4.951013532350701e-9, 0.8988883549541855, 3.015337382162587e-9, 0.10111153001024338, 1.0593667252554049e-9, 0.898888355532741, 1.421932616252722e-9, 1.095909546813031e-7, 0.10111155456896678, 0.101111532279272, 0.1011115279950856, 0.10111155218467704, 8.94210456125585e-8, 1.9416423964826794e-9, 7.214888318363176e-9, 1.7418609265046022e-8, 3.4419625058416874e-8, 0.10111155245407114, 0.8988884083112317, 8.654169645469278e-9, 0.10111174992040478, 3.639741695661289e-9, 0.10111153342445595, 1.2431344306267914e-8, 3.0948175533685966e-9, 1.8514958973766186e-9, 8.534229345163993e-10, 2.67553790721684e-9, 0.10111153019522397, 3.904001829198504e-8, 1.5277790102936306e-8, 0.10111155621951265, 9.433901864189244e-10, 7.18952418549833e-9, 0.10111174568422684, 0.10111155334995717]
v_opt: [0.010223641170076804, 0.10111155630491837]
solution time: 0.007231950759887695
McCormick lower bound: -2.9806720676415344

