x_opt: [0.29618160986403314, 0.7449544079731636, 0.25504556648215815, 0.9999996241114695, 0.25504559016089207, 0.25504556491575153, 0.25504556637191794, 0.7449544120538791, 0.2550454660491197, 0.2550455899778567]
w_opt: [0.29618160844064967, 0.25504556549175406, 0.29618160915572367, 2.424152041972114e-7, 0.25504556333118933, 1.9203165423067658e-8, 0.04113602384529875, 7.420659117975283e-10, 0.2550455874886622, 4.9586140980478366e-9, 0.7449544072798693, 2.9758083358444654e-9, 0.255045564316402, 7.626602580597336e-10, 0.7449544069900045, 6.91583084898496e-10, 2.102751245805228e-9, 0.25504556594781846, 0.2550455629168459, 0.25504556291654995, 0.2550455652356408, 2.4746300217061277e-8, 8.93648957875892e-10, 2.676414502859939e-9, 0.2550452163386339, 0.25504519869911935, 0.255045561513817, 0.744954409464335, 0.25504509255347113, 0.25504558851596787, 2.645494700774339e-9, 0.25504556272537476, 3.741585690990458e-9, 1.3141377677987607e-9, 5.708666559815716e-10, 7.013774576729897e-10, 1.7524130206195256e-9, 0.2550454644107491, 4.174585919168819e-8, 6.065003489816316e-9, 0.25504546511931453, 6.152945543256679e-10, 1.4610889337822407e-9, 0.25504558544001793, 0.2550454629855138]
v_opt: [0.06504829054303271, 0.2550454642385142]
solution time: 0.006062984466552734
McCormick lower bound: -4.431567824016326

