x_opt: [0.4405990541436857, 0.8417505599556279, 0.15824943959793175, 0.9364192899890815, 0.15824944000380461, 0.15824943947904163, 0.15824943958754134, 0.841750560023511, 0.1582494394508284, 0.1582494399951097]
w_opt: [0.4405990541150261, 0.15824943957934337, 0.440599054107227, 1.302993009537852e-9, 0.15824943943592387, 2.907215592249751e-10, 0.28234961421285043, 2.837274269989041e-11, 0.15824943993972684, 8.898777575345135e-11, 0.8417505599252855, 5.202727776100753e-11, 0.15824943945320274, 1.550094184864346e-11, 0.8417505599220834, 2.280357835304058e-11, 2.4077350231191777e-11, 0.1582494395786932, 0.15824943945207112, 0.1582494394168167, 0.1582494395318296, 3.253446700962631e-10, 2.6118625866514586e-11, 5.8141062763442234e-11, 0.0946687300542721, 0.09466872975222149, 0.1582494394897513, 0.8417505599600221, 0.09466872949436109, 0.15824943994939678, 5.176151361383561e-11, 0.1582494395079619, 6.391245543947601e-11, 3.125104099753882e-11, 2.724507271319216e-11, 2.119116612884524e-11, 3.725172139412799e-11, 0.15824943939676606, 3.5465697361956125e-10, 1.1340756852170133e-10, 0.15824943941731442, 1.871273819826211e-11, 5.982268921067623e-11, 0.15824943986895976, 0.15824943938057026]
v_opt: [0.02504288525686572, 0.1582494394085163]
solution time: 0.004964113235473633
McCormick lower bound: -3.847604175929521

