x_opt: [0.7399726156859566, 0.7996256871770059, 1.6419960492457277e-8, 0.9999999859231082, 0.20037431568762412, 1.3072328056695434e-8, 0.20037429312294877, 0.7996257063198837, 1.3739380977259922e-8, 0.7195628137747501]
w_opt: [0.7399726154145264, 1.6134039199695707e-8, 0.7399726154693863, 1.1600995516097526e-8, 1.2785531570269417e-8, 2.1901424816318085e-9, 0.5395983227781527, 3.8936853023436895e-10, 0.7195628101304588, 7.244345471485686e-10, 0.7996256869669516, 3.737760078787438e-9, 1.2778579879269982e-8, 2.6802790484677557e-10, 0.799625686987811, 2.3058585286322122e-10, 0.5191885019996273, 1.6150573037646495e-8, 1.571877798285081e-8, 1.2424168723876984e-8, 1.6218398085865405e-8, 2.4001228216814505e-9, 2.920186354913914e-10, 1.1192687141831262e-9, 0.2003743020183098, 4.0842443112197145e-9, 0.20037429125105596, 0.7996257052251298, 1.2828927746784178e-9, 0.7195628135072112, 5.100095667789433e-10, 0.20037429226657524, 2.2463680102352668e-8, 4.280628224247563e-10, 1.6503255175529523e-10, 1.7318831402329526e-10, 3.906781787989837e-10, 1.2527538763873406e-8, 3.204004997347991e-9, 9.578431334997385e-10, 1.344232109671914e-8, 1.9118747126068502e-10, 2.278437358743056e-10, 0.7195628131791689, 1.295358054307251e-8]
v_opt: [0.0401509923426289, 1.3333750468756687e-8]
solution time: 0.005429983139038086
McCormick lower bound: -3.4688561101489057

