x_opt: [0.5077077904107707, 0.8661381789257914, 0.13386182101214622, 0.8917512777250617, 0.13386182107133718, 0.10824872251476757, 0.13386182103199953, 0.8661381789547952, 0.10824872247387862, 0.13386182107562053]
w_opt: [0.5077077904048869, 0.13386182100822216, 0.5077077904066337, 2.147472449957445e-10, 0.10824872250882164, 3.8852930949491e-11, 0.3738459693761995, 4.808694201371785e-12, 0.13386182106778774, 1.8835399076327622e-11, 0.8661381789219105, 9.84992839798382e-12, 0.1082487225108446, 3.9930061487819725e-12, 0.8661381789216356, 4.042039019698648e-12, 8.771043682777083e-12, 0.13386182100864175, 0.1338618209937712, 0.10824872250755038, 0.13386182100764138, 8.490640520564649e-11, 4.741060102017315e-12, 1.1832356099374108e-11, 0.025613098805066792, 3.1102340717886177e-10, 0.1338618210176915, 0.8661381789438207, 2.0739541436732664e-10, 0.13386182106924271, 9.190440070127485e-12, 0.1338618210206072, 3.207315464878735e-11, 5.74138825375908e-12, 3.0920624525474116e-12, 3.8853233110682426e-12, 7.307001991430628e-12, 0.10824872246729728, 8.356919576156387e-11, 2.2557203956744747e-11, 0.1082487224686617, 3.651320365171465e-12, 5.041364118717635e-12, 0.1338618210625169, 0.10824872246243675]
v_opt: [0.017919002618996545, 0.10824872246549762]
solution time: 0.005048990249633789
McCormick lower bound: -4.389682373650723

