x_opt: [0.5258473732695784, 0.8988884245430231, 0.10111157451635525, 0.8988884262858503, 0.10111157382021543, 0.10111157354988622, 0.10111157458130818, 0.8988884264138057, 0.10111157318966485, 0.10111164833131145]
w_opt: [0.5258473731391987, 0.10111157440539038, 0.5258473731200073, 1.6291033655928058e-8, 0.10111157338474831, 9.777818108514818e-10, 0.4247357999384955, 1.925848738506293e-10, 0.10111164711999816, 7.097690910618323e-10, 0.8988884244350556, 1.9552128780361412e-10, 0.10111157341502086, 1.5545180069290487e-10, 0.8988884244535817, 1.4053704734081606e-10, 7.301503765977111e-8, 0.10111157441649198, 0.10111157311277302, 0.10111157327904645, 0.10111157432557913, 3.6446599560407516e-9, 1.4142646263868335e-10, 4.436828770826306e-10, 5.084784206151811e-10, 3.4161507015873024e-9, 0.10111157399683504, 0.898888425698447, 7.793552016643046e-10, 0.10111164816806731, 2.92029873229459e-10, 0.1011115732365829, 4.978594632345105e-10, 2.0837874320075577e-10, 8.641818853001175e-11, 8.03544122440335e-11, 2.936324813317639e-10, 0.10111157293230262, 3.1846989875923488e-9, 1.3828925187642021e-9, 0.10111157305764931, 8.92092901748882e-11, 1.6882558071483034e-10, 0.10111164799684877, 0.10111157281936449]
v_opt: [0.01022372636068923, 0.10111157297526203]
solution time: 0.004576921463012695
McCormick lower bound: -4.911843360233544

