x_opt: [0.5258710263449397, 0.8989021099116399, 0.10109525061491034, 0.8989050090675496, 0.10109611527236202, 0.10109512468236491, 0.10109575974273491, 0.8989042463050952, 0.10109511365847712, 0.10112991428659236]
w_opt: [0.5258710203086013, 0.10109524643557287, 0.5258710210981592, 3.0045773227122333e-6, 0.10109510923928999, 1.7754635850014778e-7, 0.42477529743581116, 1.1314754364211197e-8, 0.1011298671773247, 2.110413428243007e-8, 0.8989021030753438, 2.8570084719116504e-8, 0.10109511778683133, 4.68141657027474e-9, 0.8989021050768166, 4.958731408486895e-9, 3.203576068090458e-5, 0.10109524433062717, 0.10109521524103922, 0.10109510132216322, 0.10109524486850378, 5.926843500141273e-7, 7.686295569587297e-9, 3.174469096797587e-8, 1.1450027380461485e-6, 2.3968988271892e-7, 0.10109564600094481, 0.8989041915005425, 1.5728748098787639e-7, 0.10112990686084534, 2.2238392156414278e-8, 0.10109570277891464, 3.9160354028516245e-7, 2.1938446858477286e-8, 7.180445014583275e-9, 3.149183442312743e-9, 1.1400752064361783e-8, 0.10109509918309305, 1.896922322337479e-7, 4.096925256603566e-8, 0.10109510530238988, 3.920468887680048e-9, 1.1136979177204142e-8, 0.1011298977045715, 0.10109507980912819]
v_opt: [0.010221205141817987, 0.10109510291766019]
solution time: 0.006879091262817383
McCormick lower bound: -2.851141316486678

