x_opt: [0.28016270569396895, 0.7198372943980402, 0.2801624999659954, 0.9999999995400172, 0.2801627055958623, 0.28016249971070656, 0.28016249998181675, 0.7198372944117706, 0.23153026266150983, 0.28016270559376216]
w_opt: [0.2801627056866393, 0.2801624999626666, 0.2801627056888428, 2.268980970526181e-10, 0.28016249970421714, 5.2915158535139864e-11, 1.167018376026988e-10, 3.919830247662829e-12, 0.2801627055862859, 1.3460191029206544e-11, 0.7198372943938306, 9.472469638038183e-12, 0.2801624997079578, 3.1333843111341727e-12, 0.7198372943914519, 3.633287529146464e-12, 5.978100659900113e-12, 0.2801624999630567, 0.28016249995178855, 0.28016249970396967, 0.28016249996003345, 3.922622652104878e-11, 4.412762640848013e-12, 9.409150108317657e-12, 0.28016270514549546, 0.28016249930396564, 0.28016249995893383, 0.7198372944006632, 0.23153026220979728, 0.280162705587143, 8.461805927684573e-12, 0.28016249996320225, 1.4161923894453336e-11, 4.97653041027514e-12, 3.4053665473631616e-12, 5.004107724135164e-12, 6.955081909070555e-12, 0.23153026265541496, 7.114105316871774e-11, 1.4081655646643116e-11, 0.2315302626554057, 3.872626772806372e-12, 6.283294704440094e-12, 0.280162705578097, 0.23153026265046694]
v_opt: [0.07849103866282757, 0.2315302626534535]
solution time: 0.0060880184173583984
McCormick lower bound: -3.474139659728639

