x_opt: [0.3193525872449126, 0.6806474260712717, 0.3193525674081617, 0.9506479236296475, 0.31935257235546904, 0.31935255248817557, 0.31935256770318626, 0.6806474281512683, 0.04935207945743346, 0.31935257728491867]
w_opt: [0.3193525867835991, 0.31935256717983473, 0.3193525870290229, 1.4409741269873903e-8, 0.31935255215046837, 2.6974117057523213e-9, 1.6247895131994564e-8, 2.184048621297797e-10, 0.31935257680199974, 1.0049816095570286e-9, 0.6806474258442131, 4.473021750541098e-10, 0.31935255230297566, 2.1849026853498735e-10, 0.680647425781877, 2.120617156422504e-10, 3.7190992514535858e-9, 0.31935256722240124, 0.31935256636839826, 0.31935255198182905, 0.3193525671528886, 4.4378989746225825e-9, 2.548621293265425e-10, 5.710999804236105e-10, 0.27000049649856045, 0.2700004799055862, 0.3193525667570947, 0.6806474274900125, 3.72756413546439e-9, 0.31935257691367336, 4.946206270120861e-10, 0.31935256688390895, 9.039624965356772e-10, 2.919409078720492e-10, 1.6331779195238622e-10, 2.9276424546096203e-10, 5.555952130596716e-10, 0.049352079111578614, 4.965524601354469e-9, 1.0312053041014315e-9, 0.04935207911371791, 2.328329411587545e-10, 2.872397588575268e-10, 0.3193525765235177, 0.04935207879731545]
v_opt: [0.10198609228520361, 0.04935207894791135]
solution time: 0.0046329498291015625
McCormick lower bound: -3.940997317503489

