x_opt: [0.5258483775708439, 0.8988885999822354, 0.10111083770760482, 0.8988891874118874, 0.10111088911064241, 0.101110818042336, 0.10111083872253496, 0.898889125445702, 0.10111082343767477, 0.10111281180535635]
w_opt: [0.5258483763981469, 0.10111083669646895, 0.5258483760293643, 1.1354243273450186e-6, 0.10111081579847363, 3.212743596011372e-8, 0.4247375068191177, 2.684950850927596e-9, 0.10111280876769375, 4.714842114195985e-9, 0.8988885984928534, 3.051180342890011e-9, 0.10111081589772676, 1.1438330594574478e-9, 0.8988885988705783, 1.2430378514804014e-9, 1.4127399276229086e-6, 0.1011108360525224, 0.10111082575890452, 0.10111081232856102, 0.10111083605540179, 2.0527920963278595e-7, 1.8520189870996866e-9, 7.712799548603596e-9, 8.039980957980734e-8, 9.969526052563332e-8, 0.10111081525268523, 0.8988891165670964, 1.8927538180152143e-8, 0.10111281018337571, 3.962137781931808e-9, 0.10111082783766694, 1.954644904328584e-8, 3.827178826134906e-9, 1.5334392148985607e-9, 9.156313227534586e-10, 2.4636889647713156e-9, 0.10111081518408851, 8.434731230575293e-8, 5.677044898271167e-9, 0.10111082168391888, 9.424112280531305e-10, 2.7861828098716608e-9, 0.10111280686754105, 0.10111081795590025]
v_opt: [0.010224726780703497, 0.10111082112448283]
solution time: 0.007008790969848633
McCormick lower bound: -2.8484091938074467

