x_opt: [0.37445117700101926, 0.6255488503398602, 0.37445031508042875, 0.839320366691447, 0.37445114637080473, 0.1606798016421618, 0.3744503162415492, 0.625548853836798, 0.1606796340474611, 0.37445115280383556]
w_opt: [0.3744511768927146, 0.37445031502505566, 0.37445117694670743, 3.3330226803315374e-9, 0.1606798015640823, 6.784161505027213e-10, 3.111089419264275e-8, 5.7783510709952476e-11, 0.3744511526616037, 1.622226179864335e-10, 0.6255488502776628, 1.1200652817083851e-10, 0.16067980159204315, 5.370743142895672e-11, 0.625548850270856, 4.929919522768938e-11, 3.219819184649189e-9, 0.374450315020277, 0.3744503149090491, 0.1606798014967887, 0.3744503150177814, 5.983652008613601e-10, 6.546199312846105e-11, 1.515839196408329e-10, 0.21377151317852522, 1.694239494514228e-7, 0.3744503159221167, 0.6255488536506156, 9.234542225151518e-10, 0.37445115272308, 1.2456325804496015e-10, 0.3744503160492192, 3.192590148626796e-10, 7.803289765510973e-11, 4.17621029775391e-11, 6.746014308723522e-11, 1.0042723582830064e-10, 0.16067963396405643, 1.2614529148434659e-9, 1.7079088751764258e-10, 0.16067963395447785, 5.658519299349424e-11, 6.877573841213861e-11, 0.37445115260159784, 0.16067963386525058]
v_opt: [0.14021323005377034, 0.16067963393017556]
solution time: 0.0047609806060791016
McCormick lower bound: -2.777359049224152

