x_opt: [0.5258473107191165, 0.8988883760763483, 0.10111162346966918, 0.898888385219051, 0.10111162378726837, 0.10111161542736088, 0.10111162358803824, 0.898888376265301, 0.10111161539332107, 0.10111162435100145]
w_opt: [0.5258473106773022, 0.1011116234359739, 0.5258473106808484, 4.784898321426769e-9, 0.10111161537321084, 3.014085613201264e-10, 0.4247356870708275, 5.3688358558133804e-11, 0.10111162425976247, 2.0895603981188322e-10, 0.8988883760442876, 1.353082541381537e-10, 0.10111161538593287, 3.6157575126126493e-11, 0.8988883760444141, 4.0447722731357803e-11, 4.737222089540339e-10, 0.10111162343935745, 0.10111162304904588, 0.10111161536542185, 0.10111162341025254, 7.40856604876154e-10, 4.364675662366793e-11, 1.2654319105783848e-10, 9.090808078537904e-9, 1.2973419752029895e-9, 0.10111162345164823, 0.8988883761259162, 8.320486919880719e-10, 0.10111162429555554, 8.648222890794055e-11, 0.10111162327361346, 1.2287922763029585e-10, 5.6712977799997296e-11, 2.8410342832059387e-11, 2.7901559001231727e-11, 1.0152365859123784e-10, 0.10111161530104618, 8.619724772667251e-10, 1.5985222816827122e-10, 0.1011116153512777, 2.9293102343624944e-11, 5.820226840887678e-11, 0.10111162423993074, 0.1011116152953482]
v_opt: [0.0102235622057962, 0.10111161532305256]
solution time: 0.0050318241119384766
McCormick lower bound: -5.323911283885433

