x_opt: [0.42385491977088496, 0.7147452650384857, 0.28525473406223195, 0.858758995919623, 0.2852547348628229, 0.14124131314020413, 0.28525473428955184, 0.7147452652807826, 0.14124100542032522, 0.28525473501008103]
w_opt: [0.42385491971894407, 0.2852547340306395, 0.42385491973869116, 1.6863369717039223e-9, 0.14124131309417606, 3.366613124513425e-10, 0.13860018514236896, 3.508035924072078e-11, 0.2852547349493499, 1.2964975100877838e-10, 0.7147452650060439, 6.687670833509068e-11, 0.14124131311082547, 3.0374167391282385e-11, 0.7147452650017032, 3.0879585741919294e-11, 1.0004660738921024e-10, 0.2852547340330995, 0.2852547339347498, 0.14124131307961324, 0.28525473402664875, 5.456238375302361e-10, 3.714769938915825e-11, 8.791295013652954e-11, 0.1440137308515979, 3.0957594657595377e-7, 0.2852547340328042, 0.7147452651891192, 1.4090790420360266e-9, 0.2852547349601255, 7.056282660809813e-11, 0.2852547340705625, 1.923877232023621e-10, 4.358910052552767e-11, 2.4353028577563962e-11, 3.476979754164508e-11, 5.884612599401474e-11, 0.14124100537429632, 6.550225754109236e-10, 1.123243233735735e-10, 0.14124100537495418, 3.0625688274040046e-11, 4.045133877083109e-11, 0.28525473490424325, 0.1412410053262773]
v_opt: [0.08137027207072742, 0.14124100535304238]
solution time: 0.0071260929107666016
McCormick lower bound: -3.808749634715144

