x_opt: [0.5258472473357818, 0.8988882601095626, 0.10111172526181392, 0.8988884047789265, 0.10111171859143449, 0.1011116390305849, 0.10111172377638955, 0.8988882834876166, 0.10111163803506959, 0.10111176622687636]
w_opt: [0.5258472462384822, 0.10111172433698591, 0.5258472460023539, 7.141344728389719e-7, 0.10111163737462928, 1.2993269546701705e-8, 0.4247355330208099, 1.943093914460078e-9, 0.10111175594152635, 1.3008526623167998e-8, 0.8988882588946455, 2.206350065827813e-9, 0.10111163747782691, 1.071913670524966e-9, 0.8988882591216912, 1.3384989790924926e-9, 2.756696511896946e-8, 0.10111172423394756, 0.10111168363675174, 0.10111163682937066, 0.10111172243027317, 8.565306350610343e-8, 1.363939515972001e-9, 4.317288133283848e-9, 1.2998225721532502e-7, 1.0706426887606138e-7, 0.1011117156279159, 0.8988882756847799, 6.148793822297151e-8, 0.10111176460639688, 2.638082459552544e-9, 0.10111170734242972, 5.471089096832636e-9, 1.8598450894616727e-9, 9.675390454292963e-10, 7.537427175704581e-10, 2.7359557591653767e-9, 0.10111162999590541, 8.261519780613801e-8, 2.404382648608643e-8, 0.10111163666514968, 8.175610490570614e-10, 3.361568184326567e-9, 0.10111176230913971, 0.10111163321732652]
v_opt: [0.010223641391924509, 0.10111163602460682]
solution time: 0.0048580169677734375
McCormick lower bound: -4.250228535826731

