x_opt: [0.5000094034879241, 0.5000096427234438, 5.41184938801887e-6, 0.8490590575502499, 0.1770738927651383, 0.15093967792435314, 0.1509398841136416, 0.8229261323628834, 0.1509398403513359, 0.4999919140893787]
w_opt: [0.5000093803497765, 5.4038636392799935e-6, 0.5000093897988629, 5.991090199438485e-6, 0.15093966457394511, 1.2746953774071038e-7, 0.3229355542263431, 1.827905309918468e-8, 0.4999900603194879, 2.305206848885704e-8, 0.5000096273778151, 3.414511662202859e-8, 0.15093965957184322, 8.421610354069786e-9, 0.5000096313816458, 8.105315866068487e-9, 1.568493929969302e-6, 5.388913861177592e-6, 5.374289457327959e-6, 5.360241271273132e-6, 5.399610976562102e-6, 1.0017635662522117e-7, 1.3240802295039418e-8, 3.718186314684195e-8, 0.02613297142697074, 1.0401542079880608e-6, 0.15093963634539367, 0.8229260818878144, 1.39854718890523e-7, 0.4999919032093571, 2.3067479130726586e-8, 0.15093987399950393, 3.23498470741955e-8, 1.9253954423069254e-8, 1.3232411448883262e-8, 7.119644088767656e-9, 1.1531454553330869e-8, 0.15093965563192058, 1.772577324525684e-7, 1.7498367699984477e-8, 0.15093980432959225, 7.348044048127639e-9, 1.3138393869940997e-8, 0.4999918669946671, 0.15093979824078255]
v_opt: [0.02278290199992109, 0.15093982482802348]
solution time: 0.00442814826965332
McCormick lower bound: -1.7713055135691804

