x_opt: [0.5257993752651584, 0.8988562507630288, 0.10114374682252633, 0.8989094898999664, 0.10114374912000008, 0.10114374589448422, 0.10114374700333933, 0.8988562510021237, 0.10114374578716069, 0.10114374913611715]
w_opt: [0.525799375160973, 0.10114374676261806, 0.5257993751888075, 4.104661506826519e-9, 0.10114374576880383, 8.7418057633043e-10, 0.42465562639812554, 9.062416487449632e-11, 0.10114374896656811, 2.5255530786521476e-10, 0.8988562506699119, 1.7650462797243423e-10, 0.1011437458108427, 5.1081210945114396e-11, 0.898856250654376, 6.941803326942539e-11, 8.797686388086809e-11, 0.10114374675738162, 0.10114374644426617, 0.10114374571241656, 0.10114374669728221, 9.66039191160706e-10, 8.352220202713535e-11, 1.9047462248659154e-10, 5.32392006773253e-5, 5.3236694842159846e-5, 0.10114374666999262, 0.8988562507965253, 5.3235844925314936e-5, 0.10114374900705962, 1.6167899641569643e-10, 0.10114374674290756, 2.382227148537886e-10, 1.0091862474831797e-10, 7.83309548437906e-11, 6.613272488159364e-11, 1.1442150259779542e-10, 0.10114374564719963, 1.170339296084537e-9, 3.037305532127481e-10, 0.10114374569462804, 5.951829626634002e-11, 1.4951982202673658e-10, 0.10114374879064804, 0.10114374555753856]
v_opt: [0.01023036681792866, 0.10114374567667962]
solution time: 0.0054318904876708984
McCormick lower bound: -3.463058882560265

