x_opt: [0.5258467634459784, 0.8988876681961407, 0.1011123031888426, 0.8988884182998729, 0.10111232442769719, 0.1011119316149837, 0.10111231162213684, 0.8988877456852948, 0.10111186977117007, 0.10111234709580595]
w_opt: [0.525846759171892, 0.10111229989887627, 0.525846759772544, 2.767771456959494e-7, 0.10111192638426117, 2.8212925243643292e-8, 0.42473451761794223, 4.909498253840198e-9, 0.10111233972102655, 2.0074751195205118e-8, 0.8988876649723551, 8.124328966352916e-9, 0.10111192781013513, 3.510481116488478e-9, 0.8988876651994586, 3.891394853532646e-9, 1.9788472510351654e-8, 0.10111230030078608, 0.10111227534029456, 0.101111925174938, 0.10111229801370021, 1.1843445161811481e-7, 4.1706088976232595e-9, 1.1533245828113636e-8, 7.510580040949151e-7, 3.647476242207089e-7, 0.10111229733136737, 0.8988877344996669, 2.9551838937492015e-7, 0.10111234166048783, 8.211662595484847e-9, 0.10111229274269352, 7.52952422305677e-8, 5.296013537957842e-9, 2.7007381300853295e-9, 2.8088155190250495e-9, 6.43676276696822e-9, 0.10111186370510138, 7.274845814175221e-8, 7.051910183033893e-8, 0.10111186563430977, 2.8896923365485197e-9, 4.517324612844296e-9, 0.10111233648797897, 0.10111185942496724]
v_opt: [0.010223828730066633, 0.10111186283177197]
solution time: 0.004400014877319336
McCormick lower bound: -5.363252231153664

