x_opt: [0.3622556890432171, 0.6377442581097094, 0.22390307958343877, 0.7760968752924287, 0.36225568125439034, 0.22390312117150837, 0.22390312335518658, 0.6377443137264237, 0.22390311918907918, 0.36225572789603006]
w_opt: [0.36225568645753947, 0.22390307836768944, 0.36225568704164884, 4.829629042395244e-7, 0.2239031189021619, 9.944560506343133e-8, 1.600665421383128e-8, 1.4328773696712782e-9, 0.36225568519283796, 3.535196720070975e-9, 0.6377442552709439, 5.605919540122498e-9, 0.2239031197374852, 1.1178574163820354e-9, 0.6377442542013118, 1.1257060056113271e-9, 3.172671827605554e-9, 0.22390307753928793, 0.22390307436262455, 0.2239030721435985, 0.2239030776630606, 1.5659937020073363e-8, 1.7004055893177686e-9, 3.3207370539696366e-9, 0.13835255967113907, 9.131186133559701e-8, 0.22390310903158744, 0.6377443084804938, 6.011926104555508e-9, 0.36225572568549574, 3.013873963643092e-9, 0.22390311537000762, 3.485726797403746e-9, 2.038994087344834e-9, 1.6239972260187554e-9, 2.1395943750340954e-9, 2.0594174335036234e-9, 0.2239031162648417, 4.611814116513238e-8, 6.142517606184739e-9, 0.22390311572874913, 1.4455073141112333e-9, 2.9356431903534852e-9, 0.36225571879245827, 0.2239031143213812]
v_opt: [0.05013303881416535, 0.22390311640639207]
solution time: 0.007323026657104492
McCormick lower bound: -1.5234743922411216

