x_opt: [0.31525333847822307, 0.7577373311009205, 0.24226266821903472, 0.9916032641216269, 0.24226266876393882, 0.24226266796429513, 0.24226266823937595, 0.7577373312917997, 0.2422626676468182, 0.24226266890531]
w_opt: [0.31525333842653697, 0.2422626681871422, 0.3152533384357696, 1.9306885966375927e-9, 0.2422626679080984, 4.119881799962484e-10, 0.07299066985275707, 3.9251864744738865e-11, 0.24226266883372058, 1.375645194752523e-10, 0.7577373310601258, 6.941180790545882e-11, 0.2422626679301053, 2.7745614182207102e-11, 0.7577373310557202, 3.415271590279829e-11, 6.493815292250874e-11, 0.24226266818778974, 0.24226266804818772, 0.24226266788077155, 0.24226266815715902, 5.312767063826385e-10, 3.9976787830642816e-11, 9.02903040931951e-11, 0.23386593297053543, 0.23386593278387371, 0.2422626680771485, 0.7577373311901844, 0.23386593184521093, 0.24226266884328623, 7.726219141965765e-11, 0.24226266811332317, 1.1437755648495106e-10, 4.688222933662137e-11, 3.17383241307916e-11, 3.649689279574229e-11, 6.291752886768072e-11, 0.2422626675895072, 6.196320515484169e-10, 1.4434419776634603e-10, 0.24226266759620715, 3.1475644223336875e-11, 5.960608663458478e-11, 0.2422626687621873, 0.2422626675407224]
v_opt: [0.05869125016493587, 0.24226266757740328]
solution time: 0.00489497184753418
McCormick lower bound: -3.731863723481905

