x_opt: [0.36225615663243066, 0.6377438413523882, 0.2239026231544737, 0.7760973755454481, 0.3622549141026739, 0.223902623731552, 0.22390262549931336, 0.6377450863727196, 0.22390262309591902, 0.3622561581004599]
w_opt: [0.36225615584327947, 0.22390262279595183, 0.36225615617031887, 1.0931793151607673e-7, 0.22390262295440652, 1.222804668185512e-8, 1.2487666294048002e-6, 4.454513124514852e-10, 0.36225615165748104, 1.2640656939507356e-9, 0.6377438407047523, 2.74259943229887e-9, 0.22390262332125715, 3.7322697704523077e-10, 0.6377438391251832, 3.1877289036125457e-10, 2.3047886697872714e-9, 0.2239026225636382, 0.22390262183624954, 0.22390262072623698, 0.22390262274659894, 3.389307089849212e-9, 4.794157144673714e-10, 1.2056431154836048e-9, 0.13835229048583184, 1.2624879669942955e-8, 0.22390262145913942, 0.6377450848512468, 2.4674868716827518e-9, 0.3622561575322018, 1.0334928831424694e-9, 0.22390262308590628, 2.0277011086078324e-9, 6.452792274230819e-10, 4.316882410381673e-10, 5.087764194940758e-10, 6.415735073825024e-10, 0.2239026221181639, 1.0683170998569787e-8, 1.563655744648547e-9, 0.22390262253695506, 4.0029322328903963e-10, 6.861003606370448e-10, 0.36225615453627635, 0.22390262131183403]
v_opt: [0.050132427049461574, 0.22390262238532876]
solution time: 0.004709005355834961
McCormick lower bound: -1.8014633619440739

