x_opt: [0.5258472820899976, 0.8988883538120063, 0.10111164531407453, 0.8988883966961276, 0.10111164528243925, 0.10111163444271078, 0.10111164532911913, 0.8988883548162108, 0.10111163262644056, 0.10111164675688632]
w_opt: [0.5258472820213688, 0.10111164526450563, 0.5258472820310237, 2.7933075844238582e-8, 0.10111163436010219, 6.780044730813104e-10, 0.4247356370534999, 7.041011718994471e-11, 0.10111164662746955, 3.81838229073871e-10, 0.8988883537578377, 9.429605222988036e-11, 0.10111163438527279, 5.2485605789384514e-11, 0.89888835376128, 5.882614827299981e-11, 6.269584948962605e-10, 0.1011116452682147, 0.1011116447356327, 0.10111163433068993, 0.10111164522308093, 3.1146297615282958e-9, 6.453758638879671e-11, 1.6928000341392955e-10, 4.211776228358477e-8, 3.397427097750234e-8, 0.10111164506133172, 0.8988883546586568, 2.9469476621519865e-8, 0.10111164666677362, 1.2876235045529696e-10, 0.1011116448523358, 1.9757932568349422e-10, 8.29119612247043e-11, 4.4228887709299255e-11, 4.678281989937872e-11, 1.1309071334494772e-10, 0.10111163253817626, 2.670784156860121e-9, 1.1482331750180533e-9, 0.10111163255512129, 4.5669344636167696e-11, 7.800627490104673e-11, 0.10111164656599791, 0.10111163244900208]
v_opt: [0.01022367994812238, 0.10111163251656323]
solution time: 0.0062408447265625
McCormick lower bound: -4.68473511056785

