x_opt: [0.3193625239593976, 0.6806579438446272, 0.31934197837011374, 0.9506453866343165, 0.31934205263755205, 0.319341971094939, 0.31934198215961473, 0.6806579565086638, 0.04935478812838517, 0.3193420584502128]
w_opt: [0.31936251864210446, 0.3193419753350066, 0.3193625208843458, 1.8343951701997547e-7, 0.31934196653738744, 2.1411898226377265e-8, 2.048903971614102e-5, 3.3185866233103024e-9, 0.3193420526737943, 1.317012901906766e-8, 0.6806579406996949, 5.558086231752923e-9, 0.3193419683588636, 2.930302863801206e-9, 0.6806579399112934, 2.9965714565832395e-9, 6.818643389024715e-9, 0.3193419756378262, 0.3193419662956925, 0.3193419638958828, 0.3193419742473491, 4.885509221063106e-8, 3.6196809712680696e-9, 8.571400875015448e-9, 0.2699874463818748, 0.2699874041701922, 0.31934197129042796, 0.6806579468702189, 1.8145285756122483e-7, 0.31934205337304816, 7.435253949663593e-9, 0.31934197234932216, 1.3612247951965955e-8, 4.346417743977554e-9, 2.3352737489571712e-9, 3.5480945432511154e-9, 6.428222153096541e-9, 0.049354783306427584, 5.0355886299896926e-8, 1.1418198438404937e-8, 0.04935478370540687, 2.999774911781338e-9, 4.14256610140652e-9, 0.31934205117329884, 0.049354778875018164]
v_opt: [0.10198034843911684, 0.04935478130544878]
solution time: 0.0065538883209228516
McCormick lower bound: -3.8370876035381256

