x_opt: [0.319352595006365, 0.6806474040957304, 0.31935254037083705, 0.9506478612078997, 0.3193525954775162, 0.31935252766020755, 0.31935254247902983, 0.6806474053075597, 0.04935214017004451, 0.3193525967397909]
w_opt: [0.31935259451691606, 0.3193525401773282, 0.31935259483085693, 2.2529826908511215e-8, 0.3193525272996686, 4.273154662996753e-9, 3.4320445767718667e-9, 1.5083041261766552e-10, 0.31935259347225037, 5.323551001069446e-10, 0.6806474038625433, 6.743477336235584e-10, 0.31935252752892623, 1.3123576457474821e-10, 0.6806474036221314, 1.496043960276646e-10, 1.8486022158238273e-9, 0.3193525402067219, 0.31935253830081145, 0.3193525269715698, 0.31935254013577896, 1.3138114515210872e-9, 2.0087432354307653e-10, 4.478978530555388e-10, 0.27000045719384896, 0.27000039254156016, 0.3193525413875189, 0.6806474046668368, 3.3809069299674507e-9, 0.31935259640264685, 4.491480054830697e-10, 0.3193525393765488, 1.3362861926337265e-9, 2.497608561625018e-10, 1.3583657822906244e-10, 3.2580918154938353e-10, 4.899726285742868e-10, 0.049352139828325384, 4.4952312394239e-9, 1.763859598939121e-9, 0.04935213982480222, 1.988000742855734e-10, 3.006031256584359e-10, 0.31935259596121884, 0.04935213952179033]
v_opt: [0.10198605463611704, 0.04935213972048865]
solution time: 0.00574803352355957
McCormick lower bound: -2.7423478352373594

