x_opt: [0.742986924886255, 0.7907391723649846, 8.187591021261873e-7, 0.9999967769542522, 0.20926073433921613, 8.120935252078063e-7, 0.20926083844796994, 0.7907392217968934, 8.724853709109913e-7, 0.7429874033394367]
w_opt: [0.7429868972123229, 7.899304772559363e-7, 0.7429869125055792, 4.07083718269286e-6, 7.863665085521205e-7, 1.7415498173442502e-7, 0.5337264493762706, 2.4529255652131797e-8, 0.7429868583133513, 5.392799781641805e-8, 0.7907391570672258, 2.384432000126802e-7, 7.973943241067053e-7, 3.463629265361678e-8, 0.7907391299917823, 1.2820194755985264e-8, 0.533726632285274, 7.911602683884989e-7, 7.811893758080223e-7, 7.063923823384297e-7, 8.07633290737011e-7, 1.1055702431902163e-7, 1.566763639685318e-8, 7.163305926968517e-8, 0.2092575384843822, 1.836154153234598e-7, 0.20926067928192502, 0.7907391594718501, 6.336226645750983e-8, 0.7429873868763521, 5.258448313137044e-8, 0.20926049440865008, 7.328660546167468e-8, 3.073972699008398e-8, 1.2536760070606792e-8, 1.2260999373497434e-8, 2.5140759460531945e-8, 7.6507676760609e-7, 4.5600206013081727e-7, 2.581320676774151e-7, 8.477646938051856e-7, 1.4422203505183569e-8, 1.7532102290135916e-8, 0.7429873073840152, 7.956769436134913e-7]
v_opt: [0.043793226579962534, 8.481820600879147e-7]
solution time: 0.004461050033569336
McCormick lower bound: -2.482512724528617

