x_opt: [0.5258474525639382, 0.8988884231253538, 0.10111151321260707, 0.8988884849430728, 0.10111152360957926, 0.10111151379265748, 0.10111151484552419, 0.8988884760537159, 0.1011115142787338, 0.10111176031531947]
w_opt: [0.5258474523244805, 0.10111151298760812, 0.5258474522497912, 3.203071054788006e-8, 0.1011115134090934, 2.4687344677030674e-9, 0.42473592915122665, 5.087161054245564e-10, 0.1011117596390932, 8.471595732307666e-10, 0.8988884228051499, 5.098010658132576e-10, 0.10111151335422353, 2.276557153944614e-10, 0.8988884228878521, 2.6008026473533616e-10, 1.836467941310084e-7, 0.1011115128694297, 0.10111151166507151, 0.10111151253133072, 0.10111151284106375, 1.3503384491416066e-8, 3.4558379676787937e-10, 1.0159412718229561e-9, 9.20638577299171e-9, 5.40857449991086e-9, 0.10111151306525294, 0.8988884748308722, 8.395682136739549e-10, 0.10111175998447251, 6.201732228398966e-10, 0.1011115134311317, 7.317079780441011e-10, 4.853723906190244e-10, 2.5668842463708835e-10, 1.835467208503112e-10, 4.482408477615698e-10, 0.10111151333704359, 5.526463726721292e-9, 9.126763183660606e-10, 0.10111151392393831, 1.9716691264887235e-10, 4.2032881414556144e-10, 0.10111175942683298, 0.10111151335830755]
v_opt: [0.010224260139655878, 0.10111151384444067]
solution time: 0.004857063293457031
McCormick lower bound: -2.831663983178203

