x_opt: [0.49144833171599717, 0.8758323938094021, 0.1241676059195448, 0.9140326829617955, 0.124167606151586, 0.12416760461648876, 0.124167605960231, 0.8758323941036393, 0.12416760405106528, 0.12416760618555021]
w_opt: [0.49144833164598295, 0.12416760587225743, 0.49144833166156354, 2.39905219192552e-9, 0.12416760453647484, 4.5568123333516216e-10, 0.36728072594816663, 6.02166222109916e-11, 0.12416760608622293, 3.2550542291071986e-10, 0.875832393763209, 1.0550077584248628e-10, 0.12416760456810813, 4.667975812655808e-11, 0.8758323937603786, 5.5064597129826513e-11, 8.329794521037551e-11, 0.12416760588144296, 0.12416760560172042, 0.12416760453307564, 0.12416760583704067, 1.2030197736485922e-9, 5.7361194062644715e-11, 1.4302112458693013e-10, 0.03820028923614173, 0.0382002883024092, 0.12416760576972374, 0.8758323939752624, 0.038200287117717655, 0.12416760609472752, 1.1589904537616986e-10, 0.12416760578452475, 3.2251619801006387e-10, 6.904795431300218e-11, 4.013717865584999e-11, 4.634313606488112e-11, 1.0061148838091477e-10, 0.12416760396814967, 9.640682579235306e-10, 3.4322864227658923e-10, 0.12416760399137801, 4.381009849997409e-11, 7.232258176206038e-11, 0.1241676060136542, 0.12416760390922565]
v_opt: [0.01541775343404776, 0.12416760394729437]
solution time: 0.004669189453125
McCormick lower bound: -6.025477525028958

