x_opt: [0.525847292177401, 0.898888359029731, 0.101111636948857, 0.8988883932583308, 0.10111163829472798, 0.10111162742796716, 0.10111163726626722, 0.8988883625498645, 0.10111162724103046, 0.10111164285844537]
w_opt: [0.5258472918876856, 0.10111163672338717, 0.5258472918803268, 2.864146172559762e-8, 0.10111162704062032, 2.2725756289063363e-9, 0.4247356553007164, 3.7259161724186844e-10, 0.10111164216153906, 1.4759814333772507e-9, 0.898888358773476, 4.889118692390658e-10, 0.10111162712795575, 2.3448175783097463e-10, 0.8988883588044776, 2.7541547944987484e-10, 2.1663525424548556e-9, 0.10111163672687364, 0.1011116343242838, 0.10111162673369202, 0.10111163644406874, 8.267404144559315e-9, 3.036271676724392e-10, 8.414953148838328e-10, 3.223131221626399e-8, 3.1176584896870237e-8, 0.10111163612250847, 0.8988883617204525, 2.1928693072935845e-8, 0.10111164247126714, 5.971077628542204e-10, 0.10111163525727927, 1.3132714476191438e-9, 3.938339547659592e-10, 2.148291815082946e-10, 1.959427923708823e-10, 5.396383658268105e-10, 0.1011116266118102, 5.451198238434789e-9, 2.557431372385372e-9, 0.10111162690851815, 2.0072761927114897e-10, 4.1362741029209545e-10, 0.10111164200040187, 0.10111162642084053]
v_opt: [0.010223725459428795, 0.1011116267664369]
solution time: 0.00452113151550293
McCormick lower bound: -4.5365780182216655

