x_opt: [0.31935265436056776, 0.6806473553456889, 0.3193524141888371, 0.9506476750191685, 0.3193526203679283, 0.3193523882120001, 0.31935241222189625, 0.6806473759356767, 0.04935236552037672, 0.31935265049344114]
w_opt: [0.3193526533263313, 0.3193524133474451, 0.31935265372261024, 6.778395693028807e-8, 0.31935238653951914, 8.457205837763532e-9, 3.5401144894308854e-8, 5.766049745301848e-10, 0.3193526493685668, 2.8928543765465094e-9, 0.680647354704621, 5.478122040910987e-10, 0.3193523877509866, 5.200588591466361e-10, 0.6806473550138228, 5.335746848627851e-10, 5.967376952996614e-9, 0.3193524136874036, 0.3193524109491054, 0.3193523837100323, 0.319352412003496, 1.5916056594204557e-8, 6.805293965313175e-10, 1.4087300447533129e-9, 0.2700002968713027, 0.2700001366123913, 0.3193524090364705, 0.6806473740930512, 5.393738233215031e-8, 0.3193526493423271, 1.261750065977138e-9, 0.31935240800819975, 3.496176438152247e-10, 7.886860377500289e-10, 4.5208289727286953e-10, 7.220829197629592e-10, 1.7973227298539357e-9, 0.049352364183204815, 1.3578737854023104e-8, 5.059924873249526e-9, 0.04935236456240041, 5.519531351213746e-10, 8.19526699511629e-10, 0.31935264832409216, 0.049352363925149426]
v_opt: [0.10198598072723254, 0.049352363995062626]
solution time: 0.004987001419067383
McCormick lower bound: -3.7143619551443923

