x_opt: [0.44215789604649997, 0.7477903980012656, 0.2522096014975809, 0.8659602639233244, 0.2522096018198547, 0.13403973668431118, 0.25220960156705485, 0.7477903984074632, 0.13403973621881485, 0.2522096024026743]
w_opt: [0.442157896037606, 0.2522096014916464, 0.4421578960410183, 1.3352506573670886e-9, 0.13403973667642025, 6.547489943454108e-11, 0.18994829450374937, 6.741551104791522e-12, 0.25220960238492673, 2.157275834515596e-11, 0.747790397995688, 1.0880017934339298e-11, 0.13403973667878838, 5.814653327847525e-12, 0.7477903979957056, 5.371134613143492e-12, 4.1042362976686634e-10, 0.2522096014919029, 0.2522096014766929, 0.13403973667205935, 0.2522096014921971, 1.0042319829098875e-10, 6.962125309181501e-12, 1.8006729958752364e-11, 0.11816986575466021, 7.288080705886002e-10, 0.2522096015311059, 0.7477903983892551, 1.8217513411336767e-10, 0.2522096023943576, 1.3552387886857024e-11, 0.25220960154483557, 2.363613831214878e-10, 8.805111067565943e-12, 4.130785023355183e-12, 5.580964149771192e-12, 9.90559553177988e-12, 0.134039736210146, 1.8102956191802365e-10, 2.44060345170007e-11, 0.1340397362109007, 5.25432327871396e-12, 6.518014324776232e-12, 0.25220960238410806, 0.13403973620159512]
v_opt: [0.06360973139520071, 0.13403973620655948]
solution time: 0.004624128341674805
McCormick lower bound: -3.4913749909186675

