x_opt: [0.525847221017832, 0.8988882650351803, 0.10111173411608104, 0.8988883896949091, 0.10111173375202469, 0.10111166345930597, 0.10111173435875925, 0.8988882663148319, 0.10111166215720485, 0.10111173643076318]
w_opt: [0.525847220944171, 0.10111173406090002, 0.525847220947605, 3.832865663854076e-8, 0.10111166336394513, 6.630503155818777e-10, 0.4247354874726419, 8.580276190505211e-11, 0.1011117362973954, 3.370278045272494e-10, 0.898888264972014, 1.1806007686078283e-10, 0.10111166338881471, 5.217766648910497e-11, 0.8988882649785608, 7.170181536351981e-11, 1.5326662299810098e-9, 0.10111173406287428, 0.1011117329613206, 0.10111166332522944, 0.10111173399607597, 2.205604821808683e-9, 7.348328689219849e-11, 2.0015138006592704e-10, 1.236202679438987e-7, 7.591624678244017e-8, 0.10111173407830892, 0.8988882661192045, 5.208007428551218e-8, 0.10111173633261342, 1.455331093495515e-10, 0.10111173317940673, 1.819715189202647e-10, 9.421490125395094e-11, 5.296762740300491e-11, 5.010546984901124e-11, 1.3871536406578268e-10, 0.10111166205471707, 1.872754949049371e-9, 8.733633977505822e-10, 0.10111166207687047, 5.0271383520902155e-11, 1.0715222137210482e-10, 0.1011117362086396, 0.10111166190174098]
v_opt: [0.010223811774790252, 0.10111166203940973]
solution time: 0.004552125930786133
McCormick lower bound: -4.578072368859282

