x_opt: [0.5258472026948158, 0.8988882082588053, 0.10111170840074099, 0.898888365408817, 0.10111176350026878, 0.10111169559113012, 0.10111170737232807, 0.8988882386042906, 0.10111167145870356, 0.1011118021518951]
w_opt: [0.525847200131146, 0.10111170649762555, 0.5258472002806266, 6.496029992334822e-7, 0.10111169215633069, 2.993533400812493e-8, 0.4247354468654347, 2.7571682326813834e-9, 0.10111179686168041, 1.6777139735052406e-8, 0.898888206097208, 2.9944340374522165e-9, 0.10111169335073605, 1.932958012203377e-9, 0.8988882063076218, 2.27385820023017e-9, 1.2464210965997155e-8, 0.10111170668548586, 0.10111168723051919, 0.10111169017352474, 0.10111170413491888, 1.389936014179191e-7, 2.506572284430851e-9, 6.7439778399339046e-9, 1.3497448169890938e-7, 1.2992049632655326e-7, 0.10111169555682756, 0.898888232480675, 4.421123849728864e-8, 0.10111179847583901, 5.361447054794824e-9, 0.10111169332904894, 5.873358229759928e-9, 3.348705166047615e-9, 1.8575740081087712e-9, 1.7718417732502265e-9, 4.605088402599057e-9, 0.10111166784722371, 7.900216107853616e-8, 2.880300980724702e-8, 0.10111166862279707, 1.6982225607183255e-9, 3.808076601820232e-9, 0.10111179364857774, 0.10111166395339231]
v_opt: [0.010229233726981249, 0.10111166723064613]
solution time: 0.006215095520019531
McCormick lower bound: -4.679528410251229

