x_opt: [0.5258403117824879, 0.8988757555686875, 0.10112419876132939, 0.898885635980029, 0.10112423857103037, 0.10111439534178597, 0.10112422945426211, 0.8988757713067318, 0.10111439170682555, 0.10112424413501782]
w_opt: [0.525840310021833, 0.1011241974280529, 0.5258403102654461, 2.0274508730778928e-7, 0.1011143932941439, 1.3172331854457764e-8, 0.4247160864847662, 1.988792474200899e-9, 0.10112424114059511, 5.7077055673685315e-9, 0.8988757541512578, 3.029166741412518e-9, 0.10111439372665953, 1.4250864586126904e-9, 0.8988757542165688, 1.4332219494730702e-9, 1.4206492566138663e-9, 0.10112419737401011, 0.10112419243623616, 0.10111439247749415, 0.10112419723904614, 2.789229408978208e-8, 1.7388533572067667e-9, 4.699645775423344e-9, 9.877520243754259e-6, 6.205779939534048e-8, 0.10112422232003213, 0.8988757672482509, 3.1477858804576665e-8, 0.10112424210194182, 3.301403770977201e-9, 0.10112422370352499, 1.2271487727153894e-8, 2.2288798007016454e-9, 1.136768366284738e-9, 1.1864530938036284e-9, 2.470822647515262e-9, 0.10111438895273273, 3.181820034427105e-8, 9.491735910794155e-9, 0.10111438987942967, 1.195840349536386e-9, 1.7757836110343372e-9, 0.10112423963492964, 0.10111438721258727]
v_opt: [0.010226436540593721, 0.10111438894154304]
solution time: 0.006079196929931641
McCormick lower bound: -3.8404242325786373

