x_opt: [0.5133956051361862, 0.8764073066128958, 0.12359269333702408, 0.8939891836905706, 0.12359269338037937, 0.10601081633417803, 0.1235926933600781, 0.8764073066314465, 0.10601081632298356, 0.12359269339364685]
w_opt: [0.5133956051320622, 0.12359269333510262, 0.5133956051344106, 1.0198433938743222e-10, 0.10601081633148482, 1.8519765292734816e-11, 0.38980291177372534, 2.4724304875333894e-12, 0.1235926933895617, 7.347374388577013e-12, 0.8764073066110715, 4.180127097079785e-12, 0.10601081633215788, 1.9458786144447927e-12, 0.8764073066109771, 1.894500260391771e-12, 8.47149253371118e-12, 0.12359269333498546, 0.12359269332925102, 0.10601081633030869, 0.12359269333476834, 3.250662465344574e-11, 2.3540269073671727e-12, 6.027219071175694e-12, 0.017581877075145337, 6.793453404312598e-11, 0.1235926933504551, 0.876407306625906, 2.153252383825172e-11, 0.12359269339080405, 4.3926767524758545e-12, 0.1235926933525273, 1.531874393328401e-11, 2.9028324069622542e-12, 1.5035456644931263e-12, 1.7975911570527455e-12, 3.3872939660821077e-12, 0.10601081632179404, 4.048709767762802e-11, 7.981089882601464e-12, 0.10601081632234884, 1.7352357006678948e-12, 2.3355770754115114e-12, 0.12359269338762104, 0.10601081631922928]
v_opt: [0.015275215352347465, 0.10601081632097692]
solution time: 0.006225109100341797
McCormick lower bound: -3.5874034647719504

