x_opt: [0.5258472934958941, 0.8988883495844191, 0.10111163537572618, 0.8988883800850508, 0.10111164723952715, 0.1011116306489951, 0.1011116372877372, 0.8988883544921946, 0.10111162413875585, 0.10111165192897882]
w_opt: [0.5258472929573657, 0.10111163492902953, 0.5258472929767997, 6.698599589319166e-8, 0.1011116299377265, 4.726820364205475e-9, 0.424735649240386, 6.029682507382019e-10, 0.10111165024166999, 2.2471249120533602e-9, 0.8988883491007491, 9.55878745640006e-10, 0.10111163016136994, 4.6470667718004103e-10, 0.8988883491099774, 4.877357768167307e-10, 2.1959481613834787e-9, 0.10111163495256488, 0.10111163303251486, 0.10111162974190566, 0.10111163475873335, 1.2079696607575828e-8, 5.647053071685382e-10, 1.4482723111408257e-9, 2.8453514489374088e-8, 1.9898962698052722e-8, 0.10111163499233242, 0.8988883530642063, 5.38092900738771e-9, 0.10111165118610745, 1.1070089021512874e-9, 0.10111163455885173, 2.497359946744651e-9, 7.063983819594103e-10, 3.81102769364954e-10, 4.252276230990139e-10, 8.848896711871293e-10, 0.1011116233151266, 1.162538335458333e-8, 4.156028912943595e-9, 0.10111162348863191, 4.0934863482575715e-10, 6.495825822064568e-10, 0.10111165031691187, 0.10111162260380524]
v_opt: [0.010223772449835397, 0.10111162316344498]
solution time: 0.004725217819213867
McCormick lower bound: -4.1727561013091785

