x_opt: [0.3193525881143872, 0.6806474258287587, 0.31935256420416114, 0.9506479253970399, 0.3193525705388765, 0.3193525544226493, 0.31935256430089787, 0.6806474298496558, 0.049352075723889846, 0.3193525792430822]
w_opt: [0.31935258801105565, 0.3193525641478341, 0.319352588076915, 1.4416680364633886e-8, 0.31935255434517, 8.361873375255152e-10, 1.9832803761256346e-8, 3.9754917517662403e-11, 0.31935257915447013, 1.5377844451172507e-10, 0.680647425784062, 8.506955627469626e-11, 0.319352554388282, 4.1467107685790195e-11, 0.6806474257752184, 3.693075905486909e-11, 5.1365146616714985e-9, 0.3193525641646372, 0.31935256404658474, 0.3193525542673382, 0.31935256415835617, 5.842659713062287e-10, 4.9491039896449894e-11, 1.1347794122484297e-10, 0.2700004960449237, 0.270000480486207, 0.31935256403939083, 0.680647429700797, 1.3445320832545106e-9, 0.3193525791752749, 1.0625309219571706e-10, 0.3193525641278246, 5.057117009197657e-10, 6.035688638108481e-11, 2.968232902791232e-11, 5.692948794325773e-11, 1.0682238185942478e-10, 0.04935207564859595, 2.1340585786798167e-9, 2.1848228258190126e-10, 0.04935207565408169, 4.484575643354052e-11, 5.5008559687831545e-11, 0.3193525790934469, 0.04935207558736549]
v_opt: [0.10198607462891533, 0.049352075622500415]
solution time: 0.005164146423339844
McCormick lower bound: -3.2873671195131298

