x_opt: [0.5258467770929536, 0.898886872607879, 0.10111226958805179, 0.8988880408617234, 0.10111281617854624, 0.10111194658643873, 0.10111242632952083, 0.8988872748931489, 0.10111194874244442, 0.10111340567548315]
w_opt: [0.5258467647194274, 0.10111225916393034, 0.5258467598851921, 2.6493298339256557e-6, 0.10111192618473694, 1.3334814906538345e-7, 0.4247340837167571, 2.44268817950782e-8, 0.10111331070438757, 4.902941779781373e-8, 0.8988868570253571, 2.795362850890789e-8, 0.1011119267709181, 1.0692933050019251e-8, 0.8988868612532168, 1.3387007823221724e-8, 2.902320670264966e-7, 0.10111225657001296, 0.10111215407654568, 0.101111904302783, 0.10111224243297556, 8.122391721461909e-7, 1.638016672422737e-8, 4.77293368046526e-8, 9.05291901414165e-7, 3.3307269418909977e-7, 0.1011123508969568, 0.8988871464513758, 9.004216956328619e-8, 0.10111338702321994, 3.166938886584679e-8, 0.10111232795985696, 1.2973129713767857e-7, 2.385907722679518e-8, 1.4003471639936552e-8, 8.608777181264395e-9, 2.281275175373333e-8, 0.10111191019591942, 2.585921035907769e-7, 1.0717387135683739e-7, 0.10111193068600886, 9.233830514840556e-9, 2.681631959579187e-8, 0.10111335685438738, 0.10111190326317414]
v_opt: [0.010223936691399958, 0.10111192642708881]
solution time: 0.004904031753540039
McCormick lower bound: -3.559338322322138

