x_opt: [0.7429876240806945, 0.7907412059382409, 6.0668347906296626e-9, 0.9999999273474193, 0.20925872726119488, 7.4484490875997396e-9, 0.20925872502727697, 0.7907412718463075, 7.456756933290619e-9, 0.7429876274429315]
w_opt: [0.7429876240020141, 6.020809388498246e-9, 0.7429876240314404, 5.382744068778507e-9, 7.3874787828318985e-9, 7.788816141389637e-10, 0.5337288961402042, 5.2208290045766044e-11, 0.7429876239479509, 1.1578751047312823e-10, 0.7907412058703067, 1.3538173223925035e-10, 7.3997839909149205e-9, 5.12758462478535e-11, 0.7907412058661722, 3.849743133133825e-11, 0.5337288335026755, 5.979089428967007e-9, 5.933143772774277e-9, 5.825104347371197e-9, 6.023187220706257e-9, 3.8706309749591983e-10, 5.767124004415326e-11, 1.2828098036306293e-10, 0.20925865469655272, 8.915874198504518e-10, 0.20925872449359884, 0.7907412716659554, 9.184245259212133e-11, 0.742987627386084, 1.0351083260398397e-10, 0.20925872467160592, 1.1577250135872799e-10, 7.297675166184068e-11, 4.053390115390751e-11, 5.908550857593382e-11, 7.472528987720764e-11, 7.326564390284542e-9, 1.0034764552387363e-9, 1.6518272530738454e-10, 7.354309622627963e-9, 4.861980169667371e-11, 5.810063351744137e-11, 0.7429876272711421, 7.260716594012483e-9]
v_opt: [0.04378922437335617, 7.364574279327911e-9]
solution time: 0.005057096481323242
McCormick lower bound: -1.6790268657952594

