x_opt: [0.5180387562606483, 0.8936546782435553, 0.10634531883455034, 0.902326133738187, 0.10634532148131955, 0.10634531687947371, 0.10634531901408573, 0.8936546788384938, 0.10634531665878656, 0.10634532148545975]
w_opt: [0.5180387560405905, 0.10634531868814247, 0.5180387560007681, 9.649208302122752e-9, 0.1063453165607558, 2.048859466920598e-9, 0.41169343546100867, 2.239976318738648e-10, 0.1063453210693314, 7.212959008552025e-10, 0.8936546780256909, 4.0257263965887646e-10, 0.10634531668039979, 1.2582170163873248e-10, 0.8936546780079221, 1.7884064655654717e-10, 2.0270280692496728e-10, 0.10634531868605385, 0.10634531773911504, 0.10634531645314835, 0.1063453184439885, 2.7439659274946385e-9, 2.0307576386293369e-10, 4.670123819461784e-10, 0.008671455675945, 0.00867145288316924, 0.10634531825408843, 0.8936546783531977, 0.008671450805685692, 0.10634532115001133, 4.017424757041816e-10, 0.10634531838645951, 5.914738322681873e-10, 2.4554948577550574e-10, 1.9354499734717767e-10, 1.5884745266604296e-10, 2.943845078223304e-10, 0.10634531624537254, 2.838245755637805e-9, 8.47377812673372e-10, 0.10634531641889396, 1.4425957279679032e-10, 3.9554136088490037e-10, 0.10634532062647346, 0.10634531611589608]
v_opt: [0.01131321615438579, 0.10634531632863463]
solution time: 0.005134105682373047
McCormick lower bound: -4.0508545205374205

