x_opt: [0.3622556627514393, 0.6377443381250529, 0.22390318016365998, 0.7760969912254433, 0.36225566155273126, 0.22390315815756975, 0.22390318043089408, 0.6377443390057859, 0.22390300965704618, 0.36225566187741626]
w_opt: [0.362255662675886, 0.2239031801240862, 0.3622556627104656, 1.1963614387025437e-8, 0.22390315806584796, 2.584537642304668e-9, 3.903655117651605e-9, 3.415794300793201e-11, 0.3622556606795107, 1.1214196142945168e-10, 0.6377443380784723, 1.2992750856294414e-10, 0.22390315812733755, 2.8303964592393702e-11, 0.6377443380675443, 3.0494114807937134e-11, 9.578079318333289e-11, 0.22390318012938362, 0.22390318007704357, 0.22390315806630284, 0.22390318010862964, 2.847771436948752e-10, 4.33959725760523e-11, 1.0861634355059235e-10, 0.13835265284570156, 1.497620492982654e-7, 0.22390318011055033, 0.6377443388862336, 1.1662794328094887e-9, 0.3622556618037292, 1.088676222521994e-10, 0.2239031801422233, 7.164752983241773e-10, 6.138641028350816e-11, 3.8364668858750675e-11, 5.646453573877658e-11, 5.065373681604755e-11, 0.22390300951519496, 2.2707253990037795e-9, 3.629624405179692e-10, 0.22390300960337675, 3.56505409861274e-11, 5.1980613815443045e-11, 0.3622556616720674, 0.22390300956961967]
v_opt: [0.05013263517535579, 0.22390300957065792]
solution time: 0.004556894302368164
McCormick lower bound: -2.758775474173818

