x_opt: [0.362255682571213, 0.6377443174259687, 0.2239031177672975, 0.776096894490287, 0.3622556834813507, 0.22390311318303838, 0.22390311810220961, 0.6377443180683348, 0.22390311111258226, 0.3622556815070077]
w_opt: [0.36225568226647603, 0.2239031175730919, 0.3622556824318724, 5.025519006558666e-8, 0.22390311284444409, 7.191051078768189e-9, 5.7918360877355044e-9, 1.2369406543943125e-10, 0.3622556760657922, 5.1127608837585e-10, 0.6377443172498174, 1.140915164619708e-9, 0.22390311307458655, 9.584757063762594e-11, 0.637744316795251, 1.004994117540376e-10, 2.1935294185447394e-10, 0.2239031176426586, 0.22390311732559756, 0.22390311260187173, 0.2239031176930424, 2.973755544676353e-9, 1.4392150872164774e-10, 4.757812452233738e-10, 0.13835257826273822, 1.4587144049277402e-8, 0.22390311702223403, 0.6377443176378516, 9.367162209164052e-9, 0.3622556812825545, 4.44816362740638e-10, 0.22390311759744885, 2.154529297691576e-9, 2.0655215884005453e-10, 1.816908679484142e-10, 1.8295293036251862e-10, 2.2338640956615072e-10, 0.2239031105705041, 3.447511931644463e-9, 7.406318782612104e-10, 0.2239031108257904, 1.1371242634805786e-10, 2.601626878992684e-10, 0.3622556807073459, 0.22390311065956597]
v_opt: [0.05013260791453071, 0.22390311086470624]
solution time: 0.011632919311523438
McCormick lower bound: -2.398154396196131

