x_opt: [0.36225551831410036, 0.6377444729349422, 0.2239032600098922, 0.7760973378399251, 0.3622555268590629, 0.2239031905664311, 0.22390328254531847, 0.6377444801027783, 0.2239031726279933, 0.36225550875759416]
w_opt: [0.3622555153136252, 0.2239032584499974, 0.362255515682644, 1.244435867249293e-7, 0.2239031874660827, 3.551543669525354e-8, 1.6247480777811212e-8, 1.854345542283614e-9, 0.3622555024642556, 5.218839490503241e-9, 0.6377444699819658, 6.948917745030045e-9, 0.22390318879657034, 1.299099656532755e-9, 0.6377444689960261, 1.5566372662719526e-9, 1.9572234543602095e-9, 0.223903258144442, 0.22390325257326832, 0.22390318335631393, 0.22390325699346453, 1.530399573891922e-8, 2.063707196800542e-9, 4.11307038548625e-9, 0.138352869210949, 5.482895847980582e-7, 0.22390327297982834, 0.6377444741807838, 5.131650899009647e-7, 0.36225550544732465, 3.85188885365573e-9, 0.22390327545628624, 9.445598548581618e-9, 2.3207561306169006e-9, 2.0524977704440168e-9, 2.3619714011105254e-9, 2.78695585735532e-9, 0.223903169807033, 2.901013297575143e-8, 7.855971620480024e-9, 0.22390316979486077, 1.725940706102645e-9, 4.1024332607244985e-9, 0.36225549808694923, 0.22390316711778152]
v_opt: [0.05013613600198831, 0.22390316910543934]
solution time: 0.004948139190673828
McCormick lower bound: -2.33089563958942

