x_opt: [0.5258473115286697, 0.8988883710465412, 0.10111162821511549, 0.8988883884606702, 0.10111162544786245, 0.1011116137575189, 0.10111162754099098, 0.8988883756653931, 0.10111161036854656, 0.10111163214279015]
w_opt: [0.5258473108633426, 0.1011116277252429, 0.5258473109749284, 5.612604128778971e-8, 0.10111161297771885, 4.632188148465293e-9, 0.42473568847197446, 7.006160546482074e-10, 0.10111163100971983, 3.2839074185135248e-9, 0.8988883705272552, 6.733299074507861e-10, 0.10111161319646836, 4.850566888353023e-10, 0.8988883705684769, 6.020894365377387e-10, 3.6067022561443165e-9, 0.10111162776959767, 0.10111162355568665, 0.10111161258286254, 0.10111162721382722, 2.0837983085660133e-8, 6.21831456950293e-10, 1.6949195461288208e-9, 1.5326538976591726e-8, 1.571564475631033e-8, 0.10111162528529356, 0.8988883741324566, 9.474842566431188e-10, 0.10111163132720813, 1.222679921196198e-9, 0.10111162429376039, 1.997136536493495e-9, 7.825973060570732e-10, 4.130959183135547e-10, 4.395173013474798e-10, 1.2450171496991944e-9, 0.10111160950361987, 1.1424457235785491e-8, 5.997588997064253e-9, 0.10111160964500077, 4.4162642080558254e-10, 7.711036031518897e-10, 0.10111163043824861, 0.10111160842056867]
v_opt: [0.010223908949052842, 0.10111160933506991]
solution time: 0.004622936248779297
McCormick lower bound: -4.828262175462399

