x_opt: [0.7429876902475372, 0.7907346290154145, 1.339262188416274e-6, 0.9999895643434622, 0.20926503949973374, 1.2528252329577886e-6, 0.20926499639298646, 0.7907349583804292, 1.2537482946989218e-6, 0.7429895409147801]
w_opt: [0.7429876821317632, 1.3332982404947418e-6, 0.7429876845913612, 1.6920822751353883e-5, 1.2456322900199625e-6, 8.911436763501387e-8, 0.5337226674436751, 6.901154875299356e-9, 0.7429876684099782, 1.4378244608799223e-8, 0.7907346221865299, 1.8670100569692483e-8, 1.2468042492883615e-6, 7.746404105197738e-9, 0.790734621419581, 5.049460045690316e-9, 0.5337241863244127, 1.3300638321850982e-6, 1.3243559470466172e-6, 1.221690445683246e-6, 1.3342898684575936e-6, 3.646343934817986e-8, 7.309570548432835e-9, 1.696553950176047e-8, 0.20925461387273986, 4.1561453653851654e-7, 0.20926491121608096, 0.790734939765145, 1.3465997545506012e-8, 0.7429895338742417, 1.4059504883500213e-8, 0.20926497692472257, 4.106420907523531e-8, 1.048634584010063e-8, 4.377960431179265e-9, 6.375770557846135e-9, 9.664210691592787e-9, 1.2378772257739987e-6, 3.1977044695257753e-7, 1.622969959095199e-8, 1.2436201445879625e-6, 5.813467672490189e-9, 6.243096128684742e-9, 0.7429895267694671, 1.2299918853010476e-6]
v_opt: [0.04379209753552025, 1.2426551183253352e-6]
solution time: 0.007096052169799805
McCormick lower bound: -2.24700145322844

