x_opt: [0.6996697498130098, 0.77553478118316, 0.07517595884349655, 0.9999999953845173, 0.22446521866440056, 4.848403506632929e-9, 0.22446521787123483, 0.775534781959424, 4.710681359707471e-9, 0.6996697475969473]
w_opt: [0.699669749749958, 0.07517595879600837, 0.6996697497702098, 2.3953672910336357e-9, 4.7892052669172936e-9, 4.058598549347937e-10, 0.47520453189560535, 6.173882253531845e-11, 0.6996697475038427, 1.4986088952636318e-10, 0.7755347811394706, 1.0900453908431137e-10, 4.798885810735701e-9, 5.355825570560135e-11, 0.7755347811397258, 4.4908268026077346e-11, 0.47520452883102937, 0.07517595879165663, 0.07517595869975557, 4.753048879852911e-9, 0.0751759588035416, 5.268715713309729e-10, 5.7441231331598307e-11, 1.6125247485402371e-10, 0.22446521413255524, 1.2266509843685823e-9, 0.22446521763043, 0.775534781826321, 2.3239789048114083e-10, 0.6996697475390642, 1.0352178661138222e-10, 0.22446521769267055, 7.064627982865468e-10, 7.276058475535398e-11, 3.266230034038325e-11, 4.0967537730414835e-11, 8.233981910352727e-11, 4.628384617822626e-9, 8.55692254784386e-10, 1.736966139729546e-10, 4.64602220503322e-9, 4.1895952479939156e-11, 4.754716053862121e-11, 0.6996697474701494, 4.560458293546947e-9]
v_opt: [0.05038468218218244, 4.6210166840920024e-9]
solution time: 0.0057811737060546875
McCormick lower bound: -3.3549679007983637

