x_opt: [0.52584731556167, 0.898888383980656, 0.10111161474132457, 0.8988883874863677, 0.10111161520156399, 0.1011116135244586, 0.10111161475110782, 0.8988883848214074, 0.10111161315223932, 0.10111161700655669]
w_opt: [0.5258473155201854, 0.10111161470962379, 0.5258473155238903, 1.0878335436953855e-8, 0.10111161347380011, 3.164435442716147e-10, 0.42473570046425285, 4.947175342581811e-11, 0.10111161693297088, 1.5754302560460532e-10, 0.8988883839454063, 5.602663967680253e-11, 0.10111161348450082, 3.307880824786388e-11, 0.8988883839497825, 3.794042563759051e-11, 1.0177604950381018e-9, 0.10111161470907734, 0.10111161454513619, 0.10111161344689022, 0.10111161468816766, 1.4437797569298062e-9, 4.210224436958173e-11, 1.1486095902637935e-10, 2.7746556489715137e-9, 2.126290593428975e-9, 0.1011116145786468, 0.8988883847099384, 7.831536734528017e-10, 0.10111161695540241, 8.085505322419797e-11, 0.10111161456755033, 9.392352094181212e-11, 5.4306562779718085e-11, 2.7995796200607878e-11, 2.795664124764882e-11, 6.870212834621383e-11, 0.10111161309144326, 8.869944215125042e-10, 4.6101380812175e-10, 0.10111161310524039, 2.8488134649681397e-11, 4.871304265716534e-11, 0.10111161689563024, 0.10111161302741555]
v_opt: [0.010223575867464398, 0.10111161308505504]
solution time: 0.0047838687896728516
McCormick lower bound: -4.165076274301487

