x_opt: [0.5258404334148545, 0.8988835005342309, 0.10111635431251845, 0.8988912073995281, 0.10111644972451558, 0.10111620039497275, 0.10111634792087926, 0.8988835465737111, 0.10111619361885621, 0.10111650684165113]
w_opt: [0.5258404293519433, 0.1011163511092692, 0.5258404283683251, 1.24775289170369e-6, 0.10111619393526768, 4.876486603337108e-8, 0.42472398831547975, 5.467172988245218e-9, 0.10111649817983148, 1.940651670252754e-8, 0.8988834963348836, 7.814805979478806e-9, 0.10111619587762596, 2.7086319169240837e-9, 0.8988834965421415, 3.9703550833449905e-9, 1.338017881436801e-8, 0.10111635112614054, 0.10111631895136082, 0.10111618757186, 0.10111634582959243, 4.0927379715193163e-7, 4.333928420370429e-9, 1.1285160007436482e-8, 7.666429409443148e-6, 7.463618410195752e-6, 0.1011163295354361, 0.898883536441041, 7.415999418135906e-6, 0.10111650047857441, 9.089551804041734e-9, 0.10111632952408568, 2.970873213344435e-9, 5.910932277678123e-9, 4.076904143265101e-9, 2.8644060563142e-9, 6.781082653942012e-9, 0.10111618412915171, 9.009611700384255e-8, 2.9111145541131602e-8, 0.10111618842693687, 2.7873696564976757e-9, 8.577513310670793e-9, 0.10111649087166967, 0.1011161805017792]
v_opt: [0.010224816021034078, 0.10111618697829657]
solution time: 0.0055789947509765625
McCormick lower bound: -4.102431628383097

