x_opt: [0.43665145723324555, 0.4366514547095247, 3.9415478431304883e-7, 0.7819073469226925, 0.21809261966408416, 0.21809264101493134, 0.21809229618963288, 0.5633487760775497, 0.2180926341861169, 0.5633487145543872]
w_opt: [0.43665144585779775, 3.9017024650273856e-7, 0.43665144861871685, 2.9886976971067595e-6, 0.21809263392980963, 1.8322720497527903e-7, 2.4082421636675516e-7, 7.901541177213311e-9, 0.4366514416854421, 9.65303374305984e-9, 0.4366514394709329, 5.3299693882956494e-8, 0.2180926316225249, 4.280740747919048e-9, 0.43665144488969615, 3.739527671391888e-9, 1.7554642686391168e-7, 3.676646100381682e-7, 3.7851246518373803e-7, 2.7238344905939366e-7, 3.8736249751956885e-7, 4.09098104478078e-8, 6.646753624054168e-9, 1.458266642556285e-8, 1.416660589901673e-8, 3.2509861322799206e-7, 0.21809182835643312, 0.5633487503618356, 2.3705359370320837e-8, 0.5633487089490041, 1.0846390047782083e-8, 0.2180881633614007, 1.0988270910145788e-8, 9.04670136231685e-9, 7.254023429335746e-9, 4.551450782455781e-9, 6.079879924239732e-9, 0.21809262616570674, 8.45874966930186e-8, 2.1410116153696433e-8, 0.21809228454442753, 4.1463471874733036e-9, 9.30401530683712e-9, 0.5633486737410806, 0.21809260825944057]
v_opt: [0.04756886911293882, 0.218092626258999]
solution time: 0.004625082015991211
McCormick lower bound: -1.0824626563871842

