x_opt: [0.525846921574407, 0.8988874651931411, 0.1011124310773988, 0.8988882258989995, 0.10111242724258167, 0.10111172078489615, 0.10111242725377832, 0.8988875848987633, 0.1011117318670823, 0.10111258864223988]
w_opt: [0.525846919333217, 0.1011124293069738, 0.5258469192381744, 8.302638809611941e-7, 0.10111171776801586, 2.4312383695903263e-8, 0.4247345144159546, 3.0586514587033397e-9, 0.10111255821665452, 1.4515264835014317e-8, 0.8988874630435063, 4.141917804761558e-9, 0.10111171829621174, 1.9479128400999664e-9, 0.8988874636075121, 2.027750778511598e-9, 5.588513794075497e-8, 0.10111242922843451, 0.10111240404673077, 0.10111170850339078, 0.1011124242388031, 4.246215507703059e-7, 2.3980580652682475e-9, 7.208134692294616e-9, 6.620997928483163e-7, 1.2054032624511684e-7, 0.10111241514411509, 0.8988875623231156, 1.7295912521636158e-8, 0.10111258563025083, 5.023496693965892e-9, 0.1011123792016572, 1.8867340038461697e-8, 3.3930552269753396e-9, 1.9772682248314073e-9, 1.493649644233193e-9, 4.3023228226435446e-9, 0.10111171601032792, 4.6690564307064674e-8, 9.926576765800321e-8, 0.10111172784409547, 1.5305719925763367e-9, 4.924089870145277e-9, 0.1011125805378604, 0.10111172555327415]
v_opt: [0.010223803086253567, 0.10111172830872688]
solution time: 0.0050890445709228516
McCormick lower bound: -3.8839082932113387

