x_opt: [0.5258471458398646, 0.8988880991222185, 0.1011117443714726, 0.8988882651701282, 0.10111188651680908, 0.10111173935310656, 0.1011117492289822, 0.8988881140576774, 0.1011117383449709, 0.10111190259599583]
w_opt: [0.5258471455253484, 0.10111174413402094, 0.525847145507157, 8.338195751773407e-8, 0.10111173895627527, 3.5123502277066605e-9, 0.4247352604982838, 3.9936259080282584e-10, 0.10111190198572022, 9.56045735726839e-10, 0.8988880987879367, 5.166496329484018e-10, 0.10111173900312963, 2.3068555248330082e-10, 0.8988880988468639, 2.6071952280837355e-10, 2.052263363861424e-9, 0.10111174405792724, 0.10111174305984905, 0.10111173866084966, 0.10111174409532316, 6.072366995826521e-9, 3.3933493729358e-10, 8.7510012468794e-10, 1.5231787066759752e-7, 9.760787520358014e-9, 0.10111174752000307, 0.8988881130786669, 4.517515394187986e-9, 0.10111190221744216, 6.237244657815491e-10, 0.10111174823631291, 1.1602330523019187e-9, 4.420565172450264e-10, 2.56719332009711e-10, 2.237948341594524e-10, 4.4141209707609963e-10, 0.10111173777592017, 4.9072169026907095e-9, 7.920544017383123e-10, 0.10111173794534764, 2.2198585836890048e-10, 4.0569577276961403e-10, 0.10111190160579925, 0.10111173734360364]
v_opt: [0.010223676230224209, 0.10111173784713169]
solution time: 0.005558013916015625
McCormick lower bound: -2.88885076385396

