x_opt: [0.5074470643717031, 0.8656677578595814, 0.13433224152528653, 0.8916489207552947, 0.13433224208398012, 0.10835138268018776, 0.13433224167874042, 0.8656677581418218, 0.10835138217292091, 0.13433224215716474]
w_opt: [0.5074470643072224, 0.134332241483248, 0.507447064325028, 2.2531531178461715e-9, 0.10835138261402213, 4.3446628016208855e-10, 0.37311482262718615, 5.1661742111611884e-11, 0.13433224207041528, 2.015421068865023e-10, 0.8656677578156362, 1.0099074898717515e-10, 0.10835138263748234, 4.0658533321970584e-11, 0.865667757811835, 4.410916615909352e-11, 9.2950677374144e-11, 0.13433224148734402, 0.13433224131866212, 0.10835138260062198, 0.13433224147243863, 8.314227165544153e-10, 5.129787683080233e-11, 1.248877549229812e-10, 0.025981162938260152, 3.0408198334200623e-7, 0.13433224148868936, 0.8656677580203915, 3.0301761286060606e-7, 0.13433224208548955, 9.935991808731028e-11, 0.134332241524241, 2.893948152167321e-10, 6.138061692128496e-11, 3.493139649666639e-11, 4.331065904154373e-11, 7.970772101656744e-11, 0.10835138210244666, 8.682070360106939e-10, 1.9458826971585456e-10, 0.1083513821156029, 3.9904573677106225e-11, 5.845620950231613e-11, 0.13433224200814747, 0.10835138204699042]
v_opt: [0.018045191826492883, 0.1083513820821982]
solution time: 0.005368947982788086
McCormick lower bound: -4.343238146781422

