x_opt: [0.3622556815330303, 0.6377442834906824, 0.2239031139717495, 0.7760969212118781, 0.362255672050534, 0.2239031247945614, 0.22390314369736566, 0.6377443471757872, 0.22390309225397131, 0.36225570196309254]
w_opt: [0.36225567695032407, 0.22390311104008034, 0.3622556762130178, 1.906836765780775e-6, 0.22390311550418743, 6.883652415954765e-7, 2.5098396469348924e-7, 3.7137079319275906e-9, 0.3622556181036876, 6.018911525310052e-9, 0.6377442790820931, 2.1110746994117163e-8, 0.2239031210339928, 2.5787784718848887e-9, 0.6377442735590533, 2.8188565750559626e-9, 7.516120818489589e-9, 0.22390310945669148, 0.22390310089066423, 0.223903085456171, 0.22390310772269828, 1.865342048420844e-8, 4.363020024976054e-9, 9.670638888475826e-9, 0.13835260284126974, 4.970639050745293e-7, 0.22390309211475434, 0.6377443318378495, 5.172533997597548e-8, 0.3622556955892116, 9.22805385134759e-9, 0.22390312682592728, 5.129246717388203e-8, 5.937092547764453e-9, 4.822510893316798e-9, 4.971660348570638e-9, 4.159011983235598e-9, 0.22390308056215685, 1.763942824624528e-7, 1.7778523355992046e-8, 0.22390308254688815, 3.4338629260455092e-9, 6.31600016432933e-9, 0.3622556790311299, 0.2239030790744111]
v_opt: [0.050132801781777724, 0.22390308511255622]
solution time: 0.00535893440246582
McCormick lower bound: -1.7895664303199028

