x_opt: [0.3193526677056739, 0.6806473360471914, 0.31935236752624324, 0.9506475633576903, 0.3193526632979719, 0.31935236719154786, 0.3193523676764868, 0.6806473367856919, 0.04935244200912239, 0.3193526638783367]
w_opt: [0.3193526675375056, 0.31935236744499995, 0.3193526676045933, 7.64490191698884e-9, 0.31935236705865483, 1.6126674853318386e-9, 4.775016316265526e-9, 8.406110985846319e-11, 0.31935266367817716, 2.688836029257278e-10, 0.680647335934696, 1.916340823453884e-10, 0.319352367115701, 7.017909247165138e-11, 0.6806473358982879, 7.764323028234721e-11, 1.891458857951593e-10, 0.31935236744349893, 0.3193523672120465, 0.3193523668879506, 0.31935236738467404, 7.665371759359801e-10, 9.864660365975435e-11, 2.0299475908322337e-10, 0.27000022686272973, 0.2699999318745524, 0.3193523672156055, 0.680647336514334, 5.5523479840378105e-9, 0.3193526637241475, 1.8455543207075706e-10, 0.319352367360054, 2.411514665834077e-10, 1.0989934464692631e-10, 7.787175862003965e-11, 1.2441197819862657e-10, 1.475194821907317e-10, 0.04935244188084176, 1.6390280508270339e-9, 3.2192342835979456e-10, 0.049352441865661685, 8.954801739100021e-11, 1.4454076818693954e-10, 0.3193526634837686, 0.04935244175275719]
v_opt: [0.10198594907136589, 0.04935244182378462]
solution time: 0.00507807731628418
McCormick lower bound: -2.869290956934407

