x_opt: [0.7135027970438236, 0.8776251274671316, 4.401843435667676e-8, 0.999999957785848, 0.12237487123862453, 4.2332376405936436e-8, 0.12237487035482307, 0.8776251291792707, 4.227429699299901e-8, 0.5139079196382418]
w_opt: [0.7135027969451155, 4.394274096143337e-8, 0.7135027969605058, 4.576221386823809e-9, 4.2226569438433064e-8, 7.609154648829674e-10, 0.5911279264070556, 1.1505102656876111e-10, 0.5139079194666176, 2.295541331311523e-10, 0.8776251273812845, 1.6692529368593363e-10, 4.2235521262551194e-8, 8.281852198143625e-11, 0.8776251273877465, 7.425432736204729e-11, 0.3915330471887494, 4.391661619065001e-8, 4.375935496473077e-8, 4.2116491419311576e-8, 4.3942632079745796e-8, 8.091974359183768e-10, 1.0099962070193712e-10, 2.7121649849509453e-10, 0.12237482917002374, 1.961696187380533e-9, 0.12237486986565066, 0.8776251289369095, 3.3969926228955734e-10, 0.5139079195390176, 1.7798202908814792e-10, 0.12237486996145987, 5.802517762181141e-10, 1.3026732569396626e-10, 6.323028751643265e-11, 6.73712959999704e-11, 1.2866703119917194e-10, 4.21021359046098e-8, 1.5929863202543515e-9, 2.8977118560416334e-10, 4.215958023883842e-8, 6.83030873223454e-11, 9.11826062380859e-11, 0.513907919397149, 4.199927096527862e-8]
v_opt: [0.014975943228854326, 4.212658932194175e-8]
solution time: 0.0061228275299072266
McCormick lower bound: -2.7787229019289117

