x_opt: [0.3622553373419814, 0.6377439358502438, 0.2239027820414418, 0.7760971131182516, 0.36225538634511006, 0.22390370937909873, 0.22390280469101786, 0.6377445668791188, 0.22390287493109448, 0.3622555376112107]
w_opt: [0.36225530440999765, 0.22390277419619806, 0.36225532270758926, 1.8605204642637677e-6, 0.22390368816159376, 2.5060736269340777e-6, 1.861543551592165e-7, 8.99591633481968e-9, 0.3622551521542156, 3.1566422980251115e-8, 0.6377439082310776, 5.4852375393437306e-8, 0.22390370090420983, 6.81543028239374e-9, 0.6377438919134667, 8.341114715630448e-9, 2.2314113716110913e-8, 0.22390277034879102, 0.22390273797743274, 0.2239026982106989, 0.223902759437927, 2.1332092782596674e-7, 1.228806801211574e-8, 2.7489815894322963e-8, 0.13835253978523038, 3.115183615034459e-6, 0.22390259052949846, 0.6377445313752595, 2.0921120102874313e-7, 0.36225551304068176, 3.383368113415487e-8, 0.22390276161167566, 3.5641836195186735e-8, 2.055676654570896e-8, 1.8049160950440532e-8, 3.075586071088443e-8, 1.656282269938325e-8, 0.22390285295063647, 1.014650285395221e-6, 1.2241041819082994e-7, 0.2239027831452131, 1.1805074893282239e-8, 3.42365352333742e-8, 0.3622553558659499, 0.22390282242780946]
v_opt: [0.05013269682936009, 0.22390284690872542]
solution time: 0.005689859390258789
McCormick lower bound: -1.57878322184401

