x_opt: [0.3622554624190635, 0.6377437968137186, 0.22390267358672003, 0.7760973184671275, 0.36225520401143074, 0.22390357295702637, 0.22390267602253242, 0.6377446200087559, 0.22390272436219424, 0.3622558556572479]
w_opt: [0.36225543859748205, 0.2239026654988249, 0.3622554563422672, 2.5712575409442317e-6, 0.2239035372088983, 1.7506659318894814e-6, 2.385336031432116e-7, 3.0119164358082456e-9, 0.3622553887210784, 2.301463430371856e-8, 0.6377437761859678, 4.156726489412946e-8, 0.22390357020429902, 2.758925108049188e-9, 0.6377437456516394, 2.5727614433380364e-9, 1.36195788459472e-8, 0.22390266912248635, 0.22390265793446693, 0.22390261753186028, 0.22390266407431952, 7.941709138492003e-8, 4.889230035817819e-9, 1.7149771018830847e-8, 0.13835255391558018, 1.5555670381677981e-6, 0.22390256751482412, 0.637744590596615, 7.740072040395717e-8, 0.3622558386551593, 2.491380714775428e-8, 0.2239026576952275, 1.4876161084277537e-8, 1.0853504375428322e-8, 1.2128394701595366e-8, 3.405084496876387e-8, 9.595993870205019e-9, 0.2239027073328656, 3.2691261649577285e-7, 7.395072172616846e-8, 0.22390267013617082, 9.981465278264519e-9, 2.473723766604872e-8, 0.3622557949106874, 0.22390268117707768]
v_opt: [0.05013241157849592, 0.2239027120326899]
solution time: 0.005198001861572266
McCormick lower bound: -1.4357244859542626

