x_opt: [0.4366513493974319, 0.4366513498078422, 2.135331133883611e-8, 0.7819066896786484, 0.21809331032462723, 0.2180933107494273, 0.21809330985357842, 0.563348685204344, 0.21809331032256202, 0.5633486675247598]
w_opt: [0.4366513486234586, 2.1291955568020134e-8, 0.43665134930916266, 1.161844845599632e-7, 0.21809331059051243, 1.560511381020451e-8, 3.650277434779225e-8, 1.0009880628499039e-10, 0.4366513490624398, 2.6716566236237543e-10, 0.4366513495170251, 1.568498534659357e-9, 0.21809331066053794, 1.3369894296226353e-10, 0.43665134936978084, 7.376365762042733e-11, 1.749794863876704e-8, 2.0971077625837385e-8, 2.106105642904831e-8, 2.0444453166099822e-8, 2.127936019716195e-8, 1.6329053189215084e-9, 1.582835110559669e-10, 3.382369220856203e-10, 5.39430717318931e-10, 1.0043443728998534e-8, 0.21809329951496126, 0.5633486843800343, 5.073030107681775e-10, 0.5633486674367956, 3.1109412108224026e-10, 0.21809329607410075, 3.3582552724019523e-10, 2.8150951156354453e-10, 1.228143583239682e-10, 1.1510553484676034e-10, 1.410503434524152e-10, 0.21809331003347046, 3.333096984315837e-9, 8.492861421391844e-10, 0.2180933096089228, 1.1285529427858786e-10, 1.6200167357420716e-10, 0.5633486662893673, 0.21809330955194445]
v_opt: [0.04756474066803205, 0.2180933100820055]
solution time: 0.006849050521850586
McCormick lower bound: -1.1842220244303487

