x_opt: [0.5258721829725129, 0.8987065294635362, 0.10106848075629016, 0.8989315155455055, 0.10106848623023211, 0.10106848138267152, 0.10106848208838762, 0.8989315130414491, 0.10106848176164981, 0.10129347947818523]
w_opt: [0.5258721825671439, 0.10106848041990346, 0.5258721823698781, 2.564232236143469e-8, 0.10106848077166188, 4.4363052359492286e-9, 0.42480369673736024, 7.812324869228521e-10, 0.10129347831743227, 1.0229493340842955e-9, 0.8987065288725831, 9.54246214046472e-10, 0.10106848063148331, 3.3520356871262265e-10, 0.8987065290397044, 3.633333406143994e-10, 9.318838614322292e-9, 0.1010684800939572, 0.10106847890669024, 0.10106847870245593, 0.10106848017409897, 5.036640039266262e-9, 5.424497271094601e-10, 1.4607959010072497e-9, 2.752040023682495e-9, 7.0126224257702595e-9, 0.10106847872367186, 0.8989315113378991, 1.141287761068479e-9, 0.10129347896902671, 9.396762278256939e-10, 0.10106847887858497, 1.0195407111421057e-9, 7.488236424014161e-10, 4.636377951481328e-10, 2.970370811112475e-10, 5.854463650514983e-10, 0.1010684807435723, 7.166299102306597e-9, 1.4477253089300244e-9, 0.10106848087790044, 3.0775151572703316e-10, 6.786995085766826e-10, 0.10129347786355916, 0.10106848022761661]
v_opt: [0.010215095503988168, 0.10106848108905536]
solution time: 0.005182981491088867
McCormick lower bound: -2.135719567643723

