x_opt: [0.5258473155453, 0.8988883854985907, 0.10111161424212943, 0.8988883873408158, 0.10111161437750549, 0.10111161364148286, 0.10111161422223602, 0.8988883856254485, 0.10111161352274718, 0.10111161453528271]
w_opt: [0.5258473155328833, 0.10111161423112162, 0.5258473155359404, 4.313479835100778e-9, 0.10111161361974055, 2.2642106609209163e-10, 0.4247357011945567, 1.778942796246632e-11, 0.10111161450671453, 6.923007362503619e-11, 0.8988883854846117, 2.0082281237057312e-11, 0.10111161362672351, 9.758221957469263e-12, 0.8988883854863289, 1.418966322786768e-11, 4.80546096762834e-11, 0.10111161423161717, 0.10111161413336138, 0.10111161361232145, 0.10111161420678723, 3.8565279618989636e-10, 1.49156864806383e-11, 3.937684376811696e-11, 1.752734009226297e-9, 1.3844560145029452e-9, 0.1011116141482769, 0.8988883855892547, 9.023855959367375e-10, 0.10111161451214569, 3.199268208435489e-11, 0.10111161416035118, 3.079807087242183e-11, 2.071806640725081e-11, 1.2926885703474879e-11, 1.0259357512187685e-11, 2.6493457705257553e-11, 0.10111161350177411, 4.876666159759418e-10, 9.846791127691744e-11, 0.10111161351011086, 9.78121345756218e-12, 2.8914442914396338e-11, 0.10111161448190731, 0.10111161347473228]
v_opt: [0.010223566651920552, 0.10111161350207135]
solution time: 0.0052089691162109375
McCormick lower bound: -4.5244951453930895

