x_opt: [0.36225568800194, 0.6377443114142338, 0.22390310851398376, 0.7760968887683778, 0.3622556805254485, 0.22390311002803556, 0.22390310901267063, 0.6377443182729016, 0.22390310882376466, 0.3622556884254853]
w_opt: [0.3622556875621685, 0.2239031083074797, 0.36225568767050254, 1.932419965077687e-8, 0.2239031096455312, 6.413842625968018e-9, 6.889309486904567e-9, 2.3614915255137904e-10, 0.36225568721857254, 6.069904409556547e-10, 0.637744310939871, 6.907810070266833e-10, 0.22390310979504796, 1.8727978338937633e-10, 0.6377443108999763, 1.876934151347678e-10, 5.363252986879444e-10, 0.22390310818677614, 0.22390310766778565, 0.22390310728937854, 0.2239031081871818, 1.8854156676942777e-9, 2.7822962763643975e-10, 5.472153393847778e-10, 0.1383525698355486, 6.240722765551508e-9, 0.22390310725717616, 0.6377443173755994, 6.190038257463192e-10, 0.3622556880536486, 5.053304437375551e-10, 0.22390310766424676, 3.366011686889608e-10, 3.192257581839821e-10, 2.723666825341808e-10, 3.563929770389646e-10, 3.562565401760605e-10, 0.22390310839706296, 4.060014080401316e-9, 1.0123637748013153e-9, 0.22390310788283269, 2.405629289823274e-10, 4.94775425822213e-10, 0.3622556870375814, 0.22390310797743165]
v_opt: [0.05013273309369553, 0.22390310836162328]
solution time: 0.005947113037109375
McCormick lower bound: -1.5491251123752265

