x_opt: [0.3193527934289567, 0.6806472197774533, 0.31935270542779526, 0.9506475148377521, 0.3193527656240316, 0.31935201642806305, 0.3193527641109185, 0.6806472341124977, 0.04935248548091829, 0.3193527952537674]
w_opt: [0.3193527917822172, 0.3193527043249753, 0.31935279271699857, 6.078705983705583e-8, 0.3193520150249444, 1.0789433043335543e-8, 3.4328785562797863e-8, 8.194224382490743e-10, 0.31935279189965693, 5.5419728499342355e-9, 0.6806472190036549, 2.1292581918363014e-9, 0.3193520157870008, 9.115115701511925e-10, 0.6806472188772712, 7.713694068782213e-10, 1.594353660384268e-8, 0.31935270469560023, 0.3193527004546736, 0.3193520144757903, 0.319352704634278, 5.608297759084419e-8, 9.134092676533762e-10, 2.322003291435976e-9, 0.27000028246331703, 0.26999956214189846, 0.3193527594753369, 0.6806472316636576, 5.6232922330420544e-9, 0.3193527939685699, 1.938761777754422e-9, 0.3193527558911725, 2.8186284188109616e-9, 1.1570332728261118e-9, 5.388524829726757e-10, 1.0886835592168748e-9, 2.0164870872999034e-9, 0.04935248392955829, 2.4542504274808786e-8, 9.268112653322769e-9, 0.04935248417553998, 8.339606957376095e-10, 9.679819156407065e-10, 0.31935279246270015, 0.04935248286539893]
v_opt: [0.10198912787857219, 0.04935248354461893]
solution time: 0.005114078521728516
McCormick lower bound: -3.6377229646762785

