x_opt: [0.7429875119608867, 0.7907412413315776, 1.0957117350680365e-7, 0.9999999266850366, 0.2092587837545154, 5.07490786587021e-8, 0.20925865015448816, 0.7907413594318444, 5.08494264387951e-8, 0.7429874835611737]
w_opt: [0.7429875104527851, 1.0868915185065872e-7, 0.7429875114726352, 8.093838440389632e-7, 4.997404460666302e-8, 3.380264344242855e-8, 0.5337288793410585, 1.1777611522927178e-9, 0.7429874760156588, 1.6071894259519115e-9, 0.7907412407706382, 3.043524693145197e-8, 5.006842887446791e-8, 7.761441392620031e-10, 0.7907412408282282, 5.955665898263584e-10, 0.5337287379045521, 1.0888703091304867e-7, 1.0760487918109909e-7, 4.649798208416372e-8, 1.091147402235278e-7, 5.375185190630869e-9, 1.3227308327270683e-9, 5.182333338072439e-9, 0.20925871258374534, 9.441086725689687e-9, 0.20925863634760916, 0.7907413524922577, 8.159122415995489e-9, 0.7429874827842627, 3.640861343555238e-9, 0.20925864585283652, 1.4602159880995128e-7, 3.1852533192968545e-9, 5.129017639781086e-10, 6.84151173491002e-10, 1.7227924630650985e-9, 4.663109069246047e-8, 5.026263176281886e-9, 1.227217975314184e-8, 4.9940361636846296e-8, 7.44123027564675e-10, 7.20566013104173e-10, 0.7429874812722995, 4.610341125570999e-8]
v_opt: [0.043789196527554086, 4.848365754196678e-8]
solution time: 0.00621795654296875
McCormick lower bound: -3.3218906936095234

