x_opt: [0.5258473107401486, 0.8988883597655574, 0.10111163446503314, 0.8988883986045778, 0.10111162949836044, 0.10111161656855305, 0.101111634247097, 0.8988883739137217, 0.10111159952753379, 0.10111165268897858]
w_opt: [0.525847309501568, 0.10111163339656715, 0.5258473096782792, 1.3052961056967233e-7, 0.10111161491506337, 1.035869358356972e-8, 0.4247356875055649, 1.4824353241266626e-9, 0.10111164662085607, 7.751018072728883e-9, 0.8988883588073978, 1.760252204964144e-9, 0.10111161546286325, 1.1252431306607943e-9, 0.8988883588992589, 1.3102407774254475e-9, 1.3851830783089003e-8, 0.1011116336320426, 0.10111162258463202, 0.10111161459840758, 0.1011116322551856, 4.008921166956555e-8, 1.2516296109836992e-9, 3.652550710574823e-9, 3.099442715562071e-8, 4.523383306563724e-8, 0.10111162954680107, 0.8988883701758557, 5.706146252545691e-9, 0.10111165098688768, 2.731223255823711e-9, 0.10111162487757576, 5.19389758420676e-9, 1.7149211424984012e-9, 8.233681056242823e-10, 8.346744294192502e-10, 3.055430681618988e-9, 0.10111159730968516, 3.3415336375270866e-8, 1.6211402034814974e-8, 0.10111159820652317, 8.460890479224524e-10, 1.7334581015518654e-9, 0.10111164916985597, 0.10111159504668622]
v_opt: [0.010226909863192805, 0.10111159737487327]
solution time: 0.00603485107421875
McCormick lower bound: -5.715406807255921

