x_opt: [0.5258434705098106, 0.8988858088044545, 0.10111419103603941, 0.8988900803779334, 0.10111419116968103, 0.10111419087785509, 0.10111419105413641, 0.8988858088859856, 0.10111419080065392, 0.10111419119305899]
w_opt: [0.5258434704909636, 0.10111419102129626, 0.5258434704912199, 8.346787288924881e-10, 0.10111419085115177, 1.6291455907874192e-10, 0.42472927943197103, 2.024393834915481e-11, 0.10111419115856221, 8.224262676056494e-11, 0.8988858087874682, 3.400420462173124e-11, 0.10111419086092206, 1.3760161104029331e-11, 0.898885808786371, 1.7284235328016106e-11, 2.673214690179815e-11, 0.10111419102268034, 0.10111419093935921, 0.10111419084622579, 0.10111419100883215, 3.2689306680885933e-10, 1.8964877853047684e-11, 4.606543040374162e-11, 4.271588011780679e-6, 4.271500856202622e-6, 0.10111419098716401, 0.8988858088416853, 4.271211772802067e-6, 0.10111419116405884, 3.7568653865336306e-11, 0.1011141909962581, 7.92724691777675e-11, 2.294107251548554e-11, 1.443078847973005e-11, 1.5032119920979883e-11, 3.067797649418092e-11, 0.10111419076838986, 2.984535424680195e-10, 8.290660719097702e-11, 0.10111419077764973, 1.4041377731804204e-11, 2.6629230248839526e-11, 0.10111419113122104, 0.10111419074864916]
v_opt: [0.010224198967246828, 0.10111419076714112]
solution time: 0.005024909973144531
McCormick lower bound: -4.779633455312934

