x_opt: [0.36225635735755685, 0.6377442367168648, 0.22390245943011267, 0.7760975463248979, 0.3622545895524152, 0.22390249046053773, 0.22390247148420692, 0.6377454015422183, 0.22390248512742345, 0.3622558031478928]
w_opt: [0.3622563446261758, 0.22390245597119593, 0.3622563495427055, 1.304735412921132e-6, 0.22390246683608747, 2.9444370207394557e-7, 1.8526727005546115e-6, 6.924521414804952e-9, 0.36225579189683343, 2.388345952770674e-8, 0.6377442227694304, 2.7024061565735265e-8, 0.22390248584323344, 4.681451860597262e-9, 0.6377442237815237, 3.725667161240715e-9, 4.512082889993985e-8, 0.2239024540798644, 0.22390244226139466, 0.22390241195080338, 0.22390244821832134, 6.532357782658378e-8, 6.744980534872433e-9, 2.09035086570622e-8, 0.13835216650049714, 2.4909341788941003e-7, 0.2239024044399557, 0.6377453533668339, 6.079541042914881e-8, 0.36225579103668515, 2.2900221582665793e-8, 0.22390243068157792, 6.401577825744973e-8, 1.3929136114802196e-8, 2.0553313399384938e-8, 5.405418455156008e-9, 9.382314057841099e-9, 0.2239024309720223, 1.0151224023381088e-7, 4.363851781369305e-8, 0.22390246474022218, 4.845399860976042e-9, 2.4042108755178543e-8, 0.3622557462783315, 0.22390244739386808]
v_opt: [0.05013251168003154, 0.2239024752121366]
solution time: 0.004726886749267578
McCormick lower bound: -1.9477761873214918

