x_opt: [0.36225566419274396, 0.6377111487922437, 0.223899392521043, 0.7761000419881675, 0.3622554442140712, 0.22389960068243092, 0.22389952945941938, 0.6377444769506897, 0.22389956872765246, 0.3622887478089503]
w_opt: [0.36225565627091044, 0.22389938880898275, 0.36225565770233925, 1.0734246811856796e-6, 0.22389959219389566, 4.994101589765558e-7, 1.8645346625617813e-7, 4.100411005409456e-9, 0.36225565443187563, 1.0665507271519094e-8, 0.6377111369550764, 2.272625531827349e-8, 0.2238995964725736, 3.3362085156129608e-9, 0.6377111215715673, 3.2755337427030876e-9, 7.285622492000155e-9, 0.22389938569694537, 0.22389937676685437, 0.2238993688417516, 0.22389938685191746, 3.286608313673095e-8, 5.108912522989847e-9, 9.809149383372608e-9, 0.1383554963313183, 7.812876748935063e-8, 0.2238994858052069, 0.6377444602303857, 1.291979444802056e-8, 0.36228874044198184, 9.929250839363345e-9, 0.22389949869038508, 9.100010392672436e-9, 6.069378580326248e-9, 6.429551825668789e-9, 8.159240938859085e-9, 6.3485899527865766e-9, 0.22389955822365157, 7.437534496375092e-8, 2.195467124691631e-8, 0.22389949911866253, 4.7267812654049755e-9, 1.0504294163998291e-8, 0.36228870600099433, 0.22389955097988418]
v_opt: [0.05013105984772247, 0.22389956032490468]
solution time: 0.004379987716674805
McCormick lower bound: -1.207950292547155

