x_opt: [0.3622556806915168, 0.6377443079998996, 0.22390311464554116, 0.7760968859994766, 0.3622556897906501, 0.22390311642767974, 0.22390311482414932, 0.6377443094822497, 0.22390311353052542, 0.36225569157702076]
w_opt: [0.36225568028646515, 0.2239031144903854, 0.3622556804521046, 1.497001955595563e-8, 0.22390311611570282, 8.373226253860715e-9, 2.7159371543635944e-9, 1.535649591938333e-10, 0.36225567971867373, 4.60569098739059e-10, 0.637744307672763, 4.927425514107926e-10, 0.22390311627897447, 1.278645652265143e-10, 0.6377443074976624, 1.3852876096024564e-10, 2.742320733784849e-10, 0.22390311444980465, 0.22390311400656432, 0.22390311388131584, 0.2239031143108816, 1.3154009387964508e-9, 1.9247229192644525e-10, 3.678896532778545e-10, 0.13835257622520802, 7.2381912809007485e-9, 0.2239031137703297, 0.6377443088634165, 7.608438418467785e-10, 0.3622556912601566, 3.681991047168181e-10, 0.22390311406147342, 2.674424487994545e-10, 2.105306683341517e-10, 2.0153673610211285e-10, 3.31952363009195e-10, 2.6908913953437036e-10, 0.22390311324294243, 3.1272979723228224e-9, 7.963837226558889e-10, 0.22390311295140938, 1.8693435895364618e-10, 3.9017335727744935e-10, 0.36225569049002493, 0.22390311298344626]
v_opt: [0.05013271434073466, 0.22390311318353787]
solution time: 0.005242109298706055
McCormick lower bound: -1.775124399396228

