x_opt: [0.4078557230230837, 0.6858591007767074, 0.31414089624703256, 0.8524638759830467, 0.3141408990252665, 0.1475361257405853, 0.31414089810827217, 0.6858591011670663, 0.14753612406985475, 0.3141409708047562]
w_opt: [0.4078557229714583, 0.3141408962121155, 0.4078557229920676, 1.4849646923782752e-9, 0.1475361256963602, 3.2616695333761275e-10, 0.09371482430048848, 3.845988970318569e-11, 0.31414097070401203, 1.1987705693271827e-10, 0.685859100744755, 7.183358391970367e-11, 0.14753612570874672, 3.579752887337564e-11, 0.685859100742363, 3.141521367268548e-11, 7.162386064015619e-8, 0.31414089621329583, 0.31414089612971763, 0.14753612567265764, 0.31414089621675206, 5.77226844885737e-10, 3.9568152415227935e-11, 1.0147718958577818e-10, 0.16660477507192306, 2.5893812905633267e-9, 0.3141408979413841, 0.6858591010701232, 2.1931169255502238e-10, 0.3141409707590737, 7.349349615603896e-11, 0.3141408979585411, 2.5222030140150563e-10, 4.7899135936306604e-11, 2.3648852650891002e-11, 3.357397384334006e-11, 6.045151607783532e-11, 0.1475361240175991, 8.585520331305927e-10, 1.852888055125408e-10, 0.1475361240220029, 3.1429679184855264e-11, 3.641391081907148e-11, 0.31414097070538205, 0.1475361239685864]
v_opt: [0.09868456370027977, 0.14753612400146915]
solution time: 0.004539012908935547
McCormick lower bound: -3.431052821748088

