x_opt: [0.31935388257876235, 0.6806461949052971, 0.3193524743405571, 0.9506447673558232, 0.31935369157956983, 0.3193492775957534, 0.319352506664288, 0.6806462984318835, 0.049355193575852094, 0.3193538619329108]
w_opt: [0.31935387536578075, 0.3193524701552318, 0.31935387913945784, 2.686116876638231e-7, 0.3193492713322824, 6.776015111382046e-8, 2.377478392423055e-7, 3.354874022081658e-9, 0.31935384511817044, 1.9380319622080106e-8, 0.6806461907189331, 5.933370230838021e-9, 0.3193492748336786, 3.484836298823372e-9, 0.6806461908290568, 3.0373079335944515e-9, 5.79098170654344e-8, 0.3193524708463551, 0.3193524534312118, 0.3193492622233005, 0.3193524696003242, 1.9982498441067649e-7, 4.113980585213356e-9, 9.457820991809896e-9, 0.2699984673120962, 0.26999518551610907, 0.31935248337874467, 0.6806462870128361, 5.1372088978772e-9, 0.3193538560070129, 8.55907559342334e-9, 0.3193524857520072, 3.780841028514337e-9, 5.313624231995604e-9, 2.555460093978345e-9, 5.090824574055218e-9, 7.81882885446996e-9, 0.0493551875939965, 9.416612022102288e-8, 1.4395310587315656e-8, 0.04935518677561643, 3.7158820459611463e-9, 4.937719794803282e-9, 0.3193538478927233, 0.04935518133976346]
v_opt: [0.10198602603862708, 0.04935518495799879]
solution time: 0.006507158279418945
McCormick lower bound: -2.8415122635678896

