x_opt: [0.4204984013246478, 0.8282772833958435, 0.17172248050082065, 0.9452679714279383, 0.17172272150191295, 0.17172184952648, 0.17172248850371408, 0.8282772973667244, 0.17172183552835624, 0.1717227056731286]
w_opt: [0.42049839852841747, 0.17172247869932178, 0.4204983991102778, 2.4754362317742473e-7, 0.17172184636334759, 2.113197611482765e-8, 0.24877570387637019, 2.284046315964575e-9, 0.17172270159927006, 1.3563330373411014e-8, 0.8282772814510112, 9.864617606813956e-9, 0.17172184761850232, 1.7093388719948105e-9, 0.8282772812506793, 1.9935918442843086e-9, 2.7428256731648374e-9, 0.17172247895213305, 0.17172246253330012, 0.171721845336412, 0.17172247784660022, 7.263059806310838e-8, 2.2374941256156353e-9, 5.4957328781215634e-9, 0.11699069737349153, 0.11698984606089541, 0.17172248050910055, 0.8282772928855786, 0.11698981081136392, 0.17172270213364954, 4.558972797268027e-9, 0.1717224768852248, 2.1461580406458602e-8, 2.6947046849943238e-9, 1.6729847789242582e-9, 1.894931131627192e-9, 3.474240547603193e-9, 0.1717218311118043, 4.7589729472281525e-8, 2.1416706410287253e-8, 0.17172183321756193, 1.727502630026859e-9, 2.748882131210131e-9, 0.17172269781127156, 0.1717218305467863]
v_opt: [0.02948897202816459, 0.1717218315357786]
solution time: 0.004806995391845703
McCormick lower bound: -4.964333275820944

