x_opt: [0.27805758761356486, 0.7219424160590645, 0.2780575543531281, 0.9999999991374705, 0.2780575839223024, 0.2645446574488924, 0.278057554388203, 0.7219424161063053, 0.2645433201706295, 0.27805758392247787]
w_opt: [0.27805758758656274, 0.27805755434189383, 0.2780575876003352, 6.872843801813773e-10, 0.2645446574312473, 1.5185615595811572e-10, 3.753093290632741e-9, 1.2637085674578416e-11, 0.278057583898594, 4.2376731747556485e-11, 0.7219424160474488, 3.062385519839715e-11, 0.2645446574364741, 9.99218043814979e-12, 0.7219424160446156, 1.1534148974042861e-11, 1.9445675861152338e-11, 0.2780575543419957, 0.2780575543107985, 0.26454465742410294, 0.27805755433964263, 1.207767911962372e-10, 1.3902472016758321e-11, 3.05135820212468e-11, 0.27805758309141393, 0.26454465672171446, 0.2780575543318176, 0.7219424160754859, 0.26454331933198705, 0.2780575839022811, 2.671464429446386e-11, 0.2780575543468723, 5.4745167361207647e-11, 1.5867366379751754e-11, 1.0321128585935043e-11, 1.473827370825176e-11, 2.1967823413527356e-11, 0.264543320148277, 2.2810023140325944e-10, 4.112019691903555e-11, 0.2645433201521406, 1.1920229778102273e-11, 1.8375771218488398e-11, 0.2780575838738335, 0.26454332013442683]
v_opt: [0.07731600853768231, 0.26454332014589244]
solution time: 0.006676197052001953
McCormick lower bound: -3.683004158179742

