x_opt: [0.4366514726708269, 0.43665147238673047, 5.281849578797401e-9, 0.7819068402659961, 0.21809316232325518, 0.21809315980386093, 0.21809315984524838, 0.5633485504170875, 0.21809315928070797, 0.5633488113305641]
w_opt: [0.43665147172826885, 5.047228406099635e-9, 0.43665147232784485, 3.387481392849784e-8, 0.2180931594721072, 6.089984739128168e-9, 2.368213815119759e-8, 3.519913925451226e-10, 0.436651472014059, 4.809228092490271e-10, 0.43665147171983437, 5.679377126325063e-9, 0.21809315941681146, 2.9815573535543357e-10, 0.4366514717791837, 1.9491758964560295e-10, 2.8422359806276685e-7, 3.388458894197804e-9, 4.64594208476288e-9, 2.830837347675074e-9, 5.007985383621446e-9, 1.3574559379065855e-9, 3.4463455438593586e-10, 6.916483509178397e-10, 3.80914585916786e-9, 6.900822746816568e-9, 0.21809313748631926, 0.5633485490539731, 1.0207457638238131e-9, 0.5633488110418206, 5.537664861009284e-10, 1.7813629252664068e-6, 6.071673661356729e-10, 4.5983587621261934e-10, 2.7784265920571326e-10, 3.048245039311018e-10, 3.5693220897434407e-10, 0.21809315886858896, 5.326720510741143e-9, 8.468278950985088e-10, 0.21809315801571102, 2.5807075078506135e-10, 3.629699783131111e-10, 0.5633485493077011, 0.21809315781880764]
v_opt: [0.047566114377654, 0.2180931588815416]
solution time: 0.005102872848510742
McCormick lower bound: -1.0155523030689986

