x_opt: [0.5258472952329499, 0.8988883372275736, 0.10111165926230836, 0.8988883806720757, 0.10111166117185413, 0.10111161962811596, 0.1011116602054261, 0.898888339397749, 0.10111161934180218, 0.10111167346904838]
w_opt: [0.5258472950843384, 0.10111165914947504, 0.5258472951103377, 9.70342853935017e-9, 0.10111161946474138, 1.080062684869039e-9, 0.4247356349130814, 1.6604222760292425e-10, 0.10111167321740427, 4.421540429411304e-10, 0.8988883371060444, 2.281762217920273e-10, 0.10111161949224705, 1.1766606862015824e-10, 0.8988883371148403, 1.1842010734243037e-10, 1.0817551144758987e-8, 0.10111165913593127, 0.10111165874220832, 0.10111161936114357, 0.10111165913800384, 3.161462914233993e-9, 1.4670230389417176e-10, 3.9814788216367037e-10, 4.208589676186851e-8, 3.167360417294805e-9, 0.10111165957986123, 0.8988883390254119, 4.079983153852853e-10, 0.10111167331017021, 2.7030604071604e-10, 0.10111165968095365, 7.980695893758913e-10, 1.8734226370852452e-10, 9.225437001214197e-11, 1.000282668344266e-10, 2.1448511506614716e-10, 0.1011116191189049, 2.5465597039542507e-9, 5.000384355100003e-10, 0.10111161917812742, 1.0115711940966486e-10, 1.4332190266833087e-10, 0.10111167310996486, 0.10111161893980448]
v_opt: [0.010223593025460227, 0.10111161911344448]
solution time: 0.007589101791381836
McCormick lower bound: -3.4253233695714185

