x_opt: [0.48262460698626075, 0.5173756502300096, 0.11758651371103898, 0.8824134868524441, 0.19938109681067, 0.1175865066954447, 0.19938103170823288, 0.8006189005407053, 0.11758650428660415, 0.482624602212706]
w_opt: [0.48262460330324636, 0.1175865113399278, 0.4826246043384354, 1.5913874606636676e-7, 0.11758650340957738, 3.145856321567769e-8, 0.2832435134398264, 2.9613944992854326e-9, 0.48262459379917205, 6.536317554499953e-9, 0.5173756470398525, 5.783090793011742e-9, 0.11758650401313928, 2.4576538750529955e-9, 0.517375647133794, 2.112319598820333e-9, 2.5560863335387344e-7, 0.11758651003445843, 0.1175865059974562, 0.11758649424389, 0.11758651133219063, 2.2544323576283154e-8, 3.075675285788757e-9, 7.159566757230428e-9, 0.08179458822683201, 6.240168241254866e-8, 0.1993810137231314, 0.8006188919996801, 6.840387115467387e-9, 0.48262459908842714, 5.298402906529191e-9, 0.1993810193685888, 6.275158354220575e-9, 3.713155845927286e-9, 2.0596097863807273e-9, 2.6369098069603147e-9, 3.936435085689909e-9, 0.11758649902698981, 5.0084923353349747e-8, 8.524877370828095e-9, 0.11758649984679269, 2.3384618852582328e-9, 3.0989371371710995e-9, 0.48262459374854866, 0.11758649522324817]
v_opt: [0.0397535075419442, 0.1175864995441662]
solution time: 0.0052340030670166016
McCormick lower bound: -2.0690731580642763

