x_opt: [0.5258473083331183, 0.898888371793513, 0.10111162039387617, 0.8988883889220604, 0.10111162277972847, 0.10111161758604631, 0.10111161980487733, 0.8988883773166005, 0.10111161721560526, 0.1011116301774725]
w_opt: [0.52584730806041, 0.10111162017860205, 0.525847308010187, 6.935717732522138e-8, 0.10111161717095785, 2.9309962338232336e-9, 0.42473568617349805, 3.9500824020438297e-10, 0.10111162960057345, 1.415550706144448e-9, 0.8988883715162589, 4.672914747266797e-10, 0.10111161726349266, 2.0641704466219367e-10, 0.8988883715541609, 2.7842712232514787e-10, 2.255041010793985e-9, 0.10111162016877792, 0.10111161760608622, 0.10111161679731094, 0.10111161973903056, 1.0752428523873553e-8, 3.1207498209461404e-10, 8.509585144335412e-10, 1.2393580534075539e-8, 2.4039675219356262e-8, 0.10111161844384114, 0.898888376508538, 6.974898590473757e-9, 0.10111162976935692, 6.204759919753102e-10, 0.10111161813526115, 5.933982385578549e-10, 4.2282570911896703e-10, 2.4868572816636526e-10, 1.91252196728662e-10, 4.984571609668051e-10, 0.10111161661502036, 5.625657010885856e-9, 3.303183614015284e-9, 0.10111161687540694, 1.937936265845744e-10, 4.767094949476502e-10, 0.10111162922348657, 0.10111161632118953]
v_opt: [0.010224022413372433, 0.10111161673959954]
solution time: 0.008471012115478516
McCormick lower bound: -4.315788806266573

