x_opt: [0.2801652709780087, 0.7198347309241916, 0.28016526850127227, 0.9999969487040214, 0.2801652689931456, 0.2801652680838793, 0.28016526854871854, 0.7198347310758121, 0.23151778793773511, 0.28016526908321254]
w_opt: [0.28016527092627663, 0.28016526847091167, 0.2801652709464137, 1.662958663241766e-9, 0.280165268036005, 3.536748776822915e-10, 2.1443108786454696e-9, 3.2105350665492e-11, 0.2801652690197194, 1.3576879739477757e-10, 0.7198347308909809, 6.403383824296579e-11, 0.28016526805705083, 2.7434824774889894e-11, 0.7198347308846004, 3.009130903978154e-11, 6.625406849905182e-11, 0.28016526847555634, 0.2801652683581013, 0.28016526802317737, 0.2801652684587282, 4.667320179546905e-10, 3.5081978651382077e-11, 7.880487529420382e-11, 0.2801622177723754, 0.2801622172979715, 0.280165268417857, 0.7198347309868285, 0.23151473670454556, 0.28016526902714917, 6.814273930715387e-11, 0.2801652684518063, 1.173230885961993e-10, 4.0190694505853404e-11, 2.4864296622557432e-11, 3.6399572106006747e-11, 6.139132089397878e-11, 0.23151778789154373, 5.950361317246591e-10, 1.5560025174952736e-10, 0.23151778789438218, 3.015587990906398e-11, 4.421023824117375e-11, 0.2801652689675663, 0.2315177878505913]
v_opt: [0.07849277088500513, 0.23151778787135005]
solution time: 0.00577092170715332
McCormick lower bound: -4.188093946958953

