x_opt: [0.5258472532400169, 0.8988883166294312, 0.10111168067746015, 0.8988883952889944, 0.1011116830006228, 0.10111165006398458, 0.10111168150633978, 0.8988883198864323, 0.10111164920697784, 0.10111168337383948]
w_opt: [0.5258472527018996, 0.10111168027330986, 0.5258472527560144, 2.118118770375854e-8, 0.10111164938315277, 3.729866085644333e-9, 0.4247355741551872, 6.287904454102151e-10, 0.10111168243369419, 2.473990912604166e-9, 0.8988883162070324, 9.307781273008055e-10, 0.10111164956499627, 4.2794627278780596e-10, 0.8988883162291383, 4.795623484719363e-10, 5.812773553407465e-10, 0.10111168030658253, 0.10111167836123812, 0.1011116492708167, 0.10111168009497866, 1.060248929854394e-8, 5.280129528132212e-10, 1.4353856130962442e-9, 7.930570601823278e-8, 5.247653532537588e-8, 0.1011116796619077, 0.8988883186976263, 4.5303482922117276e-8, 0.10111168267493642, 1.0396643111259616e-9, 0.1011116798046397, 3.5256858270440782e-9, 6.715497984988986e-10, 3.6190766264255706e-10, 3.5341380953003334e-10, 8.071050742772445e-10, 0.10111164828787965, 8.622988319188028e-9, 3.493041790108634e-9, 0.10111164868571978, 3.602619164916855e-10, 5.982791308145469e-10, 0.10111168194108483, 0.10111164788301201]
v_opt: [0.010223699353182894, 0.1011116483429305]
solution time: 0.00657200813293457
McCormick lower bound: -5.058862692788578

