x_opt: [0.43664703103401376, 0.43664692143310047, 1.0465885576539545e-7, 0.7818961445019488, 0.21811177043339358, 0.2181030307556543, 0.21810278523550466, 0.5633526827005659, 0.21810302953014926, 0.5633534968313797]
w_opt: [0.43664691492853197, 1.0156681437279118e-7, 0.43664702401534666, 5.721568370916123e-6, 0.21810302412465385, 7.513255660650196e-7, 1.3060623953395426e-8, 6.684705613123712e-9, 0.43664701818544405, 7.092863909651183e-9, 0.43664687853790307, 0.21811157614458546, 0.21810302260982894, 4.471097675412844e-9, 0.43664690601887124, 2.9739949413664396e-9, 4.422927408397615e-7, 2.4342299580201627e-8, 9.526388937080598e-8, 2.679255987571529e-8, 9.965673126077511e-8, 2.6748297118538728e-8, 6.058688291539947e-9, 1.0808530621482146e-8, 7.934827510784311e-6, 2.2593356974409805e-8, 1.2587634893243278e-6, 0.5633526432630582, 2.5587965657973588e-8, 0.5633534929644803, 1.0760827538566901e-8, 2.1509122021809974e-7, 1.5773479823054883e-8, 1.2534315077416855e-8, 1.1006997260904838e-8, 4.131905299176801e-9, 5.114512466097753e-9, 0.21810301946778435, 1.0172149650148444e-7, 2.527743534478983e-8, 0.21810275068735932, 3.4351912797991315e-9, 8.280447499460282e-9, 0.5633526406827905, 0.21810297035702747]
v_opt: [0.04756916550729941, 0.21810302205657872]
solution time: 0.006891012191772461
McCormick lower bound: -0.7797786597037105

