x_opt: [0.5258456560452368, 0.8988850190979917, 0.10111302044227435, 0.898886967363504, 0.10111481916410939, 0.10111302445710794, 0.10111396990587047, 0.8988851808981881, 0.1011130305088119, 0.10111521784329694]
w_opt: [0.5258456542362725, 0.10111301894123384, 0.5258456536829497, 8.180176609667015e-7, 0.10111302186422715, 2.334180395115021e-8, 0.4247308505677226, 3.1745692689826166e-9, 0.10111521296548838, 4.803004225729074e-9, 0.8988850167687259, 3.964455663561883e-9, 0.10111302152000202, 1.5251772834145397e-9, 0.8988850173194852, 1.6203849621781567e-9, 2.386794962770688e-7, 0.10111301779787611, 0.10111301243762424, 0.1011130097019137, 0.1011130183479543, 2.534880052359298e-8, 2.366419074981971e-9, 6.56451673786305e-9, 1.7900993831323608e-6, 4.150406408933939e-8, 0.10111395372151358, 0.8988851745532864, 8.006433687440301e-9, 0.10111521562132152, 4.152498071217104e-9, 0.10111395632334273, 5.482896577963313e-9, 3.2433981845032965e-9, 1.8232248773663827e-9, 1.3183262268598056e-9, 2.63942675631753e-9, 0.1011130217480454, 3.7719733710684764e-8, 6.899394249999671e-9, 0.10111302811625683, 1.366708966515363e-9, 2.64968345865127e-9, 0.10111521117696157, 0.10111302372814948]
v_opt: [0.010225445937541917, 0.10111302743533072]
solution time: 0.007893085479736328
McCormick lower bound: -2.3654303163014827

