x_opt: [0.4156561385470476, 0.7229883566016542, 0.1838208556470572, 0.8161791442870645, 0.27701164299741526, 0.1838208556870272, 0.1838208557382702, 0.7229883570005395, 0.18382085570245044, 0.2770116434124227]
w_opt: [0.41565613853752087, 0.18382085564003528, 0.4156561385348064, 5.452110085670305e-10, 0.18382085567407125, 1.0640934925394766e-10, 0.13864449556347694, 1.2623472643769589e-11, 0.27701164339054607, 2.1820939537019032e-11, 0.7229883565889482, 1.9648707195381135e-11, 0.18382085567488465, 6.655859319014275e-12, 0.7229883565914748, 7.358538043266183e-12, 2.5518715783248114e-11, 0.1838208556352469, 0.1838208556138037, 0.18382085560544534, 0.18382085563524483, 7.67905061293445e-11, 1.0620938488842103e-11, 2.5501014793003054e-11, 0.0931907873013099, 1.743563053441342e-10, 0.1838208556778291, 0.7229883569730997, 3.258399521468482e-11, 0.2770116434009362, 1.8782070700720134e-11, 0.1838208556954805, 2.2631591141972263e-11, 1.3598950364783042e-11, 9.471702548518749e-12, 7.097743513445898e-12, 1.1770786641069605e-11, 0.18382085567159873, 1.4348969064970483e-10, 2.7983415840306887e-11, 0.1838208556861799, 6.779357503996868e-12, 1.4267888991303394e-11, 0.27701164337571943, 0.18382085567269849]
v_opt: [0.03379011708781476, 0.18382085568795398]
solution time: 0.007462024688720703
McCormick lower bound: -2.1216706507417555

