x_opt: [0.36225541862566646, 0.6377452275267432, 0.22390332294681103, 0.776098919949232, 0.3622545548983036, 0.223903325807966, 0.22390332967329227, 0.6377455524788554, 0.2239026954502456, 0.362254794561311]
w_opt: [0.3622554108045802, 0.22390331860813706, 0.3622554130791225, 7.111581316595738e-6, 0.22390331868927166, 7.453212266983651e-7, 1.1759302616132531e-6, 4.760145065867288e-9, 0.36225478917449083, 1.30359366253344e-8, 0.6377452215673318, 1.2585645652612218e-8, 0.22390332138225036, 3.7768401622498194e-9, 0.6377452195905072, 3.849266860483363e-9, 3.213054215408558e-8, 0.22390331782346215, 0.22390330700084798, 0.22390329921529842, 0.22390331580923342, 4.841827597034458e-8, 6.0048579146665864e-9, 1.2708653724527257e-8, 0.13835348295421385, 2.624449908661115e-6, 0.22390328346464425, 0.6377455416540124, 1.661375504834607e-6, 0.36225478649346476, 1.1910142665252468e-8, 0.2239033127098696, 1.2281417238447934e-7, 8.147527651713402e-9, 4.724644543759964e-9, 6.814825035384774e-9, 7.128508395133431e-9, 0.22390268303332314, 2.656063005803235e-7, 2.2425908774103783e-8, 0.22390268511949027, 4.731945379477832e-9, 6.900674136592532e-9, 0.36225477669694756, 0.2239026848937817]
v_opt: [0.0501335405479593, 0.22390268386044931]
solution time: 0.004868984222412109
McCormick lower bound: -2.473800326608783

