x_opt: [0.5258471257834808, 0.8988872032235309, 0.1011118543005124, 0.8988884617729304, 0.10111214653951281, 0.10111165995060817, 0.10111183295958182, 0.8988878514453432, 0.10111160457098127, 0.10111322709692722]
w_opt: [0.5258471049537993, 0.10111183671163868, 0.5258471046811118, 3.435566378693711e-6, 0.10111162976531475, 1.976135479358373e-7, 0.42473503073531954, 3.242672358415241e-8, 0.10111310295230382, 1.3489777886570702e-7, 0.8988871832692882, 3.0106026013032006e-8, 0.10111163706853568, 2.5202560907968666e-8, 0.8988871867202228, 2.261585156339847e-8, 4.3881694653359285e-7, 0.10111183751605887, 0.10111160877939414, 0.1011115970067698, 0.10111181335304707, 4.414764758668978e-7, 2.3818120230869597e-8, 7.076695948219672e-8, 6.894735068867488e-7, 1.0153269219217472e-6, 0.10111172252448387, 0.8988876950212098, 4.816997733022221e-7, 0.10111319768523518, 5.219390342985791e-8, 0.10111154304727633, 5.4739762029988046e-8, 3.6562813910090624e-8, 1.696447319996795e-8, 1.3785045470763804e-8, 5.802739429036731e-8, 0.10111153538947046, 3.8026151511158117e-7, 2.3290819230901625e-7, 0.10111157780806174, 1.4238334212820567e-8, 5.1501840813420306e-8, 0.1011131605930888, 0.10111151760957279]
v_opt: [0.010224169745483494, 0.10111156799016342]
solution time: 0.007400035858154297
McCormick lower bound: -4.544970265532233

