x_opt: [0.525847316985155, 0.8988883865197929, 0.101111612833098, 0.8988883875895176, 0.10111161286552754, 0.10111161269559014, 0.10111161284329004, 0.8988883871461564, 0.10111161261961094, 0.10111161388748212]
w_opt: [0.5258473169581425, 0.10111161281531057, 0.5258473169588063, 6.4740624781892695e-9, 0.10111161266633352, 1.9816241763325232e-10, 0.42473570418077367, 2.849165252520775e-11, 0.10111161384072688, 7.868070152371404e-11, 0.8988883864978929, 3.33500005830673e-11, 0.10111161267151604, 1.7060545776037058e-11, 0.8988883865014249, 2.0475546408943998e-11, 4.238003257903585e-10, 0.10111161281311773, 0.10111161270198311, 0.10111161264255211, 0.10111161280375996, 7.559850449991899e-10, 2.4028796388735412e-11, 6.445073450118836e-11, 5.078059728541339e-10, 8.682265019410613e-10, 0.10111161273815981, 0.8988883870675255, 2.9613350515688813e-10, 0.10111161385905941, 4.5472829264369506e-11, 0.1011116127418734, 5.798492280928345e-11, 3.111180028958152e-11, 1.711880656197755e-11, 1.5855142010383738e-11, 3.757971326502988e-11, 0.10111161258037553, 3.7762388187248513e-10, 1.8769665102457057e-10, 0.10111161259075958, 1.5978396320242468e-11, 3.018140099171596e-11, 0.10111161381963008, 0.1011116125446097]
v_opt: [0.010223569781825863, 0.10111161258374281]
solution time: 0.004868984222412109
McCormick lower bound: -3.571788013002205

