x_opt: [0.7429874540991009, 0.7907412285210665, 1.9601884229057112e-7, 0.9999999455064112, 0.2092587588901803, 5.299050888405765e-8, 0.209258684326701, 0.7907412985600849, 4.634150442361958e-8, 0.7429874058332248]
w_opt: [0.7429874515521214, 1.9408405900264302e-7, 0.7429874529653169, 1.4272872618274624e-7, 5.122950149700654e-8, 1.804056789016213e-8, 0.5337287651208704, 1.5487692801838797e-9, 0.7429873943444106, 4.851798652636879e-9, 0.7907412272300167, 7.631575426677407e-9, 5.1745238880268675e-8, 1.870018518956138e-9, 0.7907412269941779, 1.2009494919061112e-9, 0.5337286365436076, 1.9449907567799284e-7, 1.9246809809721774e-7, 4.93832926639407e-8, 1.9496298807863412e-7, 2.3397064849195424e-8, 1.535236868937513e-9, 4.805682651061401e-9, 0.2092587068432863, 4.361600245766727e-8, 0.20925867423468072, 0.7907412942335139, 9.119211725125174e-9, 0.7429874041562256, 3.518111287840428e-9, 0.2092586791429333, 6.033082990942709e-8, 2.3056294090163798e-9, 9.091254142712697e-10, 1.3615129115519092e-9, 2.4935047917750818e-9, 4.3041288141623175e-8, 2.3684656369801574e-8, 2.2247486998435497e-9, 4.418613669068595e-8, 1.377544937224024e-9, 1.3562480289737169e-9, 0.7429874014647857, 4.084774913640617e-8]
v_opt: [0.04378949461245499, 4.368505267728213e-8]
solution time: 0.005625009536743164
McCormick lower bound: -2.9612826419299285

