x_opt: [0.5258439775462933, 0.898882831478909, 0.10111423916600049, 0.8988859310468374, 0.1011170607929119, 0.10111415615571714, 0.10111465541363492, 0.8988829555071256, 0.10111415744342309, 0.10111717295667742]
w_opt: [0.5258439732580045, 0.10111423599765129, 0.5258439730890875, 1.3850667483490908e-6, 0.10111415089357413, 5.502530766920061e-8, 0.42472694059746896, 5.156973760638782e-9, 0.10111716366171525, 1.0347403000901944e-8, 0.8988828269766973, 9.965427134029846e-9, 0.10111415156532891, 3.098475409245439e-9, 0.8988828273855933, 3.3215699418909757e-9, 1.7889131214837712e-8, 0.10111423478422471, 0.10111422546242423, 0.10111414413471043, 0.10111423515310403, 4.26365012800188e-8, 4.526378868791508e-9, 1.137963119526571e-8, 3.000308954077645e-6, 1.5173298789089325e-7, 0.10111462827928104, 0.8988829395854769, 1.0928340733617383e-7, 0.10111716794783773, 8.223941152617132e-9, 0.10111463896229186, 2.5021499362678683e-8, 5.860323716471919e-9, 3.4915825461132645e-9, 3.0911638534738586e-9, 5.399340640781083e-9, 0.10111414510513497, 6.263284179752457e-8, 1.4816085207142393e-8, 0.10111415219407592, 3.0235987397923743e-9, 5.181040500513606e-9, 0.1011171593417498, 0.10111414524506412]
v_opt: [0.010224333171449633, 0.10111415075411342]
solution time: 0.004652976989746094
McCormick lower bound: -2.6593487648055816

