x_opt: [0.5190700775633239, 0.8866523443820754, 0.11334765075628964, 0.8962218395022672, 0.11334765484704722, 0.10377816176642578, 0.11334765323364955, 0.8866523460810005, 0.10377816121754913, 0.11334765661544383]
w_opt: [0.5190700773614577, 0.11334765061036066, 0.5190700774112218, 7.954696596804753e-9, 0.1037781615594406, 1.4027049488479629e-9, 0.40572242401974307, 1.9660663842867585e-10, 0.11334765631178553, 5.538402833367509e-10, 0.8866523442308388, 3.104738578944005e-10, 0.10377816160476855, 1.5287743119529576e-10, 0.8866523442319898, 1.4637398490882448e-10, 1.1731161027996017e-9, 0.11334765059946907, 0.11334765017644866, 0.10377816145355237, 0.11334765060889887, 2.9470045288884785e-9, 1.839329239642002e-10, 4.808853584085409e-10, 0.00956949464654358, 4.7062542545251e-9, 0.11334765246241563, 0.8866523456415882, 1.1249865517863594e-9, 0.11334765640941549, 3.3948105341832975e-10, 0.11334765263221575, 1.18939912719096e-9, 2.2940142493911216e-10, 1.1480031218954418e-10, 1.3551576436259408e-10, 2.6317872096365135e-10, 0.10377816095515136, 3.1809758821030188e-9, 5.920371367049352e-10, 0.103778161010578, 1.3303182539093638e-10, 1.7604824505274927e-10, 0.11334765615831188, 0.10377816073725733]
v_opt: [0.012848991526547627, 0.10377816091994058]
solution time: 0.007370948791503906
McCormick lower bound: -3.4356545319719487

