x_opt: [0.37424883026450184, 0.7972791790457853, 0.20272081967410954, 0.9656302501421122, 0.20272082065660293, 0.20272081642093773, 0.20272081982079537, 0.7972791799715159, 0.20272081300459516, 0.20272082095286864]
w_opt: [0.37424883003206066, 0.20272081952640486, 0.3742488300971341, 7.907491360013276e-9, 0.20272081617544208, 1.5203639361767291e-9, 0.17152801064577267, 1.7726276645621474e-10, 0.20272082059939112, 8.710500219734419e-10, 0.7972791788952606, 3.253601573837974e-10, 0.20272081627587749, 1.425004373983571e-10, 0.7972791788799864, 1.645156901122515e-10, 2.823938528974047e-10, 0.20272081955305798, 0.20272081891642832, 0.20272081614155038, 0.20272081942602702, 3.276951292035114e-9, 1.7738843954992402e-10, 4.2712434668539817e-10, 0.16835107117598708, 0.16835106888076443, 0.20272081921298735, 0.7972791795588493, 0.16835106346748405, 0.20272082067300806, 3.5458632480652223e-10, 0.20272081927262972, 8.426904620017499e-10, 2.1022692318081793e-10, 1.243728326474735e-10, 1.5488272474241743e-10, 3.0665734565928685e-10, 0.20272081275622741, 3.0158527345714542e-9, 9.431840694121428e-10, 0.20272081280722587, 1.408373268711794e-10, 2.2501982675886274e-10, 0.20272082040713046, 0.20272081256048408]
v_opt: [0.04109735167771639, 0.20272081267723024]
solution time: 0.004630088806152344
McCormick lower bound: -5.352808367880773

