x_opt: [0.43950061782428695, 0.5604993817698889, 0.14377360770108877, 0.8562263815559036, 0.23583305887296876, 0.1437736179487657, 0.1437736181490905, 0.7641669408840163, 0.14377361794508123, 0.43950061825463116]
w_opt: [0.4395006177880461, 0.14377360768120082, 0.43950061779607047, 1.7339574896420168e-9, 0.14377361791712487, 4.635659528258672e-10, 0.20366755875716133, 2.375131916721124e-11, 0.439500617768661, 5.295701362945254e-11, 0.5604993817296469, 6.7340551686532e-11, 0.1437736179252847, 1.9101383618417643e-11, 0.5604993817288405, 1.7440316708567974e-11, 7.404886117034399e-11, 0.14377360766388067, 0.143773607627812, 0.1437736076056671, 0.1437736076764621, 1.748990814791159e-10, 2.6806662484215537e-11, 5.446752571360267e-11, 0.09205944047240085, 4.4433530144034963e-10, 0.14377361796218907, 0.7641669407986874, 4.920416710371762e-11, 0.439500618224563, 4.561471909109906e-11, 0.14377361800530564, 3.371985779956842e-11, 3.082823151443676e-11, 2.2593641294960455e-11, 2.877043828169729e-11, 3.242670293892168e-11, 0.14377361789056153, 3.891284429425378e-10, 8.034213645080599e-11, 0.1437736178867996, 2.17121611359287e-11, 3.670467180855142e-11, 0.43950061815126296, 0.14377361786234222]
v_opt: [0.02067125291557389, 0.1437736179038165]
solution time: 0.0047338008880615234
McCormick lower bound: -1.4775884415856153

