x_opt: [0.4366513177292601, 0.43665131707006904, 6.450152027600016e-8, 0.7819066984383592, 0.21809333219131832, 0.2180933052322741, 0.21809325201683744, 0.5633486946711923, 0.21809329805416017, 0.5633486923155665]
w_opt: [0.43665131640720173, 6.432128029719132e-8, 0.43665131743406754, 7.423111442384265e-8, 0.2180933049246825, 1.853068648688009e-8, 1.4342659697061812e-8, 2.3254378184678659e-10, 0.4366513171468623, 4.946404703615479e-10, 0.4366513164743588, 1.8373461934833716e-9, 0.21809330498893223, 1.8329722819837317e-10, 0.4366513164794085, 1.61920635199711e-10, 9.816492288901972e-9, 6.379717549477031e-8, 6.381440226802967e-8, 6.183069919982488e-8, 6.426479057889443e-8, 2.2450184510234355e-9, 2.6615708925692825e-10, 5.795113842162183e-10, 3.209081450114451e-8, 9.982944960425327e-9, 0.21809324468305813, 0.5633486935762054, 9.236615404407726e-10, 0.5633486920695672, 4.936386973287294e-10, 0.21809324082195553, 4.2169552574693884e-10, 3.525367835320197e-10, 2.5897972341026783e-10, 2.981411518821948e-10, 2.973212942648168e-10, 0.21809329778996767, 4.102476559556502e-9, 1.200760652538289e-9, 0.21809325151667314, 2.0806370321679595e-10, 3.9733162098701475e-10, 0.5633486898759923, 0.2180932969989431]
v_opt: [0.04756514302124142, 0.218093297689894]
solution time: 0.00492405891418457
McCormick lower bound: -1.0649024059299912

