x_opt: [0.5188605905389548, 0.8862741498616951, 0.11372584384575397, 0.8961394329847516, 0.11372584981325558, 0.10386059324372374, 0.11372584683877521, 0.8862741519129129, 0.10386059169862462, 0.1137258502445224]
w_opt: [0.518860590110214, 0.11372584356233861, 0.5188605902112193, 1.5753729089073448e-8, 0.10386059280059445, 2.977951213367212e-9, 0.4051347431908532, 3.659320186158697e-10, 0.11372584963897577, 1.2033371374845903e-9, 0.886274149556559, 7.484110519625727e-10, 0.10386059293887565, 2.8064348664785223e-10, 0.886274149534223, 2.9012235001357543e-10, 6.351690355661389e-10, 0.11372584356920933, 0.11372584256747248, 0.10386059267313462, 0.1137258435277365, 4.99698847226106e-9, 3.548721094982944e-10, 8.751280072164037e-10, 0.009865283424140805, 3.112828654228925e-8, 0.11372584546158489, 0.8862741511019915, 2.530058370090832e-8, 0.1137258497816841, 6.759634755727664e-10, 0.1137258457310623, 2.173860460255547e-9, 4.3027969724851045e-10, 2.418051460019744e-10, 2.855191929608177e-10, 5.070313992692017e-10, 0.10386059116142299, 5.922758146673828e-9, 1.3329715206450238e-9, 0.10386059129232267, 2.6751140467083836e-10, 3.838252905684495e-10, 0.1137258492342901, 0.1038605908294666]
v_opt: [0.01293874189799696, 0.10386059108373301]
solution time: 0.005909919738769531
McCormick lower bound: -3.872247401152472

