x_opt: [0.3193536480046541, 0.6806464558221287, 0.3193513756890427, 0.9506450691903844, 0.3193532593741559, 0.3193503046121755, 0.31935144031197743, 0.6806467304701791, 0.04935484933034333, 0.3193536415267216]
w_opt: [0.31935363400644584, 0.3193513694420334, 0.31935364304398184, 8.44864223831205e-7, 0.31935029268925597, 1.2048414653429042e-7, 4.925872258023891e-7, 4.611889513986749e-9, 0.3193535996227597, 2.6419111249565816e-8, 0.6806464493356219, 1.0569128074988232e-8, 0.31935030062316316, 5.12916004769046e-9, 0.6806464479437806, 4.160470838018892e-9, 1.0159058580278739e-7, 0.3193513707901904, 0.3193513524326948, 0.3193502876211083, 0.31935137085359333, 1.6794399839641677e-7, 6.0763984408434545e-9, 1.4991361440054968e-8, 0.2699983425491414, 0.2699954866354607, 0.31935140220359504, 0.6806467091128964, 9.320341294677309e-9, 0.3193536323516421, 1.4293327339173647e-8, 0.31935140712683907, 1.6431954156394512e-8, 8.159245731900473e-9, 3.907296238992647e-9, 8.21406046742534e-9, 1.2687965757594917e-8, 0.04935483486631972, 1.4854610167065843e-7, 3.590792725586452e-8, 0.0493548395884906, 5.795043225497671e-9, 8.517049894657496e-9, 0.3193536153413971, 0.04935482826495775]
v_opt: [0.10198597024706457, 0.04935483726430891]
solution time: 0.006509065628051758
McCormick lower bound: -2.6625646454120075

