x_opt: [0.5258469598841491, 0.8988880905537274, 0.10111190456826898, 0.8988885026729617, 0.10111190895552562, 0.10111184069344697, 0.10111190666762596, 0.8988880961285598, 0.10111183936321767, 0.1011119091896913]
w_opt: [0.525846959063185, 0.10111190393989139, 0.5258469590872165, 4.580788408311496e-8, 0.10111183958724318, 6.057777332619752e-9, 0.42473505761348923, 9.9066511688802e-10, 0.10111190766778684, 4.10758527572e-9, 0.8988880898837833, 1.4701575930416077e-9, 0.10111183990474219, 6.641532708076806e-10, 0.8988880899222396, 7.67527661843992e-10, 6.557674794038179e-10, 0.10111190400222851, 0.10111190092028216, 0.10111183943261805, 0.10111190361896294, 1.858992079683183e-8, 8.279970774788861e-10, 2.236005523479291e-9, 4.133077984627676e-7, 3.5011387019197066e-7, 0.10111190382034584, 0.8988880942661408, 3.4355309797585987e-7, 0.10111190804131308, 1.6520325524322188e-9, 0.10111190424393776, 6.052167211744106e-9, 1.0523789268778428e-9, 5.884811883426756e-10, 5.555871984514278e-10, 1.2748123327642746e-9, 0.10111183786018477, 1.4408674321964147e-8, 6.816844198103845e-9, 0.10111183854844087, 5.635136192978075e-10, 1.0033573041542819e-9, 0.10111190682417417, 0.10111183729265215]
v_opt: [0.010223759201811412, 0.1011118380079073]
solution time: 0.004911899566650391
McCormick lower bound: -5.341943211533036

