x_opt: [0.7474439787618786, 0.7776096590477418, 2.0771628639054247e-9, 0.9999991022968908, 0.2223903229181677, 5.987451306607008e-9, 0.2223903245760973, 0.7776096750676581, 6.241338884217075e-9, 0.7776096738138225]
w_opt: [0.747443978616311, 1.9705157739216417e-9, 0.7474439786325622, 7.905581067332747e-9, 5.847955174374659e-9, 1.450956031616117e-9, 0.5250536540796968, 1.778500804110431e-10, 0.7474439784836912, 2.3092669598355374e-10, 0.7776096588706335, 5.538753884400082e-10, 5.817058340912607e-9, 1.4328886904408688e-10, 0.7776096588930649, 9.404538867312334e-11, 0.5552193330318616, 1.7177797836802114e-9, 1.7974223740214748e-9, 1.5053549351920301e-9, 1.9669405526996665e-9, 6.195936185322118e-10, 1.4908618972284128e-10, 3.4807399941838083e-10, 0.22238942539969436, 1.027101775126966e-9, 0.2223903224234474, 0.7776096745846924, 2.1567567199387892e-10, 0.7776096736931526, 2.4604999935553737e-10, 0.2223903209455118, 3.232586723583871e-10, 2.1140018756748157e-10, 1.0584970275164392e-10, 1.0450026246153908e-10, 1.6510486627262093e-10, 5.804796069240542e-9, 1.6614028899950207e-9, 5.021732448295454e-10, 6.00380276105704e-9, 1.128458235087472e-10, 1.2957197001701333e-10, 0.777609673337912, 5.713268541213037e-9]
v_opt: [0.049458334043578626, 6.0434003592238324e-9]
solution time: 0.0048558712005615234
McCormick lower bound: -1.5879198129208913

