x_opt: [0.5258473048566635, 0.8988883751042304, 0.10111162177716243, 0.8988883924481395, 0.10111162332785308, 0.10111162057081138, 0.10111162183829023, 0.8988883787768971, 0.10111162060820901, 0.10111162661030886]
w_opt: [0.5258473047574956, 0.10111162167482872, 0.5258473047988681, 2.570092458458147e-8, 0.10111162042972006, 1.0137951969573775e-9, 0.42473568395559164, 1.208870903365455e-10, 0.10111162590207497, 1.1227915170232059e-9, 0.8988883750273524, 2.186268493379986e-10, 0.10111162047840791, 1.0307834501831997e-10, 0.8988883750236866, 1.042459011865007e-10, 1.8370468056155772e-9, 0.10111162170830483, 0.10111161973398215, 0.10111162039819749, 0.10111162153549373, 5.141981302360684e-9, 1.0563925315503666e-10, 3.023591234509396e-10, 1.6033547701292638e-8, 2.399656381606418e-8, 0.10111162145515894, 0.898888378447677, 1.4545194723371925e-8, 0.10111162647012573, 2.2419778088905346e-10, 0.10111162042887842, 2.295695991516666e-9, 1.451841155513824e-10, 7.547315660796884e-11, 7.019912641613089e-11, 6.749052289574763e-10, 0.10111162031989679, 5.309751332977422e-9, 2.5932569425220197e-9, 0.10111162055970073, 7.226305414375555e-11, 1.8266858106806185e-10, 0.10111162631958982, 0.10111162033009681]
v_opt: [0.01022367294956673, 0.1011116204785328]
solution time: 0.006066083908081055
McCormick lower bound: -5.586235713131366

