x_opt: [0.6683862977528698, 0.9975175509829658, 0.002482442549088885, 0.9975175570543577, 0.002482445562851795, 0.0024824417812305977, 0.0024824452033291905, 0.997517554831079, 0.0024824423655056497, 0.18903909996974255]
w_opt: [0.6683862975582678, 0.002482442375377321, 0.6683862975078501, 1.0686833245045541e-8, 0.0024824414975389564, 1.6895595725807246e-9, 0.6659038529676505, 4.15850832772629e-10, 0.1890390994561813, 6.229841482152465e-10, 0.9975175507542198, 4.0288831051350365e-10, 0.002482441436748168, 1.885453786144309e-10, 0.9975175508067408, 2.0041833442549597e-10, 0.18655665112291897, 0.0024824422867338798, 0.0024824416197357577, 0.0024824410160871786, 0.002482442308946395, 3.526143300681542e-9, 2.657825075398007e-10, 8.2965313669782e-10, 3.0319720734145215e-9, 3.6976185112462196e-9, 0.0024824438989278228, 0.9975175541060843, 6.434961864657324e-10, 0.18903909972561206, 4.748902226958416e-10, 0.0024824437763932665, 9.241085916883273e-10, 3.797282431687511e-10, 1.8341167643739563e-10, 1.3482955653355395e-10, 3.1999333116392883e-10, 0.0024824414634451366, 3.922029827655936e-9, 1.059926473037554e-9, 0.002482442098612716, 1.4868393955165086e-10, 2.7119854434402074e-10, 0.1890390993396752, 0.002482441658625212]
v_opt: [8.230407364750955e-6, 0.0024824420239987124]
solution time: 0.005676984786987305
McCormick lower bound: -2.9697288249368943

