x_opt: [0.6719730301788128, 0.9999934942329608, 4.5213092827946395e-6, 0.9999998362573779, 6.503479577102628e-6, 1.639013975499227e-7, 6.50535403812912e-6, 0.9999935130722966, 1.639107189237567e-7, 0.1912639042536299]
w_opt: [0.6719730293439521, 4.520577185912635e-6, 0.6719730294492438, 3.9254062487202553e-8, 1.6292789497652854e-7, 5.8580852015388e-9, 0.671966545011758, 1.280154042377586e-9, 0.19126390265859752, 2.3529039852274977e-9, 0.9999934935552431, 1.4081013875435709e-9, 1.629210630644783e-7, 1.0019374135853112e-9, 0.9999934936287178, 7.581231248910066e-10, 0.19125739919328816, 4.5204583629066485e-6, 4.518877780031508e-6, 1.6240312923478667e-7, 4.520631800561457e-6, 8.572094434192691e-9, 9.755965741151582e-10, 3.167707437541316e-9, 6.341048892521771e-6, 1.7311519982799403e-8, 6.501305425515511e-6, 0.9999935111246304, 2.8843010772402144e-9, 0.19126390334690524, 1.7577747129472965e-9, 6.500050441418724e-6, 1.7948833022752444e-8, 1.334800889009512e-9, 5.473475354836013e-10, 5.472629804561831e-10, 1.2512387749843038e-9, 1.6210760389619416e-7, 1.4799062900115694e-8, 2.0032755444303234e-8, 1.6298430513634953e-7, 6.071413874089633e-10, 7.57226025397698e-10, 0.19126390226414672, 1.6142866702810007e-7]
v_opt: [5.152254868977805e-7, 1.6251935355403825e-7]
solution time: 0.008469104766845703
McCormick lower bound: -3.678482456406849

