x_opt: [0.5259617822576677, 0.8980510201030915, 0.10091303091416873, 0.8990869605964544, 0.10091304980128143, 0.10091303673647907, 0.10091303724824054, 0.8990869498480872, 0.10091303732683395, 0.10194898221891294]
w_opt: [0.5259617819526452, 0.10091303067172613, 0.5259617818444703, 4.457234975161038e-8, 0.10091303630531538, 3.79941307917239e-9, 0.4250487326367695, 4.92317112235135e-10, 0.10194897888606189, 7.311846744658338e-10, 0.8980510196841112, 6.68960963349839e-10, 0.1009130362659355, 2.3822721650567594e-10, 0.8980510197879201, 2.5482613734668564e-10, 2.6222107801521813e-9, 0.10091303046241308, 0.10091302968434074, 0.1009130295402541, 0.10091303050647052, 3.3149567576417217e-9, 3.778771257427216e-10, 9.69930275490027e-10, 1.1011515269612209e-8, 5.291054584150847e-9, 0.10091303464794091, 0.8990869487865085, 8.283239088531304e-10, 0.10194898184939556, 6.572584962498429e-10, 0.10091303501371436, 7.433048046538041e-10, 5.039389354299963e-10, 3.1688652877505985e-10, 2.2567313533831864e-10, 4.15233239564587e-10, 0.10091303624084065, 5.320505132354168e-9, 1.032533098325775e-9, 0.10091303664951175, 2.2637493937049529e-10, 4.645246684830656e-10, 0.10194898106264538, 0.10091303626038568]
v_opt: [0.010183992749543192, 0.10091303683603844]
solution time: 0.00479888916015625
McCormick lower bound: -2.106133560459901

