x_opt: [0.5258468982524102, 0.8988881057631577, 0.1011118941749294, 0.8988885709707323, 0.10111189423688555, 0.10111189328607792, 0.10111189419430608, 0.8988881058437868, 0.1011118931912912, 0.10111189422938804]
w_opt: [0.5258468982331085, 0.10111189416377601, 0.525846898238904, 7.784916338249769e-10, 0.10111189326686305, 1.0744932925993411e-10, 0.4247350041256583, 1.4727990459384628e-11, 0.10111189420548944, 8.037950134173817e-11, 0.8988881057522056, 2.8863496931270067e-11, 0.10111189327427765, 1.1659293739046083e-11, 0.8988881057517026, 1.3079691263224514e-11, 1.674469851942522e-11, 0.10111189416601238, 0.10111189410077726, 0.10111189326719221, 0.10111189415828747, 3.073595908696792e-10, 1.3752843336478614e-11, 3.480048420884508e-11, 4.652359429940545e-7, 4.643960947356775e-7, 0.10111189414903735, 0.8988881058143279, 4.641857572036687e-7, 0.10111189420759993, 2.792809949377595e-11, 0.10111189415127106, 9.597764067822373e-11, 1.6680897142250077e-11, 9.623255599766677e-12, 1.0782975272705685e-11, 2.2280764807616034e-11, 0.10111189317021398, 2.4470750225867716e-10, 9.992553974818768e-11, 0.10111189317736748, 1.033823084359804e-11, 1.678353555900054e-11, 0.10111189418846586, 0.10111189315881332]
v_opt: [0.01022363523474781, 0.10111189316700142]
solution time: 0.006227970123291016
McCormick lower bound: -6.282017747752395

