x_opt: [0.4999999835964267, 0.49999998465469553, 1.870400699215198e-8, 0.7586925370248487, 0.24131447685041346, 0.17214960048599168, 0.17214959868563884, 0.758685276416066, 0.17214960122620554, 0.5000000156541693]
w_opt: [0.4999999826203912, 1.8200213173226413e-8, 0.4999999824182564, 9.950871421151653e-8, 0.17214959948450473, 1.3897591072200382e-8, 0.25868526118407426, 1.1099348629666893e-9, 0.4999999779640038, 1.3081909501915433e-9, 0.49999998313855, 2.7923267741219997e-9, 0.17214959922167403, 5.180020764562369e-10, 0.4999999836558287, 5.212053727966811e-10, 1.6133473891436821e-9, 1.713237597413271e-8, 1.6488711325925566e-8, 1.4928030067332544e-8, 1.7779510049983693e-8, 3.908230504515665e-9, 8.388370656889695e-10, 1.8148189331045128e-9, 7.01446647937444e-6, 6.011427468514491e-9, 0.1721495865646357, 0.7586852747189998, 1.4659935355054747e-9, 0.5000000148425788, 1.4513828281252266e-9, 0.1721495911852962, 1.1886642849603167e-9, 1.177345990904225e-9, 9.636649587947492e-10, 5.414774838674764e-10, 8.022020448827417e-10, 0.17214959932835133, 1.1285593375250675e-8, 2.3586665359244236e-9, 0.17214959759595885, 5.143436736521725e-10, 1.2671006793087235e-9, 0.5000000120967867, 0.17214959829299428]
v_opt: [0.029635683664010478, 0.17214960016769154]
solution time: 0.004803895950317383
McCormick lower bound: -1.3680254913716958

