x_opt: [0.36225636602250866, 0.6377440016081835, 0.22390246614436102, 0.7760975714091336, 0.3622545590162008, 0.2239024636439785, 0.22390245531899713, 0.6377454874835714, 0.22390238251375705, 0.3622559496605082]
w_opt: [0.36225635726359734, 0.22390246078900775, 0.3622563583820313, 4.854974735121696e-6, 0.22390245301012382, 7.004205061931783e-7, 1.950853337920369e-6, 6.2270955943230305e-9, 0.3622558422079276, 2.675829771369691e-8, 0.6377439860015013, 4.21709340955628e-8, 0.22390245777463424, 7.338836700762743e-9, 0.6377439873003465, 5.83555018783335e-9, 2.1135998720546607e-8, 0.22390245980354045, 0.2239024454280225, 0.22390242314308756, 0.2239024486146541, 6.64057941022813e-8, 7.149753248355551e-9, 2.5055156021657936e-8, 0.13835220478950416, 2.735129487901623e-7, 0.22390232195253676, 0.637745414685925, 2.0436594196665953e-7, 0.36225593991398264, 2.3428299253664202e-8, 0.2239023701610444, 5.3164893970602556e-8, 1.0548268467151788e-8, 1.1867723479735597e-8, 9.055084337982171e-9, 8.483150597517342e-9, 0.22390234368531511, 1.0671484489635507e-7, 5.3080780679973506e-8, 0.22390237168984026, 7.863623258571186e-9, 1.5578125171235796e-8, 0.36225588066846576, 0.22390235973861247]
v_opt: [0.05013240484327297, 0.22390236941189157]
solution time: 0.004636049270629883
McCormick lower bound: -1.9985924976512413

