x_opt: [0.5258473182974228, 0.8988883863341078, 0.10111161179481001, 0.898888387955312, 0.10111161197528262, 0.10111161163412989, 0.10111161174181531, 0.8988883878900114, 0.10111161165278079, 0.10111161519033882]
w_opt: [0.5258473182577672, 0.10111161176109425, 0.5258473182379675, 6.2264746289938994e-9, 0.10111161156784525, 4.900652925520483e-10, 0.4247357062669502, 8.257231130070905e-11, 0.10111161506582618, 1.6937782466622582e-10, 0.8988883862833009, 1.0585124500549751e-10, 0.10111161156179475, 3.2553317462763016e-11, 0.8988883862965533, 4.318379024117772e-11, 1.5601643686774775e-9, 0.10111161174833756, 0.10111161123387455, 0.10111161150361782, 0.10111161168322905, 1.834310292110457e-9, 5.3594719982450074e-11, 1.631910722281381e-10, 1.348089730094568e-10, 7.69592043492338e-10, 0.10111161145944247, 0.8988883875202659, 1.9244197855286896e-10, 0.10111161513143527, 1.0566683927561156e-10, 0.1011116110211343, 1.2574608141635925e-10, 7.8988302984307e-11, 4.777019365517666e-11, 2.8246826194117934e-11, 1.105243176035506e-10, 0.10111161151574216, 9.520183059671536e-10, 5.908976364717322e-10, 0.10111161156932691, 3.0128245949848724e-11, 1.8888682457368267e-10, 0.10111161501270513, 0.10111161150135077]
v_opt: [0.010223566054018408, 0.1011116115827845]
solution time: 0.005571126937866211
McCormick lower bound: -3.240500921803298

