x_opt: [0.7423591541385732, 0.7925932258005899, 8.131362162898092e-9, 0.9999999911781101, 0.20740677288317919, 8.135900180658888e-9, 0.20740676903746977, 0.7925932295972532, 8.53384663093865e-9, 0.7381047558762368]
w_opt: [0.7423591540285385, 8.033376539748972e-9, 0.7423591540260522, 5.967425908979666e-9, 7.996479645931369e-9, 9.457649959562699e-10, 0.5349523839579244, 1.92587027685953e-10, 0.7381047556299517, 2.8564997880182604e-10, 0.7925932256852146, 2.558023659188227e-10, 7.974613848907315e-9, 1.1196290959428614e-10, 0.7925932257007318, 9.989316366186402e-11, 0.5306979817826508, 7.975059476625088e-9, 7.788194650753978e-9, 7.551692684292965e-9, 8.024680760844246e-9, 1.0007255610733158e-9, 1.3930262632369633e-10, 4.139301447246007e-10, 0.20740676424139962, 1.7288772237567619e-9, 0.2074067682958681, 0.7925932292775284, 3.178915676247697e-10, 0.7381047557533337, 2.418925267196819e-10, 0.20740676848444153, 2.705276339336108e-9, 1.9593173758527209e-10, 8.95700835081049e-11, 7.813600383011473e-11, 1.6101765807894566e-10, 7.97615672470776e-9, 1.6961468232777272e-9, 3.2626689538890876e-10, 8.38806133637533e-9, 8.54882668986013e-11, 1.1926517755540974e-10, 0.7381047555571112, 8.146763310008117e-9]
v_opt: [0.04301869986712214, 8.353058845421408e-9]
solution time: 0.00488591194152832
McCormick lower bound: -2.6410770876069956

