x_opt: [0.36225770400548657, 0.6377429927287516, 0.22390097825563404, 0.7760983489231221, 0.3622528210147834, 0.22390131631947904, 0.22390130853782722, 0.6377471345429481, 0.2239013099992209, 0.3622571112369932]
w_opt: [0.3622576951303584, 0.22390097238445308, 0.3622576941404221, 6.748907635745693e-7, 0.22390130500659922, 1.391735431398601e-7, 4.8547577529713636e-6, 9.17164816123814e-9, 0.36225700014437545, 1.6990257378369327e-8, 0.6377429811514211, 1.8078239949185364e-8, 0.22390130758994864, 5.618876165323539e-9, 0.6377429826683386, 6.104458835524e-9, 1.1492205995032356e-7, 0.22390096860092484, 0.22390095152324727, 0.2239008662112878, 0.22390096690850497, 5.915071808613431e-8, 8.657029654624644e-9, 2.0602710915261606e-8, 0.13835118789592263, 1.1580820788995087e-7, 0.22390124651802581, 0.6377471017235284, 3.9714914748024445e-8, 0.36225710130990507, 1.6877572693090807e-8, 0.22390126651517883, 1.4680192070365758e-8, 1.1695915008956034e-8, 9.020699040137561e-9, 7.116070029800695e-9, 1.0730114346727783e-8, 0.2239012799193375, 1.3868508664957807e-7, 2.937218906836562e-8, 0.22390127399217194, 6.19525756065565e-9, 1.4560452725653911e-8, 0.36225707709415983, 0.22390128426737124]
v_opt: [0.05013222090678949, 0.22390129727610952]
solution time: 0.005299091339111328
McCormick lower bound: -1.9539801878977863

