x_opt: [0.5258472264228653, 0.8988882419013159, 0.1011116807394508, 0.8988883195529825, 0.1011117572588276, 0.10111168063336952, 0.10111168085695489, 0.8988882427298309, 0.10111168063555155, 0.10111175816995209]
w_opt: [0.525847226395639, 0.10111168071923415, 0.5258472263910265, 1.0460675528672347e-8, 0.10111168059762896, 2.812331518651451e-10, 0.4247354691979339, 3.3866307961108885e-11, 0.10111175811330154, 7.328917698928253e-11, 0.8988882418701534, 4.515565830689403e-11, 0.10111168060255889, 1.9681893591843234e-11, 0.8988882418760569, 2.199375644920112e-11, 9.673911553586177e-11, 0.1011116807112603, 0.1011116806290411, 0.10111168051757641, 0.10111168070333838, 3.318813778561611e-10, 2.9128763716264556e-11, 7.23034572607256e-11, 7.686458932923857e-8, 7.117469978302676e-10, 0.10111168069807398, 0.8988882426548453, 2.8504822133971567e-10, 0.10111175813658194, 5.3182319100481214e-11, 0.10111168073296141, 4.855592261455383e-11, 3.710520934306479e-11, 2.3674713755734445e-11, 1.9913246667680143e-11, 3.7037236349815963e-11, 0.10111168057269906, 4.91949935707095e-10, 8.611451049249988e-11, 0.10111168058774975, 1.921989165176221e-11, 3.8098471243177716e-11, 0.1011117580744934, 0.10111168054181978]
v_opt: [0.010223649814556292, 0.10111168058971294]
solution time: 0.004322052001953125
McCormick lower bound: -2.614212475166658

