x_opt: [0.742987636089301, 0.7907412764758358, 4.480668996007711e-9, 0.9999999936775001, 0.20925872315817357, 4.173953748544783e-9, 0.20925871861323422, 0.7907412812409682, 4.557532103699588e-9, 0.7429876533676041]
w_opt: [0.7429876360194783, 4.424162318615777e-9, 0.7429876360404634, 3.30106038988366e-8, 4.107901982389088e-9, 6.780229281765346e-10, 0.5337289174848089, 8.262880967422363e-11, 0.7429876354559352, 1.663010973973503e-10, 0.7907412764224913, 2.1356061838918457e-10, 4.107978712478401e-9, 8.94153142499364e-11, 0.7907412764229836, 5.1584047515731765e-11, 0.5337289300049535, 4.401153743642584e-9, 4.337536570730277e-9, 3.941531161814702e-9, 4.435719251722509e-9, 4.4391537416590874e-10, 6.972681882337386e-11, 2.1098846786427045e-10, 0.20925871694946646, 2.043196105432345e-9, 0.20925871814402527, 0.7907412809532975, 1.5114531030647934e-10, 0.7429876533075342, 1.4335140243197672e-10, 0.2092587183035999, 4.551594271163076e-9, 1.1174397242821637e-10, 3.994842415990996e-11, 4.66584959277227e-11, 9.660616913854086e-11, 4.066539685000363e-9, 1.0137767596682417e-9, 1.505930657938319e-10, 4.4779434392918804e-9, 5.126561765831445e-11, 5.215713715253748e-11, 0.7429876532251347, 4.3374618079366054e-9]
v_opt: [0.04378921741815192, 4.4599222174822835e-9]
solution time: 0.007520914077758789
McCormick lower bound: -2.8170484680347396

