x_opt: [0.525772020647388, 0.898837793142698, 0.10116218381765625, 0.8989214410844443, 0.10116220417896887, 0.1011620634049952, 0.10116218789039537, 0.8988378098068083, 0.10116204852733371, 0.1011622058946803]
w_opt: [0.5257720167429993, 0.10116218115333409, 0.5257720173148455, 1.435518213035345e-7, 0.10116205868864431, 2.7450218124147813e-8, 0.42460983750262216, 3.608849485831666e-9, 0.10116219988676496, 1.5885596682226942e-8, 0.8988377902780156, 6.3085057072141036e-9, 0.10116206045485145, 2.6385110077483937e-9, 0.8988377901558839, 3.12203035584311e-9, 4.487461278091184e-9, 0.10116218152901538, 0.10116216729498305, 0.10116205828704736, 0.10116217931799927, 6.22201411268918e-8, 3.3631860302581293e-9, 8.333987661493377e-9, 8.36523029099966e-5, 8.354451054416235e-5, 0.10116217639333487, 0.8988378022032206, 8.349568994291253e-5, 0.1011622006980698, 6.730532214517796e-9, 0.1011621782069767, 1.7985864163697e-8, 4.078369585074344e-9, 2.463429577317945e-9, 2.637595237417214e-9, 5.464013659432721e-9, 0.10116204326552647, 5.434074221870289e-8, 1.7370057580298617e-8, 0.1011620449792194, 2.4984425236697243e-9, 4.41638622020685e-9, 0.10116219541181275, 0.10116204014773156]
v_opt: [0.010234684508160896, 0.10116204264330517]
solution time: 0.005171060562133789
McCormick lower bound: -5.356556682552941

