x_opt: [0.3622737882868612, 0.6377263997167679, 0.22388431850942353, 0.7761156508671182, 0.3622260651699701, 0.2238843818608057, 0.22388433040167896, 0.6377738621291511, 0.22388434634814477, 0.3622736710999535]
w_opt: [0.3622737794589998, 0.22388431266941314, 0.3622737799611437, 6.153414571551195e-7, 0.22388437362690894, 4.741691838722976e-7, 4.770669889152517e-5, 7.703967301132111e-9, 0.3622735499566688, 1.379686861532523e-8, 0.637726389724995, 1.5732067814092342e-8, 0.22388437453757248, 5.702919032870072e-9, 0.6377263914208636, 5.2922605725684995e-9, 9.44037819137541e-8, 0.22388430949869934, 0.22388430212607555, 0.22388425856334343, 0.22388430866168377, 3.9866373930998606e-8, 7.92884662544234e-9, 2.198430908447428e-8, 0.13834174835933963, 5.024086308458113e-7, 0.2238842032263449, 0.6377738231520649, 8.16875499459639e-8, 0.36227366185222515, 1.6865232779196494e-8, 0.2238842634701084, 2.3216557841455946e-8, 1.1055173802697239e-8, 9.32930448471763e-9, 7.532310649603997e-9, 7.326724108156871e-9, 0.2238843363426619, 3.1808320177010533e-7, 2.895752341304993e-8, 0.22388431292273556, 6.774436260394126e-9, 8.615734966460269e-9, 0.36227362322521833, 0.22388432850953685]
v_opt: [0.050124771612567405, 0.22388433424159582]
solution time: 0.005733013153076172
McCormick lower bound: -1.8344424958719519

