x_opt: [0.639837890830416, 0.7394724251123894, 0.06755058858570588, 0.9324494210690731, 0.26052754160522545, 0.06755058017586137, 0.2605266181056207, 0.739472459254242, 0.06755057920346055, 0.6398378759708919]
w_opt: [0.6398378902049123, 0.06755058815745354, 0.6398378903658895, 2.6320970491304214e-8, 0.06755057958199986, 4.910250506661085e-9, 0.3793103511566899, 5.593429039914082e-10, 0.6398378749665878, 1.2534273596631383e-9, 0.7394724245949738, 9.2279757649059e-10, 0.0675505796872637, 4.440962340983649e-10, 0.7394724246172981, 3.9715179058690194e-10, 0.37931030159901363, 0.06755058800068556, 0.06755058717079143, 0.0675505788418845, 0.06755058816546948, 4.333141691477833e-9, 5.528558449818257e-10, 1.3573533953642618e-9, 0.1929769635035177, 1.2347065731117146e-8, 0.260526615241688, 0.7394724578161587, 1.8622250463778226e-9, 0.6398378754015375, 9.723802719429377e-10, 0.26052661621238554, 1.8979268327164272e-9, 6.800254203488498e-10, 3.569213348075195e-10, 4.360094712933117e-10, 7.271469114945408e-10, 0.06755057837876241, 9.224127349757494e-9, 1.2869360632163284e-9, 0.0675505784879215, 4.0716060825627483e-10, 5.34896317141885e-10, 0.6398378745364636, 0.06755057764406307]
v_opt: [0.06787418838613984, 0.06755057834569858]
solution time: 0.005881071090698242
McCormick lower bound: -2.450519716172529

