x_opt: [0.33381901266215286, 0.7701809028931625, 0.2298190932361517, 0.9834295722557291, 0.22981909487704313, 0.22981896459814546, 0.22981909360835986, 0.7701809080686868, 0.22981895108055822, 0.22981909845304474]
w_opt: [0.33381901244794765, 0.22981909306771978, 0.333819012505987, 6.487588229105108e-8, 0.22981896433990848, 3.3429446227792416e-9, 0.10399992329076291, 1.670487628369123e-10, 0.22981909702749467, 1.1452895945336342e-9, 0.770180902755783, 2.752181638036427e-10, 0.22981896446262934, 1.506754585180966e-10, 0.770180902756277, 1.4922499120081574e-10, 1.6291991451711254e-9, 0.22981909311950133, 0.22981909212272875, 0.22981896436840932, 0.22981909296959493, 7.384531991917962e-9, 1.8245874366630227e-10, 4.6040699844356325e-10, 0.21324866743521914, 0.21324853877015165, 0.22981909278766832, 0.770180907713128, 0.21324852407555447, 0.22981909815610205, 4.119125909789528e-10, 0.22981909278752122, 3.1430921120845413e-9, 2.477761592435421e-10, 1.1568003281997543e-10, 1.495730583342302e-10, 4.191702141042599e-10, 0.22981895055754095, 1.0734397509068396e-8, 3.2114087791971614e-9, 0.22981895089863869, 1.3602009393874818e-10, 2.2352817847140136e-10, 0.22981909779431792, 0.22981895058187957]
v_opt: [0.05281701059185797, 0.22981895071286748]
solution time: 0.006303071975708008
McCormick lower bound: -5.2599810095149975

