x_opt: [0.5258474748263535, 0.8988879500971305, 0.10111151180849084, 0.8988884598712144, 0.10111160837513433, 0.10111145335372919, 0.10111152167936878, 0.8988883353188353, 0.10111144129604606, 0.10111231637641616]
w_opt: [0.5258474687792513, 0.10111150673811117, 0.5258474647869328, 3.139914734850459e-6, 0.10111144185235696, 9.678989545901218e-8, 0.4247358256417936, 1.4455230055445129e-8, 0.10111224879949327, 2.37999145822191e-8, 0.8988879413939456, 1.523679518957364e-8, 0.10111144139770181, 5.0095064173927674e-9, 0.8988879438335379, 6.59495082885622e-9, 2.7015733355970973e-7, 0.101111504179478, 0.10111140386381255, 0.1011114343540449, 0.10111149596122954, 4.5983608686436415e-7, 8.51576354114956e-9, 2.7226308203196918e-8, 1.125254165893478e-7, 1.1085884791266654e-7, 0.10111146561086555, 0.898888234571478, 1.0225366883711411e-8, 0.10111230663432143, 1.8014460590625082e-8, 0.10111135509262743, 2.6547148126716142e-9, 1.3740269563064979e-8, 9.552897120575567e-9, 4.385897373466879e-9, 1.6477116948295068e-8, 0.10111142562469248, 1.533848113951749e-7, 8.513877371170946e-8, 0.10111142691986241, 4.6219951011359275e-9, 3.221284667517303e-8, 0.10111228098394481, 0.1011114145419526]
v_opt: [0.010223611599384584, 0.10111143053803992]
solution time: 0.0052509307861328125
McCormick lower bound: -2.9464102061842183

