x_opt: [0.29617826512532897, 0.7449494744171385, 0.25505046886571303, 0.9999991720359459, 0.25505052664102146, 0.25504754024280696, 0.2550504714282298, 0.7449494762895923, 0.25504641562075603, 0.2550505240204634]
w_opt: [0.29617826449485435, 0.25505046850041, 0.29617826474594683, 2.291561998310057e-8, 0.2550475396751947, 4.179872734451403e-9, 0.041127742301953936, 4.1752627280242426e-10, 0.25505052332889866, 1.0415989027307778e-9, 0.7449494740455637, 1.732768523758679e-9, 0.2550475398924372, 3.031287843355492e-10, 0.7449494739454807, 3.754316612705256e-10, 3.410267782975549e-10, 0.25505046856113456, 0.2550504680064885, 0.25504753972854555, 0.2550504685273671, 5.375064918232896e-9, 4.4134440532163773e-10, 1.0219674246253525e-9, 0.25504969945537337, 0.25504671514981314, 0.25505047019403954, 0.744949475395918, 0.255045588353595, 0.25505052342204443, 8.616958821665274e-10, 0.2550504708612725, 3.4070573285785e-9, 5.128664710081846e-10, 3.093755728671858e-10, 4.2520420482072365e-10, 4.551467552402316e-10, 0.25504641505735715, 7.589722723115549e-9, 9.397105645159742e-10, 0.2550464151163946, 3.670302815982297e-10, 5.244707066548349e-10, 0.2550505226297185, 0.25504641459961347]
v_opt: [0.06505102100816815, 0.25504641480353246]
solution time: 0.005469083786010742
McCormick lower bound: -4.41065388355399

