x_opt: [0.5258475888254248, 0.8988885009901263, 0.10111146373640274, 0.8988885895162119, 0.10111143863488288, 0.1011114067988376, 0.10111146841064957, 0.8988885628483533, 0.10111140008306045, 0.10111185208140223]
w_opt: [0.5258475882836056, 0.10111146324197101, 0.525847588228315, 1.0405313252604851e-6, 0.10111140600091208, 1.2045931447477251e-8, 0.42473615423474703, 1.0799229749108765e-9, 0.10111184328749973, 9.813638914170494e-9, 0.8988885003881002, 3.4869869557666318e-9, 0.10111140592189716, 7.485736928077973e-10, 0.8988885006411601, 7.078085111409737e-10, 3.557200035123021e-7, 0.10111146318278445, 0.10111142346600223, 0.10111140450485902, 0.10111146130325245, 1.1384078565246239e-7, 7.961039512606747e-10, 4.249623622052113e-9, 4.086716029725625e-8, 2.1021943120084674e-8, 0.10111146110340524, 0.8988885236443498, 1.3287019394182844e-8, 0.10111185123482766, 1.9078919206130794e-9, 0.10111140666270414, 1.0520224962810317e-8, 1.493090186501866e-9, 7.748530645249597e-10, 3.7354257553250406e-10, 3.2475912819279043e-9, 0.10111139395707737, 2.3317553629753634e-8, 4.885467331859183e-8, 0.10111139915575759, 4.151818076205461e-10, 3.970380068933239e-9, 0.10111184925099538, 0.10111139946238222]
v_opt: [0.010223583246661807, 0.10111139902539916]
solution time: 0.005326986312866211
McCormick lower bound: -4.16286872247607

