x_opt: [0.3622731290280599, 0.6377710133556803, 0.22388995162597602, 0.7761102076962603, 0.36222796234859117, 0.22388993538177013, 0.22388994646234106, 0.6377722228726562, 0.2238898467565128, 0.3622292120788291]
w_opt: [0.36227311441721816, 0.2238899445256411, 0.36227311936802736, 3.5643826299530058e-6, 0.22388992458231866, 2.601285339080347e-7, 4.54322027246702e-5, 9.849131566943573e-9, 0.3622291815295921, 1.3448344282875301e-8, 0.6377710028234642, 1.062895807856614e-8, 0.2238899270023476, 6.674559216129e-9, 0.6377710095924387, 6.825231641872549e-9, 2.3605179502758522e-7, 0.22388994273875198, 0.2238899402493298, 0.2238899141772977, 0.2238899395283483, 3.827319569934188e-8, 9.34062190562258e-9, 2.811460383204155e-8, 0.1383382011272589, 2.0303531835861576e-7, 0.22388985879882564, 0.6377721364087147, 2.6766170541720427e-7, 0.36222919937706016, 2.2155512710464985e-8, 0.22388983480365462, 1.9287332228065387e-7, 1.399107570477423e-8, 1.1658558312635225e-8, 7.610618051196675e-9, 1.0139111000780966e-8, 0.2238898133472649, 2.370203304068139e-7, 1.3422835353513124e-7, 0.2238898322550843, 7.017424436749337e-9, 1.0859305028444325e-8, 0.36222916993080456, 0.22388982795525073]
v_opt: [0.05012678035564064, 0.22388983209875318]
solution time: 0.0048868656158447266
McCormick lower bound: -2.580061263651355

