x_opt: [0.7429875514830936, 0.790741244340931, 5.9184876653730695e-8, 0.9999999416249281, 0.2092587555268615, 5.818338859076992e-8, 0.20925875566614544, 0.790741244463971, 5.810353675884338e-8, 0.7429875515630142]
w_opt: [0.7429875514532895, 5.916675414531665e-8, 0.7429875514663453, 1.6776373650389107e-9, 5.816098989888023e-8, 2.245382096882557e-10, 0.5337287959953898, 1.940730221487453e-11, 0.7429875514433789, 4.8951999246422475e-11, 0.7907412443207498, 4.452230620680895e-11, 5.8166444713211445e-8, 2.125247329655188e-11, 0.7907412443178196, 1.5312128642917766e-11, 0.5337287959284424, 5.9161047300899185e-8, 5.913375359800773e-8, 5.813058295030797e-8, 5.9169629899533794e-8, 1.6353258400112977e-10, 2.157217604855961e-11, 5.0175659701866766e-11, 0.20925869718385334, 5.040140269853185e-10, 0.20925875554764506, 0.7907412444059355, 3.894553234923254e-11, 0.7429875515407862, 3.7537271357458284e-11, 0.20925875549171216, 4.8363402679534005e-11, 2.5518750729767838e-11, 1.2966498480086984e-11, 2.0721566442352507e-11, 3.050432988239219e-11, 5.807289788114356e-8, 4.0601925104246014e-10, 1.3271662851923298e-10, 5.807110562022381e-8, 1.786476951791679e-11, 1.9716964309022983e-11, 0.7429875515089484, 5.804099090775584e-8]
v_opt: [0.04378923081358079, 5.8067415365023326e-8]
solution time: 0.004734039306640625
McCormick lower bound: -2.3486019151617916

