x_opt: [0.31938075674239735, 0.6806780268611676, 0.31932099479404435, 0.950640370453387, 0.3193219540894677, 0.3193205580907544, 0.3193210011739493, 0.6806780494577197, 0.04936445740622939, 0.3193219776420618]
w_opt: [0.3193807524489675, 0.3193209923716178, 0.31938075408647004, 1.3999040934230314e-7, 0.31932055437812407, 2.9400499927678526e-8, 5.8812857481248216e-5, 2.673161260457392e-9, 0.3193219744721803, 8.471663713290885e-9, 0.6806780241191591, 4.84104493084933e-9, 0.3193205558020658, 2.2068414196308557e-9, 0.6806780236178822, 2.387316305689699e-9, 8.122993762284866e-9, 0.31932099246631124, 0.31932098616835847, 0.3193205529503507, 0.31932099116605983, 1.8270578571934377e-8, 2.9150504179995356e-9, 6.587610594226932e-9, 0.269962330190512, 0.2699609674119247, 0.31932098957664506, 0.6806780420049677, 4.832429249062412e-6, 0.31932197354341907, 5.5206217897631854e-9, 0.3193209942367082, 7.751425841932122e-9, 3.36518643154451e-9, 2.017357901092736e-9, 2.944830733310267e-9, 5.129691604060856e-9, 0.04936445376131689, 4.951297932703675e-8, 7.751191970525407e-9, 0.04936445366764028, 2.465710448896688e-9, 3.454850752046274e-9, 0.3193219685929416, 0.049364449956637885]
v_opt: [0.10196770464534308, 0.049364452081700316]
solution time: 0.007349967956542969
McCormick lower bound: -3.5351223252901365

