x_opt: [0.5258421254866025, 0.8988806585311899, 0.10111927579264976, 0.8988875811667156, 0.1011193327489448, 0.10111409091940518, 0.10111933747430682, 0.8988807774851199, 0.10111408978278506, 0.10111933333783074]
w_opt: [0.5258421208575476, 0.10111927234915889, 0.5258421213026502, 2.712555358175175e-6, 0.101114085102676, 4.774298457911267e-8, 0.4247229149048221, 5.266772383289645e-9, 0.1011193164704691, 2.7189706355554004e-8, 0.8988806550835444, 1.5450931583576993e-8, 0.10111408672598995, 6.3913039390170805e-9, 0.8988806552830939, 3.974233991138985e-9, 5.591333011226367e-9, 0.1011192727272451, 0.10111924352272161, 0.10111408467762487, 0.10111927177145874, 2.5803783467052624e-7, 4.523923894979863e-9, 1.3866377195485348e-8, 6.922176384550655e-6, 1.6821942720192363e-6, 0.10111931811683136, 0.8988807674571382, 1.6929190556087945e-6, 0.10111932695881018, 9.42930611427202e-9, 0.10111930462986703, 1.1514050975961433e-7, 5.8105206363722045e-9, 3.0316899916908027e-9, 3.090323250827225e-9, 6.9606352741124925e-9, 0.10111407672895749, 3.481952821608278e-7, 1.3789929960224983e-7, 0.10111408559443226, 3.12289345680556e-9, 5.06495005052761e-9, 0.1011193185098245, 0.10111407915718901]
v_opt: [0.010225713243568755, 0.10111408210815546]
solution time: 0.007392168045043945
McCormick lower bound: -5.349567710472845

