x_opt: [0.5258473365939593, 0.8988883961139728, 0.10111159919194977, 0.898888400454776, 0.1011115995521458, 0.10111159871385648, 0.1011115992800779, 0.89888840057118, 0.10111159862992146, 0.10111162870934881]
w_opt: [0.52584733641297, 0.10111159904363072, 0.5258473363844275, 2.5065957887489832e-8, 0.10111159846983256, 1.4916311059791569e-9, 0.4247357374945374, 2.872510550343562e-10, 0.10111162823430063, 6.866390280622269e-10, 0.898888395931461, 3.0677992779978513e-10, 0.10111159848166691, 1.5372332734505785e-10, 0.8988883959701898, 1.7807768290764602e-10, 2.4954524519788936e-8, 0.10111159901623235, 0.10111159789052658, 0.10111159808024951, 0.10111159881171236, 6.815867364638942e-9, 2.1151380544943547e-10, 6.298066311774507e-10, 6.492326541018864e-10, 3.287722947478634e-9, 0.1011115983385809, 0.8988883997360998, 7.539858517461362e-10, 0.10111162848352898, 4.016162681718645e-10, 0.10111159804911439, 6.086912232555971e-10, 2.889335014825728e-10, 1.4529167523536156e-10, 1.2157970497902119e-10, 3.427620827952227e-10, 0.10111159822887751, 3.753313761472685e-9, 1.3886230739433515e-9, 0.1011115983744889, 1.3068565041902276e-10, 2.525965108195566e-10, 0.1011116281656086, 0.10111159809397702]
v_opt: [0.010223763638416003, 0.1011115983273411]
solution time: 0.0051610469818115234
McCormick lower bound: -3.627765297779504

