x_opt: [0.3522963455363821, 0.6477038883724535, 0.3522961058830554, 0.8840852581364718, 0.352296109894577, 0.22448142261666312, 0.3522961071362339, 0.6477038916266432, 0.11591474261202014, 0.35229633694029433]
w_opt: [0.35229634510320806, 0.3522961056093672, 0.3522963453009257, 1.3547207568522233e-8, 0.22448142227445878, 2.513207031774483e-9, 2.3793867674525091e-7, 2.891354320949903e-10, 0.3522963364461382, 1.0275276147302228e-9, 0.6477038881307736, 4.895072530210049e-10, 0.2244814223809266, 2.900376850441604e-10, 0.6477038881006189, 2.5045103737089496e-10, 2.2562392562461763e-7, 0.3522961056256205, 0.35229610493249525, 0.22448142211604868, 0.35229610562993197, 4.656851248279079e-9, 3.0888822790172437e-10, 7.652742639390974e-10, 0.23638136853884953, 0.10856668479519575, 0.35229610587526117, 0.6477038908581192, 1.4600113602536918e-9, 0.3522963365775992, 5.716580040516723e-10, 0.35229610617458057, 1.9441737523309047e-9, 3.6665567994181125e-10, 1.7807829744628802e-10, 2.8049725697307437e-10, 5.0015125294055e-10, 0.11591474225167687, 5.955950551068058e-9, 9.890062046658325e-10, 0.11591474222507163, 2.56131829810886e-10, 2.8029687826847426e-10, 0.3522963361933018, 0.11591474180632945]
v_opt: [0.12411258301687833, 0.11591474205294378]
solution time: 0.004706144332885742
McCormick lower bound: -3.6119260240768503

