x_opt: [0.7060698745293844, 0.8995253237286152, 5.08205597326479e-7, 0.9999994583187217, 0.10047457233153603, 5.110875610423628e-7, 0.10047451202145523, 0.8995254591752117, 5.274534870771472e-7, 0.4561635413761676]
w_opt: [0.7060698700893063, 5.044317388726942e-7, 0.7060698698202286, 2.3683318479334386e-7, 5.055374247670382e-7, 3.799442742013311e-8, 0.6055953422564088, 7.510095266392834e-9, 0.4561635312857556, 1.1142674767785171e-8, 0.8995253190001367, 9.601362594495524e-9, 5.046871273856846e-7, 4.204951211507632e-9, 0.8995253197664581, 3.8697545543010625e-9, 0.3556888691803461, 5.020021904493223e-7, 4.943722292249675e-7, 4.863724309975967e-7, 5.039153926660918e-7, 4.0508559984380713e-8, 5.470559519060862e-9, 1.6021349240161135e-8, 0.10047403786665794, 7.063093315884164e-8, 0.10047448283375567, 0.8995254464479658, 1.2136996550584978e-8, 0.4561635365340731, 9.484356779495598e-9, 0.10047448729011876, 4.081789498568758e-8, 7.627537552713015e-9, 3.611754264101353e-9, 3.0689331775821326e-9, 6.217557908710701e-9, 5.048902481692442e-7, 7.214242928910863e-8, 1.4464914523947499e-8, 5.217179451365525e-7, 3.3136623126584597e-9, 4.852311661795219e-9, 0.45616352860541953, 5.121615984393871e-7]
v_opt: [0.010096480358648253, 5.202986019855332e-7]
solution time: 0.0049898624420166016
McCormick lower bound: -2.553661281571956

