x_opt: [0.2757424278813323, 0.7242575732560019, 0.26935204303843113, 0.99999984815666, 0.2757424265631098, 0.2693520420672699, 0.269352043130188, 0.7242575735202265, 0.2693520413464406, 0.275742426555759]
w_opt: [0.2757424277641431, 0.2693520429769195, 0.2757424277940827, 4.383901788868789e-9, 0.2693520419525882, 1.0741241085085602e-9, 1.5901775195535025e-9, 7.069099691532624e-11, 0.2757424264001989, 2.1858713460475276e-10, 0.7242575731636137, 1.693367169040855e-10, 0.2693520420011348, 5.166784372056987e-11, 0.724257573131251, 6.225584549960111e-11, 9.526961903909839e-11, 0.26935204297420934, 0.26935204276459546, 0.26935204188114564, 0.26935204292500087, 6.24271192811989e-10, 7.816367389754857e-11, 1.6253598423312162e-10, 0.2757422748887091, 0.26935189119542235, 0.2693520428261355, 0.7242575733130753, 0.26935188964918166, 0.27574242642989644, 1.4893680114044872e-10, 0.26935204292031223, 1.976227811489923e-10, 8.836537587224536e-11, 6.810301928186704e-11, 8.668340170541709e-11, 1.1353274927806754e-10, 0.2693520412266737, 1.1779597874656555e-9, 2.685323613104984e-10, 0.26935204122195744, 6.62577004871087e-11, 1.30090243449316e-10, 0.2757424262186594, 0.26935204114318057]
v_opt: [0.07255053590170811, 0.26935204120374784]
solution time: 0.006624937057495117
McCormick lower bound: -3.0008832574422497

