x_opt: [0.5258472499765685, 0.89888833271856, 0.10111166511229236, 0.8988884099585608, 0.10111166641406456, 0.10111165615684024, 0.10111166506369172, 0.8988883338690712, 0.10111165540441094, 0.1011116674551569]
w_opt: [0.5258472498250174, 0.10111166500151916, 0.5258472498243139, 2.0203295405656384e-8, 0.10111165595080396, 1.4743492050619377e-9, 0.4247355843295065, 1.6004894071809153e-10, 0.10111166719403913, 6.519359701412392e-10, 0.898888332588045, 2.166655203276381e-10, 0.1011116560227852, 9.772532757576845e-11, 0.8988883325890978, 1.3866725240924072e-10, 3.344760501871135e-10, 0.10111166501015353, 0.10111166414430688, 0.1011116558955734, 0.10111166481401863, 3.2809986988413377e-9, 1.4458068015082114e-10, 3.6226670022422965e-10, 7.668233758579722e-8, 6.928556904696795e-8, 0.10111166452330474, 0.898888333528701, 6.581915816485686e-8, 0.10111166723684213, 2.9354024634383427e-10, 0.10111166452603901, 4.994457875921815e-10, 1.8030025889867292e-10, 1.1319100306148355e-10, 1.0610009634136434e-10, 2.688345984562138e-10, 0.10111165517196091, 3.5254777603059684e-9, 7.943711268504195e-10, 0.10111165524137072, 1.0157929055816898e-10, 2.505147546791358e-10, 0.10111166696155996, 0.10111165494409037]
v_opt: [0.010223619894574312, 0.10111165516614666]
solution time: 0.00701594352722168
McCormick lower bound: -4.698132065212734

