x_opt: [0.36333864960430284, 0.6366615988652173, 0.23732078737162102, 0.7817414411836311, 0.3633382520086265, 0.21827107817360486, 0.237320831326263, 0.6366618922864297, 0.218270987519921, 0.363338459095799]
w_opt: [0.3633386268611875, 0.23732077960522746, 0.3633386418253535, 1.5944069733118167e-6, 0.21827106021730108, 2.0808760520978889e-7, 6.549520138331035e-7, 7.44520453013888e-9, 0.36333841066694433, 2.582787378682259e-8, 0.6366615893442812, 2.596168953219566e-8, 0.2182710716500772, 7.570416975200912e-9, 0.6366615882863292, 6.030061437430973e-9, 7.06111716865258e-8, 0.2373207808362042, 0.23732076515012682, 0.21827105189966273, 0.23732077967308388, 1.484265361998706e-7, 8.910349485545041e-9, 2.5600090557677228e-8, 0.1450797200966875, 1.2652038573628002e-5, 0.2373207628670718, 0.636661858195365, 1.2484101948090104e-5, 0.36333844440323687, 2.6982902331293948e-8, 0.2373207757679969, 1.599872301707015e-7, 1.4104885465868584e-8, 6.472740103416983e-9, 7.506802974772641e-9, 1.757317229434642e-8, 0.21827094119252982, 2.394942079071035e-7, 1.1517906559073152e-7, 0.2182709771432617, 6.197492392886979e-9, 1.8770312885936028e-8, 0.36333842796431104, 0.2182709524210052]
v_opt: [0.05632136909721257, 0.21827097104798882]
solution time: 0.004225015640258789
McCormick lower bound: -3.0005879421194805

