x_opt: [0.5258472650856063, 0.89888833059618, 0.10111165618793992, 0.8988884029650748, 0.10111166230631898, 0.10111165193410693, 0.10111165718379157, 0.8988883414788547, 0.10111163383864798, 0.10111167307510419]
w_opt: [0.5258472636511, 0.1011116551923741, 0.5258472638607516, 1.7457126499141304e-7, 0.1011116502766151, 1.0853289974985758e-8, 0.42473560916866504, 1.3895688292335185e-9, 0.10111167086401908, 7.215369858743777e-9, 0.898888329548731, 2.1307280442881172e-9, 0.10111165081632927, 1.118447497136237e-9, 0.8988883295728036, 1.168612709210007e-9, 5.103331633562088e-9, 0.10111165529929933, 0.10111164792914219, 0.10111164985420495, 0.10111165446465865, 3.857256691980022e-8, 1.2725036693742862e-9, 3.3093945589025207e-9, 6.797208887126105e-8, 8.05594043891924e-8, 0.10111165219440656, 0.8988883384395421, 3.907877287802233e-8, 0.1011116712665378, 2.5418787713605107e-9, 0.10111165059953564, 5.502228554665204e-9, 1.5920557896261094e-9, 8.645643131788813e-10, 9.406107889091954e-10, 2.20018925955091e-9, 0.10111163212336959, 2.6405631736818572e-8, 1.6318380210591267e-8, 0.10111163250212489, 9.176593699756112e-10, 1.5272438608913318e-9, 0.10111166939324444, 0.10111163053715985]
v_opt: [0.010225925090918199, 0.10111163164540993]
solution time: 0.005156040191650391
McCormick lower bound: -5.027434369496518

