x_opt: [0.31935285743074554, 0.6806475504863048, 0.3193524072986339, 0.9506480109039661, 0.31935241772891365, 0.3193522897465044, 0.31935240946867377, 0.6806475828384935, 0.049351999993152124, 0.31935273080432436]
w_opt: [0.3193528559122426, 0.3193524063846834, 0.31935285663498675, 3.077697067498963e-8, 0.31935228849721103, 8.660886702524055e-9, 4.440682324585638e-7, 9.020307186017686e-10, 0.3193527281974841, 3.169396552459135e-9, 0.6806475496284691, 1.6178996441078075e-9, 0.3193522889945326, 8.751870697238442e-10, 0.6806475495410271, 8.006411621882704e-10, 2.8227688788648133e-7, 0.3193524064604503, 0.31935240403673154, 0.3193522879296749, 0.319352406367231, 1.5392333074441835e-8, 1.0089023929088664e-9, 2.277920607009952e-9, 0.2700004303671629, 0.2700004400453444, 0.31935240528656594, 0.6806475802846594, 1.4071269800922026e-8, 0.3193527295521907, 1.9040840587293093e-9, 0.31935240645623086, 2.2782077348216475e-9, 1.1894541360011625e-9, 6.03518485396838e-10, 1.0045327054753695e-9, 1.928231996383259e-9, 0.04935199874482446, 2.135272496986135e-8, 3.0931727639192705e-9, 0.04935199864885117, 8.626522250929714e-10, 9.867898313429487e-10, 0.31935272834254497, 0.04935199737276085]
v_opt: [0.10198714180796264, 0.04935199810344746]
solution time: 0.005291938781738281
McCormick lower bound: -3.389344206818793

