x_opt: [0.5000000578839021, 0.5000000580558485, 8.489168842200213e-8, 0.8366930178697841, 0.19258232756179094, 0.1633069632923982, 0.1925346480052979, 0.8074176690196776, 0.16330696321538196, 0.500000057204014]
w_opt: [0.5000000566663424, 8.444090578865886e-8, 0.5000000573543325, 3.6510966376213665e-8, 0.16330696267112343, 7.694664651533947e-9, 0.30741772802726897, 5.57899236665957e-10, 0.5000000559567953, 1.112661405707003e-9, 0.5000000573030391, 1.6032821820624744e-9, 0.1633069627583013, 4.862585140595325e-10, 0.5000000573062859, 3.8094509902206665e-10, 1.1596256778967239e-7, 8.390776014427718e-8, 8.348267719806158e-8, 8.278831598985323e-8, 8.44181253340342e-8, 3.776564818853036e-9, 6.00982792154451e-10, 1.311992298951626e-9, 0.029275346275328195, 4.163655811811578e-8, 0.19253464316855817, 0.8074176671436039, 1.2262737309069254e-9, 0.5000000566047246, 9.976670417267585e-10, 0.19253464602522952, 9.495722916211166e-10, 7.224508427281828e-10, 4.2565305781271366e-10, 5.577738163128369e-10, 7.176425403818925e-10, 0.16330696208905285, 9.43371925416779e-9, 1.196956660506333e-9, 0.16330696216368384, 4.665161722480125e-10, 6.266478221540539e-10, 0.5000000554206024, 0.16330696125791372]
v_opt: [0.03707231062197129, 0.163306962323378]
solution time: 0.00547480583190918
McCormick lower bound: -1.54221147605357

