x_opt: [0.5000000046968407, 0.5000000046401423, 5.487311720276609e-6, 0.8490468607302444, 0.17709036195912417, 0.1509531394610003, 0.15095313868573923, 0.8229096375429404, 0.15095313930328486, 0.49999999608877876]
w_opt: [0.5000000044642814, 5.4872231774950495e-6, 0.5000000045266556, 2.8566652425070543e-8, 0.1509531393026674, 1.7606902132922652e-9, 0.32290964240642206, 1.5732616939998264e-10, 0.49999999596449585, 2.5683744923145215e-10, 0.5000000044611391, 2.9847234819607917e-10, 0.15095313930134233, 8.52468599647509e-11, 0.5000000045049267, 8.71429328297433e-11, 8.728159543619226e-10, 5.487115495752729e-6, 5.486867046245749e-6, 5.486846889498709e-6, 5.487171802688704e-6, 1.0031377128926471e-9, 1.397018703491642e-10, 3.3372593993258597e-10, 0.026137222882225888, 2.485581742129798e-9, 0.15095313762332144, 0.8229096371881637, 3.853914705657942e-10, 0.49999999595495187, 2.3079118705231078e-10, 0.15095313800058857, 2.1172029498254477e-10, 1.7418645112781393e-10, 1.2404798430117447e-10, 9.13583043931139e-11, 1.4054214423981187e-10, 0.15095313915569558, 1.96582539849915e-9, 3.4848311621972573e-10, 0.1509531385921562, 8.556504377072389e-11, 1.7885391306604162e-10, 0.4999999956195313, 0.15095313888412024]
v_opt: [0.022787004115437878, 0.15095313911666178]
solution time: 0.006376981735229492
McCormick lower bound: -1.7080589822744066

