x_opt: [0.39679332598088934, 0.6658864378521674, 0.3341135521832277, 0.8481112878392788, 0.3341135621139284, 0.15188871360725445, 0.3341135521985474, 0.6658864379038262, 0.1518887130053827, 0.33411356215510407]
w_opt: [0.3967933259691647, 0.33411355217638805, 0.39679332597329264, 3.9990541847806004e-10, 0.15188871359685585, 8.486896854983048e-11, 0.06267976390329003, 7.68035378583922e-12, 0.33411356213738574, 2.3276057660664336e-11, 0.6658864378441467, 1.5240977294596477e-11, 0.1518887136005942, 6.267736374639101e-12, 0.6658864378428532, 6.592983416006239e-12, 2.0028022797059803e-11, 0.33411355217622646, 0.3341135521584131, 0.15188871359217596, 0.33411355217464755, 7.205070344753348e-11, 8.29845800226269e-12, 1.875473337122333e-11, 0.18222484996868946, 1.5657740384447638e-9, 0.33411355217343974, 0.6658864378822955, 8.595447880871396e-10, 0.3341135621439926, 1.549376225157706e-11, 0.33411355218560523, 2.989054511058664e-11, 9.641286318814392e-12, 5.7978798704384805e-12, 8.162665562252325e-12, 1.2495435453268238e-11, 0.15188871299515302, 1.3892742508779784e-10, 2.270121136150139e-11, 0.15188871299454756, 6.881741029801169e-12, 9.761656843514069e-12, 0.3341135621293804, 0.15188871298372925]
v_opt: [0.11163187142514744, 0.15188871299069284]
solution time: 0.006273984909057617
McCormick lower bound: -3.1679615595030204

