x_opt: [0.5258407566602596, 0.8988765429725414, 0.1011234568942467, 0.8988858061427296, 0.10112345701011091, 0.10111419407896485, 0.1011234569404044, 0.8988765430669953, 0.10111419399522106, 0.10112345705052889]
w_opt: [0.5258407566509559, 0.10112345688377412, 0.5258407566531444, 5.310159020679681e-10, 0.10111419406374725, 9.55540344882664e-11, 0.4247172997599552, 1.3460178169591216e-11, 0.10112345702944414, 5.0250632642361074e-11, 0.8988765429626018, 2.272852060477202e-11, 0.10111419406816206, 1.1107637243354236e-11, 0.898876542962222, 1.0943333989434308e-11, 3.698870205301709e-11, 0.10112345688466984, 0.10112345684563331, 0.1011141940598589, 0.10112345688227924, 2.3258045752432827e-10, 1.2776742163037997e-11, 3.329059349205001e-11, 9.26317480688481e-6, 4.499728541283686e-10, 0.10112345689083388, 0.8988765430380491, 1.6239568393094504e-10, 0.10112345703421895, 2.449392413861195e-11, 0.10112345689912752, 9.305968194437479e-11, 1.5706628387066277e-11, 7.990706953217266e-12, 9.788810706246908e-12, 1.9721803036273315e-11, 0.1011141939785804, 2.2647079990778858e-10, 6.101198808627997e-11, 0.10111419398230541, 9.547530240272178e-12, 1.270382550411669e-11, 0.10112345701796008, 0.10111419396423584]
v_opt: [0.010226193282401073, 0.10111419397438025]
solution time: 0.006242036819458008
McCormick lower bound: -4.390580720154644

