x_opt: [0.36225568437556527, 0.6377443146897509, 0.22390311267879046, 0.7760968874178981, 0.362255685235736, 0.22390311275915661, 0.22390311271275692, 0.6377443147515225, 0.22390311269368524, 0.36225568514104844]
w_opt: [0.3622556843502825, 0.22390311266659166, 0.3622556843616826, 2.4751549645857183e-9, 0.22390311272939714, 6.585758123264336e-10, 2.5593252682925817e-10, 1.0823688877100113e-11, 0.3622556841701182, 3.225150367034827e-11, 0.6377443146703169, 1.1221223842600642e-10, 0.2239031127497101, 6.506200611834314e-12, 0.637744314614126, 7.105652866511124e-12, 1.5997879726667693e-11, 0.22390311266721888, 0.2239031126455751, 0.2239031126083204, 0.22390311266552204, 8.479814173242055e-11, 1.0732620418885618e-11, 3.1906263221827575e-11, 0.13835257268380774, 4.594038640756708e-10, 0.22390311256349302, 0.6377443147231404, 2.0149348009478506e-10, 0.3622556851215857, 3.833954285498422e-11, 0.22390311266394863, 7.011633996650414e-11, 1.739659675102327e-11, 3.0061031044135234e-11, 1.4252732070016163e-11, 1.3953995520756983e-11, 0.2239031126662044, 2.836293101138848e-10, 4.739416279165278e-11, 0.22390311266773225, 8.49707394679396e-12, 2.3769431351250357e-11, 0.3622556849727514, 0.22390311265217572]
v_opt: [0.0501326046555265, 0.22390311267649157]
solution time: 0.00556182861328125
McCormick lower bound: -1.8149888048233493

