x_opt: [0.5258473231801029, 0.898888383721916, 0.10111160788451631, 0.898888391749822, 0.10111160785359255, 0.10111160733455486, 0.10111160761392257, 0.8988883916871852, 0.10111160741338879, 0.10111162292741739]
w_opt: [0.5258473230858729, 0.10111160780982921, 0.5258473230251356, 3.315085859953097e-8, 0.10111160716336129, 1.33624667438807e-9, 0.42473571511726477, 2.334886367186464e-10, 0.10111162119421525, 3.746548602039429e-10, 0.8988883835903471, 2.1225194014581615e-10, 0.10111160712388885, 7.124291936000254e-11, 0.8988883836397158, 1.0016460674723989e-10, 6.7067787882159295e-9, 0.10111160777024135, 0.10111160582017056, 0.10111160700131917, 0.10111160757947679, 6.8058342787251595e-9, 1.3139496562073907e-10, 4.790856623985363e-10, 4.251663163167635e-10, 2.1835045080812675e-9, 0.1011116067376769, 0.8988883898495664, 5.232131710902023e-10, 0.10111162279359313, 2.5392341903690226e-10, 0.10111160650581083, 2.1762100761510147e-10, 2.1604100576910492e-10, 1.775125918387616e-10, 6.028027188450012e-11, 2.2707828513430985e-10, 0.10111160707653112, 1.8157854954901954e-9, 1.0654681525724915e-9, 0.10111160721420016, 6.594881914409335e-11, 3.804520887599002e-10, 0.10111162246665513, 0.10111160705911511]
v_opt: [0.010223652670125524, 0.10111160725439916]
solution time: 0.0047550201416015625
McCormick lower bound: -3.0808939354847884

