x_opt: [0.3622555076950116, 0.6377444832283109, 0.22390322132142865, 0.7760973440360935, 0.3622555146630489, 0.2239032168957842, 0.22390322261831855, 0.6377444873674525, 0.22390317275301688, 0.36225550874544143]
w_opt: [0.3622555075460072, 0.2239032210107515, 0.3622555072263671, 2.5053289922263794e-7, 0.2239032161946509, 7.266519076032038e-8, 2.2107049962728456e-8, 3.3788505757549545e-10, 0.3622554835080428, 1.6554381881122115e-9, 0.6377444830837142, 2.044730040687495e-9, 0.22390321658031595, 2.3268706138425169e-10, 0.6377444830265808, 2.7724307806166254e-10, 5.70275707706092e-10, 0.22390322098897217, 0.22390321981054048, 0.223903216586362, 0.22390322070218122, 6.5297589813433504e-9, 4.2574853564041263e-10, 1.1534241337257368e-9, 0.13835285886199586, 5.780897114132861e-7, 0.22390321745028238, 0.6377444866300307, 5.203980368468756e-7, 0.3622555078441985, 1.0062411236478016e-9, 0.2239032198185643, 3.934082937667081e-9, 6.866362005890035e-10, 3.4110518757094624e-10, 5.289763601318434e-10, 3.6573665172077327e-10, 0.22390317037445187, 3.573951341976095e-8, 3.587070639706089e-9, 0.22390317251157757, 3.436552573033693e-10, 5.643157733397925e-10, 0.36225550396135475, 0.22390317203505158]
v_opt: [0.050132661188896845, 0.22390317181806987]
solution time: 0.0049440860748291016
McCormick lower bound: -2.58911302524992

