x_opt: [0.5258457311304885, 0.8988873027878916, 0.10111268626476783, 0.8988890880713835, 0.10111268467579715, 0.10111267979078167, 0.1011126855671829, 0.898887319718341, 0.10111265559606589, 0.10111270068816407]
w_opt: [0.5258457287272797, 0.10111268458760736, 0.5258457288099864, 8.701829209285569e-7, 0.10111267662689578, 2.635307574993386e-8, 0.4247330555536321, 2.4280551513047224e-9, 0.10111269604406081, 1.2629559497814726e-8, 0.8988873007714884, 3.397803162399511e-9, 0.10111267776583234, 1.6416603212310115e-9, 0.8988873008154423, 2.0482211903222157e-9, 6.048885984489252e-9, 0.10111268472161933, 0.10111266809762978, 0.10111267566325786, 0.10111268219354107, 7.536515934005883e-8, 2.229884866080068e-9, 5.781272468798985e-9, 1.7779851215844115e-6, 1.8074485245737014e-6, 0.10111267646965531, 0.8988873140053679, 1.7489934147292595e-6, 0.10111269712806195, 4.601392979598932e-9, 0.10111267311956698, 7.318564433806621e-9, 2.8011067899154514e-9, 1.7171282379456592e-9, 1.6809609419137605e-9, 4.255922862467188e-9, 0.10111265187472097, 6.89973186669439e-8, 2.161303806295276e-8, 0.10111265318175361, 1.5825632077590614e-9, 3.3996343424436546e-9, 0.10111269260158243, 0.10111264958023108]
v_opt: [0.010225288981104051, 0.10111265178556472]
solution time: 0.0056400299072265625
McCormick lower bound: -4.94329434709052

