x_opt: [0.52584735105757, 0.898888407775541, 0.10111159037255753, 0.8988884122750844, 0.10111159037167275, 0.10111158873506106, 0.10111159033104931, 0.898888409637154, 0.10111158829609569, 0.1011116392095462]
w_opt: [0.5258473510034821, 0.10111159032488881, 0.5258473510056434, 1.8581893159316292e-8, 0.101111588664808, 4.934547304909106e-10, 0.42473576086034986, 7.762572984684428e-11, 0.10111163910263615, 2.929526816478975e-10, 0.8988884077291849, 7.516149099182367e-11, 0.10111158867597318, 5.093204336699147e-11, 0.8988884077360373, 5.7021657479881175e-11, 4.702160364762217e-8, 0.1011115903270717, 0.1011115898362504, 0.10111158862600364, 0.10111159028353474, 2.718007730262981e-9, 6.285104148375039e-11, 2.0028497391283113e-10, 2.7731664080838123e-9, 3.744764553236634e-9, 0.10111159001287877, 0.8988884094601215, 9.452968667327114e-10, 0.10111163913862459, 1.2561648202489126e-10, 0.10111158991446574, 1.1914601542541907e-10, 9.0926599143928e-11, 3.7386924907686917e-11, 3.698868877397983e-11, 1.1012589108028093e-10, 0.10111158820161356, 2.8764201324047164e-9, 9.431215283059365e-10, 0.10111158823314234, 3.895130754715347e-11, 6.5464598540162e-11, 0.10111163906077313, 0.10111158814099457]
v_opt: [0.010223589109963113, 0.10111158819669655]
solution time: 0.00491786003112793
McCormick lower bound: -4.598577382487393

