x_opt: [0.5918331970078723, 0.7376793401305783, 0.2623206593261172, 0.9999999478203905, 0.2623206597527718, 5.4635859928969864e-8, 0.2623206597211356, 0.7376793403276769, 5.215591599455751e-8, 0.5918331969138527]
w_opt: [0.5918331969794154, 0.26232065930896215, 0.5918331969933395, 8.201456897590195e-10, 5.4614994798593086e-8, 1.6471666049214252e-10, 0.329512537395252, 1.7484648461751006e-11, 0.5918331968616234, 6.197558628323083e-11, 0.7376793401147345, 3.4320143072124956e-11, 5.4621382413937516e-8, 1.9457279540369373e-11, 0.7376793401122372, 1.515842772420529e-11, 0.32951253706514205, 0.26232065930900544, 0.26232065926928266, 5.460268551815692e-8, 0.26232065931172915, 3.2702408235016565e-10, 1.932969637241688e-11, 4.6586073595444354e-11, 0.26232060760450476, 2.8920666110430283e-9, 0.26232065963704526, 0.7376793402781989, 5.314197039730309e-11, 0.5918331968918257, 3.5079583534164775e-11, 0.2623206596395196, 1.1502113477727011e-10, 2.2680900154909883e-11, 1.1003434935563212e-11, 1.8594183753196417e-11, 3.1016227931722684e-11, 5.213309139587077e-8, 3.7737538861343657e-10, 9.513042730634084e-11, 5.212994420921384e-8, 1.6462337039926986e-11, 1.72548053871374e-11, 0.5918331968674967, 5.2104036359861656e-8]
v_opt: [0.06881213601259621, 5.212074441310704e-8]
solution time: 0.007069110870361328
McCormick lower bound: -3.241082586376908

