x_opt: [0.58844660003298, 0.9422036397031179, 0.057796340697399834, 0.9422036596301059, 0.057796359594387656, 0.057796340344368265, 0.05779635937015001, 0.9422036405348418, 0.05779634035367029, 0.13972704075984935]
w_opt: [0.5884465999935711, 0.05779634066631129, 0.5884465999964325, 1.968483676641748e-9, 0.057796340299038004, 3.2033394830209794e-10, 0.5306502406413627, 5.1232958101627515e-11, 0.1397270406851338, 9.64856041562639e-11, 0.9422036396658467, 7.0033249791949e-11, 0.05779634030079506, 3.358667942672887e-11, 0.9422036396699696, 3.1250230601698065e-11, 0.08193068049674102, 0.05779634065327291, 0.05779634058352587, 0.057796340238582516, 0.05779634066411138, 3.633010684323953e-10, 4.300891894232715e-11, 1.1769812672031558e-10, 1.9286010553059828e-8, 7.870783058147182e-10, 0.05779635915250934, 0.9422036404312679, 1.253362680207566e-10, 0.13972704071832973, 7.607875815149563e-11, 0.0577963591743992, 2.0286214609556205e-10, 5.642425218121676e-11, 2.7767836860313658e-11, 2.7252387898220484e-11, 5.301094406158425e-11, 0.05779634026669403, 6.949792927322544e-10, 1.380288595464495e-10, 0.057796340306103644, 2.7897496936666372e-11, 3.987936771542554e-11, 0.13972704065572294, 0.05779634023520651]
v_opt: [0.003341232759489392, 0.05779634029214087]
solution time: 0.00529789924621582
McCormick lower bound: -2.703746987837104

