x_opt: [0.5258476788846053, 0.8988886183263426, 0.1011113718180172, 0.89888864188026, 0.10111137027920418, 0.10111135847869748, 0.10111137164766305, 0.8988886290800966, 0.1011113571106434, 0.10111186424510077]
w_opt: [0.5258476781393763, 0.1011113711709904, 0.525847678216144, 1.2247174261047303e-7, 0.10111135753191007, 5.4533926652051574e-9, 0.4247363096328173, 1.069489089679714e-9, 0.1011118628946551, 4.014813573825789e-9, 0.8988886177290607, 1.1777830785963652e-9, 0.10111135768789717, 7.049414535342126e-10, 0.8988886178015557, 7.928580402898768e-10, 4.830909432248088e-7, 0.10111137122813582, 0.10111136443987194, 0.1011113570474674, 0.10111137059245812, 1.9577478956944396e-8, 8.322284540363118e-10, 2.584547099232389e-9, 1.390873349390513e-8, 2.2128372789938874e-8, 0.10111136834519929, 0.8988886267352537, 3.3563832196963186e-9, 0.10111186330462496, 1.6427652947911608e-9, 0.10111136559516741, 8.628132260232866e-10, 1.1479184085954044e-9, 4.945618256637894e-10, 4.885687251720309e-10, 1.9222578555773803e-9, 0.10111135565739206, 1.8743996564262285e-8, 4.992029098643282e-9, 0.10111135626958948, 5.281713803525231e-10, 9.161219797502469e-10, 0.10111186235482851, 0.10111135516171968]
v_opt: [0.010223735588126188, 0.1011113557981148]
solution time: 0.00477290153503418
McCormick lower bound: -4.981897809101473

