x_opt: [0.5235439205379013, 0.8973445307015178, 0.1026554691569227, 0.8999024668820615, 0.10265546928362672, 0.10265546905407459, 0.102655469165363, 0.8973445307367082, 0.10265546903875637, 0.10265546928378544]
w_opt: [0.5235439205257513, 0.10265546914807197, 0.5235439205242757, 5.562704606224147e-10, 0.10265546903553559, 1.1605008014362231e-10, 0.4208884512952356, 1.3076357423214765e-11, 0.10265546925991162, 4.4510124916700765e-11, 0.897344530689343, 2.2904321755529762e-11, 0.10265546904262168, 7.42628413841802e-12, 0.897344530688446, 1.0581325664324246e-11, 1.184196121570267e-11, 0.10265546914816556, 0.10265546908984514, 0.10265546903066915, 0.1026554691343643, 1.7216723314020064e-10, 1.1822706993589877e-11, 2.743191344854183e-11, 0.0025579361926541125, 0.0025579360665138554, 0.1026554691204259, 0.8973445307088267, 0.0025579359442498752, 0.10265546926424972, 2.3505911253604454e-11, 0.10265546912735925, 3.6322234319505666e-11, 1.4312869868373737e-11, 1.1027482155766323e-11, 9.199673867685104e-12, 1.7530252511334523e-11, 0.1026554690152318, 1.6728721730043586e-10, 5.044254094315074e-11, 0.10265546902504091, 8.408956220499175e-12, 2.256853796524195e-11, 0.10265546923496442, 0.10265546900754785]
v_opt: [0.010538397532804942, 0.10265546901967611]
solution time: 0.009769916534423828
McCormick lower bound: -4.273395141313891

