x_opt: [0.5089036873069049, 0.8682973238553591, 0.1317026756493025, 0.8922218105613965, 0.13170267606493732, 0.10777818953871905, 0.13170267590190177, 0.8682973240081806, 0.1077781894940452, 0.1317026762231578]
w_opt: [0.5089036872896385, 0.13170267563686835, 0.5089036872937349, 6.904973627554034e-10, 0.10777818952096982, 1.2410931441880868e-10, 0.3772010113467902, 1.672085728769589e-11, 0.13170267619700196, 4.422014303720732e-11, 0.8682973238420473, 2.6565194930150016e-11, 0.1077781895248044, 1.2958144355805628e-11, 0.8682973238420524, 1.2317291599044286e-11, 9.40090075429544e-11, 0.13170267563543311, 0.1317026756018031, 0.10777818951107347, 0.13170267563670499, 1.8598484427894603e-10, 1.5773958604777606e-11, 4.065853518868727e-11, 0.023924486651560366, 4.0020512899235073e-10, 0.1317026758328452, 0.8682973239701892, 9.035173433609262e-11, 0.13170267620564183, 2.8916490100563467e-11, 0.13170267584877776, 9.556173228054861e-11, 1.9616428185135957e-11, 9.992687425967451e-12, 1.1762382093494272e-11, 2.2080871991272652e-11, 0.10777818947153912, 2.6966406574967574e-10, 4.718620085904376e-11, 0.10777818947606523, 1.1432173113808692e-11, 1.5268332632797908e-11, 0.1317026761832678, 0.10777818945269362]
v_opt: [0.017345615331946174, 0.10777818946879618]
solution time: 0.005237102508544922
McCormick lower bound: -3.239631935371568

