x_opt: [0.3193525874438201, 0.6806474292926131, 0.3193525646266448, 0.9506479256175054, 0.319352569288759, 0.3193525549381325, 0.3193525649324558, 0.6806474312108103, 0.049352076814564876, 0.3193525732980416]
w_opt: [0.3193525870254984, 0.3193525644219772, 0.3193525872454762, 1.301379659173657e-8, 0.3193525546196819, 2.4590034266879437e-9, 1.9411776385335322e-8, 2.0632825304988762e-10, 0.31935257284153934, 9.483521712753651e-10, 0.6806474290929674, 4.3078832684765824e-10, 0.3193525547570535, 2.038011913472979e-10, 0.6806474290444067, 1.9839962432195834e-10, 2.9259304104758125e-9, 0.3193525644684722, 0.3193525636498903, 0.3193525544639052, 0.3193525643070886, 4.232794274272037e-9, 2.371370099441996e-10, 5.432505821189731e-10, 0.2700004953742217, 0.27000048403755633, 0.31935256401666645, 0.6806474305937957, 3.026862557162014e-9, 0.31935257293418556, 4.666462039655335e-10, 0.3193525641092968, 8.893142634270379e-10, 2.746594164045282e-10, 1.516142529477108e-10, 2.633607114639354e-10, 5.317562067130664e-10, 0.04935207649434383, 4.690725308314971e-9, 9.497411043371268e-10, 0.04935207650954805, 2.1455946313647016e-10, 2.651652777930667e-10, 0.3193525725638694, 0.0493520762082667]
v_opt: [0.10198610920987977, 0.04935207634752544]
solution time: 0.004734992980957031
McCormick lower bound: -4.003160999341554

