x_opt: [0.5258461915549041, 0.898887409775486, 0.10111253120160017, 0.8988887435865541, 0.10111255678349253, 0.10111232964774333, 0.10111252911076803, 0.898887442383743, 0.10111231577166677, 0.10111260241406186]
w_opt: [0.5258461904872626, 0.10111253022985502, 0.5258461905021884, 5.042211537480319e-7, 0.10111232805847244, 1.501237412215153e-8, 0.4247336359326901, 1.2895922736594932e-9, 0.10111260045228188, 4.641583204176331e-9, 0.8988874088160783, 1.5243662262500558e-9, 0.10111232864748354, 7.338545415685523e-10, 0.8988874089328511, 1.0106705088833945e-9, 1.3072846048218513e-8, 0.10111253039557219, 0.1011125231585953, 0.10111232700150834, 0.10111252861416616, 6.033020638760118e-8, 1.0988824137927977e-9, 2.983221290525553e-9, 1.3028955562154575e-6, 1.1399082362271561e-6, 0.10111252399713454, 0.8988874394708253, 1.0629019622318157e-6, 0.10111260084068004, 2.4650519318235813e-9, 0.10111252472977812, 1.1644445333183792e-9, 1.6181344168820795e-9, 8.619859123273256e-10, 7.423098749049405e-10, 2.2315415381923127e-9, 0.10111231411914345, 3.9188471256344127e-8, 1.0236043347849654e-8, 0.10111231452230494, 7.192818436960162e-10, 2.0401010943931195e-9, 0.10111259876991655, 0.10111231193298605]
v_opt: [0.010223934950462052, 0.10111231396920828]
solution time: 0.006114006042480469
McCormick lower bound: -4.387070349582737

