x_opt: [0.36225568533307945, 0.6377443141091951, 0.22390311234886848, 0.7760968937313875, 0.3622556798551046, 0.22390311341585112, 0.22390311666233437, 0.6377443189779798, 0.2239031080360007, 0.3622556837058018]
w_opt: [0.36225568452708756, 0.22390311198007393, 0.3622556847526298, 9.269954722026597e-8, 0.22390311260563892, 3.4607501121022854e-8, 1.0062938158319076e-8, 4.130983835733412e-10, 0.36225568095256333, 1.1094005852516796e-9, 0.6377443133719627, 1.5958630389916158e-9, 0.223903113015018, 3.227929628715937e-10, 0.6377443126877068, 3.450604808898533e-10, 6.7499296817128e-10, 0.22390311184699593, 0.22390311083650577, 0.2239031098741584, 0.22390311175224709, 3.4207113119826677e-9, 4.974088382547796e-10, 9.959596460971723e-10, 0.13835257466632087, 3.0849844921081155e-8, 0.22390311354856104, 0.6377443174394652, 7.169155744966889e-9, 0.36225568295982963, 9.56648954255824e-10, 0.22390311467728985, 2.9581677553613137e-9, 5.878934252237883e-10, 5.039135774319334e-10, 6.626304334554178e-10, 6.244148533388287e-10, 0.22390310663471286, 1.3146497457375273e-8, 1.9799873348654505e-9, 0.22390310698428403, 4.3487534010110585e-10, 8.921623796368956e-10, 0.36225568124056695, 0.2239031066394786]
v_opt: [0.05013272812979792, 0.22390310717365433]
solution time: 0.005681037902832031
McCormick lower bound: -1.8489042413349366

