x_opt: [0.3193528744910251, 0.6806474527257214, 0.3193524503524201, 0.9506476069315162, 0.3193525227694395, 0.3193520148363566, 0.31935245702459286, 0.680647489250291, 0.04935244553875095, 0.3193525631208197]
w_opt: [0.31935286705336924, 0.31935244614962915, 0.3193528704654886, 2.3391251293851003e-7, 0.3193520088019769, 4.526002764003373e-8, 3.792391936407354e-7, 4.197233241966521e-9, 0.3193525550128013, 1.8396082494251223e-8, 0.680647448610612, 8.009163132725733e-9, 0.31935201132376567, 3.9326610444870975e-9, 0.6806474477487701, 3.955666717266327e-9, 2.2421094219822476e-8, 0.31935244678452784, 0.31935243259767954, 0.3193520061173397, 0.3193524449039536, 7.489531763290362e-8, 4.68079390935528e-9, 1.0703092276122553e-8, 0.2700001388776769, 0.269999688129004, 0.31935243924736706, 0.6806474774759727, 6.281412984139633e-8, 0.3193525564116387, 8.984676338311007e-9, 0.3193524426818684, 1.8575141870199352e-8, 5.383900712522578e-9, 3.040143305599431e-9, 4.9181546842049e-9, 8.775216595998997e-9, 0.04935243943795395, 8.811667888124523e-8, 1.7242025458393586e-8, 0.049352439570879425, 4.103542749906896e-9, 5.217915446450814e-9, 0.31935254946694175, 0.04935243376424799]
v_opt: [0.10198625113734117, 0.049352436544290966]
solution time: 0.006009817123413086
McCormick lower bound: -4.043743255300676

