x_opt: [0.5258472965658092, 0.8988883427212953, 0.10111163471926898, 0.898888381090629, 0.10111164612587066, 0.10111162599139058, 0.10111164332947715, 0.8988883558061549, 0.10111162559618171, 0.1011116590352846]
w_opt: [0.525847295112031, 0.10111163366839362, 0.5258472949719748, 6.969078321791253e-8, 0.10111162412052484, 1.319107182730491e-8, 0.4247356548089064, 1.719247157473579e-9, 0.10111165617485963, 3.921856451834778e-9, 0.8988883411939708, 2.589915692502263e-9, 0.10111162446184017, 9.912495189613906e-10, 0.8988883413469896, 1.154122927545443e-9, 3.40179573818659e-9, 0.10111163338482158, 0.10111162938718059, 0.10111162213454146, 0.10111163307729466, 1.651541892207368e-8, 1.4894393890853737e-9, 3.6853869613987867e-9, 2.9905268290994326e-8, 3.27541945356388e-8, 0.10111163658368388, 0.8988883519347229, 1.0361900050978862e-8, 0.10111165726241475, 2.7491754999574283e-9, 0.10111163820003065, 4.420496844867814e-9, 1.8802024805288675e-9, 1.185898700247915e-9, 1.033632038565552e-9, 1.9214759777187196e-9, 0.10111162265501117, 2.1753925782262393e-8, 4.35308482032842e-9, 0.10111162379838196, 9.973165035922276e-10, 1.929326581004871e-9, 0.10111165431697193, 0.1011116214678359]
v_opt: [0.01022796533343632, 0.10111162337973731]
solution time: 0.0052831172943115234
McCormick lower bound: -2.9151968047635695

