x_opt: [0.5258476465275005, 0.8988885228287992, 0.10111137557293103, 0.898888618118175, 0.10111137868742193, 0.10111137172218147, 0.101111374173957, 0.8988886166353853, 0.10111137504021663, 0.10111189408404496]
w_opt: [0.5258476460188888, 0.10111137513491879, 0.5258476456415019, 1.4968063373057774e-7, 0.10111137042412131, 1.0404774351350213e-8, 0.4247362656776512, 1.586788746417025e-9, 0.10111188744589471, 2.237066777506309e-9, 0.8988885220533406, 1.544552986277535e-9, 0.10111137024101324, 4.491495162363437e-10, 0.89888852229613, 5.835150855918469e-10, 4.172350670881696e-7, 0.10111137471435715, 0.10111136682576309, 0.10111136846083925, 0.10111137379333764, 5.030583765624901e-8, 9.07772500668778e-10, 4.129701989184715e-9, 3.617377689105232e-9, 2.8931524470229763e-8, 0.10111136566842457, 0.8988886018252912, 1.108788887296591e-9, 0.10111189332762463, 1.8701523968891178e-9, 0.10111135622978143, 8.576421823071049e-10, 1.8220124511783911e-9, 6.602789901260974e-10, 3.4433775540810744e-10, 1.1321964308430268e-9, 0.1011113700424394, 2.1413018466237342e-8, 1.3575886091400942e-8, 0.10111137362729053, 3.953130107032093e-10, 2.961301357542377e-9, 0.10111189133673652, 0.10111137251967374]
v_opt: [0.010223602809802538, 0.10111137406532182]
solution time: 0.008265972137451172
McCormick lower bound: -2.7097403333511036

