x_opt: [0.5803863610467691, 0.9366264130320537, 0.06337358359743561, 0.9366264208040699, 0.0633735836309742, 0.06337357896189785, 0.06337358458390174, 0.9366264181028225, 0.06337357915099245, 0.13475491411267387]
w_opt: [0.5803863606438571, 0.0633735832242011, 0.5803863605984679, 1.8962467241849567e-8, 0.0633735783740725, 2.9300353806246393e-9, 0.5170127800159982, 8.477324401927418e-10, 0.1347549131532311, 2.035360776545076e-9, 0.9366264126427698, 6.93520168763743e-10, 0.06337357834498433, 4.4965500549565557e-10, 0.9366264127163544, 4.810227936335715e-10, 0.07138132746911383, 0.06337358319350671, 0.06337358072323782, 0.06337357812278263, 0.06337358303710666, 1.1913764240644814e-8, 5.317030208066785e-10, 1.8162039517306033e-9, 5.382354799943979e-9, 8.852423093175243e-9, 0.06337358258875826, 0.9366264165420618, 1.879162194415388e-9, 0.1347549135732557, 1.0104958898713501e-9, 0.06337358213788803, 2.5323971710744734e-9, 7.587845421506883e-10, 3.285524173715063e-10, 2.676139590429019e-10, 8.015767084903921e-10, 0.06337357800157083, 8.612142562387112e-9, 4.088978584328356e-9, 0.06337357867372075, 3.0494737043722817e-10, 5.367902768966381e-10, 0.13475491296344544, 0.06337357785591831]
v_opt: [0.004018279702075811, 0.06337357840465371]
solution time: 0.0063478946685791016
McCormick lower bound: -4.536144307463812

