x_opt: [0.36225567651391355, 0.6377443234570703, 0.22390311766911797, 0.776096909313531, 0.3622556766508198, 0.2239031173512266, 0.22390311814382752, 0.6377443235366368, 0.22390311529472623, 0.3622556760691552]
w_opt: [0.36225567649238144, 0.2239031176483385, 0.36225567648749285, 1.0638155519043975e-8, 0.2239031172968022, 3.0088913209687083e-9, 1.1369199536654646e-9, 1.9253940722515056e-11, 0.362255675587227, 8.60840883742282e-11, 0.6377443234374504, 1.2416218427229595e-10, 0.22390311733271376, 1.3821791979956649e-11, 0.6377443234222387, 1.6274414515226157e-11, 1.8007402346684536e-11, 0.22390311765059143, 0.22390311759696807, 0.2239031173382777, 0.2239031176457137, 3.805777111792215e-10, 2.4078296939889226e-11, 5.874112677861832e-11, 0.13835258597305533, 2.6693104642414847e-8, 0.22390311790996115, 0.6377443235010904, 2.4901850159567566e-8, 0.3622556760247684, 5.827501793017002e-11, 0.22390311795807719, 2.784234818701848e-10, 3.191844032523388e-11, 2.388374463810203e-11, 2.7618688004284197e-11, 1.5383367822710827e-11, 0.2239031151674644, 1.3527791958729988e-9, 2.617398042075029e-10, 0.22390311527400936, 1.828202723300869e-11, 2.1732440768758706e-11, 0.3622556758802093, 0.22390311528038143]
v_opt: [0.05013260771884314, 0.2239031152497377]
solution time: 0.008234024047851562
McCormick lower bound: -2.6185321330063034

