x_opt: [0.31935912368905806, 0.6806454729666644, 0.319354362206086, 0.9506385237953144, 0.3193544752605205, 0.31933708776327174, 0.3193543573892334, 0.6806455472324552, 0.049362666828998855, 0.3193545566224104]
w_opt: [0.3193591170514098, 0.31935435808854473, 0.31935912001052885, 3.8318305693664685e-7, 0.31933708178078535, 5.525126608503296e-8, 4.681261813298341e-6, 3.879819446655122e-9, 0.31935454355782134, 1.86839173093876e-8, 0.6806454692242142, 8.073064919942674e-9, 0.31933708452827564, 3.952835563787558e-9, 0.6806454687082013, 3.534065656095794e-9, 3.694746916279693e-8, 0.31935435897613007, 0.31935434364447063, 0.319337074100327, 0.3193543560386735, 1.3308364515587218e-7, 4.332237844621711e-9, 1.052030494483678e-8, 0.26999300797485865, 0.2699756702845627, 0.3193543379219474, 0.6806455353171355, 1.2040721869687886e-6, 0.3193545503119464, 9.371302911225493e-9, 0.3193543358736489, 2.85794509607283e-8, 5.449060028672135e-9, 2.8240579697495133e-9, 4.158779874847044e-9, 5.587543883991556e-9, 0.0493626586124134, 1.1262683835051466e-7, 3.5041101609878543e-8, 0.04936266150405151, 3.607236674614146e-9, 5.055304367697458e-9, 0.31935454262496554, 0.04936265498716258]
v_opt: [0.1019872489711537, 0.04936265831699025]
solution time: 0.004513978958129883
McCormick lower bound: -3.9465621546293077

