x_opt: [0.39636696287425444, 0.8121034916285358, 0.1878962992234688, 0.9558922504343358, 0.18789649540781223, 0.18789607714267173, 0.18789631552314295, 0.8121035178935521, 0.18789604454523312, 0.18789650618980938]
w_opt: [0.3963669550693134, 0.187896294336997, 0.3963669564137499, 3.0079579305969044e-7, 0.18789606860048763, 6.266399899637884e-8, 0.20847049348675925, 6.2429951166988725e-9, 0.18789649487660567, 1.9515028039002527e-8, 0.8121034853963864, 1.2221013271835513e-8, 0.18789607170310452, 4.350132483020411e-9, 0.8121034845791896, 5.193052317438199e-9, 9.231256951974229e-9, 0.18789629429002241, 0.18789627596560154, 0.18789606563110484, 0.18789629173530678, 6.886017869114591e-8, 6.264516026752333e-9, 1.4354401817981937e-8, 0.14378875836519878, 0.14378840200867493, 0.187896290656782, 0.8121035023170103, 0.14378830634721254, 0.18789649711059211, 1.199409507974288e-8, 0.18789629754435486, 2.189569450619102e-8, 7.414711596108583e-9, 4.880904100353213e-9, 5.511610371406853e-9, 9.240192793513293e-9, 0.18789603525270465, 9.731735721572285e-8, 1.9878698225149383e-8, 0.18789603697546065, 4.84177043456503e-9, 8.65081378414431e-9, 0.18789648463185146, 0.1878960282721535]
v_opt: [0.03530503202701249, 0.18789603386033185]
solution time: 0.0055730342864990234
McCormick lower bound: -3.550626827731892

