x_opt: [0.319354879960575, 0.6806459440720415, 0.3193523010894908, 0.9506438552514256, 0.31935360371125543, 0.3193472748732343, 0.3193524375858591, 0.680646423326211, 0.049356429826015236, 0.31935428158247753]
w_opt: [0.3193548544363016, 0.3193522865695879, 0.31935486628478615, 3.735590288343044e-6, 0.3193472553841083, 2.886918782732027e-7, 1.3584153130093076e-6, 1.4183380491861832e-8, 0.31935424343330243, 4.7002683887386896e-8, 0.6806459288746824, 2.6095110969348315e-8, 0.3193472625928286, 1.3543700930981988e-8, 0.6806459267829184, 1.2493317476560314e-8, 2.4646448944730574e-7, 0.3193522867510748, 0.3193522537146333, 0.3193472432785495, 0.31935228661383896, 1.4971666664250554e-7, 1.6332051572496086e-8, 3.674135347964859e-8, 0.26999748755713504, 0.2699913731657986, 0.31935235800071393, 0.6806463806667197, 3.3453218188390566e-7, 0.31935426083605206, 3.0384785244149867e-8, 0.31935238667212257, 5.415857926348213e-8, 1.9013910632185798e-8, 1.0440638069490124e-8, 1.772477477084597e-8, 2.5459740672207862e-8, 0.049356411578535715, 7.318727236362818e-7, 4.5848321803036045e-8, 0.04935640685422794, 1.427219200298139e-8, 1.7226358291177078e-8, 0.3193542338175611, 0.04935638700346277]
v_opt: [0.10198638715583692, 0.04935639927108403]
solution time: 0.004690885543823242
McCormick lower bound: -2.9687267391424914

