x_opt: [0.36225604270704215, 0.6377450264266025, 0.22390275952203584, 0.776097763914202, 0.3622546502246943, 0.22390298507123643, 0.22390277549730087, 0.6377453802370264, 0.22390241974366515, 0.3622548927320452]
w_opt: [0.3622560180258565, 0.22390274745947686, 0.36225602481655167, 7.333372263994525e-6, 0.2239029662806682, 2.1097762265593234e-6, 1.76823960098345e-6, 1.3018529730038961e-8, 0.36225457269156947, 3.3452566702957794e-8, 0.637745009152293, 5.090745143397716e-8, 0.22390297253387065, 1.0669489681712155e-8, 0.6377449986660636, 1.045334489080062e-8, 2.3246060856803526e-8, 0.22390274557507434, 0.2239027054263706, 0.223902750349657, 0.22390271990081115, 3.172285310056196e-7, 1.5834315027231142e-8, 3.570106266473766e-8, 0.13835242568944214, 1.255081275726113e-6, 0.223902570430806, 0.6377453624232444, 6.09402947120915e-7, 0.36225486546062424, 3.3836079215817756e-8, 0.22390267104635095, 5.999192585410069e-8, 1.898322490728989e-8, 1.2989779357622715e-8, 2.4149766029576286e-8, 1.2101460470044058e-8, 0.22390235552852797, 9.736573564043282e-7, 8.958793256558233e-8, 0.22390240167124045, 1.520536942624029e-8, 9.589399890848862e-9, 0.36225474911859185, 0.22390239819329993]
v_opt: [0.05013279249555831, 0.22390238985562105]
solution time: 0.004405975341796875
McCormick lower bound: -2.276652651339921

