x_opt: [0.5258472618637261, 0.8988882882836101, 0.10111165519633061, 0.8988883521956555, 0.10111170042111615, 0.10111165262294063, 0.10111165867719274, 0.8988883008039757, 0.1011116528536964, 0.10111171420683723]
w_opt: [0.5258472610338563, 0.10111165453578118, 0.5258472607173257, 1.641011562737943e-7, 0.10111165134218436, 8.013589506338322e-9, 0.4247355641677233, 1.3442340811253652e-9, 0.10111171209732156, 2.528740130453707e-9, 0.8988882872476682, 1.658910441693529e-9, 0.10111165142523208, 6.137546799055803e-10, 0.898888287446659, 7.815359776560097e-10, 3.3935472896135167e-9, 0.10111165431037318, 0.10111164972868053, 0.10111164953652031, 0.10111165355567485, 1.5110808036351584e-8, 9.98978551705137e-10, 2.614102660629476e-9, 5.5653543321990985e-8, 1.8371558294011977e-8, 0.10111165419542387, 0.8988882975178719, 7.2778586936732466e-9, 0.10111171305421873, 1.849756834556994e-9, 0.10111165389163713, 3.2323209531976827e-9, 1.3213428851673356e-9, 8.599411210872973e-10, 5.962267506082651e-10, 1.2969817628977458e-9, 0.10111165062308784, 1.4141190934156343e-8, 3.180990351731805e-9, 0.10111165153363981, 6.064228992523641e-10, 1.476746624439292e-9, 0.10111171101779765, 0.10111165012381988]
v_opt: [0.010223741897651347, 0.10111165147498183]
solution time: 0.006266117095947266
McCormick lower bound: -3.0343575161501573

