x_opt: [0.5258416996917384, 0.8988845096324073, 0.10111546250808216, 0.8988907892268961, 0.10111547964629053, 0.10111535921831923, 0.1011154663457615, 0.8988845421210268, 0.10111535680416804, 0.10111549288310899]
w_opt: [0.5258416934332573, 0.10111545807955942, 0.5258416942623125, 4.766807684041598e-7, 0.10111535154921909, 4.422019562449455e-8, 0.4247262534475963, 6.21827184157206e-9, 0.10111548260312402, 2.9411290807108226e-8, 0.8988845049312834, 9.476841490317547e-9, 0.1011153541854788, 4.5115751533730775e-9, 0.8988845049012346, 5.271993994298966e-9, 9.649716358867967e-9, 0.1011154586491011, 0.10111542790744349, 0.10111534998486267, 0.1011154542730941, 1.1950774121433438e-7, 5.634216114930114e-9, 1.4444707665300643e-8, 6.280873948632214e-6, 6.235042781562849e-6, 0.10111544687933385, 0.8988845294734922, 6.160137320351117e-6, 0.1011154846032227, 1.1249616139975564e-8, 0.10111544459343094, 2.8577853340277754e-8, 6.932680074404913e-9, 4.017157942373139e-9, 4.204448372208763e-9, 1.000403995449628e-8, 0.10111534744435316, 1.0313061257975805e-7, 3.344389840910354e-8, 0.10111535090293433, 4.083404404642178e-9, 7.199436025222077e-9, 0.10111547605052319, 0.10111534226829957]
v_opt: [0.01022687463599939, 0.10111534712865569]
solution time: 0.004285097122192383
McCormick lower bound: -5.295975806273129

