x_opt: [0.5258472607890897, 0.8988883087371456, 0.10111168259070771, 0.8988883950091927, 0.10111168535424322, 0.1011116471760387, 0.10111168343616446, 0.8988883217255748, 0.10111163340866605, 0.1011116974316703]
w_opt: [0.5258472593823341, 0.10111168154938764, 0.5258472596812119, 1.8207287730601447e-7, 0.1011116455724789, 9.401126848287641e-9, 0.42473558525062866, 1.4421854359426223e-9, 0.10111169534970896, 7.113595678470486e-9, 0.898888307740233, 1.8493136553959543e-9, 0.10111164604649854, 1.1688312761156987e-9, 0.898888307775614, 1.222515152661421e-9, 7.388857794185766e-9, 0.10111168169374439, 0.10111167467290658, 0.10111164524719635, 0.10111168100413076, 3.384283271361567e-8, 1.2949894533233504e-9, 3.5364708469748828e-9, 8.297517493548927e-8, 7.279050365615019e-8, 0.10111167881692305, 0.8988883186413222, 3.1074692168850194e-8, 0.1011116957193169, 2.559834489971937e-9, 0.10111167708562227, 8.726728791736243e-9, 1.6293801644146037e-9, 8.19108908913588e-10, 9.217920867170028e-10, 2.416921886603341e-9, 0.10111163170394334, 3.2766431136384393e-8, 1.4280690014825467e-8, 0.10111163207452169, 9.284558709774367e-10, 1.4179726685043134e-9, 0.10111169407525138, 0.10111162996849739]
v_opt: [0.010226482487373758, 0.10111163117423125]
solution time: 0.0047528743743896484
McCormick lower bound: -5.291126479719728

