x_opt: [0.3193675070102766, 0.680635240734836, 0.31936266915211514, 0.9506188134475846, 0.31936475130600384, 0.3193124152783016, 0.31936266980043476, 0.6806352500923382, 0.04938122177904176, 0.31936476133632946]
w_opt: [0.3193675050411584, 0.31936266804518826, 0.3193675057824805, 8.415498236857065e-8, 0.3193124135577911, 1.4817526859304438e-8, 2.7596852881223014e-6, 1.2038229471948893e-9, 0.3193647590879516, 3.615469713050497e-9, 0.6806352394267995, 2.383362152882848e-9, 0.31931241423122214, 9.95822312432292e-10, 0.6806352391682573, 1.0599937644387765e-9, 4.1450057000661465e-9, 0.3193626680351102, 0.31936266536884894, 0.319312412785239, 0.3193626674181552, 9.524209460046163e-9, 1.3348461621139292e-9, 2.9361983165258603e-9, 0.269983567281582, 0.2699312458310915, 0.31936266422361737, 0.6806352466189642, 3.778181678082968e-8, 0.3193647595027166, 2.4946338950990915e-9, 0.3193626662724652, 3.5230877187100456e-9, 1.5345423453532789e-9, 9.34707004243606e-10, 1.3900435196012293e-9, 2.1185800312426042e-9, 0.04938122016342415, 2.3069692075094978e-8, 3.776475608126639e-9, 0.04938121998975268, 1.1344290663687735e-9, 1.6003718835677913e-9, 0.31936475710748075, 0.04938121831201707]
v_opt: [0.10199316961356714, 0.04938121935519515]
solution time: 0.005880832672119141
McCormick lower bound: -3.166540149604793

