x_opt: [0.3547896406051769, 0.7842365952628335, 0.21576338950962765, 0.9741972170987627, 0.21576340354818058, 0.21576337872710652, 0.21576339011554935, 0.7842365975195469, 0.21576337568883236, 0.2157634044677112]
w_opt: [0.35478963989846246, 0.21576338907265802, 0.35478964001554636, 2.7161649329326872e-8, 0.21576337794583272, 5.70950476321646e-9, 0.1390262392668802, 5.552007469581535e-10, 0.2157634034494166, 1.8112036287669669e-9, 0.7842365947000276, 1.078801876231998e-9, 0.2157633782425927, 3.8306222096744117e-10, 0.7842365946147009, 4.708546643480753e-10, 7.925620412962164e-10, 0.21576338907668483, 0.21576338732407835, 0.21576337766425807, 0.21576338876740092, 6.482027531945145e-9, 5.597047878132059e-10, 1.2715095464751962e-9, 0.1899606217992303, 0.18996060256950734, 0.21576338830310474, 0.7842365961283165, 0.18996059381823716, 0.21576340362669932, 1.0788056216108646e-9, 0.2157633888749649, 1.837677711222238e-9, 6.594989595186971e-10, 4.448536461029657e-10, 5.004092002846321e-10, 8.425976162052958e-10, 0.21576337485419353, 8.644368551396657e-9, 1.8721061091136916e-9, 0.21576337500290632, 4.35528772257302e-10, 8.122080044052407e-10, 0.21576340247720938, 0.2157633742264335]
v_opt: [0.04655384996494799, 0.21576337472548435]
solution time: 0.006688833236694336
McCormick lower bound: -3.6642864657012013

