x_opt: [0.5258473193872636, 0.8988883534290796, 0.10111163238114097, 0.8988884147417117, 0.10111163086764538, 0.10111160645227919, 0.10111163197700426, 0.8988883694225657, 0.10111159566439487, 0.10111169221797081]
w_opt: [0.5258473187577607, 0.10111163180367537, 0.5258473188155905, 2.868228404694098e-7, 0.10111160558295243, 6.492658217945608e-9, 0.4247356909413455, 7.905911691640028e-10, 0.10111169056290156, 3.581651091230838e-9, 0.898888352908554, 8.96625124311218e-10, 0.10111160585359742, 5.577204029014528e-10, 0.8988883529800585, 6.263832952597984e-10, 4.60925765032761e-8, 0.101111631910385, 0.10111162512277087, 0.10111160527897868, 0.1011116313199342, 3.3506830491248804e-8, 6.934452162110009e-10, 1.9008215374355204e-9, 4.7180066125321546e-8, 5.48892893181622e-8, 0.10111162837833265, 0.8988883677698494, 1.3279544747688116e-8, 0.10111169131122547, 1.4325572144271761e-9, 0.10111162649809767, 1.434506953661975e-9, 1.0549813304348475e-9, 4.5103642566863224e-10, 4.4444004170752696e-10, 1.3082559619319072e-9, 0.10111159458093306, 2.0328819668339146e-8, 2.092010905192532e-8, 0.10111159497600257, 4.3126089068283393e-10, 8.502879252042215e-10, 0.1011116904410105, 0.10111159383698519]
v_opt: [0.010223937756884132, 0.10111159442204079]
solution time: 0.0054891109466552734
McCormick lower bound: -4.833343377311544

