x_opt: [0.525877951890164, 0.8989061707190961, 0.10109030223900481, 0.898909879489223, 0.10109073720498027, 0.10109004703499624, 0.10109034063245581, 0.8989094032162426, 0.10109003765445629, 0.10113421531710308]
w_opt: [0.5258779355998039, 0.10109028817766522, 0.5258779296215672, 3.965949833996591e-6, 0.10109001311893097, 2.4046107619470525e-7, 0.4247875678122709, 4.1196169768874357e-8, 0.10113379123086944, 7.375365921899081e-8, 0.8989061485582167, 4.495468980487681e-8, 0.10109001379931831, 1.4211881207069923e-8, 0.8989061575088342, 1.8445079969572197e-8, 4.040656747254768e-5, 0.10109027948665268, 0.1010901221888697, 0.10109000785524966, 0.10109027558043464, 2.123074735344791e-6, 2.4347040096617117e-8, 1.0578088137910347e-7, 6.992310763060674e-7, 3.2068215654872004e-7, 0.10109014213401582, 0.8989090382938842, 7.606240883329662e-8, 0.10113419351389503, 5.3262543815371863e-8, 0.10108997989046377, 2.479957829216347e-7, 4.6110367797413216e-8, 2.7429494491448932e-8, 1.0898421304635679e-8, 4.400496194846643e-8, 0.10108999114838255, 6.178440671051076e-7, 1.5407443900841618e-7, 0.10109000374830393, 1.2039030431589514e-8, 5.731101202688736e-8, 0.10113415192888772, 0.10108996329982818]
v_opt: [0.010220132057010542, 0.10109000804204929]
solution time: 0.0054891109466552734
McCormick lower bound: -2.8910296063977285

