x_opt: [0.2757426607342338, 0.7242576955111114, 0.26935190934983577, 0.9999997146707887, 0.2757423040250745, 0.2693518832454512, 0.2693519100545162, 0.7242576967468385, 0.2693518789677602, 0.2757423038752902]
w_opt: [0.27574266022680466, 0.2693519090617632, 0.27574266036984263, 2.0018950199711145e-8, 0.2693518827482233, 4.1800154473654306e-9, 3.5827694962192605e-7, 3.333605318222742e-10, 0.27574230322868765, 1.0462708169699264e-9, 0.7242576951435492, 8.256104235916362e-10, 0.26935188295261914, 2.4617857568590936e-10, 0.7242576950411563, 2.927233227893772e-10, 4.698344992629205e-10, 0.26935190907184786, 0.26935190815278437, 0.2693518825705193, 0.2693519088996585, 3.0554688761867495e-9, 3.5794120374985795e-10, 7.857765305224909e-10, 0.27574201942840393, 0.2693516018675003, 0.26935190869368253, 0.724257695846794, 0.26935159428256544, 0.27574230333587296, 6.893754766742588e-10, 0.26935190913478174, 1.2585885391143315e-9, 4.13134403306829e-10, 2.812200990123054e-10, 3.6042196099575953e-10, 5.359488568930698e-10, 0.26935187845022385, 5.774680605045204e-9, 1.0995394969401402e-9, 0.26935187850466524, 2.953168069692146e-10, 5.091923841494385e-10, 0.2757423025571138, 0.2693518780632635]
v_opt: [0.07255049417432087, 0.2693518783269142]
solution time: 0.00468897819519043
McCormick lower bound: -3.4674064646410954

