x_opt: [0.36225556833678674, 0.6377441652822873, 0.22390316275541175, 0.7760969529075018, 0.3622557025812855, 0.22390319683976492, 0.22390317029550363, 0.6377443015445664, 0.22390314418688226, 0.3622557435987168]
w_opt: [0.36225556357698047, 0.2239031599696717, 0.36225556487722577, 1.2210698939965952e-6, 0.22390319446951676, 5.047209071837682e-7, 3.6107819358226274e-8, 2.194951487602353e-9, 0.36225553302926117, 6.56134893015419e-9, 0.6377441599961113, 1.336528471195917e-8, 0.2239031947582849, 1.641165241301359e-9, 0.6377441557886039, 1.7901692936543294e-9, 3.3642307664236606e-9, 0.22390316043646585, 0.2239031534590184, 0.22390314559923072, 0.22390315664235358, 1.1325473716164667e-7, 2.9928470002559594e-9, 6.429817109263177e-9, 0.13835266205650598, 9.377265036736873e-7, 0.2239031184741562, 0.6377442950432887, 1.1264613716426781e-7, 0.36225573826435814, 8.138261389294235e-9, 0.2239031622179712, 1.0289420828250688e-8, 5.560206047644807e-9, 4.7951812935201094e-9, 5.340707013486396e-9, 3.4381899428521546e-9, 0.22390314049542587, 3.9812553591033387e-7, 4.062229022350478e-8, 0.22390313875818413, 2.539811992391776e-9, 6.719182274884268e-9, 0.3622556910569924, 0.2239031357826978]
v_opt: [0.05013263887204633, 0.22390313852604227]
solution time: 0.00769805908203125
McCormick lower bound: -1.925853801396006

