x_opt: [0.7429874830502528, 0.7907411954798375, 1.7615977398028032e-7, 0.9999998879197404, 0.20925880955174328, 7.007797553181389e-8, 0.20925880121796364, 0.7907412019175436, 6.536906938004584e-8, 0.7429874811142537]
w_opt: [0.7429874816259728, 1.751951147851397e-7, 0.742987482316732, 3.495925342538535e-7, 6.88040258938029e-8, 2.179590764104356e-8, 0.533728691642961, 1.1505079642327237e-9, 0.7429874687832482, 3.4924520343798506e-9, 0.7907411943869115, 6.427400430324637e-9, 6.92095058148499e-8, 1.8592610126782543e-9, 0.7907411940515442, 9.920928634330663e-10, 0.5337286890524944, 1.7510537546933327e-7, 1.7362256526850767e-7, 6.477749298628398e-8, 1.7546095028289743e-7, 8.956749315326207e-9, 1.2312508869918554e-9, 3.924691106563635e-9, 0.20925870134572236, 2.8632791203279833e-8, 0.20925879172258038, 0.7907411962788253, 8.963944645546846e-9, 0.7429874799642389, 3.4921625615401957e-9, 0.20925879408018838, 1.5168831453171035e-8, 2.1705328449272396e-9, 1.2911417617077021e-9, 1.1563778926461396e-9, 2.4516048876416197e-9, 6.24175750431946e-8, 1.3011081935320977e-8, 3.830012525458059e-9, 6.392573803357312e-8, 1.1228193839158054e-9, 1.1346383049284798e-9, 0.7429874778211405, 6.11314609529429e-8]
v_opt: [0.04378925185138416, 6.351787949361106e-8]
solution time: 0.0066339969635009766
McCormick lower bound: -2.710343447313766

