x_opt: [0.5258473123328664, 0.8988883819975897, 0.10111161647931852, 0.8988883885782294, 0.1011116171857642, 0.10111161625465626, 0.10111161633195903, 0.8988883830635881, 0.10111161465054518, 0.10111161845551613]
w_opt: [0.5258473121452316, 0.10111161634721673, 0.5258473121802847, 1.0326801518441183e-8, 0.10111161604180718, 1.2924564151351313e-9, 0.42473569575069403, 1.787230817647444e-10, 0.10111161807750856, 6.773912223069624e-10, 0.8988883818541643, 2.1086330871619945e-10, 0.10111161610918447, 1.272530408012227e-10, 0.8988883818576018, 1.527974335357414e-10, 5.851066660716793e-10, 0.10111161635815083, 0.10111161570186228, 0.10111161598554298, 0.10111161625906429, 3.095904684295987e-9, 1.6570087399504486e-10, 4.2033270787370557e-10, 6.1167721611963996e-9, 8.218212063756781e-9, 0.10111161572835164, 0.8988883826406066, 3.6830097147390536e-9, 0.10111161823124701, 3.2167419000434274e-10, 0.10111161576673204, 4.854241846249626e-10, 2.0327819770489598e-10, 1.1334559550335693e-10, 1.2586281802230666e-10, 3.123335600151449e-10, 0.10111161442279701, 2.7647893178840147e-9, 6.446729277466554e-10, 0.10111161446509248, 1.2157231512754556e-10, 2.0917047386150475e-10, 0.10111161799055467, 0.10111161418255615]
v_opt: [0.010223567090047984, 0.1011116143691533]
solution time: 0.005781888961791992
McCormick lower bound: -4.535272115075883

