x_opt: [0.5258472303161728, 0.8988881636744488, 0.10111167704689165, 0.8988883216851659, 0.10111177148010167, 0.10111167448013458, 0.10111169420493114, 0.8988882308687014, 0.10111167356958055, 0.10111185011219646]
w_opt: [0.5258472280812067, 0.10111167526970083, 0.5258472274815003, 7.296012360140925e-7, 0.1011116712065536, 2.0719829977778946e-8, 0.42473546527292994, 3.467119290222494e-9, 0.1011118447211485, 7.540879838974897e-9, 0.8988881609451976, 4.334733657312393e-9, 0.10111167144194684, 1.5462586088868174e-9, 0.8988881615858335, 2.1149462988961743e-9, 1.5391613757079804e-8, 0.10111167470646655, 0.10111165817031695, 0.10111166621905786, 0.10111167305300264, 7.195888558369395e-8, 2.6349354316844645e-9, 6.995202602093527e-9, 1.0080293007215386e-7, 4.660468425145968e-8, 0.10111168233549024, 0.8988882220259798, 1.013891191286332e-8, 0.10111184713388045, 4.8724993020680715e-9, 0.10111166740419579, 8.110938813967692e-9, 3.4803177326965363e-9, 2.131131564203729e-9, 1.5896623519753507e-9, 3.6148794480721514e-9, 0.10111166866350674, 3.925101326041208e-8, 3.3670056674906536e-9, 0.10111167012079687, 1.6223220834329468e-9, 3.687414391366006e-9, 0.10111184213636017, 0.10111166517300552]
v_opt: [0.010223956175003927, 0.10111166988349468]
solution time: 0.007144927978515625
McCormick lower bound: -3.0785294071743494

