x_opt: [0.5192689869745271, 0.8944792394108143, 0.10552075440157101, 0.9017845148202729, 0.10552076046608369, 0.10552075251205821, 0.10552075478403619, 0.894479239692248, 0.10552075242184246, 0.10552076045554917]
w_opt: [0.5192689868690498, 0.10552075433217395, 0.5192689868589186, 4.765612381612933e-9, 0.10552075237227897, 1.018583970904303e-9, 0.4137482268376195, 1.0216722970525708e-10, 0.10552076026447738, 2.700669373524969e-10, 0.8944792393049557, 2.083908506149267e-10, 0.10552075241954573, 5.957741615817371e-11, 0.8944792392920901, 7.775496905347964e-11, 1.0109877256177432e-10, 0.10552075432444478, 0.10552075402023103, 0.10552075231438744, 0.10552075427876464, 9.066197865385329e-10, 9.587098450584328e-11, 2.175825010564982e-10, 0.007305275478705615, 0.007305268227918624, 0.10552075438510061, 0.8944792394601809, 0.007305267424682647, 0.10552076031300833, 1.837697575065801e-10, 0.10552075449279617, 2.909665011831892e-10, 1.1543811504303753e-10, 8.764157132790704e-11, 7.740304324048342e-11, 1.289201003162709e-10, 0.10552075223365678, 1.3572879769172034e-9, 3.1735410964465877e-10, 0.10552075230887611, 6.90961090648189e-11, 1.6065750062742536e-10, 0.10552076006936957, 0.1055207521735394]
v_opt: [0.011136193916618317, 0.10552075226873955]
solution time: 0.005632877349853516
McCormick lower bound: -3.262426857130604

