x_opt: [0.3193525855942657, 0.6806474205543872, 0.31935256460425093, 0.9506479110584832, 0.3193525787393151, 0.31935255076671065, 0.3193525648277566, 0.6806474215501248, 0.049352091508037606, 0.3193525796765071]
w_opt: [0.31935258534322614, 0.3193525644655376, 0.31935258545183043, 8.938768098136235e-9, 0.31935255056046596, 1.6228614600902043e-9, 7.574751153808832e-9, 1.4183671251053496e-10, 0.31935257938121964, 6.080311421017623e-10, 0.6806474204070494, 2.822304912711612e-10, 0.31935255064606805, 1.2583028459813218e-10, 0.6806474203669413, 1.3211389410201516e-10, 4.884999313587906e-10, 0.3193525644811433, 0.31935256401265316, 0.31935255047011, 0.31935256443206855, 2.5192812246383103e-9, 1.591975416620104e-10, 3.570021018269361e-10, 0.2700004901154709, 0.27000046422709206, 0.3193525642983375, 0.6806474211392046, 2.9163639002856615e-9, 0.31935257944625783, 3.029469820058727e-10, 0.3193525644234044, 5.473606303517567e-10, 1.8228174733482495e-10, 1.0681736199391729e-10, 1.7096995919586516e-10, 3.074914302255255e-10, 0.049352091302201244, 2.809077145795384e-9, 5.471827700094256e-10, 0.049352091299315025, 1.3950198949968493e-10, 1.8467329150363064e-10, 0.3193525791904416, 0.04935209110096923]
v_opt: [0.10198609544752689, 0.04935209120444328]
solution time: 0.005077838897705078
McCormick lower bound: -3.7424639708752867

