x_opt: [0.7474436361323052, 0.777610571376429, 1.4669003413973319e-8, 0.9999999400788607, 0.22238942796838812, 1.4114443799238672e-8, 0.22238942681728244, 0.7776105764335179, 1.431313545656194e-8, 0.777608232249689]
w_opt: [0.7474436352206763, 1.4006220032860118e-8, 0.7474436356351011, 6.806685466934118e-8, 1.3433149620085315e-8, 4.2009579836300085e-9, 0.5250542143871573, 7.484825866891679e-10, 0.7474436349807644, 1.6612520588649435e-9, 0.7776105708046431, 2.2316257853225796e-9, 1.3505443278760561e-8, 1.2302554062681733e-9, 0.7776105707308882, 5.441515496958747e-10, 0.5552188045088622, 1.3821957320897273e-8, 1.3191488317009464e-8, 1.1951519567840779e-8, 1.4207262241277428e-8, 5.0253225925568375e-9, 7.230528988538168e-10, 2.033100408854169e-9, 0.22238936901478787, 5.527023092848441e-9, 0.22238942287684607, 0.777610574531027, 1.1148870784716013e-9, 0.7776082315918553, 1.2882253953193824e-9, 0.2223894225683332, 5.9536946851196116e-9, 9.561680530754015e-10, 3.9099327721910795e-10, 5.772543376997945e-10, 1.0850980793764345e-9, 1.2732620798893587e-8, 6.640481138313978e-9, 5.076469777397567e-9, 1.334690064911081e-8, 6.091682351707334e-10, 5.285309937946469e-10, 0.7776082306753395, 1.2237977147773027e-8]
v_opt: [0.049457092845599196, 1.321955954412258e-8]
solution time: 0.00616908073425293
McCormick lower bound: -2.816237920118975

