x_opt: [0.576643572410251, 0.576643578099905, 1.1566224400638584e-7, 0.9608309447483859, 0.0391691165480457, 0.03916904216153731, 0.03916907338844753, 0.9608308822832269, 0.039169050091721044, 0.44467412832458353]
w_opt: [0.5766435710012825, 1.1466520112128073e-7, 0.5766435708089918, 7.633117958509567e-8, 0.03916904052045907, 1.2542437103889806e-8, 0.5374744568324434, 2.3785607011697673e-9, 0.4446741250258939, 2.7662350172111687e-9, 0.5766435763913236, 3.3123684241282117e-9, 0.0391690398735809, 1.0852237247870821e-9, 0.5766435768545397, 1.0321146496764333e-9, 0.02131770757330075, 1.1323684457769337e-7, 1.115726913914322e-7, 1.1086857282144651e-7, 1.142543950340689e-7, 1.017963378893247e-8, 1.603428238965727e-9, 4.400596972133104e-9, 6.340110468275915e-8, 1.9072715665076056e-8, 0.03916906104022049, 0.9608308779845647, 3.536518879768338e-9, 0.4446741269820255, 2.7073673154264224e-9, 0.039169063814535963, 3.9944416873701525e-9, 2.300562977528742e-9, 1.2399634416389218e-9, 8.558688268353462e-10, 1.6348905955788794e-9, 0.03916904061921345, 2.2178602433943477e-8, 3.5841307157420324e-9, 0.03916904819188691, 9.044691203984666e-10, 1.64366135110592e-9, 0.4446741241182551, 0.03916904515319646]
v_opt: [0.0015352442579486686, 0.03916904814561481]
solution time: 0.006464958190917969
McCormick lower bound: -1.941507552199761

