x_opt: [0.5258463598273897, 0.8988866968213488, 0.10111327704697548, 0.8988880293282001, 0.1011133021924947, 0.10111201146545572, 0.10111329298345524, 0.8988867001341062, 0.10111200998997595, 0.10111330331901547]
w_opt: [0.5258463592176736, 0.10111327662191193, 0.5258463592746222, 9.858145309977768e-8, 0.1011120107609436, 5.524587858665597e-9, 0.4247330610185804, 6.12059257640802e-10, 0.10111330218020843, 1.5675845306328997e-9, 0.8988866962854132, 1.1397943718977195e-9, 0.10111201093571023, 4.063009342098827e-10, 0.8988866962758915, 4.450153096083595e-10, 9.662065168041194e-10, 0.10111327656252046, 0.10111327513714649, 0.10111201048202208, 0.10111327655064391, 6.242529380117732e-9, 5.676803388354791e-10, 1.4018238636800511e-9, 1.3325138978602944e-6, 4.932724800952939e-8, 0.10111329037041503, 0.8988866987519307, 4.039762414079162e-8, 0.10111330261786937, 1.060848728539857e-9, 0.10111329112534805, 3.112563181246587e-9, 7.014147730599391e-10, 4.170599205272419e-10, 4.2790420455795857e-10, 7.599600161865634e-10, 0.1011120090931539, 1.273565044451891e-8, 1.7286087884590664e-9, 0.10111200935681974, 4.0452449298450747e-10, 6.668020792816602e-10, 0.10111330156734788, 0.10111200852718667]
v_opt: [0.010223904234740112, 0.10111200909195746]
solution time: 0.005835056304931641
McCormick lower bound: -3.198896712699378

