x_opt: [0.3193562261416782, 0.6806460663795617, 0.31935268058314287, 0.9506439805558177, 0.3193535606861701, 0.31934536256651286, 0.31935284683940623, 0.6806464580543689, 0.04935624513509851, 0.319355597345725]
w_opt: [0.31935621429009814, 0.31935267372380205, 0.3193562214950259, 8.400749726198452e-7, 0.31934535504523026, 1.0464336992041618e-7, 2.7025772761090922e-6, 5.131677979945667e-9, 0.3193555488949533, 1.884086274063336e-8, 0.6806460612628884, 2.8859546729410196e-8, 0.31934535846263434, 5.308834969171821e-9, 0.680646060269795, 4.7134285491810654e-9, 1.6732108956633316e-6, 0.3193526760318247, 0.3193526155359331, 0.3193453302917391, 0.31935267253017946, 2.3550374976485683e-7, 6.638071810692867e-9, 1.5272522143341156e-8, 0.26999755804402875, 0.2699894925517803, 0.3193528101286795, 0.6806464327906864, 2.937613736632649e-7, 0.3193555880693145, 1.48477925481153e-8, 0.31935271101958196, 4.777229148809486e-8, 9.092987225063477e-9, 3.48564315324721e-9, 6.669751993887221e-9, 3.301646766340622e-8, 0.04935623216632157, 2.45253792498072e-7, 1.6358261216326945e-7, 0.049356236479303595, 5.506041422933304e-9, 7.378951370407399e-9, 0.31935557760593686, 0.04935622203405211]
v_opt: [0.1019862570311128, 0.04935622933150885]
solution time: 0.0053479671478271484
McCormick lower bound: -3.660226613302165

