x_opt: [0.5258469629007212, 0.8988874824238581, 0.10111192304525132, 0.898888056328992, 0.10111233768573182, 0.10111189437529094, 0.10111212135709985, 0.8988876597484351, 0.10111189140527362, 0.10111256863712319]
w_opt: [0.5258469618492497, 0.10111192217316108, 0.5258469616109205, 1.0546832103364026e-6, 0.1011118927632673, 2.013020986475608e-8, 0.4247346258848404, 1.871478204878335e-9, 0.10111256266601319, 5.174225035951003e-9, 0.8988874810606852, 1.6103169223549888e-9, 0.10111189289994307, 9.138905936220262e-10, 0.8988874815752586, 1.1285233201602427e-9, 5.1494001484514706e-8, 0.10111192197646977, 0.10111191216435718, 0.10111188781160618, 0.10111192013421813, 1.23863371265267e-7, 1.3187090442634967e-9, 4.154562395194047e-9, 4.014616924917177e-7, 2.474448671889779e-8, 0.10111211195138048, 0.8988876439755042, 3.470959839610876e-9, 0.10111256718175442, 2.6620163025852152e-9, 0.10111207861141594, 5.695373063972007e-9, 2.09754751029547e-9, 1.4516958350397125e-9, 7.085738763015052e-10, 1.9060188120418605e-9, 0.10111188754220772, 3.9264732381050644e-8, 5.230989214832161e-8, 0.10111188976808107, 7.462957809046717e-10, 2.5064765444363186e-9, 0.10111256449793608, 0.1011118851984496]
v_opt: [0.010224135110775886, 0.10111188960576196]
solution time: 0.006273984909057617
McCormick lower bound: -3.3368436606034195

