x_opt: [0.36225662054028795, 0.6377437580420904, 0.22390210188231802, 0.7760978890528839, 0.3622540843198305, 0.2239022086097785, 0.22390208802956174, 0.6377458437314357, 0.22390215636741317, 0.36225628924605363]
w_opt: [0.3622566057488944, 0.2239020985943335, 0.3622566134388988, 2.090059526624246e-6, 0.22390218662461608, 5.123170753875637e-7, 2.5415959288920095e-6, 5.4482169447410296e-9, 0.3622562746583628, 2.1198155526705927e-8, 0.6377437416983395, 2.4072935688476726e-8, 0.22390220403293895, 5.11650132278604e-9, 0.6377437439546644, 5.528346301386293e-9, 5.9527794506539516e-8, 0.22390209613105913, 0.2239020861598866, 0.22390204383715004, 0.22390208534305667, 5.4609286930234335e-8, 6.854852066192935e-9, 1.9989808425199846e-8, 0.13835202007261369, 2.9940116140927226e-7, 0.22390200636552376, 0.6377457796889845, 7.677812907939284e-8, 0.36225627611339917, 2.1887789540282102e-8, 0.2239020311818264, 5.216335255523279e-8, 1.4116017566393436e-8, 1.656647437255994e-8, 7.1807338843876305e-9, 9.842734697490503e-9, 0.22390210981576486, 9.496433539381172e-8, 5.6410045454512286e-8, 0.223902076161286, 5.788013102500244e-9, 2.193290673988994e-8, 0.36225622683648984, 0.22390211474626054]
v_opt: [0.05013244044398947, 0.22390214423475002]
solution time: 0.00448918342590332
McCormick lower bound: -1.803814749534418

