x_opt: [0.3622562585609491, 0.6377433975400616, 0.22390139087139424, 0.7760962455525182, 0.36225536449096646, 0.22390345627833988, 0.22390337316496783, 0.6377442017231176, 0.2239033879525055, 0.3622565768043969]
w_opt: [0.3622562414067097, 0.22390138722256592, 0.362256253367749, 1.322870678822216e-6, 0.22390343831143586, 7.040988527842054e-7, 5.675461363485013e-7, 4.124125169293452e-9, 0.3622562348333481, 1.7946767633812623e-8, 0.6377433819719326, 5.3963902624304265e-8, 0.22390345249009608, 6.733607051681573e-9, 0.6377433474320282, 3.510045137167851e-9, 2.0969490520010822e-8, 0.22390138304449578, 0.2239013741269198, 0.2239013342516788, 0.2239013858053413, 4.327627603722836e-8, 7.455254250972353e-9, 1.584318000466699e-8, 0.13835163234608455, 4.016100011926448e-7, 0.223903289775145, 0.6377441705667064, 3.1261314023812325e-8, 0.3622565673716691, 1.6741048608162092e-8, 0.22390332299147084, 2.103484491793828e-8, 1.1178544719669391e-8, 7.510005638317925e-9, 1.1580636289182745e-8, 9.564845784845416e-9, 0.2239033663981481, 1.444686844818681e-7, 3.2253556362848e-8, 0.2239033461863349, 7.618528806833153e-9, 1.2789008952127143e-8, 0.3622564936028345, 0.22390335379158188]
v_opt: [0.05013274370864231, 0.22390337551698106]
solution time: 0.004457950592041016
McCormick lower bound: -1.3878529075922492

