x_opt: [0.5533169710754959, 0.5533169752736583, 1.8366250078452907e-8, 0.9301548624825775, 0.069847273038317, 0.06984513263243369, 0.06984513819286242, 0.9301527268032472, 0.0698451361327418, 0.4466830254826842]
w_opt: [0.553316970716675, 1.8094938933448034e-8, 0.55331697052618, 2.303452338057149e-8, 0.06984513211673904, 4.068234296512627e-9, 0.4834696984601218, 6.684333308556473e-10, 0.4466830244496543, 7.855386232921683e-10, 0.5533169747061994, 9.42638398006959e-10, 0.06984513194632225, 2.753560113302189e-10, 0.5533169748860353, 2.944614961193143e-10, 1.1704385285305635e-9, 1.7739870614415522e-8, 1.7091482641167974e-8, 1.6957972419953446e-8, 1.7904049956347676e-8, 2.6851344108542412e-9, 4.488253494810097e-10, 1.1393747374205588e-9, 2.136137151347843e-6, 5.10135747645128e-9, 0.06984513486908794, 0.9301527256882257, 1.106648882042359e-9, 0.44668302506410457, 7.790564877698531e-10, 0.06984513597848684, 1.0404871940594646e-9, 6.356871695838933e-10, 4.2757575290831924e-10, 2.4948137889521695e-10, 4.3660674508458385e-10, 0.06984513220625077, 5.789007881431854e-9, 1.0394428400505392e-9, 0.06984513554306032, 2.5554406584305994e-10, 5.600991250298599e-10, 0.4466830240179862, 0.06984513477528924]
v_opt: [0.0048785182762606715, 0.06984513558339436]
solution time: 0.0072329044342041016
McCormick lower bound: -1.859299024143969

