x_opt: [0.36225560527803613, 0.6377441964971248, 0.22390318301988837, 0.7760970359537142, 0.3622556420673914, 0.22390323505607582, 0.2239031966285907, 0.6377443528356197, 0.22390294697841842, 0.36225571829358516]
w_opt: [0.36225559087064674, 0.22390317656868353, 0.36225560215027125, 2.1050800954244125e-6, 0.223903228445156, 1.1006029989889332e-6, 4.973957587196442e-8, 2.3014260056995974e-9, 0.3622555460889012, 1.1728767731348126e-8, 0.6377441889742738, 1.8722524484990123e-8, 0.22390323326979775, 1.6952841064534191e-9, 0.6377441840238154, 2.03778338863859e-9, 7.027390554211268e-9, 0.22390318046954083, 0.22390317221721828, 0.22390317320817069, 0.2239031778388378, 8.297556232284615e-8, 3.3652530821013703e-9, 8.83448770691782e-9, 0.13835269493257552, 9.711522794294587e-7, 0.22390313561715022, 0.6377443435108826, 9.651455946497411e-8, 0.3622557110185157, 1.3218725255903466e-8, 0.22390318702458753, 1.150138269450979e-8, 6.395083910921104e-9, 5.986732047856104e-9, 1.827654766509908e-8, 5.379972982907127e-9, 0.2239029386521123, 3.538047684614003e-7, 4.184598734467345e-8, 0.22390293659670457, 4.069433731180827e-9, 1.0904509930255228e-8, 0.3622556430068719, 0.22390292900194234]
v_opt: [0.05013266361605542, 0.22390293915939896]
solution time: 0.0044939517974853516
McCormick lower bound: -1.7188116373775384

