x_opt: [0.5258474146290442, 0.8988882992466825, 0.10111163348092582, 0.8988885229106873, 0.10111164480591144, 0.10111152818570336, 0.10111163379004232, 0.898888371724015, 0.10111148907296708, 0.10111198054259041]
w_opt: [0.5258474123606093, 0.10111163128280792, 0.5258474128606471, 7.121228262290351e-7, 0.10111152512601036, 2.097573626750842e-8, 0.42473579650261983, 2.6648286286403406e-9, 0.10111197730334509, 1.4974596904958596e-8, 0.8988882976490359, 3.2467246762045143e-9, 0.10111152628712568, 2.042506158145467e-9, 0.8988882977917935, 2.0814260682134036e-9, 2.8138232457031767e-7, 0.10111163197466667, 0.10111161288790188, 0.10111152453535832, 0.10111163056446715, 7.577698589192996e-8, 2.2740787111677535e-9, 7.195484217441234e-9, 1.7283354607584904e-7, 1.3607501429386586e-7, 0.10111162092601639, 0.8988883662173771, 1.7632735609378268e-8, 0.10111197748162745, 5.124399166786404e-9, 0.10111161818198501, 2.007891179568017e-8, 3.7031258445208794e-9, 1.3212637553551206e-9, 1.4107292292627631e-9, 4.475996917335708e-9, 0.1011114854615282, 9.836359923695447e-8, 4.002076098294104e-8, 0.10111148685630557, 1.4259770784416946e-9, 2.595431697362708e-9, 0.101111974763717, 0.10111148290412701]
v_opt: [0.01022446949216826, 0.10111148483026954]
solution time: 0.0065860748291015625
McCormick lower bound: -5.06140354579474

