x_opt: [0.5258471984675503, 0.898888213913786, 0.10111170689843318, 0.8988883881583387, 0.10111174828020855, 0.10111168823913923, 0.10111170577376498, 0.898888252015207, 0.10111168633060175, 0.1011117968084839]
w_opt: [0.5258471979770895, 0.10111170641220438, 0.5258471979028851, 3.8967707485906876e-7, 0.10111168739424026, 8.978990952666063e-9, 0.4247354527992266, 7.509322941979115e-10, 0.10111179587878863, 1.965648817504531e-9, 0.898888213384898, 6.167547427959536e-10, 0.10111168769122061, 3.3034304294887553e-10, 0.8988882134917164, 5.351785149980254e-10, 1.107973868280826e-8, 0.10111170649244446, 0.10111170191897673, 0.10111168616602763, 0.10111170490025288, 3.2602314978629724e-8, 5.463036101666796e-10, 1.6240438727042252e-9, 1.3810341351616493e-7, 9.592748184351549e-8, 0.10111170252450492, 0.8988882497201572, 7.991935958338663e-8, 0.10111179603026257, 1.3721512745389813e-9, 0.10111170266933095, 1.940601215254404e-9, 8.844147225280403e-10, 5.74215217357576e-10, 3.410232440264932e-10, 1.2889182594773462e-9, 0.10111168505246065, 2.249147205764544e-8, 6.18329688230214e-9, 0.10111168563074163, 3.337401807323908e-10, 1.8226496016510756e-9, 0.10111179473115856, 0.1011116840846029]
v_opt: [0.01022381009588589, 0.10111168549765039]
solution time: 0.00749516487121582
McCormick lower bound: -3.895163715856049

