x_opt: [0.36823643825405095, 0.6317635617938478, 0.21769903909011484, 0.7823009611352564, 0.3524673438989943, 0.21769903888820963, 0.21769912681745357, 0.6475326561522482, 0.21769903888256992, 0.3682364383612698]
w_opt: [0.3682364382372996, 0.21769903907880986, 0.36823643824025987, 9.803259098328837e-10, 0.21769903887152697, 1.614040838619862e-10, 0.015769094445774606, 1.5438089100978412e-11, 0.3682364380853516, 3.2372025822083306e-11, 0.6317635617780148, 2.7240222724843107e-11, 0.2176990388741911, 1.1453555676408554e-11, 0.6317635617792697, 1.0530508500326472e-11, 1.7345907788647451e-10, 0.2176990390726236, 0.21769903905023882, 0.21769903882475594, 0.21769903907743215, 1.1246765176462999e-10, 1.5217403054521032e-11, 3.607679660321834e-11, 0.1347683050569475, 4.53005672738636e-10, 0.21769912671839226, 0.6475326561116379, 7.939819750790479e-11, 0.36823643834562797, 2.6470436976343953e-11, 0.2176991267615525, 8.870717574364419e-11, 1.8673870951999656e-11, 1.0625392249576336e-11, 1.2094064515539671e-11, 1.882764478892644e-11, 0.21769903885458616, 3.558739220799564e-10, 3.5851424427586544e-11, 0.21769903886117045, 1.101875096564759e-11, 1.599425768252904e-11, 0.3682364383190287, 0.21769903883885322]
v_opt: [0.04739292230963066, 0.2176990388596891]
solution time: 0.0041348934173583984
McCormick lower bound: -2.145801499436768

