x_opt: [0.7429876922116523, 0.7907408358128634, 5.531000783000982e-8, 0.9999998638815006, 0.20925916686316473, 5.056164118822435e-8, 0.20925912580513473, 0.7907408684265583, 5.8829526402321684e-8, 0.7429885412177575]
w_opt: [0.7429876912242926, 5.44123453058374e-8, 0.7429876915646492, 1.6771776744752345e-6, 4.9630643156805073e-8, 1.005011152673389e-8, 0.533728562714813, 1.0242130849020578e-9, 0.7429876907058094, 1.885358142926455e-9, 0.7907408350784728, 5.599402813460742e-9, 4.9689202303974006e-8, 1.1073628051634742e-9, 0.7907408350289932, 7.179929250277585e-10, 0.5337293779505476, 5.423243955661233e-8, 5.358131665295588e-8, 4.7750025206410996e-8, 5.4687751324067834e-8, 3.985683679978391e-9, 8.884105540474067e-10, 2.376724954679109e-9, 0.20925903191313913, 3.82995480714148e-8, 0.20925911873266353, 0.7907408664086387, 1.4746165391010957e-9, 0.74298854040116, 2.0157603673498108e-9, 0.20925912458193188, 3.767701780729655e-8, 1.5831316223582194e-9, 5.498031436004751e-10, 7.05422714716555e-10, 1.2605404485474613e-9, 4.9624455774874e-8, 2.1515967341598784e-8, 1.393040769878732e-9, 5.766464870001765e-8, 7.577171872995169e-10, 7.005355029962566e-10, 0.7429885393770354, 5.609657413941129e-8]
v_opt: [0.04378946568794037, 5.75555326198038e-8]
solution time: 0.006878852844238281
McCormick lower bound: -2.7931462162065572

