x_opt: [0.5253095670689655, 0.8979175064320479, 0.10208249108905543, 0.8986768107107644, 0.10208249330402028, 0.10132319712794194, 0.10208249192830361, 0.8979175084272756, 0.1013231946071004, 0.10208249392243225]
w_opt: [0.5253095667171631, 0.10208249085565324, 0.5253095668267566, 1.1639931393897986e-8, 0.10132319678428743, 2.1095260248616526e-9, 0.42322707613009225, 2.9353984734855253e-10, 0.10208249346230447, 1.2049545603189601e-9, 0.8979175062130612, 5.307806386068745e-10, 0.1013231968937126, 2.4607544415307326e-10, 0.8979175062038046, 2.455415394136528e-10, 6.915112032165598e-10, 0.10208249088531106, 0.10208248995926379, 0.10132319671851632, 0.10208249082257406, 5.391751138826288e-9, 2.8136099842481015e-10, 7.287881000376166e-10, 0.0007593045253571386, 1.2559618808425813e-8, 0.10208249091727925, 0.8979175077900771, 5.830461816443012e-9, 0.10208249355489375, 5.450869166300448e-10, 0.10208249106810663, 2.079328396699027e-9, 3.436767780201113e-10, 1.7638818326294566e-10, 2.199993106897554e-10, 4.435932057218663e-10, 0.10132319422957549, 5.0196860238831e-9, 1.5187333865567265e-9, 0.10132319431071861, 2.1324483161438585e-10, 2.833760643822984e-10, 0.10208249319661535, 0.10132319392679551]
v_opt: [0.010423090436551657, 0.10132319411458143]
solution time: 0.0074579715728759766
McCormick lower bound: -4.716534648013198

