x_opt: [0.5258474598807903, 0.8988882557948633, 0.10111170063443287, 0.8988885701950499, 0.10111170061271593, 0.10111146606643444, 0.10111170290571436, 0.8988883063737495, 0.10111144246678315, 0.10111217659545992]
w_opt: [0.5258474573525994, 0.10111169852252015, 0.5258474578693194, 6.089543995226539e-7, 0.1011114630443593, 2.216411903621547e-8, 0.4247357733690685, 3.0142084563478576e-9, 0.10111216840470161, 1.118026400869477e-8, 0.8988882538885259, 4.35387508589283e-9, 0.10111146382215117, 2.4099154784975038e-9, 0.8988882540494514, 2.2353014008421955e-9, 4.342737299926719e-7, 0.10111169874758978, 0.10111168292716068, 0.1011114617134405, 0.1011116980816865, 1.012158139099773e-7, 2.5587112485620306e-9, 7.703995791212135e-9, 2.757669798197633e-7, 1.4213299782165672e-7, 0.10111168919637412, 0.8988882996892057, 2.7665001837052947e-8, 0.10111217356623818, 5.487262583791782e-9, 0.10111168556036332, 1.1574060342874015e-8, 3.7990673969135226e-9, 1.53160729780488e-9, 1.631436773440134e-9, 4.080353365739699e-9, 0.10111143792894593, 1.01874045868753e-7, 3.329324735179388e-8, 0.10111143981044297, 1.697202620181361e-9, 2.583435543364231e-9, 0.10111217019925592, 0.10111143540642105]
v_opt: [0.010224796784304456, 0.10111143820972797]
solution time: 0.009063959121704102
McCormick lower bound: -4.284420047861718

