x_opt: [0.5927706089108329, 0.738008326923827, 0.26069301559978497, 0.9999995330388403, 0.2619916336370475, 5.350965426424759e-7, 0.26199157627419783, 0.738008383818531, 4.6609250620876826e-7, 0.5927705939304151]
w_opt: [0.592770602265952, 0.26069301167349357, 0.5927706055909379, 2.1319711793908717e-7, 5.304580666386192e-7, 4.1017220706569586e-8, 0.3307790037498539, 3.936996941222193e-9, 0.5927705826401701, 1.10869784873885e-8, 0.7380083230667319, 8.398327001769811e-9, 5.317453626266463e-7, 4.373397525973201e-9, 0.738008322435129, 3.2935185749664226e-9, 0.3307789259775877, 0.2606930111806869, 0.26069300497469505, 5.265874935843202e-7, 0.2606930125397477, 3.6265012354379955e-8, 4.424675958226735e-9, 1.0575801464433586e-8, 0.2619911734553715, 1.4914252280814213e-7, 0.26199155577688643, 0.7380083721186151, 1.3921285410169998e-8, 0.5927705891905605, 7.822217758730631e-9, 0.2619915589484193, 2.5467780142418025e-8, 5.182399806563504e-9, 2.571011828702973e-9, 4.391060372483462e-9, 6.754092994384544e-9, 4.60738297266607e-7, 7.244997850811237e-8, 1.30010657067859e-8, 4.59683061671434e-7, 3.822068144085785e-9, 3.9324509515998425e-9, 0.5927705830914928, 4.5381250020545105e-7]
v_opt: [0.06864220630774312, 4.5851049683355654e-7]
solution time: 0.006382942199707031
McCormick lower bound: -2.708747313203247

