x_opt: [0.36225566143691357, 0.63774450992635, 0.22390313539551884, 0.7760972295440338, 0.36225546041129963, 0.2239031381700728, 0.223903152107024, 0.6377445552155268, 0.22390302491951478, 0.3622554693587201]
w_opt: [0.3622556546603072, 0.223903132304654, 0.36225565763580153, 1.952560391632374e-6, 0.22390312968627127, 3.5547105406328824e-7, 7.203506322545677e-7, 3.138830399262325e-9, 0.36225546164099187, 6.7544139634011375e-9, 0.6377445059805237, 1.4692357632612865e-8, 0.2239031353169033, 2.5636674986541512e-9, 0.637744499004792, 2.779598461205893e-9, 6.612403624757062e-9, 0.2239031319233805, 0.22390312811132204, 0.22390313160119021, 0.223903129951863, 2.772431663799186e-8, 4.00670482046412e-9, 9.887783950688865e-9, 0.13835269439001568, 4.010967304988127e-7, 0.22390311823552475, 0.6377445484714991, 2.8518814329413146e-7, 0.36225546257988955, 9.462432430095446e-9, 0.22390312556783953, 4.4139718254115396e-8, 5.700861188005267e-9, 3.3848400793193437e-9, 5.347813530231811e-9, 3.3921807923190387e-9, 0.2239030120810579, 2.1022167940396917e-7, 2.6220091990092145e-8, 0.2239030211137921, 3.298693264638775e-9, 3.1895806292640613e-9, 0.3622554470510206, 0.2239030195188318]
v_opt: [0.05013285919225926, 0.22390301654238579]
solution time: 0.005258083343505859
McCormick lower bound: -2.413690399683356

