x_opt: [0.5258448142705976, 0.898886073799748, 0.10111333897070453, 0.8988887200055831, 0.10111389185611387, 0.10111334134283796, 0.10111333524784794, 0.8988861069538066, 0.10111333181942334, 0.1011139287725055]
w_opt: [0.5258448110906433, 0.10111333669222469, 0.5258448097292011, 2.546765314366702e-6, 0.10111333631399787, 6.153210792300319e-8, 0.4247309266496257, 4.081390504544367e-9, 0.10111392146338467, 1.2984004843199826e-8, 0.8988860699032852, 4.890947531512361e-9, 0.10111333760853256, 1.9821873113939953e-9, 0.8988860705903695, 3.0680143151005537e-9, 6.2502272729820124e-9, 0.10111333635285247, 0.10111331292243693, 0.1011133314594931, 0.10111333033729969, 1.1952162930197136e-7, 3.4326657723314217e-9, 8.281439925883983e-9, 2.620752690962345e-6, 2.202750020789592e-6, 0.1011133205826408, 0.8988860973655401, 2.0612830659307545e-6, 0.1011139236556442, 6.714264822036841e-9, 0.10111332106211182, 5.767481105769956e-9, 4.3504334741901055e-9, 3.413907388165064e-9, 2.350823051500568e-9, 5.018867697497798e-9, 0.1011133268873705, 5.5814790866749366e-8, 1.7767890944829944e-8, 0.10111332717382629, 2.2250330215071416e-9, 8.086119422983603e-9, 0.10111391387066838, 0.10111332093886367]
v_opt: [0.010224646288710419, 0.1011133266160667]
solution time: 0.005934000015258789
McCormick lower bound: -3.6006600931271104

