x_opt: [0.3295404720225502, 0.7673133079202846, 0.23268668720681257, 0.9853132890208406, 0.2326866912536301, 0.23268668716999266, 0.23268668673281973, 0.7673133086481398, 0.23268668629440734, 0.2326866919820729]
w_opt: [0.3295404718558606, 0.23268668708969129, 0.32954047183071816, 9.480312239231138e-9, 0.23268668691057431, 1.864022668994956e-9, 0.09685378125452151, 1.4499700391663536e-10, 0.23268669093158828, 4.3727790710906824e-10, 0.7673133077448017, 2.4594279878766025e-10, 0.2326866870400445, 8.061757484317083e-11, 0.7673133077298353, 1.2274998987804915e-10, 1.7387902029183553e-10, 0.23268668709955773, 0.23268668644401244, 0.2326866865533348, 0.23268668650026902, 2.4256038533035194e-9, 1.368292931237303e-10, 3.0831324895637925e-10, 0.21799998060062137, 0.21799998026307257, 0.232686686144408, 0.7673133082874429, 0.2179999758160742, 0.23268669173932968, 2.9032137369662713e-10, 0.23268668624177877, 2.4374760750168544e-10, 1.6811752142499164e-10, 1.8525143514476223e-10, 1.2305871338246977e-10, 2.090588010465995e-10, 0.23268668606796453, 1.959874564001406e-9, 6.47436738347674e-10, 0.2326866860481542, 1.0116537147468832e-10, 3.496228382579292e-10, 0.23268669126842279, 0.2326866858677609]
v_opt: [0.05414320016336864, 0.23268668607306484]
solution time: 0.005768775939941406
McCormick lower bound: -3.233220238516493

