x_opt: [0.36225292015344446, 0.6377472036055607, 0.2239046544304332, 0.7761044991009083, 0.3622527175236166, 0.223904572485508, 0.22390474568228588, 0.6377474528188113, 0.2239044166453216, 0.36225281073408183]
w_opt: [0.36225290660165355, 0.22390464570971105, 0.36225291384118286, 2.0162419881142958e-6, 0.2239045565939105, 4.043009734332401e-7, 4.72221770031421e-7, 6.527613800834834e-9, 0.3622527854558315, 2.0439863074667565e-8, 0.6377471958965705, 2.5485808242074802e-8, 0.22390456806613412, 3.1142084193700066e-9, 0.6377471945159584, 4.0001927349367305e-9, 2.9131668086181327e-8, 0.22390465035605844, 0.22390463765322463, 0.22390456866044373, 0.2239046507120077, 1.3308107368264407e-7, 5.626809357470294e-9, 2.1285901515074496e-8, 0.138357234948798, 9.212118693687561e-6, 0.22390468283408754, 0.6377474347892227, 8.971415808599879e-6, 0.36225279660625276, 2.4441180008064195e-8, 0.22390472263611735, 1.767085589078578e-7, 1.2670354814557738e-8, 1.324636530967216e-8, 4.6514625725784846e-9, 9.049513598546487e-9, 0.22390438285050232, 3.646523785278217e-7, 6.314349434926503e-8, 0.22390441337295508, 3.536500673595222e-9, 1.6003637524600428e-8, 0.362252781323341, 0.22390439231014073]
v_opt: [0.050133492815679026, 0.22390440636566739]
solution time: 0.004954099655151367
McCormick lower bound: -2.8782327912144745

