x_opt: [0.40037526178183036, 0.400375114588673, 5.946828664545633e-9, 0.8068189505851187, 0.19318104981632975, 0.19318104974331238, 4.645054612262516e-6, 0.5996247361283195, 0.19318104848006643, 0.599624886122672]
w_opt: [0.40037511398103504, 5.637762176723549e-9, 0.4003752611899706, 5.201423162918851e-8, 0.19318104922648394, 3.781966949563452e-8, 9.530099859786717e-10, 4.2730520474701993e-10, 0.4003752607930454, 6.343108879961393e-10, 0.4003751125870162, 0.1931810247169746, 0.19318104924221935, 3.4642621042354324e-10, 0.4003751125079325, 2.597174652704924e-10, 1.9032610323409564e-9, 3.57240250990182e-9, 5.017359772481637e-9, 2.4370113746020654e-9, 5.497749463820449e-9, 1.6256725323961984e-9, 4.5845870178628876e-10, 8.006574931947686e-10, 1.5392051745205117e-9, 8.82178929745624e-9, 4.5695132297029345e-6, 0.5996247339212304, 1.2464898879870006e-9, 0.5996248856900517, 7.520009376615144e-10, 9.464324994852527e-9, 6.651773289202707e-10, 5.762199707911494e-10, 5.153004946542425e-10, 5.546183905361189e-10, 4.765838203661309e-10, 0.1931810479074256, 6.325213798970846e-9, 1.5533746769084651e-9, 4.643453498548097e-6, 3.8155674861750644e-10, 7.379355248859742e-10, 0.5996247337424179, 0.1931810464071768]
v_opt: [1.2561153733094198e-6, 0.19318104783543394]
solution time: 0.005264997482299805
McCormick lower bound: -0.7299792723979159

