x_opt: [0.7064563593572143, 0.7075059484636452, 6.253348689173634e-8, 0.9999999063782944, 0.16444862644307315, 7.983465994330741e-8, 0.1644486220262856, 0.8355513765282453, 8.710813282568711e-8, 0.7064563474292852]
w_opt: [0.7064563585649996, 6.186543420002616e-8, 0.7064563584510257, 5.731321923932731e-8, 7.882380547359486e-8, 7.434608772957313e-9, 0.5420077373741756, 1.3929214961034725e-9, 0.7064563451484827, 1.8839131419501423e-9, 0.7075059475138018, 1.8329672016178868e-9, 7.858848636772848e-8, 7.406691998738509e-10, 0.7075059477139336, 6.788031058685401e-10, 0.4139622966549571, 6.123420840996256e-8, 6.006521498772688e-8, 5.96691150257872e-8, 6.171837462792046e-8, 6.771814821972301e-9, 1.0009223656788766e-9, 2.8313575886500014e-9, 0.1644485341123, 1.0644283303646161e-8, 0.16444861591994278, 0.8355513741113335, 1.9173877848483915e-9, 0.7064563465679486, 1.7116091037960056e-9, 0.16444861725681853, 5.008071185291588e-9, 1.4130249110114598e-9, 7.022265500179307e-10, 5.609202765198437e-10, 1.0809794303227351e-9, 7.886263739532821e-8, 1.2652101980647414e-8, 2.226524903367816e-9, 8.601346968610129e-8, 5.991447454322842e-10, 9.255886555125532e-10, 0.7064563449765069, 8.419627187256056e-8]
v_opt: [0.027044968258475317, 8.584347137528935e-8]
solution time: 0.007937908172607422
McCormick lower bound: -2.214684173884103

