x_opt: [0.5258479029510312, 0.8988885969513124, 0.10111119851785896, 0.8988887855241623, 0.10111121973329724, 0.10111118558786093, 0.10111120202576585, 0.8988887787204077, 0.10111118714115097, 0.10111215404378078]
w_opt: [0.5258479021449715, 0.10111119775176348, 0.5258479016825717, 5.20388015950589e-7, 0.10111118411694307, 1.3737569477629794e-8, 0.42473668394554837, 2.1920074069007805e-9, 0.101112125917597, 5.639462010880135e-9, 0.8988885958691006, 2.487965141698495e-9, 0.10111118364497662, 7.361485472476534e-10, 0.898888596237458, 1.0543129105870974e-9, 7.515504513933084e-7, 0.10111119746887347, 0.10111117302346238, 0.10111118214383617, 0.10111119619302154, 2.9457067945285235e-7, 1.3064112954071415e-9, 5.5213273563158e-9, 1.082007198239435e-8, 5.690104453401469e-8, 0.10111119237558584, 0.8988887501043342, 5.271105936839488e-9, 0.10111215281416662, 2.4823242482727876e-9, 0.10111119243816613, 3.660803410601202e-9, 2.2984936970846105e-9, 9.19300865687246e-10, 5.920222288831089e-10, 2.0404635921223216e-9, 0.10111118326464837, 8.530818909479888e-8, 3.4159953474442766e-9, 0.10111118568182173, 6.458480034514698e-10, 2.8783770184047806e-9, 0.10111215059253746, 0.10111118395546997]
v_opt: [0.010224000255458924, 0.10111118554498737]
solution time: 0.005574941635131836
McCormick lower bound: -3.5276123844339775

