x_opt: [0.3622556818888201, 0.6377443170772172, 0.2239031159106635, 0.7760968960696061, 0.3622556822372161, 0.223903115070562, 0.2239031211696715, 0.6377443178828087, 0.22390311280880965, 0.36225568123898894]
w_opt: [0.36225568170987993, 0.22390311581704248, 0.36225568174118616, 3.0030527135565946e-8, 0.22390311489949186, 6.393186496355493e-9, 7.837812596870554e-10, 1.0968211274144867e-10, 0.3622556809114649, 3.057536933427963e-10, 0.6377443169054569, 3.169644653929526e-10, 0.22390311496752519, 8.306741925831294e-11, 0.6377443168195102, 8.904525246586878e-11, 1.9732236987293917e-10, 0.22390311579885042, 0.22390311550691488, 0.22390311464646756, 0.22390311577347774, 1.3766012442117035e-9, 1.2944590375558086e-10, 2.658947876156604e-10, 0.1383525785563647, 1.6524475916550343e-8, 0.2239031203446838, 0.6377443175431117, 9.219493561880298e-9, 0.3622556810532743, 2.4752912766386816e-10, 0.22390312074013688, 3.4201930950253694e-10, 1.633763300857355e-10, 1.1986681401516693e-10, 1.452438164681475e-10, 1.6337573451186628e-10, 0.22390311260788567, 4.698042650193105e-9, 4.917205489089469e-10, 0.2239031125944714, 1.0407262324824078e-10, 2.1850675683377672e-10, 0.3622556804775046, 0.22390311246257816]
v_opt: [0.05013265375438536, 0.22390311257382536]
solution time: 0.005020856857299805
McCormick lower bound: -2.223653956862172

