x_opt: [0.2962296327431662, 0.7449864089423, 0.2550135537370268, 0.9999783669785741, 0.2550135861045411, 0.255013443303153, 0.25501355639493434, 0.7449864178001894, 0.2550130524396208, 0.25501359142799007]
w_opt: [0.29622962998308483, 0.2550135520926489, 0.2962296307851117, 1.2679985291895588e-7, 0.2550134405448873, 2.0325497486051852e-8, 0.041216055407910374, 1.935534228642345e-9, 0.25501358788387807, 7.457325134016745e-9, 0.7449864070195356, 3.486901930767089e-9, 0.2550134416464792, 1.5208574513221978e-9, 0.7449864067016422, 1.7529468772090372e-9, 3.4778235393988324e-9, 0.2550135522355454, 0.2550135455969242, 0.25501343985096225, 0.25501355113998514, 2.8722066187946432e-8, 2.0266327639586068e-9, 4.649883912424398e-9, 0.2549919572650882, 0.2549918395328004, 0.2550135486543687, 0.7449864127890494, 0.254991423068882, 0.2550135883234625, 3.933721928046726e-9, 0.2550135506932914, 6.700735850799557e-9, 2.366026839593382e-9, 1.4741016181113344e-9, 1.917911757075354e-9, 3.3875779516878957e-9, 0.2550130497835012, 3.470518019714799e-8, 8.156700010811934e-9, 0.2550130499260142, 1.6528470419718945e-9, 2.684324916855018e-9, 0.25501358475553204, 0.25501304709639394]
v_opt: [0.06503265722734665, 0.2550130487956997]
solution time: 0.0052869319915771484
McCormick lower bound: -4.048045274657548

