x_opt: [0.43665131955217296, 0.4366512557493145, 2.555324437957667e-9, 0.781906687031257, 0.2180933127697082, 0.2180933135536893, 0.21809321006836688, 0.5633486801916807, 0.21809331278334262, 0.5633487524019858]
w_opt: [0.43665125555963324, 2.438866730940547e-9, 0.43665131936003965, 2.4092559976537632e-8, 0.2180933133691048, 6.610010817932456e-9, 4.70076304403724e-10, 1.7211046713628e-10, 0.43665131919829925, 2.336096982788856e-10, 0.4366512551429679, 0.21809330872519853, 0.21809331335312135, 1.3908997936659937e-10, 0.43665125519938697, 9.700059666696936e-11, 8.510626140456918e-9, 1.1887497168034193e-9, 2.2192620646352304e-9, 9.424049657199375e-10, 2.3947184709541026e-9, 6.391476827568236e-10, 1.7735585521915627e-10, 3.2076322536163285e-10, 5.305867871882964e-10, 3.520899128158573e-9, 4.6479924875488085e-8, 0.563348679369215, 5.528132797974834e-10, 0.5633487522519484, 2.8247190342427497e-10, 2.881752258270708e-9, 2.8510244781186505e-10, 2.2871481001377902e-10, 1.7918940155310304e-10, 1.8236216843002415e-10, 1.76401886215467e-10, 0.21809331265294113, 2.4785713326724654e-9, 5.235612465253337e-10, 0.21809320951276365, 1.383695022292729e-10, 2.3766273003003963e-10, 0.5633486794368474, 0.21809331198462126]
v_opt: [0.047565631390168076, 0.21809331259301087]
solution time: 0.004502058029174805
McCormick lower bound: -0.7807828536323976

