x_opt: [0.5258473061758376, 0.8988883225480312, 0.10111163245605553, 0.8988884061505337, 0.10111164112277063, 0.10111161332885636, 0.10111162679448925, 0.898888371143331, 0.10111160708283602, 0.10111170696985886]
w_opt: [0.525847302921612, 0.10111162974841928, 0.5258473030763793, 3.000400252158421e-7, 0.10111160849430709, 3.403443154089626e-8, 0.4247356861987161, 4.261907528422373e-9, 0.10111169487723475, 2.419958718523065e-8, 0.8988883197496154, 4.391117330642809e-9, 0.10111161020965756, 2.901252186427288e-9, 0.8988883201192626, 3.278535086465937e-9, 3.2294320707136384e-8, 0.10111163016039285, 0.1011115997796502, 0.10111160435686362, 0.10111162457689434, 1.400207791540156e-7, 3.437066440946487e-9, 1.0142973378019629e-8, 5.5857175988709314e-8, 1.3124431266235809e-7, 0.10111161164549351, 0.8988883619124689, 3.4247595907565723e-8, 0.10111170214507594, 7.962510682302905e-9, 0.10111160501187073, 1.729352348942891e-8, 5.2157246017498246e-9, 2.529040630251999e-9, 2.2270734638343394e-9, 7.381629090897842e-9, 0.10111159751077928, 9.451462687700099e-8, 5.5574942658249944e-8, 0.1011116033237998, 2.2536556248619432e-9, 5.206853709889946e-9, 0.1011116965396895, 0.10111159683166279]
v_opt: [0.010228689691188427, 0.10111160143737354]
solution time: 0.005363941192626953
McCormick lower bound: -5.041166019885066

