x_opt: [0.5258472878327867, 0.8988883364097738, 0.10111165985195052, 0.8988883787966737, 0.10111166203228127, 0.10111162598608768, 0.10111166115703925, 0.8988883403013451, 0.10111162571908466, 0.10111166397510102]
w_opt: [0.5258472872512041, 0.10111165937581235, 0.5258472872050388, 2.5727081799892075e-8, 0.10111162516132803, 4.372464833653291e-9, 0.42473562927156955, 8.627018976612842e-10, 0.10111166276296676, 2.8158193348568687e-9, 0.898888335879796, 1.0130547070436346e-9, 0.10111162530854326, 5.024607861152653e-10, 0.8988883359383497, 5.948195894963366e-10, 9.768114051107905e-10, 0.10111165937834, 0.10111165651266121, 0.10111162490896705, 0.10111165907524064, 1.3832173875718254e-8, 6.553322506635469e-10, 1.876286762257299e-9, 4.20744054399703e-8, 1.6417299917471076e-8, 0.1011116587807821, 0.8988883387810629, 5.8710414556515305e-9, 0.1011116631681803, 1.2778426896697394e-9, 0.1011116585563483, 3.1432723093489437e-9, 8.644768989441488e-10, 4.5731525200385575e-10, 3.9411409075739657e-10, 9.886523894850635e-10, 0.10111162443515366, 1.0316106050848988e-8, 3.808289960804897e-9, 0.10111162508453884, 4.163150245940116e-10, 7.677300476215793e-10, 0.10111166224224247, 0.10111162399469822]
v_opt: [0.01022371413681644, 0.10111162472152035]
solution time: 0.004708051681518555
McCormick lower bound: -4.733202422693181

