x_opt: [0.49868145731874836, 0.8806803994496496, 0.11931959925606951, 0.9108482601381961, 0.11931960045270303, 0.1193195846748943, 0.11931959952842537, 0.8806804002271067, 0.11931958370257262, 0.1193196004720449]
w_opt: [0.4986814571091106, 0.11931959911604176, 0.49868145714400136, 7.696952833992773e-9, 0.11931958442781102, 1.47945223265063e-9, 0.3793618579181502, 1.8518712897933615e-10, 0.11931960015855209, 8.282094328103338e-10, 0.8806803992977833, 3.5096115982505047e-10, 0.11931958452235909, 1.3331480248310987e-10, 0.8806803992857398, 1.6120603537134487e-10, 2.2856225480081915e-10, 0.11931959913520056, 0.11931959836474493, 0.11931958440739324, 0.1193195990302241, 3.2052996422403725e-9, 1.7588872037198641e-10, 4.2937725813866517e-10, 0.03016786095689167, 0.030167846800680458, 0.11931959892149217, 0.8806803998288977, 0.03016784415737514, 0.11931960019881516, 3.508787229828894e-10, 0.11931959899668064, 8.88396865181801e-10, 2.117782944623924e-10, 1.2955163229600094e-10, 1.4205056694898132e-10, 2.842917761512462e-10, 0.11931958343063355, 2.8442008492382304e-9, 8.57537270055261e-10, 0.11931958351494557, 1.3258500266026115e-10, 2.3231149806187287e-10, 0.11931959991478422, 0.11931958326699198]
v_opt: [0.014240612170075712, 0.11931958339277525]
solution time: 0.0053060054779052734
McCormick lower bound: -5.176210442255613

