x_opt: [0.525847309338359, 0.8988883555665744, 0.10111162387557383, 0.8988883856991712, 0.10111163022503511, 0.1011116149860092, 0.10111162381066854, 0.8988883716304235, 0.10111161496478345, 0.10111165036320005]
w_opt: [0.5258473091831033, 0.10111162372949402, 0.5258473091659117, 6.408282486849285e-8, 0.1011116147468052, 2.3789216838021302e-9, 0.42473568153326935, 2.416803462605841e-10, 0.10111164989795883, 6.982976999119959e-10, 0.8988883554041138, 2.4319899920869074e-10, 0.10111161479756707, 1.1895325408395456e-10, 0.8988883554351225, 1.519563509361985e-10, 6.0415492171251176e-9, 0.10111162373080614, 0.10111162268515654, 0.10111161453761588, 0.1011116236285759, 1.4109309449609952e-8, 1.8705223597222572e-10, 6.201195720108749e-10, 1.6384174787771073e-8, 8.35976190618447e-9, 0.10111162256903197, 0.8988883708000494, 1.9701008797449387e-9, 0.1011116501559133, 3.7590213679755944e-10, 0.10111162317111895, 2.2419565182312746e-9, 3.040586224077895e-10, 2.0238187775465667e-10, 1.1301848974801616e-10, 3.162745340289175e-10, 0.10111161442419853, 6.304334538604212e-9, 1.4892863449485557e-9, 0.10111161477387227, 1.122440663332971e-10, 3.199909445403583e-10, 0.10111164980328301, 0.1011116143463264]
v_opt: [0.010223607863520862, 0.10111161469321686]
solution time: 0.004770040512084961
McCormick lower bound: -3.5263669696227855

