x_opt: [0.3193525863154449, 0.6806474174933004, 0.31935255817206504, 0.9506479025132958, 0.3193525809532403, 0.31935254599468244, 0.31935255842571375, 0.680647419349535, 0.04935210476762841, 0.3193525829054535]
w_opt: [0.3193525858227031, 0.31935255793227524, 0.3193525860651759, 1.4495820033780635e-8, 0.31935254561207915, 3.3118463879146406e-9, 6.516575458054611e-9, 2.289395372136618e-10, 0.31935258236422, 9.702965087149946e-10, 0.6806474172223704, 5.048008682179619e-10, 0.3193525457956274, 2.1455192192631476e-10, 0.680647417135007, 2.217540666009115e-10, 9.385348231803767e-10, 0.31935255796124873, 0.31935255710173016, 0.31935254539082286, 0.31935255782738886, 3.616297837997213e-9, 2.703451252382244e-10, 5.796102636944299e-10, 0.27000048404445876, 0.27000045257236477, 0.3193525573966712, 0.6806474186044056, 8.016803411636663e-9, 0.31935258248272597, 5.219006453691768e-10, 0.319352557512243, 7.414871830217304e-10, 3.0407058927288354e-10, 1.9125241103918444e-10, 3.3745484006437157e-10, 5.214236353506069e-10, 0.04935210439631479, 4.688125229715705e-9, 1.1216077722164383e-9, 0.049352104386775425, 2.515399638756662e-10, 3.5215087263452167e-10, 0.3193525819707004, 0.04935210406275833]
v_opt: [0.10198606316087165, 0.04935210423597934]
solution time: 0.00750279426574707
McCormick lower bound: -3.533452209606588

