x_opt: [0.5258475066897746, 0.8988885113590317, 0.10111148167398135, 0.8988885179430828, 0.10111148264593038, 0.10111148106026481, 0.10111148312545311, 0.8988885168670601, 0.101111480999732, 0.10111173668782913]
w_opt: [0.5258475065488655, 0.10111148155876698, 0.5258475065297635, 2.5275440835276396e-8, 0.10111148086442398, 1.2676575630335286e-9, 0.4247360238260203, 2.5532505634701956e-10, 0.10111173634116175, 5.716255785435171e-10, 0.8988885112054776, 3.558110498778752e-10, 0.10111148084839716, 1.2844638945499856e-10, 0.8988885112439092, 1.4037557345757794e-10, 2.4815524487964994e-7, 0.1011114815124327, 0.10111148059635293, 0.10111148058696157, 0.1011114814870318, 6.341616116591572e-9, 1.7646442464031767e-10, 5.404414656676407e-10, 1.3130555774103107e-9, 2.9211267928334106e-9, 0.10111148219860921, 0.8988885155413716, 5.542986849672237e-10, 0.10111173651414636, 3.2692506667815514e-10, 0.101111481334939, 5.506331867466723e-10, 2.5208805456419765e-10, 1.273299463566435e-10, 9.40587857928781e-11, 2.5740405817863334e-10, 0.10111148064497504, 2.6108643754858466e-9, 1.320019142328406e-9, 0.10111148081090876, 1.0241585444239423e-10, 2.231772254806155e-10, 0.10111173623413597, 0.10111148053420145]
v_opt: [0.010223625779607962, 0.1011114807690851]
solution time: 0.004862070083618164
McCormick lower bound: -3.146728592194533

