x_opt: [0.36443391898738003, 0.6355661028034207, 0.25079219555241783, 0.78738916615463, 0.3644338971521256, 0.2126108412207132, 0.2507921956044231, 0.6355661028745054, 0.2126108411808095, 0.36443389719986563]
w_opt: [0.3644339189781571, 0.2507921955469442, 0.36443391898081967, 3.3732565780652734e-10, 0.21261084121201265, 7.292888943170447e-11, 2.1894308762934278e-8, 6.412982939401837e-12, 0.36443389718797053, 1.8445993550112568e-11, 0.6355661027965037, 1.3605035690526474e-11, 0.2126108412150854, 4.939231571875465e-12, 0.6355661027955883, 5.351075807686156e-12, 1.4669837747683582e-11, 0.250792195546571, 0.2507921955315487, 0.2126108412080236, 0.2507921955458176, 5.7288749702466784e-11, 6.8184482867655445e-12, 1.527703956441705e-11, 0.15182306331954054, 7.472689927836357e-9, 0.2507921955749628, 0.63556610285669, 7.3471341374870024e-9, 0.3644338971906972, 1.2702775950636309e-11, 0.2507921955848562, 3.6225951682388937e-11, 7.950459798716083e-12, 5.018678038849441e-12, 6.551090244017287e-12, 9.899254088955502e-12, 0.21261084117081006, 1.0878260852337958e-10, 1.8992751941355056e-11, 0.21261084117214055, 5.5271211774780286e-12, 8.523474336829615e-12, 0.3644338971775791, 0.21261084116288373]
v_opt: [0.06289673687758181, 0.21261084116896178]
solution time: 0.006880998611450195
McCormick lower bound: -3.006717082133886

