x_opt: [0.500000410684679, 0.5000004145761199, 2.4360034639824663e-5, 0.8490637689792827, 0.17708016835882204, 0.15093623010115836, 0.1509362288975619, 0.8229198266238269, 0.15093623106231835, 0.49999959507483216]
w_opt: [0.5000004090071812, 2.4359130156209217e-5, 0.500000408756582, 3.6947433621877727e-7, 0.1509362282049098, 2.2722452619553284e-8, 0.32292023938363956, 1.883204471556546e-9, 0.4999995933059971, 2.783208662745067e-9, 0.500000412452337, 2.5597139025895824e-9, 0.15093622810870413, 8.686987677267702e-10, 0.5000004132048215, 9.454835000441448e-10, 1.0706388066257823e-8, 2.435792493832588e-5, 2.4355083069964312e-5, 2.4355883652744177e-5, 2.4358356393116068e-5, 8.348129282938155e-9, 1.5406702171357126e-9, 3.8534126635617865e-9, 0.026143939008401805, 3.6988327733087675e-8, 0.15093621315791128, 0.8229198238092438, 4.502017473943738e-9, 0.499999593600267, 2.710740641236168e-9, 0.1509362233752126, 3.451579261744885e-9, 2.1236675604955145e-9, 1.6341016590783702e-9, 9.090390192957688e-10, 1.4561122553629826e-9, 0.1509362277310321, 3.494982468937595e-8, 3.786005882967417e-9, 0.15093622558808392, 8.784752527769047e-10, 2.1625801508500987e-9, 0.49999958951536944, 0.15093622642128598]
v_opt: [0.02278358648004945, 0.1509362291837035]
solution time: 0.005617856979370117
McCormick lower bound: -1.7050442965185484

