x_opt: [0.7362807425614841, 0.26371922573366824, 0.7362807884755886, 0.2637192263446947, 0.7362807577006748, 0.15456248258364325, 0.7362808043737638, 0.7449981085709318, 0.5067712032120172, 0.2637192265893482, 0.07353594379276446, 0.7362784440771462, 0.2637192356464682, 0.26371919736544785, 0.2637192246325898, 0.2637192323438442, 0.26371920961522066, 7.0262579639417635e-9, 2.9147804600503937e-6, 2.9148874791423056e-6]
w_opt: [0.7362807407967084, 0.4725615017581594, 2.5170519579833396e-9, 2.390212989474003e-9, 0.472559188300748, 0.2637192279248355, 1.5425805997524327e-9, 7.872766544301154e-9, 0.2637192064204516, 4.113508478005966e-9, 2.386899361740519e-9, 1.541027937870283e-8, 1.3335105815969778e-8, 0.26371921642940965, 0.2637192211296237, 0.2637191913069405, 8.324493771589897e-9, 0.263719223551263, 0.26371922173332857, 0.47256159413742205, 0.4812788983244853, 1.966534939938279e-8, 0.4725592399480423, 0.2637192255825247, 1.0309362113343761e-8, 5.977083833862178e-9, 2.913603270421496e-6, 4.0811481360848984e-9, 1.1940729557354651e-9, 6.498862865164812e-9, 0.2637192245520223, 0.26371922347800114, 0.2637192024568049, 1.3589283180277871e-9, 3.6444318784557723e-8, 0.26371920841537255, 1.4680974974685361e-9, 3.1525414289756054e-9, 0.5067712021462649, 7.860252135150228e-9, 1.930570684827641e-9, 2.260162070534419e-9, 3.7295200127548076e-9, 0.26371918537649613, 1.1284877315827287e-9, 0.1545624726601153, 0.15456247710425, 2.647557756547825e-9, 0.15456247976281143, 0.15456247706694218, 3.6809117181259806e-9, 0.1545624808968121, 1.937327310210962e-9, 4.001509097614463e-9, 2.9131208895744374e-6, 4.685569641827428e-9, 0.7362784420383085, 2.980183958590899e-7, 3.779712562763223e-9, 3.2924297318097668e-9, 4.806500160609819e-9, 0.5067712018331867, 1.8813575479705085e-9, 0.26371921949567956, 0.26371920740852284, 2.912679672583516e-6, 2.103987081315437e-9, 1.9173560131981076e-9, 0.24304966055649513, 0.26371923394499486, 1.9053973526371672e-9, 1.7170914233444604e-9, 1.8964987909341793e-9, 3.1255897917898446e-9, 3.1240767423878034e-9, 1.218820330970522e-9, 0.2637192244625336, 3.3761658558111e-9, 2.903800734018719e-6, 0.07353594255205433, 2.3471812999849066e-9, 1.2430573139023518e-9, 1.50993544964396e-9, 4.057577023047234e-9, 1.6769782527329613e-9, 0.2637192227100035, 0.2637191736700995, 2.9121862347035097e-6, 0.2637191872806823, 3.264004135808733e-9, 0.2637192222881129, 0.2637191944864202, 1.926622863564893e-9, 2.9113354225509402e-6, 2.9128573585697883e-6, 1.557351209861063e-9, 1.678637119516744e-9, 2.9091575283059874e-6, 5.4481504865820454e-9, 2.9109433765810063e-6]
v_opt: [0.7449981073527229, 0.7362807863623707, 0.542109421563237, 0.06954783887566902, 0.005407573309455168]
solution time: 0.014675140380859375
McCormick lower bound: -6.82032058859463

