x_opt: [0.6353517147529295, 0.36464835137922597, 0.6353517284204392, 1.7853922166799282e-6, 0.6353515363188514, 0.15945136021972978, 0.8878507459975855, 0.36464882387816816, 0.3646485588237124, 0.3646482577667277, 0.22868165377261374, 0.6353511325340284, 0.36464846371836857, 0.1121492826996671, 0.36464842513627926, 0.36464846947238544, 1.7790463123832135e-6, 2.4275978542309057e-8, 0.11214927055971184, 0.11214924736370445]
w_opt: [0.6353517036212462, 0.27070325335094386, 4.815760193629069e-9, 4.408605213116434e-9, 0.2707028498622275, 0.36464845150852865, 3.7171621272164324e-9, 2.05141386375471e-7, 1.7707120132358581e-6, 1.6570598488971098e-8, 3.7634944009149056e-9, 8.209675582031648e-8, 7.415154246409554e-8, 0.36464827476081974, 0.36464825498065656, 0.11214927395246814, 3.9380234833490665e-8, 0.3646483460306839, 1.771863563930868e-6, 0.5232024769990303, 5.545257903943016e-7, 5.432805984644594e-9, 0.270702879247195, 0.3646484513726994, 2.5109228599139858e-8, 2.2333716368066516e-8, 0.11214926802316298, 1.3056359212721432e-8, 1.931237428370408e-9, 4.8262868452724933e-8, 1.778637800781321e-6, 1.7802000576021235e-6, 1.732959006427733e-6, 2.3939924256984625e-9, 2.67487541541343e-7, 1.774550803088544e-6, 4.356027357148975e-9, 7.830737819195194e-9, 0.3646485555294022, 5.006958826397672e-8, 6.4559180409799656e-9, 3.6112367039972604e-9, 1.6394318041692705e-8, 1.6914265897294167e-6, 2.5455761274839103e-9, 0.159451344136008, 0.159451345970054, 6.541764467517371e-9, 0.15945135614511816, 0.11214924203921144, 7.368981825195381e-9, 0.15945135826783569, 3.6839290860603894e-9, 1.7056923337527572e-8, 0.11214926755706758, 1.851082127613998e-8, 0.635351128526075, 0.25250105164911985, 3.385820207864055e-8, 5.936921192286085e-8, 6.609443195066649e-8, 0.3646485555856146, 4.242452219464772e-9, 0.36464841595495223, 1.7703015952817466e-6, 0.11214926582288551, 5.0756670376318425e-9, 2.0190189864032576e-9, 3.053170901692846e-9, 0.3646484619175617, 7.015958029291876e-9, 3.1651028619068607e-9, 6.069581567984894e-9, 9.588096144193221e-9, 1.1159167893263368e-8, 2.565202647596474e-9, 0.364648253442876, 7.658163467695155e-9, 0.11214924851733747, 0.22868165194630494, 8.05168527734775e-9, 3.859423689439643e-9, 2.85668667290126e-9, 7.830163299587315e-9, 3.4048917915890803e-9, 0.3646484225291101, 0.3646481730369575, 0.11214924259822869, 1.7688647505781046e-6, 1.1622313268477383e-8, 0.3646484173167995, 1.7392070417596503e-6, 6.180646739445185e-9, 0.11214926720887172, 0.11214924040422404, 3.613557114422481e-9, 2.9389098750354973e-9, 1.7604808045043952e-6, 2.163553108076159e-8, 0.11214923333063952]
v_opt: [0.3646488211517078, 0.63535172456952, 0.40367165302721064, 0.13296835477573962, 0.05229534647875334]
solution time: 0.012365102767944336
McCormick lower bound: -7.189153255605972

