x_opt: [0.6353515054050353, 0.36464851129346554, 0.6353515109961462, 1.5531388100045303e-7, 0.6353515088617406, 0.15944891923605561, 0.887848768293272, 0.36464877064149737, 0.36464856521929645, 0.3646484909352408, 0.22868279604130143, 0.6353514226120935, 0.36464849410827077, 0.11215123342781265, 0.3646484889652886, 0.36464851508897994, 1.463667461172741e-7, 7.024259523628618e-9, 0.11215030274773037, 0.11215023908799399]
w_opt: [0.6353515030852934, 0.2707030153405762, 2.5383685151446572e-9, 1.8461483378502543e-9, 0.2707029293216112, 0.3646484887657817, 1.5548004563210394e-9, 9.7605465913601e-9, 1.4336219739755508e-7, 4.192680378358613e-9, 1.61063997893903e-9, 2.3490488163793862e-8, 3.106124586814559e-8, 0.3646485002302295, 0.3646484895014278, 0.11215123018437584, 5.984480585793709e-9, 0.36464850965197254, 1.51389251242121e-7, 0.5232002803316423, 2.8278134980552756e-7, 6.7056336969843556e-9, 0.2707029388079137, 0.36464850818319533, 5.8522256560645524e-9, 6.0448698019219976e-9, 0.11215030154684909, 5.635731826664083e-9, 1.1357987948864288e-9, 6.515100756493114e-9, 1.5321845556195194e-7, 1.531279659181587e-7, 1.4627752868065364e-7, 1.032212601100389e-9, 3.0314320784364486e-8, 1.44923744162822e-7, 1.52206300693838e-9, 2.3313143676389115e-9, 0.364648563992554, 1.2264880810144476e-8, 5.9507222858064085e-9, 1.5400748885350566e-9, 5.159489905380574e-9, 1.3317170152562545e-7, 1.0463516310471997e-9, 0.15944891499104014, 0.15944891409770837, 2.8263946499622566e-9, 0.15944891713022427, 0.11215121375652364, 2.254534798664295e-9, 0.15944891813537992, 1.4171614520720425e-9, 4.235494231884722e-9, 0.11215030140247095, 4.598136274783645e-9, 0.6353514210716433, 0.25249735768042186, 4.5480738647384196e-9, 4.031298022159269e-9, 1.289950861271754e-8, 0.3646485637111128, 1.7228156187453047e-9, 0.36464848461956156, 1.4378946747137322e-7, 0.11215030068986, 2.3718949469332793e-9, 1.0071751633600446e-9, 1.7966089219332917e-9, 0.36464849308598185, 2.2424467545246784e-9, 1.409374140791318e-9, 1.8613560101767603e-9, 2.4184317603892496e-9, 2.487090664970491e-9, 1.0696186541284227e-9, 0.3646484898504745, 2.877724062274649e-9, 0.11215029375753263, 0.22868279500088642, 2.1738231094530184e-9, 1.3443960451555704e-9, 1.1605575953476922e-9, 3.3179910732927062e-9, 1.4199112620062134e-9, 0.36464848771584885, 0.36464845093012876, 0.11215023658979996, 1.4099235132033632e-7, 3.1621186020818947e-9, 0.3646484870386814, 1.3835892553702968e-7, 2.1476958109829396e-9, 0.11215030085713504, 0.11215023722620775, 1.4162271238453031e-9, 1.2344508437840043e-9, 1.3518060743264288e-7, 5.613491397629684e-9, 0.11215022849952672]
v_opt: [0.36464876920227735, 0.6353515089709149, 0.40367155526894366, 0.13296856737976448, 0.05229585802163044]
solution time: 0.01314401626586914
McCormick lower bound: -7.273262195942417

