x_opt: [0.6425409175448501, 0.35745908579854474, 0.642540930889571, 1.2241451779012157e-7, 0.6425409097018713, 0.1530571483506272, 0.8802281918685491, 0.37466110700698446, 0.35745907795958476, 0.35745907022280937, 0.24664946030038434, 0.6425408992913827, 0.35745907317455894, 0.11977181135505141, 0.35745906530053323, 0.35745908868226134, 1.1911579753398383e-7, 9.968653855366785e-9, 0.11977178292817411, 0.11977178244528815]
w_opt: [0.6425409151959112, 0.28508182895968925, 3.0140965598238285e-9, 2.744499996856047e-9, 0.2850818186856112, 0.3574590653674246, 2.4669323738607186e-9, 1.6174419249689968e-8, 1.1471744804971037e-7, 5.962408568858693e-9, 2.0592013761066896e-9, 1.841943163725362e-8, 2.6733453403467317e-8, 0.3574590673572992, 0.35745906810941136, 0.11977180673310965, 9.570170692104593e-9, 0.3574590829153247, 1.1664059944983852e-7, 0.5227691244816035, 0.0172020396452946, 6.769661573685663e-9, 0.28508183768390594, 0.35745907952229444, 8.297327056439797e-9, 8.380141587186408e-9, 0.11977178094214973, 1.1091776891053209e-8, 1.618714165750237e-9, 9.800629832028632e-9, 1.1874451243853683e-7, 1.1931583791739727e-7, 1.0665884329965343e-7, 1.6314402759808749e-9, 3.18436822440661e-8, 1.1663560290619359e-7, 2.366453183189111e-9, 3.404648842315738e-9, 0.35745907595394955, 1.4080218475915362e-8, 2.7578425569588315e-9, 2.283760758756059e-9, 5.612854111190794e-9, 9.83570307634801e-8, 1.6596820390735976e-9, 0.1530571425608618, 0.15305714026167128, 4.056838750872701e-9, 0.15305714546351448, 0.11977180169499393, 3.1298571548269485e-9, 0.15305714664870623, 2.1245242495466146e-9, 5.936955424513661e-9, 0.11977178073191919, 5.659375416831063e-9, 0.6425408968884102, 0.23768765057432806, 6.28388788371251e-9, 6.5498493240094755e-9, 8.583164519784366e-9, 0.3574590758157412, 2.6427711050786945e-9, 0.35745906017840573, 1.147998036416918e-7, 0.11977178006000899, 3.262527785348321e-9, 1.4249356753664378e-9, 2.486250824481337e-9, 0.357459071132108, 3.828938739024376e-9, 2.0311109675781124e-9, 2.9470315400286413e-9, 4.209466026818219e-9, 4.169201240821039e-9, 1.8540254287844454e-9, 0.35745906716728526, 3.917981549985566e-9, 0.11977176645792705, 0.24664945858025225, 3.138421622456703e-9, 2.2901971607807327e-9, 2.160226369247913e-9, 4.866751017155828e-9, 1.990533398675619e-9, 0.3574590633248303, 0.3574589899455573, 0.11977177910329544, 1.125665144580596e-7, 4.489801176761299e-9, 0.3574590620780273, 1.0527444246340549e-7, 3.214019675887281e-9, 0.11977178030374637, 0.11977177963445775, 2.0700389438042548e-9, 1.813666768108854e-9, 1.1392379980475554e-7, 7.828079946962643e-9, 0.11977177192752224]
v_opt: [0.3746611047909492, 0.6425409280360799, 0.4128588695195545, 0.12777699217832483, 0.06083613989107322]
solution time: 0.012429952621459961
McCormick lower bound: -6.4964059625389545

