x_opt: [0.7495231176412113, 0.3458709724510763, 0.749523793531605, 2.450884557398281e-6, 0.7495233028755065, 0.2504764502437639, 0.7495236561613393, 0.4046827728708942, 0.25048922331838874, 0.2504763000878295, 0.25047682955809303, 0.531166187091131, 0.25047664843665296, 0.25047620695524186, 0.2504764254544279, 0.3458710876436559, 2.287253259394752e-6, 1.1282765565822682e-7, 0.25047615538546414, 0.25047615542499835]
w_opt: [0.7495230991699966, 0.4990464331521811, 2.8009491125674494e-8, 2.348068214954566e-8, 0.28068932199694796, 0.2504765544184186, 4.4199036930006424e-8, 9.888880184625405e-8, 2.238013662161952e-6, 6.901242825376628e-8, 1.3728125580086523e-8, 0.09539479048420112, 0.09539460425663594, 0.3458707915752622, 0.2504762796605335, 0.2504761750838737, 1.1642322410811341e-7, 0.3458709344425343, 2.376037238973629e-6, 0.4990474649526618, 0.15420659984064483, 1.5802926377544508e-7, 0.28069006945958924, 0.34587089772456864, 7.957221350649431e-8, 8.365386103578117e-8, 0.25047612672303815, 1.0651979097311016e-7, 2.6848477758886344e-8, 2.215516915579871e-7, 2.3986631042942114e-6, 2.4247456774182524e-6, 2.306540677292205e-6, 1.5966160594260525e-8, 5.655871802130269e-7, 2.264642276599124e-6, 2.3686282395050537e-8, 3.184663803694275e-8, 0.2504892053096965, 5.584011471298811e-7, 4.371102242590814e-8, 1.8731403399362922e-8, 4.533209266906896e-8, 2.0250669864915576e-6, 2.0721244158286373e-8, 0.2504764126593526, 0.25047626614745083, 8.572221229358033e-8, 0.25047641741050325, 0.25047612159440613, 2.5276700641636953e-8, 0.2504764335462705, 2.254862395241918e-8, 7.271639797596262e-8, 0.25047613097846905, 5.7733938674490185e-8, 0.5311661691939832, 2.3035380444192343e-6, 4.3534098824486104e-8, 1.3324224680925188e-7, 6.42481261542267e-7, 0.2504891851934989, 2.6710810932486004e-8, 0.25047634655537987, 2.2474219192180223e-6, 0.2504761230681121, 5.3262841409183165e-8, 1.2083698414633435e-8, 1.9553159956929342e-8, 0.25047663030468864, 4.392323107161643e-8, 2.0725269404083994e-8, 2.8932794107288587e-8, 3.5213207236875565e-8, 4.145559880282166e-8, 1.6281720815861635e-8, 0.25047627632138103, 6.232628758734067e-8, 0.25047579950498006, 0.2504767989653517, 3.0901341990426823e-8, 2.1558159677999775e-8, 2.0968348874538064e-8, 4.216388373138389e-8, 1.806047264845757e-8, 0.25047640766849455, 0.2504761190918268, 0.25047612268702113, 2.1511000323433437e-6, 3.202779497199709e-8, 0.2504763806284422, 2.152109119610648e-6, 5.1408073312283266e-8, 0.2504761191380721, 0.2504761394737692, 1.945869709085866e-8, 1.6732906357433423e-8, 2.2181795091359203e-6, 8.364120156240043e-8, 0.2504760986799745]
v_opt: [0.4046827362425739, 0.7495237695752756, 0.5617856930506953, 0.06273855133079252, 0.06273892710545531]
solution time: 0.01168513298034668
McCormick lower bound: -3.807411027434897

