x_opt: [0.63535147202952, 0.3646485297882849, 0.6353514724145974, 5.216943090037778e-8, 0.6353514706996971, 0.15944914773930174, 0.8878492408828824, 0.3646485461393461, 0.3646485297665981, 0.3646485266290948, 0.22868302112105396, 0.6353514692634923, 0.3646485277828009, 0.11215075946765413, 0.3646485273786328, 0.3646485305128591, 5.188171216764648e-8, 7.711382706410143e-10, 0.11215035420883335, 0.11215034695647734]
w_opt: [0.6353514718278086, 0.27070294422563324, 2.2827791070005242e-10, 1.9036104257119398e-10, 0.27070294142648543, 0.36464852724090424, 1.4881361167202006e-10, 1.0864407259893668e-9, 5.1546005459092885e-8, 4.6492203600809137e-10, 1.5496719864450396e-10, 2.3256198236012744e-9, 3.1771587771277615e-9, 0.3646485285153468, 0.36464852723963465, 0.11215075912037464, 8.325989642453425e-10, 0.36464852962479943, 5.171040271807399e-8, 0.5232007134069249, 1.8664349915488333e-8, 4.5137783378113626e-10, 0.2707029422991055, 0.3646485296915342, 6.778933802655322e-10, 6.692717275532537e-10, 0.11215035408673416, 4.472460084507845e-10, 1.132758952028233e-10, 9.3804986678165e-10, 5.195705964049653e-8, 5.195753552672437e-8, 5.123462727639105e-8, 1.0593670777269272e-10, 3.984500447683573e-9, 5.172365302091494e-8, 1.5807919823112977e-10, 2.6463240733917786e-10, 0.3646485296490833, 1.534220335016853e-9, 3.2664944701302944e-10, 1.4853571634375162e-10, 4.151436869182265e-10, 4.980106717665093e-8, 1.061965220753851e-10, 0.15944914724372622, 0.15944914720702816, 3.004924111891274e-10, 0.1594491475198684, 0.11215075889596073, 2.7361623575617213e-10, 0.15944914762659074, 1.5232155140956976e-10, 4.741403074059315e-10, 0.11215035407552426, 5.369459856773241e-10, 0.6353514691111292, 0.25249777893097064, 5.695095205317001e-10, 7.468394295351307e-10, 7.844363656487533e-10, 0.36464852963274735, 1.7795449580895416e-10, 0.36464852699273387, 5.161410398022007e-8, 0.11215035397832432, 2.3991819719745044e-10, 1.0519862360258835e-10, 1.9426567296475835e-10, 0.3646485276613773, 2.2879932874674526e-10, 1.4910192540603156e-10, 1.9357049106912153e-10, 2.4569668553194466e-10, 2.789738138826784e-10, 1.1456247746352794e-10, 0.36464852720214136, 3.174173846033493e-10, 0.11215035312812777, 0.22868302087567008, 2.4567220552396416e-10, 1.3059687899896805e-10, 1.2905382637649312e-10, 4.6067171441725137e-10, 1.517633972855102e-10, 0.3646485272424684, 0.3646485218743269, 0.11215034670706674, 5.143709321937881e-8, 3.2621391979115917e-10, 0.36464852716510426, 5.09676992474529e-8, 2.342091020658301e-10, 0.11215035400004321, 0.11215034680928292, 1.497135567613464e-10, 1.3058485840738152e-10, 5.0029953171435306e-8, 6.249881582253609e-10, 0.11215034673245469]
v_opt: [0.3646485459973198, 0.6353514722128604, 0.40367149504552186, 0.13296854882245482, 0.052295926969628016]
solution time: 0.013221979141235352
McCormick lower bound: -7.260276149307495

