x_opt: [0.6353517267640258, 0.3646482644406315, 0.635351999744235, 7.89534237627885e-6, 0.6353513489742111, 0.1594577091089447, 0.8878546679650031, 0.3646497891352077, 0.364649040951299, 0.36464790731194646, 0.22867643989259737, 0.6353501187693877, 0.3646485018308513, 0.11214551133179924, 0.36464848300833796, 0.364648570444032, 7.823034472071244e-6, 9.594947632848373e-8, 0.11214468327206514, 0.11214468962112167]
w_opt: [0.6353516942853007, 0.2707030862042252, 2.140894741375857e-8, 2.0627751060852238e-8, 0.27070185698250476, 0.36464845110853816, 1.5644555732315774e-8, 3.979774838409267e-7, 7.783243447337989e-6, 6.413540539847802e-8, 1.6468097506423973e-8, 2.765392235647231e-7, 4.095438453154484e-7, 0.36464794942997336, 0.36464789340243337, 0.11214546997520271, 1.824216851659049e-7, 0.36464823367453303, 7.83003817579019e-6, 0.5232066784786328, 1.7976519163484374e-6, 4.6633547178145684e-8, 0.27070221060539384, 0.36464849985710013, 1.24496757159013e-7, 8.787533833728687e-8, 0.11214467234011001, 6.054472030456981e-8, 8.390155473160616e-9, 2.639805571741288e-7, 7.869577092758158e-6, 7.870166662463673e-6, 7.614466565617086e-6, 1.0528853381007792e-8, 1.1012289362155746e-6, 7.803650385173309e-6, 1.7099230489691413e-8, 3.970235447711866e-8, 0.3646490288310055, 1.6428512817393515e-7, 3.000203484771634e-8, 1.605920423566783e-8, 6.898738374023159e-8, 7.242178447560652e-6, 1.1206747795158384e-8, 0.15945762642909783, 0.15945764630312684, 2.8101964170096707e-8, 0.15945769074829283, 0.11214530746803249, 3.7943513007728295e-8, 0.15945770036045376, 1.815383895921927e-8, 6.603485705254008e-8, 0.11214467062550028, 1.0962217485444083e-7, 0.6353501026308159, 0.2525085528109738, 2.009602410890879e-7, 1.2655781944523913e-7, 1.9678669184629864e-7, 0.3646490304196109, 1.901847444052568e-8, 0.364648437510943, 7.786879315026496e-6, 0.11214466022112106, 2.4445639340819e-8, 1.0845088807716792e-8, 1.657086507509152e-8, 0.3646484926527218, 2.8287825744393725e-8, 1.4553692485894885e-8, 2.25102055640775e-8, 4.493084922776232e-8, 4.399267538124601e-8, 1.1157028986987428e-8, 0.3646478971460924, 3.303454880770574e-8, 0.11214457193228668, 0.2286764319901852, 3.6999556962940305e-8, 1.5128664483353146e-8, 1.3036887675266352e-8, 5.4804406319354274e-8, 1.527592651640402e-8, 0.36464847178119625, 0.36464666142303526, 0.11214466638271464, 7.779961359691745e-6, 5.7046667138044325e-8, 0.3646484531580602, 7.637083834138058e-6, 2.5488211312019456e-8, 0.11214466720396399, 0.11214466324461675, 1.7378129250413303e-8, 1.3086983551981416e-8, 7.741952914938884e-6, 8.46615361943095e-8, 0.11214458074741505]
v_opt: [0.36464977718073355, 0.6353519814646836, 0.40367134941061805, 0.13296821201150752, 0.05229384195780033]
solution time: 0.012707948684692383
McCormick lower bound: -7.385948359114753

