x_opt: [0.6871212780859883, 0.31287872377594267, 0.6871212939036851, 0.19363821425886615, 0.6871212654673619, 0.19363825324016265, 0.8063617405225669, 0.51773471073256, 0.3225825915727866, 0.3128787068611891, 0.1985785253913844, 0.6774174203301151, 0.3128787237777696, 0.19363826129661105, 0.31287870532521656, 0.3128787518845318, 0.1936382035268183, 2.1792419836731093e-8, 0.012285259564507265, 0.012285236127165216]
w_opt: [0.6871212737672835, 0.37424255085655667, 8.184311893816938e-9, 6.7053661646275604e-9, 0.3645387026999888, 0.3128787048669134, 4.610157937472468e-9, 2.855289174902269e-8, 0.19363819439589222, 1.2746351124698182e-8, 5.658020943955304e-9, 2.0927183004885383e-8, 3.617153605344804e-8, 0.31287869739839097, 0.3128787012293757, 0.1936382486701077, 2.447072359501887e-8, 0.3128787199362702, 0.1936382014868056, 0.49348303833154034, 0.20485600840361579, 1.705294873239806e-8, 0.36453873236380924, 0.3128787340008623, 1.665776459057994e-8, 1.8555308248583102e-8, 0.012285255832060075, 1.1746967953047133e-8, 3.1436509771407077e-9, 1.731829553638574e-8, 0.1936382082247009, 0.19363820698454798, 0.19363818585941642, 3.90959147261526e-9, 8.001235736979501e-8, 0.19363819930415077, 4.793019216611138e-9, 9.005939764274822e-9, 0.3225825881192216, 2.3794406278841524e-8, 5.69915889180885e-9, 5.863332461134945e-9, 9.937436643686871e-9, 0.19363814730811932, 3.553223733983682e-9, 0.1936382339771046, 0.1936382372815597, 7.80063157436206e-9, 0.193638246245693, 0.1936382253734714, 9.189018682963065e-9, 0.1936382487587679, 5.23601053918252e-9, 1.238390620040518e-8, 0.012285254345725688, 1.0838079792356259e-8, 0.6774174143060806, 0.11924069945555837, 7.964694809365082e-9, 1.0135429243867984e-8, 1.4133122615690757e-8, 0.3225825874305733, 5.49263649499021e-9, 0.31287869191811957, 0.19363819613903574, 0.012285253540014446, 5.858805795104183e-9, 4.338199955319018e-9, 2.0748043640069306e-8, 0.3128787196365288, 6.591114038218735e-9, 4.697313181058073e-9, 6.199745736859098e-9, 9.33360292855678e-9, 9.304659456859022e-9, 3.759597467546539e-9, 0.31287870100511417, 8.236693051468443e-9, 0.012285226390397874, 0.19857852144101307, 6.83789046894057e-9, 4.1144702608155435e-9, 4.601657079964612e-9, 1.0290298779662624e-8, 4.764380005396491e-9, 0.31287870055393896, 0.3128785876427684, 0.012285228949517061, 0.19363818611586373, 8.910024433358705e-9, 0.31287869907862614, 0.19363817659756374, 6.145925266413938e-9, 0.012285251962320408, 0.012285230404607352, 4.419484885916064e-9, 4.625536358700707e-9, 0.012285223201154395, 1.7139748821148036e-8, 0.012285230574258291]
v_opt: [0.5177347069673476, 0.6871212879326829, 0.4721358408115039, 0.09789347929981902, 0.03943343326758461]
solution time: 0.015269041061401367
McCormick lower bound: -6.482405335737283

