x_opt: [0.7439873525385, 0.3252181935648855, 0.7439873568623866, 0.17256472894291455, 0.7439873530675923, 0.17263118787068157, 0.8273688604984605, 0.42064212925606875, 0.2560126977423247, 0.25601264225088455, 0.25591910476934504, 0.7439872982348155, 0.256012644500468, 0.17263113980768247, 0.2560126290104547, 0.32521824445752556, 0.17256472605550735, 1.0897647484494097e-8, 0.17263111108774604, 0.17261449506192375]
w_opt: [0.7439873500421562, 0.487974707376443, 3.776749480324069e-9, 2.5830264072167546e-9, 0.48797465284127467, 0.2560126358157575, 2.5711898117420948e-9, 1.0159742502526963e-8, 0.1725647211156897, 6.387101148351083e-9, 2.053477435229535e-9, 0.06920555232478807, 0.06920555853692575, 0.32521817951884296, 0.25601263973298105, 0.17263113514648717, 8.979075980753428e-9, 0.3252181913273138, 0.17256472216950505, 0.571356219019237, 0.16462948815303338, 6.742718286792378e-9, 0.4879746633202411, 0.32521823295823066, 8.006916259661967e-9, 9.06651462208668e-9, 0.17263110901806497, 5.797049280793296e-9, 1.9997579455774254e-9, 1.0519404349658747e-8, 0.17256472546144233, 0.17256472566770048, 0.17256471561614273, 1.6910786836072956e-9, 4.5753485588823515e-8, 0.172564723544748, 2.3467842481470717e-9, 3.6361120280123056e-9, 0.2560126959313188, 1.907416291606769e-8, 3.9041991917786754e-9, 2.194840669610211e-9, 4.501157492585627e-9, 0.17256469949665662, 1.698073482298464e-9, 0.17263118197406277, 0.17263117896776323, 4.83411919087376e-9, 0.17263118451305867, 0.17263113202227295, 3.2508143533735635e-9, 0.1726311859956859, 2.311689036670448e-9, 6.499304849428722e-9, 0.1726311088656944, 5.689346971254442e-9, 0.7439872959669833, 0.083381650448081, 4.492595170722954e-9, 5.878300016595001e-9, 8.580856023893016e-9, 0.2560126953176545, 2.683937979683666e-9, 0.2560126226451503, 0.17256472220821414, 0.17263110779205593, 3.799549201889942e-9, 1.5705624403424744e-9, 3.519374098553812e-9, 0.25601264250951977, 3.364476502229319e-9, 2.2652400401989027e-9, 2.8408527397783544e-9, 3.5098209576050833e-9, 3.821851680209241e-9, 1.7129729387859148e-9, 0.25601263882586994, 4.798962602098372e-9, 0.17263109586885145, 0.2559191028693645, 3.181400789858047e-9, 2.0131152958352746e-9, 1.9886319906768694e-9, 5.136435750064685e-9, 2.1307560193050283e-9, 0.256012626965421, 0.25601260742110693, 0.172614491418688, 0.17256471879160573, 3.994695021213102e-9, 0.256012625718132, 0.17256471390760714, 3.5814761132106256e-9, 0.17263110786176405, 0.17261449312101954, 2.1554286503402924e-9, 1.9496483524543016e-9, 0.17256472014628535, 8.347814980202213e-9, 0.17261449258733128]
v_opt: [0.4206421268409067, 0.7439873538688799, 0.5535175888122621, 0.06554247603476596, 0.06549466076316675]
solution time: 0.01738595962524414
McCormick lower bound: -5.761833067567836

