x_opt: [0.799094655646374, 0.20090535574360815, 0.7990946589104989, 0.20090531975118364, 0.799094651234488, 0.20090534311678354, 0.7990946575081229, 0.5457173478296077, 0.2820875201161162, 0.20090534255504286, 0.19494623429294408, 0.7179124992148167, 0.20090534617562109, 0.2009053419907693, 0.20090531039538928, 0.3358207280675233, 0.20090531845259135, 2.149062364083719e-9, 0.2009053001625887, 0.20090529880048782]
w_opt: [0.7990946551842159, 0.5981893072225827, 7.862354895615064e-10, 5.480669293858349e-10, 0.5170071552915274, 0.20090534400241133, 6.107743874476762e-10, 1.5892609943475927e-9, 0.20090531751836677, 1.25332465488431e-9, 4.5450281658070003e-10, 1.5026113038561266e-8, 1.006710744065208e-8, 0.20090535328843961, 0.20090534201504884, 0.20090534092227413, 1.937767166312283e-9, 0.20090535537916468, 0.20090531837598186, 0.5981893167789275, 0.34481200720743715, 2.8011637894319085e-9, 0.5170071600215472, 0.335820725911079, 1.488206100568805e-9, 1.7680305917669323e-9, 0.20090529977410213, 1.0276480634485624e-9, 3.7894053180157613e-10, 1.9286297875264395e-9, 0.2009053191644458, 0.20090531903892359, 0.2009053170453974, 3.690543834073898e-10, 8.574730860565198e-9, 0.20090531804064174, 4.27897302703099e-10, 7.68607243107772e-10, 0.28208751981004115, 2.5079099178083018e-9, 5.676849167805763e-10, 5.174164309934655e-10, 7.919792332540795e-10, 0.20090531224133992, 3.3585205109812374e-10, 0.20090534166878032, 0.20090534138305016, 8.871425036114092e-10, 0.2009053422330182, 0.20090533979107278, 7.213008951463049e-10, 0.20090534266640342, 5.191979732084619e-10, 1.2517401002160992e-9, 0.20090529970191504, 1.0335544610868372e-9, 0.7179124987332847, 5.4138116832778497e-8, 6.219782910194013e-10, 8.64394461449537e-10, 1.6435327135445817e-9, 0.2820875196370785, 5.209730141734813e-10, 0.20090530886898886, 0.20090531782110252, 0.20090529956959235, 6.966201535952477e-10, 4.034206128795714e-10, 1.9962979880165757e-8, 0.2009053456852268, 5.701301113584575e-10, 4.705503056512052e-10, 5.468028393411655e-10, 7.698537226264223e-10, 7.945989440652065e-10, 3.3861064916557647e-10, 0.20090534200539278, 1.0400938640244991e-9, 0.2009052965307468, 0.19494623386670554, 6.322363504458925e-10, 3.614048275758575e-10, 4.3834922748111677e-10, 1.0313193518823751e-9, 4.325481838090048e-10, 0.20090530993835107, 0.2009053395851685, 0.20090529808411733, 0.20090531668229478, 7.319575834854818e-10, 0.20090530974210527, 0.20090530734534734, 6.601132299223709e-10, 0.2009052992980094, 0.20090529833370008, 4.1524801917886774e-10, 4.3606318307891693e-10, 0.2009052973864857, 1.6202944673505079e-9, 0.20090529822902595]
v_opt: [0.5457173474165574, 0.7990946583760749, 0.6385522723783448, 0.040362960412826894, 0.038004041068562484]
solution time: 0.013360977172851562
McCormick lower bound: -5.046533405013744

