x_opt: [0.6343385342369802, 0.3656614651777229, 0.6343385369507278, 0.04502637654676473, 0.6343385348084699, 0.2056889668835732, 0.9205415096490264, 0.3656615216560118, 0.3656614661263486, 0.36566146453484416, 0.19486226667325246, 0.6343385325218353, 0.3656614649268968, 0.07945849218413854, 0.365661463512939, 0.3656614653528198, 0.045026376236760944, 1.7802639488603972e-9, 0.07944449351862175, 0.07944449186608417]
w_opt: [0.6343385338649324, 0.26867706941869834, 6.29370421534672e-10, 5.390701741453598e-10, 0.2686770671458808, 0.36566146352503465, 3.92986931660298e-10, 1.984684274105969e-9, 0.045026375353956795, 1.032004914772892e-9, 4.558795041240716e-10, 2.4830639519021377e-9, 3.379855488609392e-9, 0.3656614625934153, 0.36566146394209326, 0.07945849117310622, 1.6170523536687973e-9, 0.36566146455246495, 0.04502637542376027, 0.5548800469041665, 5.890811760124356e-8, 2.392416589756099e-9, 0.26867707089546544, 0.36566146350460227, 1.583003708442243e-9, 1.516672074894416e-9, 0.07944449318861435, 1.1702117206150543e-9, 3.1679325521165466e-10, 1.6214149622500527e-9, 0.045026375977711496, 0.0450263759171645, 0.045026374227611424, 2.9521878552903826e-10, 7.604017504391393e-9, 0.04502637578231971, 4.125915654435578e-10, 6.785439749303552e-10, 0.36566146578341824, 2.7152973075689924e-9, 7.259992096135484e-10, 4.2474609214941306e-10, 9.309368979109371e-10, 0.045026371843033916, 2.897230731825604e-10, 0.20568896557149371, 0.20568896551454463, 7.53994471204203e-10, 0.20568896624571384, 0.07945849085906888, 6.733911370636796e-10, 0.20568896655865143, 3.9974333579546297e-10, 1.0373555482214306e-9, 0.07944449314116918, 1.131369150865621e-9, 0.634338532078069, 0.2862029982583665, 2.2633821327100594e-9, 1.0124845722662504e-9, 1.2739688552615068e-9, 0.365661465733385, 4.864450721502348e-10, 0.3656614623721747, 0.045026375506828926, 0.07944449289871279, 6.188070267562373e-10, 2.952265732175856e-10, 5.665249693566824e-10, 0.36566146455416804, 5.960452984783355e-10, 4.103895604172704e-10, 4.913235842853731e-10, 6.207371458050106e-10, 6.728281671108723e-10, 3.2022448035072753e-10, 0.36566146406570305, 7.673856550859275e-10, 0.07944449107590258, 0.19486226638742032, 5.66482602300361e-10, 3.6172870197592743e-10, 3.484489568246909e-10, 1.1461827890054209e-9, 4.0012514900459034e-10, 0.3656614631233832, 0.3656614520682255, 0.07944449114837407, 0.04502637518545851, 8.59362270676033e-10, 0.36566146283834705, 0.04502637411903144, 5.467388833601661e-10, 0.07944449292657046, 0.07944449148800521, 4.088032854251561e-10, 3.4798979716335045e-10, 0.045026375129024264, 1.3826466489699556e-9, 0.07944449102716872]
v_opt: [0.36566152126586876, 0.6343385363362212, 0.40238544152122, 0.13370831856290485, 0.037971402503979325]
solution time: 0.012699127197265625
McCormick lower bound: -8.144386902810867

