x_opt: [0.643295980956494, 0.3567040169761696, 0.6432959863193808, 1.5328173066848666e-6, 0.6432959262141112, 0.13858852080557388, 0.8614114922922839, 0.382661674282028, 0.35670463783888345, 0.35670401201224233, 0.2471695734219771, 0.6432953611013562, 0.3567040723274411, 0.1385885081526704, 0.3567040700575122, 0.35670407382578545, 1.5324265499212504e-6, 3.708076286744244e-9, 0.11895556529995849, 0.11895555499157962]
w_opt: [0.6432959803619537, 0.28659190777184734, 1.0502080874254465e-9, 1.132897541907782e-9, 0.28659134268594144, 0.3567040693866055, 8.896648180477532e-10, 5.57767797743445e-8, 1.530958483780565e-6, 2.2575371692936238e-9, 7.827508608407663e-10, 3.807455972096738e-9, 4.418718215862129e-9, 0.35670401221005577, 0.3567040112018554, 0.1385885062871666, 5.453085652259766e-9, 0.3567040163321962, 1.5306902038967154e-6, 0.5047074793150097, 0.025957661276478874, 1.781253055588356e-9, 0.2865913502498279, 0.35670407104566826, 3.0587312642013865e-9, 3.1109513458468758e-9, 0.11895556458087059, 2.0599471941818263e-9, 5.061669838425785e-10, 3.185174493407393e-9, 1.5315471398078082e-6, 1.5317804281024148e-6, 1.5264666934181352e-6, 6.925680756607676e-10, 1.3399635709674167e-8, 1.5313724856194524e-6, 8.697701046125262e-10, 1.6183294826110215e-9, 0.3567046371897985, 3.3037050326881823e-9, 7.481666780499416e-10, 1.004763577636764e-9, 1.5158384161392532e-9, 1.5236870203647708e-6, 6.963008530148012e-10, 0.13858851827346863, 0.13858851774190428, 1.3696225296839442e-9, 0.13858851982822, 0.13858850485277938, 1.4405919319836134e-9, 0.1385885200880705, 8.746605118660437e-10, 2.166548692856947e-9, 0.11895556424586431, 1.6514480593563465e-9, 0.6432953600246114, 0.21811560688109016, 1.3927584295372436e-9, 1.8598234665331324e-9, 2.6938209442444897e-9, 0.35670463708896377, 9.450541196862586e-10, 0.3567040678475806, 1.5309433693050031e-6, 0.11895556433808233, 9.114862364725507e-10, 6.229034250376395e-10, 1.4420213554271717e-9, 0.35670407172656604, 1.4719189025737134e-9, 7.339478475869976e-10, 1.1519450095784752e-9, 2.0000864982515e-9, 1.9511400263995556e-9, 7.133628795726914e-10, 0.3567040111905716, 1.2039860635880447e-9, 0.1189555589713065, 0.24716957274210855, 1.1512253693763747e-9, 8.409511037304986e-10, 9.321443465360193e-10, 1.4946113272277331e-9, 7.241802739788633e-10, 0.3567040693704668, 0.35670404596879174, 0.11895555395383957, 1.5297713159429785e-6, 1.436262758896434e-9, 0.3567040688661261, 1.5269587699448506e-6, 1.0876103225036895e-9, 0.11895556426951231, 0.11895555399679436, 7.142806183923071e-10, 7.283539670641151e-10, 1.530506856572576e-6, 2.920109170886608e-9, 0.11895555416825829]
v_opt: [0.38266167361791664, 0.6432959853989915, 0.41383001843751566, 0.12723776724051372, 0.06109286475834513]
solution time: 0.01500701904296875
McCormick lower bound: -5.660380782878081

