x_opt: [0.632056768967885, 0.36794313934213047, 0.6320569046292571, 0.05919860262825757, 0.6320568393329797, 0.1548097873580745, 0.8451992939824781, 0.39707376041244097, 0.36794314790738886, 0.3679430878214519, 0.17266697253353888, 0.6320568249300473, 0.367943136619924, 0.15480071925542133, 0.3679431326526546, 0.3679431568749598, 0.05919859344436661, 2.320219222987408e-8, 0.059205219329192156, 0.059205214530120266]
w_opt: [0.6320567636927034, 0.2641136121270746, 5.639331798913351e-9, 6.115892433506045e-9, 0.26411359798481643, 0.36794311903888216, 4.639747639872729e-9, 2.674718642015135e-8, 0.05919858368743833, 1.4384085351824514e-8, 5.184008926057235e-9, 4.781030049492456e-8, 7.934396674085473e-8, 0.3679431031823801, 0.3679430827674523, 0.1548007073231418, 2.3415591984178912e-8, 0.36794313383978894, 0.05919858839770896, 0.4772562020881564, 0.02913066820117366, 1.883735968056783e-8, 0.2641137472869617, 0.3679431380053806, 2.1755596080340337e-8, 2.022283830875201e-8, 0.05920521574912454, 2.003908606286666e-8, 3.2231030605641013e-9, 2.764736357879519e-8, 0.05919859608088555, 0.059198595343490125, 0.059198561114607855, 3.502719814614791e-9, 2.3402492850414851e-7, 0.05919858815469932, 4.9707896060464e-9, 8.741048754096917e-9, 0.3679431444057998, 2.3188918731854496e-8, 5.9624023398809035e-9, 5.141391038587034e-9, 1.4087662633196004e-8, 0.059198512885258084, 3.350490068204467e-9, 0.15480976966441215, 0.15480977098743667, 8.479880087252217e-9, 0.154809780791773, 0.1548006991315339, 8.337355834320135e-9, 0.15480978370085594, 4.8674162997241305e-9, 1.4403603243773452e-8, 0.059205214951467376, 1.596024815619284e-8, 0.6320568198629045, 0.2131426246450625, 1.8700318493937447e-8, 1.592657666262656e-8, 2.2329005134900194e-8, 0.36794314407786494, 5.498577000275924e-9, 0.367943122828027, 0.059198585427302206, 0.059205213028759765, 6.621875272652707e-9, 3.5878749990435892e-9, 6.217951545134898e-9, 0.36794313235709, 6.919077040647277e-9, 4.594304071706973e-9, 6.133367701107958e-9, 9.049174390075368e-9, 8.737263252883495e-9, 3.774361538367094e-9, 0.3679430838718742, 8.93598327903345e-9, 0.059205185498145595, 0.1726669693800905, 7.3016646139516555e-9, 4.109650734188597e-9, 4.497769337803172e-9, 1.5105846381783597e-8, 4.6922616413503955e-9, 0.3679431272127977, 0.3679428974038939, 0.05920520719229566, 0.059198579395492, 1.094521774910487e-8, 0.36794312449995736, 0.05919856152438992, 6.664768123565152e-9, 0.059205212610111205, 0.05920520821244349, 4.574915865114261e-9, 4.188982779360464e-9, 0.059198583395864375, 1.9008936777531936e-8, 0.05920520021582516]
v_opt: [0.397073756437929, 0.6320568986512969, 0.39949585636837853, 0.13538235346526564, 0.02981453045312298]
solution time: 0.014199972152709961
McCormick lower bound: -7.251310678023227

