x_opt: [0.633240914915403, 0.3667590269884762, 0.6332410895616054, 0.06434230680519108, 0.6332409150742497, 0.22296501636281704, 0.9311561577582834, 0.3667592518513718, 0.3667592410609695, 0.36675901815789747, 0.17838494302114113, 0.6332406767830792, 0.3667590724989299, 0.06884400687121034, 0.3667590154880286, 0.36675904962985556, 0.06434224849847014, 2.876178948558074e-8, 0.0643421327149664, 0.06434220063330805]
w_opt: [0.6332409026003546, 0.26648183514643853, 9.906724909061883e-9, 8.62503402036921e-9, 0.2664815989306696, 0.36675904601163584, 8.33316120923984e-9, 6.086940678901601e-8, 0.0643422330551815, 1.75107336759008e-8, 1.020920422742705e-8, 1.2232469814052985e-7, 1.641108298688602e-7, 0.3667589642263364, 0.36675899899238973, 0.0688439870105698, 3.297406630479038e-8, 0.3667590077253527, 0.06434228344149179, 0.564397251479618, 3.460636753426598e-7, 1.3642331432667128e-7, 0.2664817947950284, 0.36675900924028193, 3.649806512512897e-8, 2.549935464082109e-8, 0.06434212855518662, 3.507472519732597e-8, 4.96899729142268e-9, 5.4145200443957334e-8, 0.0643422984232864, 0.06434229389887271, 0.06434223549059939, 4.460146940551319e-9, 5.365468402551521e-7, 0.0643422409604108, 6.324506806608866e-9, 1.2093580495574447e-8, 0.3667592368432213, 5.947620015848233e-8, 1.867824517299241e-8, 8.197471815874776e-9, 3.3526687992745215e-8, 0.06434211566779095, 4.63343661463875e-9, 0.2229649916057353, 0.22296499290567917, 1.3102189414941222e-8, 0.22296500581652615, 0.06884388249142763, 1.3359774889797572e-8, 0.2229650121294755, 6.692488208524918e-9, 1.71426971261645e-8, 0.0643421278360025, 3.6329583992789164e-8, 0.6332406704479926, 0.29791660926445374, 1.735498000637978e-7, 3.989154919883397e-8, 6.433272181714459e-8, 0.36675923424149404, 7.896654310694838e-9, 0.36675899890848646, 0.06434223759875163, 0.06434212295221797, 1.2554370879013033e-8, 4.953944135397975e-9, 8.625976912196488e-9, 0.3667590684699646, 9.254676638725594e-9, 7.118641530528886e-9, 7.711988464579075e-9, 1.1635492597720098e-8, 1.1857479673511884e-8, 4.0826708462969186e-9, 0.3667590136158146, 1.51575535604131e-8, 0.06434208593872605, 0.17838494017618792, 1.067955130617375e-8, 5.614324797827322e-9, 4.397170977544878e-9, 2.1469494549073395e-8, 6.9848952074383016e-9, 0.36675900927236266, 0.36675871546122313, 0.06434218851537095, 0.06434222712371547, 2.036846885918728e-8, 0.36675900419893437, 0.0643422041095204, 8.818267874372172e-9, 0.06434212537284414, 0.06434218675467242, 7.61765515737826e-9, 5.55518123808687e-9, 0.06434216655357765, 2.4160779811610128e-8, 0.06434211173354942]
v_opt: [0.36675924696023054, 0.633241079889344, 0.400994083073938, 0.13451220152034551, 0.03182125307319497]
solution time: 0.013262033462524414
McCormick lower bound: -9.023274665122283

