x_opt: [0.7908433956339641, 0.3148165384620552, 0.7908434337347244, 0.20915182188965356, 0.7908434781334682, 0.20915194617784505, 0.7908481114614533, 0.4707247996353654, 0.26667459240392977, 0.20915659797640393, 0.2091564626724948, 0.7333253575601346, 0.20915658616167837, 0.20915188256821315, 0.20915640628589743, 0.31481654977350954, 0.20915176432197374, 1.4035638523770226e-8, 0.2091518650593667, 0.20915186849384362]
w_opt: [0.7908433897196883, 0.5816868754388098, 6.575259182744133e-9, 4.237653795611853e-9, 0.5241687559872488, 0.20915657261240386, 3.5441594631702578e-9, 1.331082971453396e-8, 0.2091517573247596, 8.51230480406758e-9, 2.8203890941032194e-9, 0.10565997518754458, 0.10566004494221093, 0.31481651017232926, 0.20915659555398058, 0.20915187751620468, 1.5037609093959158e-8, 0.3148165348122345, 0.20915181156603105, 0.5816915468790679, 0.26156823598859463, 3.901925966129943e-8, 0.5241688053815203, 0.31481652504677266, 1.2492226879401414e-8, 1.201166423105059e-8, 0.20915186282263046, 1.0918935953074957e-8, 2.786801385308144e-9, 2.563951127642781e-8, 0.20915181794478574, 0.2091518178540846, 0.20915180441775913, 1.8845491141394087e-9, 9.405112193948121e-8, 0.2091517625111479, 2.7844454634758418e-9, 4.513749779085975e-9, 0.2666745907400446, 1.1324164174084784e-7, 7.097457710003188e-8, 2.393127950523126e-9, 6.8027368022804975e-9, 0.20915171034761432, 1.98081222038797e-9, 0.2091519389427421, 0.20915193326438652, 7.717056285453313e-9, 0.2091519422860261, 0.20915184976580198, 4.302213220658766e-9, 0.2091519442678588, 3.0711193845989325e-9, 8.971390006582736e-9, 0.20915186274072223, 1.2850552813647994e-8, 0.7333253555594977, 5.196684695131222e-6, 7.799519141082078e-9, 1.6286337258053507e-8, 3.7839781452132714e-8, 0.2666745892706158, 3.3587508554961996e-9, 0.2091563980870462, 0.20915176001870378, 0.20915186078798384, 7.71130454373885e-9, 1.9286237396804936e-9, 3.1380920594406703e-9, 0.20915658427711206, 3.977286580204137e-9, 2.990126171900899e-9, 3.3157888435987845e-9, 4.12591322631047e-9, 4.838281873393003e-9, 1.8849156715653898e-9, 0.20915658325981717, 1.0204097286625531e-8, 0.20915184968889458, 0.20915646080079545, 4.538643815047859e-9, 2.249552326850109e-9, 2.1159831434864764e-9, 8.536346512189682e-9, 2.7171116912283465e-9, 0.20915640438992614, 0.20915649272036446, 0.209151863872027, 0.2091517448398467, 5.568461477397396e-9, 0.20915640208804437, 0.2091517479879871, 5.253678603191986e-9, 0.2091518613718283, 0.2091518653558808, 2.8632030980058007e-9, 2.3033275125529896e-9, 0.20915174907722023, 1.1324805713828425e-8, 0.20915184551565524]
v_opt: [0.47072479667524647, 0.7908434303921623, 0.6254335193832551, 0.04374669467013846, 0.043746435892271326]
solution time: 0.012385129928588867
McCormick lower bound: -5.555322949083086

