x_opt: [0.6353514630488681, 0.36464852435277456, 0.635351507473968, 9.776608243168684e-7, 0.6353514479247073, 0.15945009699484736, 0.8878498576851944, 0.36464865635636146, 0.36464858545179113, 0.3646485075375699, 0.22868224015457114, 0.6353513515827912, 0.3646485399586704, 0.11215017211219337, 0.36464852239724427, 0.3646485443126653, 9.720857370052607e-7, 3.066721116036932e-8, 0.11214967055385686, 0.11214965040874886]
w_opt: [0.6353514563618444, 0.270702916963027, 1.0237476171150756e-8, 9.374336596549836e-9, 0.27070282067537516, 0.3646485174784443, 7.02557392234385e-9, 4.1825948816251416e-8, 9.576434269211057e-7, 1.7829970740871176e-8, 7.20501477515904e-9, 3.775652341096051e-8, 5.5083687231306826e-8, 0.3646484745539972, 0.3646484995852217, 0.1121501555173098, 3.304220576916419e-8, 0.3646485147660876, 9.594246170611697e-7, 0.523201370531766, 1.6906042882599585e-7, 2.6943845515057574e-8, 0.27070288278320576, 0.3646485146432136, 2.9170301548108796e-8, 2.6105098546447337e-8, 0.11214966462729406, 2.1330395279479735e-8, 5.055033826607967e-9, 2.912733913072972e-8, 9.669710548213107e-7, 9.681167330684713e-7, 9.349444563601631e-7, 5.045279942739977e-9, 8.65955416603117e-8, 9.640954502869087e-7, 7.525457566874761e-9, 1.1844624890803716e-8, 0.3646485791005161, 4.346496763707186e-8, 9.072222840181061e-9, 7.3577835820342816e-9, 1.5514920147305453e-8, 9.077105940808306e-7, 5.2819852421469524e-9, 0.159450076119334, 0.1594500724204982, 1.2928151574361461e-8, 0.15945008731288965, 0.11215015054553404, 1.1555693137239639e-8, 0.15945009170624136, 6.694365079663072e-9, 1.7768762414416417e-8, 0.1121496636827506, 1.9648910578526637e-8, 0.6353513437382882, 0.25249883862420586, 3.719715893257957e-8, 1.814586502758185e-8, 2.4093729293731995e-8, 0.3646485786822664, 8.418744833459789e-9, 0.36464850227394563, 9.581224286643574e-7, 0.1121496602031384, 9.901375096933723e-9, 4.664110516482042e-9, 7.744177214204203e-9, 0.3646485343879716, 1.1999470308648785e-8, 6.636196774102752e-9, 9.124210330523787e-9, 1.1819988398703191e-8, 1.2873255933416263e-8, 5.651903080098925e-9, 0.3646485010133874, 1.1843449937795753e-8, 0.112149626499784, 0.22868223527717535, 9.883332635927187e-9, 6.8891821279645246e-9, 6.125124693784395e-9, 1.7416257003453493e-8, 6.75898213763608e-9, 0.36464851640889884, 0.3646482804286264, 0.11214963923534967, 9.53885459384609e-7, 1.5172931117377472e-8, 0.3646485102068524, 9.333379080064594e-7, 9.767201367975437e-9, 0.11214966167812555, 0.1121496437144649, 6.842243725386692e-9, 5.819405185264099e-9, 9.539692848967466e-7, 2.416734117438304e-8, 0.11214963930792961]
v_opt: [0.3646486496203832, 0.6353514974495711, 0.4036714985053435, 0.1329685344528874, 0.0522957547975558]
solution time: 0.012319087982177734
McCormick lower bound: -7.925688293795311

