x_opt: [0.6969497609157446, 0.30305034042988366, 0.696949762087507, 0.08823042377119897, 0.6969497622270477, 0.16881415583708428, 0.8311858613160676, 0.4069484980712076, 0.3030502437221159, 0.3030502376774736, 0.21659040472038987, 0.696949755768801, 0.30305023819497784, 0.16881413935293307, 0.30305023266373327, 0.3030503471988607, 0.08823042258874828, 3.540259714114805e-9, 0.16881403711909684, 0.08823042279704325]
w_opt: [0.6969497599481302, 0.393899522619794, 1.3532736390417796e-9, 9.073592931459265e-10, 0.393899517441361, 0.3030502353771144, 7.298512196068718e-10, 2.7821293713494563e-9, 0.0882304209082484, 2.0416524998720553e-9, 8.01265013886577e-10, 1.0316323585539895e-7, 1.0487263153738393e-7, 0.3030503359436394, 0.3030502368528248, 0.16881413761862535, 2.6099343002112723e-9, 0.3030503396992004, 0.08823042160339714, 0.5281356239239755, 0.10389826073303224, 2.470124800662992e-9, 0.3938995206028457, 0.3030503432839906, 2.5991917343503497e-9, 3.0200157730260695e-9, 0.16881403651953766, 1.9503529748517214e-9, 6.546767887917321e-10, 3.0997795746134855e-9, 0.08823042279686942, 0.08823042254905904, 0.08823041999508115, 5.28250638534607e-10, 1.515800295627115e-8, 0.08823042187672415, 7.315825489051749e-10, 1.1586734001270913e-9, 0.3030502431498605, 5.4183102843076134e-9, 1.4876267595400874e-9, 7.225602062748099e-10, 1.6107179926300296e-9, 0.08823041379722363, 5.023295870468071e-10, 0.16881415353636317, 0.16881415329548843, 1.469748330241038e-9, 0.16881415455448498, 0.16881413682126142, 1.1437875977987197e-9, 0.16881415522427426, 7.414884064001483e-10, 2.0897269343518023e-9, 0.16881403647780424, 2.112197322413014e-9, 0.6969497550325315, 0.13423614513528584, 1.83375256703567e-9, 1.6837814738847676e-9, 2.449618988696073e-9, 0.30305024301281813, 8.715803692493464e-10, 0.30305023067953585, 0.08823042141416054, 0.16881403596255462, 1.3038075766315262e-9, 5.559132317427335e-10, 1.4350399353058693e-9, 0.3030502374784143, 9.539472926548725e-10, 7.793938305624316e-10, 8.69584451715834e-10, 1.0234359620463875e-9, 1.1176492393462507e-9, 5.504738555573097e-10, 0.3030502365880194, 1.6863382581635704e-9, 0.1688140326734466, 0.21659040414921035, 1.0566162103080066e-9, 5.971442557742209e-10, 6.014343527382362e-10, 2.060236914633041e-9, 7.535817881674142e-10, 0.3030502319236724, 0.3030502256649417, 0.08823042140210864, 0.08823042054036148, 1.4413813829434802e-9, 0.30305023159762146, 0.0882304190137697, 1.0817986323295958e-9, 0.16881403591327193, 0.0882304221631221, 7.418526110439266e-10, 6.569276363784025e-10, 0.08823041833570568, 2.739730852514866e-9, 0.08823042193197929]
v_opt: [0.40694849732450306, 0.6969497609656377, 0.48573902115938583, 0.09183944666776755, 0.046911418568398665]
solution time: 0.014407157897949219
McCormick lower bound: -7.244310822108366

