x_opt: [0.6142610473090503, 0.26200462111943484, 0.8937936790369088, 0.10620425684617701, 0.7379947661094665, 0.2620045299628643, 0.7379953740743342, 0.893713244150629, 0.6142609163439146, 0.10620617364977977, 0.1062867442423248, 0.38573908556920744, 0.26200455315302956, 0.26200460146455234, 0.10620736436317744, 0.2726770772898998, 0.10620424728496936, 3.558698397271001e-8, 0.10620725073863534, 0.10620721449357691]
w_opt: [0.6142610421192279, 0.35225581673179723, 9.919287631349963e-9, 8.122910987379071e-9, 1.3785152283562013e-7, 0.2620045134324683, 1.361403087704066e-8, 4.8782630173075673e-8, 0.10620423503667469, 2.2895958548924336e-8, 4.653696084560006e-9, 0.15579830438262535, 9.287392047057195e-8, 0.26200457484774214, 0.10620616673117259, 0.2620045805462353, 7.857561422548846e-8, 0.2620046148746031, 0.10620423177226301, 0.6317890588903252, 0.7875069370049833, 1.1833905760763725e-8, 0.27953279822105476, 0.2726770446799143, 2.6531104742827825e-8, 2.6499599150766683e-8, 0.10620724280442191, 9.102391448777285e-7, 5.0827394248349196e-9, 5.4725841880866105e-8, 0.10620424292086697, 0.10620424827004167, 0.10620418935278503, 7.011070403777004e-9, 2.1416601289374634e-7, 0.10620423709808574, 7.30062785624638e-9, 1.5143481851707553e-8, 0.6142609121692539, 5.3675726220120195e-8, 5.329897558272314e-9, 8.082699084157012e-9, 1.0083270316785953e-8, 0.10620410838920304, 7.613929493052623e-9, 0.26200451403735175, 0.2620044782637584, 1.721954589408074e-8, 0.2620045195998506, 0.26200445588902954, 1.077497912810094e-8, 0.26200452311651073, 9.869736320494838e-9, 2.2202490035101687e-8, 0.10620724006313288, 1.3879756363105691e-8, 0.38573907767519466, 1.2062207305711077e-6, 7.784029539495121e-9, 1.4388007841491269e-8, 5.064891181876371e-8, 0.6142609064590654, 1.8619915806943407e-8, 0.10620732879828725, 0.1062042365602709, 0.10620724349939822, 7.901161002317576e-9, 5.499989026533905e-9, 2.6190424836869665e-8, 0.2620045462239687, 1.364067627870404e-8, 6.29297080772899e-9, 1.0521502476668201e-8, 2.4649480054786586e-8, 2.443133219595459e-8, 6.7058131293574595e-9, 0.10620616438468854, 1.4536992635679556e-8, 0.10620605365243804, 0.106286730469353, 1.0051968867706328e-8, 7.308934658786044e-9, 1.4527683423507286e-8, 1.2418056649769976e-8, 5.560115901246959e-9, 0.10620735952389028, 0.26200445849063253, 0.10620720704813395, 0.10620417405831345, 9.113787000882297e-9, 0.1062073546893635, 0.10620418269554559, 1.2754520699449834e-8, 0.10620724083396992, 0.10620720651409188, 5.600764610951712e-9, 6.631719565690334e-9, 0.10620422602286313, 2.743968241421965e-8, 0.10620720567887564]
v_opt: [0.893713237983704, 0.8937936734108618, 0.5446362814896745, 0.011279784200895353, 0.011297164628689143]
solution time: 0.015382051467895508
McCormick lower bound: -3.285515554563186

