x_opt: [0.7924806013456049, 0.20752039306993475, 0.7924806046980296, 0.1959110473298359, 0.7924806037561136, 0.1959110481666022, 0.8040889484388313, 0.536419962485749, 0.27839763332011264, 0.207519394910276, 0.2075193627066859, 0.7216023708953898, 0.20751939625288443, 0.1959110514770937, 0.20751936611976035, 0.33397664766403706, 0.19591103997422285, 9.595437882086593e-9, 0.19591085943208167, 0.19591079912818965]
w_opt: [0.7924805988062105, 0.5849612049444012, 3.8844499356391624e-9, 2.6337982053375587e-9, 0.514082974203331, 0.20751938789967225, 2.0240433190729417e-9, 7.492999818387804e-9, 0.19591103573689855, 5.593097991950924e-9, 2.157381254043754e-9, 9.993340729360288e-7, 1.0042838401021629e-6, 0.20752038174813645, 0.20751939282677256, 0.19591104676415824, 7.931519615775287e-9, 0.20752039142427228, 0.19591104151073313, 0.596569554613755, 0.32890056888138514, 7.256934436083304e-9, 0.5140829833905728, 0.33397663817081363, 6.627072297442012e-9, 8.119565260827836e-9, 0.1959108578095084, 4.837583865170927e-9, 1.6224681005124112e-9, 8.104908848736503e-9, 0.19591104477906776, 0.1959110440987662, 0.19591103681618702, 1.5275959199029579e-9, 3.8146739088545605e-8, 0.19591103830911258, 1.931751030141424e-9, 3.314926251540452e-9, 0.27839763188540484, 1.4371805117268105e-8, 3.559661279798479e-9, 2.094427916574289e-9, 3.88913688711772e-9, 0.19591101491206725, 1.4056183815887941e-9, 0.19591104148838628, 0.19591104115051605, 3.7722944213277885e-9, 0.19591104487214422, 0.19591103753654449, 3.2586320292026857e-9, 0.1959110463540396, 2.136140991421575e-9, 5.6165082877605836e-9, 0.1959108575370723, 5.026815449881025e-9, 0.7216023687803806, 0.011608458882103425, 3.4747404540895645e-9, 4.176325763162354e-9, 6.693752948538324e-9, 0.2783976313904772, 2.3152601058204685e-9, 0.207519360266626, 0.19591103701073045, 0.1959108566298499, 3.1135030524214647e-9, 1.6704055872625264e-9, 7.829884022776995e-9, 0.2075193943432959, 2.5376659841685563e-9, 2.0759502316790365e-9, 2.400599888692204e-9, 3.1154364676940735e-9, 3.2884595060768487e-9, 1.4395599737378187e-9, 0.2075193917273053, 4.356402907843546e-9, 0.1959108462569473, 0.20751936106746038, 2.8534906616936518e-9, 1.6030521735660872e-9, 1.6888457040832107e-9, 4.666636674605967e-9, 1.9896287433090956e-9, 0.2075193641561259, 0.2075193665990593, 0.1959107957386542, 0.19591103132184684, 3.5949273098802556e-9, 0.20751936338108615, 0.19591102983888348, 2.8376678579432495e-9, 0.1959108560303037, 0.19591079722197902, 1.9100619891433683e-9, 1.8689394487410305e-9, 0.1959107931552782, 7.401351051146041e-9, 0.19591079695042632]
v_opt: [0.5364199606523947, 0.792480602021206, 0.6280255051318844, 0.04306430972961034, 0.04306429935332726]
solution time: 0.014801979064941406
McCormick lower bound: -6.18603937843571

