x_opt: [0.7482873746859153, 0.25172108113849034, 0.7482873554774121, 0.2517030843181617, 0.7482873350728364, 0.2517029581827438, 0.7482967956329457, 0.682780222799304, 0.34144670371265473, 0.25171263319291354, 0.2029862590298344, 0.6585537000651285, 0.2517126500333803, 0.25170320359262927, 0.2517124241800379, 0.25283713544351594, 0.25170306122814473, 3.735948042420705e-8, 7.187290480938605e-7, 2.7088497341159114e-7]
w_opt: [0.748287338073256, 0.4965747154168402, 2.5795193692779578e-8, 8.703331165734879e-9, 0.40684108193425694, 0.25171261720451854, 6.472444481248071e-9, 3.2330844221532855e-8, 0.2517030473880483, 2.2803162516707543e-8, 8.313357864771128e-9, 8.440952005121769e-6, 8.441605007471716e-6, 0.251721036474528, 0.25171262707947717, 0.25170318503777317, 3.389971901618457e-8, 0.2517210767495459, 0.25170306407970977, 0.4965841559706925, 0.4310675833358523, 4.1737417940297895e-8, 0.40684108647664113, 0.25283710311231955, 2.4253634493894637e-8, 3.301028512525471e-8, 7.139651627830844e-7, 1.6599843153175707e-8, 4.600642114462723e-9, 3.181535735070173e-8, 0.25170307683564425, 0.2517030731441231, 0.2517030472644998, 5.162080609493935e-9, 1.9114064910400646e-7, 0.25170305619353683, 6.633079277612818e-9, 1.2594432754085897e-8, 0.341446699550709, 4.4946222205070854e-8, 9.155725010431715e-9, 7.3519165689836934e-9, 1.4180740308970537e-8, 0.2517029758672377, 4.603949355694836e-9, 0.25170292519717663, 0.2517029348805962, 1.1872104150366145e-8, 0.25170294778189745, 0.25170292833892616, 1.437589213452003e-8, 0.25170295239110774, 7.758829180909024e-9, 2.274913657214723e-8, 7.127343436347717e-7, 1.9417031668479197e-8, 0.6585536924913077, 9.950500681375101e-6, 1.0390752854466102e-8, 1.6814335265196492e-8, 2.0341829628072812e-8, 0.3414466980225566, 7.69868512446378e-9, 0.251712404147204, 0.2517030520099496, 7.097308535076893e-7, 9.046058843464926e-9, 6.8601443305618235e-9, 4.1992896767705433e-7, 0.25171264266278487, 8.340916954428177e-9, 7.1303121598132185e-9, 8.61342233838795e-9, 1.1348306794415448e-8, 1.2368001441977265e-8, 4.552956111131689e-9, 0.251712624429012, 1.532056387914292e-8, 6.801547129265345e-7, 0.20298625455312472, 1.1604513424396538e-8, 4.944212990934729e-9, 5.3348605837147656e-9, 1.660734653112912e-8, 7.431657397516317e-9, 0.2517124180141297, 0.2517125818791018, 2.6046106673342306e-7, 0.25170299933809726, 1.315297926294522e-8, 0.25171241686605655, 0.25170302723077986, 9.548201798128297e-9, 7.065298509403463e-7, 2.626616400515054e-7, 6.572307699570384e-9, 6.895255341746052e-9, 2.49222718927882e-7, 3.0667149376757373e-8, 2.5894417435568577e-7]
v_opt: [0.6827802177200853, 0.74828734713302, 0.5599340000446872, 0.0633592648624663, 0.0412041210701148]
solution time: 0.01389002799987793
McCormick lower bound: -6.953473792716285

