x_opt: [0.6723582920522956, 0.3279999816905539, 0.6723582892647578, 2.3871768112813204e-6, 0.6723582933580583, 0.14584399003938875, 0.8541560954447223, 0.42556555939164664, 0.34268388562129093, 0.3276416912357398, 0.3014334236964503, 0.6573160784784506, 0.3276417122303264, 0.1458438948082238, 0.3276416902358465, 0.32800022595401507, 2.3809669746231837e-6, 1.800169960154546e-8, 0.14584394215117213, 0.14584369262531988]
w_opt: [0.6723582843561557, 0.344716586814172, 3.3668676241642192e-9, 2.6497182245246777e-9, 0.3296743725857372, 0.3276417028815604, 3.0192097421877046e-9, 3.101209657197037e-8, 2.375090470700264e-6, 1.1842555012172005e-8, 1.933000204259062e-9, 0.0003582729731611114, 0.0003582863858444922, 0.32799995395797454, 0.32764168918877834, 0.14584389026275918, 1.5136755728908535e-8, 0.32799997905342176, 2.3780525045627397e-6, 0.5265143865044554, 0.0979238508855086, 5.41910323274418e-9, 0.32967437838225266, 0.3280002106735788, 1.1066330011705566e-8, 1.5850861878900814e-8, 0.14584393969873355, 7.276334214322496e-9, 2.2376815815866495e-9, 2.9972172291554286e-8, 2.3823931863692648e-6, 2.383876329811174e-6, 2.3685272663501912e-6, 1.7638806970873731e-9, 2.3878759188878673e-7, 2.378502831029391e-6, 2.9470146892462248e-9, 4.544275019316304e-9, 0.34268388352770085, 4.594616435285436e-8, 1.025534373581872e-8, 2.1686535673605216e-9, 1.0698333113179971e-8, 2.31593799981905e-6, 1.9621376139522825e-9, 0.14584398399516268, 0.1458439780387015, 6.245785428086431e-9, 0.14584398682536948, 0.14584388400126008, 3.5600143844331604e-9, 0.14584398824088668, 2.561732594024534e-9, 1.2484407992492554e-8, 0.14584393945218047, 8.413888520153089e-9, 0.6573160762018329, 0.18179846059668534, 4.0007725776141244e-9, 7.27599741235183e-8, 1.1566450006980032e-8, 0.3426838828364483, 3.011752379425948e-9, 0.32764168339421174, 2.376049514280231e-6, 0.14584393822032485, 4.555608294288381e-9, 1.5108629657998623e-9, 2.3254661659720286e-9, 0.3276417105331668, 4.473950810270382e-9, 2.4139207465676816e-9, 3.6148338222081777e-9, 4.055677423430777e-9, 4.849547881790135e-9, 1.7613305225467195e-9, 0.32764168863400395, 5.760792486663317e-9, 0.1458439249607748, 0.3014334214460629, 4.7600190326015044e-9, 2.3658903887739656e-9, 1.9931022647726256e-9, 4.823626823966934e-9, 2.3594452495153535e-9, 0.3276416880732325, 0.3276416851069435, 0.1458436889697694, 2.3718829309249107e-6, 4.731596366506725e-9, 0.3276416868330552, 2.364332728107981e-6, 5.7622985260097015e-9, 0.14584393917458338, 0.14584369051531249, 2.4102443042170924e-9, 2.068175714181959e-9, 2.3744959723081566e-6, 1.518721003451729e-8, 0.14584368643795276]
v_opt: [0.4255655564261541, 0.6723582861131009, 0.4520656974914786, 0.10734941223183535, 0.09086262827424602]
solution time: 0.015683889389038086
McCormick lower bound: -5.546815722013276

