x_opt: [0.7481215640758785, 0.2518784647455208, 0.7481215644847387, 0.25187841097683294, 0.7481215635140293, 0.251878407435187, 0.7481215893727413, 0.6823158479510337, 0.3421459433911445, 0.2518784355505583, 0.20057096645581385, 0.6578540612559103, 0.2518784359246941, 0.25187841064331173, 0.2518784322461899, 0.25380651363361445, 0.2518784098006599, 1.4590664049390703e-9, 3.150846734822662e-8, 1.8516625902515586e-8]
w_opt: [0.748121563625984, 0.49624312791077735, 6.793528649679918e-10, 4.1481760874443943e-10, 0.40597562564211176, 0.2518784346258624, 2.8829467736725845e-10, 1.2941448701197346e-9, 0.2518784091787576, 8.54947934918025e-10, 3.8356794710388094e-10, 2.940714490181201e-8, 2.9779980693950297e-8, 0.25187846305074796, 0.2518784352039346, 0.25187840977956844, 1.3228097625433695e-9, 0.2518784645101683, 0.25187841012153694, 0.4962431540886176, 0.43043741264757546, 1.1655146410382627e-9, 0.40597562693126615, 0.2538065123266068, 1.0581070860170292e-9, 1.253747996081776e-9, 3.128032763357929e-8, 7.031907392418546e-10, 2.2288115358578237e-10, 1.1370421162174722e-9, 0.25187841061897365, 0.2518784104535883, 0.25187840931997046, 2.4060031192418766e-10, 5.502151213428649e-9, 0.25187840955514484, 2.9046246289409863e-10, 5.315885298128902e-10, 0.34214594317818725, 1.7902875453619516e-9, 4.533842914451253e-10, 3.617494333826435e-10, 6.275374061343372e-10, 0.25187840593757904, 2.1006681406317852e-10, 0.25187840609805634, 0.25187840643631015, 5.180287249761422e-10, 0.25187840690665886, 0.2518784061299271, 5.843080745163597e-10, 0.2518784071409022, 3.362512528185637e-10, 8.412896228357704e-10, 3.1214386380390745e-8, 7.387752236587671e-10, 0.6578540609029682, 4.589349710407015e-8, 4.952032576040049e-10, 6.120634400947706e-10, 8.413101284427661e-10, 0.34214594312292607, 3.5226504700608733e-10, 0.25187843135796917, 0.2518784093615702, 3.110054245928801e-8, 4.1377805676803726e-10, 2.9488940826894224e-10, 5.206747237283876e-9, 0.2518784356277603, 3.7273255246391234e-10, 3.202288455025097e-10, 3.6955002966024317e-10, 4.966716619765626e-10, 5.250612360743385e-10, 2.239895526985279e-10, 0.2518784350767677, 6.206168915507286e-10, 2.9679951523273786e-8, 0.2005709662175004, 4.486102679124657e-10, 2.3625319013472066e-10, 2.6382600049852425e-10, 7.395579610242191e-10, 3.1838944084623654e-10, 0.25187843193449483, 0.2518784318108011, 1.8009665008758416e-8, 0.2518784079535848, 5.662054559131238e-10, 0.25187843185819836, 0.2518784081849351, 3.9619757906420345e-10, 3.0954020514958624e-8, 1.8184042000911427e-8, 2.9438317601722717e-10, 3.0350907903798394e-10, 1.760743005175806e-8, 1.1377145945237186e-9, 1.8116225912043967e-8]
v_opt: [0.6823158477097869, 0.748121564078249, 0.5596858865538841, 0.06344274825484794, 0.040228787497932746]
solution time: 0.014178037643432617
McCormick lower bound: -6.916978562659545

