x_opt: [0.6643390041018173, 0.33566109104374786, 0.6643390339568085, 2.5968141266338585e-6, 0.6643388774872193, 0.14075749473958765, 0.8592426474791071, 0.40859329388193627, 0.3410799633723508, 0.3356609341557486, 0.29424320066773507, 0.6589135073832739, 0.335661118867638, 0.14075734835976214, 0.33566111008210325, 0.3356611552359278, 2.578825045659807e-6, 3.442775880910987e-8, 0.14075747744473288, 0.14075748058462342]
w_opt: [0.6643389970455412, 0.3286778858224905, 8.970922696153185e-9, 7.927557225704328e-9, 0.3232525159800981, 0.3356610939025244, 8.268296605375503e-9, 2.1502758292116988e-7, 2.5657720742722925e-6, 2.2308362945167835e-8, 4.886390109223519e-9, 1.295645735480529e-7, 1.2675883407793138e-7, 0.33566102601536263, 0.33566092809556447, 0.14075733510023197, 6.705054645525425e-8, 0.3356610834513107, 2.576811042368387e-6, 0.5235816865459548, 0.0729323332042681, 1.5234750687281366e-8, 0.3232525690650425, 0.33566112234015805, 3.6569405054975656e-8, 2.9604587933271466e-8, 0.1407574713539288, 1.9979361440839564e-8, 4.156821163943541e-9, 5.534432344952965e-8, 2.583460866203138e-6, 2.5886234747091804e-6, 2.5195717362431158e-6, 4.968027480606316e-9, 2.5025703577206467e-7, 2.572922691417964e-6, 6.984925467331892e-9, 1.1915160153519721e-8, 0.34107995672682434, 1.0317335039573254e-7, 9.912874656369269e-9, 6.834984141230541e-9, 1.818593143173114e-8, 2.48591899673957e-6, 5.946202920926908e-9, 0.14075747762496293, 0.1407574394809784, 1.5268231694643017e-8, 0.1407574877243569, 0.14075730752820195, 1.2014799641965176e-8, 0.14075749006579147, 6.963909022696072e-9, 2.220255884062439e-8, 0.14075746512451048, 1.8311913641176003e-8, 0.6589135001330144, 0.1949040704513918, 1.0735830048796942e-8, 1.8419968161676066e-7, 2.7918490525248527e-7, 0.3410799567764427, 7.800077926774689e-9, 0.33566108989756643, 2.5644959703333517e-6, 0.1407574694998849, 8.46526715339491e-9, 4.039786216608759e-9, 5.5520005442928194e-9, 0.33566111498291373, 1.6020796903674844e-8, 5.628410156631623e-9, 9.82106757684308e-9, 1.7270145963656313e-8, 1.9353204743190904e-8, 4.873382183797685e-9, 0.33566092796692915, 1.2083094934851636e-8, 0.14075743916705108, 0.2942431953457848, 1.0965423708836357e-8, 7.4479978373855305e-9, 5.857081632722842e-9, 9.521003441405787e-9, 5.531251039336705e-9, 0.3356611043398472, 0.335659845904489, 0.14075747277475653, 2.5514247923537785e-6, 1.2525287055365273e-8, 0.335661096077409, 2.5162122761240596e-6, 1.0766938450227644e-8, 0.14075747070157626, 0.1407574735478156, 6.0259420894296015e-9, 5.298572930867341e-9, 2.5624445736590687e-6, 2.8390490655098162e-8, 0.14075744060981793]
v_opt: [0.408593287896417, 0.6643390270871862, 0.44134615454441684, 0.11266848856435903, 0.08657925332544003]
solution time: 0.014007806777954102
McCormick lower bound: -5.3049870013331715

