x_opt: [0.6353517365538462, 0.36464829207433974, 0.6353517793770315, 2.2321655138394314e-7, 0.6353517944456255, 0.15944921194200057, 0.8878492877225679, 0.3646486379296768, 0.36464820285973654, 0.364648191044208, 0.22868344407086502, 0.6353517645633744, 0.3646482005235781, 0.11215071406457383, 0.3646482008167798, 0.36464835460851175, 2.136475600108381e-7, 2.2569784712632966e-8, 0.11215070893468852, 0.1121506914374308]
w_opt: [0.6353517309038753, 0.2707035339301917, 4.286067645063997e-9, 5.089310896366965e-9, 0.27070350395487963, 0.3646481876587112, 3.661377937121995e-9, 3.3594876186356094e-8, 2.0510476972804959e-7, 1.4786917312074508e-8, 3.534927044099766e-9, 7.457064766331825e-8, 1.3776968088920047e-7, 0.3646482332436167, 0.3646481878789611, 0.11215070445263323, 3.512880564433328e-8, 0.36464828709154384, 2.1125597708555696e-7, 0.5232010700274974, 4.197122044800769e-7, 3.8052644783687835e-9, 0.2707035609013292, 0.364648333587121, 2.467271028265903e-8, 2.0261583162004682e-8, 0.11215070588759218, 1.9722585136195434e-8, 2.393936209618194e-9, 2.7610263592933937e-8, 2.165528020687353e-7, 2.1844304243160412e-7, 1.885817923483821e-7, 2.5569107776307092e-9, 7.79242939022972e-8, 2.101700086943711e-7, 4.536618910080508e-9, 8.227679726827298e-9, 0.3646481995826734, 6.107122024964632e-8, 6.5220313768059984e-9, 3.640585081939462e-9, 1.590826525145623e-8, 1.6790689305114028e-7, 2.9091203740295878e-9, 0.15944919829389903, 0.1594491965764319, 8.405907926209401e-9, 0.15944920720460676, 0.11215068389661678, 7.319084979941643e-9, 0.15944920953783684, 3.857593854116985e-9, 1.4972853146241423e-8, 0.112150705412995, 1.769137810467091e-8, 0.6353517607450379, 0.25249836885532545, 8.529360977758135e-9, 7.600916203682792e-8, 9.344404563561101e-8, 0.36464819990802105, 4.968669286090004e-9, 0.3646481944698562, 2.0456003641776152e-7, 0.1121507027384041, 5.70242925579783e-9, 2.410933886168501e-9, 3.4089136708281736e-9, 0.3646481974543629, 8.368112827427677e-9, 3.4775049048865884e-9, 5.8560870373610625e-9, 8.016247633299615e-9, 9.278462749416345e-9, 2.8546743425517706e-9, 0.36464818438598057, 6.831264931954037e-9, 0.11215067671020575, 0.22868344179988206, 7.432349804957716e-9, 3.988760332451462e-9, 3.0104002309811237e-9, 1.13745714184829e-8, 3.929513017683411e-9, 0.364648196959131, 0.36464802574343996, 0.11215068598015299, 2.031668869492734e-7, 1.1657752594490853e-8, 0.3646481964235726, 1.849840987569862e-7, 6.511511027546926e-9, 0.11215070469733787, 0.11215068766537638, 3.867718692880777e-9, 3.150391571223016e-9, 1.9633006896384572e-7, 1.9383785679981676e-8, 0.11215067459941232]
v_opt: [0.36464863427236843, 0.6353517744623368, 0.4036721363513998, 0.13296839331384863, 0.05229612668149868]
solution time: 0.013036012649536133
McCormick lower bound: -8.127351978060517

