x_opt: [0.7908456896813174, 0.3148147452051125, 0.7908457598340204, 0.20915352961289405, 0.790845653481208, 0.20915355165707722, 0.7908464194754051, 0.4707282634810167, 0.2666753147394041, 0.20915429051128476, 0.2091542620872192, 0.733324667737872, 0.20915431058015865, 0.20915357343287577, 0.20915427766045658, 0.3148160901698874, 0.2091535095604291, 1.917137709826429e-8, 0.20915316779230692, 0.20915313562200305]
w_opt: [0.7908456805839693, 0.581691345421432, 8.184906253292994e-9, 3.681220736955744e-9, 0.5241703613534896, 0.2091542912658991, 3.890877464878173e-9, 2.2818789016826617e-8, 0.20915350183949094, 1.2494939459335642e-8, 3.7069526314856998e-9, 0.10566050764788072, 0.10566047034730587, 0.31481471068772576, 0.20915428739869707, 0.20915356563800028, 2.5243826958517453e-8, 0.31481474206471705, 0.20915351740764077, 0.5816921814305112, 0.26157402613115877, 6.886447804692858e-8, 0.5241704485609984, 0.3148160646326898, 1.7120003680114565e-8, 1.69358260661134e-8, 0.20915316544158952, 1.521610713577087e-8, 2.5176743739985885e-9, 3.099223534951131e-8, 0.209153525653948, 0.20915352506934287, 0.20915350330923466, 2.4145996413590937e-9, 1.0746060575361067e-7, 0.20915350745002756, 3.023832145733091e-9, 5.869490177822697e-9, 0.266675312901448, 4.622600889773971e-8, 5.68570476443678e-9, 3.1453182237121297e-9, 8.555253495732601e-9, 0.20915343880593248, 2.4785909298048747e-9, 0.2091535378677443, 0.2091535346405685, 8.403155156743135e-9, 0.20915354713870174, 0.20915351367005117, 8.02361154716736e-9, 0.2091535491514578, 3.957030040054352e-9, 1.2704758687917175e-8, 0.20915316505427564, 1.632201907744856e-8, 0.7333246643777853, 3.063320421644927e-6, 7.772312640211952e-9, 1.1914252086370121e-8, 3.647975709035188e-8, 0.2666753116808189, 4.2784524412647575e-9, 0.2091542654816129, 0.20915350502974692, 0.20915316312847387, 6.9021916254024315e-9, 2.8860629430515997e-9, 1.2656006179889442e-8, 0.2091543080221384, 4.645857375463168e-9, 3.6307076899795496e-9, 4.249383382547277e-9, 6.5864995025130034e-9, 7.912247454051185e-9, 2.0747372177111274e-9, 0.20915428533821298, 1.1773457530671223e-8, 0.2091531452088688, 0.20915425975993462, 6.7354983445363625e-9, 2.440100535126517e-9, 2.599479028106141e-9, 8.949512809763353e-9, 3.575576157559486e-9, 0.2091542750655983, 0.2091541726493368, 0.209153130727265, 0.20915348666495365, 7.400129082660534e-9, 0.20915427333282394, 0.20915348549830814, 5.630772139985455e-9, 0.20915316164430842, 0.20915313237978553, 3.48883257222241e-9, 3.1457403702855652e-9, 0.2091530987330837, 1.6070694930160695e-8, 0.20915310743862434]
v_opt: [0.4707282607225284, 0.7908457561326677, 0.6254370873384553, 0.04374555101096866, 0.04374555890318075]
solution time: 0.01270604133605957
McCormick lower bound: -5.64226768378729

