x_opt: [0.6167715092630248, 0.2032126204721214, 0.8063172345950173, 0.1936828820721914, 0.8063171305043243, 0.11925322195782305, 0.8063172743583236, 0.9382149786938128, 0.8063171113064787, 0.1936827764637938, 0.06178496347440527, 0.8041554524578896, 0.19368270110496372, 0.19368270086448797, 0.1192531871831381, 0.20321263644192816, 0.19368278006214884, 2.9112346330338416e-8, 0.11925317845384566, 0.06178510696969077]
w_opt: [0.6167715012447765, 0.4230886443897683, 9.77179580835303e-9, 6.444644819486233e-9, 0.4209269687698789, 0.19368265737717474, 6.423096525979086e-9, 1.6111766291217184e-8, 0.19368276693463327, 1.6336174192812112e-8, 6.247220372145633e-9, 0.00952986137122283, 0.009529784333743161, 0.20321259212070203, 0.19368276669320408, 0.1936826879932725, 1.9929274452312928e-8, 0.20321261482014982, 0.1936828618216998, 0.6126345130089271, 0.7445322206380457, 4.5166275211377986e-8, 0.6104727179441636, 0.20321259814454506, 3.933549291979539e-8, 2.3508520216508988e-8, 0.11925317373936174, 1.1165610424554867e-8, 2.126229749155216e-8, 2.5584447241857056e-8, 0.1936828758402131, 0.1936828702743017, 0.1936827466046795, 4.751300759401258e-9, 1.2462582954383288e-7, 0.19368277578625648, 4.874350704224761e-9, 9.047048416364488e-9, 0.8063171074479676, 3.5295430183169655e-8, 1.1381314842667646e-8, 6.0557204218835544e-9, 1.191644896355748e-8, 0.19368266744948626, 3.817827857933314e-9, 0.11925320057430062, 0.11925319985582924, 1.2447389706239939e-8, 0.1192532089645242, 0.1192532065361782, 9.024634411433693e-9, 0.11925321487354108, 7.427476943376695e-9, 1.680646364009651e-8, 0.11925317279943212, 1.4151795661832109e-8, 0.8041554469741903, 7.188699088038983e-7, 7.738327589560866e-9, 8.992259481297917e-9, 2.036204417602862e-8, 0.8063171044648926, 7.277621122674547e-9, 0.11925316046061311, 0.19368277364448733, 0.11925317052265967, 9.928994110593818e-8, 6.946105591992331e-9, 0.6104725747515187, 0.19368268871277927, 5.591124297273016e-9, 7.438398184513539e-9, 6.206890661582351e-9, 8.222212070684761e-9, 8.531943656269883e-9, 3.916817589195224e-9, 0.19368269295272345, 2.4983431199721377e-8, 0.11925313490446723, 0.06178495679498446, 8.120166581548776e-9, 3.7836378159155536e-9, 5.2841819817853585e-9, 1.712527937569021e-8, 6.004191239252288e-9, 0.11925317662651355, 0.19368262582952445, 0.06178509605228306, 0.1936826696830729, 8.560169157885574e-9, 0.11925317657397783, 0.1192531610477604, 8.88115734700629e-9, 0.11925314670744519, 0.06178510163979946, 5.433756358306248e-9, 6.350749032133913e-9, 0.06178508458561439, 2.08863850836289e-8, 0.06178510128957858]
v_opt: [0.9382149732697362, 0.8063172274497535, 0.6501474916312149, 0.037513024333853145, 0.0038177552948489932]
solution time: 0.0168149471282959
McCormick lower bound: -4.648708862476222

