x_opt: [0.7994130284151643, 0.20058704947153638, 0.799416088034217, 0.20058383296923288, 0.799411946115256, 0.20058786859671798, 0.7994130011945203, 0.5470700382855351, 0.2805642749138229, 0.20058388155322948, 0.20058665053974858, 0.7194356964805163, 0.200587967816244, 0.20058697538390285, 0.2005839500139387, 0.3334203754256632, 0.20058381412000365, 3.346717748041371e-8, 0.20058383374007366, 0.20058387952330684]
w_opt: [0.799413017931595, 0.5988249773263059, 1.0455622399863598e-8, 8.224773782672055e-9, 0.5188487300497877, 0.20058792775783418, 2.201194659724124e-8, 4.247847103470824e-8, 0.20058380252270913, 2.1934850746699555e-8, 6.103205709311171e-9, 3.1413557566005744e-6, 5.1125313822568174e-8, 0.20058699357841106, 0.20058387709197936, 0.2005869589138308, 5.760150458583614e-8, 0.2005870449621935, 0.20058381058651967, 0.5988290931537388, 0.34648613362013336, 1.48918453527894e-8, 0.5188518238694684, 0.3334203336299693, 3.304795482746978e-8, 2.986132637732649e-8, 0.20058382942811104, 2.9724552230111958e-8, 4.418690691681505e-9, 5.4012224587478745e-8, 0.20058382543496656, 0.20058382380439677, 0.20058374754232106, 5.3113740440777885e-9, 1.9659824908783716e-7, 0.2005838089570852, 5.572546576969208e-9, 1.1045549454222765e-8, 0.28056427308148907, 4.497923911545828e-8, 6.931154207913105e-9, 6.59526851838603e-9, 1.234644753444409e-8, 0.20058368507470473, 5.303389105764514e-9, 0.2005878484433483, 0.20058782183216667, 1.6913635211768548e-8, 0.20058786091756614, 0.20058695585108163, 1.4384204157528266e-8, 0.20058786422745148, 8.884336543994102e-9, 2.2337007495051472e-8, 0.20058382869136013, 2.1694820253691588e-8, 0.7194356911112824, 1.3949860281899115e-6, 9.690991191946498e-9, 2.2631877957264535e-8, 5.481116347776415e-8, 0.280564269552421, 7.449575578354954e-9, 0.2005839206674217, 0.20058380679793777, 0.20058382757489418, 1.0655548962544936e-8, 5.645330194659432e-9, 8.209361255519462e-8, 0.20058796239100665, 9.533449876262642e-9, 6.504878468209732e-9, 7.769381163398109e-9, 1.6218013157101213e-8, 1.79278862202011e-8, 4.302407435108561e-9, 0.20058387627227703, 2.2200714018880665e-8, 0.20058376606245742, 0.2005866460579161, 1.1974388564510808e-8, 5.105565039569425e-9, 6.5745243579957006e-9, 1.4323723522736964e-8, 6.015200192433884e-9, 0.20058394679961938, 0.2005877921488678, 0.20058387281485227, 0.20058377512594255, 1.0492050911371355e-8, 0.20058394308109684, 0.20058375474860715, 1.0940702989704149e-8, 0.20058382460838522, 0.20058387575975956, 6.165218870683794e-9, 6.045828515550033e-9, 0.20058378164761115, 2.847316009871489e-8, 0.20058380791651545]
v_opt: [0.5470700345976572, 0.7994160831157895, 0.6390594955790967, 0.04023389616380516, 0.04023509161968911]
solution time: 0.01798415184020996
McCormick lower bound: -4.288967641566523

