x_opt: [0.6504412718056231, 0.3495587857322667, 0.6504412733763055, 1.6605093076801565e-8, 0.6504412406944403, 0.14603234774410598, 0.8718528061987342, 0.38566356599153595, 0.3495587569559412, 0.34955872500468, 0.2663919551654037, 0.6504412195540588, 0.3495587550424448, 0.12814719450276352, 0.34955875348072685, 0.34955905983796154, 1.6450485707081747e-8, 3.0350006608864394e-9, 0.12814713346157589, 0.12814708116806262]
w_opt: [0.6504412712351957, 0.30088251295694807, 8.025502974360226e-10, 8.388707485754918e-10, 0.30088249185065535, 0.34955875298948974, 7.64956219286768e-10, 2.7968815770245117e-8, 1.5275315817967184e-8, 1.8470731274545862e-9, 5.441364929112361e-10, 5.9538420920720845e-8, 3.431392743120684e-8, 0.34955878135553214, 0.34955872445831676, 0.12814719318891046, 3.5532548457935266e-9, 0.3495587851155375, 1.505848002533462e-8, 0.5222940801058285, 0.03610483990657249, 1.3726457379409513e-9, 0.30088249498396924, 0.3495590573354777, 2.3209994765198327e-9, 2.5449167462002463e-9, 0.12814713282376797, 1.8715954643542002e-9, 4.453246518955523e-10, 2.2773561165247497e-9, 1.5429782242569302e-8, 1.5868010706064672e-8, 1.2805864970133885e-8, 4.871165337249001e-10, 4.421926380288499e-9, 1.5532539064200154e-8, 7.274805974236068e-10, 1.0782908166792184e-9, 0.34955875633503297, 3.1703474702835278e-9, 5.894591134381863e-10, 6.843892165383544e-10, 1.0200841129886122e-9, 1.2385324275160875e-8, 5.653591520442924e-10, 0.1460323461892874, 0.14603234510128973, 1.2598913431850975e-9, 0.14603234698934708, 0.12814719260005444, 9.646559035212187e-10, 0.14603234725330175, 6.097497109686215e-10, 1.816168307800042e-9, 0.1281471327634744, 1.4409121488306483e-9, 0.6504412188039125, 0.22141159768532215, 1.4489225760953211e-9, 1.1139665260299976e-9, 1.5713154713764382e-9, 0.349558756294626, 7.786726821106474e-10, 0.3495587517627775, 1.509420199755547e-8, 0.12814713260165866, 8.329755074381987e-10, 3.946686188111606e-10, 7.016122382322886e-10, 0.349558754528911, 1.4417815440550327e-9, 5.581768691952142e-10, 9.421464334605905e-10, 1.315666417135337e-9, 1.4081696033113756e-9, 5.516557371236459e-10, 0.3495587244365579, 9.770505418672973e-10, 0.12814712885464666, 0.2663919543663317, 9.160050500949857e-10, 7.500366408756579e-10, 7.323499517644435e-10, 1.4499158776524033e-9, 5.683980358482773e-10, 0.34955875299451167, 0.3495587389954269, 0.12814708030834174, 1.4618304749960956e-8, 1.2009740925281887e-9, 0.3495587526254714, 1.3102885577119878e-8, 9.899267542332026e-10, 0.1281471327480236, 0.12814708054470025, 5.716277524400353e-10, 5.215410616421235e-10, 1.5116077376302542e-8, 2.4043119074741903e-9, 0.12814708045401946]
v_opt: [0.3856635653422943, 0.6504412725838605, 0.4230738175623725, 0.12219133404945125, 0.0709650033487255]
solution time: 0.012253999710083008
McCormick lower bound: -6.110795317517027

