x_opt: [0.6353509291388076, 0.36464909150898367, 0.6353509387010265, 2.3379228676836494e-5, 0.6353509442934221, 0.15947299050469593, 0.8878659923558357, 0.3646490969390759, 0.3646490904290101, 0.3646490596731851, 0.22866534627909088, 0.6353508940523713, 0.364649063544364, 0.11213402411984207, 0.36464905447518803, 0.36464909860064765, 2.3376113667575868e-5, 8.122549644076287e-9, 0.11213340463475946, 0.11213338578030738]
w_opt: [0.6353509259398447, 0.2707018752537761, 2.433048280656067e-9, 1.9163379761454187e-9, 0.270701824741149, 0.3646490575638063, 1.7308410517480515e-9, 1.3071615633418258e-8, 2.3372347993638265e-5, 4.9593537908337885e-9, 1.8990622408472103e-9, 3.1850117597358086e-8, 5.4638395043591194e-8, 0.3646490780347999, 0.3646490577075467, 0.11213402001062642, 6.068613668753336e-9, 0.3646490890855344, 2.3374109865317415e-5, 0.5232169321060136, 3.674391397123567e-8, 8.8283027023179e-9, 0.2707018385845476, 0.36464908910212085, 8.070926132424869e-9, 7.219094150156803e-9, 0.11213340348069388, 7.920071808243735e-9, 1.3045041705333813e-9, 1.0858024340933764e-8, 2.3377065729949576e-5, 2.3376296612265214e-5, 2.3365814063808568e-5, 1.0356162585464692e-9, 9.668016185874973e-8, 2.337429575290735e-5, 1.6487139417454152e-9, 2.472553904733786e-9, 0.3646490891432908, 2.035565393072892e-8, 1.1680551658366704e-8, 1.76539499313092e-9, 1.0778648156124676e-8, 2.335254360550309e-5, 1.01130476955411e-9, 0.15947298550741976, 0.15947298482806385, 3.1952789042947526e-9, 0.15947298798586765, 0.11213401253375531, 2.596851637561235e-9, 0.15947298943001967, 1.4762954519451452e-9, 5.110796783504735e-9, 0.11213340342370365, 6.855328390626425e-9, 0.6353508925744947, 0.25251527156232695, 1.844098084917616e-8, 1.2386680527568324e-8, 1.241353748929759e-8, 0.3646490887903619, 1.8596742831117001e-9, 0.3646490504293623, 2.337330701450305e-5, 0.11213340229342358, 3.045339209655412e-9, 1.0467479380678147e-9, 1.7697716366541467e-9, 0.36464906245014184, 2.1804852413206324e-9, 1.5943032692358709e-9, 1.8973206025853795e-9, 2.240363604278412e-9, 2.4508836059071143e-9, 1.0025062193212265e-9, 0.364649058415776, 3.6737106168373945e-9, 0.11213339297274869, 0.22866534535524338, 2.51703914519917e-9, 1.2924846060157652e-9, 1.0607545457135127e-9, 4.990217453791483e-9, 1.6353844950474095e-9, 0.36464905302680106, 0.36464900515958754, 0.11213338290715183, 2.337149347417266e-5, 4.1012973446660345e-9, 0.3646490517208046, 2.3366950771935933e-5, 2.365219861458152e-9, 0.11213340264143075, 0.11213338195465765, 1.6631863132476693e-9, 1.2985221389054099e-9, 2.3370755431530036e-5, 6.7033780312041895e-9, 0.11213337783825947]
v_opt: [0.36464909543093355, 0.6353509363303369, 0.4036708238957745, 0.13296896845030012, 0.05228799921008658]
solution time: 0.01440286636352539
McCormick lower bound: -9.077829116806138

