x_opt: [0.6580234276601611, 0.3419765722519852, 0.6580234295363107, 0.16680586225691263, 0.6580234273952521, 0.18225725592927067, 0.8177427475936438, 0.4681442075930713, 0.3419765750986659, 0.34197657120345687, 0.15706054552811594, 0.6580234250869499, 0.3419765719603766, 0.18225725285033942, 0.34197657037125406, 0.3419765731981344, 0.16680586153677984, 1.8158456997396068e-9, 0.004366809229538169, 0.004366808203511433]
w_opt: [0.6580234272484838, 0.3160468553547079, 7.327266262304121e-10, 5.616892162329701e-10, 0.31604685314456815, 0.34197657041758645, 3.7014832983360374e-10, 1.9462598052280096e-9, 0.16680586069847, 1.0549536263951533e-9, 5.239223030615968e-10, 2.100724962025172e-9, 2.9241797015645952e-9, 0.3419765699258061, 0.34197657070651755, 0.18225725172508658, 1.7047347522116626e-9, 0.3419765718509208, 0.16680586115458157, 0.4757661774271746, 0.1261676374199827, 1.8469248818678957e-9, 0.3160468561345445, 0.3419765714975938, 1.4522244689379146e-9, 1.558963295845185e-9, 0.004366808923840223, 1.0646301092086456e-9, 2.909188148062663e-10, 1.475669236449937e-9, 0.16680586176265666, 0.16680586158085417, 0.16680586008609594, 3.0876226554150193e-10, 7.274063539913286e-9, 0.16680586117254875, 3.9275239861496325e-10, 7.120721920000988e-10, 0.3419765747955348, 2.1774643329391403e-9, 5.521095478001462e-10, 4.634935578836201e-10, 9.27454173993242e-10, 0.16680585680332585, 2.8083768206218364e-10, 0.18225725425355352, 0.18225725464152756, 6.839972272290152e-10, 0.18225725525662873, 0.18225725103017107, 7.608429982807702e-10, 0.18225725556989555, 4.2407486239069704e-10, 1.0426032544539886e-9, 0.004366808841467166, 1.0644548984849706e-9, 0.6580234246138097, 0.15971934055961043, 9.359865174221475e-10, 9.051064605727435e-10, 1.1752424942805955e-9, 0.34197657475363924, 4.728273541311756e-10, 0.3419765692955606, 0.16680586090445954, 0.004366808657222352, 5.631180185255033e-10, 3.5499837774061234e-10, 1.1053633271433815e-9, 0.3419765715759486, 5.251020401026599e-10, 4.179699231767396e-10, 4.856833349767111e-10, 6.577218743094765e-10, 6.84973184288245e-10, 3.203849462437344e-10, 0.34197657070851395, 7.705058165449212e-10, 0.004366806699298488, 0.15706054519264162, 5.777891654105378e-10, 3.3288055691188145e-10, 3.6273200141546636e-10, 1.1502100160904905e-9, 4.159279047886743e-10, 0.3419765699451613, 0.3419765601273411, 0.004366807493880843, 0.16680586047265425, 8.305448883700952e-10, 0.34197656980202806, 0.16680585945983872, 5.119238038737881e-10, 0.004366808544210232, 0.004366807772797007, 3.99147254735397e-10, 3.7955658500357e-10, 0.004366807028769917, 1.4199485624816407e-9, 0.004366807601884688]
v_opt: [0.4681442072548553, 0.6580234289410811, 0.43299484848902653, 0.11694858440370856, 0.024668023485686134]
solution time: 0.015878915786743164
McCormick lower bound: -7.85497830910356

