x_opt: [0.7499249884754297, 0.2500750113404168, 0.749924988944807, 0.25007501122501574, 0.7499249886164988, 0.25007501006083466, 0.7499249888117318, 0.7148627611668776, 0.3943523508016761, 0.25007501134403315, 0.16438189827878621, 0.661528432001394, 0.25007501135994725, 0.2500750112026231, 0.250075011135218, 0.2500750157507788, 0.2500750109578559, 1.0637097513668148e-10, 1.4520538620929565e-8, 1.4834387713257394e-8]
w_opt: [0.7499249884408986, 0.49984997702838596, 3.396269783115248e-11, 3.0650115801278577e-11, 0.4114534205008931, 0.2500750112353354, 2.4093868535706412e-11, 1.3149926454022132e-10, 0.25007501091143036, 6.410115967472571e-11, 3.108419898522388e-11, 3.0197457577405716e-10, 3.302538379376877e-10, 0.25007501119218617, 0.2500750112829946, 0.25007501110478014, 1.2489101874708024e-10, 0.2500750113140016, 0.2500750111547034, 0.49984997777318346, 0.4647877501292107, 3.2144117000706135e-10, 0.4114534210621032, 0.25007501563173096, 1.2956470814894702e-10, 9.167010752600435e-11, 1.450466877888917e-8, 7.032976368010987e-11, 1.645752466860146e-11, 1.1622985411188885e-10, 0.2500750112001365, 0.2500750111883597, 0.25007501094333245, 1.7715184906518016e-11, 4.677440089267205e-10, 0.2500750109406742, 2.0779402942573247e-11, 4.430162839080611e-11, 0.39435235078739234, 1.7622649956959688e-10, 3.283719995129933e-11, 2.9021660308540768e-11, 5.736305246793889e-11, 0.2500750106324717, 1.5816552494685934e-11, 0.25007500994740955, 0.25007500996712445, 4.3065560585886246e-11, 0.25007501001751736, 0.25007500986376024, 5.174421904630072e-11, 0.2500750100394339, 2.8130488257912028e-11, 6.234244622085494e-11, 1.4499188149084201e-8, 7.631265170267326e-11, 0.6615284319759084, 3.551379171181734e-9, 5.341051809514901e-11, 5.8186875404844546e-11, 9.501755471618349e-11, 0.39435235078220476, 2.6352129790752043e-11, 0.25007501105528246, 0.25007501092730255, 1.4490226882970377e-8, 3.281520066844963e-11, 2.668645434381754e-11, 0.05588078318494227, 0.250075011337132, 2.737256075281326e-11, 2.4266053629458778e-11, 2.6930369378051814e-11, 4.2939740029752796e-11, 4.521008497323239e-11, 1.5606939752622257e-11, 0.25007501126693377, 5.7587404442225004e-11, 1.4371615626260028e-8, 0.16438189819461846, 3.5921484585005466e-11, 1.6251752525061423e-11, 1.97043670230242e-11, 5.70997352246911e-11, 2.469398921729403e-11, 0.25007501111131125, 0.25007500952713335, 1.4798002928340069e-8, 0.2500750106000571, 4.6649711957133514e-11, 0.2500750111038887, 0.25007501077552474, 2.948914822270589e-11, 1.4468388600373273e-8, 1.4809669008559773e-8, 2.227650344929825e-11, 2.3381965849490854e-11, 1.4646938240280853e-8, 8.45354246763176e-11, 1.450330585537543e-8]
v_opt: [0.7148627611496468, 0.7499249889171002, 0.5623874893404346, 0.06253751200120385, 0.02702140880262253]
solution time: 0.012427091598510742
McCormick lower bound: -6.62151090998153

