x_opt: [0.6338929359759001, 0.36610706354238465, 0.6338929373741533, 0.06496399720269133, 0.6338929365424277, 0.2261753655600422, 0.9350328549513354, 0.36610706947335475, 0.36610706404623133, 0.3661070633189082, 0.17989517115825734, 0.633892935438189, 0.36610706344437893, 0.06496714557103189, 0.36610706303687596, 0.3661070636093124, 0.0649639970071701, 4.442819698669926e-10, 0.06496711561008617, 0.06496711555813713]
w_opt: [0.6338929358512523, 0.267785872634186, 1.4917958310285858e-10, 1.313453990505064e-10, 0.26778587151279293, 0.36610706307901336, 1.0178101079840567e-10, 4.896528309486333e-10, 0.06496399678139154, 2.583918430121715e-10, 1.198701896517112e-10, 1.0181539140458418e-9, 1.4825966337837515e-9, 0.36610706282373773, 0.3661070631779261, 0.06496714531401199, 3.8580708700874864e-10, 0.36610706335597665, 0.06496399690913117, 0.5689257923952104, 6.92145591160957e-9, 9.270109743971379e-10, 0.2677858731737328, 0.36610706312228125, 4.2671731476075216e-10, 3.8120667180353707e-10, 0.06496711553148794, 3.731144883681113e-10, 8.089768806840407e-11, 4.6093733544299666e-10, 0.06496399706382877, 0.06496399703944912, 0.06496399654263664, 7.170083446173017e-11, 3.041820530655756e-9, 0.0649639968997287, 1.0214959455748366e-10, 1.6544433174621535e-10, 0.3661070639654687, 8.500264102020944e-10, 2.682488232304272e-10, 1.0629634072877979e-10, 3.2612689464288867e-10, 0.06496399575718657, 6.975636133380464e-11, 0.22617536522857698, 0.2261753652187432, 1.952636795853371e-10, 0.2261753653914805, 0.06496714496933277, 1.6523913270298614e-10, 0.2261753654832324, 1.003853646211325e-10, 2.611699714045774e-10, 0.06496711552157332, 3.27801561478759e-10, 0.6338929353321762, 0.3011399252064635, 6.682945146739187e-10, 3.7474488962617057e-10, 6.681768350743173e-10, 0.3661070639500746, 1.2066021680106967e-10, 0.3661070627555463, 0.06496399683045512, 0.06496711545701866, 1.709449210461674e-10, 7.456919152796057e-11, 1.3958262932018035e-10, 0.3661070633519669, 1.422260867994711e-10, 1.0422540742208106e-10, 1.200857777150806e-10, 1.537734726138646e-10, 1.63561391526312e-10, 7.574885623811013e-11, 0.36610706318022906, 2.1355794607310728e-10, 0.06496711498338882, 0.1798951710916044, 1.4310305796752008e-10, 8.704431020279833e-11, 8.147261905758053e-11, 2.977795334972956e-10, 1.015017597753184e-10, 0.36610706293452444, 0.36610705976599406, 0.0649671153655769, 0.06496399670758647, 2.2893318361262577e-10, 0.36610706285414923, 0.06496399645284026, 1.3740380829856328e-10, 0.06496711546117463, 0.06496711544901523, 1.0423785934166435e-10, 8.637512140539645e-11, 0.06496399654483462, 3.489264966160472e-10, 0.06496711510297984]
v_opt: [0.3661070693789648, 0.6338929372242452, 0.40182025559595236, 0.1340343822275585, 0.03236227461587829]
solution time: 0.012878179550170898
McCormick lower bound: -8.32548688829444

