x_opt: [0.7908456159691932, 0.314816027096541, 0.7908457011026511, 0.20915355610161854, 0.7908455943027568, 0.20915357956097458, 0.7908463949214392, 0.47072707149641035, 0.26667504619788096, 0.2091543685421304, 0.20915427357180305, 0.7333248660767582, 0.20915436568270165, 0.20915358437050166, 0.2091543393269122, 0.31481610113381436, 0.20915352650719707, 2.1314739078758244e-8, 0.20915352750084829, 0.20915353368499837]
w_opt: [0.7908456013853862, 0.5816912127549286, 9.226276203611727e-9, 5.250462980469554e-9, 0.524170487311773, 0.20915433627464144, 5.462397354631887e-9, 2.7640748978709448e-8, 0.20915351653034603, 1.3140409934645494e-8, 4.504410458324072e-9, 0.10566173186901141, 0.10566169717389808, 0.314815985983394, 0.20915436520992425, 0.20915357537112475, 2.3766747135301085e-8, 0.31481602321816077, 0.2091535409627801, 0.5816920985960663, 0.26157277632180226, 9.33782646187156e-8, 0.5241705896134322, 0.3148160620797399, 2.4643488521728317e-8, 1.8619030000144743e-8, 0.20915352444776183, 3.272276927889722e-8, 3.6381635084117784e-9, 3.387388411717608e-8, 0.20915355099828567, 0.20915355071266611, 0.2091535168299019, 3.0382982156800055e-9, 1.0803913591128669e-7, 0.20915352432355563, 3.819399527732381e-9, 6.695636080546096e-9, 0.2666750443174775, 5.97112751293754e-8, 8.008990039095837e-9, 3.886401762414076e-9, 1.0296844668868493e-8, 0.20915346521183018, 3.2223488011860175e-9, 0.2091535663895312, 0.20915355581106773, 1.2045035610654911e-8, 0.20915357431373854, 0.20915352125811734, 8.709962943826841e-9, 0.20915357676601595, 4.936842970728228e-9, 1.3668556732115066e-8, 0.20915352410133126, 1.835657491927857e-8, 0.7333248624999956, 9.096632217693349e-7, 8.878836235597295e-9, 2.0471743409967196e-8, 5.981218702682098e-8, 0.2666750420529342, 5.605784780078627e-9, 0.2091543230914739, 0.20915352102027285, 0.20915352173457177, 1.1203667239766343e-8, 3.474840104109946e-9, 9.293895206088556e-9, 0.2091543626763226, 6.103104652948442e-9, 4.871401479839608e-9, 5.112337516762451e-9, 7.61299673995794e-9, 9.114092584884893e-9, 2.461986637710532e-9, 0.20915435865823193, 1.847188085143279e-8, 0.20915350056681548, 0.2091542709294547, 7.507149828053659e-9, 3.121219569928255e-9, 3.0597522714001685e-9, 1.0721032414093051e-8, 4.381723715842605e-9, 0.2091543365668349, 0.20915424639526117, 0.20915352768256876, 0.20915350011706385, 8.769358095307716e-9, 0.20915433353393262, 0.20915349773364486, 7.389151835749475e-9, 0.20915352034225804, 0.20915352999530948, 4.608375808317577e-9, 3.7031741720007496e-9, 0.20915348108623155, 1.7565495099134335e-8, 0.209153470414235]
v_opt: [0.47072706798082303, 0.79084569683266, 0.6254367684763575, 0.043745588662349094, 0.043745512931265926]
solution time: 0.01411581039428711
McCormick lower bound: -5.392689977543146

