x_opt: [0.7907230631490311, 0.31484318652951776, 0.7907230707125408, 0.2090578980725451, 0.7907230726373314, 0.20905797506778168, 0.7909420301734454, 0.47059604447480535, 0.26664698852677776, 0.20927692825814878, 0.20927692154852967, 0.7333530069110161, 0.209276928043395, 0.2090579685639548, 0.20927691354140918, 0.3148432034654891, 0.2090578889494351, 6.8810688623809674e-9, 0.2090579600603504, 0.2090579435117622]
w_opt: [0.7907230616421905, 0.5814461373160686, 2.1004009930457286e-9, 2.2229484832980997e-9, 0.5240760713793624, 0.20927692222880567, 1.7241296404602672e-9, 5.941933582151624e-9, 0.20905788574860976, 4.023160453233441e-9, 1.2436444917036573e-9, 0.1055662585265121, 0.10556626803184774, 0.31484317734441053, 0.20927692743192236, 0.20905796570212873, 5.91685172182518e-9, 0.31484318494914915, 0.20905789356932095, 0.5816651024086128, 0.2613191165870901, 4.947473894526478e-9, 0.5240760834401073, 0.3148431956235501, 4.9750374622053645e-9, 5.634089843499542e-9, 0.20905795868522473, 3.5859936069164834e-9, 1.3294635406299964e-9, 7.31418715617344e-9, 0.20905789577348532, 0.20905789601000851, 0.2090578897661561, 1.0945407774625914e-9, 3.142838425912816e-8, 0.20905788752899118, 1.494424289159844e-9, 2.33364927434609e-9, 0.2666469873839381, 1.6543804776204118e-8, 4.133480084410589e-9, 1.3679840869096399e-9, 2.7725886199048927e-9, 0.2090578710325481, 1.099229697059602e-9, 0.20905797145590724, 0.2090579690438264, 3.26687638816512e-9, 0.20905797297082082, 0.20905796131948748, 2.028219842335124e-9, 0.2090579738611012, 1.5148157464339326e-9, 4.109603711383685e-9, 0.20905795852177952, 3.6495721936342915e-9, 0.7333530054983285, 0.00021903930032849263, 2.4414130868522242e-9, 4.697308493662727e-9, 7.869217322482697e-9, 0.26664698687897315, 1.7250836131246274e-9, 0.209276909243419, 0.20905788652082546, 0.2090579579583324, 2.5410699718322843e-9, 1.0005924612966645e-9, 2.124903628641962e-9, 0.20927692678322354, 2.1772689890639878e-9, 1.4584789286628961e-9, 1.8122585470268718e-9, 2.278376952705625e-9, 2.4874362127352643e-9, 1.069000965153309e-9, 0.2092769256701265, 3.2476294910739525e-9, 0.20905795048721568, 0.20927691918673394, 2.0146841290594393e-9, 1.2915706280602557e-9, 1.2637897089135233e-9, 3.0528381529434418e-9, 1.3391154776414822e-9, 0.20927691226137596, 0.20927690442171462, 0.20905794126014735, 0.2090578832220934, 2.4722620792541818e-9, 0.20927691134101642, 0.20905788118415228, 2.3674308876578112e-9, 0.20905795802399768, 0.20905794230278288, 1.3683957065393566e-9, 1.243262310425907e-9, 0.20905788426002606, 5.2074679776071366e-9, 0.20905794148070522]
v_opt: [0.470596042849995, 0.7907230689229326, 0.6252434515140156, 0.043796837954108464, 0.04379694283008939]
solution time: 0.018162012100219727
McCormick lower bound: -5.299030664494819

