x_opt: [0.6487747818170675, 0.35122521843838944, 0.6487747818533812, 1.97465350527899e-7, 0.6487747815478314, 0.14082062835072087, 0.8591793728461935, 0.3702880840974595, 0.35122521880498186, 0.35122521811483776, 0.23388164767313618, 0.6487747811447383, 0.3512252181514715, 0.1408206271543022, 0.35122521812070456, 0.35122521859404077, 1.9743552487504657e-7, 8.892527474820019e-11, 0.1408206210972259, 0.11900697682029956]
w_opt: [0.6487747817957293, 0.297549563671003, 2.5572290581849608e-11, 2.2344445214290234e-11, 0.297549562978302, 0.35122521808688756, 1.8594775733253744e-11, 9.97922293418607e-11, 1.9739638558487617e-7, 5.269138977519872e-11, 1.8016797351616783e-11, 3.0563761551669715e-10, 3.946696428168125e-10, 0.351225218320678, 0.351225218069454, 0.14082062711392535, 7.609891028855873e-11, 0.3512252184200548, 1.97412359768278e-7, 0.5079541547128976, 0.019062865961870176, 4.1651894334793366e-11, 0.2975495630639242, 0.35122521850738486, 6.933694504775523e-11, 7.6049659913568e-11, 0.14082062108205332, 4.895386847967677e-11, 1.451824350193704e-11, 8.574699431987679e-11, 1.9743914023547188e-7, 1.9743871888943548e-7, 1.9735552330576674e-7, 1.318200220423033e-11, 4.574806425345334e-10, 1.974163075660416e-7, 1.8952460610420022e-11, 3.0143577114265336e-11, 0.3512252187905178, 1.2873049550535448e-10, 3.294321447299335e-11, 1.8003103435898053e-11, 4.479570443153159e-11, 1.9721402386740678e-7, 1.304671922832025e-11, 0.14082062829788153, 0.14082062828567332, 3.54694094371786e-11, 0.14082062832390393, 0.14082062708314372, 2.819023974439366e-11, 0.14082062833633346, 1.813040747182398e-11, 5.335871848006927e-11, 0.14082062108012433, 4.9097748644972146e-11, 0.6487747811262253, 0.21040459207598128, 2.9321593794406415e-11, 6.656683766262922e-11, 6.335523892997774e-11, 0.35122521878771773, 2.121261981869386e-11, 0.3512252180744761, 1.9740422169098912e-7, 0.14082062107085258, 2.8301335659012154e-11, 1.2736111225243023e-11, 2.5245012961775183e-11, 0.35122521813726226, 2.6458683838671263e-11, 1.794966232434615e-11, 2.2849194982978702e-11, 2.8065406064259252e-11, 3.05427650431904e-11, 1.3541002338997365e-11, 0.3512252180688304, 3.579906931668307e-11, 0.14082062097998693, 0.23388164759882335, 2.6505692668184158e-11, 1.5819050437533215e-11, 1.518031636592562e-11, 4.258302750144443e-11, 1.764597568279437e-11, 0.3512252181028694, 0.35122521765356396, 0.11900697679067915, 1.9738270605278684e-7, 3.478175873472524e-11, 0.35122521809489965, 1.9733605919171684e-7, 2.719733779781216e-11, 0.14082062107158058, 0.11900697680389313, 1.7504112632142785e-11, 1.5660366401294207e-11, 1.9737466315429986e-7, 7.022499454021312e-11, 0.11900697679940903]
v_opt: [0.37028808407980823, 0.6487747818278957, 0.42090871914966554, 0.1233591549267332, 0.05470062553761222]
solution time: 0.013017892837524414
McCormick lower bound: -6.746886968011483

