x_opt: [0.7873289287294618, 0.21267118767838075, 0.7873289477239084, 0.19243730544855117, 0.7873289273169491, 0.19243738128681442, 0.8075626135316967, 0.5285147002891014, 0.27679405530447365, 0.21267106612010223, 0.2126676069055049, 0.7232059335942035, 0.21267106822103768, 0.19243738573562535, 0.2126710186389586, 0.3343886273795486, 0.1924372976672346, 1.254962714512557e-8, 0.19243727690630905, 0.19243725345226054]
w_opt: [0.7873289243549016, 0.5746578593136997, 5.481392116380501e-9, 3.641733525871804e-9, 0.5105348646889639, 0.212671056302905, 2.642433168942955e-9, 1.3679085842791738e-8, 0.19243729241274088, 7.521059966350383e-9, 2.7062108075270447e-9, 1.3723390823879246e-7, 1.3699398455535494e-7, 0.21267117138201297, 0.21267106350038392, 0.1924373798422271, 1.2940701637559579e-8, 0.21267118554790795, 0.19243729771465726, 0.5948915631854249, 0.3158436501735659, 2.3096060916290374e-8, 0.5105348922156001, 0.3343886150316152, 9.479861058276583e-9, 1.0698618752197378e-8, 0.19243727483914738, 6.6665169428424724e-9, 1.8704543733169356e-9, 1.1988257795267065e-8, 0.19243730214520935, 0.19243730169234774, 0.19243729021433606, 2.0269499191930563e-9, 5.771971932054252e-8, 0.19243729548123284, 2.5651840012009993e-9, 4.756937064102915e-9, 0.27679405358530806, 2.08830318983471e-8, 3.813908064563664e-9, 2.732768427561272e-9, 5.148538218910087e-9, 0.19243726232969124, 1.903245569726013e-9, 0.19243737225820626, 0.19243737124291055, 4.9227859457208335e-9, 0.19243737766821475, 0.19243736120167884, 4.651267777070966e-9, 0.19243737904562416, 2.912723402190105e-9, 7.491488150008761e-9, 0.1924372743523183, 6.807531436424405e-9, 0.7232059307753415, 0.020233791002930473, 4.245128108570417e-9, 6.1847556858986306e-9, 1.0355319037292103e-8, 0.2767940528929314, 3.017960730721908e-9, 0.21267101081629672, 0.19243729383003214, 0.192437273493444, 3.73177429680956e-9, 2.228519075265384e-9, 1.0240004886104584e-8, 0.21267106585328913, 3.5671252854431168e-9, 2.6254862379522854e-9, 3.2748236580038745e-9, 4.742691496485029e-9, 4.9668908624909e-9, 1.890336440523744e-9, 0.21267106203671887, 5.522899401651622e-9, 0.19243726131989503, 0.21266760492125816, 3.890348879034119e-9, 2.130783505456563e-9, 2.3229231594226342e-9, 5.734741526225278e-9, 2.5422895448362946e-9, 0.21267101641017505, 0.21267100823316026, 0.19243724967144676, 0.19243728866865356, 4.74495045170588e-9, 0.21267101546902906, 0.19243728266531035, 3.716762901957498e-9, 0.19243727279980852, 0.1924372508710418, 2.428100607196646e-9, 2.4273259649207696e-9, 0.1924372413812176, 9.95986269828964e-9, 0.19243724447266417]
v_opt: [0.5285146981365557, 0.7873289446348508, 0.6198868439767397, 0.0452294438598793, 0.045227561898413364]
solution time: 0.013460159301757812
McCormick lower bound: -5.874362139972645

