x_opt: [0.7897617096706038, 0.31985101157915397, 0.7897617558207891, 0.2102378632291407, 0.7897617468664626, 0.21023753698271766, 0.7897623196507153, 0.46466246713598536, 0.2698155977644093, 0.21023829488748597, 0.19598581666130158, 0.7301844019865696, 0.21023828176596404, 0.21023768074442273, 0.2102380609321337, 0.3198510270654153, 0.21023778551127445, 3.667312939120393e-9, 0.2102374367758072, 0.2102373781126018]
w_opt: [0.7897617078989078, 0.5795234569277578, 4.8341319261803155e-9, 5.416945127260945e-10, 0.519946112310798, 0.21023827804286782, 6.56670641252372e-10, 2.2851256706911205e-9, 0.2102377840241173, 2.376561379194139e-9, 7.273674494903188e-10, 0.109612767994791, 0.10961276520505736, 0.31985100579846176, 0.21023829417210343, 0.21023767936043133, 3.433943950417952e-9, 0.31985101081221484, 0.21023786095322042, 0.5795240758819612, 0.2544242234931758, 5.4218371372037026e-8, 0.5199461616570625, 0.3198510217882925, 2.4031180823941667e-9, 3.2238168542543404e-9, 0.21023743630362812, 2.1878469318488014e-9, 5.640576709581067e-10, 4.977990630543274e-9, 0.21023786248195667, 0.2102378622103872, 0.21023786016305923, 4.4265677180193406e-10, 3.0220420903683044e-8, 0.2102377851406268, 5.858945952086495e-10, 1.0942068921809457e-9, 0.2698155973569222, 4.366351142295996e-8, 2.8978556262586555e-8, 5.647336203995385e-10, 1.412976626165607e-9, 0.21023777041216116, 4.1145477588558797e-10, 0.21023753457504898, 0.21023753445987511, 1.2865008948944278e-9, 0.21023753579406804, 0.2102375353774723, 1.1689675240263096e-9, 0.2102375364548908, 7.321685127403354e-10, 2.4118852906964385e-9, 0.21023743625660263, 2.813305260293385e-9, 0.7301844014270827, 6.108358893299712e-7, 2.044037908982345e-9, 2.1378681221033297e-9, 3.761441341273996e-9, 0.26981559716607956, 7.457752643466048e-10, 0.21023805864520023, 0.21023778464921034, 0.21023743580105622, 1.426249180572415e-9, 5.791726935035512e-10, 4.066204493830423e-9, 0.21023828112781784, 7.36002666511372e-10, 6.955935448489325e-10, 7.186711344260948e-10, 9.372768552543415e-10, 1.10997975518795e-9, 4.0260219399383094e-10, 0.21023828155867386, 2.5257729577691832e-9, 0.2102374326104534, 0.19598581620619496, 1.0917137153247605e-9, 4.377960081141313e-10, 4.665922022999906e-10, 1.6969867542895388e-9, 6.999363159071365e-10, 0.21023806032285353, 0.21023819015600406, 0.21023737681826124, 0.21023767775732552, 1.3202546482352371e-9, 0.2102380599946652, 0.21023778415836453, 1.043925482494822e-9, 0.21023743551310328, 0.21023737757366143, 6.482597008865262e-10, 6.179228243088417e-10, 0.21023737460395, 3.013161225209021e-9, 0.21023736565737525]
v_opt: [0.46466246652584536, 0.7897617549748475, 0.623723696693785, 0.04420017263871357, 0.03841059856051773]
solution time: 0.012198925018310547
McCormick lower bound: -6.198004671954923

