x_opt: [0.789563072267671, 0.3207736686432921, 0.7895630754990076, 0.2104369199007065, 0.7895630720546339, 0.21043692424287944, 0.7895630748925675, 0.4635497114002984, 0.27039353936097904, 0.210436926031216, 0.1935642268320661, 0.7296064962837205, 0.2104369277008617, 0.21043692427258928, 0.21043691256537697, 0.3207771393099081, 0.21043691798672232, 1.271843793373502e-9, 0.21043690923989536, 0.2104369080475573]
w_opt: [0.7895630719816503, 0.5791261444672172, 4.699113577286174e-10, 2.7987632404945753e-10, 0.519169568806645, 0.2104369264067596, 3.6999227379128376e-10, 7.798432830705269e-10, 0.21043691743453338, 7.415483993035827e-10, 2.400870340910235e-10, 0.11033674436938293, 0.11033674342357318, 0.3207736672258664, 0.21043692572563302, 0.2104369237633255, 9.830553878884454e-10, 0.3207736684306016, 0.21043691908896905, 0.5791261505737358, 0.2531127871685169, 2.8247090626721038e-9, 0.5191695728792827, 0.3207771378968604, 1.059669593338362e-9, 1.0468926968591951e-9, 0.21043690901952236, 5.800791044235564e-10, 2.4526657234879356e-10, 1.1749493978454817e-9, 0.21043691957325614, 0.21043691949332702, 0.2104369184882281, 1.9836930468698215e-10, 5.943488536832977e-9, 0.21043691777029574, 2.3834678864917444e-10, 4.035005472683422e-10, 0.2703935391923218, 2.2899423388599285e-9, 4.125197720492239e-10, 2.6767838833316625e-10, 4.4615255298372416e-10, 0.21043691396213904, 1.8102058568284368e-10, 0.21043692349480694, 0.2104369232756706, 5.168888510569903e-10, 0.2104369236049186, 0.21043692277843273, 3.7318820286301425e-10, 0.21043692399693087, 2.8589040667902835e-10, 7.565966424567376e-10, 0.21043690900059522, 6.074079789603677e-10, 0.7296064960402809, 5.514398578463193e-8, 3.531241003417693e-10, 4.675897182222905e-10, 9.892742336584965e-10, 0.27039353907636443, 2.8933568323431584e-10, 0.2104369116858935, 0.2104369176444624, 0.2104369088911669, 4.4500508811539485e-10, 2.1626949578806246e-10, 3.639513452618927e-8, 0.21043692741016198, 3.030079485036447e-10, 2.698482158269294e-10, 2.992184498060816e-10, 3.842437110597144e-10, 4.0981486233867905e-10, 1.7921737116765125e-10, 0.21043692563829475, 6.976402072741057e-10, 0.21043690732725304, 0.19356422658086453, 3.5841731540159145e-10, 1.931406724906188e-10, 2.260976471596524e-10, 5.845941814583243e-10, 2.4673530938996455e-10, 0.21043691229186215, 0.21043692329136945, 0.21043690762397194, 0.21043691679577198, 3.9883005205114857e-10, 0.21043691216847712, 0.21043691073245652, 4.0207291070745033e-10, 0.21043690867368148, 0.21043690780767838, 2.3492101950862106e-10, 2.429138574337604e-10, 0.2104369072120737, 9.597050929004944e-10, 0.21043690760082936]
v_opt: [0.46354971114978627, 0.7895630751865317, 0.6234099578006587, 0.0442837207829275, 0.037467116257818636]
solution time: 0.012843847274780273
McCormick lower bound: -4.894801299854818

