x_opt: [0.7994136277194503, 0.20058641346783992, 0.7994136312386119, 0.20058608329757083, 0.7994131887867908, 0.20058672118526877, 0.7994136246454407, 0.5470593107837698, 0.28055986938096644, 0.20058636757658815, 0.20057962334391463, 0.7194401330502139, 0.20058676992524668, 0.2005863743179992, 0.20058636013234793, 0.333426842395584, 0.20058607917333696, 2.296657539228914e-9, 0.20058607660113653, 0.20058607379791435]
w_opt: [0.7994136271663849, 0.5988268166979416, 7.209608087701173e-10, 4.786498600459155e-10, 0.518853761138875, 0.20058676751634472, 2.5252149828881512e-9, 6.07602925455461e-9, 0.20058607834797407, 1.451870416890112e-9, 4.2260842626444107e-10, 4.496503057369794e-8, 4.673604745507551e-9, 0.2005864101753418, 0.20058636721024214, 0.2005863731180108, 3.6743886498076137e-9, 0.2005864131119778, 0.2005860820290998, 0.5988272562368366, 0.3464729424812914, 2.8498989134115606e-9, 0.5188537664277642, 0.3334268402801502, 1.478627686560153e-9, 1.9726547314916473e-9, 0.20058607623581257, 1.1913141762815205e-9, 2.9794243587990396e-10, 2.3058162970682935e-9, 0.2005860827043361, 0.2005860826728277, 0.2005860799181745, 3.928796504180648e-10, 1.0829404444327657e-8, 0.20058607875206708, 4.3320222264910803e-10, 8.338795936612164e-10, 0.2805598691419471, 3.680740620671652e-9, 2.7033070310339105e-10, 4.838260103910366e-10, 6.331668153101073e-10, 0.20058607255327554, 3.78312541936208e-10, 0.20058671967767427, 0.20058671907821432, 8.814537551374083e-10, 0.2005867208209682, 0.20058637349729866, 8.855354719460318e-10, 0.20058672084077225, 5.753704587631398e-10, 1.4453825050287438e-9, 0.200586076102084, 1.0899327787999898e-9, 0.7194401325334655, 4.117242492074985e-7, 5.291262064923585e-10, 1.156441607574386e-9, 2.339118349540841e-9, 0.28055986893487694, 4.791230529756541e-10, 0.20058635852767304, 0.20058607852974084, 0.20058607611983667, 5.789907737520886e-10, 3.9916324854049843e-10, 6.057414967577891e-9, 0.20058676949026472, 7.188055035496609e-10, 4.4010355428686854e-10, 6.208879445196117e-10, 1.2057055426244463e-9, 1.1401232354337425e-9, 3.6061295131246987e-10, 0.2005863670104607, 1.0479566165005822e-9, 0.20058607305079704, 0.2005796230005004, 7.078146664692025e-10, 4.052006469029444e-10, 5.352272008447855e-10, 8.735326720196232e-10, 4.162268826158049e-10, 0.20058635984172504, 0.20058674315299244, 0.20058607323630886, 0.20058607691306374, 7.543722741578479e-10, 0.2005863596776167, 0.2005860759018132, 6.748068160553547e-10, 0.20058607601084483, 0.20058607337876133, 4.11601881085767e-10, 4.4191050844404615e-10, 0.20058606612567836, 1.8765222539451667e-9, 0.20058607193039169]
v_opt: [0.5470593104632592, 0.7994136307900702, 0.6390614552050399, 0.04023489655261529, 0.04023267132861713]
solution time: 0.013512849807739258
McCormick lower bound: -4.614647036805196

