x_opt: [0.79084585358303, 0.31481390246398183, 0.7908459273947447, 0.2091528314924947, 0.7908458854144232, 0.209153773128473, 0.7908462257051231, 0.4707291765247359, 0.2666759691715104, 0.20915413318287668, 0.20915388741965674, 0.733324012414451, 0.20915412346961365, 0.2091537734362929, 0.20915395681519858, 0.3148160647280742, 0.20915277471665852, 1.9316330065147387e-8, 0.20915366784227224, 0.20915341467934653]
w_opt: [0.7908458480224784, 0.581691740924783, 5.1864449639133695e-9, 7.401308864202524e-9, 0.5241698690666421, 0.2091541023898211, 4.969342772480568e-9, 2.1940264725221246e-8, 0.2091527661737854, 1.193657637051305e-8, 3.664663119992297e-9, 0.10565983305861458, 0.1056598628332902, 0.31481386773292497, 0.209154129764522, 0.20915376572738795, 2.6845038592425437e-8, 0.3148138983841735, 0.20915281753602483, 0.5816921556780045, 0.26157510771267556, 7.050490026641557e-8, 0.5241699597132776, 0.31481603727936536, 2.0842240402459598e-8, 1.64126303826405e-8, 0.20915366466909144, 1.4973336746504972e-8, 3.274038915169931e-9, 2.817277830042399e-8, 0.20915282561938323, 0.20915282618979358, 0.2091528008718444, 2.946842279991051e-9, 9.565274522879608e-8, 0.2091527716791977, 4.037005407819355e-9, 7.706750279497656e-9, 0.2666759669822178, 7.578303124805142e-8, 1.3029421678447578e-8, 3.754895109961221e-9, 8.225754672382077e-9, 0.2091527153514783, 3.25722097729083e-9, 0.2091537623407987, 0.20915375257970992, 1.1113358798027277e-8, 0.2091537683496241, 0.20915373167925233, 6.8872003367678706e-9, 0.20915377030030402, 4.835804103852653e-9, 1.2160006904586817e-8, 0.20915366412679107, 1.4143392460921623e-8, 0.7333240089751951, 5.034495815610011e-6, 9.771387051838432e-9, 1.427157010836062e-8, 3.7612221482387104e-8, 0.26667596484011225, 4.856151984479653e-9, 0.20915394298985457, 0.20915276872441604, 0.20915366247910475, 7.76383256828911e-9, 3.0572128369044055e-9, 6.363616866314011e-9, 0.20915412081967483, 6.386441998083539e-9, 4.044011412784361e-9, 5.158395340430233e-9, 7.707009561102269e-9, 8.789791229586372e-9, 2.8378710997850974e-9, 0.20915412030869487, 1.1453447029728603e-8, 0.20915364135829792, 0.20915388444649397, 6.174269944765762e-9, 3.328417539989465e-9, 3.5781961272671407e-9, 9.790732307003034e-9, 3.819989830249483e-9, 0.2091539542353417, 0.2091539632024976, 0.20915340924239456, 0.20915275126978364, 7.379553203720738e-9, 0.20915395115866, 0.20915274817907772, 6.90542968953256e-9, 0.2091536624028182, 0.20915341140240154, 3.837199601020318e-9, 3.5231296614677908e-9, 0.20915274878166437, 1.5635358814138948e-8, 0.20915340435279514]
v_opt: [0.4707291729409208, 0.7908459232951324, 0.6254373407831215, 0.04374546049760129, 0.043745469858409367]
solution time: 0.014214038848876953
McCormick lower bound: -5.008705220047972

