x_opt: [0.7327043709576297, 0.12889858186692793, 0.8711014453937903, 2.589732058149681e-6, 0.718601483273467, 0.28139849174400766, 0.8711014011541045, 0.8179541231381171, 0.5540084267527232, 0.12889855549963175, 0.18198086136357586, 0.44599157521979815, 0.2813985036943481, 0.12889859837100753, 0.2672956200952108, 0.2813984953604495, 2.5898769894826206e-6, 2.9669973802667646e-9, 0.12889855235465716, 0.12889855173851675]
w_opt: [0.7327043704997098, 0.4513058546025317, 8.262676786572359e-10, 8.838301708732653e-10, 0.17869594667332697, 0.2813985005602112, 9.64404979652159e-10, 5.677240848056959e-9, 2.5887044678658283e-6, 1.8037479135713785e-9, 5.499380870683084e-10, 2.7635543402845515e-8, 4.318603170380535e-9, 0.12889857816705919, 0.12889855481509974, 0.1288985805159635, 6.393337331483778e-9, 0.12889858134703375, 2.58778814389452e-6, 0.7422028471805455, 0.6890555693672431, 2.546594647396863e-9, 0.31709302324265576, 0.2813984930301027, 2.2338115228903605e-9, 2.289581504140886e-9, 0.12889855164522965, 2.0705140642438787e-9, 4.3772879059881433e-10, 3.0012102922359842e-9, 2.5885572706772557e-6, 2.588918570693681e-6, 2.583609459009933e-6, 6.819228602347969e-10, 1.0954502521553392e-8, 2.5886601211563546e-6, 7.018337580491732e-10, 1.4496363013338366e-9, 0.5540084262638167, 3.0267502584028036e-9, 4.678900042924843e-10, 8.736023492767032e-10, 9.322888872410062e-10, 2.581532189967909e-6, 6.803448351305964e-10, 0.2813984898785305, 0.2813984884859636, 1.2534746091726724e-9, 0.28139849096883524, 0.12889859626271422, 1.1245394518490578e-9, 0.2813984908897191, 8.474863172965968e-10, 1.7143264885764682e-9, 0.1288985512249163, 1.1719515709416248e-9, 0.44599157430235253, 0.15249993942724524, 7.69873242049464e-10, 1.3194836098285687e-9, 2.78476412008746e-9, 0.5540084259754579, 7.938472527239344e-10, 0.26729561764066084, 2.5887638291121104e-6, 0.12889855163724162, 7.480671840848525e-10, 5.686189755812554e-10, 3.182778039702166e-9, 0.2813985030946566, 1.2818985486641871e-9, 6.092602457321816e-10, 9.800340515150719e-10, 2.397571341894736e-9, 2.0952839125421254e-9, 6.709181174180598e-10, 0.12889855457577315, 1.0665848797905952e-9, 0.12889853879661542, 0.18198086034590924, 9.091425391333779e-10, 7.245132424828368e-10, 1.2517611919287688e-9, 1.1705519460138394e-9, 5.516503713942134e-10, 0.26729561958898035, 0.28139848308945553, 0.12889855098193814, 2.586228617353216e-6, 9.764585561000415e-10, 0.26729561925638073, 2.5845645150012307e-6, 9.63039388733859e-10, 0.1288985514702664, 0.1288985508262707, 5.527745269916422e-10, 6.325673134901503e-10, 2.588316414850996e-6, 2.2272714782574744e-9, 0.12889855086835955]
v_opt: [0.8179541225762722, 0.8711014447474171, 0.5163880949027901, 0.016614860746068782, 0.033117079837633775]
solution time: 0.01645803451538086
McCormick lower bound: -3.9165305475845713

