x_opt: [0.6353515284640648, 0.36464847179337645, 0.6353515285799468, 1.5450257111580896e-8, 0.6353515284505581, 0.15944934269324088, 0.8878495253816504, 0.36464848209935097, 0.36464847167236564, 0.36464847067895273, 0.22868322203182145, 0.6353515282016173, 0.3646484714802968, 0.11215047470362821, 0.36464847134998973, 0.36464847191240124, 1.5407606585022524e-8, 2.0122502413792292e-10, 0.11215047182075537, 0.1121504641319501]
w_opt: [0.6353515284174812, 0.2707030569926518, 6.911495735789222e-11, 5.40847037310533e-11, 0.27070305670808986, 0.3646484713292447, 4.287717566354122e-11, 1.970946149594278e-10, 1.5309471643611033e-8, 1.1643638022269653e-10, 4.577100248671404e-11, 4.1319469188154587e-10, 5.706693558625916e-10, 0.36464847151510305, 0.3646484713741885, 0.11215047460279898, 1.5629418373427347e-10, 0.36464847173956527, 1.5326888986171456e-8, 0.523201053992155, 1.0714369372856585e-8, 1.3977463726497385e-10, 0.2707030569339229, 0.3646484716910394, 1.6330261799893402e-10, 1.7175832048393064e-10, 0.11215047178486097, 1.231021945912678e-10, 3.736599251479447e-11, 1.82189486503662e-10, 1.5389073613707088e-8, 1.5382502716269e-8, 1.521696526612579e-8, 3.0424362835530026e-11, 8.513945660422197e-10, 1.5360895156748546e-8, 4.4431962830841666e-11, 6.810312354854738e-11, 0.3646484716357815, 3.127030312871195e-10, 8.500172273061484e-11, 4.210468530914818e-11, 1.0730231211481874e-10, 1.4935941531721855e-8, 3.0125909897045335e-11, 0.15944934256594623, 0.15944934254371845, 8.633278645707818e-11, 0.15944934262258828, 0.11215047456925596, 6.62425738168732e-11, 0.15944934265935856, 4.184682715739047e-11, 1.1905686306251697e-10, 0.11215047178294153, 1.261882216275315e-10, 0.6353515281580843, 0.2524979995580153, 1.4305054296591623e-10, 1.1215630853856837e-10, 1.5566973608396467e-10, 0.3646484716309339, 5.17638606808516e-11, 0.36464847123607136, 1.5331508978673762e-8, 0.11215047175134867, 7.441603864619731e-11, 3.006619267630055e-11, 5.892607249875297e-11, 0.3646484714398128, 6.130994005259898e-11, 4.437560887365369e-11, 5.204398158343597e-11, 6.066841215614854e-11, 6.695519932909083e-11, 3.299902833087299e-11, 0.36464847136748246, 9.023160962634137e-11, 0.11215047156554846, 0.228683221988347, 6.135811205344396e-11, 3.733501801148546e-11, 3.500343209170212e-11, 1.2030948055737263e-10, 4.3359651878291875e-11, 0.36464847130697403, 0.3646484702406509, 0.1121504640515702, 1.529275418448151e-8, 8.894559860496737e-11, 0.36464847128496974, 1.519305336267958e-8, 6.311282902915072e-11, 0.11215047175698512, 0.11215046409530006, 4.3853812773336233e-11, 3.6819597067670536e-11, 1.5287219966605197e-8, 1.5636014750653985e-10, 0.11215046407747117]
v_opt: [0.3646484820554852, 0.6353515285127839, 0.4036715666468855, 0.13296851110205665, 0.05229602073926195]
solution time: 0.01406097412109375
McCormick lower bound: -7.875882520282175

