x_opt: [0.7478313752404087, 0.25217106686557056, 0.7478313793011809, 0.25216856561777096, 0.7478313673448846, 0.2521686031727195, 0.7478313839864801, 0.6814998832399053, 0.3433260185612928, 0.252168618557359, 0.19648864210652564, 0.6566764918011497, 0.2521686263434335, 0.2521686135713143, 0.2521685805396969, 0.255447852786548, 0.2521685627160871, 9.112496558072404e-9, 4.403040757759545e-7, 1.0726125510003805e-7]
w_opt: [0.7478313693162467, 0.49566274386718195, 3.042972257989441e-9, 1.85006588955024e-9, 0.40450786864938193, 0.2521686189994429, 1.6986921546074534e-9, 6.347323461595909e-9, 0.2521685595417512, 5.739935620372727e-9, 1.8397762019556833e-9, 2.4472293177653065e-6, 2.4440028564511823e-6, 0.2521710565260456, 0.25216861670158397, 0.25216860983411504, 8.145672969720204e-9, 0.252171065839209, 0.25216856094602724, 0.49566276439439516, 0.4293312637964241, 9.168228584590747e-9, 0.4045078787158163, 0.2554478450271593, 6.202279187637403e-9, 8.043350439211293e-9, 4.392075354074947e-7, 3.751733609205958e-9, 1.1625591928591139e-9, 8.199184349950655e-9, 0.25216856388239356, 0.2521685631297101, 0.2521685534315783, 1.1603053679584756e-9, 3.580059830698119e-8, 0.25216856134731835, 1.4568933694848806e-9, 2.5640012021912108e-9, 0.3433260175829912, 1.0159442557226892e-8, 2.2709772008682322e-9, 1.8340850685763986e-9, 3.0686159398721346e-9, 0.2521685340521594, 1.0117020398017758e-9, 0.2521685960597219, 0.2521685979745811, 2.7172729135405063e-9, 0.2521686002341631, 0.25216859278331655, 3.1559375683648003e-9, 0.25216860184935735, 1.7304777630980862e-9, 5.650472522094723e-9, 4.389590737081632e-7, 4.5979341260404924e-9, 0.6566764901643247, 7.41855926753258e-7, 1.800064089828931e-9, 3.2946589281239087e-9, 6.451490629267222e-9, 0.34332601721340456, 1.7245995411862957e-9, 0.2521685757307557, 0.2521685606540076, 4.383219943327955e-7, 2.2698072987688637e-9, 1.4726369188195958e-9, 2.513889326976083e-6, 0.2521686247970399, 1.8042804477142634e-9, 1.6032200797394022e-9, 1.9054388112232565e-9, 2.5193606613559003e-9, 2.7627322321523288e-9, 1.0494663708610324e-9, 0.2521686165316347, 3.690784671549638e-9, 4.321140428305543e-7, 0.19648864098402394, 2.619353752761696e-9, 1.108179828785998e-9, 1.2761615545532293e-9, 3.6881044341252765e-9, 1.6746192683391553e-9, 0.25216857907106655, 0.2521686128893549, 1.0482070091202669e-7, 0.252168552176241, 2.846906478514861e-9, 0.25216857880038707, 0.2521685477421474, 2.2363438138481927e-9, 4.374064636898995e-7, 1.0555184487362397e-7, 1.4620571006033506e-9, 1.5969147018601806e-9, 9.65097834186029e-8, 7.486487998001083e-9, 9.923545753009727e-8]
v_opt: [0.6814998820014861, 0.7478313773918485, 0.5592517999716297, 0.0635890164303469, 0.038608198322636865]
solution time: 0.014364957809448242
McCormick lower bound: -6.362310809067438

