x_opt: [0.6837248146782631, 0.34557748317901177, 0.6837248162970889, 0.05981866330048753, 0.6837248168935984, 0.14957861326942118, 0.8504214006053166, 0.39095795989325033, 0.3162752384400971, 0.316275180463416, 0.25536630848622827, 0.6837247569332174, 0.3162751846268063, 0.1495785989671123, 0.3162751777815405, 0.3455774927455546, 0.05981866108801828, 5.91984958257028e-9, 0.14957859766168727, 0.14957831213994302]
w_opt: [0.6837248131810103, 0.36744963253578844, 1.7771602391827695e-9, 1.3951071642269412e-9, 0.3674495727552207, 0.31627518022011014, 1.3230166021783636e-9, 4.547499522629497e-9, 0.059818658307164395, 3.4407610849331226e-9, 1.08681849258222e-9, 0.0293023006042455, 0.02930230586662995, 0.3455774754883275, 0.3162751793385071, 0.14957859653189354, 4.20100208139307e-9, 0.34557748176557923, 0.05981865962189041, 0.5341462177446714, 0.07468277722139748, 3.0384703958651506e-9, 0.36744957749231527, 0.34557748588908965, 4.311169870890711e-9, 4.9758874986921215e-9, 0.14957859658127404, 3.1906150582372457e-9, 1.169204351381415e-9, 5.8175875414184474e-9, 0.059818661455250804, 0.05981866150121648, 0.059818656567055754, 8.463591270991252e-10, 2.717020954251567e-8, 0.0598186598748254, 1.2533800349181194e-9, 1.8225645078869067e-9, 0.31627523745324193, 1.0608568376471741e-8, 3.0407767959801956e-9, 1.0887246780377465e-9, 2.846666334057147e-9, 0.05981864707923865, 8.558328797600344e-10, 0.1495786102779271, 0.14957860866904124, 2.691737008040256e-9, 0.14957861138441048, 0.14957859472855395, 1.639345921150699e-9, 0.1495786123302226, 1.1716515430008173e-9, 3.5669754873131523e-9, 0.1495785965377583, 3.3129706444231642e-9, 0.6837247558094492, 0.1666966702873809, 2.331854602458666e-9, 5.163563310911049e-9, 4.4486958204962465e-9, 0.3162752371583243, 1.4250700552744356e-9, 0.31627517458836696, 0.05981865901532717, 0.14957859576506785, 2.291032997027038e-9, 7.855746286183957e-10, 1.4983043791779605e-9, 0.316275183612533, 1.721109360201665e-9, 1.222406554291743e-9, 1.4626913315437787e-9, 1.6494862891883705e-9, 1.8393334780762193e-9, 8.532863355736282e-10, 0.3162751789755272, 2.747546959109422e-9, 0.14957859020621617, 0.25536630750493755, 1.694942036920741e-9, 1.0340438854206574e-9, 9.324555304077707e-10, 2.798143624677864e-9, 1.1566775267260565e-9, 0.3162751765545316, 0.3162751686497344, 0.14957831003181646, 0.059818657432560166, 2.194649666798231e-9, 0.3162751759910786, 0.059818655027913094, 1.976760095641767e-9, 0.1495785959514462, 0.14957831120229395, 1.178432305975913e-9, 1.0050969589915046e-9, 0.059818657782165545, 4.552632777065157e-9, 0.14957831072623118]
v_opt: [0.39095795850509407, 0.6837248145852723, 0.46748045838436253, 0.10003048625678575, 0.06521202031885727]
solution time: 0.012411117553710938
McCormick lower bound: -6.320558609014044

