x_opt: [0.63529367142608, 0.36470632868294234, 0.6352936716350597, 0.0025766547174656783, 0.6352936713542223, 0.16209587764876487, 0.8897209504364417, 0.3647063295299349, 0.36470632877509856, 0.364706327426336, 0.22674815738849097, 0.6352936710179704, 0.36470632853613155, 0.11027904978331415, 0.36470632831150845, 0.36470632876007913, 0.002576654658015614, 2.9105559340178236e-10, 0.11027904766883553, 0.11027904713717217]
w_opt: [0.6352936713627118, 0.27058734298432585, 1.1093795308727565e-10, 8.066894992143311e-11, 0.2705873425055609, 0.3647063283162889, 6.147384416074861e-11, 2.859033522036967e-10, 0.002576654509988187, 1.6747268974646855e-10, 7.022230450261094e-11, 3.87247944847966e-10, 6.343621904804454e-10, 0.3647063282636649, 0.3647063283802933, 0.1102790496298925, 2.237426980655173e-10, 0.3647063285830897, 0.0025766545357721105, 0.5250146221459743, 1.2504697427867713e-9, 2.597824294570171e-10, 0.2705873428655438, 0.36470632842681516, 2.4773881439705813e-10, 2.4927024819316166e-10, 0.1102790476170688, 1.88157444939153e-10, 5.5589232896194134e-11, 2.6685262662137634e-10, 0.0025766546281740447, 0.002576654614833704, 0.0025766543766085168, 4.4138576550730565e-11, 1.3061117150957115e-9, 0.002576654589340898, 6.530641338746672e-11, 9.984698654242997e-11, 0.3647063287206154, 4.779387795325073e-10, 1.4800542719565786e-10, 6.180633005698841e-11, 1.6667762017242108e-10, 0.0025766539618142783, 4.364123110356023e-11, 0.16209587745598167, 0.1620958774337051, 1.264873328721282e-10, 0.16209587754097807, 0.1102790495824632, 9.876598253539785e-11, 0.1620958775998858, 6.08589603947447e-11, 1.7165464909782032e-10, 0.11027904761460186, 1.9626604177310665e-10, 0.6352936709500081, 0.2544272829771744, 2.9699124415291896e-10, 1.6848996398304002e-10, 2.2327613663945411e-10, 0.36470632870383457, 7.675970218903419e-11, 0.36470632813667986, 0.0025766545436196695, 0.11027904756281487, 1.1220191003293431e-10, 4.4053760482514166e-11, 8.349164876480614e-11, 0.36470632847890855, 8.96767910872487e-11, 6.615723137377864e-11, 7.543299659300574e-11, 8.673569150035807e-11, 9.626113517590702e-11, 4.763867963745249e-11, 0.36470632837734895, 1.3370786387666293e-10, 0.11027904730489124, 0.22674815735369194, 9.0148362013635e-11, 5.477779240087102e-11, 4.9482954897280866e-11, 1.8262758523946105e-10, 6.469417626498642e-11, 0.36470632825153665, 0.3647063265455279, 0.11027904701422565, 0.0025766544955752057, 1.375502178665932e-10, 0.364706328211712, 0.002576654345490062, 9.108544282156838e-11, 0.11027904757431901, 0.11027904708393717, 6.617350765386278e-11, 5.3755791749253e-11, 0.002576654477581093, 2.2620059754047698e-10, 0.11027904704550283]
v_opt: [0.36470632946958637, 0.6352936715391732, 0.4035980494144914, 0.13301070613189905, 0.05141482875158206]
solution time: 0.014994144439697266
McCormick lower bound: -8.689510035835239

