x_opt: [0.7406509584595051, 0.25934904557320937, 0.7406509789127393, 0.08110301110549835, 0.7406509706503072, 0.25934711789097686, 0.740652917828805, 0.6985815413862345, 0.4410759313204139, 0.259349028661101, 0.1925201448809084, 0.5589239604571729, 0.25934902786381814, 0.2593470869039603, 0.2593490102435315, 0.25934906170809213, 0.08110299614724532, 1.2092889517411554e-8, 0.08109846809984514, 0.08109846167014469]
w_opt: [0.7406509541613283, 0.4813019306555683, 6.567159175064839e-9, 3.197695911861433e-9, 0.2995749206262791, 0.2593490167485685, 2.592581885703407e-9, 1.7449242600199252e-8, 0.08110299229634955, 7.961798340687753e-9, 3.195694473400447e-9, 2.5792732163070285e-8, 5.5731088652709043e-8, 0.259349023441842, 0.25934902617277933, 0.2593470816156856, 3.2462621236816164e-8, 0.2593490440290913, 0.08110300277744585, 0.48130389835789555, 0.43923252208881575, 1.2968331764680722e-8, 0.2995749531600639, 0.2593490520810678, 9.54661032933684e-9, 1.0870007514260426e-8, 0.08109846671343794, 6.206651191102599e-9, 1.3657115887205994e-9, 2.0523585342273317e-8, 0.08110300832536882, 0.08110300563930233, 0.08110297150657934, 1.9146196172202282e-9, 1.7714700705572536e-7, 0.08110299305481378, 2.397880103153956e-9, 6.014578832312146e-9, 0.4410759303076938, 2.4992976803751003e-8, 3.0905228825800787e-9, 3.00614516273916e-9, 4.637516901103272e-9, 0.08110292880348018, 1.6031437055686351e-9, 0.2593471042995054, 0.2593471057090954, 3.6556215459412075e-9, 0.259347114973666, 0.25934707298958604, 6.128093509769951e-9, 0.25934711612292277, 2.90202072886593e-9, 7.868585023488468e-9, 0.0810984658973571, 8.524042866189508e-9, 0.5589239574699347, 2.1278676877581934e-6, 7.013341855584596e-9, 5.942642781406212e-9, 8.259803584149783e-9, 0.4410759298117542, 2.3595167349142505e-9, 0.25934900421365326, 0.08110299299536762, 0.08109846574164552, 2.5980285049800362e-9, 2.0640302343730147e-9, 1.4735111298026251e-8, 0.259349024543023, 2.9467593213952425e-9, 2.0020968466192787e-9, 3.1506268619926206e-9, 7.0297082312916275e-9, 6.395094666581017e-9, 1.5949660106563936e-9, 0.25934902650379577, 4.716459150298603e-9, 0.08109845470589365, 0.1925201435762495, 4.270296569483967e-9, 2.0196636036706697e-9, 2.0540382555935305e-9, 4.088865948315441e-9, 2.201564872585604e-9, 0.2593490087566449, 0.2593488230410756, 0.08109845828241512, 0.08110298826566188, 5.033665894465409e-9, 0.2593490065013694, 0.08110298061532872, 3.2389768047724145e-9, 0.0810984655697692, 0.08109845881476774, 2.048074697004847e-9, 2.282875275089052e-9, 0.08109842195730252, 1.0536528380498283e-8, 0.08109845213627417]
v_opt: [0.6985815402293604, 0.7406509766488096, 0.5485639244064229, 0.06726192299592036, 0.037064080113642914]
solution time: 0.012990951538085938
McCormick lower bound: -5.82464723491289

