x_opt: [0.7497279747356309, 0.2502720253827772, 0.7497279748421274, 0.2502720250402199, 0.7497279747587754, 0.25027202478032906, 0.7497279750014336, 0.7104137659868872, 0.38671336536828316, 0.25027202521487807, 0.1703370693723809, 0.661245712995594, 0.2502720252343021, 0.25027202499638534, 0.25027202503337787, 0.25027202613187316, 0.2502720249461739, 7.649817946186323e-11, 2.4504718074125444e-9, 2.253580294930652e-9]
w_opt: [0.7497279747149497, 0.49945594949641003, 3.062432795870943e-11, 2.2151598129869192e-11, 0.41097368774833637, 0.25027202515821334, 1.64304787547079e-11, 7.040130953929879e-11, 0.2502720249121344, 4.4450477554953634e-11, 2.1278177687891544e-11, 2.3749353264539844e-10, 2.462642162883071e-10, 0.2502720252921184, 0.25027202520646397, 0.2502720249435547, 7.237706506381674e-11, 0.2502720253689096, 0.2502720249928121, 0.4994559498561552, 0.4601417408424096, 1.2872224589803682e-10, 0.4109736879072318, 0.25027202605749155, 7.059875344899053e-11, 6.517664114981445e-11, 2.438140010203296e-9, 3.9086918992831966e-11, 1.2849250612853753e-11, 6.280220908653116e-11, 0.25027202502127294, 0.25027202501150003, 0.2502720249239157, 1.3141065772377319e-11, 3.004445376526333e-10, 0.25027202493290884, 1.5289307321337593e-11, 2.857576232527672e-11, 0.3867133653571813, 1.0222896139094792e-10, 2.5926393435985407e-11, 2.088556009894361e-11, 3.5330427047185836e-11, 0.25027202472818266, 1.1342497571530954e-11, 0.2502720247077054, 0.2502720247248749, 2.8541679083195634e-11, 0.25027202475001625, 0.2502720246634157, 3.19496855324841e-11, 0.25027202476371924, 1.86822518025048e-11, 4.379166676812315e-11, 2.4345565552913603e-9, 4.126397451735288e-11, 0.6612457129765561, 1.6901630729698961e-9, 2.6274480429468715e-11, 3.3383710819549795e-11, 5.0357200529274986e-11, 0.386713365353584, 1.904657439905452e-11, 0.2502720249821171, 0.25027202492329964, 2.428438763540699e-9, 2.3516039780790186e-11, 1.6729551839290753e-11, 0.04795907844466366, 0.25027202521715836, 1.966271036672493e-11, 1.7713609351267978e-11, 1.9477810475819087e-11, 2.755646164558836e-11, 2.8562646087152982e-11, 1.2057378601584142e-11, 0.25027202520041025, 3.593467060190854e-11, 2.3501389342102553e-9, 0.17033706955996386, 2.3778653541433667e-11, 1.2635809371556372e-11, 1.4722998950282007e-11, 4.075039386275993e-11, 1.7071460518584046e-11, 0.2502720250156371, 0.25027202470064025, 2.2252538439726963e-9, 0.2502720248357462, 3.092979529039709e-11, 0.2502720250108175, 0.2502720247975539, 2.123918946853742e-11, 2.418187556745524e-9, 2.2355051251429757e-9, 1.5993360448638093e-11, 1.6551094269759503e-11, 2.2014614913694895e-9, 5.924892338502689e-11, 2.2126001526166225e-9]
v_opt: [0.7104137659734197, 0.7497279748200845, 0.5620920419060585, 0.0626360868325369, 0.029014717314601052]
solution time: 0.01476907730102539
McCormick lower bound: -6.620133359539035

