x_opt: [0.7179525595145562, 0.16130899643669203, 0.838691038171757, 3.402923376148579e-6, 0.7179524141649781, 0.2820472793943431, 0.8386909792904587, 0.7950861902343866, 0.5501491718158061, 0.16130897548998605, 0.17078526865258653, 0.44985083288014305, 0.2820475541518761, 0.16130902068524683, 0.28204744269107407, 0.28204745037635826, 3.403254008120819e-6, 2.2433385826185845e-8, 0.10559368635763694, 0.10559368183950721]
w_opt: [0.717952556134101, 0.43590497719256355, 6.265701243308294e-9, 7.678631297165029e-9, 0.16780339618510973, 0.2820475322422867, 6.62818380315942e-9, 1.0275603173945167e-7, 3.394464322322956e-6, 1.3725846237141509e-8, 4.773708576772064e-9, 3.740466694069493e-8, 2.7786242016063383e-8, 0.16130896739273975, 0.1613089694502363, 0.16130897998089275, 6.391960425657168e-8, 0.16130899260953083, 3.388942778606406e-6, 0.6773820226776515, 0.6337772337254146, 2.4300873905831026e-8, 0.28854189065329633, 0.28204743417747524, 1.8730543530818893e-8, 1.8009408185181212e-8, 0.10559368126463868, 1.2124325437721955e-8, 3.0289244354676146e-9, 2.0640290576356685e-8, 3.3941629410600468e-6, 3.3966163184845485e-6, 3.3516146319675433e-6, 5.349205448189014e-9, 7.625952789167735e-8, 3.3946206262814205e-6, 5.549504492169759e-9, 1.2285828178166941e-8, 0.5501491678548075, 1.9722875356471348e-8, 3.4852820034972386e-9, 7.670869468531448e-9, 7.577641723781644e-9, 3.343567834858071e-6, 5.310701076412524e-9, 0.282047262501429, 0.28204725686131327, 8.690314185682256e-9, 0.2820472735241494, 0.16130900282621569, 1.0068825356414639e-8, 0.2820472737500881, 6.4483551386221e-9, 1.2844386126052561e-8, 0.10559367679587058, 9.161490580659206e-9, 0.44985082462127385, 0.12073877794045461, 6.6825278629182155e-9, 1.10313023572205e-8, 1.8676833662654685e-8, 0.5501491665804411, 6.161196753119487e-9, 0.28204742571488867, 3.394017832124708e-6, 0.10559368085276305, 5.241388411905417e-9, 4.595094622394376e-9, 1.6322666034652766e-8, 0.2820475499464664, 1.0659722207516681e-8, 4.641957695405711e-9, 7.816656370132665e-9, 2.2397764588023326e-8, 1.8203323355527443e-8, 5.4515429403878044e-9, 0.1613089686321761, 7.328875339824955e-9, 0.10559363144148587, 0.1707852629212376, 7.1821466086242395e-9, 5.951326376218064e-9, 9.661908877629241e-9, 8.999490377733592e-9, 4.386408794117523e-9, 0.28204743891249934, 0.2820473247896845, 0.10559367598903847, 3.3805033928668176e-6, 8.285026782523645e-9, 0.28204743384319636, 3.3602968272401638e-6, 6.793846790346642e-9, 0.10559367967366824, 0.10559367332856527, 4.351261941162373e-9, 4.958828242270742e-9, 3.391565763174125e-6, 1.7259985419933348e-8, 0.10559367489899037]
v_opt: [0.7950861862406349, 0.8386910330173553, 0.5154556769290398, 0.026020595220323347, 0.029167851676555123]
solution time: 0.013947010040283203
McCormick lower bound: -4.494652335713388

