x_opt: [0.7770372336617364, 0.22296277083324714, 0.7770372339131624, 0.18549716746651743, 0.7770372336849706, 0.18549717477675448, 0.8145028250348869, 0.5127223976620465, 0.27358737190492105, 0.22296276618936534, 0.2229627531598525, 0.7264126280162909, 0.22296276617277905, 0.1854971749619674, 0.22296276373597465, 0.33520724258031864, 0.18549716714111675, 1.9947537103058647e-10, 0.18549716892722, 0.18549716694242102]
w_opt: [0.7770372336135786, 0.5540744673696201, 8.034810136872899e-11, 7.551035196206289e-11, 0.503449861718287, 0.22296276599281828, 4.445506457444236e-11, 1.4787798272593256e-10, 0.18549716705212915, 1.174587403544621e-10, 4.274988822095516e-11, 4.777909167636984e-9, 4.774861858936738e-9, 0.22296277057101893, 0.2229627661447578, 0.18549717486765002, 1.894749002198713e-10, 0.2229627707973891, 0.1854971673404733, 0.5915400589788373, 0.2897596316112871, 2.5659711475904207e-10, 0.503449862098152, 0.3352072423729141, 1.4410884323352722e-10, 1.6750721211407363e-10, 0.18549716889191886, 1.0458173308692733e-10, 3.3421002081954854e-11, 1.9275891704089806e-10, 0.18549716740946126, 0.1854971674014698, 0.1854971672332584, 3.2346765060196166e-11, 8.715516437956851e-10, 0.1854971671008791, 4.146718469564017e-11, 7.180067808214725e-11, 0.2735873718741011, 4.050672214690204e-10, 8.237803180925534e-11, 4.300095446033514e-11, 7.902915607040267e-11, 0.18549716659431895, 3.0744646726956407e-11, 0.18549717464391313, 0.18549717461763182, 8.304297552512886e-11, 0.18549717471321112, 0.18549717452929834, 7.042361130050081e-11, 0.18549717473956548, 4.523015841693776e-11, 1.1709906222818581e-10, 0.1854971688879296, 1.1042542414433893e-10, 0.7264126279714715, 0.037465592769725345, 7.487161088231479e-11, 1.0223877957100614e-10, 1.5118723176029374e-10, 0.2735873718632974, 4.945907872196913e-11, 0.22296276360981293, 0.1854971670760236, 0.18549716886856166, 6.533254262931968e-11, 3.363450701081747e-11, 1.0852910791756102e-10, 0.22296276613438226, 5.790679075215019e-11, 4.307210801489105e-11, 5.204075588232369e-11, 7.006667139485833e-11, 7.546428022835324e-11, 3.182753337134441e-11, 0.22296276609198765, 9.232768895913762e-11, 0.18549716865710286, 0.2229627531872368, 6.111198936937072e-11, 3.5128178407466204e-11, 3.808253170019555e-11, 1.0290746348995138e-10, 4.102174208141206e-11, 0.22296276369855036, 0.2229627653866037, 0.18549716687601972, 0.1854971669776784, 7.590451246421007e-11, 0.2229627636785588, 0.18549716691782958, 6.119399008055464e-11, 0.18549716886146675, 0.18549716690068785, 4.021864785651124e-11, 3.853336590772843e-11, 0.1854971667181347, 1.5410633172722218e-10, 0.1854971668664172]
v_opt: [0.5127223976225803, 0.7770372338584423, 0.6037871021178206, 0.04971244207670622, 0.049712391216880876]
solution time: 0.014207839965820312
McCormick lower bound: -5.8767918914485175

