x_opt: [0.8210996071225374, 0.17890039368495486, 0.8210996073405594, 0.17890039067767538, 0.8210996069306477, 0.17890039241384187, 0.8210996076162844, 0.821099632759278, 0.5728034078602976, 0.17890039277223888, 0.17398631747904456, 0.7990891221738298, 0.17890039280676526, 0.17890039234830352, 0.1789003889897614, 0.2137737275015878, 0.17890039054863616, 1.5034817322652915e-10, 0.17890036223394432, 0.17890036208634047]
w_opt: [0.8210996070887162, 0.6421992141510481, 5.6329713303950137e-11, 3.906406225593283e-11, 0.6201887293252867, 0.17890039264573246, 3.915857716691176e-11, 1.2578281961628963e-10, 0.17890039048702192, 8.908476943955475e-11, 3.2151797653354666e-11, 1.047808717403464e-9, 9.326929103454905e-10, 0.17890039351023207, 0.17890039273757735, 0.17890039226860852, 1.6366077819890396e-10, 0.17890039366099317, 0.1789003905823233, 0.6421992149805955, 0.6421992401312352, 1.9649050604426805e-10, 0.6201887296516458, 0.21377372735963124, 1.066990780943505e-10, 1.2423451369030927e-10, 0.17890036220745836, 7.059083373374691e-11, 2.4015855119440877e-11, 1.392459736529933e-10, 0.17890039063752639, 0.17890039062978957, 0.17890039047688555, 2.6844330683650236e-11, 6.167643263117029e-10, 0.17890039052121393, 2.994759465905189e-11, 5.7791239410902033e-11, 0.5728034078399216, 1.8416940034805073e-10, 3.2481130942732516e-11, 3.826075024282224e-11, 5.436752196734342e-11, 0.1789003900943578, 2.41907827255244e-11, 0.17890039230383445, 0.17890039228917926, 5.974094833902499e-11, 0.17890039235998623, 0.17890039215201078, 5.493905371699722e-11, 0.17890039238146394, 3.797063787591308e-11, 8.752939995473194e-11, 0.17890036219962266, 7.063714455331469e-11, 0.7990891221383707, 4.083500285940229e-9, 4.045214691126299e-11, 6.100429245727689e-11, 1.1459981609639326e-10, 0.5728034078283105, 3.6057349549887975e-11, 0.17890038887668092, 0.17890039050552622, 0.17890036219508199, 5.373834369202255e-11, 3.0258458792181085e-11, 0.37189253009417567, 0.17890039277237377, 4.06338817527949e-11, 3.210417964135592e-11, 3.946261543633235e-11, 6.155356426528052e-11, 6.22069576683181e-11, 2.430508919560753e-11, 0.17890039273163097, 6.86226240054937e-11, 0.1789003619760097, 0.17398631744089615, 4.5035307999478656e-11, 2.536211243476694e-11, 3.3764827114038295e-11, 7.049373787860386e-11, 3.008213076366652e-11, 0.17890038895919483, 0.17890039235181626, 0.178900362040785, 0.17890039041362601, 5.0410154411630155e-11, 0.17890038894731872, 0.17890038878419665, 4.4894739900293984e-11, 0.1789003621783268, 0.17890036205236048, 2.8219092324230708e-11, 3.144147421740329e-11, 0.17890036199241843, 1.1530236605699444e-10, 0.1789003620516572]
v_opt: [0.8210996327322702, 0.8210996073047973, 0.6742045647422903, 0.032005352680345676, 0.030271259995652472]
solution time: 0.015959978103637695
McCormick lower bound: -4.875977171039839

