x_opt: [0.6406694892598025, 0.35933287060964286, 0.6406694900461305, 3.452775320531311e-7, 0.6406694940293229, 0.1547183752082794, 0.8822082662591281, 0.37204966808845974, 0.359330531849991, 0.35933050239219694, 0.24196492410904233, 0.6406694542261291, 0.3593305062439035, 0.11779173528384845, 0.35933050201309336, 0.35933289679310565, 3.433291733417147e-7, 7.650404133063266e-9, 0.1177917300660552, 0.11778914132464591]
w_opt: [0.6406694864283922, 0.28133898330415585, 2.1005878947860583e-9, 1.6919754098922215e-9, 0.2813389448132708, 0.3593305012866448, 1.4994971275519804e-9, 7.793285792625107e-9, 3.400128860007501e-7, 4.574400186621072e-9, 1.3979990717848015e-9, 2.3619202650832535e-6, 2.370495827796199e-6, 0.3593328593680331, 0.35933050247550313, 0.1177917322494588, 5.835028795295878e-9, 0.35933286898143496, 3.410094637955197e-7, 0.5228777573495629, 0.01271915929325147, 3.5980213267254962e-9, 0.2813389493353691, 0.3593328883352289, 5.7326248341710316e-9, 6.634921973099333e-9, 0.11779172884193494, 4.0736155066845214e-9, 1.2718440915635515e-9, 8.252800978224008e-9, 3.431438582703092e-7, 3.431943448303847e-7, 3.374229253006683e-7, 9.78886784945664e-10, 3.7142507287646634e-8, 3.4182581135190194e-7, 1.5421940499394252e-9, 2.2207273709933464e-9, 0.35933053065475934, 1.450824368358478e-8, 3.207021512412919e-9, 1.3375229473417602e-9, 4.222683962658899e-9, 3.2480908984519837e-7, 9.966466712004021e-10, 0.15471837127235885, 0.15471836996421814, 3.0449257669814626e-9, 0.15471837298799257, 0.11779173025586157, 2.1245064580954213e-9, 0.15471837414770737, 1.3718419280243645e-9, 4.785528987955839e-9, 0.11779172885534422, 4.8333523019546005e-9, 0.6406694528674605, 0.24153890471312525, 3.923102280173526e-9, 9.484036962726404e-9, 6.068733371040305e-9, 0.3593305304415988, 1.7061655438568616e-9, 0.35933049848723503, 3.4076191195958307e-7, 0.11779172775992477, 2.634973115775932e-9, 9.267129841986816e-10, 1.7288436978114223e-9, 0.3593305049865833, 2.1119953396306925e-9, 1.4338936104669572e-9, 1.8143499591724342e-9, 2.01615894295882e-9, 2.275804442323775e-9, 1.0610509854371496e-9, 0.35933050209402606, 3.1609689227164337e-9, 0.11779172050204878, 0.24196492303678593, 2.2520551035166577e-9, 1.2479684504242507e-9, 1.1321219950512156e-9, 4.044036507584518e-9, 1.4409272435770355e-9, 0.3593305006374172, 0.35933047903528675, 0.11778913879181226, 3.393310945905054e-7, 2.9624322415240556e-9, 0.35933049997646976, 3.3590368869860087e-7, 2.4222575049831952e-9, 0.11779172812575643, 0.11778914008447129, 1.4358830815135535e-9, 1.2049694856388261e-9, 3.3863796585048884e-7, 6.153135881075018e-9, 0.11778913957522297]
v_opt: [0.37204966654124777, 0.6406694878320772, 0.410457403898238, 0.12911842443880403, 0.058547030226722724]
solution time: 0.014321088790893555
McCormick lower bound: -7.229436373825551

