x_opt: [0.6398228184895823, 0.36017738507492175, 0.6398228205781383, 2.546744461971369e-7, 0.639822811650091, 0.15547362386543329, 0.8831092694458709, 0.37087524737692973, 0.36017719537535275, 0.36017716274019457, 0.23985615052623732, 0.6398227983155638, 0.3601771818516656, 0.11689073160768963, 0.3601771762996664, 0.36017748230135144, 2.488183218724845e-7, 1.2813048678419431e-8, 0.1168905640550954, 0.11689047383954299]
w_opt: [0.6398228144642177, 0.2796456321530557, 3.399285839573887e-9, 3.1262489812661534e-9, 0.27964561902635154, 0.3601771730572612, 2.6225639049446356e-9, 1.6566602023444288e-8, 2.4358787472693886e-7, 7.708952601336302e-9, 2.4581863541039675e-9, 2.075530553330165e-7, 2.0882813098739964e-7, 0.3601773674821845, 0.36017716037496006, 0.11689072603799283, 1.1188877532756525e-8, 0.3601773827525251, 2.4776707654004235e-7, 0.5229320918939683, 0.010698069889660272, 5.2779592422874875e-9, 0.2796456279649439, 0.36017747061573074, 9.362893857095445e-9, 1.1037620947442953e-8, 0.11689056191563825, 6.9497577372992975e-9, 1.952818271300043e-9, 1.090452868559703e-8, 2.5097917633515025e-7, 2.511680701196538e-7, 2.404590263348786e-7, 1.8146020596013366e-9, 3.525052520150935e-8, 2.460601759878362e-7, 2.6626429552278343e-9, 4.094876129802682e-9, 0.36017719332997833, 1.5313971482335766e-8, 3.1747178533292007e-9, 2.5205779448431147e-9, 5.535260662759242e-9, 2.2474778642374185e-7, 1.8493137812246475e-9, 0.15547361655806635, 0.15547361472424048, 4.9258500746902195e-9, 0.15547362025971043, 0.11689072360095981, 3.957105318124615e-9, 0.15547362190224726, 2.462049930817997e-9, 7.830835623999017e-9, 0.11689056169227306, 6.952514412672116e-9, 0.6398227956874395, 0.24328660099875163, 4.845350852828413e-9, 7.559026990202992e-9, 9.715715440723383e-9, 0.36017719301856804, 2.960421072685141e-9, 0.36017717026987844, 2.443992132684643e-7, 0.11689056041079193, 3.847304454664164e-9, 1.7160461664437493e-9, 3.3964750720365278e-9, 0.36017717974350755, 3.871879662795553e-9, 2.4212680406694946e-9, 3.2825896035829545e-9, 4.041190791720542e-9, 4.391673651613621e-9, 1.967088601694187e-9, 0.36017716007002604, 4.794298484461552e-9, 0.1168905462663816, 0.2398561492048529, 3.793101537119343e-9, 2.2765083645130153e-9, 2.239520388011951e-9, 6.660289455296922e-9, 2.4478407952692634e-9, 0.3601771739105897, 0.3601771286949829, 0.11689046982914073, 2.418247044004431e-7, 4.922901613064046e-9, 0.3601771730159278, 2.358047588661755e-7, 3.869897171963442e-9, 0.11689056067084787, 0.11689047151591182, 2.3938815566817393e-9, 2.161885330487847e-9, 2.3401165836173002e-7, 1.0253400905192533e-8, 0.11689047152054809]
v_opt: [0.3708752449167794, 0.6398228172030747, 0.4093734001099355, 0.1297276172754663, 0.057530989157239476]
solution time: 0.013239860534667969
McCormick lower bound: -6.754789517659365

