x_opt: [0.739792286229529, 0.3335283466169224, 0.7397922777496151, 0.17230777381808363, 0.7397923007710623, 0.17230766146833432, 0.8276923339052386, 0.4085817837646024, 0.2602132439617512, 0.2602077071585176, 0.2382369293415703, 0.7397867536707133, 0.2602077085534088, 0.1723076584251317, 0.2602076920905844, 0.3335284244710495, 0.17230763284467077, 1.899645902792026e-8, 0.17230764816305322, 0.17230751682869908]
w_opt: [0.7397922683599053, 0.4795845912181979, 5.946779903312694e-9, 3.3683610143633826e-9, 0.4795790433269568, 0.26020769495419005, 3.757819677680235e-9, 1.7555753338953792e-8, 0.1723076248764735, 1.1435126087574515e-8, 3.3303103429347588e-9, 0.07332062771290483, 0.07332066450563426, 0.33352832455980347, 0.26020770383392816, 0.1723076512673972, 1.2461813432065874e-8, 0.3335283426000382, 0.17230776331820796, 0.5674846142289645, 0.14837406446828402, 1.4965097881849452e-8, 0.47957904428509934, 0.3335284039178418, 1.1901550479118633e-8, 1.6267783737681713e-8, 0.17230764516783356, 8.97956903269574e-9, 3.315621286663759e-9, 1.6302850186456247e-8, 0.1723077689153521, 0.17230776846030238, 0.17230775614154614, 2.462261325686547e-9, 7.69175146843148e-8, 0.17230763058515952, 3.567131193717871e-9, 5.271392776078632e-9, 0.2602132412622254, 3.79756824926912e-8, 1.6359007739495252e-8, 3.1993532359868577e-9, 1.1222626246718146e-8, 0.17230759098015533, 2.4066734324999343e-9, 0.17230765223268735, 0.17230764880042515, 7.285283597108183e-9, 0.17230765583512878, 0.17230763436624535, 4.9466182090699215e-9, 0.17230765866920666, 3.46573406351333e-9, 1.1793078099114048e-8, 0.17230764423075845, 9.724811589775573e-9, 0.7397867504488393, 0.08790017959008743, 4.261655612437595e-9, 1.7300524099493626e-8, 1.543788972968453e-8, 0.26021324030413373, 4.076643908408623e-9, 0.26020768223458657, 0.17230762726383544, 0.17230764272926902, 6.628567402419375e-9, 2.4203590038812735e-9, 6.984463226165305e-9, 0.26020770560289974, 4.671422648083203e-9, 3.601492365302531e-9, 4.290134213591074e-9, 4.783939232807881e-9, 5.286168528210513e-9, 2.1242876325964404e-9, 0.26020770182200875, 8.47714250862419e-9, 0.17230762720055723, 0.23823692677652644, 5.194749639473556e-9, 2.8565202561994114e-9, 2.2925130659753993e-9, 5.950422849599198e-9, 3.509517984323076e-9, 0.2602076885200158, 0.26020766156166353, 0.1723075106568749, 0.17230761813198492, 6.347704647738711e-9, 0.2602076869676486, 0.17230761576686576, 5.8890320434166566e-9, 0.17230764291328374, 0.1723075139458607, 3.4150250715731715e-9, 3.0610846377651895e-9, 0.17230749685128569, 1.5004815366250335e-8, 0.17230750682502607]
v_opt: [0.40858177999844925, 0.739792272857947, 0.5472926926425604, 0.06770809850686825, 0.05675766175780077]
solution time: 0.014282941818237305
McCormick lower bound: -6.272914732357302

