x_opt: [0.7908457885501466, 0.31481610774864577, 0.7908457890702332, 0.20915398029003915, 0.7908457948587417, 0.20915369819946678, 0.7908463021170379, 0.4707268974994828, 0.2666748508932391, 0.20915421100507955, 0.20915416689018634, 0.7333251478167492, 0.2091542106124965, 0.2091536976203579, 0.20915420426313708, 0.31481610810449756, 0.20915369676065249, 1.2794848964972955e-9, 0.2091536973144924, 0.20915369652618737]
w_opt: [0.7908457882290508, 0.581691584121032, 5.158082195488268e-10, 3.0948321505324355e-10, 0.5241709366630228, 0.20915420952021954, 3.0742153227319133e-10, 8.518914559417369e-10, 0.20915369607971449, 7.233493203114164e-10, 2.481708903431166e-10, 0.10566189732253013, 0.10566190458655143, 0.31481610601501214, 0.20915421072136542, 0.20915369707770434, 8.567410517444213e-10, 0.31481610729967163, 0.20915397940372443, 0.5816920913805214, 0.26157268697424635, 1.076807467915666e-9, 0.5241709379178117, 0.31481610615114536, 9.27840513080105e-10, 1.0549656316610667e-9, 0.209153697067301, 7.042338694349379e-10, 3.1953615325976983e-10, 1.3889521477435775e-9, 0.20915397989123932, 0.20915397984828069, 0.20915397891667026, 1.8870695243250215e-10, 6.510940759609425e-9, 0.20915369655532956, 2.683861391749588e-10, 3.917243925780005e-10, 0.2666748506791828, 8.250105296877287e-9, 6.435087592158658e-9, 2.36282454308385e-10, 8.459717203286591e-10, 0.209153693341683, 1.8717948021988893e-10, 0.20915369752714605, 0.20915369713214318, 6.754569328881663e-10, 0.20915369771205305, 0.2091536963324147, 3.577785248075522e-10, 0.20915369797972758, 2.7035556450710197e-10, 7.644907312484338e-10, 0.2091536970414602, 8.156973189317323e-10, 0.7333251475773142, 5.351031072369521e-7, 5.651600855550825e-10, 9.654905821705453e-10, 1.703670070155253e-9, 0.2666748505806348, 3.2588996014092865e-10, 0.20915420348317085, 0.2091536963257645, 0.20915369685110083, 6.522537056066828e-10, 1.8342611779617386e-10, 3.465333184722755e-10, 0.20915421035876797, 3.536490886771159e-10, 2.9475396690278447e-10, 3.0761108865129817e-10, 3.411946839344547e-10, 3.8443136097466396e-10, 1.8086509331326105e-10, 0.2091542102878156, 7.941492756378749e-10, 0.20915369561334643, 0.209154167178759, 3.718673615529833e-10, 2.1856722129004775e-10, 1.9683703715365286e-10, 6.613553230083836e-10, 2.6515659106227594e-10, 0.20915420400198648, 0.20915420618332686, 0.20915369599104028, 0.20915369537023223, 4.875952583300967e-10, 0.20915420378707064, 0.2091536954764272, 4.5423475038336084e-10, 0.20915369687866686, 0.20915369632678088, 2.7511049088921813e-10, 2.2851132454603054e-10, 0.20915369499836448, 9.5062350662488e-10, 0.20915369606575018]
v_opt: [0.4707268971496561, 0.7908457886671622, 0.6254370766432926, 0.043745509137276324, 0.04374546977619004]
solution time: 0.018552064895629883
McCormick lower bound: -6.099920144054557

