x_opt: [0.6595964863454866, 0.34040412912434326, 0.6595965055309982, 6.271225473539226e-7, 0.6595955158044715, 0.13788787780802345, 0.8621443531514889, 0.3984087706329589, 0.34040486990028795, 0.3404033659466273, 0.28925849937726716, 0.6595951166406505, 0.34040447426753945, 0.13785564564752087, 0.34040446563462845, 0.34041019774206993, 6.051028913142568e-7, 2.377195356886767e-8, 0.13785557624329486, 0.13785503026839213]
w_opt: [0.6595964812146599, 0.31919200330387376, 4.081881947782098e-9, 4.086141186356155e-9, 0.3191916052373112, 0.3404044607834418, 4.062825308852328e-9, 9.620037632126185e-7, 5.984603711779521e-7, 1.6196832731591524e-8, 2.895018720134107e-9, 6.364664388960848e-7, 1.8409785677891458e-8, 0.3404040916627443, 0.3404033630332742, 0.1378556374710198, 3.624637871408579e-8, 0.34040412651827384, 6.171518438162557e-7, 0.5217408613864933, 0.058005278727951644, 3.2471291289981993e-9, 0.31919163817536134, 0.3404101808093198, 1.9607938822100545e-8, 2.149436742283787e-8, 0.13785557326932005, 1.4214106791672645e-8, 1.931248556190363e-9, 2.349499893983322e-8, 6.213233506770399e-7, 6.229375759083141e-7, 5.944624823194501e-7, 2.540458188914756e-9, 8.298366001929764e-8, 6.014184402651855e-7, 3.851071301976178e-9, 7.166210753138756e-9, 0.3404048670365693, 1.4107778395835356e-8, 3.292868231247763e-9, 3.87460247241759e-9, 8.233961556516605e-9, 5.658807207170755e-7, 3.22831069642011e-9, 0.13788786659199143, 0.13788785529455988, 8.29320141254086e-9, 0.13788787397169885, 0.13785561780190045, 7.387392342537991e-9, 0.13788787551118206, 3.896481710605002e-9, 1.627802609052082e-8, 0.1378555725134165, 1.1820322982144668e-8, 0.6595951126016371, 0.20254901297055847, 6.235538831062434e-9, 2.37243685848174e-8, 3.076548051911967e-8, 0.3404048667224404, 4.199967376963011e-9, 0.3404044564043621, 5.981807268121193e-7, 0.1378555718834279, 4.488468300053637e-9, 2.4016127062831196e-9, 4.204617755945946e-9, 0.34040447233344995, 8.120605187196955e-9, 3.002795270970308e-9, 5.604242459235634e-9, 1.016572453569829e-8, 1.0157764562812307e-8, 2.687489954008308e-9, 0.3404033626342413, 6.280226410853007e-9, 0.137855535119861, 0.28925849640413714, 7.63595855954646e-9, 3.77764497223097e-9, 3.684513813773027e-9, 8.560012206296736e-9, 3.2730682214544388e-9, 0.3404044633218351, 0.3404044402573473, 0.13785502601267544, 5.913467541519439e-7, 7.462609525649724e-9, 0.3404044622090634, 5.771236642255482e-7, 6.430327160588626e-9, 0.13785557258783035, 0.13785502649200904, 3.2075247830422668e-9, 3.0620215201770624e-9, 5.796639643333048e-7, 2.068872462945849e-8, 0.13785502052137805]
v_opt: [0.39840876780625395, 0.659596502029013, 0.4350662864032475, 0.11587446081328784, 0.08367057554953551]
solution time: 0.014074087142944336
McCormick lower bound: -5.663593944507095

