x_opt: [0.6249898508798787, 0.37501013163041563, 0.6249898871052315, 0.02353672649639714, 0.6249898563746111, 0.1456413693271694, 0.8543594676214984, 0.3750107303428942, 0.375010165846099, 0.37501012011410656, 0.18181195110256193, 0.6249898232165539, 0.3750101377498712, 0.1456405461160294, 0.37501012774756665, 0.3750101421922816, 0.023536722015751105, 1.9227767783739675e-8, 0.0791617689804525, 0.07916175910918061]
w_opt: [0.6249898463913454, 0.2499797105946932, 5.73813761830278e-9, 5.541238767613576e-9, 0.24997967754870587, 0.3750101231269722, 3.9837345759086915e-9, 3.072334195761844e-8, 0.023536713537809957, 1.1580002415719015e-8, 4.520442105054061e-9, 2.1821486793843682e-8, 4.458811676089991e-8, 0.37501009944594477, 0.37501011530871586, 0.1456405353646992, 2.4756006895073727e-8, 0.3750101268436142, 0.02353671462255656, 0.4793493578577651, 6.203182532770076e-7, 1.8796214933740918e-8, 0.2499797265008242, 0.37501012457485083, 1.8458833673303283e-8, 1.670374977431107e-8, 0.07916176578836655, 1.2025583817021088e-8, 2.6988747660312753e-9, 2.320225232494361e-8, 0.023536720833231523, 0.02353672072004363, 0.023536697693948214, 3.0463638855910314e-9, 1.236821578719092e-7, 0.023536717436008558, 4.288799823582289e-9, 7.805555338808399e-9, 0.3750101627256434, 3.0914970744858625e-8, 5.3792362948305635e-9, 4.516791811961597e-9, 1.1141956493019266e-8, 0.02353666232558314, 2.9767904940027108e-9, 0.14564135387269947, 0.1456413549838222, 7.23041428603928e-9, 0.14564136376558437, 0.14564053048693237, 8.043746716713693e-9, 0.14564136616748635, 4.243812107933227e-9, 1.1583370453875455e-8, 0.07916176497985067, 1.3015696432267063e-8, 0.6249898185299878, 0.22936988215413212, 1.799042754003621e-8, 1.4210560024131531e-8, 1.3994854324290336e-8, 0.3750101623856773, 4.791918736313143e-9, 0.3750101172274348, 0.023536714672590123, 0.07916176339221036, 5.451771982296755e-9, 3.0611876074992495e-9, 5.777150410334498e-9, 0.37501013455736165, 6.371579050025482e-9, 3.923375270220833e-9, 5.318782364720449e-9, 7.836317422735804e-9, 8.26421453840917e-9, 3.289704422902358e-9, 0.37501011583763016, 7.47703979967244e-9, 0.079161738721396, 0.18181194834968886, 6.4293530764970485e-9, 3.6866125592313157e-9, 3.81935398630311e-9, 1.1506421134278137e-8, 4.003101382335805e-9, 0.3750101240740429, 0.37500996403324016, 0.07916175287048662, 0.02353671030900284, 8.995977974432267e-9, 0.3750101212955981, 0.023536695107972825, 5.60583169526341e-9, 0.07916176353875534, 0.07916175445655911, 3.9614198609600775e-9, 3.6051232316170113e-9, 0.02353670591426964, 1.5540131127122378e-8, 0.07916174994764437]
v_opt: [0.37501072693449444, 0.624989881916584, 0.3906134219006439, 0.14063260268274663, 0.03305560837095175]
solution time: 0.014715909957885742
McCormick lower bound: -7.349165356024541

