x_opt: [0.2810002032125387, 0.09848825549682956, 0.9015221409660481, 0.10949826605189968, 0.8905016425730209, 0.09848694198080796, 0.719000379922899, 0.9015127433438811, 0.8905014637178784, 7.178263320613717e-7, 0.09848693330720534, 0.7189999232756326, 0.09848708689563776, 0.09848802863651272, 0.09848696994249279, 0.2889811549094972, 0.0984884806960646, 1.1849960869381789e-7, 0.09848698511062717, 0.09848703171174823]
w_opt: [0.28100014339443696, 0.17150185263006498, 6.85964671416803e-8, 2.495390118356944e-8, 1.7830347622105438e-7, 0.09848666542835142, 1.5917165955204006e-7, 3.2883388140108504e-7, 0.09848844896247164, 8.443479010229128e-8, 1.2703516776596808e-8, 1.0409042747933084e-5, 1.3309751743493956e-6, 0.09848810199348092, 6.950842636395494e-7, 0.09848798962460006, 4.009127598374607e-7, 0.09848817764846016, 0.10949816353801202, 0.6205225354457922, 0.9015124209296325, 6.337384321527235e-8, 0.6205222366954896, 0.28898101142266924, 1.0751480695014859e-5, 4.8942618522708354e-8, 0.0984869580263719, 9.237499515105541e-6, 5.3503785347432654e-8, 3.702771493788216e-7, 0.10949821926362234, 0.10949819356209002, 6.309527658957188e-7, 3.101137371403127e-8, 8.491994725779967e-7, 0.09848846219759341, 1.731966116829368e-8, 4.892872901379922e-8, 0.8905014522124034, 2.587288171809038e-7, 2.6585370556860915e-8, 3.2021523933629265e-8, 3.452206027414923e-8, 0.09848782514130974, 3.032228128127443e-8, 0.09848690165180086, 0.09848639604765541, 1.106310977274233e-7, 0.09848689602514536, 0.09848667553903222, 3.4832411735285173e-8, 0.09848690332329912, 5.173508962699601e-8, 7.940322943587701e-8, 0.09848689888466569, 5.1129785604565924e-8, 0.7189998808591491, 3.8678433388023925e-6, 2.6872907694560967e-8, 4.8771197141121705e-8, 4.5925833397307943e-7, 0.8905013008821961, 4.861504629488626e-8, 0.0984863825042072, 0.09848845922880282, 0.09848696730745497, 4.5021280726399256e-8, 2.752225158720568e-8, 0.6095014651819705, 0.09848704183150843, 3.3264865491941794e-8, 1.9887601576890034e-8, 2.8231769442555597e-8, 1.2077929318928722e-7, 8.507582998053733e-8, 2.310529511606795e-8, 6.340704094696613e-7, 7.394768718146381e-8, 3.757780205859335e-7, 2.374707538194518e-7, 3.403792159682644e-8, 1.9861656068400073e-8, 2.689604109285434e-7, 4.079504768298514e-8, 1.5389312562804874e-8, 0.09848694159436111, 0.09848647300948492, 0.0984870000460027, 4.7013285511626567e-7, 1.9503930304492514e-8, 0.0984869254933415, 0.09848654673791271, 5.0970183143810274e-8, 0.098486830229858, 0.0984869288229838, 1.6358371228299032e-8, 2.5272438605011246e-8, 0.09848688588289886, 8.310253634639157e-8, 0.09848693215516258]
v_opt: [0.901512724551121, 0.901522126900453, 0.7929950452185357, 1.037408495508376e-7, 0.009699825817523227]
solution time: 0.014389991760253906
McCormick lower bound: -2.397305715679558

