x_opt: [0.6560981478845711, 0.3475544186366109, 0.656098081854893, 1.547423991434024e-5, 0.6560981872218965, 0.13764471862131658, 0.8623558106998735, 0.3880241319489128, 0.3439046103962031, 0.3439017459561408, 0.2739488378404652, 0.656093352570069, 0.34390182644164585, 0.137644164002606, 0.3439018078160076, 0.34755504455804603, 1.544189633328892e-5, 1.0357241606478256e-7, 0.13764461102613507, 0.13764228644856036]
w_opt: [0.6560980612776905, 0.31219634340132324, 1.562837180916687e-8, 1.2836100542020051e-8, 0.3121915105676964, 0.34390178187806547, 1.3792258445936799e-8, 1.6272390850076276e-7, 1.5410818820196986e-5, 6.972787782657925e-8, 1.1398449296707093e-8, 0.0036525096542624, 0.003652659785024892, 0.3475542715310476, 0.3439017368736775, 0.13764414206658762, 7.634574410405761e-8, 0.3475544062566132, 1.5421247273775586e-5, 0.5184539003338997, 0.04412222304914933, 2.6477267849697602e-8, 0.3121914933726247, 0.3475549483177745, 6.184010033820344e-8, 9.427746909304074e-8, 0.1376446007212785, 4.3130228132651973e-8, 1.062559719576644e-8, 1.9437493956786448e-7, 1.5453114913081664e-5, 1.5455565225007444e-5, 1.537912025686011e-5, 7.792869407546419e-9, 1.148019364275446e-6, 1.5429950837317584e-5, 1.3936279447122249e-8, 2.3008307273864656e-8, 0.34390460146683677, 2.564982599778817e-7, 5.705632837203019e-8, 1.0476917961952486e-8, 6.825917398538961e-8, 1.5137416734103125e-5, 8.264500571680252e-9, 0.13764468609346944, 0.13764467043572567, 3.0000077325064344e-8, 0.13764470262816186, 0.13764406276276242, 1.8809573469178756e-8, 0.13764471105618006, 1.2108404474669609e-8, 7.428221171235558e-8, 0.13764460067267076, 5.431478162058014e-8, 0.656093342527107, 0.20626140640913576, 3.2293359211726766e-8, 4.6310639530456475e-7, 1.0360569964413057e-7, 0.343904597842513, 1.3977378515146898e-8, 0.3439017803978684, 1.541918788266324e-5, 0.13764458991883133, 2.474852525762526e-8, 7.1608554284260425e-9, 1.0662981380979324e-8, 0.3439018191048802, 1.9152278253073342e-8, 1.1775307336700784e-8, 1.6723909064557793e-8, 1.783528369735144e-8, 2.204036421604719e-8, 7.743700408372309e-9, 0.34390173520108314, 3.0621815439993725e-8, 0.1376445371414761, 0.2739488297329668, 2.797257356340523e-8, 1.0273649199823662e-8, 8.234682079441852e-9, 2.843851942546896e-8, 1.2090238864916732e-8, 0.3439017967246817, 0.34390166878821776, 0.13764226801173593, 1.5400487091799663e-5, 2.550077938583509e-8, 0.34390179314975877, 1.5359969584729317e-5, 3.0556936128695175e-8, 0.13764459741805815, 0.1376422733840004, 1.230343318706893e-8, 9.981674159454149e-9, 1.5397478901671136e-5, 9.097225911811426e-8, 0.13764217528469724]
v_opt: [0.38802411877063997, 0.6560980660028373, 0.43046490728435555, 0.11826851590171827, 0.07504813105323654]
solution time: 0.014803886413574219
McCormick lower bound: -6.28421101570356

