x_opt: [0.7509352179266504, 0.24906477719707162, 0.750935252727334, 0.24906479074924132, 0.7509351893129868, 0.2490646147632157, 0.7509353545854881, 0.7376629225857292, 0.4335013267927293, 0.24906476997167293, 0.13386314785923026, 0.6629785360657235, 0.2490647931019147, 0.249064650357553, 0.24906477627208132, 0.24906544952555337, 0.24906466780752676, 1.2826182359979484e-8, 1.910089560688957e-6, 1.9121524321129166e-6]
w_opt: [0.7509352135975806, 0.5018704091695942, 5.983233949296379e-9, 3.9658166108455836e-9, 0.413913756361576, 0.24906477938601884, 2.4030982497591887e-9, 4.3016860651792716e-8, 0.24906466328600038, 8.46906988724227e-9, 4.121392193624274e-9, 3.164921923624296e-8, 6.327986194160036e-8, 0.24906475259887548, 0.24906476595741173, 0.24906464048044546, 2.1479496386587825e-8, 0.24906477379737904, 0.24906478271399246, 0.5018706090790918, 0.48859817696123614, 3.2497308131557645e-8, 0.41391380579528186, 0.2490654361203163, 1.4537784792541284e-8, 1.1457990942656494e-8, 1.9085830800741826e-6, 7.3387295119664135e-9, 1.4417391237477682e-9, 1.9836121454632714e-8, 0.24906478825134312, 0.24906478737128585, 0.24906473696699935, 1.93123874306845e-9, 1.3626814693793074e-7, 0.24906466647021022, 2.2251412726042434e-9, 5.863583566747417e-9, 0.4335013254449998, 3.122993468946742e-8, 4.051655931503872e-9, 3.770620015292292e-9, 8.697044885628046e-9, 0.24906460584104317, 1.5953514305242665e-9, 0.24906458984265437, 0.24906460254106955, 4.141740468729393e-9, 0.24906461100880653, 0.2490645984632018, 7.889491496890233e-9, 0.24906461267841917, 3.3345092253144056e-9, 8.315117838659477e-9, 1.907875830480088e-6, 1.4060837838911199e-8, 0.6629785336779526, 1.5622440222771397e-6, 9.942782678844578e-9, 7.076492717125901e-9, 1.0588609005670066e-8, 0.43350132497842175, 2.7840650956823815e-9, 0.2490647672555364, 0.24906466464850932, 1.9069768861220353e-6, 3.121687480479806e-9, 3.2842156697831277e-9, 0.09648001058033148, 0.2490647910943696, 2.786429578579411e-9, 2.342471048904463e-9, 2.966762474266995e-9, 6.6841168813281e-9, 6.874618344369005e-9, 1.48088024921811e-9, 0.24906475915781986, 6.550735420123506e-9, 1.8946881947624135e-6, 0.13386314603941876, 4.534217813475142e-9, 1.6322530178334736e-9, 1.8646366472265573e-9, 4.987276952188156e-9, 2.7111921708364723e-9, 0.24906477378235337, 0.24906441131133822, 1.9085674208254232e-6, 0.24906462167532428, 6.860752265082585e-9, 0.24906477317519427, 0.24906463981483154, 3.0435202412218443e-9, 1.9045343448552155e-6, 1.9095725114079084e-6, 2.355291653939168e-9, 2.7775490980393573e-9, 1.8938719048288035e-6, 1.0910091902778034e-8, 1.8970582225479163e-6]
v_opt: [0.7376629210317851, 0.7509352500332073, 0.5639038835561542, 0.06203342538874967, 0.017919386811962885]
solution time: 0.014091014862060547
McCormick lower bound: -6.856341022445468

