x_opt: [0.7908404331854328, 0.3148389281169393, 0.7908404397252007, 0.20915836906640026, 0.7908404390500321, 0.209158314394124, 0.7908416773501614, 0.4706995080761499, 0.26668934174813264, 0.20915957558479656, 0.2090947075281958, 0.7333106521923682, 0.2091595733143817, 0.20915832151539013, 0.20915919294328678, 0.3148389309120432, 0.20915832018056, 4.601817431111171e-9, 0.20915831270217702, 0.20915830713737288]
w_opt: [0.7908404310092252, 0.5816808728406797, 9.450150095635615e-9, 5.316927275315874e-10, 0.5241510862101366, 0.20915956906503957, 9.179656874930748e-10, 2.154788229073622e-9, 0.2091583180877863, 2.821022526781261e-9, 7.091408055525393e-10, 0.1056793686345137, 0.10567937317208098, 0.3148389213772855, 0.2091595747473351, 0.2091583200303935, 4.0012916661877675e-9, 0.3148389271152263, 0.20915836584715397, 0.5816821176422446, 0.2615399485837584, 1.8236950906571962e-8, 0.5241510960886789, 0.3148389239998364, 3.098434565537646e-9, 3.8989714876226615e-9, 0.2091583119829503, 1.8460695938913054e-9, 7.982078229608381e-10, 6.444070253459393e-9, 0.20915836789365472, 0.20915836771187551, 0.20915836495650184, 5.809413025995605e-10, 4.4414344947661514e-8, 0.20915831963857412, 8.384493354484595e-10, 1.4354113083153883e-9, 0.2666893411854347, 2.3398943451571517e-8, 1.3919929664233035e-8, 6.388799298497113e-10, 1.3568604301609229e-9, 0.20915830163740476, 5.682239437456468e-10, 0.20915831201088705, 0.2091583113782756, 1.8712054198044872e-9, 0.20915831318430986, 0.20915831017961672, 1.2726532157503853e-9, 0.2091583137418615, 9.136975712097392e-10, 2.9765378985571363e-9, 0.20915831183517908, 2.977211719816247e-9, 0.7333106515097858, 1.420847965748315e-6, 1.698614148490064e-9, 2.9634681061430305e-9, 7.107638743147066e-9, 0.26668934081041357, 1.0132350618881142e-9, 0.2091591901490207, 0.20915831894859982, 0.20915831130509221, 1.8955140008713353e-9, 6.285602225021439e-10, 1.2644046485391458e-9, 0.20915957253604936, 1.1274360126434995e-9, 9.151174561853179e-10, 1.010738164423646e-9, 1.2130300866533535e-9, 1.3790496320084499e-9, 5.32353623514918e-10, 0.20915957261214868, 2.949047393374939e-9, 0.2091583086968699, 0.20909470684979686, 1.3416441307760393e-9, 6.20805626391996e-10, 6.181912595752375e-10, 1.7948121718075872e-9, 8.435442091288821e-10, 0.20915919222176838, 0.2091595571595455, 0.20915830569269142, 0.20915831064427987, 1.5750338185955364e-9, 0.2091591916451137, 0.20915831712788738, 1.6212048182204736e-9, 0.20915831155695694, 0.2091583063722831, 8.272793652025625e-10, 7.384603821161211e-10, 0.20915830081853465, 3.6605021385175765e-9, 0.2091583046356457]
v_opt: [0.4706995071318008, 0.7908404386790329, 0.6254303163029645, 0.043747796836405776, 0.04372062640905754]
solution time: 0.01250314712524414
McCormick lower bound: -5.514554404891351

