x_opt: [0.789367523368108, 0.3216839388796598, 0.7893675243486901, 0.21063247153207318, 0.7893675227652419, 0.21063247406486196, 0.7893675256729892, 0.46245485347716553, 0.2709590753727522, 0.21063247641868388, 0.19119157950760557, 0.7290409277115385, 0.21063247673473537, 0.21063247407576696, 0.21063245879858095, 0.32168394372442344, 0.21063247038913077, 9.155130460813187e-10, 0.21063245157695895, 0.2106324505859716]
w_opt: [0.7893675230895377, 0.5787350463144284, 4.81107789166178e-10, 2.0825283355505184e-10, 0.5184084512917624, 0.21063247575335245, 2.163087301639327e-10, 6.547937348923414e-10, 0.2106324699748701, 5.360561231212519e-10, 1.9905289297673961e-10, 0.11105146339409558, 0.11105146276528605, 0.32168393774333426, 0.21063247624835088, 0.21063247365610524, 7.942577418974903e-10, 0.32168393871954765, 0.2106324709322698, 0.5787350501518208, 0.25182237800368984, 1.5206603852583926e-9, 0.5184084529098167, 0.3216839426008298, 7.235427744512565e-10, 7.646009068017746e-10, 0.21063245142606987, 4.751359227323836e-10, 1.751216722979486e-10, 9.47514869730082e-10, 0.2106324713051513, 0.21063247121649595, 0.21063247029569773, 1.4057420851669724e-10, 4.19504447061359e-9, 0.21063247024365273, 1.6968882115099099e-10, 2.9765373134770094e-10, 0.27095907525144397, 1.6047575564928233e-9, 3.770261139198159e-10, 1.972450590605373e-10, 3.6605017603074526e-10, 0.21063246767139626, 1.289643255581497e-10, 0.21063247344192898, 0.21063247333889212, 3.907215145003195e-10, 0.21063247370406624, 0.21063247284449946, 3.085173566734819e-10, 0.21063247389106934, 2.0708057616492864e-10, 5.42456021692923e-10, 0.2106324514121679, 5.272210999968746e-10, 0.7290409275270949, 2.3008187524708092e-8, 3.0992562552270436e-10, 3.9502928343511495e-10, 7.675393250591432e-10, 0.2709590751801484, 2.1694322449002172e-10, 0.21063245814854414, 0.21063247014040884, 0.2106324513109887, 3.4881630327763173e-10, 1.6160293417216538e-10, 3.51004233863467e-9, 0.21063247652320732, 2.1835670764489777e-10, 2.0295336248703523e-10, 2.170085131478065e-10, 2.790546248518106e-10, 3.084796615253689e-10, 1.260289382710958e-10, 0.21063247615188363, 5.510513106289541e-10, 0.21063245021197285, 0.19119157937825887, 2.729731338657949e-10, 1.3681084044780258e-10, 1.5435826427564362e-10, 4.695687635484517e-10, 1.8741816844101609e-10, 0.21063245860131663, 0.21063247387013911, 0.2106324502633985, 0.21063246961454338, 3.2146985504552885e-10, 0.21063245851427226, 0.2106324576170113, 2.811250094699188e-10, 0.2106324511779707, 0.21063245041242756, 1.7847561687680332e-10, 1.7734988913261318e-10, 0.2106324497439497, 6.992429864522042e-10, 0.2106324502755372]
v_opt: [0.4624548532994749, 0.789367524108363, 0.6231010935042429, 0.04436604162719388, 0.03655422195198999]
solution time: 0.013842105865478516
McCormick lower bound: -5.447897353206073

