x_opt: [0.7201710250115542, 0.33410456860653515, 0.7201710307485473, 0.1289278653843601, 0.720171024292442, 0.16367445514431084, 0.83632559559319, 0.4076966524319889, 0.2798290515770802, 0.27982896537602764, 0.2535639654015753, 0.7201709351571127, 0.2798289698409831, 0.1636744032789066, 0.27982895108371214, 0.334104603728518, 0.12892785824891995, 1.7720185179777355e-8, 0.16367439724453492, 0.16367414452587872]
w_opt: [0.7201710195392436, 0.4403420520570756, 5.8823880016587856e-9, 3.978369321791919e-9, 0.4403419635316783, 0.27982895648747136, 4.069336493587098e-9, 1.6588034491058438e-8, 0.1289278500977294, 1.0425747222126184e-8, 3.2791943997691123e-9, 0.054275602625563, 0.054275611583496856, 0.3341045440664551, 0.2798289620281436, 0.16367439619628313, 1.3579852561022041e-8, 0.3341045644677153, 0.1289278541788957, 0.5564966288303087, 0.1278676863142803, 1.1438052302220061e-8, 0.4403419792382201, 0.3341045830097513, 1.29298405314443e-8, 1.4919144582882807e-8, 0.1636743940465256, 9.562714805430857e-9, 3.3958131663823603e-9, 1.9659694150979077e-8, 0.12892785989643035, 0.1289278600187246, 0.12892784491652548, 2.5244401377018398e-9, 9.43209587161978e-8, 0.1289278545349702, 3.705560984107666e-9, 5.506239815849499e-9, 0.27982904872035996, 3.3917740725472056e-8, 7.322272985456367e-9, 3.278854524090187e-9, 7.507765013564423e-9, 0.12892781165638278, 2.5656214572242552e-9, 0.16367444614655025, 0.16367444111837465, 8.06334539746205e-9, 0.1636744497130621, 0.16367438961813802, 4.981374631885034e-9, 0.16367445235994968, 3.5238412361171355e-9, 1.0798467202387103e-8, 0.16367439397909686, 1.0214729944083321e-8, 0.7201709318343745, 0.11615507019558546, 6.912036420285811e-9, 1.7303451194722446e-8, 1.4884367363321863e-8, 0.27982904772304446, 4.208676628729181e-9, 0.27982894163907845, 0.12892785219558336, 0.16367439177259838, 6.756849288842411e-9, 2.340316715184316e-9, 4.605814447717524e-9, 0.2798289667970701, 5.136848969292207e-9, 3.5973395282081987e-9, 4.379798479166219e-9, 5.061728013762845e-9, 5.66042836659356e-9, 2.5812239100876184e-9, 0.27982896092459636, 8.359308706806624e-9, 0.16367437500697818, 0.2535639624876265, 5.123206130527637e-9, 3.070380154460841e-9, 2.8730560394344592e-9, 8.581474822413446e-9, 3.408546112999193e-9, 0.27982894779318135, 0.2798289125070973, 0.1636741385038617, 0.1289278473467873, 6.519505672787456e-9, 0.2798289457848791, 0.12892783976442967, 5.945149243402331e-9, 0.1636743923093028, 0.16367414146353212, 3.4756997170786023e-9, 2.9894534898371185e-9, 0.12892784815643235, 1.3783393036055633e-8, 0.16367413981387197]
v_opt: [0.40769664842312653, 0.7201710258399343, 0.5186468093039013, 0.07830427475959224, 0.06429473307626461]
solution time: 0.013063192367553711
McCormick lower bound: -6.059408846071872

