x_opt: [0.8095267831729617, 0.1311451043845455, 0.8688561377916753, 0.13114213263578917, 0.741423550655658, 0.25857271845605184, 0.8095583475597393, 0.8515175788241868, 0.48561884255171717, 0.13114415866290524, 0.1484808632528344, 0.5143811252176097, 0.2585735537409951, 0.19044164748795314, 0.19047483572888924, 0.25857297509304256, 0.13114208629548493, 3.012844740846078e-8, 0.1311425445798062, 0.13114256204345065]
w_opt: [0.809526774353651, 0.5509503368101482, 1.709067265447428e-8, 1.2634744212999105e-8, 0.32390791229885657, 0.2585735118004853, 1.320263411459846e-8, 2.0298801371260903e-6, 0.131142076718807, 2.02555321361266e-8, 9.556773290185343e-9, 1.2456236871160236e-6, 6.038666079239486e-8, 0.1311450491272614, 0.13114414995157253, 0.13114507761635763, 1.3233143005478278e-7, 0.13114509918457798, 0.13114210742609478, 0.678414490693058, 0.7203737266951182, 3.0680426540945857e-7, 0.383237300898754, 0.2585729471339184, 2.904704734062736e-8, 2.6434887258914545e-8, 0.13114253975040363, 1.806358143958617e-8, 4.576952506141285e-9, 5.4638155593653784e-8, 0.131142122928852, 0.1311421187939434, 0.1311420389194795, 7.928671475175017e-9, 2.8685748705340734e-7, 0.13114206460150044, 7.262005631883046e-9, 2.1733155776005165e-8, 0.48561884081111717, 4.064921320472928e-8, 5.526802256076096e-9, 1.2881034256684241e-8, 1.0421979668314689e-8, 0.1311419667288062, 7.786061236947459e-9, 0.2585726933757861, 0.2585726699029469, 1.525881633590833e-8, 0.2585727095633008, 0.1904415820832144, 1.7352286506611386e-8, 0.25857270467100923, 1.1440150511934832e-8, 1.9409180475157217e-8, 0.13114253356226718, 1.6972408778870855e-8, 0.5143811128115832, 0.06813220833187998, 1.0996578329960778e-8, 2.4397422330106394e-8, 4.519791723965021e-8, 0.4856188355298124, 1.2397874887848893e-8, 0.1904748036266056, 0.13114207622968008, 0.1311425378476982, 7.153469103224198e-9, 7.944969466313173e-9, 2.579374489726062e-7, 0.25857354575304403, 1.2400040209225573e-8, 6.626285214594286e-9, 9.900608180527124e-9, 3.088140836805511e-8, 3.154994033111959e-8, 8.241224609026807e-9, 0.1311441511383053, 1.6756875447882216e-8, 0.13114250242436137, 0.14848085724019902, 1.1321059661473944e-8, 8.061441661759452e-9, 1.4538702984731758e-8, 1.3008026481933551e-8, 6.472139664074997e-9, 0.1904748331504927, 0.25857242791750257, 0.13114255440023886, 0.13114204249223418, 1.0945555330742104e-8, 0.19047483031242576, 0.13114202863228355, 9.750184383629769e-9, 0.13114253768687725, 0.1311425549447516, 6.462719192834306e-9, 7.248970831969119e-9, 0.13114206032677947, 2.6017410431421533e-8, 0.131142529043079]
v_opt: [0.8515175761547807, 0.8688561327217355, 0.5497088841397783, 0.017199132281124057, 0.02204661706400282]
solution time: 0.03839898109436035
McCormick lower bound: -4.2243284173394136

