x_opt: [0.6559241057016887, 0.3440768202538745, 0.655924102199778, 3.145833729199457e-7, 0.6559240013779396, 0.14115681133180835, 0.8660396428420899, 0.39329789230309536, 0.34407602028708945, 0.34407582983099894, 0.28009095085662333, 0.6559239385464642, 0.34407598664165495, 0.13396034389288147, 0.3440759814085815, 0.34407709244385765, 3.120574310199347e-7, 3.112447540855484e-8, 0.13396029545969798, 0.13395976363014842]
w_opt: [0.6559240983172383, 0.31184811031315407, 4.517378574742505e-9, 5.491882879811808e-9, 0.31184804778355235, 0.3440759716185855, 5.3457182908043075e-9, 1.1863408089740258e-7, 3.024333135218154e-7, 2.011946881590057e-8, 3.735470762504877e-9, 9.252695406602362e-7, 8.317165885229247e-7, 0.3440767689845717, 0.344075827326822, 0.13396033473397068, 2.5417237703681655e-8, 0.34407681756958813, 3.021448450778749e-7, 0.5219637484058212, 0.049221998219958665, 3.901357797190558e-9, 0.3118480577361871, 0.34407706793355747, 2.2340819140110585e-8, 2.7517285239664977e-8, 0.1339602910543637, 1.8781350679028237e-8, 3.5185741901948325e-9, 2.825327786278978e-8, 3.0571593749183687e-7, 3.0913729216568504e-7, 2.843864078800017e-7, 3.1263675449308832e-9, 7.210692745872197e-8, 3.0646672735898914e-7, 5.685417931993308e-9, 7.245575905023481e-9, 0.3440760157789547, 3.3418598019513085e-8, 4.095338056319674e-9, 4.285614233600793e-9, 1.0619559223195921e-8, 2.7095043830095105e-7, 3.8463808253834854e-9, 0.14115680010969694, 0.14115676672013472, 1.1325627996368233e-8, 0.14115680586796742, 0.13396031250300955, 6.835491467690349e-9, 0.1411568081789129, 4.254625336183109e-9, 2.061127010223235e-8, 0.13396029150606667, 1.4079797155012782e-8, 0.6559239338674809, 0.21011671469111975, 7.302963779113287e-9, 1.328931958907874e-7, 2.9270164919780858e-8, 0.344076015775744, 5.6432092691024965e-9, 0.34407597217725217, 3.0180178401432325e-7, 0.1339602885769487, 7.407607180630153e-9, 2.5429721314839378e-9, 4.649360988242604e-9, 0.34407598393021654, 9.927145620225281e-9, 4.122155413522751e-9, 7.477082378982407e-9, 8.057894409387214e-9, 9.364624866197125e-9, 3.4357854625221682e-9, 0.3440758277665124, 8.824752474948614e-9, 0.13396026621769436, 0.2800909473253061, 8.255814415709938e-9, 4.92307104723776e-9, 4.017692497672267e-9, 1.0810978088747536e-8, 4.429158886866528e-9, 0.3440759767759877, 0.3440759596245821, 0.1339597569896951, 2.9752667557942136e-7, 9.648421191409528e-9, 0.34407597719977456, 2.7922135789173075e-7, 9.507713639638544e-9, 0.13396029055029232, 0.13395975941388363, 4.327927639998121e-9, 3.753288411640029e-9, 3.0254990969417585e-7, 2.619263755067635e-8, 0.13395975800959153]
v_opt: [0.39329788711811414, 0.6559240965035944, 0.43023632942018253, 0.11838818469066399, 0.07845101180170817]
solution time: 0.01385498046875
McCormick lower bound: -6.408234560349312

