x_opt: [0.7990784403970557, 0.20092159490274691, 0.7990784414351766, 0.2009215549825419, 0.7990784369988292, 0.2009215595527577, 0.7990784408592166, 0.5456490683592916, 0.2821652411760027, 0.20092155969564843, 0.19465963438500647, 0.7178347709004845, 0.2009215618352565, 0.20092155856920793, 0.20092155069485643, 0.3359425125853561, 0.20092155442582674, 8.242863267361168e-10, 0.20092154520489092, 0.20092154434720785]
w_opt: [0.7990784400991047, 0.5981568772151638, 4.5750627660171703e-10, 1.325300319953777e-10, 0.5169132114526185, 0.20092156098195446, 2.5101910078012184e-10, 5.900975352123147e-10, 0.20092155408640555, 5.05671695356659e-10, 1.706757433708823e-10, 3.647042183899434e-8, 3.2961715532613126e-8, 0.20092159394516473, 0.2009215595061607, 0.20092155823431154, 7.120596050094447e-10, 0.20092159478174604, 0.20092155446708024, 0.5981568824125414, 0.34472750995253165, 1.7669419045743467e-9, 0.5169132130642954, 0.3359425116868641, 6.010157190545619e-10, 6.996402197517702e-10, 0.20092154508091242, 4.742884892289396e-10, 1.377459004598175e-10, 7.595127064463013e-10, 0.20092155479061255, 0.2009215547432218, 0.2009215538242313, 1.2354721180533433e-10, 3.112965298582649e-9, 0.20092155429786165, 1.489927244300113e-10, 2.624985663308236e-10, 0.2821652410797151, 1.1972249393370385e-9, 2.360863162895278e-10, 1.7787429970409894e-10, 2.986037492652983e-10, 0.20092155214034946, 1.1622890459897633e-10, 0.20092155902483855, 0.2009215589277938, 3.3332951600073483e-10, 0.20092155919332583, 0.20092155749493243, 2.68417117355151e-10, 0.20092155940877454, 1.8951485149797652e-10, 5.066811052445915e-10, 0.20092154505981816, 4.204017097211428e-10, 0.7178347707443904, 1.8744854790947296e-8, 2.2722160425620207e-10, 3.444696546584641e-10, 8.109838624296216e-10, 0.2821652410108779, 1.8651832992826865e-10, 0.20092155012532278, 0.2009215542168409, 0.20092154499331183, 2.702682651473169e-10, 1.474263169284562e-10, 1.2599702348530418e-8, 0.20092156165967523, 2.0025978841714397e-10, 1.7221177084968654e-10, 1.92011534533528e-10, 2.667553241019004e-10, 2.829162048775132e-10, 1.1267155588762124e-10, 0.2009215594332019, 4.3688685587594733e-10, 0.20092154412739607, 0.19465963415379167, 2.4907439811350047e-10, 1.2013320879327553e-10, 1.445508109786237e-10, 4.0162539158815113e-10, 1.6083312257579575e-10, 0.2009215505391131, 0.2009215593151116, 0.2009215440900958, 0.2009215535843757, 2.7390932564163835e-10, 0.20092155046534302, 0.20092154915774638, 2.5040306765660943e-10, 0.20092154489605188, 0.200921544183208, 1.5009286258404623e-10, 1.5714879006222612e-10, 0.20092154355513725, 6.483759793156086e-10, 0.200921543697054]
v_opt: [0.5456490682190476, 0.7990784412505454, 0.6385263501985737, 0.04036947331614156, 0.03789238122608187]
solution time: 0.04117989540100098
McCormick lower bound: -5.2068958256759155

