x_opt: [0.6523965206542296, 0.35506435174407325, 0.6523965213276953, 2.2023596845862774e-7, 0.6523965211764793, 0.13739228251612814, 0.8626077257722904, 0.377114205459555, 0.3476034825801748, 0.3476034779333526, 0.25787697229418566, 0.6523965152854392, 0.34760347850715484, 0.13739227431433249, 0.3476034769186372, 0.3550643539667849, 2.1955766549112626e-7, 1.9585231565668055e-9, 0.1373922729438168, 0.13739218807490336]
w_opt: [0.6523965201754383, 0.30479304248145844, 6.163270472977494e-10, 4.767698495629485e-10, 0.3047930363271101, 0.3476034770483437, 4.4329654858649645e-10, 1.7428922664823188e-9, 2.1862461447517324e-7, 1.130664087527894e-9, 3.7645340907887025e-10, 0.007460873455176235, 0.0074608752770434425, 0.3550643490870373, 0.3476034775965474, 0.1373922734698049, 1.446463247409495e-9, 0.3550643512565098, 2.1903863141625146e-7, 0.5150042473949927, 0.029510727134899356, 9.965584589788698e-10, 0.304793038047426, 0.3550643516957191, 1.4847325944199609e-9, 1.64785282886036e-9, 0.1373922725786228, 1.1164214886981008e-9, 3.8482731206056234e-10, 1.876148995892692e-9, 2.1961244611905643e-7, 2.1963623442431557e-7, 2.1801593603050723e-7, 2.8568709165701165e-10, 7.985203089818974e-9, 2.1913995088553866e-7, 4.3104776623890185e-10, 6.177039737642729e-10, 0.34760348223568555, 3.587281371222808e-9, 9.633509983840542e-10, 3.742925283792441e-10, 9.561386280862757e-10, 2.1513810581277334e-7, 2.921373894746654e-10, 0.1373922814846206, 0.13739228097412326, 8.995375264665764e-10, 0.1373922818797138, 0.1373922729440862, 5.664577779819744e-10, 0.13739228220046393, 3.935714062540214e-10, 1.1757352953437723e-9, 0.13739227257439962, 1.1418862244035946e-9, 0.6523965148975613, 0.2102112320433367, 8.862042824398219e-10, 1.5746642417807485e-9, 1.690834144118841e-9, 0.3476034821525394, 4.874524592707578e-10, 0.34760347585404827, 2.1883782834260273e-7, 0.1373922722932331, 7.613718813053579e-10, 2.6538998127039015e-10, 4.78627042869878e-10, 0.34760347815218123, 5.993634688003257e-10, 4.122889952089671e-10, 5.03479078197004e-10, 5.655161441617497e-10, 6.311747588441451e-10, 3.0220255834750684e-10, 0.3476034774686587, 9.011275985118146e-10, 0.1373922704393279, 0.25787697200134785, 5.749515264748159e-10, 3.580855748906837e-10, 3.271132696142733e-10, 1.04552080472754e-9, 3.995725978986954e-10, 0.3476034765288588, 0.34760347165690164, 0.13739218735474468, 2.1836713314019707e-7, 7.689574682477605e-10, 0.34760347631397115, 2.1752465160338285e-7, 6.632005271016663e-10, 0.1373922723715628, 0.1373921877523922, 4.0237923868530967e-10, 3.418725835909367e-10, 2.1845714223713732e-7, 1.5117408253374957e-9, 0.13739218758611832]
v_opt: [0.3771142049913568, 0.6523965207399995, 0.4256212240686157, 0.12082817925288505, 0.06650064662392213]
solution time: 0.014306068420410156
McCormick lower bound: -6.647147626812962

