x_opt: [0.7680040143798998, 0.285031801543104, 0.7680040164846025, 1.582414942731355e-7, 0.7680039933638904, 0.23199598088219392, 0.7680040463754514, 0.5903275981910988, 0.41558512421596716, 0.2319959821829314, 0.23199594898806997, 0.584413439437439, 0.2319959915465751, 0.23199593788561299, 0.23199597137095865, 0.28503294351758884, 1.474884408191921e-7, 6.9646538304503666e-9, 0.23199593557463857, 0.23199592630958132]
w_opt: [0.7680040108443975, 0.5360080082309133, 3.1397321623278235e-9, 1.4287161410094405e-9, 0.3524174545639169, 0.231995984873528, 2.8776685145486606e-9, 1.480221673095782e-8, 1.4488283639201794e-7, 4.75199016816278e-9, 6.408549250226906e-10, 0.05303581879575726, 0.0530358132012736, 0.28503178556431347, 0.23199598140100552, 0.23199593590135595, 1.108816710471021e-8, 0.2850318002048444, 1.542554370819034e-7, 0.5360080635627236, 0.3583316159374559, 9.795385826553103e-9, 0.35241746191085305, 0.2850329340720015, 8.128872225126473e-9, 6.021803053889718e-9, 0.23199593447432879, 1.1918697796419713e-8, 8.38862738480855e-10, 1.4097693282363988e-8, 1.5548883095128064e-7, 1.562030246280269e-7, 1.428242139459666e-7, 7.688615130743926e-10, 3.665233980561051e-8, 1.4656080848182678e-7, 9.529881642747061e-10, 1.715343278713815e-9, 0.41558512315211377, 2.6313593294115077e-8, 2.0727491762822313e-9, 1.186453488515324e-9, 3.3545471563558537e-9, 1.3029955218099348e-7, 1.3599079034065372e-9, 0.23199597852183027, 0.23199597450774584, 4.825773153193522e-9, 0.23199597936234637, 0.23199592564140575, 2.2930008821293267e-9, 0.231995980303789, 1.2704526927742741e-9, 4.854217228307346e-9, 0.23199593448368694, 4.591005031156819e-9, 0.5844134383727939, 6.783064775480172e-7, 2.2210715955314315e-9, 1.900782163091063e-8, 1.1920546293642274e-8, 0.4155851225723466, 1.5302153656140824e-9, 0.23199596594695343, 1.4525224083947115e-7, 0.23199593417691272, 2.751583090381638e-9, 6.539362644592072e-10, 9.826689552199952e-10, 0.23199599092549825, 3.1380217423501254e-9, 1.0246304426654389e-9, 1.611737692668995e-9, 3.3518912944963928e-9, 3.9196711216908635e-9, 7.955542522924123e-10, 0.23199598052057302, 4.107242877835144e-9, 0.23199592751506984, 0.23199594790949074, 2.2342682303111814e-9, 1.2952430769363143e-9, 1.1700378212173998e-9, 2.628439723637988e-9, 9.15185010317263e-10, 0.2319959708235614, 0.23199598028166085, 0.23199592488197168, 1.3730267513052016e-7, 2.2303907797385745e-9, 0.23199596970716238, 1.3745034633994994e-7, 2.6630818748225677e-9, 0.23199593433252122, 0.23199592514674372, 1.1660780022146838e-9, 8.416682345423993e-10, 1.429889081718894e-7, 5.901758666354008e-9, 0.2319959168158203]
v_opt: [0.5903275969613238, 0.7680040155260559, 0.5898301350596602, 0.0538221361117652, 0.05382212101967889]
solution time: 0.013817071914672852
McCormick lower bound: -4.318668344721986

