x_opt: [0.8202768878907606, 0.20382118932100102, 0.8202768924512679, 0.17972310277480621, 0.8202768852772583, 0.17972309456818902, 0.8202768991663153, 0.8202800119789388, 0.5898392557441108, 0.1797231108312256, 0.16943711683851742, 0.8061086133929892, 0.17972311150076875, 0.1797231000254173, 0.17972303023776906, 0.203821223767369, 0.1797230967781456, 3.818526092776568e-9, 0.17971998148046078, 0.17971997433726283]
w_opt: [0.8202768868610206, 0.6405537738049524, 1.7910901622981714e-9, 9.315736520189016e-10, 0.6263855021103377, 0.17972310756033394, 8.701811380719443e-10, 2.4886828691498257e-9, 0.17972309508223075, 2.2021958281230572e-9, 8.570681054832504e-10, 0.02409808244183724, 0.024098078692102613, 0.20382118507836056, 0.17972310988481272, 0.1797230982235678, 3.0326807894224533e-9, 0.2038211886800642, 0.17972310035072933, 0.6405537921904882, 0.6405569051874827, 6.365341920068427e-9, 0.6263855092846198, 0.20382121964623753, 2.9895885558798936e-9, 3.1859821575051946e-9, 0.1797199808439419, 1.7828565115419678e-9, 7.292095367815306e-10, 3.286708506826579e-9, 0.17972310183766685, 0.17972310140536465, 0.17972309717170212, 6.189454170578535e-10, 1.552700348698562e-8, 0.17972309617525753, 7.216300584917668e-10, 1.2833168001985042e-9, 0.5898392552293311, 5.3061816204990705e-9, 1.2588748914363378e-9, 8.791608397158818e-10, 1.48940308102209e-9, 0.17972308540322574, 5.436703305911579e-10, 0.17972309181113133, 0.17972309168885772, 1.5356456496840021e-9, 0.1797230929836448, 0.17972309138493964, 1.280742522365272e-9, 0.17972309378058327, 8.984202962928536e-10, 2.224489801210087e-9, 0.17971998075497558, 1.955112238062477e-9, 0.8061086125901052, 9.561090485309616e-8, 1.1756444451154588e-9, 1.4512063359930724e-9, 2.6940057099806365e-9, 0.5898392549353617, 9.142885897051418e-10, 0.17972302756583422, 0.17972309574044376, 0.1797199803960433, 1.568186624931463e-9, 7.448352644631957e-10, 0.3959478706794565, 0.1797231105610675, 8.985411475209352e-10, 8.579367852818362e-10, 9.091994809232174e-10, 1.2014186787151057e-9, 1.2586888711846273e-9, 5.548541008297966e-10, 0.1797231092834409, 2.0840696664148638e-9, 0.17971997593395872, 0.16943711612449303, 1.1152865377816737e-9, 5.831136895844635e-10, 6.878139299050387e-10, 1.9727495036389777e-9, 7.957932912337297e-10, 0.17972302934711926, 0.1797231004700739, 0.1797199729600328, 0.1797230921923657, 1.3149126690792467e-9, 0.1797230290656317, 0.17972302606886176, 1.141290311243636e-9, 0.17971997990023683, 0.1797199735895967, 7.454423446242481e-10, 7.80239843473309e-10, 0.17971997168623977, 2.88696708337846e-9, 0.17971997340803783]
v_opt: [0.8202800112606193, 0.8202768914369791, 0.6728542561651946, 0.032300463872689644, 0.028709203205502347]
solution time: 0.013916969299316406
McCormick lower bound: -5.479696313867623

