x_opt: [0.7892218363432387, 0.21077817147406183, 0.8140884201024626, 0.18591157864493746, 0.7892218335479897, 0.21077816527794468, 0.7892218360097545, 0.6131027016313012, 0.32394581718152193, 0.18591157996534274, 0.2107751171025745, 0.6760541832276602, 0.21077816570238983, 0.21077816347057635, 0.18591158007257041, 0.30460147212635474, 0.18591157830979296, 6.494060284022705e-10, 0.1859115797981546, 0.1859115794497683]
w_opt: [0.7892218362243014, 0.5784436698402566, 1.7267359328269816e-10, 1.354670231175723e-10, 0.4652760196874534, 0.21077816501869293, 3.806803678487098e-10, 4.611798018874419e-10, 0.1859115780262822, 3.8346717219815444e-10, 9.694371832076411e-11, 0.02486659170745129, 7.25441271226432e-9, 0.21077817069140725, 0.18591157981399412, 0.21077816324358245, 5.71322432976398e-10, 0.2107781713498653, 0.18591157818662607, 0.6033102562142908, 0.42719112193240544, 6.250115191766135e-10, 0.4901426038917342, 0.3046014713180638, 5.047118431717251e-10, 4.913350905200968e-10, 0.18591157965629873, 4.772190630601787e-10, 1.3799950983610226e-10, 8.1382241164525e-10, 0.18591157842840172, 0.18591157846207915, 0.18591157728194163, 1.0662826137227048e-10, 3.0852044806164764e-9, 0.18591157815295684, 1.2944733803119386e-10, 2.0570053587413327e-10, 0.32394581709027864, 9.064655392899768e-10, 1.880539453917003e-10, 1.273923874874302e-10, 2.071873088601664e-10, 0.1859115761917643, 1.0531967190370591e-10, 0.2107781649878916, 0.21077816459924179, 3.4545100346384755e-10, 0.21077816498434238, 0.2107781627796516, 1.678007589000254e-10, 0.21077816515407566, 1.509364919290561e-10, 3.9408989984863484e-10, 0.1859115796658598, 2.9188972082379693e-10, 0.676054183107316, 2.8159020604386596e-8, 1.8667096486429791e-10, 2.357237804957901e-10, 6.594497510723302e-10, 0.3239458169885391, 1.5240343419539988e-10, 0.18591157955775403, 0.18591157811851675, 0.18591157962540947, 2.512610298668521e-10, 9.465892733358056e-11, 6.409868630025965e-10, 0.21077816555704562, 1.8559296734544897e-10, 1.3267047681917269e-10, 1.6295098709568181e-10, 2.192943982328673e-10, 2.37446343938068e-10, 9.910898544370507e-11, 0.18591157981877104, 3.7070109764069675e-10, 0.18591157761371507, 0.2107751168339222, 1.7822145486226223e-10, 1.1152063645685457e-10, 1.3836226791178286e-10, 2.699397846663999e-10, 1.1401420676965502e-10, 0.18591157994906363, 0.21077816365943333, 0.18591157926397864, 0.18591157760594149, 1.8376197325903049e-10, 0.1859115798348936, 0.18591157727543142, 2.445343926972876e-10, 0.18591157948873357, 0.18591157932156469, 1.1542498369080116e-10, 1.1685449751351354e-10, 0.18591157783251205, 4.702982657209019e-10, 0.18591157926903748]
v_opt: [0.6131027014754857, 0.8140884199613031, 0.6228711655503243, 0.03456312980589495, 0.044426166611178354]
solution time: 0.01588296890258789
McCormick lower bound: -3.762705713137064

