x_opt: [0.7485418515932636, 0.3455721393290378, 0.7485418532911516, 2.9023678811356994e-8, 0.7485418539392186, 0.2491128782839013, 0.7508871268814407, 0.40493707595856204, 0.2514581507131466, 0.25145814633611324, 0.2514581429947878, 0.5328433052284528, 0.2514581459221191, 0.249112872243504, 0.25145814419353313, 0.3455721419658985, 2.741133496348732e-8, 2.5769083561900608e-9, 0.24911287492625872, 0.24911287281589123]
w_opt: [0.7485418511053155, 0.49708370618338277, 7.36191851241778e-10, 6.885458453428954e-10, 0.28138515728423347, 0.25145814395717664, 7.484303124187535e-10, 2.770692140539481e-9, 2.623141684644961e-8, 1.5153025654310025e-9, 4.17751879839837e-10, 0.09411399311334391, 0.09411399709633039, 0.34557213550762544, 0.2514581452346366, 0.24911287126038728, 2.24688217362817e-9, 0.3455721385598705, 2.7409587135288035e-8, 0.49942898058223156, 0.15347892980189526, 1.1745308715407405e-9, 0.28138516039268746, 0.34557213895402744, 1.9384738299513623e-9, 2.0659919801664258e-9, 0.24911287432455612, 1.4928082479217594e-9, 5.299413758521554e-10, 2.784220063679827e-9, 2.793640411574184e-8, 2.833528226392617e-8, 2.56747248132231e-8, 4.023002553648665e-10, 7.62410305484468e-9, 2.6833826798300195e-8, 6.049725867039727e-10, 8.38456806142964e-10, 0.251458150207581, 6.730674506143618e-9, 1.2148117168156531e-9, 4.967142387281487e-10, 1.2157555549549301e-9, 2.2620601383606673e-8, 4.566955357952287e-10, 0.2491128771439554, 0.24911287570203083, 1.3976930177182992e-9, 0.24911287755940612, 0.24911287024721962, 6.965924588100189e-10, 0.24911287786251737, 5.320357460102846e-10, 1.558993160186872e-9, 0.24911287429389917, 1.35343236076544e-9, 0.5328433047032632, 0.0023453140209522285, 8.758527792768887e-10, 3.863476355675998e-9, 5.189634352947781e-9, 0.25145815002275523, 6.732294573863099e-10, 0.2514581426793477, 2.6332716039394272e-8, 0.24911287410018115, 1.0022156360682032e-9, 3.222457593240688e-10, 5.076721259758163e-10, 0.25145814547413525, 1.0368862917929722e-9, 5.183154741256979e-10, 7.249459820421751e-10, 8.744710924084078e-10, 9.840644164846229e-10, 4.221497720146834e-10, 0.25145814487619494, 1.128785279767553e-9, 0.24911287102201712, 0.2514581424543118, 7.48101130709684e-10, 5.674711952760831e-10, 4.859607354924859e-10, 1.0553159660691187e-9, 4.801347978486403e-10, 0.25145814371805425, 0.2514581356656918, 0.2491128719942717, 2.5521208786485815e-8, 9.366373803319535e-10, 0.2514581433260597, 2.455076643506207e-8, 9.779573149403472e-10, 0.24911287426561354, 0.24911287238735777, 5.092531020970955e-10, 4.339517423349049e-10, 2.6132351649489923e-8, 1.9373916132088553e-9, 0.24911287203357896]
v_opt: [0.40493707523684436, 0.7485418525875183, 0.5603149108768838, 0.06323140401108843, 0.06323131791736568]
solution time: 0.018848896026611328
McCormick lower bound: -5.195878467593369

