x_opt: [0.6378365480050996, 0.36216445398967734, 0.6378365506921508, 9.99446873592332e-7, 0.637836551424564, 0.15434068491975483, 0.8789606440930152, 0.36245384218509114, 0.36216346597259047, 0.3621634365111118, 0.22261398617661302, 0.6378365266172241, 0.3621634359169154, 0.12103936311459386, 0.3621634265831949, 0.3621644777455186, 9.91269258142505e-7, 1.4604764450444367e-8, 0.12103925991252534, 0.11159177872780833]
w_opt: [0.6378365404080648, 0.2756731018665113, 4.391043163675487e-9, 3.4157109150679513e-9, 0.27567307750639863, 0.36216342519876044, 3.0791691506937654e-9, 1.4345565503002957e-8, 9.846167086652058e-7, 8.648066103457835e-9, 3.1681166803277324e-9, 1.0072677497412473e-6, 1.0199714016581208e-6, 0.36216443059070175, 0.3621634334962642, 0.12103935690342324, 1.0449280881808613e-8, 0.36216445063083763, 9.908399572147367e-7, 0.5167971967045453, 0.00029039499488132264, 9.345318497566424e-9, 0.2756730882482703, 0.3621644611573094, 1.1604656048460707e-8, 1.2675798016437312e-8, 0.12103925761728813, 9.756372886303973e-9, 2.667495355172471e-9, 1.5022268648636536e-8, 9.95420382197433e-7, 9.94945003687794e-7, 9.836309237231013e-7, 1.936250980985378e-9, 1.0504334552340792e-7, 9.880167848728048e-7, 2.956847947156282e-9, 4.393088835208377e-9, 0.3621634636776964, 3.0249914928991e-8, 1.2202270983624619e-8, 2.66168940137261e-9, 1.0308824319657671e-8, 9.556872921344301e-7, 1.897889478830363e-9, 0.15434067651182723, 0.15434067490797876, 5.988001839732179e-9, 0.1543406802607427, 0.1210393480551019, 4.2371058392321515e-9, 0.15434068279141325, 2.772637912504972e-9, 9.000225499754382e-9, 0.12103925769886933, 1.0276671870531366e-8, 0.6378365239735669, 0.24112453217499155, 1.185014841987454e-8, 8.140513315674393e-9, 1.811322202680788e-8, 0.3621634633501375, 3.3983042698778005e-9, 0.36216342028106435, 9.864622714189262e-7, 0.12103925533211618, 5.780069763047003e-9, 1.94639114512174e-9, 4.272319776743747e-9, 0.36216343300561016, 3.894171682062896e-9, 2.9499988443848453e-9, 3.4554952823418686e-9, 3.898744340084529e-9, 4.307713731081994e-9, 2.1698078589349615e-9, 0.3621634313781862, 6.875434505202309e-9, 0.12103924382758882, 0.22261398410470631, 4.357605556348812e-9, 2.40173120556849e-9, 2.295992039264584e-9, 9.661462454411697e-9, 2.939750953889961e-9, 0.3621634236405132, 0.3621633804842447, 0.11159177332088406, 9.83360316653e-7, 6.211403861761237e-9, 0.3621634225946515, 9.770974788002669e-7, 4.594327887552947e-9, 0.12103925588343514, 0.11159177555567443, 2.935627762599953e-9, 2.4339638311991505e-9, 9.824309638948478e-7, 1.1689394909450123e-8, 0.11159176948734362]
v_opt: [0.36245383913257173, 0.6378365464449217, 0.40683554541982553, 0.13116236175247784, 0.049556990756923276]
solution time: 0.013757944107055664
McCormick lower bound: -7.657147497882566

