x_opt: [0.7464906046729928, 0.25350939357051316, 0.7464906077014958, 3.995939982018844e-6, 0.7464905983132727, 0.25350939595514715, 0.7464906079672996, 0.6984613257258003, 0.4632712359920164, 0.25350939164349584, 0.23229785965266336, 0.5367287640710883, 0.2535094010398696, 0.2535093920348454, 0.2535093995320758, 0.2535094025732046, 3.995879333312109e-6, 9.098038756029327e-10, 0.13850588375286269, 0.13850588290211624]
w_opt: [0.7464906045302413, 0.4929812030939821, 2.532920622450958e-10, 2.680050151908134e-10, 0.28321936889902327, 0.25350940024162105, 2.5532423734895466e-10, 5.385110463846871e-9, 3.995518084673584e-6, 5.520665447864759e-10, 1.809147571832595e-10, 1.3837389193043098e-9, 1.1614498034943016e-9, 0.25350939243291615, 0.2535093919828199, 0.25350939148841095, 1.3867205932063463e-9, 0.25350939340979867, 3.9953932770257625e-6, 0.4929812158488598, 0.4449519336224705, 5.395942203662636e-10, 0.28321937250838347, 0.25350940186705756, 7.074621685498245e-10, 7.454612453974827e-10, 0.1385058835662657, 4.733402482918807e-10, 1.2962684027991196e-10, 8.206611487255888e-10, 3.995621431405225e-6, 3.995686293396335e-6, 3.9943723529762545e-6, 1.7833165986875073e-10, 3.2405945641564133e-9, 3.995596315981926e-6, 2.0995176253072255e-10, 3.9927049755136647e-10, 0.46327123583976726, 8.573603062386848e-10, 1.6899610237242103e-10, 2.518433823503482e-10, 3.2559646317304285e-10, 3.9935896013136945e-6, 1.773443596437475e-10, 0.25350939536263284, 0.2535093951395899, 3.5361253323491693e-10, 0.25350939570441305, 0.25350939129149114, 3.408324160616051e-10, 0.2535093957616991, 2.2662048604750718e-10, 5.298125352886983e-10, 0.1385058834815425, 3.8770158673616995e-10, 0.5367287638115512, 2.57510665424734e-8, 2.857173907383173e-10, 4.2371569236615913e-10, 7.127114151464866e-10, 0.4632712357913709, 2.3224704587620726e-10, 0.2535093989280623, 3.995535281478667e-6, 0.13850588352262555, 2.2974325719397043e-10, 1.5887002591974114e-10, 5.078012014988149e-10, 0.2535094008775175, 3.539639255398957e-10, 1.826021517825668e-10, 2.8206227239036713e-10, 5.193079659764132e-10, 4.978308320361757e-10, 1.7886128480017082e-10, 0.2535093919690979, 3.131029568684667e-10, 0.13850588204146674, 0.23229785935845462, 2.7845603443465804e-10, 2.037860614634709e-10, 2.5571090496352437e-10, 3.646633769880828e-10, 1.7380832504259e-10, 0.2535093993750061, 0.2535093953697831, 0.13850588265426675, 3.995115594058772e-6, 3.2559888810339067e-10, 0.25350939927734445, 3.994499962155154e-6, 2.770938036742523e-10, 0.13850588349074877, 0.1385058826575223, 1.721397359729579e-10, 1.8263355938823568e-10, 3.995405531218456e-6, 7.037332378830343e-10, 0.13850588268929834]
v_opt: [0.6984613255590786, 0.7464906074933263, 0.5572482333326002, 0.06426701250462136, 0.05396230094852667]
solution time: 0.022349119186401367
McCormick lower bound: -4.886968567359986

