x_opt: [0.6631494335072406, 0.33685056879413183, 0.6631494338115138, 0.07685226863046049, 0.6631494331310739, 0.15988495299074473, 0.840115054794736, 0.42218305144015533, 0.33685056715968636, 0.33685056611747793, 0.21999569037999506, 0.6631494326479681, 0.3368505663037984, 0.15988494534947528, 0.33685056579914013, 0.33685056972024763, 0.07685226850079344, 5.754961503256134e-10, 0.09228200927294976, 0.07685227098722328]
w_opt: [0.6631494333707616, 0.32629886711815986, 2.006074617863272e-10, 1.5269085717089788e-10, 0.3262988662724301, 0.3368505658541886, 1.2352406440658912e-10, 5.515648572678289e-10, 0.07685226823322354, 3.349229903937841e-10, 1.274564623318989e-10, 2.7099369477354588e-9, 3.005558834997726e-9, 0.3368505680423481, 0.336850565982424, 0.15988494506747378, 4.675410624933006e-10, 0.3368505686690738, 0.07685226827993523, 0.503264488697803, 0.08533248534921853, 3.5032961194819945e-10, 0.3262988669065822, 0.33685056912484335, 4.441505161148983e-10, 4.892688143483261e-10, 0.09228200917137397, 3.275272838428709e-10, 1.016094497562566e-10, 5.129409450536779e-10, 0.0768522684606009, 0.07685226844121301, 0.07685226795537702, 8.895003652207937e-11, 2.414078434166407e-9, 0.07685226836986715, 1.2420471815975018e-10, 1.9772675566017948e-10, 0.3368505670624341, 8.381083346734033e-10, 1.966136727804599e-10, 1.224776568118541e-10, 2.700998650623283e-10, 0.0768522671025399, 8.655801982340731e-11, 0.15988495262289837, 0.15988495256133609, 2.3861995953677056e-10, 0.1598849527966923, 0.15988494495169753, 1.9039260294688036e-10, 0.1598849528906892, 1.2233361936066665e-10, 3.393858284255037e-10, 0.09228200916168829, 3.300915819035511e-10, 0.6631494325216597, 0.1769656284190461, 3.160566279487479e-10, 2.816772160788345e-10, 4.1269461955295195e-10, 0.3368505670429495, 1.4431079490670252e-10, 0.33685056547732206, 0.07685226829606995, 0.09228200908948866, 1.9799830076735293e-10, 8.916558479728873e-11, 2.0026545805112878e-10, 0.3368505661928929, 1.7040008408921667e-10, 1.2438788210619198e-10, 1.4899998973784698e-10, 1.8163049060115127e-10, 1.9712522503228057e-10, 9.42458400880135e-11, 0.3368505659603151, 2.517536052835024e-10, 0.0922820085155341, 0.21999569017581122, 1.736596093051345e-10, 1.0438343322104604e-10, 1.0510399567035802e-10, 3.229557138956381e-10, 1.2088330537013007e-10, 0.33685056567961574, 0.33685056332591745, 0.07685227077439305, 0.07685226815563426, 2.3675201014797526e-10, 0.3368505656252134, 0.07685226787601718, 1.7746691120835567e-10, 0.09228200908919212, 0.07685227087843344, 1.201775420970535e-10, 1.0689835144594522e-10, 0.07685226811163696, 4.4709140445181656e-10, 0.07685227084885282]
v_opt: [0.42218305131913636, 0.6631494336373628, 0.439767172341788, 0.11346830719442101, 0.04839810491990167]
solution time: 0.015652179718017578
McCormick lower bound: -7.015973262723409

