x_opt: [0.33750621192592395, 0.1145248765605902, 0.88547687779176, 0.1145247103632393, 0.8854751161922795, 0.11452483020711125, 0.8854750941351267, 0.8854751100408086, 0.8854750763292806, 0.11452309290116379, 0.11452486130319241, 0.7638143626828898, 0.11452483043386402, 0.11452487487983481, 0.11452312948996422, 0.37453809276612177, 0.11452465792018535, 1.233975618441811e-8, 0.11452312686045989, 0.11452312382074598]
w_opt: [0.3375062095839829, 0.2229813295352705, 3.4051600889429273e-9, 2.6332228711767007e-9, 0.10132057662315568, 0.11452481265641117, 3.3748108150916932e-9, 1.007934701198113e-8, 0.11452465348082681, 7.613483793139452e-9, 1.9417764246224206e-9, 1.7561066873751359e-6, 4.015203632085028e-8, 0.11452486407166808, 0.11452308973404189, 0.1145248662670064, 1.480445282957126e-8, 0.11452487469947831, 0.11452470211788493, 0.7709519737370917, 0.7709519919814607, 5.726660812738429e-9, 0.6492912534116494, 0.37453808048142967, 1.5422335993923455e-6, 9.427164298247323e-9, 0.11452312462739545, 6.6481310731975364e-9, 2.0399094122187063e-9, 1.3940966973726988e-8, 0.11452470725241813, 0.11452470710784761, 0.11452307866208376, 2.2314969342503826e-9, 5.8346418294451065e-8, 0.11452465598542115, 2.1372699379678742e-9, 4.278342932502969e-9, 0.8854750746657146, 1.413113827341491e-8, 2.8000326387975822e-9, 3.3033426643557434e-9, 3.8523068133618245e-9, 0.11452461033127564, 1.96589957166248e-9, 0.1145248234499631, 0.1145248176093275, 5.211869496179548e-9, 0.11452482362088412, 0.11452482188638986, 3.771606170856593e-9, 0.11452482739056276, 3.2645272337183613e-9, 7.552249447806987e-9, 0.11452312412491471, 4.857397418988751e-9, 0.7638143602769667, 4.198362816834874e-7, 2.2422217236761465e-9, 3.873755771953545e-9, 1.0987855232219981e-8, 0.885475072843239, 3.4072910031938656e-9, 0.11452311637433828, 0.11452465511824847, 0.11452312423781852, 3.678328574362573e-9, 2.52582405965153e-9, 0.6492894427999903, 0.11452482683067373, 2.9649615038783187e-9, 2.4427832752367365e-9, 2.9872071978628288e-9, 5.310648283302935e-9, 5.263787218635782e-9, 1.893794243064903e-9, 0.11452308930827801, 6.592809826142766e-9, 0.11452303193443004, 0.11452485736667753, 3.409394285270083e-9, 1.8345057173822534e-9, 3.3670267879292593e-9, 5.0954222865998206e-9, 2.1101792059733702e-9, 0.11452312690805946, 0.1145247923029656, 0.11452312085656105, 0.11452463838411611, 3.1013622781779403e-9, 0.11452312575568463, 0.11452311499816464, 4.025548141055987e-9, 0.11452311838771319, 0.1145231205159984, 1.95105477426874e-9, 2.4674706880478036e-9, 0.11452311686915777, 9.215739644071228e-9, 0.11452312022433894]
v_opt: [0.8854751079917169, 0.8854768756041456, 0.7840667466344018, 0.013115705763047856, 0.01311594732841604]
solution time: 0.015214204788208008
McCormick lower bound: -3.54277745756478

