x_opt: [0.7994109086557276, 0.2005894243675872, 0.7994112942839776, 0.20058064992436436, 0.7994103178363146, 0.2005884016879925, 0.7994117892872116, 0.5470684004625539, 0.2805646755550855, 0.20058887397918854, 0.20058904309264045, 0.7194351916048909, 0.2005891854653925, 0.20058819687769072, 0.200586875706982, 0.33341932695158616, 0.20058055925719978, 7.409858327565322e-8, 0.20058045394956397, 0.20058048557755265]
w_opt: [0.7994108918582444, 0.5988212337079011, 2.170601691851308e-8, 2.195380714691207e-8, 0.518846109507293, 0.20058912670075582, 1.1313687167464628e-8, 8.113498202709712e-8, 0.20058053335927883, 4.8467680881039955e-8, 1.2258877384323076e-8, 7.263810396920919e-7, 1.3729348255958682e-7, 0.20058928272607549, 0.20058886190022, 0.20058817261571535, 1.431756310416886e-7, 0.20058941367813254, 0.20058060332374145, 0.5988230927102419, 0.34647970530505173, 2.0836958896401243e-7, 0.5188465725925101, 0.3334192585949743, 3.954252497788402e-8, 6.5161239507685e-8, 0.20058044485038182, 4.5008073204492814e-8, 7.780808652993025e-9, 1.1950828828801754e-7, 0.2005806335336075, 0.20058063498956266, 0.20058053730034628, 9.934445359602135e-9, 5.859181320181577e-7, 0.2005805500949577, 1.2178558213923919e-8, 2.296574065148449e-8, 0.2805646692358896, 9.36099467831184e-8, 1.1226682121583225e-8, 1.2254917057886274e-8, 2.1818062632262797e-8, 0.2005802121378656, 8.605713711666133e-9, 0.200588341958575, 0.20058833003668633, 2.4194046345243608e-8, 0.200588387061912, 0.20058806610785312, 3.054494067827204e-8, 0.20058839219321778, 1.575819091432474e-8, 4.9981041448042146e-8, 0.200580442572365, 5.389437277186898e-8, 0.7194351804074729, 4.335781529303294e-6, 2.630443809524165e-8, 3.018232490885347e-8, 6.973698651149478e-8, 0.28056466520269635, 1.4931077395018478e-8, 0.20058683462345622, 0.20058054224929336, 0.20058044075690384, 1.8868578121511204e-8, 9.72524251187463e-9, 8.229933324321159e-8, 0.2005891761733444, 1.7683661021412837e-8, 1.1545287246658586e-8, 1.7651835839881437e-8, 3.523970079692445e-8, 3.8392847645934216e-8, 7.865524087702949e-9, 0.20058886013955535, 3.246354404824552e-8, 0.20058034314571668, 0.2005890338810864, 2.5333107481457177e-8, 1.0152199465671548e-8, 1.0910192863323685e-8, 2.5271612924798498e-8, 1.1398494855971473e-8, 0.2005868674508306, 0.2005889469014781, 0.2005804697424237, 0.20058052003318283, 2.677506788145338e-8, 0.20058686198937228, 0.20058048326561134, 2.155102450041604e-8, 0.2005804371425981, 0.20058047527873363, 1.1253404454466407e-8, 1.187923935708142e-8, 0.20058029077231063, 6.334247586075966e-8, 0.20058035398041063]
v_opt: [0.5470683918009682, 0.7994112834853494, 0.6390571832819105, 0.04023684312179242, 0.04023596802559959]
solution time: 0.012358903884887695
McCormick lower bound: -4.963141604077222

