x_opt: [0.7999648462291009, 0.20003514717204843, 0.7999650946931649, 0.012163999714793582, 0.7427996708696578, 0.2572003152290852, 0.7999648513307233, 0.7509449089935601, 0.4840069160388926, 0.2000349047102814, 0.20003515219985274, 0.5159930844771295, 0.2572003243791126, 0.20003514841365683, 0.20003513851608115, 0.2572003446719386, 0.012163999663726822, 1.2664007406565954e-9, 0.20003490350963735, 0.20003490295214138]
w_opt: [0.7999648460307506, 0.5427645172562593, 3.237415224357641e-10, 4.060759882321728e-10, 0.3159579309094433, 0.25720032317252467, 4.2733941116370907e-10, 1.639924208537178e-9, 0.012163999178338528, 7.867234476603074e-10, 2.2186579602126837e-10, 2.420405805480623e-7, 2.583622646650969e-9, 0.20003514552814458, 0.2000349044550633, 0.2000351462007458, 2.1647581500767306e-9, 0.2000351469546868, 0.012163998933472316, 0.5999299462700194, 0.550910004009897, 6.685488502634175e-10, 0.3159581802765365, 0.25720034362534216, 8.892642394590666e-10, 1.009302575288515e-9, 0.2000349032452401, 7.470691400052012e-10, 1.8403632276992002e-10, 1.3357677684506382e-9, 0.012163999271688007, 0.012163999381603932, 0.012163997641960201, 2.4719971711140354e-10, 5.274614689476139e-9, 0.012163999236383508, 2.7347411260102373e-10, 5.286179292681249e-10, 0.4840069158506609, 1.2501699575487163e-9, 2.2528885441084528e-10, 3.096220027269955e-10, 3.7982845394955896e-10, 0.012163996187622405, 2.4679619324367483e-10, 0.25720031450318115, 0.2572003139354814, 5.223773775024153e-10, 0.25720031485758293, 0.20003514749577908, 4.405380232347511e-10, 0.2572003149680825, 3.2245562222144034e-10, 7.590481888389438e-10, 0.20003490314211106, 5.290757817549619e-10, 0.5159930841552269, 0.05716519069917575, 3.2475188056144413e-10, 5.554185783526686e-10, 1.19907837827716e-9, 0.48400691573904703, 3.091200756601773e-10, 0.2000351375767247, 0.012163999231254295, 0.20003490320736234, 3.256500708957974e-10, 2.1313919420859555e-10, 1.3530014951707784e-9, 0.25720032414349314, 4.706473011166076e-10, 2.4665339448616047e-10, 3.81804502725476e-10, 7.36458174793793e-10, 7.238858730515297e-10, 2.404641231362664e-10, 0.20003490439687224, 4.811389339588701e-10, 0.20003489902402646, 0.20003515188492904, 3.785212779048685e-10, 2.682362718666547e-10, 3.810115436125789e-10, 4.852577284353379e-10, 2.285798255163613e-10, 0.20003513831753877, 0.25720031293053547, 0.2000349026347705, 0.012163998390819861, 4.074413190018954e-10, 0.20003513817684682, 0.012163997766005685, 4.0660394341433894e-10, 0.2000349031562242, 0.20003490264896256, 2.2672834754619972e-10, 2.477984692951155e-10, 0.012163998949427613, 9.753692759234267e-10, 0.2000349025324619]
v_opt: [0.7509449087615309, 0.7999650944400826, 0.5517513581177078, 0.04001404051192771, 0.040014159774277525]
solution time: 0.015160083770751953
McCormick lower bound: -4.1642943114611395

