x_opt: [0.6608492102754221, 0.33915261633527133, 0.6608492171192926, 0.07783324617708777, 0.6608491577984625, 0.1585126614819214, 0.8414873422606955, 0.43273859943929854, 0.33915182330571625, 0.3391506980940287, 0.23249933867983355, 0.660848182843385, 0.3391508239036452, 0.15851265323957794, 0.33915080642886974, 0.33916287643911386, 0.07783323098013736, 4.216935168733557e-8, 0.07798585432240701, 0.07783313833905259]
w_opt: [0.6608491987436825, 0.3216983746833735, 1.0033563845798845e-8, 1.0157671339480034e-8, 0.321697400432956, 0.33915079448529684, 7.788551149379002e-9, 5.758630881560101e-8, 0.07783321469626854, 2.507909203206925e-8, 8.442617839544625e-9, 1.8390025337574248e-6, 1.8087359048547816e-6, 0.33915257117807307, 0.33915069089210875, 0.15851263444338606, 3.154273706322016e-8, 0.33915261031833327, 0.07783322403955927, 0.5023365652100042, 0.09358782271304515, 1.456040478715717e-8, 0.32169742827870784, 0.3391628417710596, 2.772814581209823e-8, 3.659025841459046e-8, 0.07798584798044549, 2.0294909176227585e-8, 6.016997208005758e-9, 3.195925583905874e-8, 0.07783323576218291, 0.07783323412243708, 0.07783320182155609, 5.872213323316598e-9, 1.7101296632511365e-7, 0.07783322362924067, 8.242029269847916e-9, 1.3239479067876185e-8, 0.33915181735930183, 2.8097361528847088e-8, 1.0363380500090423e-8, 8.287017171432383e-9, 1.8286050110844695e-8, 0.07783314244793121, 5.596943551983339e-9, 0.15851263616041616, 0.1585126343654076, 1.4547219200190101e-8, 0.15851264930678802, 0.1585126106758913, 1.2799053797994836e-8, 0.15851265478259674, 8.027640845166313e-9, 2.5163175050093447e-8, 0.07798584679042055, 1.972488633851641e-8, 0.6608481743244966, 0.18063833177671884, 9.924067681520282e-9, 1.9314614969143163e-8, 2.9055369889254422e-8, 0.3391518160719412, 9.083271434868786e-9, 0.3391507857103325, 0.07783321843599178, 0.07798584329080419, 1.1528433853398749e-8, 6.086541590427118e-9, 2.2173294700546623e-8, 0.3391508173518988, 1.0663138374263908e-8, 7.849358528654896e-9, 1.0219589740409008e-8, 1.2440449900489632e-8, 1.314659384440615e-8, 5.558944857655891e-9, 0.339150692152663, 1.523045938533348e-8, 0.07798580091577123, 0.23249933268168652, 1.1948006635241005e-8, 6.599988104529877e-9, 6.290666818881879e-9, 1.577752404468471e-8, 8.089755596473878e-9, 0.3391507982116041, 0.3391507711211479, 0.07783312537437818, 0.0778332060854082, 1.4744355478342064e-8, 0.3391507970563863, 0.07783318995056483, 1.1687349843068925e-8, 0.07798584223670905, 0.07783313082346074, 7.478226272269829e-9, 7.3365304163174055e-9, 0.07783311597345083, 3.38301813210906e-8, 0.07783313028226237]
v_opt: [0.4327385923119954, 0.6608492064877728, 0.43672328791555254, 0.11502350271130149, 0.054055957831004926]
solution time: 0.012260913848876953
McCormick lower bound: -6.735048586298027

