x_opt: [0.7011443290428173, 0.3113092291985059, 0.7011443290899126, 2.002450687052496e-8, 0.7011443283442845, 0.16979440448994568, 0.8302055991710481, 0.4780759666991243, 0.36044571992672864, 0.29885567055165796, 0.29258901408951915, 0.6395542796537849, 0.29885567136769836, 0.16979440082365954, 0.298855670992391, 0.31131032875889053, 1.993935143574777e-8, 3.7479672984499886e-10, 0.16979440062040693, 0.16979406624417814]
w_opt: [0.7011443289351175, 0.40228865744038994, 9.950603821142535e-11, 8.063261415170739e-11, 0.3406986087577412, 0.2988556711018453, 8.493246260702455e-11, 5.44821336331169e-10, 1.9791914878663595e-8, 2.2617352645442437e-10, 6.081298184544445e-11, 0.012453558341471329, 0.012453557846133457, 0.3113092287380093, 0.29885567049097406, 0.16979440068458104, 3.0295725405300293e-10, 0.3113092291367744, 1.9823853730780033e-8, 0.5313499283143872, 0.17922029585480642, 1.5912201400794383e-10, 0.3406986089959137, 0.31131032841461387, 2.5386115059022454e-10, 3.144787468311223e-10, 0.1697944005526703, 1.9785582594181987e-10, 6.014220677359886e-11, 3.2879579267531924e-10, 1.9908892089630143e-8, 1.992935818410303e-8, 1.9609892077958458e-8, 5.321596829635203e-11, 1.0520130028442598e-9, 1.985639138202531e-8, 7.730947207157906e-11, 1.1328609131941541e-10, 0.3604457198682286, 4.1848722751219655e-10, 6.214049175319511e-11, 6.900926862658427e-11, 1.0750405759213988e-10, 1.9231770785160164e-8, 5.562703691780984e-11, 0.16979440431650122, 0.16979440419703198, 1.5363591016128086e-10, 0.16979440439298157, 0.16979440061315462, 9.970083266593131e-11, 0.16979440443251922, 7.156430795817298e-11, 2.2959879920997525e-10, 0.16979440054967906, 1.709317236002587e-10, 0.6395542795819472, 0.1290612749860269, 1.2550569007376667e-10, 3.241515652043949e-10, 2.2331782171807876e-10, 0.36044571984891965, 8.412205639334528e-11, 0.29885567079480796, 1.9813916269211933e-8, 0.16979440052092754, 1.137484463597943e-10, 4.687507762000177e-11, 1.0643358161289036e-10, 0.2988556713106894, 1.1568605675174349e-10, 6.814353790110507e-11, 9.623651458783447e-11, 1.174984640845453e-10, 1.270945853642348e-10, 5.464074710210007e-11, 0.29885567048600065, 1.4188773909610632e-10, 0.1697944001154191, 0.29258901402891424, 1.0361538759887877e-10, 6.703416380124176e-11, 6.414258884516519e-11, 1.4614871465380188e-10, 6.640761172626295e-11, 0.29885567093244414, 0.29885567078404823, 0.16979406613787448, 1.9693533440907692e-8, 1.2285537159690813e-10, 0.2988556709036827, 1.9550285099605742e-8, 1.2172203228077147e-10, 0.1697944005272096, 0.16979406618154946, 6.569203529010597e-11, 6.106499984549438e-11, 1.974011443016508e-8, 2.9405839107570845e-10, 0.16979406609741704]
v_opt: [0.47807596662275753, 0.7011443290010589, 0.49160338222298455, 0.08931472954935495, 0.0856085222130349]
solution time: 0.01261281967163086
McCormick lower bound: -5.4776500962890875

