x_opt: [0.7893699883584341, 0.3216724348798963, 0.7893700107333772, 0.21063001261473985, 0.7893699775551806, 0.21062999927834616, 0.7893699877732471, 0.4624687111950915, 0.27095193725962935, 0.21063000960222905, 0.1912215851922407, 0.7290480702841241, 0.2106300160960035, 0.21063000592882675, 0.2106299987879101, 0.32167247170593, 0.21062998926839638, 7.827892671423656e-9, 0.2106299554379018, 0.21062995049072433]
w_opt: [0.7893699841335335, 0.5787399668265559, 3.925845014908758e-9, 1.1139038462576058e-9, 0.518418060748665, 0.2106300054380657, 2.054752380711797e-9, 1.0568082467269536e-8, 0.2106299859555937, 5.0027223160126196e-9, 1.897008912778569e-9, 0.11104244687011842, 0.11104243465388379, 0.3216724223150513, 0.21063000824686776, 0.21063000267853052, 8.975448886773321e-9, 0.3216724336728932, 0.21063000692612055, 0.5787399993647302, 0.25183872325065, 3.008418188312506e-8, 0.5184180895274566, 0.3216724570192117, 1.2817069893387765e-8, 6.765323581903775e-9, 0.21062995441559032, 6.02889381566998e-9, 1.311628140762191e-9, 1.2275991671331756e-8, 0.21063001098953327, 0.21063001054009964, 0.21062999605424304, 9.470795892467917e-10, 4.0845677289036534e-8, 0.21062998837470553, 1.2248178014896903e-9, 2.627020779945563e-9, 0.27095193647678567, 2.3771161383451375e-8, 3.6157798183210878e-9, 1.538971239180742e-9, 3.8356154643633555e-9, 0.21062996376119816, 1.0313112189701344e-9, 0.21062999440759136, 0.21062999200394852, 4.171836152388645e-9, 0.21062999688421669, 0.21062998424196347, 2.8424419618261393e-9, 0.21062999823154985, 1.7533942530516777e-9, 5.025901430849019e-9, 0.2106299543102936, 6.1619033600805e-9, 0.729048069012621, 1.9573781283385315e-7, 2.832746716766468e-9, 5.505757384933079e-9, 1.4626458220538456e-8, 0.2709519360234976, 1.6621285911851298e-9, 0.21062999248279257, 0.21062998750215464, 0.21062995329329612, 3.9595083989431535e-9, 1.2775322072904718e-9, 1.5706173765021484e-8, 0.21063001465090203, 1.7115310856034013e-9, 1.5957309207569842e-9, 1.6200703686835573e-9, 2.262209667726013e-9, 2.708924810857828e-9, 8.233745872824989e-10, 0.21063000790016106, 7.092655560834532e-9, 0.21062994486948572, 0.19122158418866758, 2.5926489936354997e-9, 9.158539330461015e-10, 1.0741607790059825e-9, 4.335007994349914e-9, 1.5169978833267625e-9, 0.21062999761097592, 0.21062997388366853, 0.21062994850849392, 0.2106299717708655, 2.743673056603102e-9, 0.21062999658176962, 0.2106299817768294, 2.4533387987227514e-9, 0.21062995185733238, 0.21062994914662767, 1.4036490439876926e-9, 1.3306554518992967e-9, 0.21062994049395026, 6.33556200441419e-9, 0.2106299467593638]
v_opt: [0.4624687098827858, 0.789370009337631, 0.6231051383971821, 0.04436504693942028, 0.03656582131026846]
solution time: 0.01343393325805664
McCormick lower bound: -5.249597312389553

