x_opt: [0.8182573800726837, 0.2144961395769183, 0.8182574860446683, 0.18174262401467176, 0.818257370335864, 0.18174261794889215, 0.8182573787564821, 0.8182574780697587, 0.6161971964147444, 0.18174261973809236, 0.12495216621045194, 0.7996297038130568, 0.18174261979854178, 0.18174261794085553, 0.18174250993529475, 0.2144961413308946, 0.18174251886057852, 6.76291312773026e-10, 0.1817425093174757, 0.18174250792511165]
w_opt: [0.8182573796818807, 0.6365147504795209, 3.783775612060562e-10, 9.717076109661946e-11, 0.617887084004529, 0.18174261851774356, 1.621664205324742e-10, 7.817636936349899e-10, 0.1817425185742372, 4.60705281046083e-10, 1.1762395533268107e-10, 0.03275362571227388, 0.03275351319555046, 0.21449613852473287, 0.18174261966454366, 0.18174261766785368, 9.23238382038889e-10, 0.21449613948179508, 0.18174262341454983, 0.6365148648519632, 0.6365149642558402, 1.0628926201971083e-7, 0.6178871907930479, 0.2144961397893551, 5.834972122612284e-9, 5.749115089495252e-10, 0.18174250925416136, 5.620248357453164e-10, 1.8534048457202512e-10, 1.4265870510109587e-9, 0.18174262391403737, 0.18174262392712506, 0.18174261594986837, 6.589607809215823e-11, 5.448073164113464e-9, 0.18174251881792775, 6.600927442315861e-11, 2.210562316493535e-10, 0.6161971963813756, 2.1657193818068846e-9, 3.53679208408782e-10, 9.012832954036901e-11, 3.3439969331786783e-10, 0.18174251530600338, 9.483945623733006e-11, 0.1817426176091074, 0.18174261701550393, 4.302359697356918e-10, 0.18174261766223707, 0.18174261671705885, 2.764396303492664e-10, 0.18174261787457507, 1.5716085232089857e-10, 4.3976509389195165e-10, 0.1817425092475097, 4.874184748035813e-10, 0.7996297037322183, 4.240643962992482e-8, 2.0948761747162486e-10, 4.1032175434481996e-10, 1.0697697478293003e-9, 0.6161971963295909, 1.333179659846134e-10, 0.18174250896214722, 0.1817425187721113, 0.18174250914804332, 4.24940996123234e-9, 1.1264506285620248e-10, 0.4158269014836801, 0.18174261965251595, 1.3399212072895312e-10, 1.4521867360214628e-10, 1.1899999048533443e-10, 1.953366761483753e-10, 2.788623696166316e-10, 3.920550889133517e-11, 0.18174261947522008, 9.741367438065339e-10, 0.18174250876777956, 0.12495216613446064, 2.1974731749275088e-10, 5.1453438995878717e-11, 9.039274082275017e-11, 4.4201037688363865e-10, 1.0952622186170547e-10, 0.18174250986154622, 0.1817426171197129, 0.1817425078319359, 0.18174251796093144, 1.814123706682144e-10, 0.18174250971471387, 0.18174250892066765, 2.198176740325716e-10, 0.1817425086962788, 0.18174250786819193, 1.039084661503245e-10, 1.006385610559258e-10, 0.18174250701825062, 5.514220963512798e-10, 0.18174250762452485]
v_opt: [0.8182574779800358, 0.8182574859571736, 0.6695451476543675, 0.033030388077994154, 0.015613044624558382]
solution time: 0.014416933059692383
McCormick lower bound: -3.994247700314678

