x_opt: [0.6463123922172603, 0.3536876136561567, 0.6463123949006108, 0.06843652213706515, 0.6463123902761306, 0.1566366760162151, 0.8433633319937965, 0.41480635553084555, 0.35368762892457123, 0.35368760350661244, 0.20238631663058557, 0.6463123722042171, 0.35368760765216284, 0.15663666869418771, 0.35368760289518075, 0.35368762436408246, 0.06843652017856439, 5.409306540100048e-9, 0.06843619661426696, 0.06843618616277633]
w_opt: [0.6463123909761207, 0.29262478352891597, 1.9385427343424213e-9, 1.5780117580025478e-9, 0.2926247655179313, 0.3536876031992752, 1.0979843027289318e-9, 6.246416933935565e-9, 0.0684365178314664, 3.176827098748084e-9, 1.3879594738901474e-9, 9.424451506725007e-9, 1.1867618439716139e-8, 0.35368760704361113, 0.35368760304113056, 0.15663666565165724, 5.100022415589046e-9, 0.35368761267182364, 0.06843651897780753, 0.48967572781541, 0.06111875133256916, 3.930053161379584e-9, 0.29262477148206467, 0.35368761959312, 4.103783003110886e-9, 4.6404648099896284e-9, 0.06843619571493947, 2.96735771035144e-9, 8.248096034728413e-10, 4.3066726319e-9, 0.06843652067687912, 0.06843652029522787, 0.06843651568549046, 8.971323480253426e-10, 2.052919370956953e-8, 0.06843651910598748, 1.1457410859614655e-9, 2.0498490691502825e-9, 0.3536876280625776, 6.2249826709351536e-9, 1.5047993892142529e-9, 1.321976718664171e-9, 2.522054357661399e-9, 0.0684365066598077, 8.252334256438281e-10, 0.15663667157275718, 0.15663667220392843, 1.9784082476377375e-9, 0.15663667419621066, 0.15663666337643276, 2.1106865733542617e-9, 0.15663667498251585, 1.2222983597043672e-9, 3.1315245531419506e-9, 0.06843619546561014, 2.8807277291077367e-9, 0.6463123708490944, 0.1970509997843821, 2.2246295050642837e-9, 2.539254176321226e-9, 3.4669103805363857e-9, 0.3536876279118123, 1.3453063861444301e-9, 0.3536875997598129, 0.06843651836140784, 0.06843619503351812, 1.5734059018994935e-9, 9.925421964031762e-10, 3.51054578671337e-9, 0.3536876066105053, 1.5499693047251774e-9, 1.1706344634182272e-9, 1.4392811988370163e-9, 1.964546997892333e-9, 2.0344574660231697e-9, 9.026889582432014e-10, 0.3536876029802542, 2.154833859750743e-9, 0.0684361891354586, 0.20238631577652152, 1.6744281711572706e-9, 9.718316341160954e-10, 1.0415119577672767e-9, 2.9276624428040438e-9, 1.170978545518045e-9, 0.35368760172354025, 0.3536875736092281, 0.06843618425388182, 0.06843651697610553, 2.2593735069334483e-9, 0.35368760136456573, 0.06843651405483195, 1.5202573608032566e-9, 0.0684361947370613, 0.06843618492700933, 1.112584787428159e-9, 1.0903595429437554e-9, 0.0684361827135141, 4.249207874504115e-9, 0.06843618479192798]
v_opt: [0.41480635455748427, 0.646312393355625, 0.4177198419731641, 0.12509494912721672, 0.04096023579478877]
solution time: 0.014727115631103516
McCormick lower bound: -7.11915065333377

