x_opt: [0.6546431076656389, 0.3504840899602151, 0.65464310783423, 7.441367494630767e-9, 0.6546431071267093, 0.1375534768735171, 0.8624695777064408, 0.3837689980299462, 0.3453568924734899, 0.34535689186173957, 0.26768327227326, 0.6546431068365914, 0.34535689207510184, 0.13753042245121885, 0.34535689154054516, 0.3504840949708398, 7.278204513368716e-9, 7.272052182373305e-10, 0.1375304213482679, 0.13753039242173903]
w_opt: [0.6546431074574472, 0.309286214910277, 2.1406465793967927e-10, 1.802044213561503e-10, 0.30928621463703426, 0.3453568915535325, 1.6795433610611501e-10, 8.083837790914578e-10, 6.955652417605621e-9, 4.291847615822146e-10, 1.356034914547442e-10, 0.0051271979278592235, 0.005127197788619515, 0.3504840889124318, 0.3453568916756984, 0.13753042214464772, 5.770396669782686e-10, 0.35048408979825035, 7.0298425069669405e-9, 0.5171126856559739, 0.038412105988147614, 3.3023586669055283e-10, 0.3092862152033631, 0.3504840941884007, 5.500056562135567e-10, 6.137146976349068e-10, 0.13753042121050013, 5.031805769785338e-10, 1.3175617114974597e-10, 6.678588667207367e-10, 7.201496878554893e-9, 7.23468204646244e-9, 6.625758455225382e-9, 1.0500485998492927e-10, 2.0158655529586685e-9, 7.107863576005214e-9, 1.610792884202401e-10, 2.2721799205258697e-10, 0.34535689234009703, 1.1325195585371417e-9, 2.1548405139264977e-10, 1.4128499068510185e-10, 3.2054329637534256e-10, 5.983604546149747e-9, 1.1198827142161048e-10, 0.13755347650303462, 0.13755347629568046, 3.3227990961305714e-10, 0.13755347665618414, 0.13753042202221072, 2.1106624045740935e-10, 0.1375534767606022, 1.418054807345348e-10, 4.410939247846859e-10, 0.13753042121426548, 4.1884592664166855e-10, 0.654643106690066, 0.20782648109736235, 4.0449040693435334e-10, 5.193305924942383e-10, 5.738864376099297e-10, 0.3453568923173343, 1.820382796124846e-10, 0.3453568911674181, 7.000438499753248e-9, 0.13753042111603975, 2.6575921594211285e-10, 9.439211377945089e-11, 1.747269144489003e-10, 0.3453568919363108, 2.447162118735941e-10, 1.4521646366987032e-10, 1.9235680430467165e-10, 2.2311857887508383e-10, 2.487956026756965e-10, 1.1850640307692734e-10, 0.3453568916352699, 3.092624111913407e-10, 0.1375304204042074, 0.26768327215157683, 2.142379677770577e-10, 1.410541208871576e-10, 1.3025064306975162e-10, 3.937865090095022e-10, 1.4323028023041875e-10, 0.34535689140805365, 0.3453568895091666, 0.1375303921712706, 6.8544358018442485e-9, 2.9098980884192463e-10, 0.34535689133146646, 6.543830433537642e-9, 2.4477400407822604e-10, 0.1375304211526338, 0.13753039228681585, 1.44936782871894e-10, 1.2291525280253502e-10, 6.899746741419394e-9, 5.673528662890642e-10, 0.13753039219460275]
v_opt: [0.3837689978575431, 0.6546431076279233, 0.4285583519396038, 0.11927139754307302, 0.07165443024120303]
solution time: 0.013717174530029297
McCormick lower bound: -6.673202172482408

