x_opt: [0.8016249153351022, 0.1983750569398854, 0.8016249585512812, 0.19837503670406859, 0.8016249484231712, 0.1983745361650168, 0.8016249742612412, 0.8926204497620783, 0.6572707304567846, 0.19837504962483596, 0.09764162930555936, 0.768776208746013, 0.19837504945680207, 0.19837502576977925, 0.19837502328154222, 0.19837506500071575, 0.19837503558478994, 9.917346465886067e-10, 0.10737949940127899, 0.10737949894217627]
w_opt: [0.8016249151924613, 0.6032498633479179, 2.2120691918054798e-10, 1.9804970465726473e-10, 0.570401124223714, 0.198375048645697, 1.5729102660481052e-10, 6.544379712711813e-10, 0.19837503528034853, 6.626537816265182e-10, 1.764386796076043e-10, 1.5598931341516002e-8, 6.7626898669666e-9, 0.19837505552849322, 0.19837504902194214, 0.19837502535511642, 1.832643102170963e-9, 0.19837505679470077, 0.19837503615172156, 0.6032499329316171, 0.6942454084578986, 8.270174928943048e-9, 0.5704011685861055, 0.1983750641667346, 3.2961397683256596e-9, 8.703762318970188e-10, 0.10737949928251475, 3.208547138798475e-10, 1.1985173756852415e-10, 1.5551766019388151e-9, 0.19837503652813696, 0.1983750364600098, 0.19837503443888185, 1.3164983021869738e-10, 1.4721250199374559e-8, 0.1983750354773833, 1.4037722721969847e-10, 3.2146009954699565e-10, 0.6572707303663506, 1.85987390283886e-9, 1.8345394530614856e-10, 1.8100970986544556e-10, 3.1531083392329365e-10, 0.19837502696233864, 1.0723766434456108e-10, 0.19837453489263698, 0.1983745354899119, 2.689385556096594e-10, 0.19837453591723003, 0.19837453536952276, 4.605582027350013e-10, 0.19837453600330246, 2.051081208890159e-10, 6.531297083696543e-10, 0.10737949924587827, 7.172382788995992e-10, 0.7687762085782063, 1.9532207551575348e-7, 3.280598124234758e-10, 2.970729881580685e-10, 5.392345494084619e-10, 0.6572707303175837, 1.6742986465627691e-10, 0.1983750226659562, 0.1983750353904899, 0.10737949920398059, 5.94734294811016e-10, 1.747017319356112e-10, 0.42604693947797956, 0.1983750492609328, 1.7961238863009426e-10, 1.5422371214723855e-10, 1.9876469201483439e-10, 3.6810404092998076e-10, 4.048709893564019e-10, 1.108386282531301e-10, 0.19837504819634225, 3.8538144422794177e-10, 0.10737949717018119, 0.09764162916918541, 3.25481475112454e-10, 1.148893753939758e-10, 1.5428495590152e-10, 3.6692025102824453e-10, 1.6200796740849752e-10, 0.19837502310522043, 0.19837503402452583, 0.10737949871081545, 0.19837501011601114, 3.125237516235492e-10, 0.19837502307055374, 0.19837501151027867, 2.341048726263545e-10, 0.1073794990933521, 0.10737949877494404, 1.4039905830397576e-10, 1.7834809618923364e-10, 0.10737949830070403, 8.315250295602335e-10, 0.10737949662544656]
v_opt: [0.8926204496440837, 0.8016249583831536, 0.6426025571471654, 0.03935266387362224, 0.00953390319008224]
solution time: 0.014631986618041992
McCormick lower bound: -5.263064651494718

