x_opt: [0.7728736443867543, 0.22712584332163357, 0.7728744033718781, 2.707950834338639e-7, 0.7728731195342725, 0.227126822254506, 0.7728741135538235, 0.6269324248416731, 0.4195749333075584, 0.22712553806487987, 0.22712605325425225, 0.5804250608506568, 0.22712683774226766, 0.2271258737613661, 0.22712631858292082, 0.29519185762685557, 2.580551461778395e-7, 6.215529782893858e-8, 0.22712540650781785, 0.22712536147602735]
w_opt: [0.7728736355714606, 0.545746772907053, 1.831793017879905e-8, 2.1107635183964286e-8, 0.3532987157528991, 0.22712678280223905, 2.136285531365075e-8, 3.8293362402779175e-8, 2.323511303695114e-7, 3.666661926341511e-8, 1.0828222067748826e-8, 2.5587864830391034e-7, 7.817543888357691e-8, 0.2271257574793103, 0.22712552538261188, 0.22712583629726216, 9.257417801009314e-8, 0.22712583032572714, 2.325196920144154e-7, 0.545748528822977, 0.39980684403559064, 4.135613391443914e-8, 0.35329951323717135, 0.2951918014597309, 4.844871922067797e-8, 4.839112632517471e-8, 0.2271253908800975, 4.0978960507718775e-8, 1.0427728310446295e-8, 5.452305288158876e-8, 2.4380904764946293e-7, 2.544939936939762e-7, 1.6074341954697074e-7, 1.2012268243919953e-8, 5.6292648913200415e-8, 2.378301447510088e-7, 1.548975263820628e-8, 2.484152494039591e-8, 0.41957492166893046, 7.873860669078189e-8, 1.3196251876297292e-8, 1.5411675614629968e-8, 2.0580991346813654e-8, 1.5095702759210481e-7, 1.3653950769455742e-8, 0.22712679063752744, 0.22712674226877716, 3.002943150942241e-8, 0.22712680301017762, 0.22712580692777976, 1.9953664878580127e-8, 0.22712680982252853, 1.512567813716094e-8, 3.5840132095633445e-8, 0.2271253867303514, 2.6907296843708243e-8, 0.580425044683966, 4.148170561134052e-6, 1.8086414686001965e-8, 3.639825122862805e-8, 1.049908805661456e-7, 0.41957491628290033, 1.672198595063906e-8, 0.22712627492262794, 2.3216045337552664e-7, 0.22712538957506007, 1.8281638155382253e-8, 9.401515235990746e-9, 2.216352727538578e-8, 0.2271268266851154, 2.9045028212321013e-8, 1.2491164431311521e-8, 2.050663493883542e-8, 3.292357282658821e-8, 3.4254177768837344e-8, 1.2610325204641009e-8, 0.22712552294574728, 2.3446567099048753e-8, 0.2271251537250615, 0.22712603654499564, 1.8708725800734676e-8, 1.5647481356546957e-8, 1.8112758214584144e-8, 2.4387871992965582e-8, 1.1834347688887039e-8, 0.22712630811967743, 0.22712593003862797, 0.22712534421535635, 1.9578014957429488e-7, 2.1387409080074133e-8, 0.2271262991266213, 1.6967289395608428e-7, 2.266007140143169e-8, 0.22712538924722184, 0.22712534727996542, 1.186042848154635e-8, 1.1974611762200657e-8, 2.151666683264472e-7, 4.6630589982194e-8, 0.2271253377868044]
v_opt: [0.6269324107401648, 0.7728743885983179, 0.5973328748347927, 0.051586094453872, 0.05158626313081504]
solution time: 0.013133049011230469
McCormick lower bound: -4.328137853345522

