x_opt: [0.6957439456571318, 0.3113180081157413, 0.6957439456149818, 1.5838932854731767e-9, 0.695743944757309, 0.16365815278323229, 0.8363418486191586, 0.47065147093324455, 0.35364303058818725, 0.3042560538589421, 0.30425595908410435, 0.6463569684373088, 0.3042560546644294, 0.16365815132383268, 0.30425605427398184, 0.3113221173547212, 1.5426164915138692e-9, 1.8209359179738055e-10, 0.1636581517211934, 0.1636580953283682]
w_opt: [0.6957439455446986, 0.39148789083713265, 3.7696466135966985e-11, 2.946388461878829e-11, 0.3421009141170528, 0.30425605455220006, 3.56041930272329e-11, 3.0050859753051783e-10, 1.4855586228714769e-9, 1.1803553132638316e-10, 2.2184343914140198e-11, 0.007061953734221933, 0.007061953362957825, 0.311318007888428, 0.30425605405931594, 0.16365815126830344, 1.5721415269370932e-10, 0.3113180080959878, 1.5030121422928803e-9, 0.5320857942838757, 0.16639541659307688, 8.585400205884893e-11, 0.3421009141926786, 0.3113221172073173, 1.1652345278839254e-10, 1.59146885894781e-10, 0.1636581516939673, 9.846700799959779e-11, 2.151335189613877e-11, 1.5953937289920718e-10, 1.5356326175316166e-9, 1.5483302464073778e-9, 1.3934079047416844e-9, 2.0180469774805095e-11, 4.3298549838601344e-10, 1.509321011433241e-9, 3.15827753584319e-11, 4.5219296171866606e-11, 0.3536430305646266, 2.4431696401008676e-10, 3.3997907413045245e-11, 2.7008971874123732e-11, 5.062827539774745e-11, 1.2788210721294945e-9, 2.2951517255670282e-11, 0.16365815271572082, 0.1636581526393327, 6.773167674431324e-11, 0.16365815274783438, 0.16365815117166474, 4.3352399566262676e-11, 0.1636581527632576, 2.8395034721992387e-11, 1.2080597633073889e-10, 0.16365815169557088, 7.745400665110248e-11, 0.6463569684094398, 0.14059790797192695, 4.7443977407312324e-11, 4.505864370466228e-10, 8.24520838462782e-11, 0.3536430305596105, 3.352984172153873e-11, 0.30425605418688606, 1.4913238572540974e-9, 0.1636581516824571, 4.571204875134695e-11, 1.7553423946671374e-11, 3.857808761721862e-11, 0.3042560546464741, 5.180772576893112e-11, 2.570423756482566e-11, 4.128920574544653e-11, 5.2417480736373194e-11, 5.875973961972232e-11, 2.102309861716986e-11, 0.30425605405630934, 5.994633485399176e-11, 0.16365815152757113, 0.3042559590602287, 4.920284993550501e-11, 2.712088197917809e-11, 2.5499051002983864e-11, 5.801732539307845e-11, 2.6085820932639783e-11, 0.30425605425361, 0.3042560543216916, 0.16365809528918832, 1.43495173306213e-9, 5.0466946507284036e-11, 0.3042560542429108, 1.374395810084536e-9, 5.4758205791605324e-11, 0.16365815168668738, 0.16365809530195047, 2.565053317936825e-11, 2.37339820435549e-11, 1.4546377440525763e-9, 1.5164952168089792e-10, 0.1636580952603531]
v_opt: [0.47065147091100484, 0.6957439455954597, 0.48405963742502645, 0.09257174738443158, 0.09257172591218199]
solution time: 0.01735091209411621
McCormick lower bound: -5.328218811889802

