x_opt: [0.6677655682204099, 0.34658833739346717, 0.6677655692459469, 0.025128643848536084, 0.6677655701737522, 0.14265887866148722, 0.8573411268903058, 0.38945382230428965, 0.33223445274293145, 0.3322344296621485, 0.26644125271342023, 0.6677655443120687, 0.33223443023860716, 0.1426588728300148, 0.33223442803510017, 0.3465883401940393, 0.025128642607240657, 2.848691198166606e-9, 0.14265887247839784, 0.14265885861563934]
w_opt: [0.6677655675481616, 0.33553113885848773, 8.803006740738205e-10, 6.739700332737871e-10, 0.3355311130874068, 0.33223442808098264, 6.622508663213332e-10, 2.53045019900351e-9, 0.02512864125071182, 1.6549236017231093e-9, 5.228157207851628e-10, 0.01435390719399706, 0.014353910663249965, 0.3465883335891283, 0.3322344291066443, 0.14265887165167207, 2.0915467533410024e-9, 0.3465883366681034, 0.025128642058758262, 0.5251066965475114, 0.05721939205903036, 1.4703596649868904e-9, 0.3355311156344612, 0.3465883368404127, 2.1199868763684484e-9, 2.378967128310626e-9, 0.1426588719383729, 1.568069483450682e-9, 5.729027395110148e-10, 2.8570688260851795e-9, 0.02512864292397269, 0.025128642985461774, 0.025128640534351338, 4.1652292762682146e-10, 1.2734159555962073e-8, 0.025128642020140042, 6.14343762455948e-10, 8.92750698996582e-10, 0.332234452253262, 5.779508899853106e-9, 1.6564394364651749e-9, 5.337054575161167e-10, 1.4370548116965117e-9, 0.025128635852027945, 4.260373549326793e-10, 0.14265887722398363, 0.14265887636147478, 1.3372709205321475e-9, 0.14265887775431393, 0.14265887065781213, 7.977527517159743e-10, 0.14265887820188852, 5.748672084502629e-10, 1.7135128465132541e-9, 0.1426588719179951, 1.606040844296972e-9, 0.667765543760059, 0.18957559809465743, 1.1138695805140772e-9, 2.4437199616469126e-9, 2.6981832468117466e-9, 0.3322344521030949, 7.01472114082165e-10, 0.33223442645391105, 0.025128641576579173, 0.1426588715525304, 1.1198665109008226e-9, 3.809034554949129e-10, 6.983161966729627e-10, 0.33223442974227085, 8.656437111594935e-10, 5.955171515736796e-10, 7.190038952584594e-10, 8.205273001626049e-10, 9.158199528389346e-10, 4.223075123010103e-10, 0.3322344288926904, 1.3338702647422541e-9, 0.1426588687765189, 0.2664412522239538, 8.228501194073417e-10, 5.160391325584844e-10, 4.6470098254378437e-10, 1.3596779446174028e-9, 5.591077881424353e-10, 0.3322344274650695, 0.3322344203944116, 0.142658857599222, 0.025128640785263116, 1.0686043850038516e-9, 0.3322344271327229, 0.025128639607136963, 9.690712906273338e-10, 0.14265887165478147, 0.14265885815584706, 5.751746491329233e-10, 4.883804174212505e-10, 0.025128641013135486, 2.1789341806868263e-9, 0.1426588578943338]
v_opt: [0.38945382161386416, 0.6677655684089181, 0.44591370300107247, 0.11038083397401599, 0.07099110471898216]
solution time: 0.013365030288696289
McCormick lower bound: -6.1792580264887675

