x_opt: [0.8174715871429128, 0.18252574393925491, 0.8174743723625084, 0.18252567083739826, 0.8174743216641766, 0.18252271577547025, 0.8174746173782095, 0.8654064860847367, 0.6701530846292565, 0.18252564431143234, 0.07966842981291503, 0.8123006914880821, 0.18252562842876044, 0.18252537951412814, 0.1825254289559086, 0.18252576561990297, 0.18252559049613318, 1.075434371491642e-8, 0.18251868363721635, 0.13459354289527817]
w_opt: [0.8174715846763252, 0.6349459105157779, 3.4831983785488005e-9, 2.716947825952835e-9, 0.6297722809839684, 0.1825256143455423, 2.526606957449198e-9, 7.695554249157536e-9, 0.18252558592942203, 6.270264889903489e-9, 2.434249814264522e-9, 1.1817839094695462e-7, 9.759685246693087e-8, 0.18252573241277456, 0.1825256409954554, 0.182525373884559, 1.0334976624920486e-8, 0.1825257414493013, 0.182525663689114, 0.6349489914614908, 0.6828808609597367, 2.984329146384089e-8, 0.6297750748850486, 0.18252575438895577, 1.2289083444174517e-8, 8.809869175223044e-9, 0.1825186818031638, 4.783626673440524e-9, 2.467051646244493e-9, 9.616163801926915e-9, 0.1825256682383159, 0.18252566695364592, 0.18252562593484523, 1.9242688127053925e-9, 4.8918854337100124e-8, 0.18252558887856699, 1.9924168559363777e-9, 3.884836400723802e-9, 0.6701530832756286, 1.4675594767993578e-8, 2.8559902318621727e-9, 2.5848482379224137e-9, 4.4959653075101315e-9, 0.18252554961440157, 1.6092088030368167e-9, 0.18252270717971172, 0.1825227072380604, 4.324112708357205e-9, 0.1825227118480022, 0.18252270750910746, 3.905933845451104e-9, 0.18252271320808436, 2.817463421734697e-9, 6.233573522403746e-9, 0.18251868134337768, 5.303567024853267e-9, 0.8123006890191335, 4.989535616555309e-7, 3.0462533533207663e-9, 4.004292974364407e-9, 8.470495904555846e-9, 0.6701530821985142, 2.5303387495411875e-9, 0.1825254198030488, 0.18252558773474703, 0.18251868083219033, 4.247153485299298e-8, 2.518946062822032e-9, 0.48245378049701365, 0.1825256251737607, 2.5178165085953057e-9, 2.4438544818406395e-9, 2.61428903209373e-9, 3.99208524060776e-9, 4.0156131005058856e-9, 1.6658070453265275e-9, 0.18252562397638952, 6.151434870064143e-9, 0.1825186647088907, 0.07966842734609705, 3.2001941646369977e-9, 1.6431356703510663e-9, 2.333199847964848e-9, 5.709220686754957e-9, 2.2091631833566588e-9, 0.18252542603363278, 0.1825255747716816, 0.13459353931303678, 0.1825253680448019, 3.511362407317922e-9, 0.18252542545828324, 0.18252539482403998, 3.184234824047053e-9, 0.1825186785055766, 0.13459354050374414, 2.0409148887511833e-9, 2.365739260169031e-9, 0.1345935342229587, 8.056083087199487e-9, 0.1345935383999753]
v_opt: [0.8654064841826767, 0.8174743697701254, 0.6682642878336763, 0.033315641660656, 0.006347070029834552]
solution time: 0.014548063278198242
McCormick lower bound: -4.7861538167356406

