x_opt: [0.7680040341940632, 0.28503237052526276, 0.7680040775750931, 1.3684283583700603e-6, 0.7680040493188581, 0.2319957230210035, 0.7680043406001504, 0.5903276038589104, 0.4155852426156886, 0.2319959408951415, 0.23199596335186326, 0.5844147534930577, 0.23199594605870946, 0.23199563021853004, 0.2319958250987016, 0.2850325255016635, 1.3666802892415788e-6, 1.4510059923987364e-8, 0.2319955663762278, 0.23199552492437098]
w_opt: [0.7680040258777514, 0.5360080846236329, 5.867119531359084e-9, 2.725812597501753e-9, 0.35241878938051013, 0.2319959330082936, 3.3431393379115986e-9, 1.1502705402606283e-8, 1.3620142303813232e-6, 9.550268978730578e-9, 1.459402672219868e-9, 0.05303644943976128, 0.05303642724964626, 0.2850323460920546, 0.2319959383220997, 0.23199562725855463, 1.4588157185912256e-8, 0.28503236939008636, 1.3605651450400192e-6, 0.5360084194780179, 0.35833168369701046, 4.155906696535594e-8, 0.3524188421898454, 0.28503250795026974, 8.926627354420351e-9, 1.2554758095651399e-8, 0.23199556447170058, 9.268245741694622e-9, 1.8365877152692721e-9, 2.3765144489683373e-8, 1.3644773242415972e-6, 1.3653215708479913e-6, 1.356900020866149e-6, 1.4007606715916352e-9, 1.493389571557797e-7, 1.3646654562244357e-6, 2.2769269229962755e-9, 3.7497705532144e-9, 0.4155852412798407, 4.9402920197957857e-8, 8.613462992646944e-9, 1.734128950143428e-9, 5.492925767884125e-9, 1.3224284116221348e-6, 1.7126599098157877e-9, 0.2319957185251498, 0.23199570622435203, 5.323151901908287e-9, 0.23199572028348775, 0.23199561819583273, 3.065417836356744e-9, 0.23199572170721916, 2.3707994353377984e-9, 9.98950967384845e-9, 0.23199556471917912, 7.0660293197609904e-9, 0.584414751957106, 2.6005901161114486e-6, 3.620219556016384e-9, 2.152162088419842e-8, 1.2611503149969623e-8, 0.41558524004015285, 2.351944984744863e-9, 0.23199581770678604, 1.3632583200143798e-6, 0.23199556347890052, 4.579226828046813e-9, 1.2724085229360236e-9, 3.4880505507373884e-9, 0.23199594458938122, 3.705345813270452e-9, 1.954395034607671e-9, 2.949148075968972e-9, 3.6496135283291597e-9, 4.3490871963108765e-9, 1.3295261447606972e-9, 0.23199593533386617, 7.392517225257917e-9, 0.23199555416149298, 0.23199596178309306, 3.6447886579730254e-9, 1.6916302013062414e-9, 1.611789747991003e-9, 3.5642690308132994e-9, 1.8900181364708364e-9, 0.23199582379532624, 0.23199593242113045, 0.23199552231968948, 1.359522585582892e-6, 3.4602350691575515e-9, 0.23199582265511723, 1.3538246904226398e-6, 5.089862000991217e-9, 0.23199556359928472, 0.23199552317790484, 1.9210837721620816e-9, 1.7635097451198033e-9, 1.360177907192654e-6, 1.2157860320569774e-8, 0.23199552286720992]
v_opt: [0.5903276015309711, 0.7680040757388238, 0.5898302228580582, 0.05382212326602222, 0.053822144472887024]
solution time: 0.012687921524047852
McCormick lower bound: -4.536724518373485

