x_opt: [0.736673141754328, 0.3110313503517166, 0.7366731455184498, 0.167174438644826, 0.7366731390569273, 0.16717623958384895, 0.8328237771856793, 0.4184018772645248, 0.2633292250826472, 0.2633268554375324, 0.23635699950727965, 0.7366707762995588, 0.2633268580767895, 0.16717622308188654, 0.2633268281052142, 0.34044106664563845, 0.1671744243524569, 1.1819435617899124e-8, 0.16717356393026384, 0.16717337444359306]
w_opt: [0.7366731383257221, 0.4733462828986613, 4.998982565448985e-9, 2.983258664737207e-9, 0.47334392044808116, 0.2633268481819374, 2.5060082213330694e-9, 1.0269169616017524e-8, 0.16717441909331301, 6.827612270693395e-9, 2.6055792132286977e-9, 0.04770449781502002, 0.04770450110341122, 0.31103133603715194, 0.2633268529229094, 0.16717621731769822, 9.690260492914697e-9, 0.3110313482523909, 0.1671744315264952, 0.5694969245187873, 0.15507502483523286, 9.788388414647045e-9, 0.4733439312144387, 0.3404410548873933, 8.255052624552802e-9, 1.0013393278977496e-8, 0.16717356191057117, 6.042933159159653e-9, 2.0095900720327517e-9, 1.0081453853094975e-8, 0.16717443541392157, 0.16717443475005542, 0.16717442576320746, 1.8553322314497005e-9, 4.604316524721255e-8, 0.167174422176809, 2.472392209217935e-9, 4.050570993183337e-9, 0.2633292232586842, 1.769253920320828e-8, 4.782023293857435e-9, 2.5505013916855286e-9, 5.185916684388795e-9, 0.16717439470501175, 1.7421338644962017e-9, 0.1671762316437508, 0.16717623091111186, 4.699900446681386e-9, 0.16717623558147282, 0.16717620998295138, 3.952288064633796e-9, 0.16717623741771434, 2.580106702633048e-9, 6.901756214076228e-9, 0.16717356151671384, 6.266431767670288e-9, 0.7366707737109223, 0.09615080703932373, 4.70832249576912e-9, 6.403598827787889e-9, 7.221429710765043e-9, 0.26332922270274955, 2.866848707053182e-9, 0.2633268211042701, 0.16717442056825946, 0.16717356041426804, 3.868327751155025e-9, 1.967169961163832e-9, 6.673331419585161e-9, 0.2633268558058559, 3.2243354691098225e-9, 2.538361570668495e-9, 3.0213346616406805e-9, 3.787499546761213e-9, 4.0335381284767794e-9, 1.8148290434142586e-9, 0.263326851872356, 5.260749712611068e-9, 0.16717354776200558, 0.23635699753482903, 3.5204113086376597e-9, 2.0152910452352704e-9, 2.084459796386999e-9, 5.659210579818542e-9, 2.4846397784886054e-9, 0.26332682567708543, 0.2633268182325461, 0.1671733702653196, 0.16717441547303624, 4.499519103141689e-9, 0.26332682472135605, 0.1671744119671409, 3.5694636612279413e-9, 0.1671735598994219, 0.1671733721487188, 2.368436696511214e-9, 2.2781567679054445e-9, 0.16717336420888634, 9.18277085250078e-9, 0.1671733713846554]
v_opt: [0.4184018749516793, 0.7366731421633184, 0.5426873745025521, 0.06934103511031332, 0.055864799911146304]
solution time: 0.012817859649658203
McCormick lower bound: -6.369091155949578

