x_opt: [0.7679970498816295, 0.2850356541485775, 0.7679970554761862, 9.72598230073538e-7, 0.7679970791675885, 0.23198956780449478, 0.7680104676327383, 0.5903142607722375, 0.415577792739989, 0.2320029361738237, 0.23200294383228992, 0.5844197653991045, 0.23200293452855972, 0.23198951554898095, 0.23200290187205158, 0.2850356669576021, 9.345706686644451e-7, 1.322586991145109e-8, 0.2319895319761971, 0.23198952321928698]
w_opt: [0.7679970456577935, 0.5359941308813736, 4.006264742023157e-9, 3.5537121657865898e-9, 0.3524168175910871, 0.23200292427767197, 3.373383213260264e-9, 1.2647587004588251e-8, 9.286314745825193e-7, 7.938912292273246e-9, 2.0387224896684365e-9, 0.053032712107220235, 0.0530327480004542, 0.2850356356514151, 0.23200293382280043, 0.23198951097334441, 1.0391263303481269e-8, 0.2850356505150901, 9.640801583665535e-7, 0.5360075249284725, 0.3583113188820638, 7.571194668443618e-9, 0.35241683055485773, 0.28503565027552397, 1.0008920411484577e-8, 1.0835425269797607e-8, 0.2319895293506922, 7.926120918910363e-9, 2.7108208099422802e-9, 1.8663517864609075e-8, 9.678968479907014e-7, 9.688878487950278e-7, 9.55623241958293e-7, 1.8655105553785867e-9, 8.980301914009651e-8, 9.321785398781982e-7, 2.8319712394844533e-9, 3.928102051222524e-9, 0.41557779059185473, 4.5602727424697e-8, 2.0026391598511984e-8, 2.2002907897340334e-9, 7.72579814885636e-9, 9.005707218774468e-7, 1.9506017521377987e-9, 0.2319895621740659, 0.2319895548322135, 6.747834701094208e-9, 0.23198956412337013, 0.2319895042165472, 3.3440514280766936e-9, 0.231989565822345, 2.5852401409080105e-9, 8.291948544754763e-9, 0.23198952889367036, 7.076990988936557e-9, 0.5844197631082072, 1.4523119813262349e-5, 4.452001070012457e-9, 2.984372310323268e-8, 2.0902831517296872e-8, 0.41557778947317886, 3.131146391309578e-9, 0.2320028945173271, 9.299150075975539e-7, 0.23198952801459252, 5.403165501782161e-9, 1.5719769989426531e-9, 2.5282757636912972e-9, 0.23200293256059515, 4.247397979591958e-9, 2.5701738162329315e-9, 3.345079160539309e-9, 3.848274604666404e-9, 4.349793565125837e-9, 1.8517382970375915e-9, 0.23200293069590905, 6.509010673564046e-9, 0.2319895181535504, 0.23200294151543804, 3.6528272074641578e-9, 2.3965930399238102e-9, 2.1230490574935567e-9, 4.96660426389465e-9, 2.361434293184278e-9, 0.23200289970098817, 0.23200289608769653, 0.23198951920087774, 9.249357730568074e-7, 4.425336980701234e-9, 0.23200289773919444, 9.204477550644044e-7, 4.903385450124354e-9, 0.23198952867041583, 0.23198952099880546, 2.470786363194242e-9, 2.104390928474929e-9, 9.255627048481056e-7, 1.0186602637108903e-8, 0.23198951459509978]
v_opt: [0.5903142574036405, 0.7679970521649493, 0.5898197398698732, 0.05382536581431558, 0.05382537273555775]
solution time: 0.013781070709228516
McCormick lower bound: -5.163141093050413

