x_opt: [0.6353529247462906, 0.36464707492839993, 0.635352927818587, 1.6986534739190058e-8, 0.6353529253133187, 0.15944811379716034, 0.8878480576775017, 0.36465042761493466, 0.3646470740059092, 0.36464707233132715, 0.22868671664007437, 0.6353529192369144, 0.3646470735268009, 0.11215194271361179, 0.36464707316705036, 0.3646470755199765, 1.6425563155559977e-8, 2.3535269629601497e-9, 0.11215194746457781, 0.11215194650745207]
w_opt: [0.6353529242778051, 0.27070585062506086, 6.840369252638114e-10, 7.082226667477218e-10, 0.2707058444160684, 0.36464707185634565, 6.231898026434072e-10, 3.7174912657618684e-9, 1.533893157696281e-8, 1.3901634777924492e-9, 4.843344044223957e-10, 3.292567221768968e-9, 6.243981727196443e-9, 0.36464707063071167, 0.3646470718078728, 0.112151941556861, 2.6192461929643202e-9, 0.3646470740100476, 1.5623199249563317e-8, 0.5232009857825609, 3.355911465679351e-6, 1.528701845881218e-9, 0.27070584886496396, 0.3646470731058173, 2.1803604795085205e-9, 1.964273514305185e-9, 0.11215194693315017, 1.7845018476684094e-9, 4.114906378037624e-10, 2.2355829882109594e-9, 1.5983991869853696e-8, 1.6325388414244785e-8, 1.379486841223632e-8, 3.941125045341024e-10, 5.50799865265243e-9, 1.582643213652803e-8, 6.067833910046363e-10, 8.891056519493738e-10, 0.36464707344663005, 4.232931448954061e-9, 6.410100515023565e-10, 5.53719713921924e-10, 1.2619039056587384e-9, 1.2527991987102642e-8, 4.5664478280389907e-10, 0.15944811244614593, 0.15944811151255983, 1.1312234269941397e-9, 0.15944811310382914, 0.11215194060555271, 8.175831889772763e-10, 0.15944811339720885, 5.056068277787748e-10, 1.3951319946171546e-9, 0.11215194688981342, 1.428926030752936e-9, 0.6353529186328065, 0.2524951749619817, 1.2639613597931475e-9, 8.069675134903739e-9, 8.598403298180202e-9, 0.3646470734707335, 6.794614287415357e-10, 0.364647071875922, 1.5202004934848394e-8, 0.11215194664422838, 7.98979604411817e-10, 3.257510647773202e-10, 5.224858230780271e-10, 0.36464707295873244, 1.1805986477195965e-9, 4.950340586090218e-10, 7.355130387436388e-10, 9.676249184791424e-10, 1.0757967238264104e-9, 4.621089353216687e-10, 0.3646470717840939, 9.005534710065098e-10, 0.11215194377580168, 0.22868671621734551, 7.517999007650492e-10, 6.212111897897562e-10, 5.014845796211694e-10, 1.1617826977773087e-9, 4.891378627306177e-10, 0.3646470726053366, 0.36464705167909045, 0.1121519456909164, 1.4964436412897878e-8, 1.1363718877047035e-9, 0.36464707228059257, 1.3603238717530354e-8, 8.080062489157044e-10, 0.11215194684382142, 0.1121519460154802, 5.187511753258108e-10, 4.26729841906516e-10, 1.5168358922520387e-8, 1.8265126867829928e-9, 0.11215194530001303]
v_opt: [0.36465042700461625, 0.6353529271157722, 0.4036733419231758, 0.13296748879187298, 0.052297679355546724]
solution time: 0.013501167297363281
McCormick lower bound: -7.093536584536461

