x_opt: [0.7455636119308866, 0.25443674470007166, 0.7455636667835798, 4.448276279384633e-6, 0.7455634476485001, 0.20423159223495804, 0.7957688470633179, 0.5728654806869852, 0.3962183350242905, 0.25443629983095306, 0.2544360581130293, 0.6037816374364986, 0.2544365349240013, 0.20423115535884442, 0.25443645326344494, 0.30143469248006205, 4.431192546850038e-6, 3.449443447755779e-8, 0.2042293074116002, 0.204228715686493]
w_opt: [0.7455636055717353, 0.4911270624965702, 6.829261390185087e-9, 5.783791539216969e-9, 0.34934525264916244, 0.2544365138289217, 4.859833451456036e-9, 2.0837230532023288e-7, 4.421858871779331e-6, 2.3586290140850333e-8, 3.509276871801981e-9, 4.1426243836872605e-7, 2.719014280877242e-7, 0.25443669349900944, 0.2544362951722985, 0.20423114693167227, 4.95047809864031e-8, 0.2544367406621786, 4.431435514908634e-6, 0.5413325172852349, 0.3184291513095803, 1.020759600298698e-8, 0.3493453288600006, 0.30143466589349155, 2.227797492197548e-8, 3.0976999725199086e-8, 0.20422930327536643, 1.1977357845427926e-8, 2.9954664182386553e-9, 6.29614059723359e-8, 4.4405348237151794e-6, 4.442596078979317e-6, 4.3951990215300855e-6, 3.495299504416106e-9, 3.372846698810442e-7, 4.425453793064526e-6, 5.160851813411064e-9, 1.1122541719328042e-8, 0.39621833180818467, 5.135287511983382e-8, 4.615185829193409e-9, 4.332361326101135e-9, 1.1413732935390957e-8, 4.302050181021529e-6, 3.6794911502048195e-9, 0.20423157795673197, 0.204231568474252, 9.475358086457406e-9, 0.2042315872401547, 0.20423112864554885, 8.333760852708098e-9, 0.20423158880304054, 4.9746942674530006e-9, 2.4235232992285068e-8, 0.20422930260648942, 1.385771116551155e-8, 0.6037816328657871, 0.05020601150445566, 1.2022824231363448e-8, 2.1160218292063904e-8, 4.821349634824522e-8, 0.39621833072548934, 5.191163552688587e-9, 0.2544364400931268, 4.423266072517075e-6, 0.2042293014764796, 5.777435852662536e-9, 3.0610337546099537e-9, 9.482439450795298e-9, 0.2544365317116464, 7.93982089886679e-9, 4.018754291533264e-9, 7.012911913303607e-9, 1.0088102126849196e-8, 1.2320145309250422e-8, 3.3193125233010527e-9, 0.25443629469384377, 8.313848328450454e-9, 0.2042292511217092, 0.25443605439076245, 1.0098605984649503e-8, 4.231445506497065e-9, 4.265033463365029e-9, 9.223655114510883e-9, 4.070343370943305e-9, 0.25443644978291596, 0.25443646996014124, 0.20422871023772562, 4.4066743310194545e-6, 8.143106570042602e-9, 0.25443644792090503, 4.3865056545861636e-6, 8.814506611248751e-9, 0.20422930177493007, 0.2042287116067795, 3.969546549375838e-9, 4.083397701368074e-9, 4.415160525875515e-6, 2.9884549734955015e-8, 0.20422869682348005]
v_opt: [0.5728654767659777, 0.7455636619935773, 0.5558650619814752, 0.06473783052822826, 0.06473802305735415]
solution time: 0.01573491096496582
McCormick lower bound: -5.150439470547461

