x_opt: [0.48888836740941355, 0.2630876629434657, 0.8616664648271084, 0.13833354148499838, 0.8616664592484768, 0.13833352008525698, 0.8616664581647274, 0.8616986249628648, 0.8616664580130817, 0.13833352619192532, 0.13553006948092367, 0.8168246267213773, 0.13833352543248922, 0.1383335400864179, 0.13833349432522477, 0.26308766900002484, 0.13833353911234145, 1.3398491611659628e-9, 0.1383334946259819, 0.13830137640729828]
w_opt: [0.4888883671146997, 0.3505548260706261, 4.126367808285509e-10, 2.9270545555623516e-10, 0.3057129943961386, 0.13833352351387238, 3.0807503481774724e-10, 8.347126438241342e-10, 0.13833353859146297, 7.767984129630451e-10, 2.530781809602482e-10, 0.12475412793062766, 0.12475412285872739, 0.2630876617019119, 0.1383335258082438, 0.1383335395364418, 1.0761992609800271e-9, 0.26308766274493195, 0.13833354060555444, 0.7233329233115373, 0.7233650901237453, 7.615793927019008e-10, 0.6784910926404041, 0.26308766763183145, 4.289288380506422e-9, 1.067969311890827e-9, 0.13833349440454096, 4.833202976736205e-10, 4.2926392049519117e-10, 1.1311987714995205e-9, 0.1383335411583027, 0.13833354101270637, 0.13833352488680586, 2.282075060632856e-10, 4.995989290678752e-9, 0.13833353889825256, 2.2503284357281933e-10, 4.337610543933199e-10, 0.8616664578672059, 1.3110985609343186e-9, 3.361901829959665e-10, 3.234052921433717e-10, 4.738104110892352e-10, 0.13833353437548734, 1.8632465749313652e-10, 0.13833351918827969, 0.1383335190322291, 5.273038175996706e-10, 0.13833351958336956, 0.1383335193684673, 4.0856243925288985e-10, 0.13833351975793853, 3.4299655265605843e-10, 7.774028531658947e-10, 0.13833349436058812, 5.435101504641411e-10, 0.8168246264586188, 2.387357482787982e-8, 2.7359663341415856e-10, 4.0032347705307964e-10, 9.389026767032507e-10, 0.861666457725372, 2.8820117324370785e-10, 0.138333493084382, 0.13833353880500052, 0.13833349431140018, 1.829090102413296e-9, 3.0359500821862216e-10, 0.678491085246313, 0.13833352495408446, 2.7345121520169006e-10, 3.1613279810361647e-10, 3.0060599345067624e-10, 4.4390873151628214e-10, 4.421091471245146e-10, 1.898047353986806e-10, 0.13833352491062698, 8.132871626163561e-10, 0.13833349224429245, 0.13553006914191168, 3.654837522055669e-10, 1.8070290938943767e-10, 2.875027244269777e-10, 6.485939600278971e-10, 2.51709459104086e-10, 0.13833349394286718, 0.13833352203942254, 0.13830137601080772, 0.13833353690082975, 3.5949702659143815e-10, 0.1383334938984592, 0.13833349301241787, 3.9957917654833376e-10, 0.1383334931830209, 0.1383013761422955, 2.2695082089488934e-10, 2.8574375020248455e-10, 0.13830137553558508, 9.771396201027542e-10, 0.1383013761779776]
v_opt: [0.8616986247206812, 0.8616664643755751, 0.742469219348144, 0.01913617119548281, 0.01836878246186344]
solution time: 0.016376018524169922
McCormick lower bound: -4.158918676183183

