x_opt: [0.6353532553080475, 0.36464695019693366, 0.6353533218994508, 1.6650336013549343e-7, 0.635353324429444, 0.1594473044481723, 0.8878472184196349, 0.3646503044234392, 0.3646466129336255, 0.3646466038824346, 0.22868672406750498, 0.6353533475834809, 0.36464661350540684, 0.11215282440607877, 0.3646466044380662, 0.3646471329519544, 1.4463010511592123e-7, 5.540340852077132e-8, 0.11215274530811495, 0.11215267207567728]
w_opt: [0.6353532401344909, 0.2707065868900844, 1.3367087361544408e-8, 1.2723434113829277e-8, 0.27070661073844093, 0.3646465801261485, 1.1807506114484077e-8, 9.47034007747054e-8, 1.2386654332698994e-7, 3.530527038653402e-8, 9.757567624364256e-9, 2.792697577701875e-7, 4.4181838845137025e-7, 0.3646468373247612, 0.3646465965071906, 0.1121528022200278, 8.785024349024347e-8, 0.3646469377152099, 1.3793744869637107e-7, 0.5232005478393521, 3.632829871459395e-6, 4.388864049580356e-9, 0.27070670976035693, 0.3646470794474373, 5.992673709866923e-8, 4.8496373073676953e-8, 0.11215273648953887, 4.3599161667485806e-8, 6.952204500448698e-9, 7.197908764392097e-8, 1.4852039841305098e-7, 1.5207736357740662e-7, 9.853518617892167e-8, 7.018017910046295e-9, 1.0197601494432914e-7, 1.343081699926464e-7, 1.1721840160090583e-8, 1.8811785507722253e-8, 0.3646466035937536, 1.4515457868590746e-7, 1.0730944692056412e-8, 1.0890725187068943e-8, 2.7354077512069278e-8, 6.487883528209627e-8, 8.35507244120916e-9, 0.1594472746020619, 0.15944725995858605, 2.319190738433566e-8, 0.15944729205064276, 0.11215277515457411, 1.8271820052993824e-8, 0.1594472977600764, 9.722000636809494e-9, 3.567918541544713e-8, 0.1121527355799736, 4.150111757451129e-8, 0.6353533369435937, 0.25249470285074843, 5.765844658328206e-8, 1.7925912083717313e-7, 1.8616300792387045e-7, 0.3646466040480003, 1.3029747735786062e-8, 0.36464658815453554, 1.220940348396909e-7, 0.11215272895524613, 1.4817683551844356e-8, 6.190910879848589e-9, 9.567778904229283e-9, 0.36464660376414243, 2.3214523160159428e-8, 9.1584180350923e-9, 1.5471968337607385e-8, 2.047203128180567e-8, 2.5052712555938448e-8, 8.542379601191888e-9, 0.3646465946464056, 1.9025559049957807e-8, 0.11215267617193429, 0.22868671738046698, 1.765616191826414e-8, 1.0873569439719731e-8, 9.141213292078236e-9, 2.983993199818526e-8, 9.862651951031512e-9, 0.36464659253087894, 0.36464614734827266, 0.112152657992452, 1.1514375208029922e-7, 2.5795876057283728e-8, 0.36464659097773733, 7.939734166456725e-8, 1.7664770171581405e-8, 0.11215273473972495, 0.11215265809447637, 9.855794174147909e-9, 8.1238638743112e-9, 1.146961737515117e-7, 4.633162436007893e-8, 0.11215265432290103]
v_opt: [0.36465029410332117, 0.6353533084392421, 0.4036739144095385, 0.13296726289003305, 0.052297622841738396]
solution time: 0.012403011322021484
McCormick lower bound: -7.283404197894337

