x_opt: [0.7468182497688604, 0.2531818736257067, 0.7468182548629337, 0.16694777625250068, 0.7468182468835021, 0.16694782044931064, 0.8330521815078877, 0.4634367465463439, 0.26974647430093135, 0.2531817435414247, 0.2328075435530805, 0.7302535316278591, 0.25318174864527704, 0.16694781843364376, 0.2531817213926465, 0.34571990785038514, 0.16694776722331242, 1.5677860768185547e-8, 0.16694760124661542, 0.16694751041794467]
w_opt: [0.7468182457706563, 0.4936364995401303, 6.033338929646711e-9, 4.144729485887346e-9, 0.47707178449763, 0.2531817353940971, 3.278256182409068e-9, 1.4154277305957467e-8, 0.16694776048534946, 9.211676887184605e-9, 3.523659569258729e-9, 1.3093524796656893e-7, 1.3715913943774095e-7, 0.2531818551704474, 0.25318173990409854, 0.16694781067037384, 1.3577639973882753e-8, 0.2531818709865629, 0.16694776697444744, 0.5798704388190191, 0.21025500411811576, 1.0831047838213506e-8, 0.477071798968336, 0.3457198932506113, 1.0979068011868007e-8, 1.3311062980123547e-8, 0.16694759860878403, 7.949958258836429e-9, 2.5179099557795077e-9, 1.2946088640172854e-8, 0.16694777205094977, 0.16694777112898276, 0.16694775852561503, 2.512483965298038e-9, 6.027262836375385e-8, 0.16694776439049117, 3.1856459255605733e-9, 5.522493211609645e-9, 0.2697464719383598, 2.1038935921153104e-8, 4.9798375828915e-9, 3.4956706477880615e-9, 6.5379333916060266e-9, 0.16694772746501385, 2.3253966113564685e-9, 0.16694780943659676, 0.16694780908924897, 5.973929728095193e-9, 0.1669478152950406, 0.1669477994353151, 5.423094272039095e-9, 0.1669478175125845, 3.471121456491705e-9, 9.177828840257282e-9, 0.16694759804863132, 7.983446376355495e-9, 0.7302535280758019, 0.08623411034275763, 5.455863924746763e-9, 6.977852892203643e-9, 1.0832729254461652e-8, 0.26974647122378526, 3.765407371016606e-9, 0.25318171203957457, 0.16694776229217587, 0.1669475967850903, 4.791807420769389e-9, 2.709239621520508e-9, 1.1914966802028175e-8, 0.2531817456600191, 4.263557980664589e-9, 3.3187016905286073e-9, 3.99522104346736e-9, 5.300195281244545e-9, 5.5507374675179626e-9, 2.389756287493122e-9, 0.25318173886584683, 6.6439443380291425e-9, 0.16694757959924003, 0.23280754092892664, 4.676641754981083e-9, 2.673530396119167e-9, 2.8182804677597597e-9, 7.37759563863018e-9, 3.2186390724586043e-9, 0.2531817182054509, 0.25318170012674585, 0.1669475050852806, 0.16694775559302066, 5.8969137741046465e-9, 0.2531817170989734, 0.16694775028443923, 4.557862651168022e-9, 0.16694759590644237, 0.16694750720387921, 3.0828577014737095e-9, 3.042318097252641e-9, 0.1669475008637117, 1.2180548909029641e-8, 0.1669475069222649]
v_opt: [0.4634367436387933, 0.7468182505720471, 0.5577376658476735, 0.06410099630537056, 0.0541994518368383]
solution time: 0.015091180801391602
McCormick lower bound: -6.238958614337154

