x_opt: [0.665080534171597, 0.3353877290943374, 0.665080618626607, 1.4030176574379388e-6, 0.6650805605096302, 0.14145769446828402, 0.8585423749808185, 0.40982836916848886, 0.341720021278253, 0.3349193890730098, 0.2935046261544884, 0.6582798972336762, 0.3349194015471023, 0.14145761607337154, 0.33491931849987455, 0.33538805092220647, 1.3677695249404232e-6, 3.452706720978074e-8, 0.1414575310882239, 0.1414566750977473]
w_opt: [0.6650805160012555, 0.33016109918650743, 1.1425863385808266e-8, 7.3647230045521415e-9, 0.32336043695013267, 0.3349193747399278, 8.044069623558572e-9, 3.7687425883522615e-8, 1.3539065510184463e-6, 2.109956381631604e-8, 6.0128546740211296e-9, 0.00046835271815804763, 0.00046833813789770427, 0.3353876801992548, 0.3349193838280184, 0.1414576038005766, 2.8473423868140736e-8, 0.33538772344788415, 1.383404014367734e-6, 0.5236229981942807, 0.07490899379864734, 8.133297196268823e-8, 0.3233605406218565, 0.33538801142051305, 2.7063001371471738e-8, 2.9301302486895174e-8, 0.14145752513686638, 2.3261423029789895e-8, 5.823064289192658e-9, 3.8392144760668446e-8, 1.392413577431028e-6, 1.3931719652518122e-6, 1.3570431134789047e-6, 4.5206151567820375e-9, 1.9417627041246765e-7, 1.36113253005155e-6, 6.8332895730793924e-9, 1.00184281677079e-8, 0.34172001583714023, 6.340878756987154e-8, 1.4669653118429126e-8, 6.034440434461093e-9, 1.713822574307204e-8, 1.2969396844974665e-6, 4.8444798582374965e-9, 0.1414576796810745, 0.14145765154320272, 1.764835475842605e-8, 0.1414576851137635, 0.14145754979181777, 8.983575067786012e-9, 0.1414576895463829, 6.3864439049190406e-9, 2.1706158038890816e-8, 0.1414575248372214, 1.910614798252917e-8, 0.6582798909908038, 0.19346219319628807, 1.296628171927453e-8, 7.126835400766595e-8, 2.8090783160001364e-8, 0.3417200139521995, 7.678684191533542e-9, 0.334919301607522, 1.3564378418337817e-6, 0.14145752176653278, 1.2234924748217957e-8, 4.117339604726456e-9, 7.774998142574685e-9, 0.33491939661734293, 1.0479863152068425e-8, 6.1197838244208384e-9, 8.315812608366875e-9, 1.0052100542586272e-8, 1.1436353161988785e-8, 4.713037447440627e-9, 0.3349193844904534, 1.5517594141211354e-8, 0.14145748261669921, 0.2935046206046864, 9.773311856380155e-9, 5.868891842963701e-9, 5.252754490321964e-9, 1.3161963629122069e-8, 5.953724286423853e-9, 0.33491931275920206, 0.3349193179222135, 0.14145666533374032, 1.3387548053012998e-6, 1.1732550570463613e-8, 0.3349193101191971, 1.3282782116563441e-6, 1.1502426566541153e-8, 0.1414575232727997, 0.1414566658891769, 6.068768025822665e-9, 5.27651638794232e-9, 1.345527017928848e-6, 2.7438361406182285e-8, 0.14145661524935788]
v_opt: [0.40982836189782523, 0.665080610671232, 0.44233227978932343, 0.11217120056659988, 0.0861450073476513]
solution time: 0.014570951461791992
McCormick lower bound: -5.685775116888841

