x_opt: [0.7993823165822181, 0.2010071655969723, 0.7993823383982054, 0.20061762738984498, 0.799382310100553, 0.20061768525540405, 0.7993823171767841, 0.5467783405095041, 0.2805062421069262, 0.20061767245922468, 0.20061750368065032, 0.7194937596149942, 0.20061768891584833, 0.20061768085777812, 0.2006176273935335, 0.33335604077699565, 0.2006176247936104, 3.7197709128984367e-9, 0.2006176256333361, 0.2006176243586435]
w_opt: [0.7993823158550473, 0.5987646272127704, 1.1214998110032205e-9, 8.703054963624338e-10, 0.518876076924537, 0.2006176849389141, 1.4971397819482903e-9, 2.7758670796085158e-9, 0.20061762307867864, 2.1515866933064584e-9, 6.345784092788257e-10, 0.00038950474313719907, 0.0003894809256392755, 0.20100716111589098, 0.20061767160231045, 0.2006176794441992, 3.154308199078771e-9, 0.20100716485981107, 0.20061762474191575, 0.5987646561523357, 0.34616067994124283, 1.2285036489082547e-8, 0.5188761012756538, 0.33335603616904447, 2.34965973210778e-9, 2.866735453143979e-9, 0.2006176248330941, 1.6589956067490597e-9, 8.185166639919135e-10, 4.22639505809855e-9, 0.2006176261796497, 0.20061762625163845, 0.2006176227536059, 6.344090607027805e-10, 1.6691466388720727e-8, 0.20061762398515964, 7.626476571043723e-10, 1.2422765728043108e-9, 0.28050624155759013, 6.499419340243575e-9, 1.1716178992662059e-9, 7.999302717603614e-10, 1.3339884139225682e-9, 0.20061761356969826, 6.209107716778594e-10, 0.2006176833796913, 0.20061768154837412, 1.9390244571359883e-9, 0.2006176837473159, 0.20061767848021086, 1.0409505931539257e-9, 0.2006176845021924, 8.9719491235278e-10, 2.205802567886076e-9, 0.20061762484957119, 1.758756092035845e-9, 0.7194937588725604, 1.144168638232923e-7, 1.1470892580144766e-9, 1.481221054237683e-9, 3.787425378197021e-9, 0.2805062410428955, 9.185645239394324e-10, 0.20061762447840495, 0.20061762365554645, 0.20061762457187574, 1.4751621315947842e-9, 5.942529562335196e-10, 3.1191585232379342e-9, 0.20061768804140856, 1.0674293479294901e-9, 8.122151084825337e-10, 9.519514272999069e-10, 1.2717394006265126e-9, 1.360714443428977e-9, 5.874336756409254e-10, 0.20061767150480214, 2.123952119150124e-9, 0.20061761893125107, 0.20061750268390557, 1.0528980863768765e-9, 6.546471132103787e-10, 7.89862486908272e-10, 1.6910967746710177e-9, 7.004584335254451e-10, 0.20061762660847335, 0.20061767667145275, 0.20061762314625373, 0.2006176207696113, 1.1492847883265533e-9, 0.20061762601685923, 0.20061761735342618, 1.3507947010548562e-9, 0.20061762371002734, 0.20061762356974505, 7.076009045354468e-10, 7.067574979486994e-10, 0.2006176200449377, 2.6821469949538287e-9, 0.2006176232100016]
v_opt: [0.5467783396241462, 0.799382337497627, 0.6390123724280098, 0.040247917845311725, 0.040247606735056944]
solution time: 0.013881206512451172
McCormick lower bound: -4.0967136605507335

