x_opt: [0.8164038046370721, 0.22307182098709083, 0.8166704741057925, 0.1833311477143505, 0.8166688498688114, 0.18332710458661614, 0.8166703890605675, 0.8166793269992644, 0.637473583147552, 0.18332962374492584, 0.08935367045727541, 0.7944543313567662, 0.18332955306319568, 0.1833295553124697, 0.18332503184128437, 0.22307185084010248, 0.18332949962947626, 5.672486974863014e-8, 0.18332495957517786, 0.18332374169357118]
w_opt: [0.8164037916298387, 0.6330726625741688, 1.6983777482501916e-8, 1.1715231534427537e-8, 0.6108581479666182, 0.18332948103552013, 1.2821692534811522e-8, 3.2038038391312166e-8, 0.18332947559547713, 3.326336411717779e-8, 1.0406325463005648e-8, 0.039742306156413616, 0.03974074588825623, 0.2230717635465408, 0.18332960772926457, 0.18332953337112035, 4.304589694038968e-8, 0.22307180977621857, 0.1833311089727376, 0.633340870739603, 0.6333498151965954, 1.3864002709152453e-7, 0.6111248674570605, 0.22307177457485872, 3.7835205829192154e-8, 4.5957178642276235e-8, 0.18332495026365728, 2.2133916112724592e-8, 1.977626334600219e-8, 5.8803698024042545e-8, 0.18333113499570922, 0.1833311282838376, 0.18332956661438599, 8.739325449315943e-9, 3.8454723062044517e-7, 0.18332949156319212, 9.475107607686915e-9, 1.66151737606955e-8, 0.6374735767263982, 6.91757260599434e-8, 1.9041606452565726e-8, 1.0815591598975148e-8, 2.157496137589424e-8, 0.1833292572161066, 7.468615987098294e-9, 0.1833270693739714, 0.1833270585169918, 2.3396636812817777e-8, 0.18332708243806448, 0.18332707673822954, 1.6345990382128415e-8, 0.18332709262709482, 1.3404930429555055e-8, 3.4579916995552176e-8, 0.18332494966838614, 2.839830477205865e-8, 0.7944543215590447, 1.6280105592311055e-6, 1.4166490822820841e-8, 1.8125750652622084e-8, 4.4536702594584467e-8, 0.6374735697980846, 1.1844372181606322e-8, 0.18332498176966847, 0.18332948693460493, 0.18332494503799707, 3.992237892625587e-6, 1.0910699677189889e-8, 0.4319279392332348, 0.18332953460307203, 1.1278348328669333e-8, 1.2221895872893291e-8, 1.1979602716412768e-8, 1.5888365454973706e-8, 1.6879291054834794e-8, 7.302400615219356e-9, 0.18332953491258958, 4.450217609217583e-8, 0.18332486338969037, 0.08935365769274624, 1.5507978884366383e-8, 7.445389593141842e-9, 9.841161807035261e-9, 2.8287331963644082e-8, 1.0729073636439212e-8, 0.18332501570065987, 0.18332943155545534, 0.18332372240557732, 0.18332934954008276, 1.5970763373718022e-8, 0.18332501250565159, 0.18332496711947036, 1.7910750776418617e-8, 0.18332493218545864, 0.18332373177217637, 9.930707318414343e-9, 1.1230899689892924e-8, 0.1833236970288981, 4.2034237786025694e-8, 0.18332373351169032]
v_opt: [0.8166793163487852, 0.8166704613107727, 0.6669499848871586, 0.03360975467432723, 0.007984392355728518]
solution time: 0.013882160186767578
McCormick lower bound: -4.355166231092323

