x_opt: [0.7899463064060845, 0.3189949711296921, 0.7899463084902612, 0.2100536328946147, 0.7899463050889878, 0.21005361462896302, 0.7899463739282587, 0.4656939267316219, 0.269281943645022, 0.21005369380212613, 0.19822403793118645, 0.7307180584219053, 0.21005369369108168, 0.21005362607252842, 0.21005363226700635, 0.31899497947479294, 0.21005362843947925, 2.8427571749520477e-9, 0.21005331602139224, 0.2100533097599675]
w_opt: [0.7899463051478507, 0.5798926119181324, 1.808368738565399e-9, 6.518216173421534e-10, 0.5206643654565865, 0.21005369030202145, 6.518382229963981e-10, 2.4110532818261666e-9, 0.21005362719128862, 1.7366252472306801e-9, 7.616446541809849e-10, 0.10894128009188223, 0.10894128008063454, 0.318994967022641, 0.21005369321527992, 0.21005362457858257, 2.8510262036404503e-9, 0.31899497064014204, 0.2100536309521821, 0.5798926827898191, 0.25564023571440053, 4.5370680137710796e-9, 0.5206643697676181, 0.3189949753333602, 2.6449994720908e-9, 2.4611175105112693e-9, 0.21005331561661858, 1.9142127932449005e-9, 5.036715993283131e-10, 3.416331457827388e-9, 0.21005363225613083, 0.21005363205680044, 0.21005362902747196, 4.137583176931686e-10, 1.346544455132164e-8, 0.21005362806869818, 5.192075135345388e-10, 1.027041517864234e-9, 0.2692819433085938, 6.970028443264211e-9, 1.367550916062716e-9, 6.119566040894901e-10, 1.2834018131660532e-9, 0.21005362033821015, 4.000851496611009e-10, 0.21005361245676102, 0.21005361231640082, 1.3757918871683674e-9, 0.21005361368249545, 0.21005361149058746, 1.1218558154998348e-9, 0.21005361415432403, 6.714678986898006e-10, 1.7388803796322803e-9, 0.21005331556158346, 2.0176022442210896e-9, 0.7307180578490969, 1.2923771007010147e-7, 1.330898390084746e-9, 1.6591807824494044e-9, 3.1473332831798815e-9, 0.26928194312930764, 6.768627483002085e-10, 0.2100536303542696, 0.21005362769562283, 0.21005331518376383, 1.183207246844328e-9, 5.463487883117683e-10, 4.078203761878992e-9, 0.21005369304526153, 6.870885903283097e-10, 6.400405429783251e-10, 6.604247355259799e-10, 9.035034430581091e-10, 1.0288446782594012e-9, 3.7851450783535126e-10, 0.2100536925219337, 1.92369785105786e-9, 0.21005331223714857, 0.19822403756659276, 9.212017022619802e-10, 4.1096979704045677e-10, 4.547369647559834e-10, 1.73333710317008e-9, 6.222843697387506e-10, 0.21005363174445468, 0.21005368469522992, 0.21005330880477446, 0.21005362228195593, 1.1404495326192768e-9, 0.2100536314710445, 0.21005362322700596, 8.503390865037525e-10, 0.2100533148595796, 0.21005330919850707, 5.774387786722001e-10, 5.526792601836451e-10, 0.21005330664695016, 2.270881004161287e-9, 0.2100533081894429]
v_opt: [0.46569392623885886, 0.789946307730311, 0.6240151871108541, 0.04412255892735671, 0.039292778528688975]
solution time: 0.014646053314208984
McCormick lower bound: -6.082713391670997

