x_opt: [0.7908430841093359, 0.31481675850814206, 0.7908431481115981, 0.20915213965560175, 0.7908431531973644, 0.20915224099979846, 0.7908478049974652, 0.4707256676027132, 0.2666757536494346, 0.20915691643040785, 0.2091546095310853, 0.7333242275222942, 0.2091568836745949, 0.20915218968609373, 0.209155234773639, 0.31481680289849634, 0.20915187244318087, 6.23144592839524e-8, 0.20915193298736004, 0.20915185939624378]
w_opt: [0.7908430628414317, 0.5816862466959315, 4.484200936303727e-8, 1.499692252961256e-8, 0.5241673248979797, 0.20915682394545634, 1.4544259406951964e-8, 4.3476271079734694e-8, 0.20915184256336894, 3.640024606833187e-8, 1.1511789037595246e-8, 0.10565991880193404, 0.1056599872508266, 0.3148166656098867, 0.20915690350102883, 0.20915216433217204, 5.3938586562872476e-8, 0.31481674464028303, 0.20915209684748645, 0.5816909617512576, 0.2615688277244856, 1.0434957659493927e-7, 0.5241674316058909, 0.31481671648915865, 4.535155367131759e-8, 5.214359848590751e-8, 0.20915192188619527, 3.5683741219081396e-8, 1.227924304426865e-8, 8.099599361570562e-8, 0.20915212186263313, 0.20915212056408397, 0.20915206946840126, 9.114005654510858e-9, 3.556297922488008e-7, 0.2091518621836981, 1.2273131262733757e-8, 1.96011944317836e-8, 0.26667574492443746, 1.9896711351771813e-7, 6.48587583137301e-8, 1.1464990556241422e-8, 2.416108330226295e-8, 0.20915167960679668, 8.999587046322298e-9, 0.2091522063208039, 0.2091521890436713, 2.963381896651601e-8, 0.2091522212724826, 0.20915212501075608, 1.945484423878862e-8, 0.2091522307782969, 1.3434233972858565e-8, 3.7926778961103756e-8, 0.2091519210415426, 3.945006547634573e-8, 0.7333242163329822, 5.758340532921924e-6, 2.742550651046899e-8, 3.2482934044390706e-8, 6.404431525674253e-8, 0.26667573993403215, 1.4946563307537e-8, 0.209155194285118, 0.20915185347129447, 0.20915191404102373, 2.692575170768611e-8, 9.209704048998367e-9, 2.364844531864972e-8, 0.20915687203669897, 1.678309568088995e-8, 1.339267323808926e-8, 1.505192597179366e-8, 1.8624682392339184e-8, 2.1173577927573792e-8, 8.538521238470298e-9, 0.20915686953700982, 3.960853698857814e-8, 0.2091518504237415, 0.209154598820871, 1.844516104652988e-8, 9.897463418881732e-9, 1.0084110969993307e-8, 3.0798506842000795e-8, 1.2362652918692912e-8, 0.20915522360715394, 0.20915668244222693, 0.20915183819516375, 0.20915180531445393, 2.2710469520139405e-8, 0.20915521491181557, 0.20915180284779067, 2.1370418335491294e-8, 0.20915191210184805, 0.20915184812363255, 1.2458284675315403e-8, 1.1185611028529972e-8, 0.2091516778510666, 4.8035559084745364e-8, 0.20915183611110616]
v_opt: [0.47072565400507044, 0.7908431324364041, 0.6254336751734013, 0.04374663721640116, 0.04374602396707939]
solution time: 0.013895988464355469
McCormick lower bound: -5.452364186550579

