x_opt: [0.6358352664785666, 0.3641647550501193, 0.6358352793178296, 3.359023514161747e-7, 0.6358352195570661, 0.15901952665849592, 0.8873368975733882, 0.3653221558434476, 0.3641647924068073, 0.36416469537135715, 0.22989160964421712, 0.6358351739340597, 0.36416477221563254, 0.11266310544729087, 0.364164768783837, 0.3641647843511957, 3.3450025345526073e-7, 1.2567261464567833e-8, 0.11266306664605662, 0.11266302447566402]
w_opt: [0.6358352641626015, 0.2716704882877796, 3.168958572959083e-9, 3.5903525096461494e-9, 0.27167044244409266, 0.3641647634936837, 3.111684779891477e-9, 6.849581096194517e-8, 3.297069580507784e-7, 7.788023882757112e-9, 2.5752945235392056e-9, 3.6086615846066976e-8, 1.837617522146937e-8, 0.36416473444601194, 0.36416469299072357, 0.11266309962961697, 1.716715116124695e-8, 0.36416475228606865, 3.292851622746673e-7, 0.5231721791149629, 0.0011574371457219994, 5.030371824828139e-9, 0.27167046213381185, 0.3641647748721195, 1.1547171984346215e-8, 1.0677117778879639e-8, 0.11266306422474946, 9.149836733678581e-9, 1.671913720226058e-9, 1.2252527730326454e-8, 3.312970297958397e-7, 3.3243470598240563e-7, 3.119027947483067e-7, 2.0956089941024715e-9, 5.952320344754544e-8, 3.308190667911422e-7, 2.9899878037403925e-9, 4.938455427764922e-9, 0.36416479000020546, 1.3842803201681252e-8, 2.4660344125812324e-9, 3.131374628259631e-9, 5.783624920714752e-9, 3.1114044316145203e-7, 2.2972512249153315e-9, 0.1590195190646745, 0.1590195160515408, 4.703635276202571e-9, 0.15901952354072238, 0.11266309734759705, 4.451630276111195e-9, 0.15901952459142588, 2.6514879343273958e-9, 7.627436767027535e-9, 0.11266306353406462, 6.59106575224555e-9, 0.6358351706118832, 0.2515020166013488, 6.089188224659915e-9, 9.487386275412165e-9, 1.4397634607326412e-8, 0.3641647899904531, 3.175880866351732e-9, 0.3641647630087287, 3.290445862990475e-7, 0.11266306331963781, 3.1887974712254152e-9, 1.7652327298768771e-9, 3.088618345465062e-9, 0.36416476993976615, 5.576852818247545e-9, 2.3271255171139494e-9, 3.9385593855847515e-9, 6.593421047999971e-9, 6.2234013632639076e-9, 2.456588585312546e-9, 0.3641646929899732, 4.004256891976814e-9, 0.11266304685258638, 0.2298916075843499, 3.884898692519849e-9, 3.062742059983187e-9, 3.168430765523896e-9, 5.846302312703094e-9, 2.358128601976204e-9, 0.3641647663772622, 0.3641646686077625, 0.11266302091904899, 3.268362934791829e-7, 5.4515388671610935e-9, 0.36416476488613475, 3.173510256775238e-7, 3.7909441817811975e-9, 0.11266306362395662, 0.11266302079339212, 2.384118583357603e-9, 2.2365041388834233e-9, 3.2813090122771533e-7, 1.011103414718622e-8, 0.11266302031580751]
v_opt: [0.36532215347045194, 0.6358352760765018, 0.4042864317667455, 0.13261592861994123, 0.052850303834879576]
solution time: 0.01571202278137207
McCormick lower bound: -6.263031544128211

