x_opt: [0.8015880428726228, 0.19841207864887223, 0.8015880718429148, 0.19841185679511802, 0.80158796680683, 0.19841185644572826, 0.8015881178030616, 0.8732939294292588, 0.6233013322484426, 0.19841193016093872, 0.12670107370326902, 0.769339278553569, 0.1984119864475794, 0.19841188163216325, 0.19841179734634362, 0.1984145954784664, 0.19841183121418726, 3.576911594024175e-8, 0.10938712439032847, 0.10938701594247384]
w_opt: [0.801588035078029, 0.603176013927995, 9.207985545022527e-9, 7.250907582786491e-9, 0.5709273267031568, 0.19841195599194886, 6.529896746206691e-9, 2.6025787785344483e-8, 0.19841181988158602, 2.3543341827202246e-8, 6.678831325178727e-9, 1.543386078140369e-7, 1.1230188746114764e-7, 0.19841203756806838, 0.19841192383167872, 0.19841186628605081, 5.00371218061027e-8, 0.19841207452948034, 0.19841183810780114, 0.6031761939161041, 0.6748820061985072, 3.3801189686153515e-8, 0.5709273802884555, 0.19841456926236486, 2.1843851824657866e-8, 3.1580997568971604e-8, 0.10938712013377389, 1.2758199447255903e-8, 4.2484367068967255e-9, 4.1743723108076065e-8, 0.19841185010303478, 0.1984118480814896, 0.19841178599077744, 4.690529631024833e-9, 3.155959760597444e-7, 0.19841182675698524, 5.5132715305428e-9, 1.1806681623070265e-8, 0.6233013287911362, 4.081543600805669e-8, 7.106824099115457e-9, 7.074650445274814e-9, 1.0826601821280674e-8, 0.1984115960686989, 4.0197453869308975e-9, 0.19841182596267096, 0.19841183556823902, 9.624410441015604e-9, 0.19841184714357873, 0.19841181057910245, 1.2997593975290902e-8, 0.19841185085931234, 6.7603807916616865e-9, 2.3587642062063174e-8, 0.1093871188586866, 1.9404640682476785e-8, 0.7693392723927507, 4.150358988736523e-6, 8.986211252836896e-9, 1.2330668335626489e-8, 1.7742697609872128e-8, 0.6233013272825645, 8.02424557711573e-9, 0.1984117783223803, 0.19841182370172666, 0.10938711701305472, 7.550915301981356e-9, 5.782572064198184e-9, 0.39264062800825916, 0.19841197989221834, 6.961606123309726e-9, 5.691318420001217e-9, 7.63623800588795e-9, 1.191515556528413e-8, 1.1973701117681582e-8, 4.204605240958844e-9, 0.1984119220900459, 1.255200537811131e-8, 0.10938707556166304, 0.12670106910767687, 1.0398346947867067e-8, 4.43790365719613e-9, 5.490808144725172e-9, 1.2846826001814e-8, 5.857461743910943e-9, 0.19841179192671102, 0.19841179611673426, 0.10938700718426432, 0.1984118024238898, 1.1370314498275393e-8, 0.19841179044139098, 0.1984116994970451, 8.537593906788117e-9, 0.10938711410322272, 0.10938700964489433, 5.171382265738472e-9, 6.088408718055239e-9, 0.1093869952270369, 2.9980360809203784e-8, 0.10938700880536462]
v_opt: [0.8732939250793076, 0.8015880652807977, 0.6425432721697868, 0.039367640029661, 0.01605346711547649]
solution time: 0.015798091888427734
McCormick lower bound: -5.636755550362544

