x_opt: [0.3565921858642812, 0.026467399811806257, 0.9735326018826101, 0.3565921776016831, 0.6434078225163803, 0.026467401472859406, 0.6434078140608354, 0.8231058250422246, 0.6434078225754247, 4.66403612063816e-10, 0.17689417502689464, 0.6434078141240978, 0.026467401602584227, 0.02646739991830001, 7.722793102612045e-9, 0.2946850763847115, 0.3565921768920076, 3.21141133708454e-10, 0.026467401514693747, 0.026467401470500758]
w_opt: [0.35659218580916063, 8.500572056123517e-9, 7.416146709684112e-11, 4.5090793506511985e-11, 8.641282307099122e-11, 2.035874945642796e-8, 6.002948032853365e-10, 4.79251983637416e-10, 0.3565921767594703, 2.1053149176064806e-10, 2.607896978372178e-11, 1.7389951195132998e-9, 0.026467397916492698, 0.026467399594793932, 3.733967882871161e-10, 0.026467399692603925, 9.182522075653671e-10, 0.026467399771096106, 0.35659217737250753, 0.6169404159903858, 0.8231058249378745, 8.957646448198133e-11, 0.6169404164090788, 0.29468507614065864, 0.3301247788882769, 6.279052652230857e-11, 0.026467401420092414, 3.4245333349691243e-9, 2.8825029019331827e-10, 5.035815934566983e-10, 0.356592177510734, 0.3565921775499346, 2.9794574404639947e-10, 8.206648865170903e-11, 1.1208192475042505e-9, 0.3565921768270017, 4.4301357665011614e-11, 9.995485014790708e-11, 0.6434078225176539, 2.1670845230854042e-10, 4.196446194102619e-11, 5.6179446438081635e-11, 6.333041213899435e-11, 0.35659217508292085, 6.835630845838376e-11, 0.026467401378332873, 0.026467399894771565, 1.6270932331457643e-10, 0.026467401399798373, 0.02646739975116727, 6.076267614390448e-11, 0.02646740133127683, 1.215629064713059e-10, 1.989356158999069e-10, 0.026467401180557064, 6.378305454253771e-11, 0.6434078139524275, 4.8231358813001974e-9, 4.3872434790124804e-11, 5.8197740095707205e-11, 7.692290420922257e-10, 0.6434078222387858, 1.514018227206247e-10, 1.2862585858494498e-9, 0.35659217684282835, 0.026467401474796416, 6.538633131924007e-11, 6.136731368144753e-11, 0.2868156368481846, 0.026467401237251838, 6.751442285048398e-11, 5.0228073523980515e-11, 7.751284695673651e-11, 4.585257461483207e-10, 1.3556991828400248e-10, 4.883915360171411e-11, 1.8111166272447978e-10, 1.0973638500289886e-10, 2.2698640403532612e-10, 8.310710223036435e-11, 6.511546948774045e-11, 4.1849161588775104e-11, 0.02646740138268302, 7.985507288444035e-11, 3.495850212004239e-11, 7.652829233913903e-9, 0.026467400829019376, 0.02646740141902283, 2.7627916022020104e-10, 4.1580290924410756e-11, 7.609606390284036e-9, 7.2552561433304916e-9, 1.3253329791545892e-10, 7.627475634107468e-9, 7.66413909935356e-9, 3.23609244751427e-11, 6.355306920861488e-11, 0.02646740133452698, 1.8412468415706456e-10, 0.02646740142148698]
v_opt: [0.8231058249892195, 0.9735326018547651, 0.4139736267082408, 1.2052569202923558e-10, 0.03129156246160894]
solution time: 0.01832294464111328
McCormick lower bound: -2.2171193613685545

