x_opt: [0.8207150718501023, 0.2015092549890688, 0.8207150755732115, 0.17928492120865822, 0.8207150678501622, 0.1792849263734263, 0.8207150722387739, 0.820715127838775, 0.584127411378742, 0.1792849268041109, 0.17907542403229312, 0.8075134315073935, 0.17928492926104167, 0.17928492698828577, 0.17928486088859732, 0.20150929221872277, 0.1792849187088406, 2.1395456188813557e-9, 0.1792848576894827, 0.17928485613167613]
w_opt: [0.8207150713611426, 0.6414301400230499, 8.57045320211859e-10, 5.105559588035032e-10, 0.6282285038310994, 0.1792849269539619, 5.840820867069993e-10, 1.4022616545886519e-9, 0.17928491773187777, 1.2269028800655185e-9, 4.370275985153305e-10, 0.022224331037289463, 0.022224325290842263, 0.2015092525741182, 0.17928492625881304, 0.17928492604122157, 1.6746162438055432e-9, 0.2015092546083254, 0.1792849197756283, 0.6414301481867192, 0.6414302040703159, 3.6927342980766314e-9, 0.6282285090816248, 0.20150928971006674, 1.6584533893669436e-9, 1.7433593913478793e-9, 0.1792848573051973, 9.839402069920964e-10, 4.392730872229762e-10, 2.0152984568885635e-9, 0.17928492064537133, 0.17928492046564057, 0.17928491848411088, 3.5218825371368615e-10, 9.16696516414286e-9, 0.1792849183407401, 4.1145267410850887e-10, 7.108166565052056e-10, 0.5841274110807957, 2.844064171037316e-9, 6.901024444304344e-10, 4.882800598244712e-10, 8.189097906335311e-10, 0.17928491214839778, 3.167468640482118e-10, 0.17928492502025753, 0.1792849246354297, 9.49545984660815e-10, 0.17928492534474105, 0.17928492414883224, 6.668155354757244e-10, 0.17928492593157117, 5.112938074908945e-10, 1.2515236865433155e-9, 0.17928485727743454, 1.07872055477876e-9, 0.8075134310707756, 5.710586362417947e-8, 6.482817124927623e-10, 8.12860940963457e-10, 1.6813495075078594e-9, 0.584127410875762, 5.094763148110736e-10, 0.17928485929944118, 0.17928491811198996, 0.1792848570717915, 8.673970151185782e-10, 3.9552375214378275e-10, 0.39164084349744915, 0.17928492871219853, 5.227452784121567e-10, 4.842399260330563e-10, 5.142811230704982e-10, 6.74130846060972e-10, 7.119197356347498e-10, 3.165895857511327e-10, 0.17928492623851272, 1.2497880273093645e-9, 0.17928485428352722, 0.17907542361333154, 6.172107820189753e-10, 3.3623968291152386e-10, 4.016635638981641e-10, 1.0889794496787147e-9, 4.341347036019016e-10, 0.17928486038643243, 0.17928492282971378, 0.1792848553738462, 0.1792849167247645, 7.059050910236785e-10, 0.17928486017098788, 0.17928485863049862, 6.853727662490662e-10, 0.1792848565993107, 0.17928485571110103, 4.1679701190539334e-10, 4.2960088925811813e-10, 0.17928485471079822, 1.5835100663893824e-9, 0.17928485556542972]
v_opt: [0.8207151276369979, 0.8207150749914363, 0.6735734488214683, 0.03214319316461228, 0.03206858063789272]
solution time: 0.018210887908935547
McCormick lower bound: -4.909224732907753

