x_opt: [0.6563052865553165, 0.3436947322082844, 0.6563052867267961, 1.0461086741602145e-8, 0.6563052863580922, 0.1387741884789228, 0.8612262275128747, 0.38984328726745315, 0.34369471424374476, 0.34369471315782907, 0.2723890723731151, 0.6563052854171302, 0.34369471343898234, 0.13877377252266357, 0.3436947131994105, 0.3436949203817177, 1.0370286863738063e-8, 3.9655079132944907e-10, 0.13877377172285732, 0.1321115264838072]
w_opt: [0.656305286476733, 0.3126105730200429, 1.1575307169954882e-10, 1.0422617137989635e-10, 0.3126105720438561, 0.3436947131428777, 9.306178346302447e-11, 5.023353334769352e-10, 1.0199170765445972e-8, 2.34811941285537e-10, 7.649814614788536e-11, 1.8998506398333792e-8, 1.9142994398858768e-8, 0.3436947316794396, 0.3436947130378558, 0.13877377234570873, 3.7105130973773755e-10, 0.3436947321270237, 1.0233108928898421e-8, 0.5175315143035034, 0.04614857406474682, 1.8880887711777835e-10, 0.3126105724332496, 0.3436949200106892, 3.0991701627978545e-10, 3.3282069860105344e-10, 0.1387737716466902, 2.2411285810698837e-10, 6.526457753725788e-11, 3.5720422206206836e-10, 1.0328832856178903e-8, 1.03486865895662e-8, 9.952931792165062e-9, 6.290391278563091e-11, 1.3300563100707212e-9, 1.0275475058698755e-8, 9.053632654349467e-11, 1.387844190278304e-10, 0.34369471417337405, 5.289500423285342e-10, 1.1223499598118609e-10, 8.516358981502733e-11, 1.7642348180265722e-10, 9.520234531070173e-9, 6.524908129544714e-11, 0.13877418825765508, 0.13877418815656262, 1.6649274626046571e-10, 0.13877418836492145, 0.13877377224271606, 1.2536082628227297e-10, 0.13877418841159686, 8.347595650295003e-11, 2.3619192840616596e-10, 0.13877377163591623, 2.0165268947642715e-10, 0.6563052853273889, 0.20492094596911586, 1.6504597238754972e-10, 2.3728090811850237e-10, 3.349873017109671e-10, 0.3436947141595898, 9.928442136270472e-11, 0.3436947129787808, 1.0217339326230746e-8, 0.13877377160582433, 1.2303515752506151e-10, 5.6491724865565583e-11, 1.0529888135066808e-10, 0.3436947133736912, 1.383952478587557e-10, 7.971583540212265e-11, 1.114383217863947e-10, 1.4244050880346357e-10, 1.5339478929150002e-10, 6.696566977013579e-11, 0.34369471302964616, 1.5190418526572246e-10, 0.13877377115717912, 0.27238907230599857, 1.1841245970959633e-10, 8.024808835718082e-11, 7.818865741727944e-11, 1.893269915886825e-10, 7.892147001130146e-11, 0.343694713123112, 0.3436947115428709, 0.13211152635788354, 1.0115087913989108e-8, 1.5304293704195207e-10, 0.34369471308392774, 9.904303071307622e-9, 1.2884279352922105e-10, 0.13877377161358498, 0.1321115264073427, 7.817467393888422e-11, 7.148379475635302e-11, 1.0163416177645874e-8, 3.0928221027296145e-10, 0.13211152639428148]
v_opt: [0.3898432871833847, 0.6563052866187016, 0.4307366333798492, 0.11812605828565198, 0.07419584580952594]
solution time: 0.015012025833129883
McCormick lower bound: -6.122220926475428

