x_opt: [0.6355345440023781, 0.36446549430724584, 0.6355345480447112, 1.6204096434903273e-7, 0.63553455583344, 0.15928668540279467, 0.8876555378428785, 0.3649032409550444, 0.36446542562786877, 0.3644654145831172, 0.22914033487976396, 0.6355345528193723, 0.3644654233005782, 0.1123444613980686, 0.36446542316784475, 0.3644655083740998, 1.5445854266371996e-7, 1.3415450512405477e-8, 0.11234449053590317, 0.11234446236312834]
w_opt: [0.6355345403161132, 0.2710691016760268, 2.8407558089857188e-9, 3.055291202268759e-9, 0.27106909894540177, 0.36446541487858497, 2.8846423570670606e-9, 1.8129516972526962e-8, 1.49186066891827e-7, 8.25879517096777e-9, 2.40668578004704e-9, 4.4165376242478705e-8, 6.160577277854543e-8, 0.36446547285307873, 0.3644654127387769, 0.11234445621135497, 1.0857631917758238e-8, 0.3644654915426048, 1.5526181801662912e-7, 0.5231900876305288, 0.0004377905618626681, 3.38401138947653e-9, 0.27106910953493435, 0.3644654954125857, 1.1671015758661954e-8, 1.163075022146133e-8, 0.1123444883081854, 1.380453805551953e-8, 2.010896525079886e-9, 1.3682442658857456e-8, 1.5779780636714874e-7, 1.5845895874819848e-7, 1.45560019018092e-7, 1.7337249176498092e-9, 4.039877018828472e-8, 1.5193379973397324e-7, 2.8740659973702052e-9, 3.914453948761113e-9, 0.36446542330672066, 1.8675784406136885e-8, 3.561026902742289e-9, 2.5660982359201182e-9, 7.991810909913115e-9, 1.3239800213307475e-7, 1.896678613654294e-9, 0.1592866790638258, 0.15928667552455908, 5.562666188526794e-9, 0.15928668205310872, 0.11234445023233308, 3.7389632986908985e-9, 0.15928668364583023, 2.3381105621159705e-9, 8.462659660018027e-9, 0.11234448825195821, 8.183701689224826e-9, 0.6355345503134953, 0.25212143300426765, 4.160028487571385e-9, 3.665680949073389e-8, 2.5141905911852197e-8, 0.3644654233043389, 3.0999408369935715e-9, 0.36446541902369756, 1.4934071422315484e-7, 0.1123444867849243, 4.2883450666679905e-9, 1.5194378680018208e-9, 2.4837115034344216e-9, 0.36446542076670774, 4.588434420677584e-9, 2.3526922350622455e-9, 3.4818020012602435e-9, 4.123668847300548e-9, 4.533812770163241e-9, 1.978726727538159e-9, 0.3644654121643133, 4.9893699995568244e-9, 0.11234447342528159, 0.2291403331029821, 3.894164930781319e-9, 2.50302505483743e-9, 2.1155060465959486e-9, 6.6419238091469365e-9, 2.4240834433003557e-9, 0.3644654196680014, 0.3644653636627294, 0.11234445838821788, 1.468864069774855e-7, 5.572799725044045e-9, 0.36446541979138214, 1.4002822717907292e-7, 4.256257275958847e-9, 0.1123444876296106, 0.11234445879415303, 2.445866726840907e-9, 2.0323430747225522e-9, 1.4665299294854218e-7, 1.0921938193871009e-8, 0.11234445863888559]
v_opt: [0.36490323817174397, 0.6355345445410499, 0.4039041799437769, 0.13283510578426125, 0.052505357506941824]
solution time: 0.014609098434448242
McCormick lower bound: -7.218755796620845

