x_opt: [0.8032806043401103, 0.19671939845306152, 0.8032806120464349, 0.19671939275566588, 0.8032806057626792, 0.19671934790824666, 0.8032806239724899, 0.8880708998794123, 0.6476677110478136, 0.196719392636616, 0.11098386894399388, 0.7725524651609749, 0.196719392092589, 0.19671937572751144, 0.1967193558827779, 0.19671939925632873, 0.1967193821958161, 2.1462089333923882e-9, 0.11192968436265574, 0.11192909217050169]
w_opt: [0.8032806037744175, 0.6065612103778746, 8.891961432686269e-10, 5.485310755343548e-10, 0.5758330700119367, 0.19671938958596535, 4.788935170166782e-10, 1.4698529657698588e-9, 0.19671938119767926, 1.2220589193434828e-9, 5.24054975251788e-10, 1.0947922772573836e-8, 8.644029696348916e-9, 0.19671939604744446, 0.1967193919793337, 0.1967193745537104, 1.7230175328871053e-9, 0.1967193979986495, 0.19671939131127525, 0.6065612363727678, 0.6913515123876923, 5.669948007813555e-9, 0.5758330793435841, 0.196719396753276, 1.998902364841951e-9, 1.7829340156183568e-9, 0.11192968400235809, 9.92859815658515e-10, 5.11348239599441e-10, 1.907171573884545e-9, 0.1967193922397913, 0.19671939190632726, 0.19671938833806005, 3.626262234550219e-10, 9.318895711080555e-9, 0.19671938186815122, 4.0495942254815233e-10, 7.471062710302812e-10, 0.6476677107610759, 3.2216466286974337e-9, 7.839014280349515e-10, 4.955142290157131e-10, 9.298222156760142e-10, 0.19671937506525508, 3.06997447957576e-10, 0.19671934614984085, 0.19671934627754506, 8.90125153901678e-10, 0.19671934700870036, 0.19671934656941886, 7.659538185812197e-10, 0.19671934742292288, 5.38340191677164e-10, 1.235377343661637e-9, 0.11192968395070993, 1.1679438680301985e-9, 0.772552464694855, 6.312108140614298e-8, 7.497312829080585e-10, 8.1580000278355e-10, 1.506892537498991e-9, 0.6476677105800837, 5.022062505125415e-10, 0.19671935423374054, 0.1967193816245456, 0.11192968372909173, 2.083340778252782e-9, 4.769846754278075e-10, 0.4202201769256442, 0.19671939146698467, 4.913117725983065e-10, 5.154456098904081e-10, 5.094689746047698e-10, 6.836676418291948e-10, 7.128394111506192e-10, 3.173424303944129e-10, 0.19671939125689414, 1.331308556087909e-9, 0.11192968119843567, 0.11098386851662607, 6.429135763441897e-10, 3.241803191097214e-10, 3.9711367625886593e-10, 1.225782149026332e-9, 4.705937562881841e-10, 0.19671935529338996, 0.19671938171204256, 0.11192909133891021, 0.1967193737847783, 7.604702774436756e-10, 0.1967193551749629, 0.19671935258256598, 6.441224686041117e-10, 0.11192968329481603, 0.111929091729768, 4.364609928200684e-10, 4.657488517214249e-10, 0.11192909057174011, 1.6064434843622783e-9, 0.11192909151977747]
v_opt: [0.8880708994696886, 0.8032806114677034, 0.6452597600042924, 0.03869853550740406, 0.012317580234730393]
solution time: 0.014724016189575195
McCormick lower bound: -5.516617928878243

