x_opt: [0.7908431358560375, 0.31482113745584345, 0.7908432170010636, 0.20915401693301094, 0.7908429883487538, 0.20915365454560622, 0.7908462716995776, 0.47072062296482015, 0.2666782467059332, 0.20915688173395686, 0.20914252398880875, 0.733321725727063, 0.20915689437928175, 0.20915372380784109, 0.20915572150481745, 0.31482115805551275, 0.2091536296449681, 2.4207863005562843e-8, 0.20915359207436074, 0.2091535704716432]
w_opt: [0.7908431265786942, 0.5816861283006132, 2.0318730588151526e-8, 5.353950855961297e-9, 0.5241648671214912, 0.20915686518995436, 5.762125394514806e-9, 1.7204311794171093e-8, 0.20915361700069657, 1.424614209773293e-8, 5.3575389266456326e-9, 0.10566435964304728, 0.10566415716544005, 0.31482109847201506, 0.20915687620341122, 0.20915371240704278, 2.3435689734462727e-8, 0.3148211310103427, 0.20915399914974914, 0.5816894922712972, 0.2615638448852884, 1.1297793372496355e-7, 0.5241649668427458, 0.31482111577873617, 1.870354055803553e-8, 2.0118237574126986e-8, 0.20915358762641606, 1.6654429736462172e-8, 5.134253159134478e-9, 3.105166421635742e-8, 0.2091540098921187, 0.20915400891356953, 0.20915399112407665, 3.764104726455054e-9, 1.3029650367537152e-7, 0.2091536260441839, 4.915125532599486e-9, 8.303492798437797e-9, 0.26667824307308435, 2.599122818143953e-8, 4.571277013069104e-9, 4.501441623312494e-9, 9.692294912557867e-9, 0.20915355442186442, 3.7101562519367234e-9, 0.2091536390683023, 0.20915363103118625, 1.3186066280635142e-8, 0.2091536462311998, 0.20915363037472878, 8.835155987185738e-9, 0.20915365018494916, 5.734501599607061e-9, 1.4543729987328335e-8, 0.20915358702137432, 1.7136123473842167e-8, 0.7333217208280489, 3.6890117061692893e-6, 1.2050095392981603e-8, 1.521740628403176e-8, 3.231859392117363e-8, 0.26667824114757493, 6.4219106801386515e-9, 0.2091557022975631, 0.2091536218865933, 0.20915358375858623, 1.2700958553901879e-8, 4.048134670374651e-9, 1.015070758680266e-8, 0.20915688924254278, 6.9263407609288e-9, 5.945012546077094e-9, 6.026420210708596e-9, 7.716694759689812e-9, 8.933051318301076e-9, 3.5160644688321246e-9, 0.2091568782443852, 1.926641056991234e-8, 0.20915356465233748, 0.2091425195971009, 7.626114187004713e-9, 4.0103183015228144e-9, 4.1792593823309396e-9, 1.3250800948950525e-8, 5.327702186162315e-9, 0.20915571669110208, 0.20915682269546226, 0.2091535607670833, 0.2091535724015769, 9.801001679528185e-9, 0.20915571297578955, 0.20915360388271942, 8.267685320637096e-9, 0.2091535837898354, 0.20915356573242364, 5.448462291952317e-9, 4.688695168940326e-9, 0.20915354722913, 1.8330405292856526e-8, 0.20915355418293702]
v_opt: [0.4707206171811277, 0.7908432101008395, 0.6254335044603019, 0.04374669828489405, 0.04374060076404101]
solution time: 0.013599157333374023
McCormick lower bound: -5.693240489067562

