x_opt: [0.6935793493746887, 0.30642068167707576, 0.693579451007372, 0.20747168828111123, 0.6935793699186933, 0.20747145818821358, 0.7925284509461952, 0.5487709345121551, 0.33446143330837386, 0.30642059794252935, 0.18003177191862008, 0.6655384125392062, 0.3064206209918759, 0.20747156201208716, 0.30642059402083344, 0.30642079356155, 0.20747156742843542, 3.678193616935018e-8, 0.00010516106117522297, 0.00010511008468527437]
w_opt: [0.6935793377800135, 0.3871587252101669, 1.390847646573253e-8, 1.0213114829801415e-8, 0.3591177685463054, 0.30642059058472304, 7.089396885664597e-9, 6.024859096950803e-8, 0.20747155340578435, 2.3415580066644725e-8, 9.759388779341535e-9, 1.3783690525742953e-7, 1.695643908520254e-7, 0.30642063284683446, 0.3064205890169148, 0.2074715431032879, 5.111834747238867e-8, 0.3064206750228459, 0.2074716661155284, 0.48610790730718817, 0.24235039069110353, 8.029070156764574e-8, 0.35911789654956555, 0.30642076278810426, 3.9070271795374706e-8, 3.241165208878427e-8, 0.00010515605640761146, 1.9006035009821797e-8, 4.710594259525665e-9, 4.342954478144343e-8, 0.20747167995586183, 0.2074716761654377, 0.20747163705211774, 5.6056047760328095e-9, 2.2677692548589594e-7, 0.2074715623160252, 7.006322363369829e-9, 1.4982694136364295e-8, 0.3344614287528015, 6.396135612165558e-8, 1.4583989334803199e-8, 8.709741989932941e-9, 1.999829878763348e-8, 0.20747144660435937, 5.0542562649263715e-9, 0.20747142165766402, 0.20747143263428486, 1.2067289085816376e-8, 0.2074714473822649, 0.20747140049249702, 1.663346458915377e-8, 0.20747145203383083, 8.095319658471263e-9, 2.3288013481120707e-8, 0.00010515408643124995, 2.417225087655413e-8, 0.6655384044853498, 0.09894973743863228, 2.0384699700423985e-8, 2.1554021736296948e-8, 2.717020344247399e-8, 0.3344614277564899, 8.340380504827755e-9, 0.30642057504844494, 0.2074715570857569, 0.0001051515677749894, 9.375290804416479e-9, 6.715075767616533e-9, 3.751363561369901e-8, 0.3064206134884698, 9.170621038283174e-9, 7.116566420593122e-9, 9.174774615371291e-9, 1.4220872289064887e-8, 1.4575988204581413e-8, 5.341251331845736e-9, 0.30642058788353993, 1.4427903695781365e-8, 0.00010510844674653389, 0.18003176693654413, 1.1785730990153507e-8, 5.853398963254425e-9, 6.135159345309918e-9, 1.5763229118729036e-8, 7.35801986016372e-9, 0.306420586846075, 0.3064200458441496, 0.00010509830531852424, 0.20747148455219255, 1.592213923364679e-8, 0.30642058392082694, 0.20747152461190263, 9.732508232195237e-9, 0.00010514951990608814, 0.00010509942755536621, 6.824048502754762e-9, 7.045978418771278e-9, 0.00010508102262291583, 3.04575227763691e-8, 0.00010508929956330726]
v_opt: [0.5487709292265355, 0.6935794417185556, 0.48105237760181263, 0.09389359190130628, 0.03241154915632426]
solution time: 0.01427602767944336
McCormick lower bound: -6.865833652722626

