x_opt: [0.7513688338875882, 0.24863116019865378, 0.7513688448947471, 0.2486311476730167, 0.7513688312986393, 0.2486311437153478, 0.751368845421493, 0.7474651872054623, 0.45033100619341304, 0.2486311579723876, 0.12074271874954619, 0.6636004876387634, 0.24863116556629378, 0.24863115481785267, 0.24863115626906918, 0.24863116329660861, 0.2486311451929682, 2.247152945711494e-9, 4.0742831285692704e-7, 4.08409242953436e-7]
w_opt: [0.7513688333746723, 0.5027376656339302, 7.414742735126879e-10, 7.5520273939393e-10, 0.4149693219951074, 0.24863116317564657, 5.266055540272061e-10, 4.02876779123594e-9, 0.24863114425554203, 1.3556654662268376e-9, 6.439118253147218e-10, 5.418144599690799e-9, 3.74306782548304e-9, 0.24863115713740105, 0.24863115696290045, 0.2486311529111886, 3.5035267550967097e-9, 0.24863115971048771, 0.24863114624885757, 0.5027376907412339, 0.49883403251887376, 4.2803046561128064e-9, 0.41496933482683834, 0.24863116135173363, 2.3844189401728466e-9, 1.902581636569178e-9, 4.0704113598899515e-7, 1.2207935491360373e-9, 3.254646779831525e-10, 2.2536992122360774e-9, 0.24863114706604106, 0.24863114689283872, 0.24863114137190453, 4.483104562248838e-10, 1.0773812648464331e-8, 0.24863114476577372, 4.76077879617926e-10, 1.0530672650745018e-9, 0.450331005857598, 2.286803646682007e-9, 4.720907624575195e-10, 7.420901105717999e-10, 9.96536850950286e-10, 0.2486311379108364, 3.852145284865108e-10, 0.2486311409767634, 0.2486311418211094, 8.171254822654911e-10, 0.24863114294182231, 0.2486311408975045, 1.1891902799206648e-9, 0.24863114316871962, 6.155159836280922e-10, 1.3014271910824736e-9, 4.0683543369661023e-7, 1.2891648068999225e-9, 0.663600486970728, 7.820333896812942e-8, 9.1009922921431e-10, 1.080465475065178e-9, 1.606448587445862e-9, 0.45033100575419927, 5.841143008783389e-10, 0.24863115462380106, 0.24863114446748572, 4.068240605340531e-7, 5.943248309679873e-10, 5.543898528695612e-10, 0.11393149859921754, 0.24863116505949817, 6.686397575512766e-10, 5.039305261447126e-10, 6.412065681599474e-10, 1.250049840161962e-9, 1.1756982439344705e-9, 4.066301566850259e-10, 0.2486311572431958, 9.451473240255223e-10, 4.0358008022802253e-7, 0.12074271833474698, 7.434090093190202e-10, 4.220601004569773e-10, 5.50655189339338e-10, 1.1092118592145297e-9, 4.946873550621113e-10, 0.24863115577594427, 0.2486311463930642, 4.076712038081213e-7, 0.2486311422636683, 9.711806455036792e-10, 0.24863115556648518, 0.2486311408247136, 6.129345571516266e-10, 4.0653005757858144e-7, 4.077206337623374e-7, 4.635570615330967e-10, 5.199603986754932e-10, 4.0651249357505294e-7, 1.7593056474044115e-9, 4.061667307273919e-7]
v_opt: [0.7474651868352534, 0.7513688443065929, 0.56455550823453, 0.061817498458039966, 0.014578804857701688]
solution time: 0.014837026596069336
McCormick lower bound: -5.919545021540348

