x_opt: [0.7588464104760407, 0.341786878739953, 0.7588464106403704, 0.22872665929571037, 0.758846411552913, 0.19040851275774856, 0.8095914871423151, 0.39151160532570106, 0.24115367590788703, 0.2411535893980239, 0.21469750624067563, 0.7588463239254242, 0.24115358930848407, 0.19040851284987848, 0.24115358814318102, 0.34178687896265575, 0.19040851297049347, 4.5027026222377236e-10, 0.19040851231259773, 0.19040851172445047]
w_opt: [0.7588464103428749, 0.5176928221445257, 1.919508571813631e-10, 1.0878858250707802e-10, 0.517692734503761, 0.2411535889268007, 9.806238877848964e-11, 3.0662225287669617e-10, 0.19040851274034729, 2.5526979786991855e-10, 9.617689702201808e-11, 0.10063328948279616, 0.10063329079072078, 0.3417868781598237, 0.24115358929356365, 0.19040851264325048, 3.0307730559773233e-10, 0.34178687861545903, 0.22872665899944855, 0.5684378978471409, 0.15035801604699633, 3.7787991854522877e-10, 0.5176927349284591, 0.34178687835218485, 3.190969139089532e-10, 3.785933939853703e-10, 0.1904085122330292, 2.4306023341143324e-10, 9.923937778366663e-11, 4.338388074305509e-10, 0.2287266591695414, 0.22872665913366574, 0.22872665883888754, 6.611704798337137e-11, 2.1379127386810625e-9, 0.19040851290273603, 9.16534906228387e-11, 1.3992540493848925e-10, 0.24115367583579186, 1.5901743987737799e-9, 1.0629088166131997e-9, 8.605449307934534e-11, 2.6872036535388167e-10, 0.1904085117780914, 6.30237830373236e-11, 0.1904085124897563, 0.19040851241621964, 2.1045792287338883e-10, 0.1904085125807131, 0.19040851225597327, 1.3473166906225864e-10, 0.19040851267929362, 9.50154100661008e-11, 2.6696671846458634e-10, 0.19040851222290198, 2.8566951427564406e-10, 0.7588463238386015, 0.050745083023523076, 2.0805379535003385e-10, 2.701325796249345e-10, 4.339802130862217e-10, 0.24115367580865227, 1.1216795712088791e-10, 0.2411535878763542, 0.19040851282548568, 0.1904085121550907, 2.033466282393438e-10, 6.916393141843704e-11, 1.5628141677686584e-10, 0.24115358921764943, 1.1661019607777106e-10, 1.0348733569535474e-10, 1.0659049096115663e-10, 1.203391081706545e-10, 1.336760287386937e-10, 6.273466318577604e-11, 0.24115358918241192, 2.6177618749085275e-10, 0.19040851174628387, 0.21469750595628995, 1.3225697568800208e-10, 7.35388026174118e-11, 6.793414800819776e-11, 2.402438016921228e-10, 9.597859874854137e-11, 0.24115358804451756, 0.2411535878339858, 0.19040851153283134, 0.1904085123491822, 1.7676975291613997e-10, 0.24115358799065434, 0.19040851253307944, 1.4754497771528739e-10, 0.19040851215037424, 0.19040851165061026, 9.631886996177688e-11, 8.275108505075593e-11, 0.190408511365415, 3.4038000169756695e-10, 0.1904085115873948]
v_opt: [0.39151160521875983, 0.7588464104949172, 0.5758479079937002, 0.0581550602740186, 0.04609502917207264]
solution time: 0.015839099884033203
McCormick lower bound: -6.727570514127834

