x_opt: [0.6338662536208918, 0.36613404996724425, 0.6338663409633613, 0.06493814050140148, 0.6338662565508656, 0.22602968899588316, 0.9348556564561572, 0.3661391137839716, 0.36613375503228823, 0.36613370157864966, 0.1798300927858086, 0.6338661982811054, 0.366133732750776, 0.0651444233763173, 0.3661336774012581, 0.3661341330053111, 0.06493809889513395, 7.069263549256383e-8, 0.06494147914135581, 0.06494027689844178]
w_opt: [0.6338662417691101, 0.26773252471078074, 2.8681371682477487e-8, 2.0796505371833887e-8, 0.2677324674574962, 0.3661336759844646, 1.5561759978270607e-8, 8.435909149152764e-8, 0.06493806363555671, 4.042710346021288e-8, 1.811074293608516e-8, 4.065058662315531e-7, 6.809283231578336e-7, 0.3661339457161862, 0.3661336841720284, 0.0651443839836012, 6.210752561751633e-8, 0.3661340288172612, 0.06493809461127135, 0.568722009207149, 5.466674114098904e-6, 5.895161236997145e-8, 0.26773259677634004, 0.3661340580766214, 6.288950503205369e-8, 6.015306098346788e-8, 0.06494146629119518, 4.7613016529741204e-8, 1.2763555852929615e-8, 7.058507118738885e-8, 0.06493811847199822, 0.06493811482058423, 0.06493804112157577, 1.1585812464658679e-8, 6.111414101916683e-7, 0.06493808116414815, 1.6576607394537446e-8, 2.655400463764058e-8, 0.3661337419644742, 1.0518613105901517e-7, 3.0071585066176656e-8, 1.6645852822045788e-8, 4.1510078643955763e-8, 0.06493787866513032, 1.1196017467055064e-8, 0.22602963639684853, 0.22602963545646476, 2.974015194715938e-8, 0.22602966318470497, 0.06514435529690346, 2.6261924205203224e-8, 0.22602967612143482, 1.5865941345263377e-8, 4.109506706218642e-8, 0.06494146461770212, 4.682258853967535e-8, 0.6338661812500135, 0.3009908811939714, 9.918438887020465e-8, 4.6463273399379285e-8, 6.787195366909634e-8, 0.3661337404217458, 1.9010649616173675e-8, 0.36613363535551646, 0.06493807119163417, 0.06494145474994506, 2.527772627843112e-8, 1.1787802718020349e-8, 2.0754767011240397e-8, 0.36613371818995766, 2.2501425438442786e-8, 1.6362223594369795e-8, 1.96487175246071e-8, 2.415061448262854e-8, 2.5861849327635817e-8, 1.2676584465355045e-8, 0.3661336833393631, 3.174930654600292e-8, 0.06494138280785237, 0.17983008153569585, 2.2625627620019916e-8, 1.3826804874951205e-8, 1.3913677303124525e-8, 4.859197051618176e-8, 1.650390029706853e-8, 0.36613366078434323, 0.36613298833808916, 0.06494024801265479, 0.06493805617707155, 3.4041698305682674e-8, 0.3661336524037389, 0.06493801468987684, 2.2548705044066665e-8, 0.06494145499610772, 0.06494026167951059, 1.6147749083799705e-8, 1.4122867370469587e-8, 0.06493803985587393, 5.50529909790388e-8, 0.06494024917772441]
v_opt: [0.3661390984361523, 0.6338663169997325, 0.4017867418403865, 0.13405390988519558, 0.03233966047014589]
solution time: 0.012952089309692383
McCormick lower bound: -7.968714124649547

