x_opt: [0.6165132892797905, 0.26889264819130454, 0.893794728152675, 0.10620528690369305, 0.7335635307606169, 0.2602760136396179, 0.7335635267091236, 0.8937947337878459, 0.6165148507523753, 0.10620527351853615, 0.10620525417454997, 0.38348672363858544, 0.2602760118653272, 0.2664364606694572, 0.10620526188464112, 0.26889268339064865, 0.10620527720798875, 1.5844509232539091e-9, 0.10620526107963327, 0.10620526042520707]
w_opt: [0.6165132887567637, 0.35007682052230904, 5.591331367762379e-10, 2.6886730031844105e-10, 1.3170990367842847e-8, 0.2602760096991393, 4.437461582043593e-10, 1.3492029669710516e-9, 0.10620527664056865, 1.040349909736027e-9, 1.976404286995416e-10, 0.16268737657490773, 0.0024561843453363963, 0.2688926464107572, 0.10620527316807937, 0.26643646022879325, 1.956193380882453e-9, 0.26889264795758056, 0.10620528574972085, 0.6273582550221593, 0.7875894624819089, 2.7659914959655642e-9, 0.2772814536834492, 0.26889268076686357, 6.910487208929061e-9, 1.2409969998407512e-9, 0.10620526081772792, 9.048242055165211e-10, 3.1222945900516884e-10, 2.8912691999270847e-9, 0.1062052865362293, 0.10620528653632913, 0.1062052696692731, 2.24110787058463e-10, 1.4178265734166275e-8, 0.1062052770046946, 2.360007271974949e-10, 4.3565008737396876e-10, 0.6165148506033163, 2.3402796834256874e-9, 3.891462827451147e-10, 2.7763283639631057e-10, 5.09718190244042e-10, 0.10620526933889571, 2.1031501144565948e-10, 0.2602760129400056, 0.2602760118425397, 8.237376852170503e-10, 0.2602760112194555, 0.26027601279763096, 4.664265648055488e-10, 0.2602760133676792, 3.637741904128377e-10, 1.0396332272319738e-9, 0.10620526082524724, 8.343201160414513e-10, 0.3834867233878053, 2.7657625924985057e-8, 3.2081408919496516e-10, 5.980415139937467e-10, 1.705232165495781e-9, 0.6165148503329572, 3.35488523425015e-10, 0.1062052600054495, 0.10620527688752911, 0.10620526074903136, 2.557231306683901e-9, 2.461425456205412e-10, 1.5771884467417744e-6, 0.2602760113368492, 3.343035934768726e-10, 2.831836108603278e-10, 3.191779101910768e-10, 5.347062314021254e-10, 6.074201592819665e-10, 1.858800596290356e-10, 0.10620527313222736, 1.4175112424259046e-9, 0.10620525730151996, 0.10620525371101122, 4.280551219699352e-10, 1.909112354218819e-10, 3.1146233174483815e-10, 7.236541738304598e-10, 2.418569569557383e-10, 0.10620526159786585, 0.260276007568404, 0.10620526006359135, 0.10620527521252977, 3.7342209666138323e-10, 0.10620526135230174, 0.1062052598022233, 5.528703327314922e-10, 0.10620525944691771, 0.10620526017163272, 2.359461237089458e-10, 2.757391137748103e-10, 0.10620525913978532, 1.204508247183992e-9, 0.1062052594764043]
v_opt: [0.8937947335359374, 0.8937947278901667, 0.538115632826507, 0.01127956081973844, 0.011279556857557861]
solution time: 0.01596689224243164
McCormick lower bound: -3.4768809878005036

