x_opt: [0.7908445111940269, 0.3148162603808165, 0.7908445154429263, 0.20915299204372984, 0.7908448832386951, 0.20915283676072516, 0.790847182331403, 0.4707258143619552, 0.2666744991852975, 0.2091554858573323, 0.20915546333325666, 0.7333254913601011, 0.2091554726636134, 0.20915278998072617, 0.2091551295949612, 0.3148162964152379, 0.2091527948370109, 3.187327991590876e-8, 0.20915282244773456, 0.20915277565277268]
w_opt: [0.7908444873111367, 0.581689396995265, 8.163697130662547e-9, 4.0715408188557715e-9, 0.5241700064012905, 0.2091554479541348, 4.8279632103864935e-9, 2.4206136035353185e-8, 0.2091527842609641, 2.1366044945713988e-8, 3.1558075417433273e-9, 0.10566077919690348, 0.10566119167531683, 0.3148162108782893, 0.2091554832069938, 0.20915278362600362, 2.4570101686146355e-8, 0.314816256922159, 0.20915297255038331, 0.5816917000026491, 0.2615703331143132, 5.6389230588446444e-8, 0.5241700311034343, 0.31481625460252605, 2.8929603290853086e-8, 2.8494159191975582e-8, 0.20915281936470367, 2.679513797713005e-8, 4.217787030878556e-9, 6.188268010327084e-8, 0.209152986037147, 0.20915298520724424, 0.20915295531546643, 2.488848051891554e-9, 4.2705914909934854e-7, 0.20915279321323607, 4.158069998593865e-9, 7.340084618188903e-9, 0.26667449705999685, 4.122101414849436e-7, 3.6499194706534013e-7, 2.9440721444392887e-9, 2.3543266066582533e-8, 0.20915266088080722, 2.9360023530484076e-9, 0.20915282582601244, 0.20915281921943807, 1.1126000807934551e-8, 0.20915283211596342, 0.20915274726220234, 6.822125465541064e-9, 0.2091528344219347, 4.3835055288928175e-9, 2.3086281502451764e-8, 0.20915281823902407, 1.854441645946553e-8, 0.7333254891500581, 1.0368200852799304e-5, 7.715773953611938e-9, 4.031203041195921e-8, 9.23735250700429e-8, 0.266674495260954, 5.062340580551341e-9, 0.20915511805779793, 0.2091527892642269, 0.20915281578162415, 1.17157920252657e-8, 2.739003418492334e-9, 5.639825151801926e-9, 0.20915546985893008, 5.879464063718498e-9, 4.35545209467011e-9, 5.357207654051389e-9, 5.852249728919697e-9, 7.306699357552308e-9, 1.8757485062862027e-9, 0.20915547085298086, 1.95261757129608e-8, 0.20915280138290168, 0.2091554607424541, 8.237258996421593e-9, 2.6642005407066193e-9, 2.11279013133624e-9, 8.363410953523357e-9, 4.226135089931613e-9, 0.20915512709091533, 0.20915536135559865, 0.20915276920120882, 0.20915274561109515, 8.346277212325854e-9, 0.20915512442790607, 0.2091527663462791, 1.1154930293901851e-8, 0.2091528177639275, 0.2091527707802084, 4.14913392551985e-9, 3.3787007372041476e-9, 0.20915274698557254, 2.760647019008089e-8, 0.2091527503483054]
v_opt: [0.4707258098086188, 0.7908445116209314, 0.6254357459792682, 0.04374602122082966, 0.04374601107378617]
solution time: 0.013966083526611328
McCormick lower bound: -5.411029894502933

