x_opt: [0.6611653607042075, 0.3388346389680434, 0.6611653746518872, 2.114284955255703e-7, 0.6611653492862899, 0.13888309422813633, 0.8611169312344434, 0.40081293319715816, 0.3388346829449366, 0.33883462263051756, 0.2924090552546385, 0.659310400467457, 0.3388346491140914, 0.13888306447794893, 0.3388346453237187, 0.3388346484225282, 2.0614939932488178e-7, 6.026168512960497e-9, 0.13888308964491347, 0.1388830895951867]
w_opt: [0.6611653596592463, 0.3223307109105187, 1.4561519930293742e-9, 1.4902075424094214e-9, 0.32047576214891066, 0.3388346447689084, 1.6321802963139878e-9, 1.5115817497426675e-8, 2.0361878516490366e-7, 3.6807042807562734e-9, 9.935803167390642e-10, 1.4490842633847675e-8, 1.622066988113779e-8, 0.33883462942004433, 0.33883462146598153, 0.1388830619583574, 6.758074261719672e-9, 0.3388346372380161, 2.079316771650992e-7, 0.5222823067198634, 0.061978308821639946, 4.127029769094713e-9, 0.3204757793799123, 0.33883464266572366, 5.13159432870509e-9, 4.992812953341382e-9, 0.13888308834636784, 3.796882179432852e-9, 9.671861970403621e-10, 6.1689935402681946e-9, 2.0891326654990085e-7, 2.099297836535931e-7, 2.0161799407382798e-7, 9.563639618836057e-10, 2.4967816056165706e-8, 2.0491696227893118e-7, 1.420872116768778e-9, 2.135294603547682e-9, 0.33883468177548853, 9.441224533318946e-9, 1.733618928887708e-9, 1.2738308397080817e-9, 2.9516527332937672e-9, 1.935405895294012e-7, 1.098527240025854e-9, 0.13888309126370185, 0.13888308599620444, 2.8045571512209562e-9, 0.13888309257675036, 0.13888305625002337, 1.7971405563275913e-9, 0.13888309326471246, 1.2406010718480506e-9, 3.713063810165155e-9, 0.13888308769342686, 2.9372536652778546e-9, 0.659310399139459, 0.19995171134156278, 1.7611069010201993e-9, 3.067974460816953e-8, 3.5674042001267796e-8, 0.3388346815690337, 1.537254890208712e-9, 0.3388346419828806, 2.0340162107225984e-7, 0.13888308791956389, 1.826508197339634e-9, 7.563642060724096e-10, 1.1000699096101884e-9, 0.338834648185587, 2.709327504326775e-9, 1.1338569531405255e-9, 1.7712175069258489e-9, 2.450477526022914e-9, 2.6757489314644794e-9, 9.94099907929667e-10, 0.3388346215321799, 2.16193898927338e-9, 0.1388830802885127, 0.2924090541722842, 1.747203826217613e-9, 1.4146067233789052e-9, 1.1658683834532541e-9, 2.0792281892590514e-9, 1.0811019537469596e-9, 0.33883464415255177, 0.3388345880436681, 0.13888308788079884, 2.0161529641954506e-7, 2.2546593466813704e-9, 0.338834642634271, 1.981702948082652e-7, 2.0519034815345144e-9, 0.13888308822024353, 0.138883088484366, 1.1412631531418011e-9, 1.0010066008984461e-9, 2.0288665470374321e-7, 4.72451751850155e-9, 0.1388830855397399]
v_opt: [0.4008129318407665, 0.6611653730872019, 0.4371396452604338, 0.11480890634600922, 0.08550356916388657]
solution time: 0.01700115203857422
McCormick lower bound: -5.536815730751523

