x_opt: [0.30237052778964957, 0.12781824381398632, 0.8964093993339681, 0.10359063261584739, 0.8721817523166939, 0.1278182331905166, 0.8721817389291248, 0.8829343392910202, 0.8721817487045416, 0.10359055483322423, 0.11706565613294372, 0.6976294797899716, 0.12781823384304034, 0.12781824185007093, 0.10359060836542995, 0.3868761368286456, 0.10359062111794815, 6.21135237040469e-9, 0.10359060781493568, 0.10359060595408943]
w_opt: [0.30237052669599956, 0.1745522808763468, 1.7793517426486683e-9, 1.3616539494841972e-9, 8.774944047550874e-9, 0.12781822491409892, 2.17147341258846e-9, 5.549275217761243e-9, 0.10359061869719836, 3.694586799152598e-9, 9.212699003031439e-10, 0.024227644123389045, 2.2972056259936935e-8, 0.12781823740172024, 0.1035905530413462, 0.12781823830650696, 7.133437641750064e-9, 0.12781824278310458, 0.10359062824314959, 0.76859113929176, 0.7793437414105809, 2.575025937844064e-9, 0.594038885047268, 0.38687613072165306, 2.4431610120490653e-8, 4.285169954349857e-9, 0.1035906063906182, 8.485982912353708e-9, 1.1297450462965799e-9, 6.918472889404216e-9, 0.10359063064125669, 0.10359063093749526, 0.10359054573009185, 1.2367046592261797e-9, 2.373686010123345e-8, 0.10359061990345406, 1.2002327953223918e-9, 2.2465584265045858e-9, 0.8721817477663877, 8.422174365553218e-9, 1.339816544477811e-9, 1.6299835073496255e-9, 1.913342098405722e-9, 0.10359059982860139, 1.1406306934611156e-9, 0.12781823014607693, 0.12781822594271647, 2.993718176190496e-9, 0.12781823015859556, 0.1278182287243372, 1.7326495455741483e-9, 0.12781823165022643, 1.7239753472848928e-9, 3.6553689804163903e-9, 0.10359060617661595, 2.2436945111905364e-9, 0.6976294784729545, 1.4663973531588382e-7, 1.2295455614999066e-9, 1.9875326466365e-9, 6.386727455468031e-9, 0.8721817467052274, 1.849729485154783e-9, 0.1035906015832026, 0.10359061947838245, 0.10359060641670063, 1.900600346562114e-9, 1.1411942258258716e-9, 0.5698112304260308, 0.12781823205337173, 1.7518651381539123e-9, 1.2552100411562947e-9, 1.6577300311896612e-9, 2.9444458445213053e-9, 2.8466503826347823e-9, 1.081840927195341e-9, 0.10359055263047921, 3.1640236989158743e-9, 0.10359053567851462, 0.11706565323651967, 1.6883292759968538e-9, 1.0761040485257955e-9, 2.12325756130838e-9, 2.4688728449728996e-9, 1.0492748843276984e-9, 0.10359060702590009, 0.12781821530706294, 0.10359060441709962, 0.10359060908489513, 1.5631678673714052e-9, 0.10359060619486715, 0.10359059636433049, 2.2220746063193147e-9, 0.10359060387424922, 0.10359060410396932, 1.0242070510667772e-9, 1.256677475894042e-9, 0.10359060180325573, 4.3581147784742874e-9, 0.10359060447640875]
v_opt: [0.8829343380577365, 0.8964093981665949, 0.7607044208254303, 0.010731006001161099, 0.013706032579153381]
solution time: 0.01917409896850586
McCormick lower bound: -3.177154684457074

