x_opt: [0.7372962821687941, 0.2627037468684139, 0.7372962910859335, 0.24248278302091517, 0.737296278272786, 0.24248271944069702, 0.7575172543051861, 0.655956168845809, 0.33925721884123755, 0.2627037149788358, 0.20096243318532192, 0.6607427280914503, 0.2627037165506958, 0.24248274768245526, 0.2627036835731899, 0.2627037795627544, 0.24248273239343265, 1.883310090511467e-8, 5.002809715662633e-7, 4.7396817475032153e-7]
w_opt: [0.7372962760273489, 0.47459256367362984, 1.0463594470264066e-8, 5.239793536878929e-9, 0.39803901383769524, 0.26270370035635404, 3.5936306344992565e-9, 2.074974897703884e-8, 0.24248272500277596, 1.137251725124434e-8, 4.678942625501774e-9, 4.0520436124139694e-8, 5.3138639440933414e-8, 0.26270372217167304, 0.26270371084199123, 0.24248273788068955, 2.153747898223501e-8, 0.26270374383675615, 0.24248277213866085, 0.4948135483423203, 0.39325246282966975, 2.0925424463500793e-8, 0.3980390359805077, 0.262703763729042, 1.2768637753003772e-8, 1.633371626006137e-8, 4.974815024635789e-7, 9.919216979203798e-9, 2.4849699666149846e-9, 1.7658254720312467e-8, 0.2424827784525087, 0.24248277698986867, 0.24248275863791224, 3.0387302135078395e-9, 9.499571352935082e-8, 0.24248272938347576, 3.73537418721005e-9, 7.161216032070014e-9, 0.3392572162600516, 2.7547434779734844e-8, 5.1091119121726416e-9, 4.379074547891528e-9, 8.460765044569428e-9, 0.24248267859425787, 2.6546643865292014e-9, 0.24248270146654036, 0.24248270548946796, 6.170975196822552e-9, 0.24248271381001935, 0.24248269623381383, 7.91311268414911e-9, 0.24248271599165205, 4.286495559221586e-9, 1.115100937953216e-8, 4.96507923740773e-7, 1.0853182532611352e-8, 0.6607427236436697, 0.020221016552306882, 7.20084593316513e-9, 8.096520402292037e-9, 1.1791357391943209e-8, 0.33925721562195105, 4.332513226929296e-9, 0.2627036725749813, 0.24248272680897356, 4.954959100535426e-7, 4.7949603395072535e-9, 3.660654119931164e-9, 2.239452379674637e-8, 0.2627037129168172, 4.842089150356411e-9, 3.756387690908869e-9, 4.859383033373691e-9, 7.349837381155823e-9, 7.505842153497422e-9, 2.7708647478771e-9, 0.26270370840147034, 7.4546522161183e-9, 4.770116877265707e-7, 0.2009624304039668, 5.984723723174097e-9, 3.0597078382460283e-9, 3.3426994399288567e-9, 8.277334205848366e-9, 3.903591791302256e-9, 0.2627036799247689, 0.2627035707489821, 4.6812593440520554e-7, 0.24248271157172274, 7.567680945992411e-9, 0.26270367897358066, 0.24248271227944157, 5.029609775228498e-9, 4.939737730894682e-7, 4.6947810036225485e-7, 3.5726780812793273e-9, 3.803771604978332e-9, 4.5853082675495263e-7, 1.516547864710948e-8, 4.6762274550229626e-7]
v_opt: [0.6559561659416359, 0.7372962863647896, 0.5436058057068156, 0.0690133095279811, 0.04038601119414986]
solution time: 0.016326904296875
McCormick lower bound: -6.657895515425372

