x_opt: [0.6542029787684138, 0.34579702622274033, 0.654202980189792, 1.2350533056666138e-6, 0.6542029778219397, 0.13934601353293427, 0.8606540000979856, 0.38438266490552325, 0.3457970356060936, 0.3457970188396802, 0.261634879399495, 0.6542029633870388, 0.345797021324476, 0.13934600016436424, 0.3457970196730238, 0.3457970346371897, 1.2345406413648155e-6, 2.6438678728982375e-9, 0.13934598519155816, 0.1284513071654136]
w_opt: [0.6542029782409684, 0.30840595704221896, 8.089476145765443e-10, 7.031272558085299e-10, 0.30840594263486265, 0.34579701928358453, 6.071563096939565e-10, 3.403795747854858e-9, 1.2334095261722577e-6, 1.573650785707827e-9, 5.263234663907151e-10, 6.8284667298030675e-9, 8.094616252063483e-9, 0.34579702283056074, 0.3457970182787607, 0.13934599895313834, 2.5388685399378085e-9, 0.34579702570661475, 1.2334934263951813e-6, 0.5148569807184078, 0.038585645563656755, 1.3255887864435779e-9, 0.3084059455438724, 0.3457970322466336, 2.0350664536496236e-9, 2.2226901510763927e-9, 0.13934598469812443, 1.4435325908981308e-9, 4.2296276056166747e-10, 2.361075697923634e-9, 1.2342048641749087e-6, 1.2342818252310348e-6, 1.231521779239853e-6, 4.289473685983345e-10, 1.0026403335883893e-8, 1.2338968155012624e-6, 5.84607948460496e-10, 9.546409708111973e-10, 0.3457970351571051, 3.4763878994193395e-9, 7.228958992998785e-10, 5.844230867280406e-10, 1.158381856906435e-9, 1.2283651631915505e-6, 4.308538916633334e-10, 0.13934601196852867, 0.13934601143233752, 1.0678533387811268e-9, 0.13934601276589947, 0.13934599820985163, 8.650946571478259e-10, 0.13934601306856084, 5.70796858947465e-10, 1.5656821773680773e-9, 0.13934598460410214, 1.3095063444338624e-9, 0.6542029627752717, 0.20645105335063796, 1.0789801592617018e-9, 1.3915983416370554e-9, 1.9623936179865538e-9, 0.34579703505670445, 6.544217189596654e-10, 0.34579701816717195, 1.233563026717757e-6, 0.13934598443547055, 7.893782491067809e-10, 3.9737764244437243e-10, 8.700356402759256e-10, 0.34579702087360387, 8.796069527588904e-10, 5.35347803062103e-10, 7.282389563739701e-10, 9.757352288504086e-10, 1.0343412854111669e-9, 4.4038202929186043e-10, 0.34579701822851744, 1.0089594881297908e-9, 0.1393459813667433, 0.26163487895402165, 7.894347420025168e-10, 5.192051815906443e-10, 5.218325813573268e-10, 1.198493335353152e-9, 5.182017251017269e-10, 0.3457970191540872, 0.3457970077373918, 0.12845130633446508, 1.2327990179914644e-6, 1.0046340496124375e-9, 0.3457970189166522, 1.231366540109329e-6, 8.190191200132048e-10, 0.13934598443463783, 0.12845130663280768, 5.17708770705291e-10, 4.846990759382514e-10, 1.2331260484038176e-6, 2.0585291034913234e-9, 0.12845130658948123]
v_opt: [0.3843826643744151, 0.6542029794821598, 0.42798154160501806, 0.11957558865721667, 0.0684528137857918]
solution time: 0.01576399803161621
McCormick lower bound: -6.00488194560468

