x_opt: [0.7899267158838896, 0.319081408015079, 0.789926721593092, 0.21007263254259137, 0.7899267318709055, 0.21007233480758236, 0.7899274227737545, 0.4655907740608339, 0.2693368825361593, 0.21007329162509172, 0.19799642850196822, 0.7306630904823562, 0.21007327500837808, 0.21007257468826887, 0.21007262003852675, 0.31908149146695447, 0.21007254448577053, 1.4896090951968112e-8, 0.2100700773819674, 0.21006980730332575]
w_opt: [0.7899267027004979, 0.5798534500028506, 1.186222672981611e-8, 2.6122683226342308e-9, 0.5205898093523766, 0.21007325815972425, 2.9262027551044357e-9, 1.2865561092719853e-8, 0.21007253815789467, 9.091055298039448e-9, 3.2239835221550427e-9, 0.10900813202201863, 0.1090081650401217, 0.31908138835359406, 0.2100732886453164, 0.21007256865402746, 1.281313377610347e-8, 0.31908140541238006, 0.21007262335433124, 0.57985414626156, 0.25551749805891366, 2.982985981102231e-8, 0.5205898264049891, 0.31908147329189296, 1.165801512209735e-8, 1.2872986548768467e-8, 0.2100700752987065, 9.857554895679404e-9, 2.43662371436974e-9, 1.49690086450377e-8, 0.21007262926490347, 0.21007262852027975, 0.21007261405375754, 2.0432919332005078e-9, 7.687899020571241e-8, 0.21007254311068416, 2.6023566431811874e-9, 4.737140877503452e-9, 0.26933688074447354, 4.770857005239232e-8, 1.0053337726969993e-8, 2.700402942146032e-9, 6.373515756248183e-9, 0.21007249447421245, 1.913984023393933e-9, 0.21007232457368882, 0.2100723243165815, 5.119107052118492e-9, 0.21007232970725412, 0.21007233089216726, 5.042871917792104e-9, 0.21007233237989598, 3.262681526689403e-9, 9.159806711001939e-9, 0.21007007505823502, 9.636595124348416e-9, 0.7306630879512317, 8.724829203316138e-7, 5.657962886790958e-9, 6.423958918428863e-9, 1.4218254140345892e-8, 0.26933687993229993, 3.2921680597355175e-9, 0.21007261024884175, 0.21007254073973938, 0.21007007341959222, 5.53964199900199e-9, 2.741608497194516e-9, 2.271756724250521e-8, 0.21007327240265547, 3.358686873398644e-9, 3.1212537899487862e-9, 3.275198452219308e-9, 4.401209331513824e-9, 4.876786185644227e-9, 1.755513624742292e-9, 0.21007327457255015, 9.330722203113753e-9, 0.2100700607126659, 0.19799642635376608, 4.479625300566902e-9, 1.952888989000151e-9, 2.060237499097878e-9, 5.88260160127704e-9, 3.03029352315137e-9, 0.21007261722472664, 0.2100732309733676, 0.21006980194078678, 0.21007248158983288, 5.365577426470022e-9, 0.21007261609114936, 0.2100724741250488, 4.296469850244163e-9, 0.2100700721696094, 0.2100698047496399, 2.8085108915902203e-9, 2.767357488207833e-9, 0.2100697887148893, 1.1902508583369418e-8, 0.21006977290254453]
v_opt: [0.4655907715256475, 0.7899267180954194, 0.6239844988195987, 0.044131168453797505, 0.03920306340901701]
solution time: 0.013589859008789062
McCormick lower bound: -6.019610630490111

