x_opt: [0.6394112832763685, 0.3605887227961287, 0.63941128348636, 1.0967260514103059e-8, 0.6394112826640783, 0.15583969744870177, 0.8835458237001272, 0.37030246751741547, 0.3605887169401653, 0.360588716170428, 0.23882856542926345, 0.6394112827136027, 0.3605887164880071, 0.11645417637996663, 0.3605887163197252, 0.36058872494918887, 1.0744181234211202e-8, 5.010223760367161e-10, 0.11645417279071053, 0.11645416866614938]
w_opt: [0.6394112831381653, 0.27882256601990546, 1.3940208165568463e-10, 1.3274816903691682e-10, 0.27882256608477, 0.36058871611309873, 1.1145236284487206e-10, 5.75270376395624e-10, 1.0523307336064659e-8, 2.953252776858598e-10, 1.0382221622645635e-10, 6.366580485908026e-9, 5.961610112399471e-9, 0.36058872210908877, 0.3605887160784643, 0.11645417614632826, 4.331927491338549e-10, 0.36058872268871367, 1.0678022489112252e-8, 0.5229571072671916, 0.009713751085112169, 2.2662301569468828e-10, 0.27882256657000726, 0.36058872446335377, 3.87411899255914e-10, 4.249642336200585e-10, 0.11645417269896016, 3.035091907595948e-10, 8.402946843622755e-11, 4.3528701452187605e-10, 1.0809349125702968e-8, 1.0816838410679112e-8, 1.0363820288439688e-8, 7.723141223370904e-11, 1.3778884791283604e-9, 1.0626057732791417e-8, 1.1100851096430999e-10, 1.708689269098942e-10, 0.36058871685090277, 6.29144741655158e-10, 1.2294550359017033e-10, 1.068940882626478e-10, 2.219672494256593e-10, 9.723242669409627e-9, 7.837312049537888e-11, 0.15583969715261034, 0.1558396970670155, 2.0575883076757634e-10, 0.15583969729520028, 0.1164541760593198, 1.6115281646457977e-10, 0.15583969736461561, 1.0365174476164994e-10, 2.975713420439472e-10, 0.11645417268988495, 2.7566417251090636e-10, 0.6394112826019384, 0.24413454694566628, 2.3944414781794535e-10, 2.80041809871087e-10, 3.9992595240230686e-10, 0.3605887168391154, 1.2575802891689043e-10, 0.36058871607049126, 1.0555612147775777e-8, 0.11645417263741703, 1.6292820647080875e-10, 7.2663201237967e-11, 1.3975586977346371e-10, 0.3605887163924059, 1.6421510809970765e-10, 1.027539142244595e-10, 1.353343458441097e-10, 1.686369513999757e-10, 1.8198460764510726e-10, 8.49565912328581e-11, 0.360588716063991, 2.0039981575354908e-10, 0.1164541721177268, 0.2388285653492207, 1.5096727008292567e-10, 9.746137684815001e-11, 9.693876529039422e-11, 2.7398894436018526e-10, 1.0153504532743013e-10, 0.360588716211724, 0.36058871407968757, 0.11645416849450706, 1.0445342599513279e-8, 2.0468155030497264e-10, 0.3605887161728145, 1.0195376563667902e-8, 1.572765605416301e-10, 0.11645417264663373, 0.11645416856786267, 1.0134434379382447e-10, 9.02367661956551e-11, 1.0466323066463356e-8, 3.9196806172698095e-10, 0.11645416857301008]
v_opt: [0.370302467410708, 0.6394112833409235, 0.4088468003755784, 0.13002422610164338, 0.057039093440426646]
solution time: 0.012232065200805664
McCormick lower bound: -6.78763141884805

