x_opt: [0.8180635636359572, 0.1819364702960241, 0.8180635790459916, 0.18193642546193906, 0.8180635736468691, 0.18193638804300036, 0.8180635820585608, 0.862647442360014, 0.6594249987738237, 0.18193642105840527, 0.09457534210891778, 0.8131284471331218, 0.1819364203802243, 0.18193641766238455, 0.18193641571040722, 0.18193647467550852, 0.18193642040510977, 7.922652665228938e-10, 0.1819363618594294, 0.1373525591923544]
w_opt: [0.8180635634696568, 0.6361271373866562, 2.4066816159667637e-10, 1.868206574320294e-10, 0.6311920109285607, 0.1819364194359511, 1.808787710669174e-10, 5.374667331609577e-10, 0.18193642008332703, 4.712417587696314e-10, 1.614212956444251e-10, 4.947042381443751e-8, 4.512218664131534e-8, 0.1819364694580412, 0.18193642083449707, 0.18193641730477458, 7.253430652656108e-10, 0.18193647016236006, 0.18193642495279905, 0.6361271612227273, 0.68071102158784, 7.753078458146564e-10, 0.6311920269853383, 0.18193647385240305, 8.197004419383818e-10, 6.502343825549109e-10, 0.1819363617276127, 3.1577380482880084e-10, 1.5512107096773492e-10, 7.416202131688566e-10, 0.1819364252758533, 0.18193642519731873, 0.18193642009556785, 1.343488023503031e-10, 3.5277681187042385e-9, 0.1819364202884534, 1.4126521141142596e-10, 2.681809717054278e-10, 0.6594249986785061, 8.809125952738622e-10, 1.9675351840198025e-10, 1.8226273753943872e-10, 2.913614300862713e-10, 0.18193641749962353, 1.1384092576582323e-10, 0.1819363874602805, 0.1819363873949709, 3.108764300701086e-10, 0.18193638775872223, 0.18193638754735061, 2.669273853043407e-10, 0.1819363878619924, 1.9836437704136044e-10, 4.718141750597067e-10, 0.18193636169902574, 3.775524200742058e-10, 0.8131284469676097, 2.6650190646337852e-8, 2.024283671186194e-10, 2.6867059408067387e-10, 5.525984819087439e-10, 0.659424998601063, 1.777250758985312e-10, 0.1819364150508888, 0.18193642021145193, 0.18193636166159735, 2.8156611816766604e-9, 1.68684307896329e-10, 0.4725534464389755, 0.1819364201561433, 1.7664113913230536e-10, 1.6946481747325307e-10, 1.8503588457070048e-10, 2.758066629700471e-10, 2.8254927418470576e-10, 1.1600306054147822e-10, 0.1819364200265327, 4.447564093818661e-10, 0.18193636048366238, 0.09457534193576375, 2.2991343454198201e-10, 1.1539060183760503e-10, 1.6284362590113857e-10, 3.855127456383034e-10, 1.548666217125556e-10, 0.18193641551077513, 0.18193641761826454, 0.13735255894537485, 0.1819364167220953, 2.4112703413274714e-10, 0.18193641546784692, 0.18193641456351997, 2.344871733286369e-10, 0.1819363615006431, 0.13735255902954335, 1.4174199631047605e-10, 1.6650791034800075e-10, 0.13735255866970245, 5.987149838340481e-10, 0.13735255904500185]
v_opt: [0.8626474422230935, 0.818063578866277, 0.6692280207249673, 0.03310086240893926, 0.008944498996155471]
solution time: 0.014225959777832031
McCormick lower bound: -4.601882931628495

