x_opt: [0.6596175848648812, 0.3403824593589162, 0.6596175970906707, 4.4649597092774447e-7, 0.6596168203990211, 0.13787431280776669, 0.862125866177039, 0.3984434718153738, 0.3403837681092317, 0.3403823711253028, 0.2893204549378381, 0.6596161973665444, 0.34038316511504535, 0.13787413716274008, 0.3403831621103654, 0.34038356865860225, 4.447601271973488e-7, 1.3755233597035836e-8, 0.13787404482740004, 0.13787398823645342]
w_opt: [0.6596175835211059, 0.31923440623404425, 2.2553630536813443e-9, 2.050032039809257e-9, 0.3192337832198325, 0.3403831570285768, 1.7939139107311994e-9, 7.530936000868803e-7, 4.4088315286168255e-7, 9.725778473594497e-9, 1.251052441494886e-9, 5.7345629790722296e-8, 1.7171145437028302e-8, 0.34038243106937455, 0.3403823699511022, 0.137874134072085, 3.924168680239918e-8, 0.3403824579167967, 4.3941069415611285e-7, 0.5217434646919413, 0.05806107010160163, 2.065212162027821e-9, 0.31923380570112736, 0.3403835591586529, 1.4311503804823416e-8, 1.2527347398309916e-8, 0.13787404324093044, 5.4568242568057955e-9, 8.776261317794499e-10, 2.715793444449516e-8, 4.427832004979794e-7, 4.44739353953655e-7, 4.0328583066924546e-7, 1.3828845328355741e-9, 1.0058077521989629e-7, 4.4253397244550755e-7, 2.116664988521136e-9, 5.5019344023237795e-9, 0.3403837668061379, 1.3818340881088556e-8, 1.4711677244178184e-9, 1.6114854979286616e-9, 5.1437281595963355e-9, 3.9394525399572735e-7, 1.7097489806817422e-9, 0.13787430573019763, 0.13787430137303927, 3.826842741103359e-9, 0.13787431126376498, 0.1378741292402646, 4.465572169267614e-9, 0.13787431172074752, 2.0985498082479203e-9, 9.830593361265544e-9, 0.13787404289575161, 6.890360562126864e-9, 0.6596161955728955, 0.20250943656136175, 5.758487522403531e-9, 2.1029653544813056e-8, 1.5054013739420923e-8, 0.3403837666845404, 2.272504526051093e-9, 0.34038315712913203, 4.4062363351817763e-7, 0.1378740425723308, 2.0229378565390664e-9, 1.0956096862378802e-9, 1.5626043037901317e-9, 0.3403831642337662, 5.829263691640008e-9, 1.495390691430427e-9, 3.5396261063613817e-9, 7.80318718186128e-9, 8.312835907942623e-9, 1.4243516580097128e-9, 0.34038236964591745, 3.0039151224011323e-9, 0.1378740083462823, 0.2893204537558461, 4.786367167366254e-9, 2.1100181524313174e-9, 2.05532407803046e-9, 4.219448658475052e-9, 1.5616161175898065e-9, 0.3403831610273342, 0.34038307222452263, 0.13787398644293367, 4.350239062047323e-7, 4.438105763534253e-9, 0.3403831600911311, 4.1540584988009245e-7, 3.607324689645224e-9, 0.13787404323812172, 0.13787398664122852, 1.6214173916704194e-9, 1.5441861882286577e-9, 4.420006178556881e-7, 1.2275602957765759e-8, 0.13787398387875288]
v_opt: [0.3984434704878106, 0.6596175955312442, 0.43509435254913137, 0.11586019179888277, 0.08370650576900515]
solution time: 0.015787839889526367
McCormick lower bound: -5.406941912940316

