x_opt: [0.7728647486541093, 0.22713547944318924, 0.7728648297312002, 7.802433638768176e-7, 0.7728647982699532, 0.22712321411538236, 0.7728770179180303, 0.6269238121199371, 0.4195711124505802, 0.22713519703468585, 0.22713516567819492, 0.5804288243217084, 0.22713517957142831, 0.22712297779869028, 0.2271350179851977, 0.2951894647856149, 7.537515601532981e-7, 5.1304139059629606e-8, 0.22711244490842003, 0.22711239063277083]
w_opt: [0.7728647351215099, 0.5457295543391592, 2.014297895060117e-8, 1.8917610103032822e-8, 0.3532935823542802, 0.22713513171829394, 1.4072497377293116e-8, 5.444739297505134e-8, 7.320631752920287e-7, 3.0933126652812644e-8, 9.853315447688127e-9, 3.17067569156518e-7, 3.949325828842317e-7, 0.22713540201065308, 0.22713518622696205, 0.227122955783396, 6.056014061451747e-8, 0.22713546945784205, 7.484948137110349e-7, 0.5457418564089811, 0.39978865287375964, 5.706541372499239e-8, 0.3532936971301387, 0.29518941622071193, 4.2967545067139466e-8, 4.196742607723829e-8, 0.2271124345515619, 4.187465462319635e-8, 8.28375597291033e-9, 5.559462717980819e-8, 7.622320043960927e-7, 7.650830217139546e-7, 6.999247872991139e-7, 9.033703079005597e-9, 1.9176701805826423e-7, 7.418466373847108e-7, 1.1451376562227504e-8, 1.8720605112666826e-8, 0.4195711040202922, 1.0005960110332679e-7, 1.2361117158298131e-8, 1.1787327889179937e-8, 1.9507971684459696e-8, 6.235042595389475e-7, 9.180170263717701e-9, 0.22712318452846278, 0.2271231591578558, 2.271773442883909e-8, 0.22712320046254508, 0.22712289996251314, 1.7214741793581673e-8, 0.22712320461096397, 1.2441609901515275e-8, 3.055821656635449e-8, 0.22711243285177798, 2.5530144005336768e-8, 0.5804288117413007, 1.2735606355361733e-5, 1.9157681127128528e-8, 2.445103502733916e-8, 6.435941742646333e-8, 0.4195711000609844, 1.3061823392686467e-8, 0.22713498399227042, 7.347232811046031e-7, 0.22711243142721083, 1.564676606686934e-8, 8.236225675096089e-9, 2.2635093047459955e-8, 0.2271351703461365, 1.8841325976306392e-8, 1.0524704963517648e-8, 1.4910053227867572e-8, 2.3409081733637772e-8, 2.3793048111641307e-8, 9.119853480113185e-9, 0.22713517110322567, 2.211109638587443e-8, 0.22711237021278094, 0.22713515500957898, 1.5618956223858713e-8, 1.0782257521745054e-8, 1.185937770247289e-8, 2.103601286324342e-8, 9.873436071028548e-9, 0.22713500955562785, 0.2271349536470061, 0.2271123756526759, 7.088532161343742e-7, 1.852397170416545e-8, 0.22713500357708383, 6.851612890255517e-7, 1.696334499780347e-8, 0.22711243069073997, 0.22711237948760626, 1.0038422616441213e-8, 9.79921622326499e-9, 7.216899500747184e-7, 3.9567016340102315e-8, 0.22711232766446543]
v_opt: [0.626923801701067, 0.7728648175069868, 0.59732050064862, 0.05159046573889589, 0.05159040574332771]
solution time: 0.013602018356323242
McCormick lower bound: -4.886317378759528

