x_opt: [0.6837141290191374, 0.3255212786095286, 0.6837141302419019, 1.6016657933992e-7, 0.6837141347764983, 0.15880772435922927, 0.8411923297511704, 0.4226085315018431, 0.3162859809736007, 0.3162858578806548, 0.31624483103829804, 0.644129269537418, 0.31628586698065225, 0.15880766626454423, 0.31628586358248695, 0.3255215386102027, 1.5566549428511132e-7, 1.1109640800465924e-8, 0.15880770250866863, 0.15880758719572685]
w_opt: [0.6837141261021531, 0.3674282651513994, 2.47762782779188e-9, 2.205234919181441e-9, 0.32784340011606744, 0.31628586008981335, 2.6254180746385113e-9, 1.2449860310919713e-8, 1.515131399390028e-7, 6.926837650408063e-9, 1.4883078473739542e-9, 0.009235410413774037, 0.009235423469304551, 0.32552126301566847, 0.31628585626433353, 0.15880766264900673, 1.0417889849910783e-8, 0.32552127641407125, 1.5447378409706018e-7, 0.5249064615146141, 0.10632266362149975, 3.461792252936596e-9, 0.32784340679775825, 0.32552152803366285, 8.156502002139306e-9, 9.355793852247174e-9, 0.15880770039874473, 6.315972798016573e-9, 1.690705590389894e-9, 1.158926952169038e-8, 1.5613094385612096e-7, 1.5781338670115805e-7, 1.4613422851251956e-7, 1.4329827719560823e-9, 3.5111443690192775e-8, 1.535515496289531e-7, 2.3245380336194037e-9, 3.21356960170605e-9, 0.31628597912104606, 2.432955474889558e-8, 3.0021031066152156e-9, 1.810821180687493e-9, 5.0564391050898624e-9, 1.365373100148882e-7, 1.6902569152464968e-9, 0.158807720163152, 0.15880771182445028, 4.996110318490816e-9, 0.15880772190531295, 0.15880765800024788, 2.654856541231352e-9, 0.15880772290663941, 1.9327216383024266e-9, 7.0758512294156565e-9, 0.15880770023502466, 5.188021148876804e-9, 0.6441292675911736, 0.15747835284301112, 3.0736332853487674e-9, 3.8640335577024656e-8, 5.588426333784431e-9, 0.31628597865847075, 2.42335405791445e-9, 0.3162858580892673, 1.5148854807804235e-7, 0.15880769960877594, 3.2933462710919877e-9, 1.142627315596293e-9, 1.7388611597628698e-9, 0.3162858655808138, 4.1918569564938925e-9, 1.8049554442408246e-9, 2.8969259165856303e-9, 3.455173372040431e-9, 3.91625128692409e-9, 1.530397241323487e-9, 0.3162858559382115, 3.786867190569129e-9, 0.15880768754648572, 0.3162448292844638, 3.0830071745775643e-9, 2.1458050939456076e-9, 1.759044846294037e-9, 3.6405364251427276e-9, 1.7774258417146323e-9, 0.3162858618398358, 0.31628583650704195, 0.1588075844133284, 1.4879551906645408e-7, 3.532590474897235e-9, 0.3162858608762697, 1.4381091885905553e-7, 3.900573825399834e-9, 0.15880770026342278, 0.15880758556329283, 1.8220070671240162e-9, 1.582533366628707e-9, 1.506018125072424e-7, 8.90872789723653e-9, 0.15880758463365094]
v_opt: [0.4226085290697701, 0.6837141278331197, 0.4674656399265579, 0.10003676507602795, 0.10001085862594315]
solution time: 0.013484001159667969
McCormick lower bound: -5.4170593673100225

