x_opt: [0.7335251514697103, 0.3458135068305986, 0.7335251617907496, 0.17180429758648386, 0.7335252050597101, 0.17180393670266617, 0.8281960211532462, 0.3907329774015529, 0.26647919923640323, 0.26647483625921664, 0.21211661411777707, 0.733520799532827, 0.26647483472589434, 0.17180398205385808, 0.266474786276804, 0.3458135199941998, 0.17180402663303157, 2.3985045545789138e-8, 0.17180391257781447, 0.171803470951421]
w_opt: [0.7335251426111088, 0.46705036096557445, 8.969095976441602e-9, 5.871385686920189e-9, 0.46704595629942897, 0.2664748149464973, 4.878182758517042e-9, 1.8521366992856778e-8, 0.17180401510064885, 1.3706886751922452e-8, 5.350019771360507e-9, 0.07933867342627628, 0.07933873567310552, 0.34581347754066605, 0.26647483099848857, 0.17180397059404814, 1.637836287532597e-8, 0.3458135012677985, 0.1718042827451121, 0.5617211863499673, 0.12425814321653082, 2.157758315666497e-8, 0.4670459802719397, 0.3458134914002085, 1.673087503756492e-8, 2.043822433698333e-8, 0.17180390861021175, 1.2417741939557704e-8, 4.691384022152885e-9, 2.0843887027206525e-8, 0.17180429132488825, 0.1718042890395827, 0.17180427372485774, 3.486388131229144e-9, 1.02589470024471e-7, 0.17180402322836838, 4.7919906825189435e-9, 7.478607600460956e-9, 0.2664791955578528, 7.254874975142555e-8, 5.2020864197676284e-8, 4.704653377912041e-9, 1.7990823762644284e-8, 0.1718039657224418, 3.257973392021803e-9, 0.17180392139859038, 0.17180391973823414, 1.0129212656890712e-8, 0.17180392748328893, 0.17180387483088927, 7.448852825755157e-9, 0.171803932537597, 4.986168277003686e-9, 1.4173264095314667e-8, 0.1718039078871815, 1.4425229751884421e-8, 0.7335207948010587, 0.09467118276274394, 1.2010961301815195e-8, 1.3911922052664254e-8, 1.0606668925780764e-8, 0.26647919438094386, 5.786243495463536e-9, 0.2664747724590303, 0.17180401920773783, 0.17180390469910192, 9.481320335912925e-9, 3.7984646516902e-9, 1.0557826259217253e-8, 0.26647483007211636, 5.978366200614413e-9, 5.345534893786821e-9, 5.659651947575252e-9, 6.48330545444397e-9, 7.1051191438596635e-9, 3.242243497015506e-9, 0.2664748260599532, 1.260374545331586e-8, 0.17180388347802464, 0.21211661034610535, 7.0147459131189624e-9, 3.7996176811071616e-9, 3.5116445400303e-9, 1.0525617536391923e-8, 5.127146276041543e-9, 0.2664747810069261, 0.2664747594582425, 0.17180346116605957, 0.17180394154895548, 9.376514332657806e-9, 0.2664747788561054, 0.17180400348218955, 7.4010077606285524e-9, 0.17180390395354794, 0.17180346687261017, 4.980618842786706e-9, 4.452795904030341e-9, 0.17180346070807778, 1.84856743070553e-8, 0.17180346010838565]
v_opt: [0.39073297230045073, 0.7335251542833741, 0.5380597330964111, 0.07100884851108122, 0.04499352927938755]
solution time: 0.01238703727722168
McCormick lower bound: -7.063265168342774

