x_opt: [0.710182228195394, 0.2898177718065083, 0.7101822283661878, 0.0785663222832646, 0.710182227202818, 0.22326397669666942, 0.7767360233615247, 0.6015831184398981, 0.4070150474705944, 0.28981777163029887, 0.2023425674008778, 0.5929849524657941, 0.28981777220750504, 0.22326397664816544, 0.28981777205024545, 0.28981777243496637, 0.07856632223494897, 1.40703089897495e-10, 0.07856632178237878, 0.07856632166294743]
w_opt: [0.7101822281689129, 0.4203644558557545, 4.611240446688315e-11, 4.417793632941423e-11, 0.3031671806877458, 0.28981777208510284, 3.104789840339828e-11, 4.2236025262872566e-10, 0.07856632217722566, 8.389849325767567e-11, 3.503907413416568e-11, 1.9280907863750895e-10, 1.688642007422187e-10, 0.2898177716347651, 0.2898177715880886, 0.22326397656835864, 1.784772996596631e-10, 0.2898177717823465, 0.07856632220088405, 0.4869182517537352, 0.31176534683103785, 9.040502053586006e-11, 0.30316718094823425, 0.28981777232409506, 1.0969710412306527e-10, 1.1916341983776813e-10, 0.07856632175733315, 7.59673929869507e-11, 1.9758388730288105e-11, 1.1335685487511254e-10, 0.07856632224219054, 0.07856632223834069, 0.078566322083269, 2.6274586852967918e-11, 5.053940125105874e-10, 0.07856632220452857, 3.110777707697899e-11, 6.080439538112954e-11, 0.407015047447833, 1.2409274292129332e-10, 2.8995850097427942e-11, 3.9319507140804215e-11, 5.7857252142395715e-11, 0.07856632187553686, 2.4247408549692688e-11, 0.22326397657649427, 0.2232639765893154, 5.0476447628632955e-11, 0.22326397665401937, 0.2232639764648154, 6.000427466185799e-11, 0.22326397666729536, 3.451936915752098e-11, 8.059172106744622e-11, 0.07856632174575953, 6.677136407584357e-11, 0.592984952424932, 0.06655379704286549, 4.908274107196011e-11, 6.628605144643921e-11, 9.401076258708165e-11, 0.407015047443266, 3.579745571770094e-11, 0.2898177719620486, 0.07856632218541246, 0.07856632174462108, 3.626137702713809e-11, 2.7830216509427314e-11, 1.1816766148504494e-10, 0.28981777218137417, 4.5807474960186444e-11, 2.9816265065211626e-11, 4.104294020332261e-11, 6.742353432373135e-11, 6.584922510894868e-11, 2.558291259091059e-11, 0.2898177715900211, 5.068090076633729e-11, 0.07856632155481358, 0.20234256737921127, 4.4292991561038234e-11, 2.8095999182328142e-11, 3.25736927901738e-11, 6.366146837390343e-11, 2.949807434655974e-11, 0.2898177720215114, 0.28981777130856295, 0.0785663216191456, 0.07856632213972144, 5.648430876644475e-11, 0.28981777200791115, 0.07856632204850415, 3.9363053382270694e-11, 0.07856632173554783, 0.07856632162376016, 2.81516316365125e-11, 2.9651387716396677e-11, 0.07856632156554542, 1.1040995954939632e-10, 0.07856632162592427]
v_opt: [0.6015831184156853, 0.7101822283289377, 0.5043587977165271, 0.08399434291012775, 0.040942515255788146]
solution time: 0.012236833572387695
McCormick lower bound: -6.088372115770037

