x_opt: [0.8194605141108458, 0.18053949816816028, 0.8194605247755339, 0.18053891309336156, 0.8194603704680082, 0.18053955603028668, 0.8194606595924009, 0.8280801770973442, 0.5783802860121298, 0.18053946545213848, 0.17188366912823025, 0.7972930106201417, 0.1805395989230858, 0.18053933552732723, 0.18053908785513792, 0.21060985115510614, 0.180538907763191, 1.8627833006532506e-8, 0.17191744689281335, 0.1719173949886886]
w_opt: [0.819460510896383, 0.6389208870364358, 5.7552200472819796e-9, 4.14450386940441e-9, 0.6167535276569542, 0.1805395826346193, 4.810190314753078e-9, 1.4706810192834912e-8, 0.1805389015635526, 1.1710854168394456e-8, 3.382815085495709e-9, 2.5161929476188957e-8, 2.4862380709004882e-8, 0.18053947718951693, 0.18053946315097893, 0.1805393272082823, 2.5963598803931495e-8, 0.18053949585092718, 0.18053890309333745, 0.6389211870537752, 0.6475407050445678, 5.657072798167066e-9, 0.6167535512218094, 0.21060983713637055, 1.1274930272939649e-8, 1.594874645108055e-8, 0.17191744416456198, 7.007267251909154e-9, 2.28800957097634e-9, 1.581426077465565e-8, 0.1805389088409098, 0.18053890809290876, 0.18053888989515968, 2.9048622299225416e-9, 1.2041600994112528e-7, 0.18053890463280525, 3.316865389311446e-9, 6.742284345757889e-9, 0.5783802838432399, 1.82748057238809e-8, 3.0252138522183844e-9, 4.211093013204903e-9, 5.596001703798799e-9, 0.18053884258404762, 2.53114255889862e-9, 0.1805395432483723, 0.18053953879787352, 5.623705398867272e-9, 0.18053955091658597, 0.18053932077825777, 6.3647636936312356e-9, 0.18053955313860373, 4.018005959662887e-9, 1.1299647041221168e-8, 0.1719174431213857, 7.969160478595037e-9, 0.7972930066642133, 8.767763151793799e-7, 3.589869765705948e-9, 6.448017384068046e-9, 1.041371341158233e-8, 0.5783802828071833, 4.290616712832943e-9, 0.1805390761677993, 0.18053890306982687, 0.17191744295736858, 5.620801227329469e-9, 3.291834513690232e-9, 0.3756733017484956, 0.18053959539671663, 4.462005890569589e-9, 3.2361343451775327e-9, 4.557661191579736e-9, 7.733009101753631e-9, 7.463421353860809e-9, 2.6501542705974765e-9, 0.18053945972995358, 6.605542608194597e-9, 0.17191742455893105, 0.17188366610848207, 5.449735121639838e-9, 2.7734648027128847e-9, 3.7215239769160285e-9, 6.860784485558654e-9, 3.235355509463404e-9, 0.1805390848242402, 0.18053956346622715, 0.17191739046831858, 0.18053889360924574, 5.547164342014331e-9, 0.18053908398164636, 0.1805388857097404, 4.8327831488270055e-9, 0.17191744164036551, 0.17191739115935364, 2.9266894007038585e-9, 3.5012893198576954e-9, 0.17191738501269965, 1.4995558922185835e-8, 0.17191739006077222]
v_opt: [0.8280801745093747, 0.819460521103779, 0.6715158827467431, 0.03259453084204011, 0.029544064961776598]
solution time: 0.016379117965698242
McCormick lower bound: -5.029158673119305

