x_opt: [0.7908174231071651, 0.31482230274666706, 0.7908174269338707, 0.20913156034649652, 0.7908174345537088, 0.20913155821350973, 0.7908684442562061, 0.47069684535268774, 0.266668527180066, 0.2091825734043294, 0.2091825599342947, 0.7333314663677447, 0.2091825719666456, 0.20913155444675746, 0.20918256001279262, 0.3148223052752541, 0.20913154373116932, 5.0945334876439686e-9, 0.20913155389257634, 0.20913154967716432]
w_opt: [0.7908174219106849, 0.5816348585269789, 1.772994541841355e-9, 1.3685716450911832e-9, 0.5241488905440526, 0.20918256764814985, 1.2835945485638977e-9, 3.860615176103169e-9, 0.20913154112623647, 2.9146141955816936e-9, 9.3911407029262e-10, 0.10563973083056562, 0.10563974360022778, 0.3148222957824827, 0.2091825723240098, 0.2091315523386972, 3.7148468446464594e-9, 0.3148223011521772, 0.20913155684697796, 0.5816858719323283, 0.2615142733375102, 3.874802290212754e-9, 0.5241488973313289, 0.31482229823811725, 3.6896727733436914e-9, 4.16028430500013e-9, 0.2091315528630712, 2.7496267030619777e-9, 1.179054521771638e-9, 5.6455936645407334e-9, 0.20913155864313596, 0.20913155869894373, 0.20913155456807994, 7.774065088544025e-10, 2.4887327661911724e-8, 0.20913154281299312, 1.0992556466707916e-9, 1.616869164432516e-9, 0.2666685263041725, 1.731527469907181e-8, 8.39366622642196e-9, 9.570589436192459e-10, 2.5059353738067422e-9, 0.20913153036583776, 7.83024737742333e-10, 0.20913155562226746, 0.2091315537393102, 2.679606627566454e-9, 0.20913155646158998, 0.2091315496621673, 1.4291657672280064e-9, 0.20913155733243385, 1.0929583102905638e-9, 3.046432309677765e-9, 0.2091315527590644, 3.0060122455659136e-9, 0.7333314653841585, 5.108513309241413e-5, 2.026399491929193e-9, 3.990831158539946e-9, 6.985567321908676e-9, 0.2666685258949678, 1.3049011546969977e-9, 0.20918255686837164, 0.20913154192319436, 0.20913155214620235, 2.335904270152408e-9, 7.195747796969041e-10, 1.3280108661706114e-9, 0.20918257098928528, 1.5274716474374739e-9, 1.1383127106217059e-9, 1.2792810204928319e-9, 1.4732669784132711e-9, 1.6500435886749897e-9, 7.552447122236047e-10, 0.20918257057634815, 2.8401067854998467e-9, 0.2091315470535549, 0.20918255895557084, 1.4810276818722532e-9, 9.236668035794572e-10, 8.455953983517233e-10, 2.4622009243385176e-9, 1.0239336120934948e-9, 0.2091825589892147, 0.20918255385609807, 0.2091315477493544, 0.20913153911368756, 1.893164361189753e-9, 0.20918255817558168, 0.20913153838310067, 1.8284930154298862e-9, 0.2091315522864485, 0.20913154885480242, 1.069288439782266e-9, 9.068873740711535e-10, 0.2091315395209714, 3.7908888588291265e-9, 0.20913154799494993]
v_opt: [0.47069684400372674, 0.7908174253979667, 0.6253965935926463, 0.04375778479761273, 0.043758160370476175]
solution time: 0.016171932220458984
McCormick lower bound: -5.644153458782954

