x_opt: [0.6525477572723986, 0.34745287666764224, 0.6525477400343525, 0.0724757995950815, 0.6525476601532748, 0.157437776146999, 0.8425625448424191, 0.4225582013882018, 0.34745363460258083, 0.347452132032127, 0.2153796386537828, 0.6525463879689705, 0.3474523317957628, 0.1574374618313813, 0.3474522815760552, 0.3474540485676754, 0.07247578360723889, 6.640078327027248e-8, 0.07247737357932998, 0.0724754422305765]
w_opt: [0.6525477323419231, 0.30509542514549287, 1.1294681329431385e-8, 1.1531402094408979e-8, 0.305094152911771, 0.3474522937708094, 8.47916989209153e-9, 1.3235210712220977e-7, 0.07247576340975204, 4.413477589562669e-8, 9.975080090927715e-9, 6.22064812615223e-7, 5.922815170818679e-7, 0.3474527834502173, 0.34745212595051767, 0.15743743915809175, 7.909551552873505e-8, 0.3474528718532301, 0.07247576880570013, 0.49511029155518826, 0.07510594749869348, 1.6020832119776415e-8, 0.3050941758206813, 0.3474539997689311, 4.387504479013781e-8, 6.075464561061115e-8, 0.07247736690969672, 2.9437444914676416e-8, 5.712127521250926e-9, 7.332188566441722e-8, 0.07247578834619445, 0.07247578777310029, 0.07247572981268108, 6.5905797882991854e-9, 3.796526440106227e-7, 0.07247577595060424, 1.0042272481126426e-8, 1.8705610400784594e-8, 0.34745362897799986, 7.366272902431036e-8, 1.3152620265909942e-8, 8.866117469577726e-9, 2.590014683986283e-8, 0.07247558431921074, 6.220037035528321e-9, 0.15743773224051985, 0.15743773955080476, 1.749788435038779e-8, 0.1574377648351045, 0.1574374033544609, 2.244170644189344e-8, 0.15743776952591101, 9.918813610563883e-9, 4.5006441238575364e-8, 0.07247736568922859, 3.830588550437625e-8, 0.6525463784650775, 0.1900155090090012, 2.1734216592819084e-8, 2.852651356446575e-8, 3.790401409211415e-8, 0.34745362742345265, 1.0743100540316538e-8, 0.3474522573942214, 0.0724757695588325, 0.07247736119424814, 1.3152175724528007e-8, 7.01908146214569e-9, 3.6344966324816986e-8, 0.34745232563869677, 1.3259308073281445e-8, 8.906808092216399e-9, 1.3507405282877987e-8, 1.8731161975820944e-8, 2.0161254074497096e-8, 5.693094955990507e-9, 0.34745212555476485, 1.9207854643534263e-8, 0.07247728902618722, 0.21537963301599064, 2.027913189905085e-8, 7.221498167317666e-9, 6.641833042174689e-9, 2.063204778875868e-8, 9.84952222390956e-9, 0.3474522737260316, 0.3474521215003187, 0.07247542930111288, 0.07247575298559221, 2.1836469312757693e-8, 0.3474522728199369, 0.07247571103543857, 1.5789882246631334e-8, 0.07247736062285734, 0.072475433353949, 8.714429962614627e-9, 8.805322900122734e-9, 0.07247535757637512, 5.801066903850413e-8, 0.07247542732400002]
v_opt: [0.4225581945547041, 0.6525477299729419, 0.425818496014789, 0.12072320381850349, 0.04638844895908445]
solution time: 0.015115022659301758
McCormick lower bound: -6.7852215804218226

