x_opt: [0.31914801895517425, 0.10679768651549391, 0.8932313268094418, 0.10679762153753915, 0.8932023568778742, 0.10679730073599285, 0.7478628438307159, 0.8932023422066689, 0.8932022863491893, 0.10676867349001314, 0.10679765153591682, 0.747862811278874, 0.10679731163259713, 0.1067976318981521, 0.10676861369487325, 0.3439940055362993, 0.10679738515172743, 1.102063444330663e-8, 0.10676861725673341, 0.10676861266749141]
w_opt: [0.3191480170864905, 0.21235037695651984, 2.777019309389122e-9, 1.920468487816588e-9, 0.06701083189448596, 0.10679729419014361, 2.571581908172573e-9, 6.382009063612006e-9, 0.10679738149671526, 6.95988524609151e-9, 1.4562148828015525e-9, 2.9014915130666453e-5, 1.618674868112349e-7, 0.10679767675151183, 0.10676867077128994, 0.10679762674841646, 1.2298148207301179e-8, 0.10679768505238604, 0.1067976142149097, 0.6410941719957891, 0.7864336726209, 1.3891527309260048e-8, 0.6410941507914728, 0.34399399345565074, 2.8716886830672077e-5, 8.464041636007796e-9, 0.1067686154884769, 4.678311868630779e-9, 2.3152658791790583e-9, 1.4782099753819587e-8, 0.1067976191988142, 0.106797618791271, 0.10676866390549648, 1.6459963284514305e-9, 9.766093404729905e-8, 0.10679738358704861, 1.6307787374945061e-9, 3.0536331486874762e-9, 0.8932022849127721, 1.236703648202749e-8, 2.425124881453868e-9, 2.9590183116104306e-9, 3.1323858034341215e-9, 0.10679732101868296, 1.3986880628274757e-9, 0.10679729552642307, 0.10679728989305041, 4.1653491297136e-9, 0.10679729520406808, 0.10679729294048876, 2.812249056322545e-9, 0.10679729849890603, 2.484600915229916e-9, 7.058129861697153e-9, 0.10676861535128747, 4.082124795280369e-9, 0.7478628095271936, 2.848526567026729e-7, 1.7655820121110854e-9, 2.7348295737404463e-9, 8.030734790852894e-9, 0.8932022832590648, 2.8979403024489275e-9, 0.10676859917873376, 0.10679738305410745, 0.1067686151170631, 2.5618037400739877e-9, 2.0338285708372696e-9, 0.6410651013575965, 0.10679730834625227, 2.0713705226377296e-9, 2.0608656665154306e-9, 2.244909774639561e-9, 3.4250849296943693e-9, 3.6528436944244763e-9, 1.3691808172083828e-9, 0.10676866935843102, 6.953905326622836e-9, 0.1067685572750001, 0.10679764827056831, 2.7398611226103704e-9, 1.323545586635289e-9, 2.313761477484923e-9, 4.211012102431695e-9, 1.6632794408921297e-9, 0.10676861132032685, 0.10679727960782472, 0.10676861018505862, 0.10679735621442474, 2.3565381684658047e-9, 0.10676861036742051, 0.10676860328566802, 3.5275316711877655e-9, 0.10676860608261386, 0.10676860969771076, 1.5139531384345562e-9, 1.9565360007463087e-9, 0.10676860690274484, 8.299187774918948e-9, 0.106768609783987]
v_opt: [0.8932023404892633, 0.8932313250486517, 0.7978113468890597, 0.011399622788995095, 0.011405822600204214]
solution time: 0.017747879028320312
McCormick lower bound: -3.482305743635545

