x_opt: [0.7895821956531136, 0.32068678771841586, 0.7895821980119798, 0.21041780023250212, 0.7895821966937504, 0.21041779513518982, 0.7895822054370008, 0.46365592197905364, 0.27033706520068335, 0.21041780450687156, 0.19379954100104654, 0.7296629348499869, 0.21041780437881238, 0.21041779462325289, 0.21041779928464574, 0.32068678800471473, 0.21041779478918188, 3.021344286241829e-10, 0.210417790510905, 0.21041779015554696]
w_opt: [0.7895821955605947, 0.5791643923899841, 2.3598858410263015e-10, 6.241348973669066e-11, 0.5192451305663858, 0.2104178041051317, 6.275769734197007e-11, 1.4508303085945072e-10, 0.21041779464570845, 1.7870649937967929e-10, 6.401159334776736e-11, 0.1102689857923093, 0.11026898470500171, 0.32068678729276906, 0.21041780444229224, 0.2104177944930095, 2.429922365261304e-10, 0.3206867876535249, 0.21041780003608612, 0.5791644034881702, 0.2532381200427292, 2.7311054198525898e-9, 0.5192451331414213, 0.3206867875607052, 2.194890053179811e-10, 2.5676359191117715e-10, 0.21041779046348985, 1.8014188500273526e-10, 6.62465077537739e-11, 3.576649907507556e-10, 0.2104178001591963, 0.21041780013122702, 0.2104177998473168, 4.128305894563927e-11, 1.8293045130157486e-9, 0.21041779474256214, 5.596450843719186e-11, 9.187495501319173e-11, 0.270337065159746, 1.831055995235628e-9, 1.2189546988432868e-9, 5.4499297577368675e-11, 1.3096971521774587e-10, 0.21041779384150608, 3.960006370250468e-11, 0.2104177949446652, 0.21041779491064524, 1.2823803198662693e-10, 0.21041779501243624, 0.21041779455322318, 9.720678892463448e-11, 0.21041779508486652, 6.264155973928345e-11, 1.8653242311017243e-10, 0.21041779046060732, 2.1511420797894344e-10, 0.7296629347969629, 2.444151673860973e-8, 1.9407093681387108e-10, 1.3791335660438767e-10, 1.89819355521356e-10, 0.2703370651404897, 7.074626289953965e-11, 0.21041779909314343, 0.21041779470597471, 0.21041779041335995, 1.3543249589479008e-10, 4.729705182471734e-11, 1.8551203077527033e-10, 0.210417804316466, 6.931928041621249e-11, 6.631566795138359e-11, 6.814691236665442e-11, 7.879790730746276e-11, 9.097838900348445e-11, 3.876391090451396e-11, 0.21041780428129356, 2.085394479766087e-10, 0.21041779011456097, 0.19379954094886728, 8.912161362065116e-11, 4.268592299991236e-11, 4.389150955109761e-11, 1.9113798397548909e-10, 6.420519332426104e-11, 0.21041779922324014, 0.2104178028298318, 0.21041779003108207, 0.21041779343943826, 1.1542367237808596e-10, 0.21041779918932127, 0.21041779444631348, 9.777690761980447e-11, 0.21041779039471573, 0.21041779010337824, 6.039152635669667e-11, 5.4644987991085e-11, 0.21041778984649567, 2.3530242186225015e-10, 0.2104177896230884]
v_opt: [0.46365592191607014, 0.7895821979277001, 0.623440052797057, 0.04427565596642012, 0.0375582644765054]
solution time: 0.012651205062866211
McCormick lower bound: -6.30061865461405

