x_opt: [0.6472210003575565, 0.3527790121766738, 0.6472210076936264, 0.06902495140692835, 0.6472209771969651, 0.15675333335796707, 0.8432466871204707, 0.41593637623115964, 0.3527791767561737, 0.35277898799003893, 0.20428056278057308, 0.6472208279637517, 0.3527790175562529, 0.1567533143106326, 0.3527790076085136, 0.3527790563496605, 0.0690249467123867, 1.391741460144848e-8, 0.06902483788555469, 0.06902481257968077]
w_opt: [0.64722099705344, 0.2944419800670737, 4.418822731337214e-9, 4.119858911013019e-9, 0.2944418309692075, 0.3527790061599703, 2.8229618697046913e-9, 3.146289170532428e-8, 0.0690249410286397, 8.279087897841996e-9, 3.4821019861563173e-9, 2.1869633177477955e-8, 2.0335250682622638e-8, 0.3527789951894227, 0.35277898468852065, 0.15675330659891215, 1.4694847026382179e-8, 0.3527790097944506, 0.06902494347308973, 0.4904676971753351, 0.0631573861659771, 9.63154982723216e-9, 0.2944418467476479, 0.3527790451993758, 1.0479929743882538e-8, 1.1951462968641243e-8, 0.06902483559409724, 7.557822978992429e-9, 1.9506063912112497e-9, 1.1085870150205308e-8, 0.06902494763450422, 0.06902494688189, 0.06902493283725612, 2.3655913978742955e-9, 6.313974074851593e-8, 0.06902494387372266, 2.980999894684925e-9, 5.4736865233328105e-9, 0.3527791745913268, 1.3754236942062607e-8, 3.3899755214501777e-9, 3.5405803624004593e-9, 6.404482652844484e-9, 0.06902491089380376, 2.167707292164109e-9, 0.15675332162649133, 0.1567533234635049, 4.817176052486796e-9, 0.1567533290639739, 0.1567532995739837, 5.5803713908583045e-9, 0.15675333068535746, 3.1695461571741404e-9, 8.076913132822143e-9, 0.06902483475307201, 7.031009790725745e-9, 0.6472208243261526, 0.19602587045108372, 5.184466124951921e-9, 6.4041020479396545e-9, 8.690267421511834e-9, 0.352779174224636, 3.390239195551407e-9, 0.3527789996293195, 0.06902494205435629, 0.06902483412683313, 3.6651361478937414e-9, 2.575924821932136e-9, 1.2078134376021993e-8, 0.35277901493419167, 4.09858363659123e-9, 2.8822808511016275e-9, 3.833661101367489e-9, 5.658729454986647e-9, 5.6567945637367424e-9, 2.329628597435921e-9, 0.35277898471436875, 5.084421955685709e-9, 0.06902481798419477, 0.20428056049514698, 4.323128569676493e-9, 2.5542005056156567e-9, 2.7977762746148423e-9, 6.654667539391986e-9, 2.9445077115929705e-9, 0.35277900466801393, 0.35277892164019875, 0.06902480809106384, 0.06902493837011354, 5.672349739800834e-9, 0.35277900383429295, 0.06902492984963936, 3.841885860038884e-9, 0.06902483330574419, 0.06902480912185026, 2.746997287697719e-9, 2.820593527978913e-9, 0.0690248022273851, 1.1060849567852817e-8, 0.0690248089421876]
v_opt: [0.4159363738817758, 0.6472210039275438, 0.41889508732014896, 0.12445314009762314, 0.04173057355678011]
solution time: 0.014709949493408203
McCormick lower bound: -6.726652803903775

