x_opt: [0.6312708233105281, 0.3687291801809829, 0.6312708390025339, 0.06245783616431093, 0.6312708185521781, 0.21325559525662732, 0.9194345946443463, 0.3687292426635542, 0.368729207216408, 0.3687291699898894, 0.1738250866547741, 0.6312707885655748, 0.36872917382827675, 0.08056542292609659, 0.3687291697767803, 0.3687291860965856, 0.062457832553199054, 4.4340311887349865e-9, 0.06245814648497017, 0.062458146161545595]
w_opt: [0.6312708217542753, 0.2625416426595401, 1.4096923910391709e-9, 1.1972237270689901e-9, 0.2625416127323143, 0.36872917047190545, 1.0220299077564482e-9, 7.437854860477812e-9, 0.0624578304852178, 2.712308381783541e-9, 1.2824453028089689e-9, 2.0016957406277675e-8, 2.096859910029972e-8, 0.3687291706985267, 0.3687291685411676, 0.08056542015672644, 4.203397467505368e-9, 0.3687291788794949, 0.06245783293508919, 0.5507054342870106, 8.230264108110911e-8, 1.4732337916758086e-8, 0.26254163129571195, 0.36872918200005306, 4.690127446174031e-9, 3.922175586187854e-9, 0.06245814583723234, 4.285655872980169e-9, 6.675174106730037e-10, 6.6553326773288795e-9, 0.06245783482577218, 0.062457834558355664, 0.062457826276659786, 6.658232502053408e-10, 5.3270007357727556e-8, 0.06245783116935108, 1.0042624025272332e-9, 1.8492301652940917e-9, 0.36872920656877717, 6.128062702333806e-9, 1.2701951503671054e-9, 1.0182525580016984e-9, 3.0847104125500284e-9, 0.06245781330825422, 6.478469454993933e-10, 0.2132555914952635, 0.21325559179629106, 1.7254210128224004e-9, 0.21325559381444698, 0.08056541244040331, 1.6816891644122564e-9, 0.21325559460621485, 9.98082877052377e-10, 2.73249809591823e-9, 0.06245814572935765, 4.2220703503937196e-9, 0.6312707876000778, 0.2881639282076121, 1.8648572755401273e-8, 3.3629388520762494e-9, 4.743798100414473e-9, 0.3687292063795761, 1.0936138913780027e-9, 0.36872916719312, 0.06245783088514943, 0.06245814518301234, 1.5706706881634364e-9, 7.121410865084099e-10, 1.7805725372537454e-9, 0.36872917312028913, 1.310119337602714e-9, 9.527262538799683e-10, 1.1608637828587258e-9, 1.7165300885753376e-9, 1.6330599556242133e-9, 6.842014875856579e-10, 0.3687291687851319, 1.9578629087121253e-9, 0.06245813930356735, 0.17382508613990053, 1.4530388784682842e-9, 8.065737712048718e-10, 7.623425133650372e-10, 2.7535020505149202e-9, 9.475724357466886e-10, 0.368729169169843, 0.36872913517873895, 0.06245814452511474, 0.06245782974763362, 2.6781469793123285e-9, 0.3687291671374023, 0.062457826291884684, 1.2754743538629447e-9, 0.06245814524569435, 0.06245814480572483, 9.839050466629957e-10, 8.067197942179234e-10, 0.06245783032897082, 3.6850671244899157e-9, 0.06245814084635748]
v_opt: [0.36872924191209216, 0.631270837821992, 0.39850288744578294, 0.1359612814900826, 0.030215172364531542]
solution time: 0.012924909591674805
McCormick lower bound: -8.334147562153266

