x_opt: [0.6370205634180086, 0.3629794463950691, 0.637020572269889, 0.06688131005799525, 0.637020568769817, 0.22532548128096652, 0.9330641060596666, 0.37056586213427956, 0.3629794352588092, 0.36297942897855223, 0.18637868765985344, 0.6370205564051746, 0.3629794303582738, 0.06693589977073826, 0.3629794198480219, 0.3629794508358737, 0.06688130697777135, 1.2141909945096855e-8, 0.06693581638844763, 0.06693576293754673]
w_opt: [0.6370205603509193, 0.2740411346447581, 4.494510859875367e-9, 3.233683425843355e-9, 0.27404112257716895, 0.36297942093253105, 2.5672342380515962e-9, 1.0385005527082413e-8, 0.06688130069269295, 6.845084264712877e-9, 2.880842472584345e-9, 2.1371448673135492e-8, 3.0746158478196176e-8, 0.3629794293072624, 0.3629794262964264, 0.06693589356088422, 8.866891446423524e-9, 0.3629794428616305, 0.06688130228575971, 0.5700846801760786, 0.007586436385666057, 8.687916261299676e-9, 0.2740411382066029, 0.3629794358953514, 9.842900195747275e-9, 1.0355632446056793e-8, 0.0669358142446948, 7.497340929885389e-9, 2.4507682221341443e-9, 1.1489737180862662e-8, 0.06688130646739718, 0.06688130565916563, 0.06688129658491052, 1.8148886312974051e-9, 5.855519729908962e-8, 0.06688130426224675, 2.710222485189671e-9, 4.037973081948592e-9, 0.3629794330841533, 2.1120684575242692e-8, 6.622146599486025e-9, 2.491198008635563e-9, 6.5286037457233144e-9, 0.06688127643071079, 1.7672725303358375e-9, 0.2253254733646001, 0.22532547232094977, 5.410084980534505e-9, 0.22532547659620628, 0.06693589161244257, 3.9902864200403065e-9, 0.22532547921701124, 2.5460533435733937e-9, 7.070438188147111e-9, 0.06693581421307121, 8.357557063284778e-9, 0.6370205538496481, 0.29604371073420643, 9.548761268766765e-9, 7.63531292061165e-9, 9.21527943196891e-9, 0.36297943275081473, 3.16043287650149e-9, 0.36297941320446675, 0.06688130250646071, 0.06693581192168772, 5.021970525791759e-9, 1.8574685448395222e-9, 3.5803021797395112e-9, 0.36297942773423547, 3.50043046360016e-9, 2.8012903413539266e-9, 3.11162508287746e-9, 3.448821678141267e-9, 3.837645149411391e-9, 2.021267249760295e-9, 0.3629794254584559, 6.0861549343018735e-9, 0.06693580122727875, 0.18637868580231023, 3.7230289510550604e-9, 2.1694304194725225e-9, 2.0846403711508913e-9, 8.25521934113756e-9, 2.7543034302452637e-9, 0.362979417135502, 0.36297934739762183, 0.06693575760348316, 0.06688130006686833, 5.5216106338174725e-9, 0.36297941570005615, 0.0668812944186716, 3.916180311616974e-9, 0.06693581225472803, 0.06693576078974421, 2.7453936599534375e-9, 2.2732028491284553e-9, 0.06688129876366466, 9.41170501046686e-9, 0.06693575927574495]
v_opt: [0.3705658592896145, 0.6370205679612652, 0.40579523561041675, 0.1317540758167061, 0.03473703448162635]
solution time: 0.014020919799804688
McCormick lower bound: -8.259672494293289

