x_opt: [0.2706872380537283, 0.10220765230198116, 0.8977925148847751, 0.10980507177075118, 0.8901949224255721, 0.10980507098149069, 0.890194922268293, 0.890194920602935, 0.8901949198833543, 0.04690300213739072, 0.1098050729191453, 0.72931277720506, 0.1098050723616684, 0.10980507353889005, 0.10220748429911838, 0.36855372526284497, 0.10980506945691526, 2.572240931323077e-9, 0.10220748342909036, 0.10220748337770225]
w_opt: [0.2706872375820458, 0.16088216077048606, 8.196028579045909e-10, 5.899237051528169e-10, 1.567307781122566e-8, 0.10980506840583609, 7.425664551361832e-10, 2.735033189127652e-9, 0.10980506858567725, 1.5989007283068747e-9, 4.100055903013836e-10, 1.6749513853983573e-7, 4.4984834071349856e-9, 0.10220764975197745, 0.046903001461850884, 0.10220765130796243, 4.483811547536449e-9, 0.10220765189746756, 0.10980507013593231, 0.7879874375813997, 0.7879874364436431, 1.4842858874400883e-9, 0.6271052947614106, 0.3685537231603528, 0.007597585804808262, 1.9360387625856985e-9, 0.10220748293832178, 1.478487334806291e-9, 4.117313005975083e-10, 2.6662352028464023e-9, 0.10980507109341585, 0.10980507108430847, 0.046902998577385335, 5.369835357319854e-10, 1.0209474094415356e-8, 0.10980506898444549, 4.6232886281189367e-10, 1.0189791345220345e-9, 0.89019491949134, 2.726569950620332e-9, 4.718239092370805e-10, 8.511632597710631e-10, 7.541940150773423e-10, 0.10980505973476994, 4.53752779554179e-10, 0.10980506939938348, 0.10980506819028359, 1.0188397136441466e-9, 0.10980507007412721, 0.10980506700766031, 8.636013108399776e-10, 0.10980507029740669, 7.593194507795057e-10, 1.5317076251896046e-9, 0.10220748269424364, 9.07697289599304e-10, 0.7293127765949344, 7.262382444897995e-8, 4.1938570224084966e-10, 7.94873707804862e-10, 2.1099896265521473e-9, 0.8901949187403195, 7.901011130044041e-10, 0.10220748122956817, 0.10980506885166416, 0.10220748292602341, 6.138408065233286e-10, 6.484484177495068e-10, 0.6195076983118766, 0.10980507157583005, 6.590763557372319e-10, 5.253723497353702e-10, 6.823100674250852e-10, 1.5716765611912485e-9, 1.4164181154146962e-9, 4.4903565399378205e-10, 0.04690300105423193, 1.1392379988667602e-9, 0.046902989619489556, 0.1098050719171231, 7.178583286654541e-10, 4.1193584564216525e-10, 1.0783250991607103e-9, 1.0079573332086077e-9, 4.2799119172019944e-10, 0.10220748377521097, 0.1098050647509733, 0.10220748280853201, 0.10980506230304585, 6.307503857279587e-10, 0.10220748358662196, 0.10220748087632882, 7.857114942458043e-10, 0.10220748181285536, 0.10220748231882669, 3.951108752953661e-10, 5.586955760048809e-10, 0.10220748189305955, 1.9125129330230458e-9, 0.10220748237001052]
v_opt: [0.8901949202095392, 0.8977925144461021, 0.7924470221983249, 0.0021999095570836933, 0.012057156627695841]
solution time: 0.015778064727783203
McCormick lower bound: -3.4400521698569095

