x_opt: [0.6353513174262272, 0.36464887742308133, 0.6353513086226716, 6.406591963736445e-6, 0.6353512650940566, 0.1594549367312563, 0.8878521088842782, 0.364649072612707, 0.3646490179572665, 0.3646486458443575, 0.22867658122946422, 0.6353505084393842, 0.364648748780495, 0.11214797150644111, 0.3646487308554772, 0.3646490510670276, 6.398749180704739e-6, 5.435124317736284e-8, 0.11214562658595359, 0.11214548902295768]
w_opt: [0.6353513010114409, 0.2707025898274777, 1.1879050679207311e-8, 1.159038047163692e-8, 0.2707018321289192, 0.3646487174445927, 7.924524925609957e-9, 1.3338151760343182e-7, 6.376868529549402e-6, 3.590169893594101e-8, 8.528299280312499e-9, 1.925520379460433e-7, 3.011212162062098e-7, 0.364648750305791, 0.3646486385623663, 0.11214795044723908, 7.696251314395116e-8, 0.364648868233542, 6.375647228192379e-6, 0.5232034230594187, 3.8614987252020874e-7, 2.25793104296596e-8, 0.2707018586894312, 0.36464899818104013, 6.469577621877132e-8, 4.967449671299718e-8, 0.11214562038322928, 3.5875650982285736e-8, 5.3900769267383986e-9, 8.800498847960978e-8, 6.394724871931095e-6, 6.395775807866241e-6, 6.315646693815079e-6, 5.4585369150064814e-9, 5.364264031707566e-7, 6.390691419300176e-6, 9.44040046743805e-9, 1.7162145629885306e-8, 0.36464901221979723, 1.1748843815031079e-7, 3.2559548519756407e-8, 8.544966127865662e-9, 4.139733933765197e-8, 6.209792750825137e-6, 5.84801644379055e-9, 0.15945490275711996, 0.15945490459334719, 1.7827169531058803e-8, 0.1594549244382165, 0.11214792298622492, 2.0176621690468765e-8, 0.15945493175796707, 8.505497040931972e-9, 3.751650378023617e-8, 0.11214562014007988, 5.1129543428021304e-8, 0.6353505008643556, 0.2525022988392681, 9.822282839010312e-8, 5.18828904675496e-8, 6.342099825586101e-8, 0.36464900991998866, 1.0760719031956726e-8, 0.3646487085556217, 6.381592640915026e-6, 0.11214561299281, 1.5281518210167326e-8, 5.290844992294235e-9, 8.211527882850132e-9, 0.3646487435814213, 1.4850523419809694e-8, 8.29385503682105e-9, 1.2147732404483913e-8, 1.63532228937056e-8, 2.031420568675611e-8, 5.553813392253667e-9, 0.36464863775649053, 1.978807186839861e-8, 0.11214555257876556, 0.22867657676334566, 1.969807328863587e-8, 7.209467700393335e-9, 6.085879306633461e-9, 2.5782470471144153e-8, 8.861927689835441e-9, 0.3646487245664422, 0.3646482295931002, 0.11214547490876281, 6.371337286416472e-6, 2.6157847454246368e-8, 0.36464871793068027, 6.3236413792401035e-6, 1.4950857171723923e-8, 0.11214561694438782, 0.11214548077547354, 9.142681910361636e-9, 6.9518544515081015e-9, 6.369841752017616e-6, 4.7373403184898176e-8, 0.11214547387645707]
v_opt: [0.3646490652976636, 0.6353512982796655, 0.4036713727990231, 0.13296864175488124, 0.05229299948042538]
solution time: 0.013495922088623047
McCormick lower bound: -7.954932474159051

