x_opt: [0.6355002165890931, 0.3645007724785551, 0.635500214873752, 5.01663608978331e-7, 0.6355001522706677, 0.15931659796053524, 0.887691144013496, 0.36485386123393804, 0.36449978875034794, 0.36449975182004113, 0.2290521903382295, 0.6355000947177617, 0.36449977125577515, 0.11230885955725282, 0.36449976659229494, 0.36450092678253615, 4.872847618729802e-7, 2.5893457878388144e-8, 0.1123088702116751, 0.1123087460751556]
w_opt: [0.6355002051433315, 0.2710003719627147, 4.608467139896035e-9, 4.9971232073794945e-9, 0.27100031459261537, 0.3644997571109855, 3.9885699555177955e-9, 5.190231477973e-8, 4.783721419177767e-7, 1.6941610777043682e-8, 3.6494868606783415e-9, 9.901764934623796e-7, 9.508842089049429e-7, 0.36450072136771194, 0.364499748702865, 0.11230885098475049, 2.8683647783305613e-8, 0.36450076889170185, 4.900639391858195e-7, 0.5231913616503083, 0.00035407877489038197, 7.882911963726628e-9, 0.27100032764997817, 0.36450090235859567, 2.0826509687318953e-8, 2.3211964222289568e-8, 0.11230886684900608, 1.3195820867558002e-8, 2.923555922162608e-9, 2.902446377485271e-8, 4.956160251411466e-7, 4.967025634041143e-7, 4.776670652833655e-7, 2.6758850929837002e-9, 1.1856892911441548e-7, 4.833850772142806e-7, 4.293824153173026e-9, 6.661448298951358e-9, 0.3644997853993097, 4.841320443165463e-8, 5.394473799213577e-9, 3.6109480068783493e-9, 1.0248069426901739e-8, 4.413844341804576e-7, 2.897025431893354e-9, 0.15931658473478447, 0.15931658305705657, 8.51749194675314e-9, 0.15931659255411273, 0.1123088403968403, 7.48618767936737e-9, 0.1593165951943582, 3.854729932742997e-9, 1.7570563983278907e-8, 0.11230886688264699, 1.754459083325831e-8, 0.6355000909064019, 0.25219149693216186, 1.0851603720462421e-8, 4.134697107464166e-8, 4.337243533586798e-8, 0.36449978533942456, 4.8921246284802074e-9, 0.3644997591026166, 4.796699812358827e-7, 0.11230886393271733, 6.81415169967838e-9, 2.5028716607737766e-9, 4.345139131882406e-9, 0.36449976757846214, 6.99203697834362e-9, 3.771233402675952e-9, 5.743863246742538e-9, 6.984426191693484e-9, 8.602497928203641e-9, 3.0901813338151713e-9, 0.36449974796269985, 8.878205877839857e-9, 0.11230883909371582, 0.22905218763811375, 7.702610857835153e-9, 3.627022464365892e-9, 3.420756068174171e-9, 1.5879472862713034e-8, 3.993045888952756e-9, 0.3644997628511358, 0.36449969289294576, 0.11230873975592812, 4.757451884233013e-7, 9.899625886649888e-9, 0.36449976168333575, 4.6303217026080787e-7, 7.350858408015657e-9, 0.11230886536223816, 0.11230874187663314, 3.971000142652855e-9, 3.3511297994230313e-9, 4.6555094142106353e-7, 2.201531201887721e-8, 0.11230873865732997]
v_opt: [0.36485385730172437, 0.6355002096942135, 0.40386159081811557, 0.13286011751555704, 0.052465035587206034]
solution time: 0.012261152267456055
McCormick lower bound: -7.129377685777984

