x_opt: [0.788035514575057, 0.327871185174538, 0.7880355173940621, 0.21196448207686372, 0.7880355146372592, 0.21196448235735477, 0.7880355158883491, 0.4550021819398061, 0.27481844714570525, 0.21196448454983818, 0.17500965099515148, 0.7251815889201296, 0.21196448494012232, 0.21196448320241665, 0.2119644621857539, 0.32787119287997124, 0.21196448015195668, 1.2733163239067249e-9, 0.21196445543216805, 0.21196445413507586]
w_opt: [0.7880355141702237, 0.5760710293988195, 6.773179465577157e-10, 2.5539696037085595e-10, 0.5132171037647812, 0.21196448355156625, 2.866660048224073e-10, 7.111445918473529e-10, 0.21196447960938777, 7.656894707049622e-10, 2.513988550990265e-10, 0.1159067027988368, 0.11590670122791724, 0.32787118364658796, 0.21196448427565956, 0.21196448272026816, 9.627572793743677e-10, 0.32787118496353895, 0.21196448128355727, 0.576071033440195, 0.24303769956111057, 3.5095003492555027e-9, 0.5132171074970605, 0.3278711912066985, 1.0617236614572607e-9, 1.0834990932662692e-9, 0.21196445524525334, 6.290826995394623e-10, 2.53912752648938e-10, 1.2886654859316662e-9, 0.21196448180054928, 0.2119644816802137, 0.21196448013401778, 1.7263110541688488e-10, 6.566463760641006e-9, 0.21196447997595627, 2.1402122068102205e-10, 3.6715918702031895e-10, 0.27481844699653546, 2.45611723424133e-9, 6.603533871740327e-10, 2.468520176167828e-10, 4.802023416370907e-10, 0.21196447578060587, 1.5704932972613177e-10, 0.21196448155127998, 0.2119644814297641, 4.988434840375729e-10, 0.21196448173123963, 0.21196448083674502, 3.8161115521868646e-10, 0.2119644821399992, 2.6680608705809533e-10, 7.866316431186232e-10, 0.21196445523666446, 7.600926571128455e-10, 0.7251815887050757, 6.914775738459639e-8, 3.7343750750319314e-10, 4.871790713140535e-10, 1.0051010189349158e-9, 0.2748184469010632, 2.709139570403421e-10, 0.21196446129853042, 0.21196447985141317, 0.21196445508488926, 5.002641496045235e-10, 2.1357453766670762e-10, 3.7835380411429204e-8, 0.21196448466383044, 2.6100579340218246e-10, 2.6285566903644833e-10, 2.6667577439415353e-10, 3.315154344228601e-10, 3.68590261973728e-10, 1.515808704213521e-10, 0.2119644841217268, 8.569099951160578e-10, 0.21196445377320663, 0.1750096507916259, 3.6669946535150625e-10, 1.6375764484424894e-10, 1.825852023701173e-10, 6.215066922200425e-10, 2.4755345910083373e-10, 0.21196446191643217, 0.21196448166021503, 0.21196445368061984, 0.2119644789548425, 4.100797786957853e-10, 0.21196446180707026, 0.21196446067162814, 3.840745253172367e-10, 0.21196445485630214, 0.21196445393230423, 2.2847934596343163e-10, 2.3100538921965182e-10, 0.2119644528740392, 9.9400412016735e-10, 0.2119644527286455]
v_opt: [0.45500218170858386, 0.7880355170897564, 0.6209999799329858, 0.044928948856849185, 0.0306284212831196]
solution time: 0.0144500732421875
McCormick lower bound: -5.463972904798627

