x_opt: [0.6474706433456712, 0.35252954323582725, 0.64747065133082, 8.488596413942431e-8, 0.6474706010157092, 0.14867380366482733, 0.8750020328100304, 0.3815263108499726, 0.35252939305592274, 0.352529328957807, 0.25896824306741356, 0.6474705265274143, 0.35252939062095706, 0.12499796250685107, 0.3525293892511324, 0.3525296499844286, 8.086747767689538e-8, 1.4226116523565764e-8, 0.12499796383720474, 0.12499791308122937]
w_opt: [0.6474706409359297, 0.2949412463495293, 3.185641802644802e-9, 3.4025120943057605e-9, 0.2949411719650177, 0.3525293816022174, 3.400255803191729e-9, 5.229048602551551e-8, 7.537228500126748e-8, 8.84433866916056e-9, 2.302817409848474e-9, 1.9647467173199895e-7, 1.667999385586659e-7, 0.3525295144108001, 0.352529326909738, 0.12499795670211004, 1.7695138560688693e-8, 0.3525295405489718, 7.76587729793349e-8, 0.5224726863403238, 0.0289969642943867, 1.8505386905549388e-9, 0.29494118771206773, 0.35252963623225475, 1.2549349345294421e-8, 1.210992806079089e-8, 0.12499796103697101, 1.0631023398699614e-8, 2.0081084258336334e-9, 1.5167475600877915e-8, 7.91734790086542e-8, 8.173101062801822e-8, 6.731870293802467e-8, 1.983179529463791e-9, 2.7466225866588752e-8, 7.775549552412106e-8, 3.289782699469804e-9, 4.77337693240471e-9, 0.3525293901968631, 1.993739072214166e-8, 2.93999034114497e-9, 2.76571297464492e-9, 7.166617131884182e-9, 6.05211748798246e-8, 2.5356576496704756e-9, 0.1486737968605555, 0.14867377690446493, 6.343927601784027e-9, 0.14867380042081185, 0.12499794849872536, 4.3713085634800775e-9, 0.14867380171942274, 2.6281597807548524e-9, 8.825747007882367e-9, 0.12499796091039332, 8.001480352765123e-9, 0.6474705235104216, 0.22753170225402566, 5.022308851331834e-9, 7.202160606409258e-8, 5.102448626595364e-8, 0.3525293903337588, 3.5062740838984742e-9, 0.3525293837033665, 7.418154600538993e-8, 0.12499795964755848, 4.069986757032585e-9, 1.5846750532680322e-9, 2.528166038264238e-9, 0.35252938828785474, 7.070583061359034e-9, 2.464868555581735e-9, 4.170337762107725e-9, 5.499193647118799e-9, 6.2224435879907174e-9, 2.3701615570150492e-9, 0.3525293266013739, 4.81723127214896e-9, 0.12499794077817845, 0.25896824091932547, 4.3841191825369266e-9, 3.3711561216832652e-9, 2.6396301214110924e-9, 6.074887327167052e-9, 2.524571852645715e-9, 0.3525293865160221, 0.3525293305859468, 0.12499790925586074, 7.283663762467344e-8, 5.8848571804681385e-9, 0.3525293859892307, 6.350726447463914e-8, 4.8031193786609455e-9, 0.12499796088132331, 0.12499791054979736, 2.6152627305463804e-9, 2.197972579135347e-9, 7.393936387694169e-8, 1.1509673624622696e-8, 0.12499790952849392]
v_opt: [0.3815263077742492, 0.6474706478266616, 0.419218849503055, 0.12427693851481543, 0.0670646355368983]
solution time: 0.012658834457397461
McCormick lower bound: -6.481149613552

