x_opt: [0.8205310364486746, 0.17946895960201312, 0.8205311244901665, 0.17946887433836992, 0.8205310202784701, 0.1794689619107029, 0.8205310387303898, 0.8205311299127571, 0.5794754749414067, 0.179468880634153, 0.15986139840851063, 0.7961220026531522, 0.1794689628593697, 0.17946896091089518, 0.17946887128541755, 0.21847018172251864, 0.1794688734827178, 1.1301832926250278e-9, 0.17946886890615435, 0.1794688684628664]
w_opt: [0.8205310362321798, 0.6410620568594974, 3.455506726863168e-10, 2.9589834411878356e-10, 0.6166530393173978, 0.17946896148643066, 3.2238891900881006e-10, 1.0887743981870963e-9, 0.17946887300704378, 6.604165914319022e-10, 2.1821974225674452e-10, 8.426600703158863e-8, 1.8117172277349416e-9, 0.17946895829683823, 0.1794688803311668, 0.17946895814116945, 1.369071498651522e-9, 0.17946895937369828, 0.17946887356461444, 0.6410621634220955, 0.6410622547215328, 5.680643423457272e-9, 0.6166531282268972, 0.21847018063292403, 1.2454395504224834e-9, 8.797829260872687e-10, 0.17946886867044992, 5.765384060792391e-10, 1.9492700134762874e-10, 1.1450567333587362e-9, 0.17946887398946915, 0.1794688739850153, 0.17946887221425173, 2.2665623601491835e-10, 4.490262049319876e-9, 0.17946887323926694, 2.3662092577006487e-10, 4.5486167195965954e-10, 0.5794754747804197, 1.2653567382919025e-9, 2.35360155881221e-10, 2.9367769473605487e-10, 3.9832366121763064e-10, 0.17946886985341207, 2.0743792875406741e-10, 0.17946896118006364, 0.17946896079695102, 5.008754565694749e-10, 0.17946896140469096, 0.17946895920106878, 3.938160061297402e-10, 0.17946896163345433, 3.128580419286457e-10, 6.47034868922201e-10, 0.17946886860486858, 4.89983286759316e-10, 0.7961220023730479, 2.8211218702860565e-8, 2.896814387746295e-10, 4.4914279680060976e-10, 1.0441492572537963e-9, 0.579475474646795, 2.576514519458699e-10, 0.17946887028530756, 0.17946887314270274, 0.17946886861746364, 5.297872792039635e-10, 2.3115384249646678e-10, 0.3755974780133553, 0.17946896256682768, 3.397264268739075e-10, 2.478352265194472e-10, 3.172723751771664e-10, 5.423721248884687e-10, 5.297528974072001e-10, 2.0478294250208948e-10, 0.17946888029577907, 5.400342664783795e-10, 0.17946886532477616, 0.15986139807619026, 3.2967950059544337e-10, 2.1026086175291417e-10, 3.233500404663122e-10, 5.115746415296663e-10, 2.1932327769764301e-10, 0.17946887104336667, 0.17946894501790694, 0.17946886813214905, 0.1794688721584936, 3.5578559125571277e-10, 0.17946887092550035, 0.17946886891252917, 3.699178060638423e-10, 0.1794688684068934, 0.1794688681617377, 2.126182836111093e-10, 2.432372321660799e-10, 0.1794688676490783, 8.295729491087925e-10, 0.17946886805841472]
v_opt: [0.8205311296935867, 0.8205311242331335, 0.673271155816934, 0.03220907982122017, 0.025555680842545437]
solution time: 0.015048980712890625
McCormick lower bound: -4.018632669099491

