x_opt: [0.7335351918689018, 0.2664648256348154, 0.7335351920149213, 0.1582717370699093, 0.7335351925213359, 0.1582717370211223, 0.8417282630590528, 0.4426055505659196, 0.2664655576607343, 0.26646480784332877, 0.24295835404386437, 0.7335344424378432, 0.26646480798246863, 0.15827173690296442, 0.2664648074135464, 0.3480244075681366, 0.15827173666870914, 5.738835215254994e-10, 0.15827173630763444, 0.1582717335932962]
w_opt: [0.7335351917205473, 0.46707038389044336, 1.9826928305087338e-10, 1.460870891976463e-10, 0.467069634419776, 0.26646480751127194, 1.2061968352992188e-10, 5.364841561241147e-10, 0.1582717364231063, 3.3732760851107657e-10, 1.2149990769994185e-10, 1.771038253682251e-8, 1.8153917321503222e-8, 0.26646482495755025, 0.26646480766713115, 0.15827173663411737, 4.761405726772108e-10, 0.2664648255368683, 0.15827173673226197, 0.5752634551554118, 0.17614074268490856, 3.3289159630706763e-10, 0.4670696348912383, 0.34802440702345333, 3.986304611681406e-10, 4.866661123675387e-10, 0.15827173621038787, 2.8932595851093476e-10, 9.389312924460135e-11, 4.818277959007695e-10, 0.158271736913616, 0.15827173688857557, 0.1582717364268359, 8.918054663001704e-11, 2.2201301406487864e-9, 0.15827173657225377, 1.1647018841164317e-10, 1.9485212336271577e-10, 0.2664655575725482, 8.191772439929515e-10, 2.0485291704529757e-10, 1.2190379756961115e-10, 2.5026798888491105e-10, 0.15827173525325358, 8.407035357916192e-11, 0.15827173665153096, 0.15827173660323396, 2.2264632520985398e-10, 0.15827173683736873, 0.1582717362646673, 1.8729701737879732e-10, 0.15827173691810906, 1.2313256691107788e-10, 3.3837123026478035e-10, 0.15827173618766666, 2.908961778146875e-10, 0.7335344423150707, 0.10819307776315071, 1.8652824812614602e-10, 2.8589763830054404e-10, 4.3062283819947983e-10, 0.2664655575468866, 1.3611055122055465e-10, 0.2664648070809761, 0.15827173648814505, 0.1582717361439578, 1.7910130630515478e-10, 9.285035596804345e-11, 3.3320165552223725e-10, 0.2664648078756974, 1.5665813673698976e-10, 1.190876214157465e-10, 1.4476089457888709e-10, 1.8607793027173578e-10, 1.9712693700107834e-10, 8.366931369330561e-11, 0.2664648076299297, 2.430370830290575e-10, 0.15827173553290527, 0.24295835395880655, 1.6871599917306938e-10, 9.737777720655396e-11, 9.717229946902314e-11, 2.4707535876514875e-10, 1.1526339318428417e-10, 0.26646480729340516, 0.26646480619988633, 0.15827173340027748, 0.15827173625374827, 2.1125445321739865e-10, 0.2664648072568887, 0.1582717360606133, 1.7020658614201875e-10, 0.1582717361213957, 0.1582717334819083, 1.1125660625525316e-10, 1.0761109575990459e-10, 0.15827173325917285, 4.45817107794833e-10, 0.1582717334641239]
v_opt: [0.44260555045619043, 0.7335351918516344, 0.5380738793714516, 0.07100360358724814, 0.05902879465706978]
solution time: 0.014607906341552734
McCormick lower bound: -6.16910681537403

