x_opt: [0.7908170218729121, 0.3149491831746254, 0.7908170405186156, 0.20918284963730835, 0.790816955313153, 0.20918293430045815, 0.790817065151, 0.4705669420646209, 0.26675968188416366, 0.20918294441824664, 0.20880150758085758, 0.7332403764640388, 0.20918298397689866, 0.2091829234532577, 0.20918281047671627, 0.3149505063414615, 0.20918282305594202, 2.053734817333673e-8, 0.20918220300804827, 0.20918212346731543]
w_opt: [0.7908170071725934, 0.5816339796719212, 8.211653949257456e-9, 3.458105227124335e-9, 0.5240574027689652, 0.20918296237903042, 4.658200849854995e-9, 1.9337409173306102e-8, 0.20918281566237765, 1.3497135713909138e-8, 3.8059432220520226e-9, 0.10576622626550858, 0.10576617067789014, 0.3149491547430999, 0.2091829412707027, 0.20918291609753442, 1.969026756007264e-8, 0.31494918052772725, 0.20918283769153118, 0.5816341079252612, 0.2613839856952516, 1.6704524257066675e-8, 0.5240574361960482, 0.31495048104012535, 1.6375250051962076e-8, 1.7973462044642878e-8, 0.20918220043600383, 1.3653624440229159e-8, 2.8220172275269256e-9, 2.4095191480926444e-8, 0.20918284553807118, 0.2091828443166917, 0.20918280994955932, 2.4273646816301595e-9, 1.0824202030199185e-7, 0.20918282046393458, 3.135907783229379e-9, 6.078504416967518e-9, 0.2667596798012064, 2.7930637818919865e-8, 4.800979526794348e-9, 3.7771801722846014e-9, 7.501437036694598e-9, 0.20918276304460284, 2.502821262675404e-9, 0.20918292232498248, 0.20918291741953315, 8.116224894639544e-9, 0.20918292815687256, 0.2091828904493179, 6.469180358568443e-9, 0.20918293150026143, 4.031665381882192e-9, 1.3401313187891442e-8, 0.20918220013374203, 1.2655167944981958e-8, 0.7332403730515433, 3.460739773433269e-7, 5.74305256692797e-9, 1.0765694970525593e-8, 2.1332257524655888e-8, 0.26675967874254325, 3.909619655952744e-9, 0.20918279681537025, 0.20918281849475512, 0.2091821982180087, 6.810854178936577e-9, 3.1863440017075953e-9, 7.81115907244398e-8, 0.20918298061903373, 4.318127898525308e-9, 3.61206318512943e-9, 4.14159463780198e-9, 5.9044859073621114e-9, 6.827975146237355e-9, 2.0904976636684663e-9, 0.20918294148479985, 1.2637322032708613e-8, 0.2091821784829869, 0.20880150501046565, 6.360536077730848e-9, 2.4005884110364263e-9, 2.672384194589444e-9, 8.869135337127012e-9, 3.6558314427143485e-9, 0.20918280744784143, 0.209182937169962, 0.20918211826776364, 0.20918280544615284, 6.507723221468671e-9, 0.2091828057938218, 0.2091827646662221, 5.68303944756335e-9, 0.2091821960429732, 0.20918211854939964, 3.328327692993941e-9, 3.3322016547690687e-9, 0.20918209947974858, 1.6848406675970577e-8, 0.20918210694214584]
v_opt: [0.47056693901085683, 0.790817036748623, 0.6253917157474785, 0.04375756597606475, 0.04359818205013662]
solution time: 0.012825965881347656
McCormick lower bound: -5.482865031225918

