x_opt: [0.6353514587815537, 0.3646486042654623, 0.6353515476435075, 7.550806333671677e-7, 0.635351490886442, 0.15944978789768724, 0.8878497378649437, 0.36464852132108466, 0.36464850416896444, 0.3646484711335742, 0.22868245979385676, 0.6353514100583756, 0.3646484950662321, 0.11215039422115954, 0.3646484142234657, 0.36464861189751346, 7.45493121340679e-7, 2.5905971191002165e-8, 0.11214999853518676, 0.11214998678250675]
w_opt: [0.6353514470580696, 0.2707029527796048, 9.329310847913799e-9, 4.513338415340757e-9, 0.27070287266376364, 0.36464847707823633, 5.154414323801651e-9, 3.281038404957282e-8, 7.351433231249108e-7, 1.6986055658265863e-8, 4.221181322609918e-9, 1.5505490779609748e-7, 1.658878818278853e-7, 0.3646485413632774, 0.3646484630184481, 0.11215038326036987, 2.624033256858266e-8, 0.3646485905112324, 7.377721325006321e-7, 0.5232012881704385, 7.172642619568613e-8, 4.355855388233939e-8, 0.2707029771720006, 0.3646485817055427, 3.6991444049463825e-8, 2.350187234088082e-8, 0.11214999563207022, 2.7886270411514535e-8, 2.8326659324446448e-9, 4.7122339836427223e-8, 7.486980333734993e-7, 7.46537750895199e-7, 6.982675411511383e-7, 2.644428765983532e-9, 3.10288164510251e-7, 7.404119273199856e-7, 4.928722867403919e-9, 8.17292199790199e-9, 0.36464850107451985, 4.919758943526983e-8, 5.517378773850257e-9, 4.059725829478626e-9, 2.7770290604025636e-8, 6.571021596795423e-7, 2.8479942218481973e-9, 0.15944977109147082, 0.1594497686613138, 1.0797849175344578e-8, 0.15944978287420183, 0.11215035221386228, 9.015965127003576e-9, 0.15944978537111199, 4.2994521673351665e-9, 1.7806334984589604e-8, 0.1121499955871553, 2.8392814891050068e-8, 0.6353514064132534, 0.2524998127349722, 1.364782768967172e-7, 3.236893565747753e-8, 5.5005554559084024e-8, 0.36464850022107775, 5.528258471851129e-9, 0.36464840327212134, 7.373722798348516e-7, 0.11214999160356368, 7.935785003955313e-9, 2.965893555216707e-9, 3.733931924855946e-9, 0.3646484918330438, 7.256364460979423e-9, 4.334983144665548e-9, 5.7633504338307235e-9, 7.528287301654884e-9, 7.834328114402878e-9, 2.8298441926071555e-9, 0.36464846852743316, 1.1949273773909712e-8, 0.11214997502417055, 0.22868245759086822, 7.879245602968109e-9, 3.076653056745722e-9, 2.9603192657179484e-9, 1.869610891287371e-8, 4.7164457877656154e-9, 0.364648410509829, 0.3646483630260663, 0.11214997971049818, 7.33744183794877e-7, 1.5275380726318535e-8, 0.3646484063112957, 7.129271831533109e-7, 7.566596314458528e-9, 0.11214999421778732, 0.11214997419816632, 4.7644098196372715e-9, 3.4842023005322377e-9, 7.134623648914737e-7, 2.2474220279566848e-8, 0.11214996851130359]
v_opt: [0.3646485174840671, 0.6353515427102122, 0.4036715393419975, 0.132968511685234, 0.05229601106059616]
solution time: 0.016108036041259766
McCormick lower bound: -8.807729521256311

