x_opt: [0.6974737718305155, 0.3025353514851655, 0.697473778620614, 0.08848131835395621, 0.6974737778448712, 0.16878572252253482, 0.8312145642436388, 0.4080547316754321, 0.3025262393788998, 0.30252621987449607, 0.21852707485942013, 0.6974737498396981, 0.3025262218537033, 0.1687854405189153, 0.3025261947706597, 0.3025353742429035, 0.08848131307340974, 1.8781856615439286e-8, 0.16878538361484197, 0.08883107874305232]
w_opt: [0.6974737659111316, 0.39494755310735263, 6.725619170951655e-9, 4.5705405373395904e-9, 0.3949475256969887, 0.3025262074257408, 4.011785398762158e-9, 1.4004395143303311e-8, 0.0884813036894137, 1.0745020572390033e-8, 3.9219980425679515e-9, 9.134033451480353e-6, 9.14803398030994e-6, 0.3025353263450073, 0.30252621606366936, 0.1687854319733066, 1.2896306043146015e-8, 0.3025353467175995, 0.0884813064649129, 0.5286883455504715, 0.10552851343580327, 1.2364935764991448e-8, 0.394947542671714, 0.30253535077119637, 1.4080175435220329e-8, 1.593500218987551e-8, 0.16878538030507284, 1.067782594134984e-8, 3.874509050187515e-9, 1.800437782979167e-8, 0.08848131284223434, 0.0884813119903799, 0.08848129831047742, 2.6954312154514994e-9, 9.160204863793854e-8, 0.08848130899720356, 4.0060539532385406e-9, 5.853419699485662e-9, 0.3025262362029876, 3.371583447923604e-8, 1.0729404873133473e-8, 3.5655319910806537e-9, 8.948565988507745e-9, 0.08848126688167555, 2.6488066937954728e-9, 0.16878571176784601, 0.16878570853934743, 8.498029344980797e-9, 0.16878571570707668, 0.16878542851314993, 5.57545496505529e-9, 0.16878571945007828, 3.796694220731432e-9, 1.1253022115783477e-8, 0.16878538036180832, 1.1909324341671798e-8, 0.6974737461929895, 0.13374105107023124, 1.141517740550136e-8, 1.092304742847684e-8, 1.3864345563973944e-8, 0.3025262354160494, 4.663539756591921e-9, 0.3025261845565994, 0.08848130655672298, 0.16878537706394023, 7.886504188080143e-9, 2.679506924096656e-9, 5.5071201931821784e-9, 0.3025262180462722, 5.198183960690151e-9, 4.138348759509693e-9, 4.610283576524989e-9, 5.065967296236234e-9, 5.656912128776491e-9, 2.8959528327148077e-9, 0.30252621420517894, 9.550647231529991e-9, 0.1687853607487557, 0.2185270719115604, 5.545125228762203e-9, 3.2048612045153838e-9, 3.075925968888298e-9, 1.1237880171261988e-8, 4.005234791114258e-9, 0.3025261908463346, 0.3025261566901795, 0.08883107107028755, 0.0884813022289249, 7.6516771541891e-9, 0.3025261888146477, 0.08848129443390607, 6.206871029166235e-9, 0.16878537755773843, 0.08883107568221905, 3.992831419793179e-9, 3.3499650461494708e-9, 0.0884813017947264, 1.4489803481662631e-8, 0.08883107372357052]
v_opt: [0.408054727236841, 0.6974737725141779, 0.48646970210106816, 0.09152213205734563, 0.0477541119632651]
solution time: 0.013697147369384766
McCormick lower bound: -7.258121371044093

