x_opt: [0.7403347555434397, 0.3324400699279008, 0.7403347813851626, 0.1723296406114057, 0.7403347320078958, 0.17234502388612613, 0.827655123019923, 0.4101595292996984, 0.25966529633368035, 0.25966524546097935, 0.2405645983628755, 0.7403346967021853, 0.259665244955816, 0.17234488172459933, 0.259665185753328, 0.3324400920246292, 0.1723296385954586, 1.3018952422866346e-8, 0.17234481735668583, 0.17234451283826668]
w_opt: [0.7403347529215656, 0.4806694896775772, 1.0449215021576142e-8, 3.1855143875629874e-9, 0.48066945508922354, 0.25966523372266176, 3.298158703276605e-9, 7.124791996321424e-9, 0.17232963169169863, 7.388754874199023e-9, 2.654829181491124e-9, 0.0727748541451883, 0.0727748179274129, 0.33244005042047103, 0.2596652426897477, 0.17234487594567796, 1.0058463635108886e-8, 0.3324400662983354, 0.17232963145386063, 0.5679899064150257, 0.15049431315465892, 3.142250846149005e-8, 0.4806694887558411, 0.3324400736763601, 1.0442669669036828e-8, 1.0751502905082877e-8, 0.17234481474386118, 8.129771475464422e-9, 3.0170738071960166e-9, 1.5094608031306594e-8, 0.17232963618801345, 0.17232963618064573, 0.17232962484724867, 2.0277554310162933e-9, 7.20805526186035e-8, 0.17232963480010943, 2.9548264173789157e-9, 4.3538579683038e-9, 0.25966529399709226, 2.024242400301306e-8, 1.1744168831731251e-9, 2.58313982428224e-9, 2.816379354141319e-9, 0.17232960348082982, 2.043901667814662e-9, 0.17234501675127056, 0.1723450123375588, 6.895616211448197e-9, 0.1723450191666012, 0.17234487655504863, 3.9276607970668654e-9, 0.1723450216250915, 2.862943838219757e-9, 7.708713524923825e-9, 0.17234481520839784, 8.484980436970037e-9, 0.7403346940776749, 0.0873205984148858, 8.562329636294723e-9, 5.237335592603212e-9, 8.334876230355118e-9, 0.2596652930869768, 3.470559698465061e-9, 0.25966517781453063, 0.172329633705346, 0.1723448126599697, 6.135106513325722e-9, 1.9050169378775357e-9, 4.051980983239879e-9, 0.25966524196627117, 4.086377325069135e-9, 3.013780846517353e-9, 3.4165453834125893e-9, 3.899596445348305e-9, 4.385046289067897e-9, 2.28549641641729e-9, 0.25966524035175614, 7.397049108312971e-9, 0.17234479960268476, 0.24056459599465518, 3.9427768176617116e-9, 2.4617554195886516e-9, 2.5211565591032957e-9, 8.43719778220319e-9, 2.775956799858753e-9, 0.25966518330446914, 0.25966519661493437, 0.17234450760223707, 0.17232963294033515, 5.331224741666865e-9, 0.2596651811769685, 0.17232962415635175, 4.690529785576415e-9, 0.17234481318794245, 0.17234451047835522, 2.8882015748785816e-9, 2.3953009707972364e-9, 0.17232963279711574, 9.799838026045002e-9, 0.17234450694586811]
v_opt: [0.41015952581996673, 0.740334777194212, 0.5480957044122893, 0.06742605095005981, 0.05787145324732304]
solution time: 0.012760162353515625
McCormick lower bound: -6.187619466968539

