x_opt: [0.6595915071231562, 0.34043513226235766, 0.659591497545741, 1.1474605399349263e-6, 0.6595916617245929, 0.13787372615476573, 0.8621276480985688, 0.39836597999641277, 0.3404083587978473, 0.34040816426311293, 0.2892080501237553, 0.6595909048750204, 0.34040829927656685, 0.1378723414930334, 0.34040830039686176, 0.34043546441229156, 1.1350083100569863e-6, 5.276750546213493e-8, 0.13787276685121205, 0.13787175882571637]
w_opt: [0.6595914830033042, 0.319183174622559, 8.679092986311341e-9, 9.494630382098582e-9, 0.3191824185940163, 0.3404082709764863, 1.0097719584044118e-8, 4.2875973572349004e-8, 1.1184557224992608e-6, 3.405857779696998e-8, 7.093882899492361e-9, 2.6635300655608423e-5, 2.6821223862435777e-5, 0.34043506479845076, 0.3404081588926443, 0.1378723257767827, 3.8026441961887595e-8, 0.34043512576048074, 1.12496015876652e-6, 0.5217191513257803, 0.057957483676044405, 1.1234405167710487e-8, 0.31918243118072803, 0.3404354210118215, 3.4611580669782546e-8, 4.615941054619721e-8, 0.13787275908762672, 4.076649158619748e-8, 6.624722932913861e-9, 4.7578524610406074e-8, 1.1329233994481898e-6, 1.1362484792248517e-6, 1.092990906696074e-6, 5.80204127716648e-9, 2.0056326575740633e-7, 1.1255475920391485e-6, 9.57529796441345e-9, 1.2943944294956616e-8, 0.34040835154312504, 4.907406928887966e-8, 8.914483102412078e-9, 8.108560949465388e-9, 2.1163682311872374e-8, 1.0642605963495776e-6, 6.542201510671862e-9, 0.13787370668012258, 0.13787368935468203, 1.9420568157323757e-8, 0.1378737157404448, 0.137872294571131, 1.173171307729935e-8, 0.13787372026627465, 7.841246865174449e-9, 3.500584994069259e-8, 0.13787275964427326, 2.347260708174576e-8, 0.6595908968275355, 0.2025370038499123, 1.3256639263424424e-8, 4.3640905605058146e-7, 1.591842632300248e-8, 0.3404083503841415, 9.939107215830927e-9, 0.34040828294411357, 1.119055231812235e-6, 0.13787275490159875, 1.3492946748871311e-8, 4.947539495060368e-9, 8.187741370671263e-9, 0.3404082931466604, 1.5377048673462524e-8, 7.527576690171677e-9, 1.2197766694287692e-8, 1.401535083593921e-8, 1.5453912881590276e-8, 6.663034813050026e-9, 0.34040815820803694, 1.6074393564464e-8, 0.1378726994322512, 0.2892080436567761, 1.363987344804726e-8, 8.321572547832739e-9, 7.490790363341738e-9, 1.9570804323392144e-8, 7.843068686427533e-9, 0.3404082916462939, 0.34040825367899463, 0.13787174682218498, 1.1094616545729464e-6, 1.5931090056114054e-8, 0.34040829110419774, 1.0882080042758886e-6, 1.609610845351115e-8, 0.13787275737677449, 0.13787174943397792, 7.635816571412722e-9, 6.777685834213431e-9, 1.1107076578555693e-6, 4.4015792599728644e-8, 0.1378716749272194]
v_opt: [0.39836597082464364, 0.6595914873182125, 0.4350622269052576, 0.11587904310693385, 0.08364130762928622]
solution time: 0.014079093933105469
McCormick lower bound: -6.034874306953436

