x_opt: [0.8212883690843186, 0.17875737622193344, 0.8212883767797599, 0.17871158717667865, 0.8212883608850466, 0.1787116264938081, 0.8212883722658694, 0.8212887369054693, 0.5706003336136586, 0.17871162892165562, 0.1787099033315119, 0.8000960426366011, 0.17871163317945482, 0.17871162601664375, 0.17871122873956932, 0.21218132619954644, 0.1787115830578236, 4.266653999466353e-9, 0.17871122208353232, 0.17871121884743146]
w_opt: [0.8212883680305286, 0.6425767306106539, 1.7162638597968948e-9, 9.954707446386987e-10, 0.6213844126074842, 0.1787116286167793, 1.1956842809115102e-9, 2.765914080913979e-9, 0.17871158116680383, 2.4836610410410082e-9, 8.507797032587803e-10, 4.575377081709152e-5, 4.574199073353706e-5, 0.17875737140137474, 0.17871162781640318, 0.17871162418504863, 3.4826711699549935e-9, 0.1787573755045208, 0.17871158437876072, 0.6425767496722882, 0.6425771145958751, 8.146648984800944e-9, 0.6213844232297576, 0.2121813213326742, 3.0032258726426834e-9, 3.498454988890705e-9, 0.17871122133893647, 1.9619224360279208e-9, 8.191776656868882e-10, 4.1096608970500964e-9, 0.17871158607653775, 0.1787115857564541, 0.1787115820265122, 6.858887622799995e-10, 1.9466435237995175e-8, 0.17871158232843284, 8.061112301302819e-10, 1.41343214794961e-9, 0.5706003330447832, 6.12373984082519e-9, 1.3486476688398445e-9, 9.48289925530206e-10, 1.5850224973487533e-9, 0.17871156982413935, 6.231400501746716e-10, 0.17871162382411845, 0.1787116230339684, 1.8475073075734882e-9, 0.17871162456163148, 0.17871162107171507, 1.3367677190729463e-9, 0.17871162563841708, 1.0002841096722844e-9, 2.526891497146859e-9, 0.17871122127209188, 2.1268693055930275e-9, 0.800096041780289, 1.2981188993606992e-7, 1.2523193806045232e-9, 1.6398187475521917e-9, 3.2908935483240075e-9, 0.5706003326490718, 1.0146334657949237e-9, 0.17871122562920636, 0.17871158190137879, 0.17871122088812955, 1.5671439076563255e-9, 7.725393425794927e-10, 0.37069637770722463, 0.17871163213578983, 1.0355735893314975e-9, 9.391980517086214e-10, 1.0206947797797436e-9, 1.3516056478666171e-9, 1.434229361727182e-9, 6.168462259951488e-10, 0.17871162772642582, 2.4395811772964394e-9, 0.17871121553680477, 0.17870990250608995, 1.2273770215743819e-9, 6.545650400094857e-10, 7.891085516622247e-10, 2.125308184876587e-9, 8.525705133013139e-10, 0.1787112277944871, 0.17871162059970783, 0.1787112174007277, 0.17871157935493898, 1.3871328725584309e-9, 0.1787112273736882, 0.17871122430928496, 1.3505022086116187e-9, 0.1787112200094486, 0.1787112180021173, 8.102350747746036e-10, 8.404534199544768e-10, 0.17871121606528775, 3.204143241126943e-9, 0.17871121764038178]
v_opt: [0.8212887360614364, 0.8212883757123653, 0.6745146353473328, 0.0319379782777834, 0.031937232199173486]
solution time: 0.014014959335327148
McCormick lower bound: -4.910301786715965

