x_opt: [0.8177832219240218, 0.2170011766932858, 0.8177833346735425, 0.1822167771741121, 0.8177832176120358, 0.18221669699929188, 0.8177832726424727, 0.8177834247151273, 0.6223830236143449, 0.18221677572627504, 0.11451225491117159, 0.7981088788395265, 0.18221677303262443, 0.18221672660523075, 0.18221646288807566, 0.2170011808375948, 0.18221668092900148, 2.184678676705328e-9, 0.18221645507915102, 0.18221639662918038]
w_opt: [0.8177832212185024, 0.6355664397313808, 7.270449701484099e-10, 4.2425604575175663e-10, 0.6158921011922183, 0.1822167706680082, 5.687314742910698e-10, 1.2713185087026176e-9, 0.1822166801422979, 1.4170842180781406e-9, 4.2272204450067643e-10, 0.034784511702269164, 0.034784412997538317, 0.21700117431504254, 0.1822167752427127, 0.18221672586853563, 2.258311130141857e-9, 0.21700117622377266, 0.18221677572606326, 0.6355666075564349, 0.635566759813374, 1.1149196996387828e-7, 0.615892216127514, 0.21700117794229415, 2.820608823214977e-8, 1.8572702113157032e-9, 0.18221645480207133, 9.069216485547849e-10, 4.315689314401756e-10, 2.9311599931765007e-9, 0.18221677677236078, 0.18221677659544455, 0.18221677294213254, 2.922339603906007e-10, 2.1095098663270952e-8, 0.18221668069578253, 3.1342381128052703e-10, 5.682804414322251e-10, 0.622383023419444, 3.2802252485804887e-9, 4.950763697663038e-10, 3.8140371099609227e-10, 8.191267485224623e-10, 0.18221666882094165, 2.528636427068869e-10, 0.18221669555873557, 0.18221669538956858, 8.041797709246275e-10, 0.18221669624770515, 0.18221669483349737, 7.521733592667726e-10, 0.18221669664165036, 4.688044170195319e-10, 1.4501613546675228e-9, 0.18221645478390658, 1.4810885907780052e-9, 0.7981088785123549, 1.8837995671175448e-7, 6.047379121108956e-10, 6.987647866465021e-10, 1.7679620798335575e-9, 0.6223830231532337, 4.6303089639429043e-10, 0.18221646090643082, 0.18221668051775985, 0.1822164545887455, 5.912428346308571e-9, 4.1061513335690944e-10, 0.4204919035696499, 0.18221677229321478, 4.115539653288908e-10, 4.217415994915378e-10, 4.230058196339012e-10, 6.418007193332766e-10, 7.211229627630881e-10, 2.5409734668532905e-10, 0.18221677216814683, 1.833428929647887e-9, 0.18221645288444666, 0.11451225455444096, 6.326025792892756e-10, 2.3934150431301834e-10, 3.3151823046764727e-10, 1.139730846996441e-9, 3.880271153566778e-10, 0.18221646244055476, 0.18221676303187323, 0.18221639597381206, 0.18221667430094698, 6.752221840040665e-10, 0.18221646225772622, 0.18221645756759752, 6.687611796454683e-10, 0.18221645395903568, 0.1822163962563724, 3.490882360336091e-10, 3.8520795658396303e-10, 0.18221639495514794, 1.758289670651079e-9, 0.1822163943490131]
v_opt: [0.8177834243907202, 0.8177833342709676, 0.6687694027660454, 0.03320295346865126, 0.013113070138253361]
solution time: 0.01583099365234375
McCormick lower bound: -4.677975475477383

