x_opt: [0.6434702160418417, 0.3565298028125473, 0.643470216147031, 0.06659526472541964, 0.6434702149463412, 0.1562718090600761, 0.8437282088736251, 0.41127153126121774, 0.356529792317589, 0.35652978279316305, 0.19646054973603858, 0.6434702075744303, 0.3565297836994606, 0.15627179149641326, 0.356529783756116, 0.35652981127859074, 0.06659526442109416, 8.898289297641324e-10, 0.06659529336915436, 0.06659527344873087]
w_opt: [0.6434702156088089, 0.28694043109667766, 2.0865271306743425e-10, 1.9109738584378433e-10, 0.2869404237731521, 0.35652978310293865, 1.5229150553905756e-10, 1.13531389109044e-9, 0.06659526407979272, 5.480407251358226e-10, 1.7951564013310353e-10, 1.9054549009343448e-8, 1.8775050453736548e-8, 0.35652980158452635, 0.3565297826368903, 0.15627179114040773, 6.444081191605322e-10, 0.3565298026685165, 0.06659526423088408, 0.4871984251089981, 0.054741747509819284, 4.142689694431501e-10, 0.28694042433575306, 0.35652981053755806, 5.825279351814798e-10, 7.875919641062997e-10, 0.06659529325125037, 4.755098183590748e-10, 1.213586022037829e-10, 8.666327459000842e-10, 0.06659526451847668, 0.06659526446618684, 0.06659526372711838, 1.1043702490474908e-10, 1.0439286706157958e-8, 0.06659526424560629, 1.6201028215845869e-10, 2.5881166025486697e-10, 0.3565297922035384, 8.152543279560488e-10, 2.437347701968184e-10, 1.5535016256664898e-10, 4.381539791876095e-10, 0.06659526183440591, 1.0256037705142138e-10, 0.15627180849159633, 0.1562718085523589, 2.758721244004707e-10, 0.1562718088193388, 0.15627179088967907, 2.612817841396012e-10, 0.15627180893932652, 1.5520638598239387e-10, 5.578150810785013e-10, 0.06659529324117289, 5.885556663212605e-10, 0.6434702074229609, 0.20025800724711773, 5.744511817636757e-10, 3.8115104767965705e-10, 5.547104224211186e-10, 0.35652979218414904, 1.7904779583382858e-10, 0.35652978339882485, 0.06659526417211704, 0.06659529315005236, 2.5808958080877634e-10, 1.1529777066039287e-10, 3.344478327499767e-10, 0.3565297835453465, 2.040805546658675e-10, 1.5739974438252652e-10, 1.9784636743581522e-10, 2.45266738445888e-10, 2.5093319113105247e-10, 1.1567512839452616e-10, 0.356529782646992, 3.3261400251121424e-10, 0.06659529241313507, 0.196460549635664, 2.5766986243145377e-10, 1.2763138999391908e-10, 1.2708343292862109e-10, 4.5060509789420997e-10, 1.630490185770392e-10, 0.356529783577324, 0.356529779502492, 0.06659527317553324, 0.06659526401650841, 3.5890190693144127e-10, 0.35652978354952614, 0.0665952635369985, 2.374112311727988e-10, 0.06659529313954723, 0.06659527324280269, 1.549591734382708e-10, 1.4155862622374842e-10, 0.06659526327082531, 7.387269917497269e-10, 0.06659527323909421]
v_opt: [0.4112715311215905, 0.6434702158940706, 0.41405395964062286, 0.12711348671185646, 0.038596761216490694]
solution time: 0.012567996978759766
McCormick lower bound: -7.544389092806906

