x_opt: [0.8017281513710507, 0.19827203688894898, 0.8017281585823682, 0.19827158745086731, 0.8017280802851215, 0.19827160705094177, 0.8017283539221319, 0.8743522769502959, 0.6250301399881262, 0.1982718441719517, 0.12564630680211297, 0.7696105014142431, 0.19827184607670917, 0.19827164502717123, 0.1982715389900643, 0.19827524051853357, 0.19827155571767044, 1.8901539221227603e-8, 0.10961620713974422, 0.10961610808721063]
w_opt: [0.8017281454567503, 0.6034562337439967, 8.393753785983318e-9, 3.5899465781104325e-9, 0.5713386555739742, 0.19827183111211416, 2.895412745765241e-9, 1.3126358873850893e-8, 0.19827155052033846, 1.3105965434468468e-8, 3.316691342659701e-9, 1.9710347430766385e-7, 1.5135739404433346e-7, 0.19827201247670045, 0.19827184154989033, 0.1982716377672615, 3.150982082688932e-8, 0.19827203485574119, 0.1982715782844832, 0.6034565143846257, 0.6760804377633663, 1.062944676206367e-8, 0.5713386776282771, 0.19827522599804703, 1.1014495800989895e-8, 1.6824927761187237e-8, 0.10961620524399243, 7.748795199705682e-9, 1.867764019102454e-9, 2.860212574000664e-8, 0.1982715844320966, 0.19827158352498556, 0.19827154172584838, 2.11098694959757e-9, 1.8812218232353752e-7, 0.1982715536837929, 2.472147410133374e-9, 5.60888825882775e-9, 0.6250301383969623, 2.0441555539272915e-8, 2.587449019950911e-9, 3.0087850887333765e-9, 5.0445754042782875e-9, 0.19827147039428408, 1.878319476839333e-9, 0.19827159143814302, 0.19827159041000614, 5.159681442024999e-9, 0.19827160288579773, 0.19827158539560766, 7.886145568153323e-9, 0.1982716045927228, 3.2858123934732275e-9, 1.2901472818206784e-8, 0.10961620471464238, 1.2813195142964725e-8, 0.7696104986748784, 1.534763732873055e-6, 5.1984374999057445e-9, 7.221348840916364e-9, 1.0211824140238887e-8, 0.6250301376006793, 4.236470701426736e-9, 0.19827152847958776, 0.19827155233582078, 0.10961620369340792, 3.752567451945981e-9, 2.7201504916449635e-9, 0.39464068692656784, 0.19827184224639002, 3.2525169660262605e-9, 2.6085323946600696e-9, 3.753448583758548e-9, 6.738096888089251e-9, 7.191074341501005e-9, 1.8138874445010756e-9, 0.19827183864386932, 8.375329345291521e-9, 0.10961619008069667, 0.12564630474756047, 5.942150374896454e-9, 1.8865464475739694e-9, 2.4211301482524585e-9, 6.988169977224453e-9, 2.8763088876954564e-9, 0.19827153654496002, 0.1982718113334806, 0.1096161041010811, 0.19827153855803722, 6.101132277468497e-9, 0.19827153589869442, 0.19827148679985518, 4.232517341469339e-9, 0.10961620232330668, 0.10961610484904491, 2.4606010671665296e-9, 2.875651885665971e-9, 0.10961608887433898, 1.622403641361598e-8, 0.1096160981047259]
v_opt: [0.8743522749228415, 0.8017281556741368, 0.6427681166478533, 0.03931172594350291, 0.01578704629549618]
solution time: 0.013397932052612305
McCormick lower bound: -5.561460852880004

