x_opt: [0.48149066106611665, 0.25786365829478863, 0.8628857959477063, 0.13711450944597434, 0.8628854933144722, 0.13711316184134914, 0.8628852562677197, 0.8628869772868117, 0.8628854911525651, 0.1371131691834729, 0.13711248170533524, 0.8154511418619826, 0.1371131691877953, 0.13711450376521833, 0.13711304929867546, 0.26672451480146164, 0.1371145009850638, 6.787781819629652e-9, 0.1371130711498312, 0.13711302970209993]
w_opt: [0.4814906589362409, 0.344376155018045, 2.258731259583038e-9, 1.1695376017444922e-9, 0.2969418040021859, 0.13711315913982475, 1.322073628909738e-9, 4.217083652365374e-9, 0.13711449890545668, 4.361743560806158e-9, 9.870398690612468e-10, 0.12074945510842437, 0.12074915986371053, 0.2578636528089583, 0.13711316750147026, 0.13711450158671432, 5.19199116189238e-9, 0.2578636572114926, 0.13711450567223699, 0.7257710528968749, 0.725772774906076, 5.661612323622685e-9, 0.6783369442419143, 0.2667245081808412, 3.0190077817582846e-7, 5.67938602660793e-9, 0.13711307034976358, 2.7279948196260327e-9, 4.565677298238854e-9, 5.845884558131252e-9, 0.13711450835927297, 0.1371145077933768, 0.13711316289193298, 9.072416990280119e-10, 3.070160044153441e-8, 0.1371145002326889, 8.729703958427634e-10, 1.7892137353388108e-9, 0.8628854903648235, 6.725746754257622e-9, 1.495360931324541e-9, 1.7441809636338187e-9, 2.1268996980035955e-9, 0.13711447557744527, 7.470202088913675e-10, 0.13711315821364317, 0.13711315636343333, 2.4543086751137493e-9, 0.137113159116045, 0.13711315639079422, 1.7777075255438689e-9, 0.13711316055123474, 1.4983887789981186e-9, 4.287502576400294e-9, 0.13711307017838592, 2.5366475319975265e-9, 0.8154511407167516, 8.831337044512224e-8, 9.940482197114569e-10, 1.8172216858960496e-9, 4.82778767364757e-9, 0.8628854897112925, 1.0329837724573323e-9, 0.137113042037204, 0.13711449994720087, 0.13711306992673808, 1.1134041258659631e-8, 1.3583735334429085e-9, 0.678336635536604, 0.13711316714943245, 1.0422302181706245e-9, 1.7584751209400102e-9, 1.2252524710712594e-9, 1.8585316884369166e-9, 1.974800777986003e-9, 7.124468727832285e-10, 0.13711316644540283, 4.610027857872724e-9, 0.13711306041640103, 0.13711248017455427, 1.6304563568602169e-9, 6.502898580230595e-10, 1.181556244871621e-9, 2.904092943545999e-9, 1.0803976434521563e-9, 0.13711304747323702, 0.13711315457830128, 0.1371130281607034, 0.13711448069627982, 1.4050707104933082e-9, 0.13711304750344747, 0.13711304312376024, 1.854889078647704e-9, 0.13711304554567127, 0.13711302857642935, 8.995123001460634e-10, 1.2835588029400763e-9, 0.13711302510456322, 5.3244307739569e-9, 0.13711302812062487]
v_opt: [0.8628869764387038, 0.8628857949224129, 0.7445714277908823, 0.018800066171957945, 0.018799872824112097]
solution time: 0.012939929962158203
McCormick lower bound: -3.9216649902054024

