x_opt: [0.7736313835498696, 0.22636863232167, 0.8323049066127705, 0.16769506878254004, 0.773631367310525, 0.22636862521311774, 0.7736313843136873, 0.6955999841056537, 0.3912447438085596, 0.16769509828313672, 0.1939964075043311, 0.6087553047380568, 0.22636862707738656, 0.22636861427521845, 0.16769506442208112, 0.27842936929838663, 0.16769506560825134, 2.713181996648477e-9, 0.16769506251562732, 0.16769506202403153]
w_opt: [0.7736313830563654, 0.5472627512496965, 7.410766903588289e-10, 6.107688873228632e-10, 0.38238668878759063, 0.22636862404890434, 1.3381230665256877e-9, 2.069437259802459e-9, 0.16769506445156834, 1.5927624103521159e-9, 4.541259692767389e-10, 0.058673539405038194, 1.3895186708285873e-8, 0.22636862911601813, 0.16769509761037033, 0.22636861310390266, 2.542928897689503e-9, 0.2263686318444591, 0.16769506691416752, 0.6059362913423182, 0.5279048914461996, 6.188472781220427e-9, 0.44106021382589145, 0.27842936622558373, 1.965486091062392e-9, 2.125273769662789e-9, 0.16769506197226122, 1.3020928942581941e-9, 5.122844357968076e-10, 2.99964322064876e-9, 0.16769506797134337, 0.16769506798603534, 0.16769506467812811, 4.634882937607304e-10, 1.2726618403888043e-8, 0.16769506501699805, 5.332253287885343e-10, 9.295996322278315e-10, 0.3912447434394903, 3.5659726832033266e-9, 7.2269639931346e-10, 5.890252966375291e-10, 9.012407543279917e-10, 0.16769505685812183, 4.3545989351814203e-10, 0.226368623760694, 0.22636862251131742, 1.2811499263524736e-9, 0.226368623977895, 0.22636860811335874, 7.855112489488181e-10, 0.22636862465689692, 6.616469229001209e-10, 1.6171216708890058e-9, 0.1676950619399357, 1.2234577411037122e-9, 0.6087553041916459, 8.948999976241148e-8, 7.307534713047349e-10, 1.0894317976175852e-9, 2.6511218430632915e-9, 0.39124474309800045, 6.349153615695898e-10, 0.1676950622243752, 0.16769506483792349, 0.1676950618083006, 9.37036797738727e-10, 4.5415478560288216e-10, 5.0193908410125614e-8, 0.22636862644346598, 7.396187977696932e-10, 5.662998812729051e-10, 6.846131086865267e-10, 9.904637869536973e-10, 1.0355385069915723e-9, 4.2249270398912843e-10, 0.16769509759043444, 1.4500615739719096e-9, 0.16769505576693938, 0.19399640680394953, 7.588711705326873e-10, 4.555857844470581e-10, 5.996673506901712e-10, 1.1829980469538056e-9, 4.999514078785638e-10, 0.16769506387512734, 0.22636861180644866, 0.16769506123416505, 0.16769506250651275, 8.030816386895585e-10, 0.16769506351681945, 0.1676950578755686, 9.324379831915753e-10, 0.16769506108684928, 0.16769506140467202, 4.884689098892194e-10, 5.205857345749928e-10, 0.16769505937701792, 2.004539244932109e-9, 0.16769506102931725]
v_opt: [0.6955999835422346, 0.8323049060079819, 0.5985055005736534, 0.028121647409312348, 0.03763472866049034]
solution time: 0.013573169708251953
McCormick lower bound: -4.032024594890925

