x_opt: [0.6353508705665587, 0.3646492476944374, 0.6353508718321804, 2.4615182793408808e-6, 0.635350835114311, 0.15944771683315884, 0.8878454902044041, 0.36464996833532715, 0.36464940923869815, 0.36464909968028203, 0.22867832975918498, 0.6353504257305475, 0.3646491589674681, 0.1121545555918461, 0.36464913962932866, 0.3646494319360285, 2.451828188711235e-6, 4.848218877218405e-8, 0.1121475801251678, 0.11214752225496906]
w_opt: [0.6353508562801135, 0.2707017119153855, 1.2808386205655882e-8, 1.120662285081149e-8, 0.27070130257733077, 0.3646491284143974, 7.946422189924619e-9, 1.311709377457469e-7, 2.4328239141385474e-6, 3.136236246852799e-8, 8.52524214501827e-9, 1.255774717859926e-7, 2.2992693454073884e-7, 0.3646491391377381, 0.3646490920108377, 0.11215453576602973, 7.871144104879511e-8, 0.3646492383846268, 2.434257589941643e-6, 0.5231963679349875, 8.453274151970184e-7, 2.5450879799738775e-8, 0.27070133817799397, 0.3646493909712769, 5.4350864400955875e-8, 4.371331943830655e-8, 0.11214757397568771, 3.025401350391493e-8, 5.066265459645945e-9, 6.867542433240291e-8, 2.4496876127551764e-6, 2.450858270097996e-6, 2.381944303834681e-6, 5.624157274048151e-9, 2.754610018669031e-7, 2.443541870391429e-6, 8.707083457665967e-9, 1.645329231769728e-8, 0.36464940331745216, 1.122088781924088e-7, 1.7463583891256775e-8, 8.691794388840166e-9, 3.2131784458039283e-8, 2.3070844928785108e-6, 5.812435131977172e-9, 0.15944768294608527, 0.15944768808799595, 1.5697556819204888e-8, 0.15944770651273252, 0.11215451233252864, 1.8789368036349316e-8, 0.15944771151365103, 8.467573253636823e-9, 3.2358107431279605e-8, 0.11214757308617287, 4.153308337386572e-8, 0.6353504173424146, 0.25249541916704715, 5.977451085230521e-8, 4.235770808863005e-8, 6.135193079762834e-8, 0.36464940218242625, 1.0114490400392115e-8, 0.3646491194855538, 2.4353497453539274e-6, 0.11214756815239256, 1.246316629795013e-8, 5.527776672435478e-9, 8.715237374998977e-9, 0.36464915339202725, 1.4757600344053597e-8, 7.749374909247364e-9, 1.1947786501424036e-8, 1.8180553279035644e-8, 2.0636559188020367e-8, 6.074600372553186e-9, 0.36464908652157185, 1.668813766731923e-8, 0.11214751776306983, 0.22867832492984386, 1.7223802213811252e-8, 7.597841762108648e-9, 6.798258044202138e-9, 2.5506009414940156e-8, 8.284279433177708e-9, 0.3646491329819164, 0.3646486754422921, 0.11214750993475013, 2.4271467151957673e-6, 2.33296700069317e-8, 0.36464912735453203, 2.3826914263212797e-6, 1.3311753632038632e-8, 0.11214757090480851, 0.11214751084315457, 8.447946354523165e-9, 6.959440154330473e-9, 2.4207303890167378e-6, 4.161396268077328e-8, 0.11214750591988633]
v_opt: [0.36464996156224716, 0.6353508618074676, 0.4036706858483961, 0.13296912748193143, 0.05229493552836434]
solution time: 0.01306915283203125
McCormick lower bound: -7.5839244857547765

