x_opt: [0.7403522752384123, 0.29509272481313925, 0.740352287472276, 3.2424659823861923e-6, 0.7403523332510378, 0.20584494649276527, 0.7941551873722481, 0.5445279469338652, 0.39187911934440783, 0.2596476564762298, 0.2596474208277572, 0.6081197366561067, 0.2596476711277404, 0.2058447884340411, 0.2596475939987895, 0.29509314101898293, 3.217771499576826e-6, 6.052258568949368e-8, 0.20584485544947553, 0.20584456819508318]
w_opt: [0.7403522516870454, 0.4807046153531302, 1.578808451906098e-8, 1.3195778397966833e-8, 0.348472020591972, 0.25964762960108945, 1.4019395478802676e-8, 7.973419142618362e-8, 3.1951037657478853e-6, 3.831989905226224e-8, 8.709049121807673e-9, 0.03544502047406742, 0.0354451267291376, 0.29509263322975715, 0.25964764799025636, 0.20584476954124717, 5.743248552663026e-8, 0.295092713660942, 3.2082951899287416e-6, 0.5345074822214705, 0.284880244471677, 3.4766784962187044e-8, 0.3484720665376441, 0.2950930770752631, 4.600181901201272e-8, 5.11790793981957e-8, 0.2058448453385604, 3.598990707320112e-8, 9.294712048115633e-9, 9.080887428408855e-8, 3.22307497672009e-6, 3.2262863725592273e-6, 3.164113570661331e-6, 7.608812802774654e-9, 3.9132360229681626e-7, 3.207517094977614e-6, 1.1736375021461119e-8, 1.754718222084566e-8, 0.39187911103387063, 1.6189188010371714e-7, 3.1410627279231544e-8, 1.0027538602986086e-8, 2.989612731417826e-8, 3.070719969907239e-6, 8.435638787908877e-9, 0.2058449222528625, 0.2058448928852631, 2.8703798472603805e-8, 0.20584493333663584, 0.20584472765894235, 1.543786788425731e-8, 0.20584493883057567, 1.0693331511173e-8, 3.970103399352828e-8, 0.20584484378085777, 3.126117432078308e-8, 0.6081197272423483, 0.05380504145394419, 1.7232694292266953e-8, 1.0654730636208809e-7, 8.434853234399539e-8, 0.3918791069810625, 1.2810407468683712e-8, 0.25964756520600996, 3.198576008308266e-6, 0.20584484005947387, 1.9358439849538826e-8, 6.4024973436585346e-9, 1.0556111239874183e-8, 0.2596476635790143, 1.8956265485550304e-8, 1.003408261869479e-8, 1.4782387416796796e-8, 1.7944005431405894e-8, 2.0931093095678046e-8, 7.639611970807893e-9, 0.2596476413846845, 2.5823745139810234e-8, 0.20584478964631298, 0.25964741177253475, 1.6858115125215515e-8, 9.983697491985798e-9, 8.870180283700302e-9, 2.1350980687906794e-8, 9.680111066972192e-9, 0.2596475854348237, 0.25964750519617447, 0.2058445536176226, 3.176898018056338e-6, 1.9042702513758264e-8, 0.2596475794831595, 3.1537966584023615e-6, 2.0997853901147775e-8, 0.2058448430534881, 0.205844556873746, 9.87281736603925e-9, 8.564798798680044e-9, 3.184407731581403e-6, 4.900696853266313e-8, 0.20584453889718632]
v_opt: [0.5445279348308124, 0.740352274896203, 0.5481218834390155, 0.0674169070199598, 0.06741691009306623]
solution time: 0.014622926712036133
McCormick lower bound: -5.187396245487174

