x_opt: [0.6954832724051265, 0.33650390672840025, 0.6954832724103951, 0.0761871259381467, 0.6954832724183474, 0.15312576680601972, 0.8468742332095234, 0.40415675956518454, 0.3045167292863209, 0.3045167275825251, 0.26855419718686835, 0.6954832706899003, 0.30451672758822745, 0.15312576678767068, 0.3045167275781285, 0.33650390673588454, 0.07618712593106933, 1.1043458514728246e-11, 0.15312576679124765, 0.1531257667678667]
w_opt: [0.6954832724025299, 0.39096654482283333, 3.513250142503288e-12, 2.565045052621172e-12, 0.39096654309718065, 0.3045167275797479, 2.7058884982390983e-12, 1.0046033017107243e-11, 0.07618712592567548, 6.375289306897962e-12, 1.9474192263128093e-12, 0.03198717914099076, 0.03198717915722329, 0.33650390671330505, 0.3045167275849122, 0.15312576678326018, 8.025261818460211e-12, 0.3365039067251937, 0.07618712593098766, 0.5423575056214989, 0.09964003197770126, 5.531319061216352e-12, 0.39096654310842316, 0.33650390672196534, 8.23991521054321e-12, 9.117716355764245e-12, 0.15312576678905032, 6.0973614543816636e-12, 2.378246768835665e-12, 1.1815823960556549e-11, 0.07618712593437128, 0.07618712593482777, 0.07618712592508808, 1.6203172084712137e-12, 5.129653581527458e-11, 0.07618712592887034, 2.4281530993214616e-12, 3.4271160347892235e-12, 0.304516729284389, 2.642559702720193e-11, 8.569632194506762e-12, 2.0284773181707427e-12, 5.715056594914497e-12, 0.0761871259045027, 1.6831696319250957e-12, 0.15312576680072407, 0.15312576679662943, 5.5458906708934585e-12, 0.15312576680250617, 0.15312576677883682, 2.994342690078728e-12, 0.15312576680424042, 2.240496790593754e-12, 6.660064530426354e-12, 0.15312576678895634, 6.277867019940319e-12, 0.695483270687801, 0.15139096096985533, 4.0494953453654066e-12, 1.0838621352664044e-11, 1.4514139313127852e-11, 0.3045167292836827, 2.7530019750872114e-12, 0.3045167275718607, 0.07618712592699706, 0.15312576678757614, 4.6491351172230245e-12, 1.4430519640691106e-12, 2.4576160980250166e-12, 0.3045167275863358, 3.443077747831014e-12, 2.3277142737877277e-12, 2.8213056213190557e-12, 3.1587470820023424e-12, 3.552961032885134e-12, 1.6240393110404883e-12, 0.30451672758367626, 5.423094725439732e-12, 0.1531257667765917, 0.2685541972389306, 3.1799794760599714e-12, 2.0348493306416613e-12, 1.7933778338325717e-12, 5.1023630945952514e-12, 2.171992668787174e-12, 0.3045167275759237, 0.3045167275490782, 0.15312576676391218, 0.07618712592363293, 4.0757281811775405e-12, 0.3045167275744444, 0.07618712591931723, 3.960347161409955e-12, 0.15312576678808043, 0.15312576676613135, 2.242088180879895e-12, 1.887913837371384e-12, 0.07618712592486714, 8.380755904388492e-12, 0.15312576676484982]
v_opt: [0.4041567595623074, 0.6954832724071284, 0.4836969829164245, 0.09273043799308929, 0.07212135742335217]
solution time: 0.014786005020141602
McCormick lower bound: -5.869736869565678

