x_opt: [0.6581248266065166, 0.1617372267503805, 0.8382628514299741, 0.16173720043909506, 0.8382627935872692, 0.16173706419995085, 0.8382628217969613, 0.9446444420228666, 0.8382627844328167, 0.16173716644550293, 0.05535552639674484, 0.8382628110106263, 0.16173716088217885, 0.16173717613091546, 0.16063454370785482, 0.16173723376282828, 0.16173717799172266, 7.579396384578209e-9, 0.16063451967090633, 0.05535549033564065]
w_opt: [0.6581248218775443, 0.4963876214615048, 2.882457709721815e-9, 1.8497382537108614e-9, 0.4963876394371112, 0.16173714903563446, 1.7595017317738922e-9, 6.064472967473739e-9, 0.16173717483478206, 4.549223849546741e-9, 1.8902132826709393e-9, 7.95001182519843e-8, 3.762729229556259e-8, 0.16173721889491052, 0.16173716383126846, 0.16173717159542722, 7.1460999080673274e-9, 0.16173722495868248, 0.16173719523301472, 0.6765256742250318, 0.7829072951526702, 3.2112334508607005e-8, 0.6765256713118224, 0.1617372242697409, 3.973700608683994e-8, 6.3914058153301e-9, 0.16063451861862352, 3.880504164284562e-9, 2.0100296358067286e-9, 7.54969560745528e-9, 0.16173719898576178, 0.1617371976737975, 0.16173715462795818, 1.2408734701559145e-9, 3.5742225419884925e-8, 0.16173717702208842, 1.2265322879919942e-9, 2.630013588269211e-9, 0.838262783511323, 1.0212800300380729e-8, 2.45216173171087e-9, 1.877296629501889e-9, 3.345073667028872e-9, 0.16173714741137446, 1.011280153529041e-9, 0.16173705740515928, 0.16173705806179184, 3.532135054266431e-9, 0.16173706048434575, 0.16173705509414982, 2.9755791081311617e-9, 0.16173706236986166, 2.073443076433249e-9, 4.493402771224572e-9, 0.1606345183827049, 4.19945412595224e-9, 0.8382628087770738, 1.9890235920957765e-7, 2.3603529988966727e-9, 2.9590262868598657e-9, 6.526623592836108e-9, 0.8382627825913233, 1.9433177866074876e-9, 0.1606345359429715, 0.16173717643450772, 0.1606345177803713, 1.1206868735642953e-8, 2.2456304615758215e-9, 0.6765255989798046, 0.1617371583054641, 1.4775706751716666e-9, 2.0202883627843966e-9, 1.6379533140381727e-9, 2.5430879440564384e-9, 2.5997627042020367e-9, 1.1267243096210872e-9, 0.1617371581951901, 6.0552179072732985e-9, 0.16063450871376528, 0.05535552486770069, 2.248060962491387e-9, 9.40737100717889e-10, 1.5253363081044328e-9, 4.8317464100900534e-9, 1.6423332671583202e-9, 0.16063454117241133, 0.16173713009538843, 0.05535548775649297, 0.16173716009483483, 2.3926127123603292e-9, 0.1606345413945437, 0.16063453476485748, 2.1330478659741608e-9, 0.16063451154612016, 0.05535548873174213, 1.415205172718163e-9, 1.7404746253148602e-9, 0.05535548299255285, 5.8213791248814106e-9, 0.055355486503701555]
v_opt: [0.9446444408602247, 0.8382628495070944, 0.7026845228405814, 0.026158971276797553, 0.0030642359960410476]
solution time: 0.014801979064941406
McCormick lower bound: -4.997041672132969

