x_opt: [0.7908121373539352, 0.3149734483662444, 0.7908121392213076, 0.2091877918065233, 0.7908121422290246, 0.20918777936047414, 0.7908122193846188, 0.47053774339293925, 0.26677331716649233, 0.20918786150184288, 0.20874203966862592, 0.7332266821442731, 0.20918786102803544, 0.20918778031467092, 0.20918785040277074, 0.31497345082156786, 0.2091877800964893, 3.750784626733418e-9, 0.20918777413715994, 0.2091877700035244]
w_opt: [0.7908121363164436, 0.5816242802690224, 1.621294130056469e-9, 8.91859074435565e-10, 0.5240388203381073, 0.2091878577228031, 8.461710289234832e-10, 2.6323253775559045e-9, 0.2091877782119459, 2.1312094386964536e-9, 7.861242511042186e-10, 0.10578558842440344, 0.10578559463645461, 0.31497344361989715, 0.20918786066653944, 0.20918777862627239, 2.5948836057094127e-9, 0.31497344740233585, 0.20918778931454868, 0.5816243591482235, 0.2613498833233222, 3.5028036332569076e-9, 0.5240388244465765, 0.31497344581727144, 2.698993584236096e-9, 3.129333374025574e-9, 0.20918777346328576, 2.0003444716018543e-9, 8.36475860214541e-10, 3.657342103620797e-9, 0.20918779075014424, 0.20918779047642844, 0.20918778773969432, 5.624406533404343e-10, 1.7598536518324377e-8, 0.20918777950332254, 7.589929774177888e-10, 1.1779860055181164e-9, 0.2667733165789459, 1.0238542366386295e-8, 4.79128558324924e-9, 7.379093730843111e-10, 1.7592547473502299e-9, 0.20918776991701327, 5.391888279126768e-10, 0.20918777714810446, 0.20918777643901681, 1.7639668541857542e-9, 0.20918777787716658, 0.20918777526273175, 1.1192648043824062e-9, 0.20918777868900756, 8.086303366860098e-10, 2.221066843081292e-9, 0.20918777340215974, 2.2695261721664553e-9, 0.7332266814163152, 1.546349518760087e-7, 1.6062845347034768e-9, 2.037396435630528e-9, 3.6178680786100017e-9, 0.2667733163177518, 9.309945606459908e-10, 0.20918784808916102, 0.20918777891209742, 0.20918777286986293, 1.6550557701726597e-9, 5.87377225604504e-10, 1.520015319079751e-9, 0.20918786024602398, 9.721205846523676e-10, 8.586774309955273e-10, 8.930642518626403e-10, 1.0328076260871837e-9, 1.1401028428320692e-9, 5.296776000931639e-10, 0.20918785984587618, 2.1915485489603447e-9, 0.20918776882211637, 0.2087420390056409, 1.0963531297838262e-9, 6.132462984579875e-10, 5.891454864107704e-10, 1.9658941211595053e-9, 7.876066208373849e-10, 0.209187849565832, 0.20918784883754007, 0.20918776844560089, 0.2091877753688939, 1.4171434925695654e-9, 0.2091878491201692, 0.20918777627028842, 1.2371352738637445e-9, 0.20918777273120112, 0.20918776937179423, 7.882440588008868e-10, 6.966220405552839e-10, 0.20918776701552824, 2.8189902482596365e-9, 0.20918776886786503]
v_opt: [0.47053774251210806, 0.7908121380657493, 0.625383868339287, 0.0437595724452617, 0.043573799429769744]
solution time: 0.018258094787597656
McCormick lower bound: -6.218984655467428

