x_opt: [0.6388752676707433, 0.36112474593727334, 0.638875273798839, 4.513287824795602e-8, 0.6388752592536551, 0.1563162957810275, 0.8841140572142807, 0.3695559306020417, 0.3611247248129182, 0.3611247225200655, 0.23748900560974204, 0.6388752589116943, 0.3611247252044075, 0.11588594278919583, 0.361124725411645, 0.36112476272470073, 4.096237711877002e-8, 2.866214325947651e-9, 0.11588595010658602, 0.11588594767572824]
w_opt: [0.638875266712155, 0.2777505274128333, 7.992705152694179e-10, 8.304652940162872e-10, 0.2777505270447058, 0.3611247230762694, 7.228002818967488e-10, 4.581745141563805e-9, 3.975587725509324e-8, 1.7799194791993648e-9, 5.613794765860053e-10, 2.0161048683651707e-8, 1.657342622748037e-8, 0.3611247389551044, 0.36112472198337164, 0.11588594129150649, 4.929816378389575e-9, 0.3611247449978094, 4.351240272638282e-8, 0.5229893315119467, 0.008431204795865468, 1.2058471831728917e-9, 0.2777505351787952, 0.3611247600299568, 3.1403840756129672e-9, 2.462204308752838e-9, 0.11588594955132725, 2.3217510948742638e-9, 3.8221023985192133e-10, 3.7211984783603094e-9, 4.4045429357345693e-8, 4.4338490049277214e-8, 4.042331855935277e-8, 4.601454459208015e-10, 9.190501547139988e-9, 4.0400890323497675e-8, 6.711627800651181e-10, 1.165793286921653e-9, 0.3611247241951251, 4.822050031040883e-9, 5.18358598085537e-10, 6.802696875233288e-10, 1.2391143944026066e-9, 3.5209019727482185e-8, 5.396418575676068e-10, 0.15631629381242587, 0.1563162929508584, 1.2662271596496922e-9, 0.1563162950613866, 0.11588593802114439, 1.1692038885140273e-9, 0.15631629534163893, 6.372533657979799e-10, 1.7907114736430925e-9, 0.11588594940067248, 1.9004171588731667e-9, 0.6388752581716094, 0.24523893779988354, 1.282777358332005e-9, 9.813853342704508e-9, 1.3427990004594144e-8, 0.3611247242915834, 7.612330414520727e-10, 0.36112472437763427, 3.960204470547957e-8, 0.1158859492751976, 8.145269656006974e-10, 3.99035990060658e-10, 6.729016193411939e-10, 0.361124724569788, 1.3922145225538146e-9, 5.503903865943209e-10, 8.925880062094607e-10, 1.5215953595125915e-9, 1.5768822551120402e-9, 5.524468724573696e-10, 0.36112472194824513, 1.0882110499233682e-9, 0.11588594453747346, 0.237489005162616, 9.532325863213973e-10, 7.09085134328891e-10, 6.624791648912289e-10, 1.6255606225970983e-9, 5.549622445049492e-10, 0.36112472462162803, 0.3611247026082362, 0.11588594686767277, 3.90196656701975e-8, 1.3974530958502199e-9, 0.3611247244828884, 3.6420651011596977e-8, 9.209163718138192e-10, 0.11588594941913205, 0.11588594689330119, 5.805283792309231e-10, 5.085056126008089e-10, 3.821295312243458e-8, 2.3264226305553995e-9, 0.11588594512316143]
v_opt: [0.36955593003854426, 0.638875273095059, 0.4081616541518963, 0.13041110579958126, 0.05640107794591558]
solution time: 0.041478872299194336
McCormick lower bound: -6.359660409691403

