x_opt: [0.7441109954994441, 0.32518054661165147, 0.7441109988191932, 0.17270222137546226, 0.7441110059641953, 0.17270223679680854, 0.8272977701811685, 0.4207608135315577, 0.2559786234307969, 0.2558889991169271, 0.25588609737171686, 0.7440213652120953, 0.25588899893948086, 0.17270222792996584, 0.2558889935162226, 0.3251805508525603, 0.17270221189687085, 6.9301988200387485e-9, 0.17270222970061477, 0.17270222237512903]
w_opt: [0.7441109939071702, 0.4882220026122255, 2.2668036285847547e-9, 1.6021260530367733e-9, 0.48813236207752203, 0.25588899342994414, 1.7358970558689102e-9, 6.2106227212596525e-9, 0.17270220849447465, 3.9844914208081905e-9, 1.2210509165236999e-9, 0.06929154691478008, 0.06929156097766379, 0.32518053718069967, 0.2558889978112233, 0.17270222516563818, 5.0908904289123915e-9, 0.32518054457093737, 0.17270221680501519, 0.5714087700220961, 0.16487181371969045, 3.5964575877275926e-9, 0.4881323692510336, 0.325180541962389, 5.114830358971844e-9, 5.69350265685366e-9, 0.1727022283042372, 3.775015955741785e-9, 1.5198320435675523e-9, 7.539317621335973e-9, 0.1727022190020783, 0.17270221927281573, 0.17270221316586734, 1.0329277213822997e-9, 3.2424577812878886e-8, 0.1727022105676138, 1.5225118635817867e-9, 2.1674651426714782e-9, 0.255978622229517, 1.859472913465967e-8, 7.254284613493355e-9, 1.282711953665544e-9, 3.6186161178858212e-9, 0.17270219479230586, 1.067240012586052e-9, 0.17270223345394548, 0.1727022307787295, 3.5383329239157207e-9, 0.1727022345682594, 0.17270222232186155, 1.8864034400190848e-9, 0.172702235653355, 1.4328773024373167e-9, 4.1606720189734666e-9, 0.17270222819487674, 3.911789674713297e-9, 0.7440213638896137, 0.08318687663510901, 2.541427435446863e-9, 6.364403341716698e-9, 9.999167854508072e-9, 0.25597862173162045, 1.7367766396875724e-9, 0.2558889894555222, 0.17270220937693903, 0.17270222740742877, 2.9588018004386836e-9, 9.234688406952165e-10, 1.622633966738462e-9, 0.2558889977188222, 2.149197848597167e-9, 1.4768689806258305e-9, 1.7706770679322171e-9, 2.0087679936095803e-9, 2.2537821990793628e-9, 1.016802516452596e-9, 0.2558889966139137, 3.505124407075065e-9, 0.17270222029257007, 0.25588609597352424, 1.992067950326564e-9, 1.2754186648058101e-9, 1.135224004201153e-9, 3.1110726150929497e-9, 1.3605008716778945e-9, 0.25588899216705957, 0.2558889743265664, 0.17270221989443948, 0.1727022066070568, 2.5263304843475194e-9, 0.2558889911471679, 0.17270220446287135, 2.4918163959725116e-9, 0.17270222767313562, 0.1727022212755395, 1.4087526221189222e-9, 1.198237950450318e-9, 0.1727022075272989, 5.2260879586615875e-9, 0.17270222024376175]
v_opt: [0.42076081171702107, 0.7441109968254849, 0.5537030790638607, 0.06547921591729015, 0.06547770955920205]
solution time: 0.014120101928710938
McCormick lower bound: -5.653775658536173

