x_opt: [0.7575949888431899, 0.2424050166587406, 0.7575950242467173, 9.35498025178495e-7, 0.7575942551057852, 0.24240572798910537, 0.7575949918442644, 0.6731092437606874, 0.44238606793173946, 0.2424049708357037, 0.24239202908104088, 0.5576139298575309, 0.24240574101057244, 0.24240500690425867, 0.24240555006230383, 0.26476075454153164, 9.334829147412539e-7, 7.315414684610465e-9, 0.1723934428350087, 0.17239343473861354]
w_opt: [0.7575949877633972, 0.5151892450334328, 1.871437800350954e-9, 1.4385280507207074e-9, 0.31520891974426685, 0.24240573501375118, 2.8432014274948474e-9, 5.449798233071003e-7, 9.309475438485424e-7, 4.654428420302772e-9, 1.2884566872698406e-9, 4.175779050669998e-8, 1.031652442065863e-8, 0.24240500760940226, 0.2424049687474126, 0.24240500274578647, 1.2014631174681332e-8, 0.2424050154981762, 9.314118621954572e-7, 0.5151900172732868, 0.4307042694263867, 2.9260065567639457e-9, 0.3152089599646757, 0.2647607490060109, 5.182940608783055e-9, 6.1194459273682615e-9, 0.17239344155300004, 3.4382616684218075e-9, 9.230246388044841e-10, 7.364300344828584e-9, 9.332613555769604e-7, 9.336810516858308e-7, 9.237022700649904e-7, 1.2796727533389803e-9, 3.0617307926186526e-8, 9.313479660381271e-7, 1.5205959422539783e-9, 2.9041862792994897e-9, 0.44238606696534244, 6.551756920004068e-9, 1.4911868605092742e-9, 1.8008853132078415e-9, 2.1355642366823236e-9, 9.154439535056391e-7, 1.2899076012420603e-9, 0.2424057237720929, 0.2424057214815843, 2.7164790922713056e-9, 0.2424057258036113, 0.2424050019759808, 2.554779766437383e-9, 0.2424057267206911, 1.6789937432522925e-9, 4.5435191704750915e-9, 0.172393440983157, 3.0408891992778333e-9, 0.5576139281127751, 8.50412636671604e-7, 1.769224932782868e-9, 3.3928463022082132e-9, 8.849428031207294e-9, 0.4423860664943379, 1.6545165930281102e-9, 0.24240554558512406, 9.311388453167645e-7, 0.17239344121348193, 1.7081059639360951e-9, 1.1286620944422805e-9, 6.11781650505795e-9, 0.24240573983614738, 2.5407517420322246e-9, 1.310357037417407e-9, 2.1107655055469056e-9, 3.896275640181968e-9, 3.792371477667476e-9, 1.262725951350095e-9, 0.24240496854989022, 2.489170748847629e-9, 0.17239343100433033, 0.24239202773210503, 2.1727547705160837e-9, 1.4526584422635213e-9, 1.844380775887133e-9, 2.6201152193988676e-9, 1.2844820407857993e-9, 0.2424055490827256, 0.24240571799833893, 0.17239343303132085, 9.271033003256347e-7, 2.3545922843626577e-9, 0.2424055484627368, 9.229695550729025e-7, 2.193527684717411e-9, 0.17239344099822668, 0.17239343306462931, 1.2400055929059824e-9, 1.3331491961515478e-9, 9.296838866717293e-7, 5.895350281405693e-9, 0.1723934301284056]
v_opt: [0.6731092426151141, 0.7575950227961432, 0.5739490602310671, 0.05876019061268632, 0.05875400668930632]
solution time: 0.013163089752197266
McCormick lower bound: -4.6569952697940415

