x_opt: [0.8199733832438856, 0.1800268250478133, 0.8199733851299619, 0.1800266151405873, 0.8199733833229793, 0.18002661542077242, 0.8199733836776204, 0.8199733866844321, 0.5860207294703005, 0.18002661494905897, 0.1460053584396872, 0.7932118920113965, 0.18002661545154086, 0.18002661621217503, 0.18002661357259025, 0.22307711815568315, 0.18002661484645538, 1.4255172273414036e-10, 0.18002661346270657, 0.18002661332375097]
w_opt: [0.8199733832152143, 0.6399467666386197, 4.248484670000879e-11, 3.310849827935766e-11, 0.6131852752831519, 0.18002661527739364, 4.068400162778261e-11, 1.0582282373728855e-10, 0.18002661478598314, 8.28333581549392e-11, 2.6025282437980673e-11, 2.10202421604543e-7, 2.0861733711249582e-7, 0.18002682489512165, 0.18002661490054384, 0.18002661615432694, 1.282583712284903e-10, 0.18002682502396886, 0.18002661504382936, 0.6399467688300265, 0.6399467718534975, 1.6385472557602652e-10, 0.6131852772739151, 0.22307711800312247, 1.5646774040692927e-10, 1.1155150760222219e-10, 0.18002661343521942, 6.039706385356156e-11, 2.7129605774684305e-11, 1.3927013680088878e-10, 0.1800266151014476, 0.18002661509539886, 0.18002661469413675, 2.5333197685833756e-11, 5.749711908431314e-10, 0.18002661482186955, 2.7188713138025075e-11, 4.9235012425855655e-11, 0.5860207294517562, 1.672186456018097e-10, 3.466593557727077e-11, 3.258698361371426e-11, 5.057368517492961e-11, 0.18002661438408432, 2.2729731075308967e-11, 0.1800266153366653, 0.18002661529177577, 6.374842166128504e-11, 0.18002661534206235, 0.18002661533066694, 4.327836791850489e-11, 0.1800266153884325, 3.639294055981431e-11, 8.31703241714098e-11, 0.18002661343169693, 6.179085277155251e-11, 0.7932118919815694, 3.2079025056599288e-9, 3.452727090964258e-11, 5.021101635669909e-11, 1.2273760821821433e-10, 0.5860207294335344, 3.353095238255053e-11, 0.18002661345021986, 0.18002661480852108, 0.18002661342607937, 1.0063144247906329e-10, 2.7285755262974807e-11, 0.37923262152528975, 0.18002661541236653, 3.592399083173528e-11, 3.0906184131499765e-11, 3.552369443107419e-11, 5.20790591461929e-11, 5.312099812101398e-11, 2.237550289136009e-11, 0.18002661489788405, 7.871758573067077e-11, 0.18002661315468613, 0.1460053584084816, 4.020270455767497e-11, 2.2884762240946363e-11, 3.27515482531273e-11, 6.607641948262791e-11, 2.7024637305126386e-11, 0.18002661353893643, 0.18002661503105818, 0.18002661327980027, 0.18002661468510767, 4.181687527389315e-11, 0.18002661352464272, 0.18002661340413187, 4.6856597977301176e-11, 0.18002661338226106, 0.1800266132926406, 2.5835627134811544e-11, 2.916147526648077e-11, 0.1800266132332789, 1.0388844538509036e-10, 0.1800266132916084]
v_opt: [0.8199733866563607, 0.8199733850979487, 0.6723563612368669, 0.0324095854793, 0.021317571631229867]
solution time: 0.013933897018432617
McCormick lower bound: -4.039942983007965

