x_opt: [0.7889618038725185, 0.32356725223540556, 0.7889619501540163, 0.2110379282257178, 0.7889618569012193, 0.21103811908807615, 0.7889618297595073, 0.4601869726715292, 0.27213475064649684, 0.21103813764884274, 0.1862647224981349, 0.7278653821769303, 0.2110381411991923, 0.2110381186430381, 0.21103766283623845, 0.32356756342384085, 0.21103786243113448, 1.0604348615054908e-8, 0.21103765060807136, 0.21103764958496363]
w_opt: [0.7889617996883412, 0.5779236616957425, 7.606576090308569e-9, 1.1654832297630662e-9, 0.516827187978678, 0.2110381258615831, 4.2154542376876234e-9, 1.1160040483375274e-8, 0.21103785875287742, 7.231226235974081e-9, 1.5219799650549036e-9, 0.11252920374970682, 0.1125291309038165, 0.32356723658952136, 0.21103813623720746, 0.21103811627752253, 1.1624759196271536e-8, 0.32356725122451435, 0.21103792150794914, 0.5779237808328108, 0.24914892469150413, 9.435075723337567e-8, 0.5168273437828917, 0.3235675448470218, 9.904855756681132e-9, 9.204556129899702e-9, 0.21103764943569522, 6.435495108287789e-9, 1.5403782250995159e-9, 1.6359363844193336e-8, 0.2110379262741149, 0.2110379259840975, 0.21103790097651098, 1.0855281810678466e-9, 5.948226226093713e-8, 0.21103786125630447, 1.3760059272534543e-9, 2.8253259813780354e-9, 0.27213474981227814, 4.37348441963284e-8, 4.885881347900347e-9, 1.5303464278140563e-9, 3.893937286191288e-9, 0.2110378197859339, 1.1587118822720088e-9, 0.21103811451839743, 0.21103810800306227, 5.231145395471966e-9, 0.21103811557333335, 0.21103809732200943, 2.8489045868392063e-9, 0.2110381179661875, 2.118605938634995e-9, 7.257752841743026e-9, 0.21103764944448133, 7.095046994198165e-9, 0.7278653809601782, 8.732817965994946e-8, 1.935271113370024e-9, 5.989538047211321e-9, 1.6495265784602832e-8, 0.27213474914150815, 1.7636415064484238e-9, 0.21103765321902457, 0.21103786055597357, 0.2110376484323498, 4.320042237077953e-9, 1.58367301586201e-9, 1.4200339408660817e-7, 0.21103813954223458, 1.9057136269003357e-9, 1.6841078288613093e-9, 1.7994890860605745e-9, 2.667505106950508e-9, 3.3214959610422943e-9, 9.047292629701203e-10, 0.21103813555233883, 1.0183689487852891e-8, 0.21103763761087077, 0.18626472123818888, 3.143661232164292e-9, 9.613095885773162e-10, 1.2340585726966806e-9, 4.451383849019264e-9, 1.638841320773142e-9, 0.21103766154376202, 0.21103812068652936, 0.21103764762279129, 0.2110378469026936, 2.646898601353229e-9, 0.21103766024241008, 0.21103764428510216, 3.3487732368436696e-9, 0.2110376428720481, 0.21103764841867345, 1.5018672286325027e-9, 1.6009341430842542e-9, 0.21103763363767503, 8.737367825978344e-9, 0.21103764121695634]
v_opt: [0.46018697119070623, 0.788961948823121, 0.6224609318151159, 0.044537097540641335, 0.034694828678493765]
solution time: 0.012909889221191406
McCormick lower bound: -4.361448792817767

