x_opt: [0.8186084565390123, 0.18139154444621294, 0.8186084577148394, 0.18139154300234916, 0.8186084566547894, 0.18139150601685566, 0.8186084619995583, 0.8600898968876093, 0.6494635779590223, 0.18139154334024646, 0.10842080743418014, 0.8138932614710306, 0.18139154313481431, 0.18139153793335228, 0.1813915382146541, 0.18139154480758024, 0.18139154072981584, 3.8454443000789594e-10, 0.1813847153295183, 0.13991010312401186]
w_opt: [0.8186084564464066, 0.6372169132458467, 1.5565513199437907e-10, 1.014387498712597e-10, 0.6325017180962716, 0.18139154267350552, 8.995721563035761e-11, 2.7616567116037127e-10, 0.1813915405558532, 2.2086646031913148e-10, 9.099232012157519e-11, 2.2337741943433117e-9, 1.6601153312601033e-9, 0.18139154401771743, 0.181391543223067, 0.18139153773427982, 3.4213241740812836e-10, 0.18139154437191649, 0.1813915427436082, 0.6372169197748425, 0.6786983546968821, 1.2704316952053215e-9, 0.6325017195707325, 0.1813915443957459, 2.6554262021248283e-10, 3.153558453398381e-10, 0.18138471526038222, 1.7526677136798906e-10, 8.339892205596826e-11, 3.4082505663994507e-10, 0.18139154290521534, 0.18139154285688863, 0.1813915423851333, 6.925747678713803e-11, 1.5904956554987854e-9, 0.18139154066925492, 7.410493941837216e-11, 1.4164867283783158e-10, 0.6494635779075068, 6.181002612443945e-10, 1.228571330372227e-10, 9.162340448776004e-11, 1.563348660288312e-10, 0.18139153945305528, 5.824026909052046e-11, 0.1813915057056083, 0.18139150571061513, 1.5750330682790213e-10, 0.18139150587079983, 0.1813915057864571, 1.4038371620228923e-10, 0.1813915059263452, 1.0071588050864937e-10, 2.2054702603682366e-10, 0.18138471524850786, 1.9295521141910867e-10, 0.8138932613827974, 1.2485415386544775e-8, 1.220534663370494e-10, 1.4269693787639612e-10, 2.7534687607343737e-10, 0.6494635778729922, 9.492549042553621e-11, 0.1813915379064106, 0.18139154062387805, 0.1813847152189423, 2.6405046424612334e-10, 8.770903357510927e-11, 0.46335683956031565, 0.1813915430243695, 9.358127632163857e-11, 9.107875170732899e-11, 9.52068400347723e-11, 1.3749237083256072e-10, 1.4009000669119847e-10, 6.046097199860443e-11, 0.1813915430088916, 2.1704618497831345e-10, 0.18138471475929338, 0.10842080735011576, 1.1513241352960488e-10, 6.13713444432188e-11, 7.990144915999866e-11, 2.0660799440122198e-10, 8.200464492327428e-11, 0.18139153811400455, 0.18139154141219746, 0.13991010298664242, 0.18139153758997995, 1.3298741641198256e-10, 0.18139153808985709, 0.1813915377251188, 1.1553739912331159e-10, 0.1813847151495181, 0.13991010303764245, 7.708522429534543e-11, 8.492591284472026e-11, 0.1399101028550148, 2.855313655487807e-10, 0.13991010304277118]
v_opt: [0.8600898968117352, 0.8186084576196941, 0.6701198134757747, 0.03290290572489556, 0.011755075344721169]
solution time: 0.016562938690185547
McCormick lower bound: -5.093719591044498

