x_opt: [0.7908460838573317, 0.3148159219522211, 0.7908460991384186, 0.20915386929067972, 0.7908460843824409, 0.20915391217594012, 0.7908460852938386, 0.47072756765646717, 0.2666751395344933, 0.20915390089590044, 0.20915391598627686, 0.7333248595724686, 0.20915391284668453, 0.2091539140814701, 0.20915389964985046, 0.31481593050827644, 0.20915386900354446, 4.151452159348279e-10, 0.2091538989318623, 0.20915389869012696]
w_opt: [0.7908460837825528, 0.5816921681512386, 1.0461960930534625e-10, 9.303332944605016e-11, 0.5241709434729627, 0.20915391244627365, 1.7374033437141284e-10, 5.773725427841309e-10, 0.2091538688608655, 2.7826634780311974e-10, 4.138517016017462e-11, 0.105662021138813, 0.10566201155488081, 0.3148159212076728, 0.20915390082042973, 0.2091539139992062, 7.526197198264139e-10, 0.3148159218746836, 0.2091538689923042, 0.5816921844688508, 0.2615736668856216, 3.0874330298863553e-10, 0.524170959154937, 0.31481592981857054, 3.3485631428993704e-10, 3.613885416035242e-10, 0.20915389887623273, 4.678057533624145e-10, 5.103824422861996e-11, 1.121199062808136e-9, 0.20915386918616186, 0.20915386919513515, 0.20915386818267934, 4.4429202585657173e-11, 3.631118706561075e-9, 0.2091538689500857, 5.052665564514413e-11, 1.0570702293071746e-10, 0.2666751395123934, 1.176213993972241e-9, 5.056932005410054e-11, 5.054737949559013e-11, 1.0624138555430831e-10, 0.20915386581739176, 5.3472240646926245e-11, 0.20915391203045136, 0.2091539117165082, 2.3466522071430415e-10, 0.2091539120905423, 0.20915391154915788, 1.293095376792003e-10, 0.20915391213989296, 7.87124171159695e-11, 2.9616437378070154e-10, 0.20915389888481076, 2.836907337381264e-10, 0.7333248595322347, 7.163776387823781e-8, 1.5183679137178613e-10, 2.3601241327454177e-10, 7.122698330642719e-10, 0.26667513946752014, 7.327554558314443e-11, 0.2091538993601304, 0.2091538689227988, 0.20915389885877475, 1.5038809550265639e-10, 3.995812899205734e-11, 1.8752420670483352e-10, 0.20915391278502807, 9.885358890075761e-11, 6.141788847999016e-11, 7.512948689158505e-11, 1.3112699151164504e-10, 1.841909098158213e-10, 3.820189151794433e-11, 0.20915390082063934, 3.3573464093049343e-10, 0.20915389863617537, 0.20915391593302807, 1.3523639576675115e-10, 4.672438950018142e-11, 5.411534567476644e-11, 1.3348446437587462e-10, 5.399485082204799e-11, 0.20915389961837283, 0.20915390979766163, 0.2091538986246048, 0.2091538685387665, 9.816931095475121e-11, 0.20915389956604238, 0.20915386845086556, 1.5432451774558688e-10, 0.20915389882063865, 0.20915389864872688, 6.152959582375676e-11, 5.2744430469249275e-11, 0.20915386880724604, 3.5095519553996116e-10, 0.20915389838908463]
v_opt: [0.4707275676017078, 0.7908460990903804, 0.6254375315585052, 0.043745355436580174, 0.043745362789399014]
solution time: 0.015074968338012695
McCormick lower bound: -3.86297395662813

