x_opt: [0.6202286242533558, 0.37977135682638175, 0.6202286554796946, 0.05154035008682967, 0.6202286519118181, 0.15329530753282322, 0.8467201598862641, 0.3823636481873579, 0.37977135093319764, 0.37977134129178186, 0.14800271399112674, 0.6202286412975648, 0.3797713437954813, 0.1532798434818398, 0.3797713420622447, 0.37977136708728515, 0.05154034947216701, 4.889189204959496e-9, 0.051540730875505134, 0.05154071866181978]
w_opt: [0.6202286232809168, 0.2404572772383507, 1.6631049117085034e-9, 1.5539778286397735e-9, 0.24045726659849, 0.3797713398301296, 1.077766110873661e-9, 4.984323263702811e-9, 0.05154034713006672, 2.859454568147887e-9, 1.3152773913266155e-9, 1.3178174640467059e-8, 1.6524531895420224e-8, 0.3797713499266222, 0.3797713399488539, 0.15327984055839966, 4.915118694199814e-9, 0.3797713554769831, 0.05154034700038677, 0.46694881624977175, 0.0025923044181144447, 4.7608077270480635e-9, 0.24045730077469368, 0.37977136240654075, 4.352297713877598e-9, 4.167032376708246e-9, 0.05154072997592697, 3.1608882323759138e-9, 8.13509102571648e-10, 4.421228301607062e-9, 0.05154034854755131, 0.051540348346457446, 0.05154034317818379, 8.516209451233094e-10, 2.654879232779137e-8, 0.05154034816261369, 1.1312258680606784e-9, 1.9973030742807316e-9, 0.3797713500097834, 6.053813117077826e-9, 1.1905048626046417e-9, 1.2559207865642833e-9, 2.37768234736409e-9, 0.051540336692400754, 8.188116740009169e-10, 0.15329530356602794, 0.1532953037829642, 1.9780610631763023e-9, 0.1532953058172358, 0.15327984097925665, 1.9934012580023303e-9, 0.1532953065931414, 1.1425283580453887e-9, 2.832505343548504e-9, 0.0515407297623405, 2.967097308328424e-9, 0.6202286399880388, 0.2264915620896775, 4.589517926748685e-9, 2.90707537541446e-9, 3.707385101956332e-9, 0.3797713499873481, 1.3363124500064974e-9, 0.3797713397419204, 0.051540347496819544, 0.051540729260611824, 1.5636299206340595e-9, 8.724138170074363e-10, 1.6219530354994745e-9, 0.3797713427092761, 1.6519169035912415e-9, 1.124452132618515e-9, 1.3791047952255423e-9, 1.887246587341478e-9, 1.9857135874685414e-9, 9.452540026385782e-10, 0.3797713401500683, 2.0055643359869227e-9, 0.051540723669641846, 0.14800271319209687, 1.572925340363171e-9, 1.0092057419330927e-9, 1.1156073150984355e-9, 3.572044281369199e-9, 1.0999864151476446e-9, 0.37977134057606726, 0.37977131134873215, 0.05154071677520993, 0.051540346416994724, 2.358207443631842e-9, 0.3797713397834817, 0.051540343321258245, 1.4493349490059493e-9, 0.0515407292085768, 0.05154071750439973, 1.1095034735453713e-9, 9.904279368974633e-10, 0.051540345428648444, 3.809256047323982e-9, 0.051540716989263005]
v_opt: [0.3823636471808536, 0.6202286538448295, 0.3846835862325288, 0.14422639478185337, 0.021905001268395365]
solution time: 0.014678001403808594
McCormick lower bound: -7.8208445380914755

