x_opt: [0.7119941281472288, 0.2880059095433256, 0.7119941345020863, 0.08680294876708751, 0.7119940980637349, 0.21028765619129686, 0.7897125122845811, 0.5795691371728501, 0.3787087154915856, 0.28800586441302334, 0.23623483666637232, 0.6212912749456695, 0.2880058944511916, 0.21028749707156597, 0.2880058483699885, 0.2880060687206512, 0.08680292267748106, 2.3958194641803082e-8, 0.08680322038658693, 0.08680319840254727]
w_opt: [0.711994118097995, 0.42398822806260916, 8.481229886059347e-9, 4.665504093522705e-9, 0.33328540591654765, 0.28800587261153254, 3.3832028022496167e-9, 7.65023523394045e-8, 0.08680291518212468, 1.6369750883472014e-8, 3.4181199207267917e-9, 4.591518025265496e-8, 1.0151441226270979e-7, 0.2880058566332266, 0.28800586165119946, 0.21028748812813064, 4.486456760032453e-8, 0.28800590613648225, 0.0868029334272863, 0.501706649271639, 0.29156327387263736, 2.8006444508470135e-8, 0.33328543270654704, 0.2880060472761113, 2.2290088072231394e-8, 2.213244215563544e-8, 0.08680321808030039, 1.8138075981723925e-8, 1.6445682754382073e-9, 4.496364585646269e-8, 0.08680294371671407, 0.0868029431108465, 0.0868028877680894, 2.781134422722764e-9, 2.3752417976599348e-7, 0.08680291895958636, 3.9303224556010886e-9, 8.908469022780895e-9, 0.3787087139848588, 4.649613284851382e-8, 3.645634609646247e-9, 3.0633053741340296e-9, 1.1393274087345154e-8, 0.0868028279921242, 2.723388855489587e-9, 0.21028763822553523, 0.21028763645614434, 8.10193524306172e-9, 0.21028765349059517, 0.210287450266708, 1.0344736424349318e-8, 0.21028765427764037, 4.727978913458635e-9, 1.642139922445079e-8, 0.08680321728199017, 1.8542509775581326e-8, 0.6212912714444995, 0.07771888544919545, 1.5078356578180367e-8, 1.280424517658006e-8, 2.1384400545449483e-8, 0.3787087129879314, 4.104236428562994e-9, 0.28800583534990654, 0.08680291700592105, 0.08680321651830279, 4.428498316750351e-9, 3.005917375110854e-9, 1.8254771547218902e-8, 0.2880058922561944, 5.800329921848338e-9, 3.289197568200948e-9, 5.483374435465386e-9, 1.3809582507709863e-8, 1.2476638087155293e-8, 2.130418699809159e-9, 0.2880058619228347, 1.0087614265410131e-8, 0.08680320267681756, 0.2362348349348903, 8.615559518874507e-9, 2.924192812632969e-9, 3.157015764565351e-9, 7.228803395200471e-9, 3.548409611600776e-9, 0.28800584603632173, 0.2880057815246742, 0.08680319440249432, 0.08680290494995675, 9.308573102579959e-9, 0.28800584433906373, 0.08680288734604052, 5.634984955793201e-9, 0.08680321683099931, 0.08680319590693127, 3.503621836514814e-9, 3.549532942412879e-9, 0.08680290419587715, 2.1409861148909242e-8, 0.08680315226478648]
v_opt: [0.5795691351833432, 0.7119941317215482, 0.5069362309036494, 0.08294743045807619, 0.055807109286086995]
solution time: 0.012482881546020508
McCormick lower bound: -5.642436239213826

