x_opt: [0.7501077429568009, 0.24989226235785153, 0.7501077478811347, 0.24989224543973798, 0.7501077429154528, 0.24989218338007263, 0.7501077761555758, 0.7189877867553792, 0.4014351289216399, 0.2498922564487841, 0.15886059452477663, 0.6617908282051027, 0.24989225629079134, 0.24989222366163924, 0.24989224521701484, 0.2498922950870644, 0.24989223727423954, 2.528953624526786e-9, 3.0862319532277066e-7, 3.032307721942756e-7]
w_opt: [0.7501077421054386, 0.500215486344081, 1.3641358631919783e-9, 6.917650678605194e-10, 0.4118985717493272, 0.24989225367544723, 5.294609742812432e-10, 2.4887923537724986e-9, 0.2498922361469381, 1.4842895030777007e-9, 6.709998176405892e-10, 1.0662164328103644e-8, 8.660451755556374e-9, 0.24989225926229636, 0.2498922557664676, 0.24989222207369902, 2.3116791299597635e-9, 0.24989226188688166, 0.24989224387937484, 0.5002155244318983, 0.46909553507475915, 6.379839817628496e-9, 0.41189857852166145, 0.24989229249194703, 2.7961930725660068e-9, 2.1629568576238404e-9, 3.082249130402772e-7, 1.3354849114843067e-9, 4.365404578143446e-10, 2.100640955307572e-9, 0.24989224483613962, 0.24989224451049719, 0.24989224148532738, 4.175935801426496e-10, 1.0668610097980975e-8, 0.2498922368861974, 4.894821222057513e-10, 9.212490248623381e-10, 0.40143512856725677, 4.230348758514375e-9, 1.030576141020823e-9, 6.323571934839377e-10, 1.2260282539152613e-9, 0.24989222907776093, 3.6174376363540775e-10, 0.24989218102488506, 0.24989218157526652, 9.067869878283394e-10, 0.2498921823808774, 0.24989218157204235, 1.0119526336623243e-9, 0.24989218284983739, 6.094160108034049e-10, 1.4778538957508193e-9, 3.0812355863578015e-7, 1.3691585504933642e-9, 0.6617908276318695, 2.0964673097875882e-7, 8.713374752321363e-10, 1.1007587900537027e-9, 1.9285399013968574e-9, 0.40143512843367796, 6.10353114107554e-10, 0.24989224350664338, 0.24989223655067772, 3.078919058641826e-7, 7.962947943428893e-10, 5.462928422210499e-10, 0.06322595967993168, 0.24989225571885507, 6.197701620008623e-10, 5.809715401098154e-10, 6.192293519410487e-10, 8.510629165770509e-10, 8.969877163530521e-10, 3.725422641508169e-10, 0.24989225486121927, 1.3176423079535822e-9, 3.0541735384116833e-7, 0.15886059409201542, 7.80157835851184e-10, 3.9538483278936815e-10, 4.420960611671632e-10, 1.2782243198740104e-9, 5.580815230484037e-10, 0.2498922446293796, 0.24989223903858954, 3.0230093047336885e-7, 0.249892221264468, 9.8266565482282e-10, 0.24989224446386266, 0.24989223314375908, 7.027131535718322e-10, 3.074895939079997e-7, 3.0265866155261144e-7, 5.221095030665668e-10, 5.403510231069327e-10, 3.0127978913485636e-7, 1.9646160500080457e-9, 3.0200580455364034e-7]
v_opt: [0.7189877863137047, 0.7501077471681049, 0.5626616401088871, 0.06244614100840731, 0.025236697813624163]
solution time: 0.01355886459350586
McCormick lower bound: -6.5456941587875574

