x_opt: [0.33751153606475476, 0.11452456446269677, 0.885475482379324, 0.11452455422893591, 0.8854754443536043, 0.11452451363946693, 0.8854754400006601, 0.8854755153847049, 0.885475442712751, 0.11452450954348484, 0.11452445892716204, 0.7638181590048682, 0.11452451443004633, 0.1145245545865924, 0.11452448991378515, 0.37453617492272606, 0.11452455080407237, 1.938150615931246e-9, 0.11452448808072573, 0.11452448562181337]
w_opt: [0.3375115356292313, 0.2229869804716817, 6.344794542552544e-10, 4.101509703105987e-10, 0.10132969541962551, 0.11452451172774945, 4.662425336571174e-10, 1.4172676815513574e-9, 0.11452455009768908, 1.1824109447513617e-9, 3.243997115728525e-10, 4.681568197553689e-8, 1.2475188127903382e-8, 0.11452456253797824, 0.11452450903020656, 0.1145245535828044, 2.0798219956776097e-9, 0.11452456414872082, 0.11452455298942496, 0.770950922356062, 0.7709509979697441, 2.9224285505105836e-9, 0.6492936433908109, 0.3745361729443948, 3.459617938731541e-8, 1.5478730292172874e-9, 0.11452448776457758, 7.612619956540461e-10, 3.9534706503842496e-10, 1.9388212778252856e-9, 0.11452455379043708, 0.11452455366626402, 0.11452450680195188, 3.2204879425288825e-10, 9.402869325788561e-9, 0.11452455052118704, 3.174717646255354e-10, 6.243820396624721e-10, 0.8854754424638319, 2.349885342886055e-9, 4.1766321026322295e-10, 5.097214601274177e-10, 6.508159730813901e-10, 0.11452454311788737, 2.7901648375083e-10, 0.11452451247751669, 0.11452451192579961, 7.765527581193797e-10, 0.11452451282501071, 0.11452451234604204, 6.199436082717566e-10, 0.11452451320767237, 4.823793478364048e-10, 1.166099625519009e-9, 0.11452448769043118, 8.023817365241339e-10, 0.763818158623128, 8.388610538108949e-8, 3.617310115544199e-10, 6.220694685834466e-10, 1.6946620866299053e-9, 0.885475442246524, 4.063855722513075e-10, 0.11452448794572731, 0.1145245503746385, 0.11452448766338537, 1.6354667286037361e-9, 3.9601200949314117e-10, 0.6492936025045815, 0.11452451380387506, 4.227981992018618e-10, 4.1759320957677307e-10, 4.4030338377476964e-10, 7.397116803181648e-10, 7.37614226477187e-10, 2.7217593790437917e-10, 0.1145245088533486, 1.129129727695694e-9, 0.11452448419106025, 0.11452445844300717, 5.452855799434056e-10, 2.6308687448627245e-10, 4.4740015839148755e-10, 8.541480185424344e-10, 3.385499515080878e-10, 0.11452448946323354, 0.11452450907100407, 0.11452448510406826, 0.1145245468614349, 4.942825198636936e-10, 0.11452448934047975, 0.11452448743073869, 5.826999832526065e-10, 0.11452448669334468, 0.1145244852240948, 3.0969389248410543e-10, 3.8730966239065176e-10, 0.11452448422283876, 1.459762794577386e-9, 0.11452448489629877]
v_opt: [0.885475514520607, 0.8854754818766715, 0.7840667653790566, 0.013116120268261467, 0.013115872805128801]
solution time: 0.01742386817932129
McCormick lower bound: -3.889708522824872

