x_opt: [0.7908447097005412, 0.3148164845712823, 0.7908447142704688, 0.2091536431766378, 0.7908450705014451, 0.20915304283390748, 0.7908469619837526, 0.4707254434925297, 0.2666741397012299, 0.20915528795995775, 0.2091552304519228, 0.7333256462134196, 0.20915528302141484, 0.20915303447109873, 0.2091549318478847, 0.3148164843795621, 0.20915302588903575, 6.310679812848064e-9, 0.20915303988977893, 0.2091530420407295]
w_opt: [0.7908447075059798, 0.581689781113195, 2.667438548793663e-9, 1.4757775990558078e-9, 0.5241703572574002, 0.20915527727965832, 1.6190406380134383e-9, 3.913763439340583e-9, 0.20915302250809253, 3.6331913611652086e-9, 1.085633932150596e-9, 0.10566120060338609, 0.10566156409829282, 0.31481647468792634, 0.20915528666399236, 0.20915303205389768, 4.315209160776111e-9, 0.31481648127949274, 0.20915363857913224, 0.5816916771074331, 0.2615701590382106, 6.608394522951473e-9, 0.524170365593836, 0.31481647337373836, 5.1670263071477365e-9, 5.167865953020549e-9, 0.209153038645072, 4.502119761273559e-9, 1.7299902357833202e-9, 8.705675121345911e-9, 0.2091536410660107, 0.2091536410974898, 0.20915363584315813, 8.882200491699798e-10, 4.222471785440825e-8, 0.20915302493464852, 1.3338018493810185e-9, 1.86961498419183e-9, 0.2666741386630477, 3.6767666815686834e-7, 3.564034525588803e-7, 1.073521918723918e-9, 7.625131671947865e-9, 0.20915300890200117, 9.180982304125858e-10, 0.20915303989613568, 0.20915303725156598, 3.733142382796513e-9, 0.20915304065011897, 0.20915302791845428, 1.6477922238196476e-9, 0.2091530418468089, 1.2997129527446154e-9, 3.89150941146905e-9, 0.20915303845848196, 4.113754104101634e-9, 0.733325645157442, 2.4142835938684112e-6, 3.0494856127651693e-9, 8.449815924237542e-9, 1.841423115504656e-8, 0.2666741380580139, 1.6171141252344504e-9, 0.2091549281142745, 0.20915302373261638, 0.20915303761707063, 3.77066358819193e-9, 8.323706932940363e-10, 1.2911749144863703e-9, 0.20915528186328916, 1.8288210807422231e-9, 1.4142440884430795e-9, 1.506361131191141e-9, 1.641403185245643e-9, 1.9040799576105446e-9, 8.483047049460172e-10, 0.20915528164311759, 4.474604251983274e-9, 0.20915303197593638, 0.20915522930857686, 1.8310942645380263e-9, 1.0674834913912807e-9, 9.222830512843286e-10, 3.049366024913655e-9, 1.2624854991052959e-9, 0.20915493071441527, 0.20915525984223615, 0.20915303950503306, 0.20915301781961035, 2.347894356849023e-9, 0.20915492940620628, 0.20915301913865403, 2.4326013761082327e-9, 0.20915303797480914, 0.20915304102516616, 1.3318064082673107e-9, 1.0603451959804913e-9, 0.20915301911137474, 4.7289415298885254e-9, 0.20915303441052135]
v_opt: [0.47072544160073465, 0.7908447124170769, 0.6254359415364096, 0.04374594659682626, 0.04374597447841522]
solution time: 0.014420032501220703
McCormick lower bound: -5.680922998238488

