x_opt: [0.6261844809803337, 0.37381547871777404, 0.6261845464996314, 0.055399581298446576, 0.6261845255860874, 0.15407865466592388, 0.8459795592320669, 0.38976194913987067, 0.3738154782424888, 0.3738154642222265, 0.16042159457294092, 0.6261845090190765, 0.37381546607118726, 0.15402045314040777, 0.37381546352844863, 0.3738154828955245, 0.05539958007802132, 6.758965103484179e-9, 0.055399953858602566, 0.055399945889748316]
w_opt: [0.6261844789412182, 0.2523690082553431, 2.191030390781108e-9, 2.3385443646013572e-9, 0.25236899179235367, 0.37381545979342456, 1.6651577562611006e-9, 5.616358381215738e-9, 0.05539957600774807, 3.808029342525012e-9, 2.153314829219259e-9, 2.7130548092160396e-8, 3.229681516530762e-8, 0.3738154676886169, 0.3738154615310573, 0.15402044855850988, 6.59860508772862e-9, 0.37381547509422847, 0.055399575927950445, 0.4721641070301778, 0.01594649678279656, 1.898153669820946e-8, 0.2523690619160428, 0.37381547447627955, 6.994667181539172e-9, 5.647669375798693e-9, 0.05539995245846824, 5.0847775413304655e-9, 1.4520090750982702e-9, 8.037629894692606e-9, 0.05539957891431573, 0.05539957823969854, 0.055399570101834356, 1.2951488479278394e-9, 1.0170555164092181e-7, 0.05539957793218105, 1.671237729502788e-9, 3.0646554683268e-9, 0.3738154768223684, 9.47365730493357e-9, 2.2483582328777275e-9, 1.8406714909989838e-9, 3.95000032630986e-9, 0.05539955511967842, 1.2196522581445737e-9, 0.15407864839921756, 0.15407864883641811, 3.2866330536011155e-9, 0.15407865162204798, 0.15402044870231624, 2.997020290270379e-9, 0.15407865320623162, 1.7898718731129164e-9, 3.833479874448157e-9, 0.055399952277666316, 5.5521589470794826e-9, 0.626184507129211, 0.2197951282621762, 1.417148323601417e-8, 4.556514408697053e-9, 5.5449427967032445e-9, 0.37381547681465144, 2.1162914284046783e-9, 0.37381546019504547, 0.05539957705479154, 0.05539995103457597, 2.9009261894238708e-9, 1.367207320102431e-9, 2.4343788911756923e-9, 0.37381546391145454, 2.3616079002501533e-9, 1.8741585823717307e-9, 1.932885758846196e-9, 2.6283329160602417e-9, 2.7865780934135544e-9, 1.5791318028025783e-9, 0.3738154619423892, 3.6108888334670718e-9, 0.055399941652943784, 0.16042159333909853, 2.294274526846551e-9, 1.491677566958986e-9, 1.7127625821539693e-9, 7.18787908234077e-9, 1.7026053863454339e-9, 0.3738154607893299, 0.37381540399579627, 0.05539994245417578, 0.055399575329992484, 3.938205964560484e-9, 0.37381545964744106, 0.05539957067531625, 2.170043400955608e-9, 0.055399950959815085, 0.05539994422626413, 1.8350818089080544e-9, 1.4977752927956596e-9, 0.05539951804091528, 5.055258015342974e-9, 0.05539993751948625]
v_opt: [0.3897619474564136, 0.6261845437450086, 0.3921072530903864, 0.13973818763150173, 0.0257351838772938]
solution time: 0.014230012893676758
McCormick lower bound: -8.391923865801276

