x_opt: [0.7680037025738728, 0.28503354475706183, 0.7680039119905527, 5.786856861644167e-7, 0.7680036615235767, 0.23199631617118213, 0.768003681759732, 0.5903245209571101, 0.4155826292512009, 0.2319960539189766, 0.2319960664469675, 0.5844127329018711, 0.23199631698641346, 0.2319962946638812, 0.23199619207297262, 0.2850336497701667, 5.741668889047571e-7, 1.7070606969550474e-8, 0.23199616749845178, 0.23199615190841572]
w_opt: [0.7680036981709122, 0.5360073659153063, 6.191863237647395e-9, 3.7851855166319965e-9, 0.35241643787092286, 0.231996300574687, 9.92588088917741e-9, 4.0480942820150694e-8, 5.676253889074828e-7, 1.0676955694102491e-8, 1.9917677722203213e-9, 0.05303745987300549, 0.05303722175948779, 0.2850335150440161, 0.23199605146277164, 0.23199629110917466, 1.7281290510747342e-8, 0.28503354173873785, 5.678662869761352e-7, 0.5360075957196362, 0.35832843831613775, 3.279699435385222e-9, 0.3524166580514653, 0.2850336236102811, 1.3535606900061177e-8, 1.2934833660385418e-8, 0.23199616378145618, 7.043904522016966e-8, 3.950774391759171e-9, 2.7804844238532174e-8, 5.712859383542431e-7, 5.745930150722868e-7, 5.569024127319902e-7, 2.1374302049149775e-9, 1.0202384757751462e-7, 5.707098508939283e-7, 3.1392739594488375e-9, 4.427306973052248e-9, 0.41558262704180104, 4.9760110457935306e-8, 4.237003278121817e-9, 2.5920224810770787e-9, 4.253878545880296e-9, 5.292637591510985e-7, 2.729011656324774e-9, 0.23199631119106837, 0.23199627897322694, 1.335846946126414e-8, 0.2319963095857063, 0.2319962758361365, 3.4642964156900138e-9, 0.23199631406440774, 3.2538319639692234e-9, 1.1226538049388231e-8, 0.23199616487740213, 8.677776216055342e-9, 0.584412730607187, 5.813693789285794e-6, 6.528646101992248e-9, 7.814426206642479e-9, 2.1280400580016965e-8, 0.4155826239040612, 3.595600777093787e-9, 0.23199617767271888, 5.69148296134547e-7, 0.2319961632568929, 8.335695531851201e-9, 1.7115317671488747e-9, 3.5342569764375316e-9, 0.23199631457289527, 5.887546657018894e-9, 2.774827166825648e-9, 3.946446373489382e-9, 5.055844751967434e-9, 6.088327811353573e-9, 2.2006790644072847e-9, 0.2319960515072092, 1.118695590022331e-8, 0.23199601205854897, 0.23199606290671423, 4.474827572415098e-9, 2.8422638561112555e-9, 2.892909113037257e-9, 6.102084342566373e-9, 2.4694036667788534e-9, 0.2319961901078494, 0.2319962903639145, 0.23199614788165332, 5.533726414893375e-7, 4.237804749381455e-9, 0.23199618640859576, 5.567987950694528e-7, 7.844189549656737e-9, 0.23199616277121735, 0.23199614959163045, 2.6466266356268284e-9, 2.3441354462492078e-9, 5.650749282575755e-7, 1.2990834620453454e-8, 0.2319961481853135]
v_opt: [0.5903245161328436, 0.7680039090302406, 0.5898296271679443, 0.053822190296172044, 0.05382218214758765]
solution time: 0.01314401626586914
McCormick lower bound: -3.598545599704059

