x_opt: [0.4743428063825534, 0.25482427291913234, 0.865903816978981, 0.13409780139574415, 0.865902236277276, 0.1340945637005118, 0.8092470294776477, 0.8659055515613822, 0.86590223343516, 0.13409470254304642, 0.13409420264867725, 0.8092457258635004, 0.13409468344375142, 0.13409774547489153, 0.134094305739194, 0.25482445471104637, 0.13409775460830356, 1.8025356985519815e-8, 0.13409450353428992, 0.13409429168858125]
w_opt: [0.4743428033546948, 0.340245044091566, 3.771745959983564e-9, 2.1696635506340373e-9, 0.2835885345194317, 0.13409465857774464, 2.4159055152124086e-9, 5.983659154074859e-9, 0.13409775034214008, 1.2250479617852312e-8, 1.9736455246820367e-9, 0.12072809190717398, 0.12072657690129117, 0.2548242629112097, 0.13409469887189782, 0.1340977414217905, 1.0336203985165031e-8, 0.25482427140511676, 0.13409779356032797, 0.6751508478698548, 0.7318093718269036, 3.771277348582436e-8, 0.6751495592506324, 0.2548244389679219, 1.577082306223552e-6, 1.5605349839566387e-8, 0.13409450186005004, 3.516336168393979e-9, 4.072719438871449e-8, 1.331709455985766e-8, 0.1340977992597705, 0.13409779712300104, 0.13409469341434646, 1.7407328849162008e-9, 1.3079013222936876e-7, 0.13409775304454763, 1.7320936092652123e-9, 3.2366404135220495e-9, 0.8659022317207629, 1.1066646765832467e-8, 3.312294442187943e-9, 3.2456532559051308e-9, 4.059579920038617e-9, 0.13409766634765138, 1.3601572243890935e-9, 0.13409455551059007, 0.13409455307849621, 4.278346505492711e-9, 0.13409455902022158, 0.13409455836495307, 3.4931641943227282e-9, 0.13409456102570894, 2.813588807142727e-9, 1.2602444320266829e-8, 0.13409450160722325, 5.528903555189454e-9, 0.8092457239695009, 1.250530222218946e-7, 2.0359979808764563e-9, 2.920071113360029e-9, 7.262797330894435e-9, 0.8659022309074766, 2.9364032084326002e-9, 0.13409428494609874, 0.13409775251469852, 0.13409450094809203, 1.8042598367098596e-8, 2.6076839757985857e-9, 0.6751479634718128, 0.1340946771025926, 1.9158431406588752e-9, 3.8424811916032864e-9, 2.3577014046175284e-9, 3.1239883547822694e-9, 3.3247402408086824e-9, 1.3786119117255456e-9, 0.13409467863695998, 1.1525084603109117e-8, 0.1340944801524648, 0.13409419981986556, 3.5638815599190693e-9, 1.2873482640636945e-9, 2.0801919685318503e-9, 5.585865484169348e-9, 2.2017829388973088e-9, 0.1340943016842858, 0.13409464882997793, 0.13409428819329117, 0.13409771619161753, 2.7923546054674653e-9, 0.13409430197391667, 0.1340942959980404, 4.26647574515542e-9, 0.1340942831283313, 0.13409428904980863, 1.7752066317948415e-9, 2.5748690530374274e-9, 0.13409428406775614, 1.4862796784881369e-8, 0.13409428749618815]
v_opt: [0.8659055497686032, 0.8659038148031487, 0.7497873954936837, 0.017981417297567717, 0.01798133034718121]
solution time: 0.017313003540039062
McCormick lower bound: -4.05479576707091

