x_opt: [0.6300997724063843, 0.36990027881819143, 0.6300998055924948, 1.3449687570442706e-5, 0.6300997589522036, 0.1391783000896297, 0.8608443346882406, 0.3699005298637642, 0.36990041327538364, 0.3699002080669221, 0.2130809741479006, 0.6300995668401446, 0.3699002292178095, 0.13915567698154774, 0.3699001979535235, 0.3699003243458944, 1.3427698290304532e-5, 2.213794289779506e-8, 0.10365254027015837, 0.10365250625853085]
w_opt: [0.6300997625721689, 0.26019953491234543, 6.993587004410951e-9, 5.732579735321726e-9, 0.2601993433774311, 0.3699002120855678, 4.97882106855176e-9, 5.208074111042177e-8, 1.3418672180014841e-5, 1.3770745482900947e-8, 5.270777539641772e-9, 8.799974539123591e-8, 1.1983910818314429e-7, 0.36990024282251766, 0.3699002029440909, 0.13915566658348374, 2.229273316451406e-8, 0.3699002712685178, 1.3436452092098104e-5, 0.490944143543965, 3.3869109857142064e-7, 3.715300986465234e-8, 0.26019938915061686, 0.3699003041707191, 2.392575934471181e-8, 1.9368856828604978e-8, 0.10365253690831129, 2.2149758232956552e-8, 3.197711278001438e-9, 2.762319378475233e-8, 1.3443353337267024e-5, 1.3441871745637152e-5, 1.3409503806939343e-5, 3.295899529085111e-9, 2.0043813185154441e-7, 1.3422431189979414e-5, 4.77208458212944e-9, 7.503440528415885e-9, 0.3699004097999076, 3.259236708793786e-8, 1.0956901537978837e-8, 5.1776139283385885e-9, 1.6231360371398845e-8, 1.3360773517872443e-5, 3.145952649986685e-9, 0.1391782853965981, 0.1391782851196963, 8.320619286799327e-9, 0.1391782939674142, 0.1391556417773722, 7.568521079850818e-9, 0.13917829679303215, 4.504939936905065e-9, 1.3876396639905828e-8, 0.10365253618560624, 1.4855071033573609e-8, 0.6300995620557787, 0.23074473657288813, 1.799191068686215e-8, 2.0547864175061583e-8, 3.363101870177543e-8, 0.36990040915936145, 5.18246185962947e-9, 0.3699001868624212, 1.3419949096542272e-5, 0.10365253447505932, 6.61479852155767e-9, 3.2159381335685532e-9, 6.145520920703373e-9, 0.36990022476782797, 6.82521550269478e-9, 4.341423726246166e-9, 5.86199179277515e-9, 8.525556203595655e-9, 8.22384961683347e-9, 3.412584798463673e-9, 0.3699002038302717, 8.811907399231556e-9, 0.10365251281028323, 0.21308097055325814, 6.754764488871604e-9, 4.110997609177829e-9, 3.771671692108186e-9, 1.1720865182136293e-8, 4.399688250282625e-9, 0.36990019348914044, 0.3699000289557713, 0.10365249915305588, 1.3413994391385466e-5, 1.0449468625122696e-8, 0.36990019109303646, 1.3398258362280649e-5, 6.314736804866042e-9, 0.10365253435486436, 0.10365249840879238, 4.387544841285127e-9, 3.892081282553259e-9, 1.3406128308955352e-5, 1.820277433223935e-8, 0.10365249284534711]
v_opt: [0.3699005260537818, 0.630099800099238, 0.3970257275057117, 0.1368261772220249, 0.045403504893252816]
solution time: 0.013915061950683594
McCormick lower bound: -7.343731132219513

