x_opt: [0.6353512175788972, 0.3646487854967848, 0.6353512221912118, 6.945350692368871e-6, 0.6353512192745817, 0.15945584582027497, 0.8878537188584669, 0.364648808214882, 0.36464880042838854, 0.3646487796645376, 0.22867749749388475, 0.635351192397137, 0.364648782929212, 0.11214628848740679, 0.3646487772832561, 0.364648788614595, 6.9439805227837666e-6, 7.837315791995179e-9, 0.11214518892119728, 0.11214517060319595]
w_opt: [0.6353512157516109, 0.27070243721573306, 2.931240099279751e-9, 2.15594070592871e-9, 0.27070241162159064, 0.36464877724060574, 1.645038819580323e-9, 8.299072442608183e-9, 6.940104727891925e-6, 4.52387221724527e-9, 1.8390483121707795e-9, 9.422279862549528e-9, 1.6949400304589074e-8, 0.36464877415859454, 0.36464877760609754, 0.11214628444676358, 6.186913114266071e-9, 0.3646487830738431, 6.940547877864155e-6, 0.5232049422750548, 3.1671057865257696e-8, 6.4151264207597275e-9, 0.27070242047784737, 0.36464878005883333, 6.732010124084179e-9, 6.729390009922904e-9, 0.11214518753234362, 5.048758168858615e-9, 1.4348864992817602e-9, 7.322373698622737e-9, 6.94292561952668e-6, 6.942704228221977e-6, 6.935954631685239e-6, 1.1772474619286308e-9, 3.9712354442024506e-8, 6.942101150015625e-6, 1.7775199980884157e-9, 2.6896975221328857e-9, 0.364648798948778, 1.2648933432559548e-8, 4.723349888944433e-9, 1.6575278501477443e-9, 4.324921530014123e-9, 6.925230737247524e-6, 1.175326441633933e-9, 0.15945584075604366, 0.15945584007904814, 3.331404385177395e-9, 0.15945584306923033, 0.11214628297246007, 2.637832920451473e-9, 0.15945584453039383, 1.6126838038881437e-9, 4.6369503453226745e-9, 0.1121451874517909, 5.1779983318912135e-9, 0.6353511906672509, 0.2525026110858723, 9.329347401829788e-9, 4.420498750631905e-9, 5.648954082738567e-9, 0.36464879854052795, 2.0393018663137093e-9, 0.36464877274479585, 6.940864036640343e-6, 0.11214518614618806, 2.8828066513176314e-9, 1.153007771559952e-9, 2.0866931416083666e-9, 0.3646487813994479, 2.464021475021157e-9, 1.7297201063374688e-9, 2.059691266007743e-9, 2.368967807003109e-9, 2.6270447885888403e-9, 1.268422159184302e-9, 0.36464877769663967, 3.4169459825732362e-9, 0.1121451791149711, 0.22867749631898868, 2.4223421506356544e-9, 1.4894220996929686e-9, 1.3154674571103385e-9, 4.643474766914109e-9, 1.718681610460276e-9, 0.3646487756753385, 0.36464872772344337, 0.11214516741558973, 6.939647607940929e-6, 3.6754983754034055e-9, 0.3646487745459474, 6.935447660664411e-6, 2.4487848863934913e-9, 0.11214518649532965, 0.11214516914954455, 1.7439929935564219e-9, 1.4283284291009916e-9, 6.9392093473640655e-6, 6.1412707669841005e-9, 0.11214516826183307]
v_opt: [0.3646488064663032, 0.6353512194500757, 0.403671175935415, 0.13296873264434161, 0.052293670114771984]
solution time: 0.014609813690185547
McCormick lower bound: -8.60179022243668

