x_opt: [0.7018615214524485, 0.09187826355816082, 0.9081218630403707, 6.613524179080335e-7, 0.7018303614213973, 0.2981682446137387, 0.9081218530448082, 0.8583544408668222, 0.6018158252207786, 0.09187813260232848, 0.1416454944912324, 0.3981841747640878, 0.29816962508929046, 0.0918781427811723, 0.2981496072900326, 0.300915298534516, 6.556992852803766e-7, 2.0096900508678654e-8, 0.09182818677467669, 0.09182817419757591]
w_opt: [0.7018615173151586, 0.40369188483575935, 7.161190366330257e-9, 6.347383028625303e-9, 0.10004569878770041, 0.29816960411826304, 7.14548920199052e-9, 1.1163224964247387e-5, 6.495903821082929e-7, 1.3293682903170477e-8, 4.231187910066648e-9, 1.286557328748877e-7, 4.502945313439787e-8, 0.09187823369223226, 0.09187812823352878, 0.09187803845053223, 7.819147557400463e-8, 0.09187826038603047, 6.496759960493529e-7, 0.8162437196451356, 0.766476309274927, 1.3101419862496795e-8, 0.3063060579718388, 0.3009152830989945, 1.9543594429863228e-8, 1.7262385371351585e-8, 0.09182818329786381, 1.0478964619876895e-8, 2.383072894311784e-9, 2.655494508933151e-8, 6.551312110335676e-7, 6.553311665762578e-7, 6.179060570941298e-7, 4.4376142552747455e-9, 8.624376738882641e-8, 6.498277097647621e-7, 4.044901802388612e-9, 9.590591962077963e-9, 0.6018158233447929, 2.729023141718868e-8, 3.321766870672055e-9, 6.530708743743758e-9, 5.699733856463325e-9, 5.970408141351403e-7, 4.519507605576308e-9, 0.2981682310390875, 0.2981682186654949, 8.684633837000974e-9, 0.2981682384169098, 0.09187807549636344, 9.99287146217303e-9, 0.2981682414855164, 6.05952379566157e-9, 1.269512579707759e-8, 0.09182817980744962, 9.611966486602511e-9, 0.39818416837455994, 0.2062919345509818, 5.234983310179202e-9, 1.1203362217994531e-8, 2.178128565455734e-8, 0.6018158210024018, 7.110429650876035e-9, 0.2981495895861617, 6.495280367275292e-7, 0.09182818305475778, 4.270680174423886e-9, 3.984916702246805e-9, 2.1842589424150223e-8, 0.29816962124038243, 8.463812345611064e-9, 3.6978717049392194e-9, 6.284451255422971e-9, 2.2345229060864865e-8, 1.8506019776043576e-8, 4.571036303262776e-9, 0.09187812812138685, 7.958591103616585e-9, 0.09182815318282452, 0.14164548990136125, 6.922715378358937e-9, 4.895537808418787e-9, 8.610481497656652e-9, 7.346772764817031e-9, 3.58956486253921e-9, 0.2981496052639354, 0.2981694868869981, 0.09182816983607117, 6.232279892131991e-7, 6.218218909963002e-9, 0.29814960349927755, 6.097462227503132e-7, 5.9267503874921264e-9, 0.09182818246186636, 0.0918281696205685, 3.5603046890912708e-9, 4.125784648005487e-9, 6.331973106749725e-7, 1.6813042730685216e-8, 0.09182816680222426]
v_opt: [0.8583544386396076, 0.9081218596793641, 0.49256589049920374, 0.008441619378359569, 0.020063570443324814]
solution time: 0.01320505142211914
McCormick lower bound: -4.02162068526685

