x_opt: [0.6346089694732946, 0.36539103210816076, 0.6346089705552947, 0.032937364667133325, 0.6346089656613328, 0.19326833239410046, 0.9117562756288098, 0.3653910598534081, 0.36539105624327683, 0.365391029413777, 0.20393815247878502, 0.6346089416700723, 0.3653910359160147, 0.08824373425887652, 0.36539103170524784, 0.3653910352166897, 0.032937364630324525, 2.9141358149481024e-9, 0.08822314475169664, 0.08822313815222049]
w_opt: [0.6346089686834853, 0.26921793570405617, 1.0219504976671058e-9, 7.754280653043669e-10, 0.26921791171747866, 0.36539103397266665, 5.507508857382327e-10, 4.32282966790731e-9, 0.03293736327557124, 1.712081667345679e-9, 6.788899700860954e-10, 3.2036266995424353e-9, 4.153655485621053e-9, 0.36539102826557424, 0.3653910287775074, 0.08824373277423346, 2.1800508593303103e-9, 0.3653910314881658, 0.03293736295486492, 0.5463652466111335, 3.083883019332809e-8, 1.8115675448513436e-9, 0.26921791423775243, 0.3653910324349086, 2.4350489191856195e-9, 2.5408520459043304e-9, 0.0882231442854122, 1.7812403264102987e-9, 4.774105824278318e-10, 2.5522039714180717e-9, 0.03293736383084602, 0.03293736370384279, 0.03293736096566393, 4.155183532951812e-10, 2.3155276796768126e-8, 0.032937363846553325, 6.306473469376716e-10, 9.795664329770906e-10, 0.3653910557334165, 3.0349736870606456e-9, 2.386515368244061e-9, 5.960021620853708e-10, 1.444789297945705e-9, 0.03293735718854534, 4.054405563406686e-10, 0.19326833051168768, 0.1932683304734948, 1.0978020411833216e-9, 0.19326833143806274, 0.08824373224225758, 9.598133762734922e-10, 0.1932683319438771, 5.658887707810567e-10, 1.7362561312652967e-9, 0.088223144236795, 1.7644527694511088e-9, 0.6346089410482751, 0.2771473447509114, 1.0468029197808303e-8, 1.1237490830834832e-9, 1.3095998951463553e-9, 0.3653910553864403, 7.052123592095339e-10, 0.3653910297272436, 0.03293736351890317, 0.08822314380576213, 9.39994084276971e-10, 4.117449738420249e-10, 7.622267072734338e-10, 0.36539103549667745, 8.496072988490542e-10, 6.047927089065278e-10, 7.335868445423384e-10, 8.36973622914287e-10, 9.209486886403789e-10, 4.1924531127942897e-10, 0.3653910288901836, 1.1285381194034698e-9, 0.0882231414543896, 0.20393815209052477, 8.884260914135439e-10, 5.162837366986609e-10, 4.283283634158341e-10, 1.412653881465458e-9, 6.111389670235078e-10, 0.3653910311931311, 0.3653910160120785, 0.08822313704603049, 0.03293736311826313, 1.3114974626834166e-9, 0.36539103089285274, 0.03293736154606139, 8.395653985145888e-10, 0.08822314390385567, 0.08822313762843129, 6.14393327100213e-10, 5.088704053055363e-10, 0.032937362782112914, 2.323167248631365e-9, 0.08822313753221908]
v_opt: [0.3653910592733986, 0.6346089696047651, 0.4027285406307911, 0.1335106220611382, 0.041592022841295415]
solution time: 0.012600898742675781
McCormick lower bound: -9.25878917107903

