x_opt: [0.8203661011749619, 0.1796339166461257, 0.8203661107035489, 0.17963388901367025, 0.8203661008372024, 0.17963389352892142, 0.8203661030194919, 0.82036616753714, 0.5814114415840899, 0.17963389561606016, 0.15576301039951335, 0.7952613336526334, 0.17963389636413118, 0.17963389659237627, 0.17963385201538817, 0.21983283352031502, 0.17963388821749537, 8.74584805054351e-10, 0.17963380699232145, 0.17963379704009738]
w_opt: [0.8203661010280539, 0.6407322021119665, 2.2261964363152002e-10, 1.8231145908853325e-10, 0.6156274349595462, 0.17963389552567555, 1.8749097929463162e-10, 6.743241387755295e-10, 0.17963388792290794, 5.642021091761106e-10, 1.4799019979069279e-10, 2.7457010291785766e-8, 1.9445174131376447e-8, 0.17963391559762298, 0.17963389544473957, 0.17963389622410691, 1.1975870495784457e-9, 0.1796339165409829, 0.17963388848719342, 0.6407322138338477, 0.6407322784054887, 6.782310884857707e-9, 0.6156274452614272, 0.21983283270007176, 7.483380954807398e-10, 7.392641742066944e-10, 0.17963380686902045, 3.979775194857803e-10, 1.1579795932312965e-10, 1.2197031674657077e-9, 0.17963388882920528, 0.17963388879689624, 0.17963388749888343, 1.2467058713063834e-10, 5.978030337617756e-9, 0.17963388809949302, 1.3713372598728956e-10, 2.748672743998584e-10, 0.5814114414956603, 9.871265625586935e-10, 1.592669598662264e-10, 1.6197098520514591e-10, 2.532919814135522e-10, 0.17963388420701265, 1.1095675993285303e-10, 0.17963389295791057, 0.1796338927244554, 2.941589528615017e-10, 0.17963389323536444, 0.17963389292833132, 3.0726950002584997e-10, 0.17963389337857247, 1.8978816262479597e-10, 5.567901102316788e-10, 0.17963380684350883, 4.625687264905935e-10, 0.7952613335044741, 4.292958249942671e-8, 2.024764026017713e-10, 2.8714382496103926e-10, 6.033965512173075e-10, 0.5814114414329773, 1.6091147070580276e-10, 0.17963385135839186, 0.17963388802913996, 0.17963380681034252, 5.394672806841159e-10, 1.4511994074860688e-10, 0.3766727772704746, 0.179633896190482, 1.8283737485568816e-10, 1.493042970594718e-10, 1.9692149557732814e-10, 3.206481294427415e-10, 3.409950806737452e-10, 1.0735717204031288e-10, 0.17963389537336857, 4.121925657351044e-10, 0.17963380521818903, 0.15576301024781503, 2.558080976619897e-10, 1.1392770454767557e-10, 1.5404102546637553e-10, 3.289991686510349e-10, 1.4314956994170384e-10, 0.17963385186810857, 0.1796338875792158, 0.17963379683198874, 0.17963388739852001, 2.5281042236224036e-10, 0.17963385180993444, 0.17963385105958624, 2.431269265197413e-10, 0.17963380671641405, 0.1796337968871254, 1.318673295367964e-10, 1.5341018446221606e-10, 0.17963379627309253, 7.054059069460944e-10, 0.17963379678982763]
v_opt: [0.8203661674130847, 0.8203661105478905, 0.6730005488693983, 0.032268337699057126, 0.024262215565825935]
solution time: 0.014436960220336914
McCormick lower bound: -4.551929823780404

