x_opt: [0.6158874024032, 0.2691898043462749, 0.8938345372198625, 0.10616547612441685, 0.7365851384742534, 0.2634126359256767, 0.7365851227435534, 0.8938344803367158, 0.6158884448275465, 0.10616546933832252, 0.10616551000720086, 0.38411270470829406, 0.2634126374741824, 0.26341483036187113, 0.10616544790665747, 0.26918983586875017, 0.10616547467666416, 3.983749489227788e-9, 0.10616544848818035, 0.10616544615651932]
w_opt: [0.6158874017212722, 0.3524725412529759, 1.026206239853868e-9, 6.333266512116034e-10, 1.0769411430366753e-7, 0.26341263191902653, 9.264648423613159e-10, 2.5446192025358165e-9, 0.10616547326881802, 2.5631513361660286e-9, 4.741599019981552e-10, 0.16302434221562898, 0.005774948377786846, 0.26918980017855865, 0.10616546849421604, 0.2634148293521868, 4.7481138181119835e-9, 0.2691898037166575, 0.10616547299161014, 0.6304196604293295, 0.7876690188418312, 8.030770865097183e-9, 0.2779472467531637, 0.2691898290258891, 1.5426065402816675e-8, 3.0350142157506984e-9, 0.10616544785147325, 1.5979522550087682e-9, 8.812519782812487e-10, 9.983092671534054e-9, 0.1061654752372411, 0.10616547520431847, 0.10616546216289305, 5.291441420716754e-10, 5.009564936218869e-8, 0.10616547416578744, 5.840275371646435e-10, 1.0233804462135857e-9, 0.6158884444672664, 1.034860994205434e-8, 9.635331333795134e-10, 6.22545560947373e-10, 1.0735595874835584e-9, 0.10616544894227511, 4.700642294293103e-10, 0.2634126342844394, 0.2634126314536095, 1.8180585022393274e-9, 0.2634126325700716, 0.26341263300844403, 9.676253664171376e-10, 0.2634126352807772, 8.269133086710285e-10, 2.6325853845395093e-9, 0.10616544784855267, 1.8908275743533162e-9, 0.3841127041823729, 2.547488476473637e-7, 7.514444795993726e-10, 1.1039713933515477e-9, 3.610931359008727e-9, 0.615888443853794, 9.447273408847255e-10, 0.10616544400581206, 0.10616547391042835, 0.10616544766132022, 2.2030631842367336e-9, 5.351792527473079e-10, 1.152189517780306e-6, 0.26341263645286966, 7.739222333557298e-10, 6.619957344775727e-10, 7.848299045231895e-10, 1.1126335375434106e-9, 1.3973199612235913e-9, 4.455275596240912e-10, 0.10616546858210921, 3.6502492140048192e-9, 0.1061654405230215, 0.10616550918915509, 1.019847320876991e-9, 4.6141376863694036e-10, 6.868646039093727e-10, 1.504597319824083e-9, 5.712985833432475e-10, 0.10616544720040128, 0.2634126222513278, 0.10616544527084237, 0.10616547045774456, 9.006962098203627e-10, 0.10616544661543406, 0.10616544290071993, 1.4843033455895244e-9, 0.10616544479367818, 0.10616544546536193, 5.460050797189049e-10, 6.354065835179425e-10, 0.10616544346590279, 3.0607561338585407e-9, 0.10616544497531619]
v_opt: [0.8938344796551756, 0.8938345366161804, 0.542557806479616, 0.011271135134657323, 0.011271116550425479]
solution time: 0.015931129455566406
McCormick lower bound: -3.4486842893231877

