x_opt: [0.6353507288851359, 0.3646492068811201, 0.6353508427109376, 2.5268821704494177e-6, 0.635350790135219, 0.15944885159793865, 0.8878474035243596, 0.36464963550842044, 0.36464928689508225, 0.3646491825182424, 0.2286793225376798, 0.6353507001705653, 0.364649208968263, 0.1121528418939188, 0.364649130260492, 0.364649211819726, 2.526058785405325e-6, 2.4848390046235714e-8, 0.11214744541403243, 0.11214744276371534]
w_opt: [0.6353507205122776, 0.2707015237819514, 8.515747335485362e-9, 7.4176236710110996e-9, 0.27070143409117886, 0.3646491914847349, 5.584891828763004e-9, 3.977310366198179e-8, 2.5139807220695585e-6, 1.4629131309443943e-8, 6.581329820894755e-9, 5.4049561343260135e-8, 6.721121640342082e-8, 0.3646491615946804, 0.3646491682683625, 0.11215282789587562, 2.2316998237832975e-8, 0.3646491810166164, 2.510571738921853e-6, 0.5231982503514754, 4.82500650513255e-7, 2.964194955521609e-8, 0.2707015618571951, 0.36464918789563394, 2.454940559121431e-8, 2.1436692547799953e-8, 0.11214744098994202, 1.9888683424118226e-8, 4.2209199317188505e-9, 2.7732501711564232e-8, 2.518428841804229e-6, 2.5178664762354337e-6, 2.4831951014200387e-6, 3.945275064385017e-9, 1.5514124355536457e-7, 2.517113290676265e-6, 5.911212050255445e-9, 9.612072004779744e-9, 0.3646492820639695, 3.376036971636331e-8, 9.94916641453394e-9, 5.959795955728291e-9, 1.0936308032161277e-8, 2.457107644781222e-6, 3.966225852384997e-9, 0.15944883359253353, 0.15944883199477258, 1.018792677594815e-8, 0.1594488432347694, 0.11215281788926236, 9.053835199957963e-9, 0.1594488474911649, 5.3655784751343514e-9, 1.4726635842098844e-8, 0.11214744045557343, 1.8924300941534184e-8, 0.6353506941581404, 0.2524974682627487, 2.50310601189855e-7, 1.1987797018665012e-8, 1.373840507641394e-8, 0.36464928037500594, 6.636852245218448e-9, 0.3646491039489701, 2.51524351947191e-6, 0.11214743701527698, 8.67388319999614e-9, 3.7893361304356785e-9, 7.228014948211339e-9, 0.36464920496620074, 8.557031386217836e-9, 5.4578841177467624e-9, 6.9437837111531985e-9, 9.033485402264587e-9, 9.327784057680985e-9, 4.001891362540709e-9, 0.36464917756689263, 9.995220617314537e-9, 0.1121474108340668, 0.22867931892276808, 7.964407522294066e-9, 5.215719634346665e-9, 4.246718321936353e-9, 1.3445369283243252e-8, 5.46273691113105e-9, 0.3646491260269755, 0.3646489960160383, 0.11214743281265932, 2.512759051378486e-6, 1.3805827681988994e-8, 0.36464912066297006, 2.4945336980073307e-6, 7.606892108707906e-9, 0.11214743812314701, 0.1121474364715082, 5.65603081561908e-9, 4.6159460134912785e-9, 2.5095060983599087e-6, 1.982519190392914e-8, 0.11214742200529051]
v_opt: [0.364649630228311, 0.6353508344815488, 0.4036707234107409, 0.13296902892466217, 0.05229439435966987]
solution time: 0.011895179748535156
McCormick lower bound: -8.699943763315927

