x_opt: [0.30616086481370897, 0.11214286325872216, 0.8975750738510001, 0.11214285360287218, 0.887857147281845, 0.10242497334232538, 0.7408348483636278, 0.8878571623689024, 0.8878571466109582, 0.10242492404412475, 0.11214283295848881, 0.7408348379158088, 0.10242497263177489, 0.1121428509025562, 0.10242489894307286, 0.346284497730521, 0.1121428480189062, 5.916234503903156e-9, 0.10242490373967608, 0.10242489864307676]
w_opt: [0.30616086344990595, 0.19401801283479794, 1.8385690985111898e-9, 1.1557293345174697e-9, 0.0469957038935292, 0.10242496230284065, 1.4695606871043534e-9, 3.4603078514454507e-9, 0.11214284570629764, 3.405651697991914e-9, 9.687102569731406e-10, 0.009717938202932241, 2.348992110762243e-8, 0.11214285808390198, 0.10242492212738412, 0.11214284845601648, 4.32000590508889e-9, 0.1121428624186371, 0.11214284960185326, 0.6384099230078881, 0.7854322382822551, 5.795050500079255e-9, 0.6384099178326721, 0.3462844909302246, 0.00971792456879248, 4.472704249696182e-9, 0.10242490273595313, 2.0712327351980063e-9, 2.831840583152555e-9, 5.3660511905266905e-9, 0.11214285232110818, 0.11214285169450593, 0.102424919037778, 9.822485056528323e-10, 2.2651276698920532e-8, 0.11214284705726942, 9.39891339716224e-10, 1.7620248102960204e-9, 0.8878571456606266, 6.310346642555911e-9, 1.6797109485841105e-9, 1.62927750522371e-9, 2.0132616042015517e-9, 0.11214282475308655, 7.945635771406021e-10, 0.10242496999573568, 0.10242496835328588, 2.524518735741728e-9, 0.10242496891935067, 0.1024249705607831, 1.5807321213844569e-9, 0.10242497186301261, 1.5222126917248673e-9, 3.4662091019162614e-9, 0.10242490263862844, 2.2533274732766868e-9, 0.7408348367719368, 7.024301549839138e-8, 1.1512187746389304e-9, 1.57997919395347e-9, 4.4993351436559974e-9, 0.8878571449150475, 1.5200644370796072e-9, 0.1024248924387494, 0.11214284683019417, 0.10242490240694428, 2.080548544824784e-9, 1.3696022176024355e-9, 0.6286919867037166, 0.10242496993523915, 1.1168485291685877e-9, 1.5347866068554413e-9, 1.2563797103700954e-9, 1.8086451861770403e-9, 1.8230063619279167e-9, 7.938177037370921e-10, 0.10242492229031035, 4.503038641687547e-9, 0.10242488949950067, 0.112142831058604, 1.5319409628563226e-9, 7.440669055187511e-10, 1.2806616017806366e-9, 2.7927530932907245e-9, 1.0466061519706904e-9, 0.10242489697976319, 0.10242495835306271, 0.1024248969151812, 0.11214283507021337, 1.4089392684933308e-9, 0.10242489681892131, 0.10242489351884561, 1.886399534637617e-9, 0.10242489462799416, 0.10242489670847661, 9.461188431153994e-10, 1.228453025811089e-9, 0.10242489481399794, 4.144501459728841e-9, 0.10242489751529427]
v_opt: [0.8878571613443755, 0.8975750727097663, 0.7882907819501948, 0.010491837354773938, 0.012576214962955827]
solution time: 0.01635003089904785
McCormick lower bound: -3.665655808851532

