x_opt: [0.6353515173342227, 0.36464850694651096, 0.6353515151581786, 9.77495336745092e-7, 0.6353515144978933, 0.1594504114167999, 0.887850185774081, 0.3646485195934876, 0.3646485146913825, 0.36464848094541785, 0.2286823490556853, 0.6353513816148675, 0.3646484889209415, 0.11214983736183456, 0.36464848106637704, 0.3646485175330108, 9.76126367406826e-7, 1.0287959633465424e-8, 0.11214976680988323, 0.11214974646336268]
w_opt: [0.63535151303644, 0.27070303324942235, 2.9657373457673992e-9, 2.0801876710194143e-9, 0.2707029003866131, 0.36464848305614117, 1.7803373016396672e-9, 2.2835781670317e-8, 9.718422320070656e-7, 6.586907488623355e-9, 2.043299554763739e-9, 2.3606635563943638e-8, 4.6954288137807096e-8, 0.3646484843536592, 0.3646484794161332, 0.11214983341684534, 1.1528419201454379e-8, 0.364648505064395, 9.717028542132405e-7, 0.5232017020995122, 3.586471425042154e-8, 4.034756343039831e-9, 0.27070290460750224, 0.3646485069087159, 1.06535013666479e-8, 9.313615967697667e-9, 0.11214976554389285, 7.433512498559294e-9, 1.3006442916086666e-9, 1.4536425729905997e-8, 9.749311762519857e-7, 9.749974500912803e-7, 9.643135279363194e-7, 1.1224120837702754e-9, 8.223019372149629e-8, 9.742303509223317e-7, 1.9248839277862476e-9, 3.0117351724335864e-9, 0.36464851327442965, 2.6175815068474884e-8, 8.188780936545845e-9, 1.8614223592322992e-9, 7.4140902126031505e-9, 9.44070535444181e-7, 1.1288245543423864e-9, 0.1594504053042662, 0.15945040485134557, 3.479282951803953e-9, 0.15945040891839782, 0.11214982784194828, 3.1290109186158713e-9, 0.15945041038326488, 1.6574672761097646e-9, 6.934430382502767e-9, 0.11214976553393147, 9.22130739183485e-9, 0.6353513800139295, 0.2524990342948029, 2.5751301475778072e-8, 6.399470428117174e-9, 1.1821629117479912e-8, 0.36464851291341527, 2.125527492593764e-9, 0.3646484769997022, 9.727666079917035e-7, 0.11214976397516016, 3.274664791916229e-9, 1.0477356089484388e-9, 1.781288689774048e-9, 0.3646484877440901, 2.788861067722969e-9, 1.7093045264409524e-9, 2.3889890625625902e-9, 2.8374111500543445e-9, 3.3479768099209434e-9, 1.1997744146503266e-9, 0.3646484790392752, 3.801413852367678e-9, 0.11214975635061933, 0.22868234813379468, 3.3569242490742837e-9, 1.5446394268378675e-9, 1.2329232386497135e-9, 5.300596612169365e-9, 1.78431805376674e-9, 0.36464847965686487, 0.36464838515831344, 0.11214974353653742, 9.713369272122463e-7, 5.219057281479276e-9, 0.36464847870667577, 9.63987368776594e-7, 2.978668322044603e-9, 0.11214976489453678, 0.11214974409266833, 1.8666200715405854e-9, 1.4112764602517438e-9, 9.697840421386643e-7, 8.834550853917838e-9, 0.11214974272492778]
v_opt: [0.36464851797143577, 0.6353515129250026, 0.4036715699412479, 0.13296851836159476, 0.05229562992236482]
solution time: 0.012346029281616211
McCormick lower bound: -8.483507858813091

