x_opt: [0.6666754810763567, 0.33342287825734646, 0.6666754838976702, 3.032447379208394e-7, 0.6666754865859226, 0.1422368023567784, 0.8577632170366681, 0.41354685261439855, 0.3415470833688187, 0.33332450980740597, 0.29635298196619253, 0.6584528951620324, 0.3333245141547624, 0.1422367809249372, 0.33332450943985753, 0.33342291171367516, 2.991209723231811e-7, 8.840915891359228e-9, 0.1422367890117696, 0.1422367260411669]
w_opt: [0.6666754789928669, 0.3333509686171361, 2.4555382368145035e-9, 2.0147140609143504e-9, 0.3251283777920722, 0.3333245077953256, 2.1481751897154633e-9, 8.99078422799327e-9, 2.9524218183794096e-7, 5.248711120603329e-9, 1.4526580168680571e-9, 9.836357066697631e-5, 9.83738657799548e-5, 0.3334228663999589, 0.3333245082299195, 0.14223677757293832, 7.001439652744482e-9, 0.333422876187184, 2.979689847213972e-7, 0.5244387019834836, 0.08022233805833547, 3.72206636365771e-9, 0.3251283849985563, 0.3334229022829478, 6.425825810043066e-9, 7.334771992069063e-9, 0.1422367872742852, 4.725820476415375e-9, 1.6407410811493066e-9, 8.929891725377353e-9, 3.001666686258792e-7, 3.0086972528756396e-7, 2.9241927000018885e-7, 1.2795833178591504e-9, 3.390976056247486e-8, 2.973062915990643e-7, 1.930122887116806e-9, 2.7370222353692483e-9, 0.34154708183303106, 1.6978688175249892e-8, 3.975001769455729e-9, 1.619837540030923e-9, 4.255983159627087e-9, 2.8034184211833923e-7, 1.369051057977045e-9, 0.1422367983275748, 0.1422367948790618, 4.112562834606879e-9, 0.1422367998956324, 0.14223677436190624, 2.34905942250072e-9, 0.14223680098552444, 1.72606763869855e-9, 5.407177028013419e-9, 0.142236787130582, 4.511619718032486e-9, 0.6584528934783431, 0.19108789583270833, 2.8669126573280712e-9, 1.3452594769248057e-8, 9.730989989251873e-9, 0.3415470813429892, 2.1173751330673656e-9, 0.3333245046817938, 2.958475407577909e-7, 0.1422367863661508, 3.132078481794025e-9, 1.0933114616110981e-9, 1.8547549219624221e-9, 0.33332451280495173, 2.930548293169005e-9, 1.7099432104932654e-9, 2.3068302414438556e-9, 2.690475054711101e-9, 3.002753460124236e-9, 1.3003993202243883e-9, 0.3333245077696132, 3.6838743910207487e-9, 0.14223677719755365, 0.2963529804076717, 2.500645247363739e-9, 1.6761462095823908e-9, 1.4713747383868893e-9, 3.532656487406261e-9, 1.6244646235545213e-9, 0.33332450778159123, 0.3333244855648309, 0.1422367232802929, 2.933054684356892e-7, 3.0993256408992544e-9, 0.3333245068291949, 2.896448450999717e-7, 3.079254134678135e-9, 0.14223678675101423, 0.14223672462224293, 1.6671620661582095e-9, 1.4480918936522833e-9, 2.946810735759496e-7, 6.8273629240126234e-9, 0.14223672387822667]
v_opt: [0.41354685050179896, 0.6666754814303693, 0.4444564969315896, 0.11110524027365874, 0.08782517003074287]
solution time: 0.01598501205444336
McCormick lower bound: -5.636407223520319

