x_opt: [0.7225805850451896, 0.2774194119460491, 0.7225805893993995, 2.9199491629342333e-8, 0.6800778065574662, 0.15920273829839696, 0.8407972686885647, 0.5181373368921354, 0.38854979384594235, 0.27741941035206186, 0.2480500883128369, 0.6114502048909367, 0.31992219268987543, 0.15920273147105035, 0.3199221915496256, 0.3199221923827699, 2.905694364903169e-8, 1.7363513369027615e-9, 0.1592027101035153, 0.15920270881654192]
w_opt: [0.7225805847907137, 0.4026583918403527, 4.754626641779811e-10, 5.668313941643279e-10, 0.3340307902175522, 0.3199221912776733, 4.793870229861422e-10, 0.04250277897480988, 2.8390515933996675e-8, 1.0673920147355888e-9, 3.489031954540479e-10, 1.5770447975710363e-9, 1.9810795101085907e-9, 0.2774194095895616, 0.2774194099868903, 0.15920273060882326, 3.768384943340826e-9, 0.2774194116357037, 2.8209620142181214e-8, 0.5633778584610295, 0.2407179266447183, 9.243798883159175e-10, 0.3340307956354743, 0.31992219113411546, 1.4740964765771433e-9, 1.4258907025834329e-9, 0.15920270972010928, 1.0033273140067958e-9, 2.3112115624214838e-10, 1.5052369717588217e-9, 2.84995153375707e-8, 2.8745585157762495e-8, 2.574515893883876e-8, 3.5883184208658503e-10, 4.842156246019536e-9, 2.8498626807927305e-8, 4.355823900913993e-10, 8.344001881815557e-10, 0.38854979351469343, 1.4944220178232794e-9, 3.09203972974739e-10, 5.221372719743305e-10, 6.7015104075599e-10, 2.5502331654377628e-8, 3.8662327577226726e-10, 0.15920273716203545, 0.15920273665839166, 6.683992136038368e-10, 0.15920273787140785, 0.15920272985979064, 7.020038990669451e-10, 0.15920273794412426, 4.316700469393499e-10, 1.0097268163592364e-9, 0.15920270946060647, 7.334418470787671e-10, 0.6114502043152864, 0.16071948048403684, 6.104856849407413e-10, 9.729343665469355e-10, 1.5021421815619636e-9, 0.3885497934645702, 4.6555420863412117e-10, 0.3199221904490163, 2.8280328475705467e-8, 0.15920270966360694, 4.0835122215591247e-10, 2.926084113859821e-10, 5.653700881946066e-10, 0.3199221924145015, 8.944821015339645e-10, 3.382886753487477e-10, 5.986806032401591e-10, 1.322016588029597e-9, 1.208082388191894e-9, 3.8855966656156997e-10, 0.2774194099660994, 5.332075581811013e-10, 0.15920270658382904, 0.2480500883313016, 5.485771597842278e-10, 4.735326476204807e-10, 5.66701019311467e-10, 6.617445025778083e-10, 3.315509955923905e-10, 0.31992219124774546, 0.31992217889390095, 0.15920270836302036, 2.7659890573638183e-8, 6.690678001317758e-10, 0.31992219094881463, 2.621315628299946e-8, 5.301551602083231e-10, 0.1592027096477033, 0.1592027082789023, 3.3210859383762683e-10, 3.47677244287186e-10, 2.822378514485337e-8, 1.3579529323939524e-9, 0.1592027083854986]
v_opt: [0.5181373365716044, 0.7225805889870129, 0.4625058531285136, 0.07696152997521638, 0.061528851414627675]
solution time: 0.017013072967529297
McCormick lower bound: -5.095952481604211

