x_opt: [0.6648173554104925, 0.33518264794896707, 0.6648173556606883, 0.022751617773554028, 0.6648173557453606, 0.14705544693894737, 0.8529445648897688, 0.38914162438056077, 0.33518264727551506, 0.3351826440981311, 0.2479330663641149, 0.664817352432205, 0.33518264425541855, 0.1470554351964383, 0.3351826437788355, 0.33518265042010825, 0.022751617632141712, 6.038647833453668e-10, 0.1470553981828273, 0.11736991695103341]
w_opt: [0.6648173552630023, 0.3296347112530652, 1.8689968711927229e-10, 1.5259782259518185e-10, 0.329634707953162, 0.3351826438027164, 1.3145142504498874e-10, 6.500367464257296e-10, 0.022751617372291304, 3.5823880958313123e-10, 1.1859192548515331e-10, 3.70660673671103e-9, 4.467383077830545e-9, 0.33518264716706997, 0.335182643977942, 0.14705543492721915, 5.274877091997046e-10, 0.3351826478298568, 0.0227516174180174, 0.5177619206427093, 0.053958980143424845, 3.402698326038053e-10, 0.32963470853554755, 0.33518264985418217, 4.5133487792506185e-10, 5.121128891947344e-10, 0.14705539807555065, 3.227362238707724e-10, 9.838369952410993e-11, 5.693025180838048e-10, 0.022751617590186252, 0.022751617596177196, 0.022751617026901802, 9.227742289029531e-11, 3.104104772799912e-9, 0.022751617492599713, 1.297047454933508e-10, 2.0732631774523396e-10, 0.3351826471765791, 1.0198803393657951e-9, 2.2521258231871858e-10, 1.2486202437325243e-10, 2.8277009324051607e-10, 0.02275161612929849, 9.187363777704526e-11, 0.1470554465877543, 0.14705544648241542, 2.4166565716620966e-10, 0.14705544676066512, 0.1470554347719099, 1.890719973764733e-10, 0.14705544683780108, 1.2493838960441395e-10, 3.614999288528584e-10, 0.14705539806106868, 3.111576551649456e-10, 0.6648173523026903, 0.18812721772586, 2.7091446473468036e-10, 3.1108064497096886e-10, 4.402945769056208e-10, 0.335182647154095, 1.4492141657031073e-10, 0.335182643448919, 0.02275161741936908, 0.14705539800751877, 1.8684840097571406e-10, 8.741011056549798e-11, 1.873645555495579e-10, 0.33518264415474097, 1.8516447605763353e-10, 1.2103769308081814e-10, 1.5872185646857867e-10, 1.9949857083492594e-10, 2.1515432121595864e-10, 9.62724204484313e-11, 0.3351826439331917, 2.3793229309800014e-10, 0.1470553973524458, 0.24793306623922023, 1.779794447009727e-10, 1.1062240441855287e-10, 1.107963284628677e-10, 2.9156333958590115e-10, 1.1837733362641818e-10, 0.3351826436650023, 0.33518264103687506, 0.11736991675659324, 0.022751617259346227, 2.274071641618144e-10, 0.3351826436068767, 0.022751616956604118, 1.870277267665563e-10, 0.1470553980098607, 0.11736991683862813, 1.170134949003948e-10, 1.0763363189614303e-10, 0.02275161729052274, 4.740988795837811e-10, 0.11736991681349287]
v_opt: [0.3891416242594308, 0.6648173554976431, 0.44198481691548996, 0.11234749485667596, 0.061470811942465765]
solution time: 0.015478134155273438
McCormick lower bound: -6.277317262777064

