x_opt: [0.6554941129513109, 0.34876624434478126, 0.655494097542115, 5.603903428358797e-7, 0.6554940903915297, 0.13759936923242203, 0.8624007946628488, 0.38626358300321884, 0.3445062063710225, 0.34450584156994557, 0.2713650585391175, 0.6554937655168978, 0.34450586611249695, 0.13759919470389226, 0.3445058607728113, 0.3487664107834143, 5.474392372370235e-7, 2.630939308298265e-8, 0.13759922944761066, 0.1375985921552951]
w_opt: [0.6554940902460921, 0.3109882069976984, 6.80019649061639e-9, 4.583906941251889e-9, 0.31098788253750104, 0.3445058469539271, 5.298139760198174e-9, 3.249777524939973e-8, 5.372095116343709e-7, 1.62822461538817e-8, 4.431972642426078e-9, 0.004260345290811378, 0.004260352705446463, 0.3487662045982672, 0.3445058382537273, 0.13759918661098028, 1.7498186007906737e-8, 0.348766240493169, 5.461452680362819e-7, 0.5178948951693695, 0.04175768402605217, 1.0130717485591183e-8, 0.3109878800701689, 0.3487663806073468, 1.8691281311796645e-8, 2.307550528258617e-8, 0.13759922575554376, 2.2541542503606507e-8, 4.266059927562787e-9, 3.0758475968163866e-8, 5.534968155334248e-7, 5.529497947971446e-7, 5.260745410510428e-7, 2.955727553303053e-9, 1.491085726728954e-7, 5.429041560762979e-7, 4.697700457458921e-9, 6.387156448203857e-9, 0.34450620283834255, 3.893880354652636e-8, 8.046094167529897e-9, 4.1466521470938546e-9, 1.1283357425377134e-8, 4.884298257418928e-7, 3.0540477329482506e-9, 0.13759935863647446, 0.13759934871731905, 1.0885756915277555e-8, 0.13759936296283715, 0.1375991697537927, 6.212713040552657e-9, 0.13759936620016683, 4.266286226904038e-9, 1.708057427162672e-8, 0.13759922577957331, 1.4590487931668155e-8, 0.655493761462251, 0.20690692282238055, 8.558152207905599e-9, 5.379869241859869e-8, 1.103142793623792e-8, 0.34450620142609484, 5.232192562852181e-9, 0.3445058504859923, 5.397705469823676e-7, 0.1375992230340255, 9.697825190253247e-9, 2.7735944685770136e-9, 4.780758620987492e-9, 0.34450586322982485, 6.623854388007178e-9, 4.364108904455885e-9, 5.6382560973523184e-9, 6.411789412697474e-9, 7.193803542128481e-9, 3.0444936838702966e-9, 0.3445058381130261, 1.1630307883218745e-8, 0.13759919922974512, 0.27136505530527, 7.500449337485622e-9, 3.807104448406132e-9, 3.275943445212555e-9, 9.785851656235263e-9, 4.309171025180371e-9, 0.3445058565277322, 0.34450583198426077, 0.13759858426558377, 5.312434772706263e-7, 8.561772082605116e-9, 0.3445058554432286, 5.195886856368261e-7, 8.332259496286687e-9, 0.1375992242730372, 0.13759858637982597, 4.422868049568669e-9, 3.6265169237391603e-9, 5.296439794097534e-7, 2.1602270300665366e-8, 0.1375985788941363]
v_opt: [0.38626357802887074, 0.6554940919684442, 0.4296726477457757, 0.11868431651847067, 0.0736390575041414]
solution time: 0.0166170597076416
McCormick lower bound: -6.25383351491332

