x_opt: [0.6556300035276984, 0.3443723269778619, 0.6556300079000388, 6.939442953032112e-8, 0.6556299729695167, 0.14141517735156614, 0.8663482010778967, 0.3928846406081939, 0.3443700088094013, 0.3443699852727278, 0.2793508319920675, 0.6556299857193463, 0.3443700054872645, 0.13365180139439906, 0.3443699774721444, 0.34437373552981276, 6.650199467113592e-8, 8.20545607035633e-9, 0.13365157939745, 0.13364998904326583]
w_opt: [0.6556300016507718, 0.31125997773665587, 2.1685304205885853e-9, 1.7431593306768307e-9, 0.3112599904976322, 0.34437000047683197, 1.7712665894471395e-9, 9.205645901025361e-9, 6.361538070266466e-8, 5.084812728109338e-9, 1.2934302382456537e-9, 2.3357963916351712e-6, 2.307075423213075e-6, 0.34437231446397454, 0.34436998417515646, 0.13365179814865205, 6.404669786404288e-9, 0.34437232580231397, 6.582212494261688e-8, 0.5219782100789823, 0.04851464955940215, 9.786999302378748e-9, 0.3112599989289054, 0.3443737287394777, 5.119664835190825e-9, 7.03832669330886e-9, 0.13365157794450624, 4.423928220803269e-9, 1.1635124363336038e-9, 5.5309496409541444e-9, 6.688878932576806e-8, 6.760221760562336e-8, 6.18948886158068e-8, 1.0703811618689108e-9, 1.9146421262986892e-8, 6.457282834519419e-8, 1.6556214237813038e-9, 2.2845558330894853e-9, 0.3443700074058728, 7.78612421846617e-9, 1.1669790500467065e-9, 1.50539611289269e-9, 3.083951575730634e-9, 5.633939406353442e-8, 1.2543346857485697e-9, 0.14141517356271957, 0.14141516255243272, 3.249749549194215e-9, 0.1414151752799541, 0.1336517924600541, 2.1940963475432866e-9, 0.14141517620346636, 1.4062072097122446e-9, 5.167027530997756e-9, 0.1336515780639936, 3.7606019241093835e-9, 0.655629984129046, 0.21071834689061256, 6.065284792539923e-9, 1.0776849847094092e-8, 9.126432110572108e-9, 0.34437000726442746, 1.8150859889961827e-9, 0.3443699740962615, 6.362045854774148e-8, 0.1336515772049002, 2.2892620908175746e-9, 9.238055249950536e-10, 2.0039457251670696e-9, 0.34437000403933954, 2.8690302956358336e-9, 1.3622510832842828e-9, 2.1547051331528352e-9, 2.564393883902563e-9, 2.7460381618744507e-9, 1.2992451881775204e-9, 0.34436998410628317, 2.7037793826245432e-9, 0.1336515696589431, 0.27935083077274814, 2.2821533407996756e-9, 1.560227468376753e-9, 1.6244597160908246e-9, 3.738996790793523e-9, 1.403353907976676e-9, 0.3443699763371528, 0.34436998639127187, 0.13364998678412046, 6.2441176167687e-8, 2.9382159903594538e-9, 0.3443699758207653, 5.946012967028991e-8, 2.5793509903958265e-9, 0.13365157759480195, 0.13364998772606637, 1.381617304050198e-9, 1.2446293388890808e-9, 5.879047706651776e-8, 6.617176079165726e-9, 0.13364998474122453]
v_opt: [0.3928846389513915, 0.6556300058327202, 0.42985069134923415, 0.11859073259305472, 0.07803735272272308]
solution time: 0.035516977310180664
McCormick lower bound: -6.291777936064546

