x_opt: [0.8034593213827302, 0.19654096334216375, 0.8034594151199785, 0.19654018535675882, 0.8034589196165682, 0.19653996493075776, 0.8034597939237977, 0.8875769200298346, 0.6466313595433737, 0.19654064858914594, 0.11242042494305658, 0.7729591805189686, 0.19654079722477025, 0.19654020558934185, 0.1965405392591095, 0.19654357277504683, 0.19654016818862266, 3.2140421364953106e-8, 0.11242279415320189, 0.1124226271931352]
w_opt: [0.803459304870813, 0.6069182435317068, 1.6558121638294804e-8, 9.283568885886203e-9, 0.576418509222139, 0.196540762939602, 1.0383635155308224e-8, 9.882912279960184e-8, 0.1965401607457718, 2.3044887182681838e-8, 1.0612613938446082e-8, 3.81075721102103e-7, 1.503291201605922e-7, 0.1965409052689176, 0.1965406388265783, 0.19654019111096135, 1.0244476600595468e-7, 0.19654095989460674, 0.19654016611470979, 0.6069192122277304, 0.6910363417875268, 9.904425299984302e-8, 0.576418639632586, 0.19654354799187373, 2.2995622066526002e-8, 2.9764261682342606e-8, 0.11242279171802122, 1.5492202636537195e-8, 3.428095975031269e-9, 6.091610057603585e-8, 0.19654018060424736, 0.1965401703372681, 0.19654004616502146, 4.198172777377018e-9, 3.5895331676566604e-7, 0.19654016448906522, 4.258503100168034e-9, 1.1581232965283218e-8, 0.6466313580866255, 4.672588410670349e-8, 7.094045062903845e-9, 8.032810616367852e-9, 9.727601856444702e-9, 0.19653997708888182, 3.793123261576859e-9, 0.19653993098959546, 0.19653993653449206, 9.176661578024804e-9, 0.19653995681771044, 0.19653991717939637, 1.9836248763909362e-8, 0.19653995975844565, 7.519511224482872e-9, 2.188084576799125e-8, 0.11242279049633316, 2.7542849315367365e-8, 0.7729591725123957, 2.7931031327712154e-6, 1.149295163962747e-8, 1.695807287853681e-8, 2.3090409334947193e-8, 0.6466313550659876, 7.165232658311988e-9, 0.19654052257041751, 0.19654016281507009, 0.11242278906479884, 1.1521528644831225e-8, 6.5232230487529134e-9, 0.41959076996476335, 0.1965407847375849, 6.602342069257111e-9, 4.951191941229027e-9, 6.906995365203713e-9, 1.9874611424748618e-8, 1.93047128666044e-8, 5.003243060457999e-9, 0.1965406401508479, 1.7860910246339146e-8, 0.11242277046124725, 0.1124204222260853, 1.2480132300911226e-8, 4.294730159867516e-9, 5.523916181642328e-9, 9.38087483103222e-9, 5.441280119792282e-9, 0.19654053565483784, 0.19654042537298494, 0.1124226179527402, 0.1965401387290308, 1.1130952054325232e-8, 0.19654053565519136, 0.19654005457391435, 7.472452770102504e-9, 0.11242278965126898, 0.11242262294366477, 5.208077162636034e-9, 6.089792671252974e-9, 0.11242258987095174, 2.926014259743809e-8, 0.11242257973476248]
v_opt: [0.887576917883784, 0.8034594088631921, 0.645546301253671, 0.03862828482009045, 0.012638433946492184]
solution time: 0.014639854431152344
McCormick lower bound: -5.10314950983334

