x_opt: [0.672386560080207, 0.3276134528434938, 0.672386560439193, 1.9713235524609186e-8, 0.6723865562739623, 0.14567316704303693, 0.8543268355330165, 0.42590637251152647, 0.34229169300504725, 0.3276134386941898, 0.30261148399572735, 0.6577083054745472, 0.3276134433183234, 0.1456731643587232, 0.32761344294511663, 0.3276135817565754, 1.9360876112858495e-8, 8.071210604353606e-10, 0.14567316439784345, 0.14567314867885156]
w_opt: [0.6723865599284047, 0.34477311664060256, 2.138493443661401e-10, 1.9902761325290822e-10, 0.33009486568537355, 0.3276134427263204, 2.0907621902392417e-10, 4.352907902419511e-9, 1.9036378242774764e-8, 4.897027789243058e-10, 1.3546708023744775e-10, 1.3391466788049874e-8, 1.087023558967707e-8, 0.3276134517304529, 0.32761343857572456, 0.1456731640306941, 8.940598441211799e-10, 0.327613452675671, 1.9256300563199592e-8, 0.5267133961049751, 0.09829293308951743, 3.335391888071526e-10, 0.33009486647933295, 0.32761358104533533, 6.428651278573358e-10, 6.67730157116156e-10, 0.14567316423093046, 4.550554004873964e-10, 1.2422428196828563e-10, 7.832281678737015e-10, 1.9408469820578697e-8, 1.950585404168862e-8, 1.848425291295679e-8, 1.2951516156477811e-10, 2.9044831164453805e-9, 1.9175804709745757e-8, 1.8548177269828807e-10, 2.8733543304111264e-10, 0.34229169285869815, 1.193454386674799e-9, 2.1730496041363852e-10, 1.720136324425911e-10, 3.597651938310789e-10, 1.775785151771147e-8, 1.442100191779679e-10, 0.1456731666464836, 0.14567316627972604, 3.486451067465183e-10, 0.1456731668411933, 0.14567316361679059, 2.450835152384503e-10, 0.1456731669105945, 1.6845499589036997e-10, 4.865863910912476e-10, 0.1456731641859466, 3.7472170720291326e-10, 0.6577083052902768, 0.18194029058128489, 2.472246419742765e-10, 9.845162945827411e-10, 1.0947485834508474e-9, 0.3422916928247126, 1.9890419213650336e-10, 0.32761344248744234, 1.9033068775879444e-8, 0.1456731641783793, 2.3033593954350586e-10, 1.064152124878192e-10, 1.8042963171923366e-10, 0.3276134432005438, 3.3157607553590736e-10, 1.508430199351208e-10, 2.3699419411121366e-10, 3.3202157644990693e-10, 3.542756863991097e-10, 1.3492747846610172e-10, 0.3276134385628387, 2.827713095661633e-10, 0.14567316314880552, 0.3026114838468942, 2.391551491657523e-10, 1.7806883308039242e-10, 1.6450852067747365e-10, 2.93197103276551e-10, 1.4599771851572106e-10, 0.3276134427941035, 0.3276134387909447, 0.14567314845658816, 1.8773763736332617e-8, 2.879500742518851e-10, 0.3276134427133025, 1.831962349971683e-8, 2.6865855951575686e-10, 0.14567316420181484, 0.14567314851837906, 1.4916294183649957e-10, 1.3801429553741307e-10, 1.894011333629087e-8, 6.31010545216551e-10, 0.14567314848065765]
v_opt: [0.42590637234022327, 0.6723865602334513, 0.45210368220380004, 0.10733056853371854, 0.09157373799296455]
solution time: 0.013874053955078125
McCormick lower bound: -5.342673349371677

