x_opt: [0.2809937809098896, 0.09848616916611687, 0.9015138544767429, 0.10949356999173271, 0.890506417838693, 0.09848615194374248, 0.7190062760416795, 0.9015138504997002, 0.8905064175762322, 1.790395696269532e-8, 0.09848606409739206, 0.719006219042017, 0.09848615248331294, 0.09848616656366067, 0.09848614986000022, 0.2889781654141773, 0.098486155800339, 1.03291175025422e-9, 0.09848614998698321, 0.09848614949283709]
w_opt: [0.2809937807959368, 0.1715001997452464, 2.464121065745192e-10, 1.2654268846977713e-10, 2.6125141134597545e-10, 0.09848614970580824, 3.8973770066532746e-10, 1.7583730871762716e-9, 0.09848615557093945, 7.470183358809485e-10, 7.536594385870577e-11, 2.367218776257645e-8, 1.9901337445158264e-8, 0.09848616814366724, 1.773273376012472e-8, 0.09848616630245345, 4.25466116385341e-9, 0.09848616891361243, 0.10949356920940762, 0.620520130567317, 0.8030277140568273, 2.9456083829767086e-10, 0.6205200750289588, 0.2889781643555751, 1.0551073180613073e-8, 5.033271841230156e-10, 0.09848614979738897, 4.139799882170145e-9, 1.6679101999550675e-10, 2.9671314750121078e-9, 0.1094935697480735, 0.10949356982520239, 1.6702398017077667e-8, 1.5061231653023144e-10, 1.1641775645161753e-8, 0.09848615567641197, 1.2601893852175977e-10, 2.5792861024374693e-10, 0.8905064174873528, 3.088129849050314e-9, 1.1075991237081167e-10, 1.2798552066349438e-10, 1.8278665448228134e-10, 0.098486148139765, 1.381111321617103e-10, 0.09848615165502143, 0.09848614865198643, 4.4368444304422834e-10, 0.09848615160112228, 0.09848615092916953, 2.3305422093821133e-10, 0.09848615177419304, 2.4064568183805506e-10, 7.217753292545337e-10, 0.09848614971501146, 2.9715929542696716e-10, 0.7190062188634397, 9.350396168560404e-8, 1.1485632927455737e-10, 1.8398480321140165e-10, 2.6345130437024833e-9, 0.8905064172499235, 1.6979421631960986e-10, 0.09848614613432075, 0.09848615564012184, 0.0984861498620521, 5.441953906195543e-10, 1.1168127299292748e-10, 0.6095126368954021, 0.09848615216202936, 2.177655938460546e-10, 1.1639717422248792e-10, 2.1104044930368418e-10, 7.474677380556602e-10, 6.497497777658075e-10, 1.2109197628742623e-10, 1.7580425292795238e-8, 4.6473812010021964e-10, 1.3235121400474598e-8, 0.09848602332362248, 2.343883509010457e-10, 1.1408556595213199e-10, 7.569336741733816e-10, 2.4873106753059646e-10, 9.820503605217511e-11, 0.098486149728301, 0.09848614813247464, 0.09848614936269995, 4.9962559355034466e-8, 1.3949569729299154e-10, 0.09848614960328675, 0.09848614547790521, 3.982182130298695e-10, 0.09848614896268341, 0.09848614925462652, 9.484709582465474e-11, 1.470550209388089e-10, 0.09848614899446914, 7.920833881096309e-10, 0.09848614903737488]
v_opt: [0.9015138503960475, 0.9015138543471959, 0.793001688908493, 1.794751975997572e-9, 0.009699507711020532]
solution time: 0.016175031661987305
McCormick lower bound: -2.560178420171779

