x_opt: [0.7680055549278031, 0.2850343420582614, 0.7680055626665786, 1.4172838370509963e-5, 0.7680055609204033, 0.23199442620386734, 0.7680056082309067, 0.5903201892222859, 0.41557613227498236, 0.23199443489870608, 0.2319943686238889, 0.584423793171862, 0.23199443812617265, 0.23199437238308912, 0.23199439042722525, 0.28503439151613263, 1.416306439335803e-5, 1.3281462264898576e-8, 0.23199433196213629, 0.23199432772192113]
w_opt: [0.7680055481098239, 0.5360111169633963, 5.067296542258386e-9, 2.859225569486199e-9, 0.3524293499998849, 0.23199442678063573, 4.251826808140379e-9, 1.6611648332326055e-8, 1.4158212495154077e-5, 8.867469666353173e-9, 2.421610806421193e-9, 0.05303990681470841, 0.053039927088562255, 0.28503432084490365, 0.23199443333267708, 0.231994368836834, 1.243683079507453e-8, 0.28503434033074615, 1.4165082142681557e-5, 0.5360111721687021, 0.35832575462554506, 1.8833152904428657e-8, 0.35242936661484486, 0.2850343703843247, 1.1423262215871965e-8, 1.1449885506805455e-8, 0.23199433017775078, 1.2873584468076984e-8, 2.579618212558555e-9, 2.20689941149332e-8, 1.4169193792885025e-5, 1.416923113879134e-5, 1.4156274279223877e-5, 1.7070462117791328e-9, 1.267049799525804e-7, 1.416111778688718e-5, 2.229177219519593e-9, 3.58661301068674e-9, 0.4155761310633501, 4.3475173979586115e-8, 9.463766814105424e-9, 2.8601790874054635e-9, 4.7896320430620106e-9, 1.4131336817333915e-5, 2.036698095201206e-9, 0.23199442154358063, 0.2319944078798231, 8.497687654483701e-9, 0.23199442249108357, 0.23199435643499008, 3.6112483786397066e-9, 0.23199442468649792, 2.4955163052485348e-9, 9.277991183431926e-9, 0.23199433028590885, 7.862350933224975e-9, 0.5844237916184736, 1.5751907889323391e-6, 4.7504233141313654e-9, 1.146468234679542e-8, 3.547912648218685e-8, 0.41557612923886755, 2.818206348126702e-9, 0.2319943831914133, 1.4159732854621522e-5, 0.23199432866591718, 6.144076899142033e-9, 1.4396607887072668e-9, 3.4634856687418773e-9, 0.2319944364005958, 3.794624155184484e-9, 2.352774476141329e-9, 2.9824320543278183e-9, 3.934221439448814e-9, 4.5869543130296335e-9, 1.6902927600685884e-9, 0.2319944313715462, 8.7051962301952e-9, 0.23199431736923615, 0.23199436693980943, 3.6720920884887885e-9, 2.123067467072764e-9, 1.937301894025309e-9, 5.453205749041365e-9, 2.243423962460299e-9, 0.23199438921736323, 0.2319944029354404, 0.23199432454020913, 1.4149611749315243e-5, 4.316598289900278e-9, 0.23199438748329754, 1.4149760821563712e-5, 5.166345567054745e-9, 0.2319943290476536, 0.23199432556793972, 2.3460425165143717e-9, 1.8567979476497075e-9, 1.4154380692698015e-5, 1.1180030486177405e-8, 0.23199430714252847]
v_opt: [0.5903201869090089, 0.7680055603574372, 0.5898326020366036, 0.05382143596671465, 0.05382139592794408]
solution time: 0.013186931610107422
McCormick lower bound: -4.708660545107571

