x_opt: [0.337512142233177, 0.11452498683699468, 0.8854751001421672, 0.11452498615685654, 0.885475000543937, 0.11452498260854255, 0.8854749900943911, 0.885475833727648, 0.8854749580276181, 0.11452495080696543, 0.11452398888173392, 0.7638173088201196, 0.1145249864980918, 0.11452498770734075, 0.11452413043977828, 0.37453590042652773, 0.11452497098635595, 1.3265229290521425e-8, 0.11452410925962483, 0.1145240956064996]
w_opt: [0.3375121396296638, 0.22298714434822647, 3.894751170122067e-9, 2.8615388361993407e-9, 0.10132945309837825, 0.11452496998004455, 2.928232602232183e-9, 9.044337446007835e-9, 0.11452496669701807, 8.379198047409243e-9, 2.341056713379462e-9, 8.859362695965471e-8, 5.5297515440011286e-8, 0.11452497268523523, 0.11452494648808009, 0.11452496932916817, 2.1065394174105197e-8, 0.1145249839242266, 0.11452497804817977, 0.7709500920471843, 0.7709509374322178, 6.6162197239649e-8, 0.6492924235752202, 0.37453588895998563, 8.091944165327305e-8, 1.0701792431001888e-8, 0.11452410714191952, 5.040772240321219e-9, 2.227133014038615e-9, 1.4124718555747275e-8, 0.11452498313016232, 0.11452498267490994, 0.11452491809072135, 2.3016033056135097e-9, 8.630526712582618e-8, 0.11452496895580075, 2.198817353474333e-9, 4.084641260669732e-9, 0.8854749561038434, 2.132007816970239e-8, 2.8555906688045072e-9, 3.84383693014413e-9, 4.199414095343309e-9, 0.11452489219687352, 1.8889799042004593e-9, 0.11452497407417077, 0.11452497215404768, 4.784767256356415e-9, 0.11452497718889189, 0.1145249638376386, 4.219504649024108e-9, 0.11452497968243741, 3.210154585757614e-9, 8.21606006925899e-9, 0.1145241063092773, 5.9369107045385995e-9, 0.7638173057878183, 1.3043084438580856e-6, 2.121186150142674e-9, 3.976865127435647e-9, 1.1620708573734162e-8, 0.8854749543919656, 2.5568604838530254e-9, 0.11452411854700131, 0.11452496806382674, 0.1145241067012826, 6.317542948561503e-9, 2.7486476329327077e-9, 0.6492922913479675, 0.11452498311533355, 3.076980475757011e-9, 2.586787930443101e-9, 3.0471511560554006e-9, 6.61738931841472e-9, 6.048838769270272e-9, 2.0190887534871924e-9, 0.11452494335718857, 6.414008459333543e-9, 0.11452406994918007, 0.11452398547976066, 3.6947495986604246e-9, 1.9029832169641726e-9, 3.6579227449948788e-9, 5.459915943991935e-9, 2.1795212905747583e-9, 0.11452412772721322, 0.11452493512352402, 0.11452409232384776, 0.11452493328527653, 3.4617246444575464e-9, 0.11452412693247221, 0.11452410682637862, 3.8194104762801884e-9, 0.1145241034529133, 0.11452409177700146, 2.0010192000577524e-9, 2.613133522663375e-9, 0.11452408509309424, 1.0320128321483272e-8, 0.11452408986027965]
v_opt: [0.8854758318268507, 0.885475097686585, 0.7840661896954036, 0.013115986597733043, 0.013115750527328928]
solution time: 0.013567924499511719
McCormick lower bound: -3.888263275566479

