x_opt: [0.5007283941809685, 0.1882899829794155, 0.8949470065580571, 0.10505284843580147, 0.7406018905184332, 0.18829079518989386, 0.8117095586590628, 0.8949470151589326, 0.7405740602017121, 0.10505298751748969, 0.10505295957123659, 0.4992731826985607, 0.18829082244533094, 0.1882904354590758, 0.10505857626320718, 0.3157041977464129, 0.10505284306183588, 2.0613356282119988e-8, 0.10505296246869102, 0.10505287676598567]
w_opt: [0.5007283917748774, 0.24133028677631826, 4.6703174682791605e-9, 4.566837646476888e-9, 1.5796587586605053e-6, 0.18829080331476153, 4.626987587817716e-9, 2.380329991913397e-8, 0.1050528372362452, 1.3620871320723144e-8, 2.9402536002904264e-9, 0.08323699132516506, 1.614374751601374e-8, 0.18828996148803942, 0.10505298400006585, 0.18828995258417902, 9.570203132314354e-8, 0.18828998074509096, 0.10505283564619612, 0.7066565685134466, 0.7898940271749624, 1.6804908453225315e-8, 0.39422020790859424, 0.31570418459914606, 1.3365637717721875e-8, 1.6878102104001167e-8, 0.1050529590217633, 8.148899434976121e-9, 2.0834724713135612e-9, 2.0780243729019274e-8, 0.10505284305351868, 0.10505284408767293, 0.1050527807729342, 3.7694439034316876e-9, 2.547675784074614e-7, 0.10505283868148624, 3.6848690402498914e-9, 9.009013276123363e-9, 0.7405740582074276, 1.5110357360138986e-8, 2.19173500262504e-9, 4.31213155329972e-9, 4.727992868225948e-9, 0.10505271288062597, 3.2681510327761567e-9, 0.18829078393638163, 0.18829077743255948, 5.9249324932230235e-9, 0.18829078899134158, 0.18829038547572322, 6.4805480349382216e-9, 0.1882907915163504, 4.692364343573713e-9, 1.2761024098316198e-8, 0.10505295652991194, 6.1953438038686085e-9, 0.49927317806121757, 3.2053027899500824e-6, 3.00157160210647e-9, 6.144833999874692e-9, 1.2838985943767152e-8, 0.7405740564218126, 1.176394382008293e-8, 0.10505855297521251, 0.10505283737333901, 0.10505295860394508, 8.896826626858083e-9, 3.369164984740005e-9, 0.23984724651905792, 0.1882908190078702, 5.489892944335755e-9, 3.051429962589913e-9, 5.4143711106629625e-9, 1.3039639687368484e-8, 1.571186859617845e-8, 3.442827372548497e-9, 0.10505298221516851, 6.1045186564189814e-9, 0.1050526976437986, 0.1050529548038245, 5.773618327212507e-9, 3.3845065334355966e-9, 7.037022686628385e-9, 6.219114682268232e-9, 2.975762451936993e-9, 0.1050585735929061, 0.18829077804402486, 0.10505287309478305, 0.10505282268274693, 4.881722263340294e-9, 0.1050585721588649, 0.10505281564966927, 5.495960248358212e-9, 0.10505295796550655, 0.10505287219120629, 2.7586437476171473e-9, 3.732185996371671e-9, 0.10505282531110807, 1.6688659601099027e-8, 0.10505287367736586]
v_opt: [0.8949470126722311, 0.8949470035417929, 0.5484912651931151, 0.011036455479225665, 0.011036137744661972]
solution time: 0.01739215850830078
McCormick lower bound: -3.8220844484679444

