x_opt: [0.768003313379333, 0.2850306920148475, 0.7680039527116087, 5.863390016905322e-6, 0.768003268946112, 0.23199499326784123, 0.7680057995532039, 0.5903270547868688, 0.4155820979454189, 0.23199597580926742, 0.23199664940324624, 0.5844168876649936, 0.2319962958748843, 0.23199415136801155, 0.23199497862282661, 0.2850328800256898, 5.718258658815004e-6, 1.3696936946244682e-7, 0.23199324119486642, 0.23199301120041388]
w_opt: [0.768003283460214, 0.53600659751862, 3.105376179432578e-8, 4.463671610022195e-8, 0.3524202205100721, 0.2319961784073288, 3.8876688361054455e-8, 1.2740218959216755e-7, 5.663960528218639e-6, 8.492253042462864e-8, 1.89976069872683e-8, 0.05303466505604603, 0.05303451608308087, 0.28503045139055294, 0.23199595384839763, 0.2319941095105178, 1.7545886715916874e-7, 0.2850306653140057, 5.779178185307899e-6, 0.5360097703981886, 0.3583310360297232, 7.67342966204791e-8, 0.3524209555217854, 0.2850326987588991, 1.0570309520967073e-7, 1.1271978084057005e-7, 0.23199321427651332, 9.834651725944751e-8, 2.2168393990740544e-8, 1.9704489665891222e-7, 5.815441751845008e-6, 5.8310894441638596e-6, 5.678638953481984e-6, 1.874578463387074e-8, 6.903408449958316e-7, 5.694007325169107e-6, 2.6769800265808716e-8, 4.409128026861856e-8, 0.41558207941709685, 3.7923001819214683e-7, 3.411932179667421e-8, 2.414733917236633e-8, 4.756012836244664e-8, 5.3449946693552445e-6, 2.3010966451255746e-8, 0.23199493839873375, 0.23199483519588146, 7.539852437790491e-8, 0.2319949601105684, 0.23199404388351375, 3.984425649903417e-8, 0.23199497464919347, 2.8603493504400387e-8, 8.731728488259437e-8, 0.23199321533554887, 7.868763727689394e-8, 0.5844168643985012, 2.102672416780596e-5, 5.360790969914989e-8, 4.599687785673112e-8, 2.6788465231207682e-8, 0.41558206483110555, 3.033224324338742e-8, 0.23199488415597452, 5.672548236310918e-6, 0.23199320533630433, 4.9015619276237655e-8, 1.6561661079759297e-8, 2.8606474162019625e-8, 0.23199627700736208, 4.972345959578709e-8, 2.4373672786428513e-8, 3.470615986763095e-8, 5.0443442942016905e-8, 5.6834945562461275e-8, 1.922688930163371e-8, 0.2319959433659766, 6.843614810520266e-8, 0.23199298352527153, 0.23199662469650603, 4.211219110644902e-8, 2.4666194287537543e-8, 2.4987610389033683e-8, 5.360209115874993e-8, 2.255508736636952e-8, 0.23199496095178548, 0.23199623456474336, 0.2319929761261139, 5.555921159973573e-6, 4.228620062589416e-8, 0.23199494053766034, 5.5305056705370285e-6, 5.1936566445891866e-8, 0.23199320902834708, 0.2319929903108737, 2.3676457874909566e-8, 2.0850640811371772e-8, 5.659436199770295e-6, 1.087586366649844e-7, 0.23199294055824438]
v_opt: [0.590327025234649, 0.7680039252968981, 0.5898293423575849, 0.05382229664871369, 0.05382263084055646]
solution time: 0.013122081756591797
McCormick lower bound: -4.474408811946757

