x_opt: [0.7474719654685663, 0.2525282398363638, 0.7474719668269868, 0.25252702446011105, 0.7474719633882271, 0.25252697082142533, 0.7474729834302057, 0.6804899501417585, 0.3447827104576288, 0.252528034341729, 0.19143898097874315, 0.6552181426400835, 0.25252803494123127, 0.2525270164504134, 0.252528013720084, 0.2574812709783881, 0.25252701379071335, 7.703286060265764e-9, 1.7771445785862993e-7, 7.105040574135164e-8]
w_opt: [0.7474719607575147, 0.49494393033646183, 4.152099385705014e-9, 2.2160955419124612e-9, 0.4026901096860961, 0.25252802829282, 1.4210905573054125e-9, 6.281448620619438e-9, 0.25252701064030403, 4.5535408198855954e-9, 2.0633117603448425e-9, 2.077147008272777e-7, 2.1113627472328192e-7, 0.2525282312813043, 0.2525280326214138, 0.25252701186143606, 7.186903479748598e-9, 0.2525282387308188, 0.252527020169619, 0.49494495149393036, 0.4279619181616177, 7.601217352736504e-9, 0.402690115846761, 0.257481264638733, 5.2471736675944035e-9, 6.679015696457255e-9, 1.7656447655733034e-7, 3.594438183650507e-9, 1.0832069101023753e-9, 5.545269852975926e-9, 0.2525270226609892, 0.25252702175464165, 0.25252701721526394, 1.2632425757648032e-9, 2.784588111809912e-8, 0.25252701251883014, 1.5098125468395718e-9, 2.8557182470769617e-9, 0.34478270936707556, 9.36928009955519e-9, 2.3626702921316845e-9, 1.9401137676261652e-9, 3.0571763619923434e-9, 0.25252699382922456, 1.0855358395841342e-9, 0.2525269630276399, 0.252526965974568, 2.507753856695941e-9, 0.2525269681314064, 0.25252696428826893, 3.2192858089776615e-9, 0.2525269693269789, 1.7513596744141232e-9, 4.439245970308818e-9, 1.761533089979121e-7, 3.3795090321431403e-9, 0.6552181407149603, 1.0996379567863672e-6, 2.3774640603992305e-9, 3.2125436526673676e-9, 3.832968633195054e-9, 0.34478270913175807, 1.8104121029096326e-9, 0.25252800920878005, 0.25252701153394613, 1.756429505599843e-7, 1.968199221425995e-9, 1.610624814741629e-9, 8.592716195712763e-7, 0.2525280334168289, 1.9208200519174187e-9, 1.6481206707864885e-9, 1.9466707645653743e-9, 2.5317592498703636e-9, 2.770770612606155e-9, 1.1759123434432547e-9, 0.25252803119629896, 3.0392922100968135e-9, 1.6816944950081666e-7, 0.191438979825743, 2.3751769559380607e-9, 1.2080453548056616e-9, 1.387980851706947e-9, 3.841415353446055e-9, 1.6801515662644656e-9, 0.2525280121266315, 0.25252797925828696, 6.855958258056294e-8, 0.252527001309124, 2.7899588262414585e-9, 0.25252801194025637, 0.2525270057502384, 1.9884401597943924e-9, 1.7480130123494826e-7, 6.930483838819043e-8, 1.520474305154368e-9, 1.6151113354776e-9, 6.728935104837002e-8, 6.050362319680155e-9, 6.775941395596102e-8]
v_opt: [0.6804899489137022, 0.7474719646728937, 0.5587143889291117, 0.0637705086424451, 0.03664899646831103]
solution time: 0.01573801040649414
McCormick lower bound: -7.265961876895661

