x_opt: [0.635514213959526, 0.36448603966589965, 0.6355142150615737, 1.3730745556921798e-6, 0.6355142263165966, 0.1593051757848358, 0.887676853286684, 0.36487479274430945, 0.3644857326291031, 0.36448568232115786, 0.22908794753502842, 0.6355140995119556, 0.3644857080834288, 0.1123231379068952, 0.3644856893290619, 0.3644861877787556, 1.2817209259522018e-6, 3.750840935274287e-8, 0.1123223690525539, 0.11232234493163525]
w_opt: [0.635514195259999, 0.2710284451663006, 1.0713832008324155e-8, 9.090983050215173e-9, 0.2710283190943879, 0.36448567671080495, 7.736703398393119e-9, 9.156897285037375e-8, 1.267658569752945e-6, 2.3938010040177998e-8, 7.492559139927058e-9, 2.592301035636996e-7, 3.2674213094530923e-7, 0.3644859637630224, 0.36448567723557274, 0.11232312245518064, 3.291541028852103e-8, 0.36448603277845465, 1.3539629097467096e-6, 0.5231910732673948, 0.00038901219206712847, 9.513305692240854e-9, 0.2710283419467871, 0.3644861525934602, 3.4011743595184556e-8, 3.337940199588951e-8, 0.1123223640360798, 4.4513754807449223e-8, 4.3901610449241956e-9, 4.1614316015717013e-8, 1.3633670145081337e-6, 1.3622433213493564e-6, 1.3084010512643197e-6, 4.706535029742835e-9, 1.5634293878539648e-7, 1.2761489748931187e-6, 7.032120887413746e-9, 1.0002801274143934e-8, 0.36448572742272056, 7.274028245284151e-8, 1.7258641035498427e-8, 7.49484575342483e-9, 3.160312214565845e-8, 1.202625844210355e-6, 4.675620932538676e-9, 0.159305154658099, 0.15930515001925982, 1.4242395241649281e-8, 0.15930516699162542, 0.11232304087208514, 1.1579475375858975e-8, 0.15930517122487592, 6.948589807453377e-9, 2.420893619009964e-8, 0.11232236352435267, 2.7525960729913905e-8, 0.6355140918666057, 0.25216322124851676, 1.5590547862089178e-8, 7.535768426415651e-8, 1.0371014072776404e-7, 0.36448572640179794, 8.06128716279249e-9, 0.3644856757913731, 1.269510317280225e-6, 0.11232236122721105, 1.1838745456423802e-8, 4.848138650093703e-9, 8.431734326123236e-9, 0.36448570295021865, 1.0762658996759744e-8, 6.43766134791772e-9, 9.244003860806541e-9, 1.590541994924458e-8, 1.3772495157331627e-8, 5.029389303815488e-9, 0.3644856688338486, 1.5462065745077928e-8, 0.11232231178086811, 0.22908794318735576, 1.1992950838831734e-8, 6.375991684540976e-9, 5.869414066527335e-9, 1.7148316034686645e-8, 6.661822134377396e-9, 0.3644856826541771, 0.3644855755880588, 0.11232233418391628, 1.2543885988077778e-6, 1.7238208298114608e-8, 0.36448568082829774, 1.2286397437646016e-6, 1.0388800513422434e-8, 0.11232236123630782, 0.11232233169472933, 6.744215414740236e-9, 5.855973171787385e-9, 1.2479015849804425e-6, 3.164449592822506e-8, 0.11232230901192143]
v_opt: [0.36487478684184355, 0.6355142079482653, 0.4038788389112051, 0.1328503733482559, 0.05248137039160248]
solution time: 0.014413833618164062
McCormick lower bound: -6.72223947368999

