x_opt: [0.790846071300241, 0.31481592394768837, 0.7908460756593647, 0.20915377836066, 0.7908460569444202, 0.20915391789128343, 0.7908460816116564, 0.47072758719680247, 0.26667519778656495, 0.20915392693018856, 0.20915392384197107, 0.7333247970601506, 0.2091539335433613, 0.20915391695877975, 0.20915391709576342, 0.3148159250078139, 0.20915376279878725, 1.787453998270935e-9, 0.2091539117180206, 0.20915391061861263]
w_opt: [0.7908460708974233, 0.5816921284896999, 5.637340422147909e-10, 4.3836773757442796e-10, 0.5241708686985822, 0.2091539316879118, 5.983995817398538e-10, 1.6579328374892075e-9, 0.20915376194097007, 1.0513112216261347e-9, 2.8045348257508024e-10, 0.10566199999898805, 0.1056619843559928, 0.3148159213894808, 0.20915392655153184, 0.20915391630461946, 1.585437348297957e-9, 0.31481592346354814, 0.20915377699892523, 0.5816921575333627, 0.26157366332746573, 3.7102903084393364e-9, 0.5241708742856543, 0.3148159223817956, 1.5060818108583304e-9, 1.3822239572497151e-9, 0.2091539113243927, 1.0312319034321814e-9, 4.4632187846147205e-10, 2.628356822702068e-9, 0.2091537777141056, 0.20915377783837535, 0.20915377389354506, 2.8326686723213074e-10, 9.634171420931597e-9, 0.20915376244844872, 3.8412175003338196e-10, 5.98224878964086e-10, 0.2666751975144413, 2.0382768631156446e-9, 2.7372231160895926e-10, 3.1002662640711836e-10, 6.756761418644809e-10, 0.20915375742622527, 3.045341757011349e-10, 0.209153917072987, 0.20915391606121575, 1.0164186845577557e-9, 0.20915391736247535, 0.20915391514085407, 4.843909835247411e-10, 0.20915391757732069, 4.132404606139381e-10, 1.0970985360807314e-9, 0.20915391133036884, 9.701866104062742e-10, 0.7333247967437057, 1.7649872713655364e-7, 6.387047403648126e-10, 1.1298773493304045e-9, 3.896307483518937e-9, 0.26667519726453226, 4.5940063386216336e-10, 0.2091539157503165, 0.2091537622154525, 0.20915391116295304, 8.362169763852389e-10, 2.499473945466881e-10, 5.242466982889367e-10, 0.20915393314990308, 5.684186483693002e-10, 3.848613229007503e-10, 4.6407583264450857e-10, 5.872664254300957e-10, 6.664195305530613e-10, 2.6232317681615544e-10, 0.20915392645752703, 1.1290186363188858e-9, 0.20915390803907008, 0.20915392340676328, 5.139476707462998e-10, 3.172176480134856e-10, 3.3543884794425877e-10, 7.591793221019612e-10, 3.3364013956564446e-10, 0.20915391676416087, 0.2091539267205894, 0.20915391003899805, 0.20915376055949564, 5.854425010259872e-10, 0.20915391640455921, 0.20915376035773942, 7.012578386612508e-10, 0.20915391110934137, 0.2091539102773612, 3.439243804456244e-10, 3.164007583117082e-10, 0.20915376140801759, 1.3147570177764166e-9, 0.20915390993880884]
v_opt: [0.47072758671760256, 0.7908460752269076, 0.6254375458042977, 0.04374536727586576, 0.043745365709378585]
solution time: 0.013543128967285156
McCormick lower bound: -4.263640080620026

