x_opt: [0.6312727378414421, 0.36872750898803514, 0.6312727389473795, 7.137048501040829e-5, 0.6312725229173051, 0.13913320151951622, 0.8608681462452942, 0.37106266918491965, 0.3687278700798955, 0.36872715887893537, 0.21606182523133352, 0.6312721398510291, 0.3687274567361918, 0.13913185565474112, 0.3687274418325069, 0.36872806255139284, 7.135620463510849e-5, 7.680332305500879e-8, 0.10496625549179549, 0.1049652293022899]
w_opt: [0.6312727230505097, 0.26254527289038804, 1.9961411101830563e-8, 2.0183428557665112e-8, 0.2625448905527428, 0.36872740341394844, 1.554320706660783e-8, 2.2799793347205305e-7, 7.132656670052445e-5, 4.661336184371306e-8, 1.5367248354353137e-8, 2.57661303759822e-7, 1.4840053844980814e-7, 0.3687274183809361, 0.3687271469399825, 0.13913182020656584, 7.306341091985658e-8, 0.3687274982638477, 7.133039608560348e-5, 0.4921408971670199, 0.0023354197774863557, 1.1223334494656787e-8, 0.26254493116257976, 0.3687280030565989, 5.6524254236508915e-8, 6.605100821559129e-8, 0.10496624274299476, 4.025797226380459e-8, 1.054549265564266e-8, 5.8631836996355015e-8, 7.134843615187934e-5, 7.134958282308326e-5, 7.127432081474491e-5, 1.1699352381231839e-8, 2.073393194140759e-7, 7.133854879673204e-5, 1.622661042307379e-8, 2.660884080832473e-8, 0.36872785779198103, 6.051433540545324e-8, 1.7909626913492323e-8, 1.6839152752915105e-8, 3.3391829002777766e-8, 7.120141005923601e-5, 1.1637121654872574e-8, 0.1391331549549195, 0.1391331476651451, 2.6932981475660554e-8, 0.13913318087921595, 0.13913180370173933, 2.5305093637496286e-8, 0.1391331889029014, 1.53897512996274e-8, 4.570223671200327e-8, 0.1049662395607255, 3.510465370005769e-8, 0.6312721221075727, 0.2295960940171852, 2.2588424354289284e-8, 3.497316370122881e-8, 4.854761936550709e-8, 0.36872785637238303, 1.7692205569095523e-8, 0.3687274043985435, 7.132933811413575e-5, 0.10496623549591308, 1.966854076250507e-8, 1.1142262875724976e-8, 2.6071198578161554e-8, 0.36872744508671346, 2.414199208278032e-8, 1.4333439290115453e-8, 2.068524939826296e-8, 2.7758408556905277e-8, 2.901060314354491e-8, 1.177806150055507e-8, 0.3687271459469882, 2.5294540731712973e-8, 0.10496615593537371, 0.21606181355354248, 2.2628062349657102e-8, 1.4249379800642914e-8, 1.3923212185682665e-8, 3.171437948234519e-8, 1.452175069276812e-8, 0.3687274267862538, 0.3687272284195507, 0.10496520699115847, 7.131192104189922e-5, 2.8472823340286857e-8, 0.36872742661176316, 7.126986938090041e-5, 2.1589149823315912e-8, 0.10496623512390842, 0.10496521371791492, 1.4052290174827182e-8, 1.3569854034347644e-8, 7.128604495504007e-5, 6.126866489513083e-8, 0.10496521893657289]
v_opt: [0.37106265575970243, 0.6312727195870668, 0.39850512784255243, 0.13595981230676552, 0.04668310081828772]
solution time: 0.01592397689819336
McCormick lower bound: -6.580410472792196

