x_opt: [0.6809205344655338, 0.3190795809184486, 0.6809205370194787, 0.08502014836767949, 0.6809205416210384, 0.1636256341200568, 0.8363743966649279, 0.4260750986472753, 0.31907955934110843, 0.31907945459091575, 0.23355835704267747, 0.6809204389705028, 0.31907946000391013, 0.1636256041175071, 0.3190794548966307, 0.31907972019509867, 0.08502014549667006, 8.406505708356377e-9, 0.12116535077080459, 0.08502023300663308]
w_opt: [0.6809205314819264, 0.3618410774046948, 2.4682316779006742e-9, 2.0274317495536137e-9, 0.361840974945154, 0.31907945379680885, 1.7001880605313193e-9, 8.724561080476457e-9, 0.08502014202326365, 5.054504957301273e-9, 1.6601951159300335e-9, 1.1919492015635535e-7, 1.329621167474503e-7, 0.3190795701169173, 0.3190794530250704, 0.16362560044403318, 6.996043947875544e-9, 0.31907957944922494, 0.08502014363078476, 0.5172949349005109, 0.10699563698302665, 4.4596932485969434e-9, 0.36184098200110226, 0.3190797127363984, 6.317405389088161e-9, 7.217729709650081e-9, 0.12116534940880926, 5.361549034141778e-9, 1.2774232694182755e-9, 7.5912554147558e-9, 0.08502014603194964, 0.08502014597093349, 0.0850201378664617, 1.2219425285385773e-9, 4.047618776340241e-8, 0.0850201437329939, 1.7122457086380582e-9, 2.7202274339342014e-9, 0.3190795580733505, 1.1033030636366476e-8, 2.6068227812741608e-9, 1.6796965625210735e-9, 3.732859867938451e-9, 0.08502012495850672, 1.191183957891603e-9, 0.16362562916667261, 0.16362562822807492, 3.1369571477952185e-9, 0.16362563171474293, 0.16362559748799313, 2.5696878864527277e-9, 0.16362563277681497, 1.6776787795123446e-9, 5.078237703036182e-9, 0.12116534921894695, 4.407413205232758e-9, 0.6809204372467528, 0.15545394498627113, 3.5643198364814153e-9, 3.813353672487904e-9, 8.35123066227548e-9, 0.3190795577777709, 1.927062068630131e-9, 0.31907945055244663, 0.08502014274868666, 0.12116534848332215, 2.5164876189958362e-9, 1.1986052509606747e-9, 3.318022100126366e-9, 0.3190794586343378, 2.3768818802047035e-9, 1.6309725329567576e-9, 2.139211850834684e-9, 2.738038488858567e-9, 2.8552320454948833e-9, 1.2471341184468714e-9, 0.31907945268928045, 3.2568737370923355e-9, 0.12116533862417811, 0.23355835578707182, 2.475922745726467e-9, 1.4410026387843386e-9, 1.4268427825345773e-9, 3.7752543489373805e-9, 1.6163775230723294e-9, 0.31907945329239307, 0.3190794170446724, 0.08502023038056773, 0.08502014060411466, 3.180679980421559e-9, 0.3190794526946276, 0.08502013615988507, 2.489278354790066e-9, 0.12116534835321881, 0.08502023138808816, 1.5712539471773077e-9, 1.465205116390489e-9, 0.08502013987002892, 6.71851600125574e-9, 0.08502022792313305]
v_opt: [0.4260750970976279, 0.680920534881121, 0.4636528585649928, 0.10181171137446653, 0.0545495757730914]
solution time: 0.012819051742553711
McCormick lower bound: -6.437282155692165

