x_opt: [0.8168918018430547, 0.22171057658882584, 0.8168919603266339, 0.18310819337365647, 0.8168918033937544, 0.1831079950500307, 0.8168919227343777, 0.8168926615729477, 0.6340126502873962, 0.18310818178328936, 0.09488533382906952, 0.7952496337435895, 0.183108176627366, 0.18310807410889443, 0.18310736421923854, 0.22171058067396066, 0.1831080328113893, 5.372262619811437e-9, 0.18310735655294313, 0.18310732906355615]
w_opt: [0.8168918004619152, 0.6337836076023423, 1.958400461905322e-9, 1.2009586789719542e-9, 0.6121414368427447, 0.1831081697098445, 1.2731135925764948e-9, 3.071338461367276e-9, 0.18310803031998865, 3.055969492296096e-9, 1.0978037729415073e-9, 0.03860253809749605, 0.03860238912103656, 0.22171057099364389, 0.18310818016884062, 0.18310807183354746, 4.012482725666782e-9, 0.22171057541569955, 0.1831081895465215, 0.6337838838169181, 0.6337846232351355, 1.4543258331922178e-7, 0.6121415996593654, 0.2217105732242333, 7.843114095960432e-9, 4.3291062982201565e-9, 0.1831073556302608, 2.2323651395045698e-9, 1.868061431966696e-9, 5.290932525545254e-9, 0.18310819210745286, 0.18310819133314407, 0.18310817481762237, 8.675515389324459e-10, 2.8158326854537048e-8, 0.18310803201196743, 9.512095941792627e-10, 1.6476135939109698e-9, 0.6340126496240823, 8.177045514192871e-9, 2.196468211631849e-9, 1.0754800615480168e-9, 2.2243877489652278e-9, 0.18310801146373687, 7.330731629450292e-10, 0.18310799150500345, 0.18310799076683196, 2.43762428712e-9, 0.18310799268604167, 0.18310799139145686, 1.6543960131904768e-9, 0.18310799385440127, 1.3210030785215821e-9, 3.1786441307879326e-9, 0.18310735559705094, 2.8718024061997293e-9, 0.7952496327310477, 3.0227716706531166e-7, 1.626774510497168e-9, 1.8255047351547246e-9, 4.223364075910875e-9, 0.6340126489586924, 1.2560609850694737e-9, 0.18310735950210408, 0.18310803151487462, 0.18310735503766798, 1.9525528057918254e-8, 1.1080981309395515e-9, 0.42926228590856574, 0.18310817481906466, 1.1409588123868942e-9, 1.269433404416614e-9, 1.1910503492408923e-9, 1.554901758729049e-9, 1.6412428367406886e-9, 7.470575663573983e-10, 0.1831081747572835, 4.295868445375693e-9, 0.1831073482355953, 0.09488533269244855, 1.5278476663305511e-9, 7.496617140884705e-10, 9.686525879775506e-10, 3.0807529241542118e-9, 1.0987817073846652e-9, 0.18310736258070925, 0.18310816038747638, 0.18310732701269158, 0.18310801958433431, 1.6698131684792449e-9, 0.1831073622079534, 0.18310735803611894, 1.7412259983245835e-9, 0.1831073520802913, 0.18310732809144137, 1.0275508525145043e-9, 1.1120522463743363e-9, 0.18310732475670727, 3.9075426987033075e-9, 0.18310732709155023]
v_opt: [0.8168926604909106, 0.8168919589659609, 0.6673122466690234, 0.03352861379172181, 0.009003231031815358]
solution time: 0.013202190399169922
McCormick lower bound: -4.638099889820112

