x_opt: [0.7904303491895907, 0.3167470537783681, 0.7904303537206752, 0.20956964526253136, 0.7904303516865167, 0.20956964001440423, 0.790430361130072, 0.4684014265195412, 0.2678796317814325, 0.2095696509060248, 0.2041033683556377, 0.7321203685058264, 0.20956965064730013, 0.20956963863043568, 0.20956964819877447, 0.3167470554406798, 0.20956963436148568, 1.1523479002619245e-9, 0.20956963061658476, 0.2095696268721898]
w_opt: [0.7904303485996543, 0.5808607009916209, 5.026992365141987e-10, 1.674549842817951e-10, 0.5225507178794928, 0.20956964966011968, 2.014970931550615e-10, 1.0455582892309734e-9, 0.20956963388930822, 7.136255619299739e-10, 2.032006342899944e-10, 0.10717740768216949, 0.10717740732269715, 0.3167470520063509, 0.20956965073329303, 0.20956963823822583, 1.0014446355941802e-9, 0.31674705358385735, 0.20956964454007596, 0.5808607149639089, 0.2588317803974449, 5.840365080039431e-9, 0.5225507233018905, 0.316747053767217, 8.994135943808097e-10, 1.0164833900632704e-9, 0.20956963047743002, 8.112251287493541e-10, 1.97899246078745e-10, 1.6661795029198011e-9, 0.20956964503057257, 0.20956964498876526, 0.20956964401915645, 1.2632038998873578e-10, 9.215460716191154e-9, 0.20956963423689468, 1.8174639961180394e-10, 3.2508680721702426e-10, 0.2678796316760188, 5.431567064165746e-9, 3.5405142348465573e-9, 1.6974931731779906e-10, 5.247216562741132e-10, 0.20956963000783596, 1.2765266832029745e-10, 0.20956963940869583, 0.20956963921861194, 4.777673500431429e-10, 0.20956963961946615, 0.20956963718630234, 3.22602594634223e-10, 0.20956963987865845, 2.180961265394033e-10, 7.493626320263707e-10, 0.2095696304715641, 9.139866113962226e-10, 0.7321203683533306, 6.475339668820467e-8, 5.150317066369202e-10, 5.674134667981867e-10, 1.0227492573398835e-9, 0.2678796315920293, 2.2271717072565188e-10, 0.20956964752391716, 0.20956963410561621, 0.20956963031899734, 4.958354715444166e-10, 1.5572500522181243e-10, 7.096304040120897e-10, 0.20956965044826648, 2.2951322908544025e-10, 2.0764523877055121e-10, 2.2307781678788834e-10, 2.734600598118018e-10, 3.241657049339454e-10, 1.1209180373656418e-10, 0.20956965017582482, 7.687535190409211e-10, 0.2095696293341506, 0.2041033682186974, 3.294432294472574e-10, 1.2773886900625287e-10, 1.305635834198722e-10, 4.821162541055443e-10, 2.0686722760283554e-10, 0.20956964803080447, 0.20956964676041595, 0.209569626482753, 0.20956963226707406, 3.921715432073636e-10, 0.20956964791454888, 0.20956963278206792, 3.630200270717432e-10, 0.20956963025663483, 0.2095696267166497, 1.9462667680013604e-10, 1.751882466198699e-10, 0.20956962596275772, 9.621819216537975e-10, 0.20956962653230166]
v_opt: [0.4684014263389614, 0.7904303535078435, 0.6247801446427442, 0.04391945941676073, 0.0416582311923564]
solution time: 0.014482975006103516
McCormick lower bound: -5.875047028116448

