x_opt: [0.28756213133513914, 0.12153118232034166, 0.8962844982157245, 0.10371554267674922, 0.878468804640009, 0.12153118981449158, 0.8784688024061713, 0.8784689415688437, 0.8784688025133705, 0.1037154577684943, 0.1215310508352164, 0.7124378789696018, 0.12153119132110614, 0.12153119192709481, 0.10371550424400595, 0.39284358560559546, 0.10371553961189839, 3.3644615470274374e-9, 0.1037155026020485, 0.10371550237027673]
w_opt: [0.2875621307671768, 0.16603093636275362, 9.751745883005757e-10, 7.700917211005013e-10, 1.0864942225205215e-8, 0.12153118677818785, 1.025159428686146e-9, 3.3967332950452112e-9, 0.10371553841007464, 2.0612572096321447e-9, 5.233350119894586e-10, 0.017815680952137904, 8.648046321544527e-9, 0.12153117885412054, 0.10371545690488351, 0.12153118035196697, 5.41504227698064e-9, 0.1215311818182334, 0.10371554046196611, 0.7747533011717319, 0.7747534409135006, 1.6218672298301945e-9, 0.6087223805247305, 0.392843582698372, 3.993828391456719e-8, 2.4927561298898385e-9, 0.1037155019160888, 3.2234810382080412e-9, 5.075638044670138e-10, 3.6323604842446576e-9, 0.10371554170048505, 0.10371554178816933, 0.10371545259886315, 6.747663029279193e-10, 1.3641561742819578e-8, 0.10371553895910103, 6.323082880899352e-10, 1.2852025696892664e-9, 0.8784688019831195, 3.854743302023518e-9, 6.83746579483833e-10, 9.791271287942936e-10, 9.974080862148481e-10, 0.10371552766412326, 6.084814488537791e-10, 0.12153118798131378, 0.12153118611730494, 1.3997118314170179e-9, 0.12153118849618223, 0.12153118386099948, 1.0718121161631878e-9, 0.1215311889943425, 9.325754504429621e-10, 1.9880983956203856e-9, 0.10371550166051832, 1.2138288002456778e-9, 0.7124378782106293, 9.177980288670364e-8, 6.038285301883666e-10, 1.1071961007926997e-9, 3.035937101562438e-9, 0.8784688014504465, 1.0122400694241238e-9, 0.10371550054679111, 0.10371553875399249, 0.10371550190104051, 8.533518414289877e-10, 6.672940016859228e-10, 0.5909066830727282, 0.12153119042416591, 9.386557172641168e-10, 6.423870938181246e-10, 9.168288206216053e-10, 1.9028460628224595e-9, 1.7937723706848478e-9, 5.894039363488978e-10, 0.10371545661973888, 1.4993973019285898e-9, 0.10371544590366849, 0.12153104943593138, 9.373438163316927e-10, 5.728214090370315e-10, 1.2493651706341195e-9, 1.2934790192702784e-9, 5.659801004771891e-10, 0.1037155035854325, 0.12153118077325117, 0.10371550159458938, 0.10371553423746672, 8.559955250328095e-10, 0.10371550325906205, 0.10371549890359129, 1.0931657230564917e-9, 0.1037155008222296, 0.1037155012865692, 5.348261894347549e-10, 6.92278668769394e-10, 0.10371550041660763, 2.4857699109190796e-9, 0.10371550111891893]
v_opt: [0.8784689409432139, 0.8962844975972806, 0.7717074481783321, 0.010756896455840135, 0.014769817292204087]
solution time: 0.016096830368041992
McCormick lower bound: -3.399687571285608

