x_opt: [0.7884344685871305, 0.326016469793999, 0.7884345179834187, 0.21156532319129256, 0.788434511686909, 0.21156535326362708, 0.7884345976553206, 0.45723690890276447, 0.27366218111595886, 0.21156551103461, 0.17985961830468933, 0.7263377733081409, 0.21156550178852687, 0.21156536322641492, 0.211564790122488, 0.3260165715905053, 0.21156522818637039, 1.681588550592766e-8, 0.21156475177052247, 0.21156476198549315]
w_opt: [0.7884344629352938, 0.5768689823014032, 9.908005315142635e-9, 2.819281594619108e-9, 0.5147722451462773, 0.21156547747555474, 5.163767175772725e-9, 1.0718950287840677e-8, 0.21156522109675688, 1.0572308261980437e-8, 2.7709256582193355e-9, 0.1144509907815917, 0.11445101595082871, 0.3260164467935463, 0.21156550773805502, 0.2115653581590147, 1.4758695470095701e-8, 0.32601646698462655, 0.2115653120558728, 0.5768691174922346, 0.24567143011982837, 4.5682947995801916e-8, 0.514772307952886, 0.3260165436015188, 3.284344343741159e-8, 1.4243306922945657e-8, 0.21156474939436623, 1.1128867634557578e-8, 3.501696168036457e-9, 2.1973556157819244e-8, 0.21156531954463584, 0.21156531886658972, 0.21156529968366927, 2.107424903775264e-9, 1.1500569985989703e-7, 0.2115652260807797, 2.6440754727741736e-9, 4.755018577049392e-9, 0.27366217934936127, 7.832216103319944e-8, 1.8799897947212784e-8, 2.6732172744902842e-9, 6.580559438583932e-9, 0.21156516602073328, 2.0770420243577885e-9, 0.21156534474951616, 0.2115653380421855, 7.763706347798513e-9, 0.21156534303840474, 0.21156533252079596, 4.68983670348651e-9, 0.2115653507198126, 3.590769016276034e-9, 1.0811928789529344e-8, 0.21156474941587072, 1.0246473994125903e-8, 0.7263377707414579, 4.100065325239092e-7, 4.683723089177222e-9, 8.075079894102747e-9, 1.997361713649526e-8, 0.27366217783749, 3.4604189843848984e-9, 0.21156477656723324, 0.2115652244986906, 0.21156474749747045, 7.379914871639608e-9, 2.7691310195481856e-9, 6.360927951082863e-8, 0.21156549851245054, 3.443759919815127e-9, 3.3109977748973166e-9, 3.3170402767918933e-9, 4.299189211234653e-9, 5.119650908981982e-9, 1.819552865739652e-9, 0.21156549281758327, 1.4591837336415249e-8, 0.2115647313164798, 0.17985961552375032, 4.951304397014672e-9, 1.9583731654542608e-9, 2.324276551245816e-9, 7.914542593881965e-9, 3.07767486638878e-9, 0.21156478700194, 0.21156544927214702, 0.21156475660250984, 0.2115652052635593, 4.840282991339634e-9, 0.21156478500467693, 0.21156475972794028, 5.459275180442596e-9, 0.21156474185848248, 0.211564759517459, 2.8813722220280056e-9, 2.873802036026071e-9, 0.21156473938589285, 1.3232502615105152e-8, 0.21156473296192058]
v_opt: [0.4572369057760919, 0.7884345145926797, 0.6216293661335243, 0.04475996978711166, 0.03234958576561539]
solution time: 0.012710094451904297
McCormick lower bound: -4.755574985240424

