x_opt: [0.6596472716791468, 0.3403527571217186, 0.6596472904525055, 4.999241800881347e-7, 0.6596464321827433, 0.13789244600281766, 0.8621077001507766, 0.39850710239519, 0.3403884838869369, 0.3403526829247943, 0.28935029917547994, 0.6596114954567157, 0.340353566518834, 0.1378922993361527, 0.3403535608552875, 0.34035431255414933, 4.944066226294772e-7, 1.6097916181173044e-8, 0.13789228216531405, 0.1378921892814207]
w_opt: [0.6596472691087797, 0.3192937061707343, 4.04280936830958e-9, 4.405365089860037e-9, 0.3192587696172156, 0.3403535547220942, 4.105626404213099e-9, 8.493381539550443e-7, 4.882247776302969e-7, 9.897614252715565e-9, 2.8237643482327447e-9, 4.970383974122877e-8, 1.7059109007788857e-8, 0.34035273478506434, 0.34035267987047874, 0.13789229243489232, 2.2891242205568035e-8, 0.3403527540817064, 4.910783401978771e-7, 0.5217549934557343, 0.058154395774485036, 5.3865449214273025e-9, 0.3192587974868893, 0.34035429995332106, 1.3520539636470378e-8, 1.3443658696770124e-8, 0.13789227886550762, 9.425655936911945e-9, 2.213759352640186e-9, 1.5206333941893677e-8, 4.938097558832353e-7, 4.959740297584533e-7, 4.7217877974068934e-7, 2.7399245460218353e-9, 5.620930775700581e-8, 4.904315658079081e-7, 3.8049549204773926e-9, 6.295179901173141e-9, 0.3403884809309684, 1.58178627806403e-8, 3.5689621526853433e-9, 3.77524398050922e-9, 7.087411266370366e-9, 4.620953769727025e-7, 3.0656499400109066e-9, 0.13789243730990908, 0.13789243081959274, 6.468841590404406e-9, 0.13789244217652483, 0.13789228473547196, 5.417230804654766e-9, 0.1378924432728255, 3.477447511503906e-9, 9.695017930652004e-9, 0.13789227740790225, 7.23691180150876e-9, 0.6596114913523008, 0.20246146266737408, 5.13997392755763e-9, 1.9405800138574747e-8, 2.1873514582276347e-8, 0.3403884804921513, 4.0086288081180635e-9, 0.34035355182114113, 4.875945261132975e-7, 0.1378922780321628, 4.06291596085702e-9, 2.2296011608595995e-9, 3.775424754809054e-9, 0.3403535642340489, 7.310777198522517e-9, 2.9533786782093892e-9, 5.032932643553525e-9, 8.211706932059769e-9, 8.364796360947748e-9, 2.9262206678996136e-9, 0.34035267963697197, 5.11643147874582e-9, 0.13789225461657603, 0.28935029616269403, 4.928899642881564e-9, 3.827253636461221e-9, 3.732366526392146e-9, 5.749211917550947e-9, 2.9218460654120947e-9, 0.34035355800654316, 0.3403534198008544, 0.13789218508102252, 4.825608016673856e-7, 5.933804781139815e-9, 0.34035355581347676, 4.709531232547093e-7, 5.1023483640002e-9, 0.13789227834242565, 0.13789218572727857, 2.9476381927593455e-9, 2.8496617884495184e-9, 4.86459890113479e-7, 1.2762435962869555e-8, 0.1378921846137654]
v_opt: [0.3985070993008946, 0.6596472866841744, 0.4351334901424711, 0.1158400685000812, 0.0837236321134342]
solution time: 0.012610912322998047
McCormick lower bound: -5.385635530448449

