x_opt: [0.6568819271118336, 0.34311807964663, 0.6568819288335093, 3.812334121880367e-7, 0.6568819257698406, 0.13861763369826996, 0.8613823793922794, 0.391340030844691, 0.3431181162760585, 0.3431180695806998, 0.2753357567885394, 0.6568818823174198, 0.34311807407734074, 0.13861762079569778, 0.34311807214313755, 0.34311809676672667, 3.805949181134178e-7, 3.259730535176309e-9, 0.13861761022682084, 0.13311406481478313]
w_opt: [0.656881926480411, 0.3137638525508922, 9.582020509292935e-10, 8.60152283368217e-10, 0.3137638100119859, 0.3431180715760906, 7.631808917520154e-10, 4.73959135125282e-9, 3.792311074720671e-7, 1.9497999173525006e-9, 6.265320026671724e-10, 8.982245521357838e-9, 9.72326801078782e-9, 0.3431180754865187, 0.34311806896093733, 0.13861761934102876, 3.247685759687813e-9, 0.3431180790270398, 3.793283975296086e-7, 0.5182643087826059, 0.048221960271498075, 1.5128861206769417e-9, 0.31376381356292327, 0.3431180938972783, 2.485839909921609e-9, 2.7307527596224493e-9, 0.13861760960893474, 1.7557922789901808e-9, 5.112307640813456e-10, 2.9156991079767983e-9, 3.8016326270806397e-7, 3.803132647637182e-7, 3.767626811850484e-7, 5.32306559951918e-10, 1.197643299869254e-8, 3.797960086560954e-7, 7.244565619226433e-10, 1.1821268138974093e-9, 0.3431181157227214, 4.104861458452905e-9, 8.529159821662231e-10, 7.20805277335489e-10, 1.395410259777092e-9, 3.731573069018978e-7, 5.407853305603025e-10, 0.13861763182967884, 0.13861763106143568, 1.3130014744733548e-9, 0.13861763278790573, 0.1386176183432157, 1.0523443683667876e-9, 0.13861763312750489, 7.025350550509262e-10, 1.9340030081224742e-9, 0.13861760947554236, 1.5584576411715684e-9, 0.6568818815605144, 0.20450049244428978, 1.2262892864839007e-9, 1.7816278596118213e-9, 2.4597145232909656e-9, 0.3431181155925122, 8.01727995033643e-10, 0.34311807028720587, 3.793823060662779e-7, 0.13861760931858044, 9.459359361059317e-10, 4.819376316059169e-10, 1.031051528201635e-9, 0.3431180735423681, 1.116550739428109e-9, 6.471379431928239e-10, 9.1057908426006e-10, 1.2447203492392922e-9, 1.3129162283233188e-9, 5.440093514573799e-10, 0.34311806891196367, 1.2079082267864974e-9, 0.1386176054083803, 0.27533575621384343, 9.67901332032003e-10, 6.514587176367375e-10, 6.539297920797278e-10, 1.3881882545317553e-9, 6.263561699548881e-10, 0.3431180715202985, 0.34311805819704905, 0.1331140638301524, 3.7839896415878744e-7, 1.2078908289341797e-9, 0.3431180712374127, 3.766219644169387e-7, 1.015965869958014e-9, 0.13861760932208628, 0.13311406415442242, 6.258565671719395e-10, 5.92820590170606e-10, 3.789015263544648e-7, 2.539490460036978e-9, 0.13311406412213805]
v_opt: [0.39134003019451463, 0.6568819280033696, 0.43149392700975153, 0.11773001426947176, 0.07580979622289127]
solution time: 0.015598058700561523
McCormick lower bound: -5.772879400681938

