x_opt: [0.6141719273943494, 0.2619689682527423, 0.8937878892828769, 0.10621169928003758, 0.7380309192222511, 0.26196858604350554, 0.7380311993419192, 0.8936024591610043, 0.614171527103252, 0.1062119596101648, 0.10639729955675332, 0.3858284390154537, 0.26196860702892105, 0.26196875883879867, 0.1062128958451943, 0.27272445828897235, 0.1062116745617946, 6.252716215753362e-8, 0.10621284406757846, 0.10621278532466095]
w_opt: [0.6141719176875182, 0.3522028540560704, 1.6513722610126602e-8, 1.4483269415542037e-8, 3.768527406418043e-7, 0.2619685348061253, 2.4731742925214727e-8, 6.767910425389475e-8, 0.10621164974317587, 3.758025725701513e-8, 8.950278808777564e-9, 0.15575686689329085, 2.4179155746067807e-7, 0.26196889554937436, 0.10621194461417417, 0.26196873810262405, 8.540982986835429e-8, 0.26196895661287206, 0.10621165583320766, 0.6318190997739898, 0.787390374329476, 1.8406169030037896e-8, 0.27961638235511554, 0.27272439954295363, 4.322020883641158e-8, 4.339842240661221e-8, 0.10621282754383883, 6.99374557079757e-7, 1.1165576341130005e-8, 7.624521444963168e-8, 0.10621167356005072, 0.10621168360677348, 0.10621155195373151, 1.2739989387150603e-8, 2.3598925523732046e-7, 0.10621165694566613, 1.373859274026814e-8, 2.400951431921601e-8, 0.6141715179042854, 9.382980024347788e-8, 1.1344008867606347e-8, 1.4308890064409574e-8, 1.8533532740936454e-8, 0.10621149109746256, 1.3228530151393356e-8, 0.2619685578590739, 0.2619685033514913, 3.2039715593299185e-8, 0.26196856278887265, 0.2619685595336451, 1.741886445149367e-8, 0.2619685725217887, 1.6716589559305194e-8, 3.725374019418607e-8, 0.10621282520260619, 2.303638579133279e-8, 0.38582842482966756, 1.5500867594370475e-6, 1.4837485330192053e-8, 2.3215714745647004e-8, 7.44864979361276e-8, 0.6141715060296695, 3.0568571798358086e-8, 0.10621283708327117, 0.10621165426976666, 0.10621282941713042, 1.608783062448785e-8, 9.910963066198126e-9, 2.728275010245492e-8, 0.26196859324314065, 2.3276761856090307e-8, 1.2295089892697073e-8, 1.872026572013932e-8, 3.447493464472047e-8, 3.377872243153491e-8, 1.2069199335236034e-8, 0.10621194018614578, 2.6966788493194705e-8, 0.10621178521855855, 0.10639727161311752, 1.7437365863883503e-8, 1.3213035498038692e-8, 2.3213738732748418e-8, 2.3143568380659472e-8, 1.0579311456267447e-8, 0.10621288482004151, 0.26196850521077547, 0.10621277023991911, 0.10621155598280586, 1.681822376164914e-8, 0.10621287465077595, 0.1062115727486117, 2.3676790259432917e-8, 0.10621282065057648, 0.10621277001743828, 1.0649456929543821e-8, 1.2045818299515696e-8, 0.10621164156207641, 4.492322486395852e-8, 0.10621277394262485]
v_opt: [0.8936024453978914, 0.893787877103291, 0.5446896963207771, 0.01128098973370782, 0.011320512890346957]
solution time: 0.013677120208740234
McCormick lower bound: -3.2144440185290044

