x_opt: [0.7130510711887833, 0.286948932919245, 0.7130510725742005, 0.2231070443111903, 0.7130510709323242, 0.22310699121389396, 0.7768929632584884, 0.596584520870268, 0.3366509537889059, 0.2869489279801202, 0.18925118357129236, 0.6633490484012418, 0.286948928656995, 0.22310703753818015, 0.2869489266754114, 0.28694893412909406, 0.22310704033912612, 2.184779113368751e-9, 3.5651068564125096e-7, 3.513291880363783e-7]
w_opt: [0.7130510700395695, 0.42610214238595895, 1.0079424188484812e-9, 5.558372390989113e-10, 0.3764001200775656, 0.28694892641672887, 4.210220295104042e-10, 4.648651238567791e-9, 0.22310703956757436, 1.49884211555397e-9, 5.319918240996773e-10, 5.731073078873763e-9, 7.480900401628607e-9, 0.28694892907626907, 0.28694892756975027, 0.22310703615391608, 3.3289620243060975e-9, 0.28694893252155484, 0.2231070429933078, 0.48994403609432907, 0.30963559371206534, 3.2050466023507674e-9, 0.37640012339823337, 0.28694893162006935, 1.9751750375614004e-9, 1.966067576831486e-9, 3.5627354200731777e-7, 1.4492229095644e-9, 2.2704163801840482e-10, 3.0941351076735853e-9, 0.2231070439125531, 0.22310704368695974, 0.22310704154003994, 2.6627322580399013e-10, 1.327912533731978e-8, 0.22310704010432186, 3.3310706311224434e-10, 8.343231096280331e-10, 0.33665095356907654, 4.678019625313206e-9, 7.555366638281328e-10, 3.964189778701892e-10, 1.4383709709962802e-9, 0.22310703335699347, 2.7900993602877163e-10, 0.22310698889486513, 0.22310698940243426, 8.80962127505816e-10, 0.22310699072137063, 0.22310699011347543, 1.2729909111488723e-9, 0.22310699091500966, 4.808108364676027e-10, 1.386787805596075e-9, 3.5619931920959644e-7, 1.9328282728601823e-9, 0.6633490479456429, 0.06384195549240385, 1.3425283523702019e-9, 1.4147638641147732e-9, 2.513507456878352e-9, 0.3366509534821329, 4.558401047462279e-10, 0.2869489252389155, 0.2231070398278859, 3.5595955197004583e-7, 5.566625579132204e-10, 4.2012456001795027e-10, 4.448949440136123e-9, 0.2869489283078049, 5.1019081749807e-10, 4.163895736783456e-10, 4.865740642526764e-10, 8.460722277709476e-10, 1.0022396834049668e-9, 2.450109934725723e-10, 0.2869489273420196, 1.1843714876062836e-9, 3.543601406725706e-7, 0.18925118335161514, 8.612903495086276e-10, 2.6867271791031366e-10, 2.999471365010426e-10, 1.0166110624335613e-9, 4.765037682150975e-10, 0.2869489263341661, 0.2869489192837212, 3.507597798179128e-7, 0.22310703317253086, 9.39453512962208e-10, 0.28694892624647333, 0.22310703742265428, 5.103909055991424e-10, 3.558392248488812e-7, 3.507061133375413e-7, 4.1318185355979925e-10, 3.9871947181477094e-10, 3.491703092644595e-7, 1.8631787690106038e-9, 3.508645385626893e-7]
v_opt: [0.5965845206010841, 0.7130510721253295, 0.5084419052699145, 0.08233973826597867, 0.03581601375300866]
solution time: 0.016197919845581055
McCormick lower bound: -6.976616767588422

