x_opt: [0.6946687321190796, 0.3053764568546616, 0.694668745080714, 0.08653652871549031, 0.6946687932740809, 0.16863135949219002, 0.8313714868638727, 0.40271150945363354, 0.3053317253104537, 0.30533121361760895, 0.2100269070313263, 0.6946682311988663, 0.30533122684270925, 0.16862855675110872, 0.30533109570842343, 0.30537655785027873, 0.08653640977680956, 1.0369055831902855e-7, 0.16862673645524642, 0.08653614360253635]
w_opt: [0.6946686869544385, 0.3893375393402615, 3.079272748720887e-8, 2.0781857784955528e-8, 0.3893369797015537, 0.30533116052486275, 1.9870177010834166e-8, 1.1113807765749878e-7, 0.08653636745172653, 6.580277297060226e-8, 2.1221539388943793e-8, 4.5217571089179857e-5, 4.53553798827928e-5, 0.3053763016003739, 0.3053311991396568, 0.16862851814087995, 9.3822593291278e-8, 0.3053764402193933, 0.08653646801298533, 0.526040242640439, 0.0973802675351201, 5.52384562048605e-8, 0.3893370624850736, 0.305376413589271, 7.713959365700754e-8, 9.302420788957934e-8, 0.16862672437675852, 5.2193584536104944e-8, 1.5022051638131108e-8, 1.4169913221014067e-7, 0.08653650701880315, 0.0865365024637945, 0.08653643327798798, 1.207960008223277e-8, 6.44703336044796e-7, 0.08653639632658489, 1.828115581204663e-8, 3.1547516919901316e-8, 0.3053317147023473, 2.711743972587001e-7, 7.655715857895201e-8, 1.7607163424555948e-8, 4.9507242496985966e-8, 0.0865361044012751, 1.1879287838203713e-8, 0.16863129653284983, 0.16863130034696394, 3.8080698751559184e-8, 0.16863133317817053, 0.1686284824144358, 3.368828390434494e-8, 0.16863134737571264, 1.8360080657153382e-8, 6.933392165499701e-8, 0.1686267239341213, 8.358814958667747e-8, 0.6946682170987375, 0.1367037055148054, 6.854999520254057e-8, 8.498340353718382e-8, 7.67749918463742e-8, 0.3053317110067075, 2.1371426136303417e-8, 0.30533105321722437, 0.0865363832683666, 0.16862670599167048, 3.7108866287692804e-8, 1.2616695664724754e-8, 2.8468502443073563e-8, 0.30533121272843816, 2.2907241469830937e-8, 1.8968715166424975e-8, 2.2012795303828542e-8, 2.5168646788772884e-8, 2.9778369940863405e-8, 1.230891161708721e-8, 0.30533118887469635, 4.886605939240779e-8, 0.16862660209355823, 0.2100268964821354, 3.143148035330181e-8, 1.3979627039010316e-8, 1.2897383007595744e-8, 6.536862375920896e-8, 1.9912114954209204e-8, 0.30533108170556383, 0.30533053166917545, 0.08653611019298083, 0.08653635975700956, 4.3752895967870334e-8, 0.3053310732843595, 0.08653631553366968, 3.171336369415022e-8, 0.16862671087559086, 0.08653612451463169, 1.8737574508573314e-8, 1.5674189049196735e-8, 0.08653601651430445, 8.791833687868945e-8, 0.08653607609948971]
v_opt: [0.40271149420328656, 0.6946687241920351, 0.4825647383391409, 0.09322717485295222, 0.04411134129058482]
solution time: 0.01656198501586914
McCormick lower bound: -7.477537551967842

