x_opt: [0.7895931899895675, 0.32063331785034227, 0.7895932344834657, 0.21040651254973372, 0.789593219020429, 0.2104060517934958, 0.7895936730099526, 0.4637205074750658, 0.27030381842688056, 0.21040681344647474, 0.19393928012468084, 0.7296961808391338, 0.21040680605483336, 0.21040632774344273, 0.2104065947540364, 0.3206333479723802, 0.21040644316815638, 6.884300630116148e-9, 0.21040537167018789, 0.2104053014205206]
w_opt: [0.7895931866287731, 0.5791864099611282, 5.256482074266399e-9, 1.0408411499629496e-9, 0.519289372249819, 0.21040679872568432, 1.3339497095277999e-9, 6.050153556100745e-9, 0.21040644026400304, 4.5054129791980774e-9, 1.5674754280312843e-9, 0.11022655337956691, 0.11022655338509102, 0.3206333062808909, 0.21040681214863646, 0.2104063246298657, 7.686692458181035e-9, 0.3206333166923044, 0.21040650806412936, 0.5791869082712098, 0.25331374293403847, 5.4851020029505426e-8, 0.519289422881992, 0.3206333370245426, 5.003089631815574e-9, 6.0692733662000675e-9, 0.21040537080582433, 4.061730212906589e-9, 1.0273781364014523e-9, 1.0934512053414918e-8, 0.2104065111973675, 0.21040651074131275, 0.21040650485047957, 8.417490251924552e-10, 4.911821827165183e-8, 0.21040644246585208, 1.0714263926224493e-9, 2.08724039687396e-9, 0.2703038177061275, 4.377672613494481e-8, 2.6624004582555408e-8, 1.1170324283398494e-9, 2.9931145966580903e-9, 0.21040641505997038, 7.928956160129253e-10, 0.21040604602415316, 0.21040604647960243, 2.6639569119164543e-9, 0.21040604957314396, 0.21040604625526252, 2.7513220744115394e-9, 0.2104060508211038, 1.3571263237395169e-9, 4.561010441309241e-9, 0.21040537072536478, 5.8622199341501835e-9, 0.7296961796701261, 6.217086458853089e-7, 4.040522937598705e-9, 3.2330046342195865e-9, 7.014051652653933e-9, 0.27030381737890197, 1.5085980332640506e-9, 0.21040659015113336, 0.21040644157077165, 0.21040536977075674, 2.8694453811443224e-9, 1.0470977265116506e-9, 8.858355792579134e-9, 0.21040680490781974, 1.4218757848420687e-9, 1.3722575301532893e-9, 1.4160495784424029e-9, 1.88275243039115e-9, 2.3556549058517293e-9, 7.154874217175806e-10, 0.21040680493822547, 4.783457756773395e-9, 0.210405364010501, 0.19393927927231303, 2.2877084875663257e-9, 8.149458355483849e-10, 8.649477755941499e-10, 3.4606814657053463e-9, 1.373427381196493e-9, 0.21040659360640168, 0.21040674270796336, 0.2104052990961764, 0.21040631477027658, 2.7730499407906405e-9, 0.2104065929768205, 0.21040643772695927, 1.9225301450660844e-9, 0.2104053690038625, 0.21040530003948413, 1.271185047682649e-9, 1.1633045410565254e-9, 0.21040529251639892, 5.662670145327491e-9, 0.210405292531153]
v_opt: [0.4637205063908953, 0.7895932329394278, 0.6234577297519928, 0.04427103234940873, 0.03761253361711086]
solution time: 0.013781070709228516
McCormick lower bound: -6.3412033578064895

