x_opt: [0.7908460107666587, 0.3148159635868883, 0.7908460109590935, 0.2091538453621145, 0.7908460111314484, 0.20915384389510222, 0.7908461562335976, 0.47072741123383544, 0.26667507388128875, 0.20915398916530928, 0.20915398840482896, 0.7333249259024787, 0.2091539890806358, 0.20915384365841713, 0.20915398813133018, 0.31481596460520567, 0.2091538426746091, 4.3995523311681267e-10, 0.20915384325913286, 0.20915384235213108]
w_opt: [0.7908460105521501, 0.5816920219667523, 1.7773967344336784e-10, 1.1150303482450728e-10, 0.5241709367676695, 0.2091539886966451, 9.302393915522684e-11, 4.6494525572804487e-10, 0.2091538424778756, 2.664656660441251e-10, 7.409340176770932e-11, 0.10566197461280386, 0.10566197516177821, 0.31481596282411395, 0.20915398909556962, 0.20915384349418253, 4.765943407155698e-10, 0.3148159635071623, 0.20915384506214416, 0.5816921672509476, 0.26157342226142605, 5.18729714890291e-10, 0.5241709373087204, 0.3148159640680472, 2.894917779471446e-10, 3.7453580451120084e-10, 0.20915384319185945, 2.1262222018216006e-10, 6.514106126249952e-11, 6.592809826246474e-10, 0.20915384525285377, 0.2091538452237357, 0.20915384489773378, 5.7569788935646785e-11, 2.8439816051166113e-9, 0.20915384262071293, 7.55322812144652e-11, 1.4399307969756385e-10, 0.26667507383180467, 1.3780266306754696e-9, 3.77415288146395e-10, 7.018487110997696e-11, 1.7682991838187813e-10, 0.2091538411701729, 5.7936373664236064e-11, 0.20915384363906137, 0.20915384355296035, 1.8773711260264125e-10, 0.20915384378750795, 0.20915384290678166, 1.4836653945297333e-10, 0.209153843834299, 8.83975291852397e-11, 2.753629998427305e-10, 0.20915384318451757, 3.302116395395227e-10, 0.7333249258276064, 1.613317518678938e-7, 1.3787277431339844e-10, 3.361695760600414e-10, 7.098465871025785e-10, 0.26667507379678823, 9.870070319458838e-11, 0.2091539878856944, 0.20915384255504285, 0.20915384313596994, 1.630079954921159e-10, 5.928767203488113e-11, 1.402967282040136e-10, 0.20915398901375024, 1.1530146989376885e-10, 8.740223965166885e-11, 1.0739559135049918e-10, 1.3533276129184278e-10, 1.57330801485119e-10, 5.119916066275486e-11, 0.209153988975072, 2.3454597518901795e-10, 0.20915384284254404, 0.20915398834616325, 1.455324423051399e-10, 6.293692488247133e-11, 6.099508011693201e-11, 1.8430819411682596e-10, 8.178113477354803e-11, 0.20915398806889973, 0.20915398765153825, 0.20915384223412029, 0.20915384224249786, 1.6249909102628183e-10, 0.20915398801893273, 0.20915384227099953, 1.4351467412794804e-10, 0.2091538431418805, 0.20915384225038045, 8.239244853666675e-11, 7.113144728802135e-11, 0.20915384180602772, 3.5705911445595906e-10, 0.20915384223511446]
v_opt: [0.4707274111588902, 0.790846010864823, 0.6254374307629521, 0.04374540331197141, 0.04374541862962533]
solution time: 0.013282060623168945
McCormick lower bound: -5.663717215201794

