x_opt: [0.679891921449548, 0.03964943145022336, 0.9603507237793949, 0.039645128944729775, 0.6798922253195794, 0.32010756810312235, 0.9603505319903262, 0.9201041460421385, 0.647891338661936, 0.03964931531291503, 0.07989580999165204, 0.35210857914163174, 0.32010769915355664, 0.039649465035596444, 0.32010611757940627, 0.3213292847084022, 0.0396451209218419, 2.5607719352399124e-8, 0.03964673488757706, 0.039646728012475936]
w_opt: [0.6798919181694585, 0.3597841490962782, 7.648309205862367e-9, 6.699058256077477e-9, 0.03200050326976535, 0.3201076740164348, 7.3685716717767915e-9, 2.20536358293734e-7, 0.0396451136440644, 1.7079070189557258e-8, 4.470023777182574e-9, 1.5731900384588317e-7, 3.957674047411795e-8, 0.03964939110792362, 0.039649310268509035, 0.039649401015631934, 1.7165418703234472e-7, 0.0396494276724602, 0.03964511226038995, 0.9207012600324842, 0.8804548760034091, 5.277963226597061e-8, 0.31245933204699966, 0.32132926824762925, 2.0367409088891874e-8, 2.1354529357332675e-8, 0.03964673054923793, 8.678388128288458e-9, 2.6410383064027958e-9, 4.458932054845301e-8, 0.03964512111848484, 0.03964512331194208, 0.03964505819304172, 5.342433685105187e-9, 2.0030047245265126e-7, 0.03964511331071332, 4.932595162192974e-9, 1.5380407431328324e-8, 0.6478913363386402, 3.0096236682275235e-8, 3.1526429382488783e-9, 7.0970310084830355e-9, 6.390847752002936e-9, 0.039645020703321626, 5.200384691044035e-9, 0.3201075504004282, 0.3201075363567211, 9.3977654687477e-9, 0.3201075625591725, 0.03964939129699031, 1.1833969289548279e-8, 0.3201075636054145, 7.820291167513289e-9, 1.6255271052808877e-8, 0.03964672517284843, 1.2159644049840104e-8, 0.35210857117915034, 0.2804602490320749, 6.134609064585597e-9, 1.64435647865478e-8, 3.561241344315025e-8, 0.6478913334917925, 1.0008297059509972e-8, 0.3201060977003958, 0.03964511378167264, 0.039646730431898786, 4.565503298550804e-9, 4.981424560377049e-9, 3.4278366815360945e-8, 0.3201076948161235, 9.628843067709828e-9, 4.163788022970917e-9, 7.714304392370152e-9, 3.88343778674366e-8, 3.093639895236173e-8, 5.330158329694594e-9, 0.03964930897462508, 9.454819821639236e-9, 0.03964667609453107, 0.07989580413558095, 9.031019527716732e-9, 5.469811608155681e-9, 1.1348154655231554e-8, 7.950110259190114e-9, 4.108700799435914e-9, 0.320106114798742, 0.3201075968399981, 0.03964672347985729, 0.03964506782420417, 7.141856199616525e-9, 0.3201061131903743, 0.039645026465199185, 7.649329527699376e-9, 0.03964672962393234, 0.03964672191851335, 3.929462512140333e-9, 5.043950378596499e-9, 0.03964508877204707, 2.148695304752551e-8, 0.03964671498720003]
v_opt: [0.9201041431391418, 0.9603507203339297, 0.4622535290798307, 0.00157209517488584, 0.006383379497503331]
solution time: 0.014700889587402344
McCormick lower bound: -3.834619751196985

