x_opt: [0.48662610549443464, 0.26292370449679475, 0.8620643151733856, 0.13793607982642858, 0.8620639416630996, 0.13793554782958567, 0.8620633498588546, 0.8621023497757531, 0.8620639291836483, 0.13793567687957445, 0.13783903787725282, 0.8172224430457196, 0.13793564032465544, 0.13793602073462977, 0.1378984979173682, 0.2629238735557119, 0.13793597465018403, 5.24052846759915e-8, 0.13789878463927122, 0.13789832321455528]
w_opt: [0.48662609210791397, 0.3486900524767783, 1.685386235037587e-8, 8.889777020796744e-9, 0.30384855756398393, 0.13793556321169873, 1.093896173468531e-8, 2.9797886623585255e-8, 0.13793595712216275, 3.323320760066751e-8, 7.859527580381037e-9, 0.12498802814191574, 0.12498773080396246, 0.2629236615192945, 0.13793566325683781, 0.13793600468640463, 3.78924587482904e-8, 0.2629236972485505, 0.13793604821725702, 0.7241276703740673, 0.7241666776077536, 1.686795032489803e-7, 0.6792868108606119, 0.2629238088757144, 3.218670065554089e-7, 4.349233379401559e-8, 0.13789877808841153, 1.7119429155358552e-8, 3.639740769097057e-8, 5.50318755027039e-8, 0.13793607113035972, 0.1379360622382283, 0.13793562610092844, 7.019599364087842e-9, 3.1707927259731163e-7, 0.13793596888803722, 6.929078304849686e-9, 1.3375894427370645e-8, 0.8620639234779403, 6.645985290704298e-8, 1.484836016130436e-8, 1.1849298537318948e-8, 1.6709545778506697e-8, 0.13793573328576839, 5.743973621604508e-9, 0.13793551982235439, 0.13793550935111842, 2.0029399908053325e-8, 0.13793552793927988, 0.13793551873371543, 1.3632716491943252e-8, 0.13793553821718407, 1.1163730700025833e-8, 3.425674820397866e-8, 0.13789877772627274, 2.1659482494002e-8, 0.8172224360561273, 1.3704941961095268e-6, 9.264840826019462e-9, 1.3580416350561109e-8, 3.725604711400239e-8, 0.8620639185689937, 7.746445233199554e-9, 0.13789844650410776, 0.13793596627342436, 0.13789877410295207, 6.909275113551702e-7, 9.405942240882988e-9, 0.6792863895228854, 0.13793561791613165, 8.18781493503631e-9, 1.162962035691924e-8, 9.380164088189717e-9, 1.2759555541819517e-8, 1.4065277698892377e-8, 5.609320521519592e-9, 0.13793562129766224, 4.263333679005255e-8, 0.13789871786801655, 0.13783902697895423, 1.300494112503289e-8, 5.248203106147678e-9, 8.144335107295206e-9, 2.4133581622887633e-8, 8.647892764344047e-9, 0.1378984846658526, 0.13793549598463586, 0.1378983098881594, 0.1379358457226237, 1.1791971908422366e-8, 0.13789848236336968, 0.1378984553886446, 1.580821366363902e-8, 0.13789846817239693, 0.13789831508763978, 7.412357536801835e-9, 9.363443952673859e-9, 0.13789829164378983, 4.075647241259622e-8, 0.1378983125719352]
v_opt: [0.862102342408569, 0.8620643063551164, 0.7431543832249218, 0.019026383571465546, 0.01899966661117191]
solution time: 0.014613151550292969
McCormick lower bound: -4.025719665513143

