x_opt: [0.6353513671831967, 0.3646488672059866, 0.635351417265793, 7.39943324899539e-6, 0.6353513846339783, 0.15945689805098898, 0.8878540038708604, 0.3646489358649418, 0.36464891762606483, 0.36464859421918105, 0.22867625290103277, 0.6353503569071058, 0.36464869338060796, 0.11214629308327578, 0.36464852952413074, 0.36464909896967773, 7.388120025791373e-6, 6.387452480041167e-8, 0.1121450476225561, 0.11214506584933798]
w_opt: [0.6353513206527726, 0.2707027579754369, 1.9868324336194696e-8, 1.0181577439328235e-8, 0.2707017305552321, 0.3646486617989412, 1.0960283585361462e-8, 2.2631474369478584e-7, 7.362718799985057e-6, 4.4142997997301717e-8, 1.4204737437770171e-8, 2.9235614251240124e-7, 5.170429649744245e-7, 0.3646486577262616, 0.3646485859242353, 0.11214627154879118, 9.416059747973171e-8, 0.36464885029024235, 7.357284838434873e-6, 0.5232054266739736, 3.5767422992484477e-7, 6.61384493698803e-8, 0.27070183240059564, 0.3646490292426364, 8.328384572477392e-8, 6.039579558730832e-8, 0.11214504238276211, 4.860180490438775e-8, 5.657609884838835e-9, 1.5125571585435514e-7, 7.384875392513031e-6, 7.383939849024392e-6, 7.284743451411816e-6, 5.520558402780083e-9, 7.607735672070652e-7, 7.3778034672837474e-6, 1.0675209125496089e-8, 2.097497589856502e-8, 0.3646489086608445, 2.2656855441951418e-7, 9.630750266604581e-8, 1.4865797107786015e-8, 7.504724577464174e-8, 7.060175269652663e-6, 5.287605600144453e-9, 0.15945685227733325, 0.1594568632151542, 1.882068998038262e-8, 0.1594568845507052, 0.11214617581795826, 2.181623238554561e-8, 0.1594568944591353, 1.000610545105386e-8, 4.67127779330585e-8, 0.11214504227229109, 8.365847432922717e-8, 0.6353503482932973, 0.25250557605078583, 3.1639731604116734e-7, 1.093230440859909e-7, 1.65434449956164e-7, 0.3646489068211842, 1.0837696829825556e-8, 0.36464851201574106, 7.368659800285088e-6, 0.11214503358009507, 1.89680059052531e-8, 5.892238103259256e-9, 8.300006920943087e-9, 0.3646486892350067, 1.4966633115109193e-8, 8.898739517181468e-9, 1.2724590833332227e-8, 1.927780694665107e-8, 2.238188431692983e-8, 5.637427249914113e-9, 0.3646485655111199, 2.3735039515749007e-8, 0.11214500567436556, 0.2286762501119324, 2.4791667590904383e-8, 8.355608938472106e-9, 5.2013047443511225e-9, 3.261653968853723e-8, 9.945757758538128e-9, 0.3646485230657088, 0.3646477533836489, 0.11214505082426372, 7.35845310189916e-6, 3.968303007939947e-8, 0.3646485145099665, 7.289433048706965e-6, 1.7544393644059896e-8, 0.1121450413450643, 0.11214504039009908, 1.11311063193956e-8, 7.49092427542124e-9, 7.324623618212713e-6, 5.827066840740336e-8, 0.112144999266891]
v_opt: [0.36464892924884335, 0.6353514082871157, 0.403671388433273, 0.13296895792872915, 0.052293272621827806]
solution time: 0.012951850891113281
McCormick lower bound: -8.768143909699829

