x_opt: [0.7473018813108753, 0.2559251363225425, 0.7473018816205107, 0.2526981167155044, 0.7473018803886977, 0.2526981179178246, 0.7473018820639118, 0.6787719515664044, 0.34380148827591767, 0.2526981181904675, 0.19390156119149157, 0.6561986074312837, 0.2526981188971749, 0.25269811779745044, 0.25269811311647494, 0.25592568598135856, 0.25269811628885475, 8.162563612801465e-10, 6.120137437192407e-6, 6.097135962300818e-6]
w_opt: [0.7473018810560392, 0.4946037618367751, 3.2454020722665376e-10, 1.9699725348990974e-10, 0.40350048891515294, 0.25269811814559456, 1.8504887638658957e-10, 5.46450995108112e-10, 0.25269811593603164, 4.727663725555753e-10, 1.8432434432176593e-10, 0.003227018079733867, 0.003227017438854558, 0.25592513543896467, 0.25269811800349445, 0.2526981174443686, 5.995056998830979e-10, 0.255925136195996, 0.25269811622790145, 0.49460376380020526, 0.42607383333748106, 6.681675502846686e-10, 0.403500489732927, 0.25592568514464586, 6.402085605352607e-10, 6.939477539662336e-10, 6.1200102196012364e-6, 3.731277874107847e-10, 1.4700915954955205e-10, 6.544307283276442e-10, 0.25269811652395147, 0.25269811642993006, 0.2526981154276195, 1.2380518991330577e-10, 3.251053744850427e-9, 0.2526981161543113, 1.5163784989876782e-10, 2.6132350514826663e-10, 0.3438014881668192, 9.278984439372674e-10, 2.6428432561523375e-10, 1.8171605077117806e-10, 3.219657196330046e-10, 0.2526981140399153, 1.0901214105240477e-10, 0.2526981173310053, 0.2526981173682439, 3.0541740707128164e-10, 0.2526981175598999, 0.2526981170378362, 2.667648104688668e-10, 0.25269811776541795, 1.7860831121577868e-10, 4.794242427882334e-10, 6.119992742122029e-6, 4.186860661302423e-10, 0.6561986072657231, 2.1017444306523494e-8, 2.4907774648867314e-10, 3.088859390897513e-10, 5.172770281877903e-10, 0.34380148811746275, 1.859638027555082e-10, 0.25269811260851216, 0.25269811606942866, 6.1199076839646795e-6, 2.7114446250820846e-10, 1.4901489517470807e-10, 9.592460501954656e-8, 0.2526981187180777, 1.855916584241584e-10, 1.7647302778410304e-10, 1.8895659117828285e-10, 2.3761501640039576e-10, 2.5115181482843553e-10, 1.126467635216417e-10, 0.2526981179909711, 4.0905636343378487e-10, 6.119096574819661e-6, 0.19390156105774992, 2.359809167350799e-10, 1.2038968987807265e-10, 1.334337042336125e-10, 4.042664735558386e-10, 1.6905027116066976e-10, 0.252698112937514, 0.252698116728607, 6.0968418760682925e-6, 0.2526981157546732, 2.8447542650757226e-10, 0.25269811289212923, 0.25269811210173576, 2.342418739842135e-10, 6.119817768196435e-6, 6.096983464411231e-6, 1.565311868463249e-10, 1.5992581320545436e-10, 6.09662210368457e-6, 6.289512827168663e-10, 6.096966645646154e-6]
v_opt: [0.6787719514189775, 0.7473018814004929, 0.5584601067303906, 0.0638563610523686, 0.03759782872675163]
solution time: 0.014840841293334961
McCormick lower bound: -6.093205918546104

