x_opt: [0.5001715545551338, 0.2641036347705551, 0.8595939169614784, 0.14040609535803897, 0.8595939040189877, 0.14040608065094012, 0.8595939047996152, 0.8595939734063761, 0.8595939024845988, 0.1404060830809159, 0.12377693789696576, 0.8145393357786834, 0.14040608289040693, 0.14040609273030982, 0.14040603201946772, 0.26410363765002987, 0.14040608667715068, 1.6879882122633276e-9, 0.1404060323473737, 0.14040602870431454]
w_opt: [0.5001715541709421, 0.3597654588722035, 5.248423521494798e-10, 3.68991550272048e-10, 0.3147108906884379, 0.14040608049206962, 4.2227825268427365e-10, 1.0585102064014635e-9, 0.14040608595345982, 9.67267795597319e-10, 3.107360429416374e-10, 0.12369755211534257, 0.12369754107585737, 0.26410363308325663, 0.1404060825660218, 0.14040609205564042, 1.3191365998219699e-9, 0.2641036344762537, 0.14040609418547365, 0.7191878220651344, 0.7191878909014356, 1.9117260440226725e-9, 0.6741332544883486, 0.26410363563395844, 4.763044750477248e-9, 1.3187477379388182e-9, 0.1404060320447236, 6.513431053815797e-10, 5.045551106022422e-10, 1.6177559770942893e-9, 0.14040609495024292, 0.1404060947800167, 0.14040608125669513, 2.879165361134846e-10, 7.181910188246676e-9, 0.14040608641410626, 2.974295591403272e-10, 5.430109874175877e-10, 0.8595939022609196, 2.05064146730188e-9, 5.031922528288426e-10, 3.7628031015720857e-10, 6.243410767992347e-10, 0.14040608046716116, 2.439828799213647e-10, 0.14040607961529133, 0.1404060792033674, 7.527884652389145e-10, 0.14040607988659276, 0.14040607968589158, 4.96731727828927e-10, 0.1404060802506005, 4.3350265206557196e-10, 9.867049619069322e-10, 0.14040603201852686, 7.423338875757735e-10, 0.8145393354532825, 4.082695960818295e-8, 3.967437858923385e-10, 5.358204811510594e-10, 1.3559181042453079e-9, 0.8595939020480565, 3.793648391931162e-10, 0.14040603043139674, 0.14040608628185422, 0.14040603191493467, 2.9059334807999237e-9, 3.511597735497001e-10, 0.6741332388372117, 0.14040608230127247, 3.667894291365271e-10, 3.891238196673295e-10, 3.8680223297262424e-10, 5.453209772156552e-10, 5.554746314789728e-10, 2.432059290248104e-10, 0.14040608205639862, 1.1698486928983315e-9, 0.1404060293571599, 0.12377693742604452, 4.665410501421945e-10, 2.3944861704391725e-10, 3.535402472402743e-10, 8.457733177026828e-10, 3.24724740877951e-10, 0.1404060315337542, 0.14040607823973486, 0.1404060281591432, 0.1404060844792929, 4.710378318175777e-10, 0.14040603141445912, 0.14040603029434331, 5.481347271664777e-10, 0.14040603060063375, 0.14040602836397878, 3.0126447598535826e-10, 3.535965123410339e-10, 0.14040602755276002, 1.209491491368117e-9, 0.14040602835558025]
v_opt: [0.8595939730699476, 0.8595939166414811, 0.7389016864773281, 0.019713908709890746, 0.015320732325324935]
solution time: 0.014197826385498047
McCormick lower bound: -4.041567534805434

