x_opt: [0.8179045066890747, 0.21636043735903618, 0.8179045520571607, 0.18209549178058568, 0.8179045074542866, 0.18209543853511545, 0.8179045244344474, 0.817904837423157, 0.6208011222716106, 0.1820954915931698, 0.11718217209650474, 0.7984978493383861, 0.182095490866258, 0.18209547478770552, 0.18209521840508952, 0.21636044306197985, 0.18209545919545883, 2.082664137794954e-9, 0.18209520466903467, 0.18209515687838246]
w_opt: [0.8179045062248042, 0.6358090143459846, 6.077267885493389e-10, 3.2332554437514804e-10, 0.6164023563418876, 0.18209548901664319, 3.479239613197175e-10, 7.856775414702427e-10, 0.1820954585271341, 1.385197758004314e-9, 3.2562275380734734e-10, 0.03426498969949098, 0.03426494672074079, 0.2163604352352299, 0.18209549126008562, 0.18209547420792074, 1.6361008657409613e-9, 0.21636043710985106, 0.18209549061786903, 0.6358090766795093, 0.6358093897818199, 4.458146405198671e-8, 0.6164024035925956, 0.21636044004751617, 2.065803200778919e-8, 1.8253445496998538e-9, 0.18209520444836866, 5.634793904567581e-10, 4.3701555518982384e-10, 2.524936928674705e-9, 0.18209549146599463, 0.18209549128178903, 0.18209548769230302, 2.1481166973054323e-10, 1.466930521299319e-8, 0.18209545899848353, 2.537405080923395e-10, 4.6108290075991585e-10, 0.620801122110572, 3.957189942011768e-9, 6.567528877853874e-10, 2.7464333544425706e-10, 6.429044988043722e-10, 0.1820954502452514, 1.817384324587994e-10, 0.18209543727758806, 0.18209543709757875, 6.069764721532766e-10, 0.18209543786964644, 0.18209543771121478, 5.977148740665576e-10, 0.18209543825809946, 3.6002029594538176e-10, 1.4278172319555811e-9, 0.1820952044459786, 1.3413163530780013e-9, 0.7984978490922292, 1.2594904230563718e-7, 4.736043907219595e-10, 5.541466195620505e-10, 1.1296264190717517e-9, 0.6208011219694388, 3.3789613758599623e-10, 0.18209521689932007, 0.18209545886407583, 0.18209520423683664, 4.246123662103652e-9, 3.0565893120772624e-10, 0.419298977087346, 0.18209549046242543, 2.9401260869655334e-10, 3.177478598891988e-10, 3.369477701478771e-10, 4.284421197757304e-10, 5.048360195589148e-10, 1.7550917724081376e-10, 0.1820954903280661, 1.6080982342845305e-9, 0.18209520260569947, 0.11718217180632123, 5.26420506248156e-10, 1.8524570815547665e-10, 2.198954552746415e-10, 8.545617638217266e-10, 3.267587358986338e-10, 0.18209521802899406, 0.18209548595595593, 0.1820951562995114, 0.18209545412622197, 5.49474520075582e-10, 0.1820952179128426, 0.1820952164802593, 5.802250026757289e-10, 0.1820952037202932, 0.18209515665059503, 2.762072690370549e-10, 3.15536345304666e-10, 0.18209515549221428, 1.7228349251912994e-9, 0.18209515648065494]
v_opt: [0.8179048371502514, 0.8179045517128514, 0.6689677949080934, 0.03315876835702928, 0.013731670165942492]
solution time: 0.01520085334777832
McCormick lower bound: -5.0618155573484245

