x_opt: [0.7253931533463785, 0.30145221679963047, 0.7253931559922051, 4.5045358211775305e-6, 0.7253931615196443, 0.19218003695959998, 0.8078199698521255, 0.5190392165702008, 0.3800749758647049, 0.2746068416158025, 0.27166656658339305, 0.6199246945407983, 0.27460684175366956, 0.1921800278937584, 0.27460683642072453, 0.3014522218899408, 4.499571902103188e-6, 6.179550747054024e-9, 0.19218003103606915, 0.19218001629999837]
w_opt: [0.7253931519300387, 0.4507863149511837, 1.8690510772650565e-9, 1.3848776025516896e-9, 0.3453178490491515, 0.27460683705946787, 1.5517803673150855e-9, 5.71279174978425e-9, 4.496608788533683e-6, 3.589853923832952e-9, 1.0271749208000829e-9, 0.026845374072293388, 0.02684538482560608, 0.3014522082528482, 0.27460684041247485, 0.19218002555313715, 4.533615444667799e-9, 0.3014522149380232, 4.500548858625759e-6, 0.5332131267300991, 0.24443237376467328, 3.1448143918204144e-9, 0.34531785501391743, 0.3014522140953482, 4.52899677409392e-9, 5.075047189386134e-9, 0.19218002978284457, 3.3236379105021887e-9, 1.334110407263565e-9, 7.0297852690678955e-9, 4.502359837287549e-6, 4.502762581363079e-6, 4.4972047508201206e-6, 8.951852724510279e-10, 3.371996815884409e-8, 4.498376758587026e-6, 1.35013342408854e-9, 1.8860252158790844e-9, 0.38007497478917024, 1.6170996881454757e-8, 4.62824036154445e-9, 1.1008599699475616e-9, 3.3643208948608337e-9, 4.484332633253969e-6, 9.457519115143038e-10, 0.19218003415973434, 0.19218003156862004, 3.168870172008673e-9, 0.19218003508666417, 0.19218002323611166, 1.6119301970119348e-9, 0.19218003598441225, 1.2354141762790678e-9, 3.751860498893368e-9, 0.19218002971147302, 3.427057047469556e-9, 0.6199246933975457, 0.08242690604854265, 2.1351249890012e-9, 6.844908767938245e-9, 1.0018917400441571e-8, 0.380074974355377, 1.5195241631504738e-9, 0.27460683292793353, 4.4972953308367795e-6, 0.19218002902689993, 2.5919241213273482e-9, 7.762201788508848e-10, 1.2751108022456618e-9, 0.2746068407296479, 1.9628885495723865e-9, 1.2687639518913614e-9, 1.5724115925884564e-9, 1.7624497478798995e-9, 1.991525521947942e-9, 8.931674821957336e-10, 0.274606839563038, 2.9963717560576167e-9, 0.19218002281842184, 0.27166656545968615, 1.754289964358432e-9, 1.1436883839036742e-9, 9.945458551782747e-10, 2.6588240239645814e-9, 1.1720899226574094e-9, 0.2746068352626795, 0.2746068209768047, 0.1921800141876825, 4.495318287308324e-6, 2.197506920971233e-9, 0.2746068343593313, 4.49303578505298e-6, 2.2573488592010487e-9, 0.1921800293447159, 0.19218001535658905, 1.2221311006018861e-9, 1.025916999876322e-9, 4.496221440442472e-6, 4.688830512149593e-9, 0.192180014564632]
v_opt: [0.5190392149327984, 0.7253931542637617, 0.5261952436848093, 0.07540892258627677, 0.07380275846413878]
solution time: 0.050386905670166016
McCormick lower bound: -5.580093550701391

