x_opt: [0.6969197960855736, 0.3423866441567843, 0.6969197946118246, 0.12444050260323787, 0.6969197911069153, 0.1651000039939748, 0.8349000517064125, 0.4120749954593963, 0.3030802101087552, 0.3030802009453334, 0.22263086562930184, 0.6969197925999223, 0.30308020335665126, 0.16509994836124592, 0.303080201516932, 0.34238701888022693, 0.12444050256658591, 3.240513264091879e-9, 0.12444667532826542, 0.12444039130807524]
w_opt: [0.6969197924321142, 0.39383958761979787, 5.728137374033766e-10, 5.612203668304131e-10, 0.3938395891752207, 0.30308020138889896, 4.651298937243308e-10, 2.4028199778770154e-9, 0.12444050148396722, 2.0070364989551843e-9, 5.529292276113309e-10, 0.03930643910143212, 0.039306439026284994, 0.34238664104395156, 0.30308020051879875, 0.16509994722284158, 1.942858486167445e-9, 0.3423866438273297, 0.12444050108433638, 0.5318198466653742, 0.1089947904326308, 1.3710808226265583e-9, 0.39383958925447554, 0.34238701646816616, 1.9365273908656605e-9, 2.897422230890777e-9, 0.12444667495255846, 1.120934601323194e-9, 3.907568628263083e-10, 2.4304037050656017e-9, 0.12444050198432585, 0.12444050180298905, 0.12444049992927388, 3.579041358387844e-10, 2.132939502440484e-8, 0.12444050199371093, 5.15693569291427e-10, 8.552754959830358e-10, 0.30308020976059796, 2.413121431567335e-9, 6.649619533193864e-10, 4.731452470913992e-10, 1.0244021855354456e-9, 0.12444049428321041, 3.2339832693040197e-10, 0.16510000216223145, 0.16510000244814085, 8.320052089763775e-10, 0.1651000032016218, 0.16509994637214348, 8.310575495868037e-10, 0.16510000358405538, 5.141991635263621e-10, 2.0650597668923423e-9, 0.12444667496485674, 1.4939167639852443e-9, 0.696919792127629, 0.13798049731540904, 9.187065128145536e-10, 8.169823116983184e-10, 1.1261670491664806e-9, 0.3030802096740796, 5.657213524631681e-10, 0.3030802003976249, 0.124440501836247, 0.12444667461029217, 8.033774514455074e-10, 3.9902224177266685e-10, 4.107492415748079e-9, 0.30308020287054405, 6.104679856929853e-10, 5.152787103620414e-10, 6.397026709236426e-10, 7.300879032570142e-10, 7.762326016051782e-10, 3.660296469925021e-10, 0.3030802005148386, 1.0885076633909127e-9, 0.12444667218962505, 0.22263086528730522, 8.56838170665691e-10, 3.832085470063576e-10, 4.211097193510942e-10, 1.4667971432940996e-9, 5.363226512009174e-10, 0.3030802009784003, 0.3030801977200003, 0.1244403904409945, 0.124440501442609, 9.844074784124124e-10, 0.3030802010666206, 0.12444050000034201, 7.881559158105137e-10, 0.12444667449498469, 0.12444039085651981, 4.825511552833251e-10, 4.789967233292109e-10, 0.12444038752404346, 2.7072654830743057e-9, 0.12444038902537072]
v_opt: [0.4120749950156477, 0.6969197939184794, 0.48569725056331303, 0.09185762452451512, 0.049564513141011624]
solution time: 0.020128965377807617
McCormick lower bound: -7.102540942738097

