x_opt: [0.7578716763838242, 0.2421283240487571, 0.8530436341272586, 0.1469563533281381, 0.7578716715446359, 0.242128321900706, 0.757871681123396, 0.7891720732432796, 0.4587636580229252, 0.14695638025340366, 0.19481830790155283, 0.5412363403754307, 0.2421283235629472, 0.24212831792775308, 0.1469563594434204, 0.24212835821569142, 0.14695635291990491, 7.857869201668927e-10, 0.14695635732037798, 0.14695635880340457]
w_opt: [0.757871676114663, 0.5157433479592429, 1.994586928814421e-10, 1.316962160077083e-10, 0.29910801681389626, 0.24212832243722307, 5.08504544722887e-10, 1.257208443554715e-9, 0.14695635267510396, 5.3977975317309e-10, 9.473215346938244e-11, 0.0951719582665812, 8.247656260461207e-9, 0.24212832246862784, 0.14695638013083864, 0.24212831753780625, 1.18111126439495e-9, 0.24212832393142072, 0.14695635273326685, 0.6109153153275793, 0.642215707584609, 1.4634451891600822e-8, 0.39427997543948057, 0.24212835683309042, 8.77866628758519e-10, 6.824285767505008e-10, 0.1469563572250101, 7.107775557503577e-10, 1.0746164811405598e-10, 1.3516535515504366e-9, 0.14695635313655508, 0.14695635324718007, 0.1469563515938653, 9.537996357931428e-11, 5.813017321517728e-9, 0.14695635280656444, 9.958627271381932e-11, 2.4073858361701434e-10, 0.4587636579837805, 3.4748357497320823e-9, 1.8852828297717498e-10, 1.2430860174832638e-10, 2.330005818235958e-10, 0.14695634934286209, 9.502331112983856e-11, 0.2421283215515379, 0.2421283205615043, 5.142365612330819e-10, 0.24212832173950904, 0.24212831506463528, 1.9891990274910493e-10, 0.24212832179479737, 1.6070415213764786e-10, 5.68593601884661e-10, 0.1469563572289752, 3.8489254925985646e-10, 0.5412363403086914, 5.2306677529063435e-8, 2.2003702019629612e-10, 3.4941589373119245e-10, 1.4608742066877472e-9, 0.45876365791255214, 1.357905693447111e-10, 0.14695635848075247, 0.14695635278247182, 0.14695635719218866, 2.2883919639974928e-10, 8.82369508155562e-11, 1.1699533968200513e-9, 0.24212832348550734, 1.9226254748587666e-10, 1.0763599155510118e-10, 1.3115242891580421e-10, 3.2721538165114156e-10, 3.728872825757629e-10, 9.683216477852404e-11, 0.14695638016608525, 5.002088955955676e-10, 0.14695635699282442, 0.19481830780414028, 1.7593196075969578e-10, 1.0161827572928893e-10, 1.4457828073175594e-10, 3.1154677840279484e-10, 9.531906612764478e-11, 0.14695635939206755, 0.2421283188115781, 0.14695635869262597, 0.1469563515717546, 1.7649921914490473e-10, 0.14695635929803474, 0.1469563508891187, 2.554075995063805e-10, 0.14695635702257762, 0.1469563587146287, 1.0311505145944648e-10, 1.019704712027678e-10, 0.14695635174071042, 6.738810518926944e-10, 0.14695635707839516]
v_opt: [0.7891720731568744, 0.8530436340624885, 0.574369477094821, 0.021596180129658665, 0.03795417748229866]
solution time: 0.012634038925170898
McCormick lower bound: -3.637064118341717

