x_opt: [0.8151519321608419, 0.1848480136775309, 0.8151525532695485, 0.07374900395458628, 0.7421964261856788, 0.25780352991258937, 0.8151519680419167, 0.7620166478952702, 0.4614521566777651, 0.18484744676804638, 0.1848480293776017, 0.5385478506734751, 0.25780355477855316, 0.18484802954345086, 0.1848480200863246, 0.2578035964484024, 0.07374900389841323, 1.3971460520019904e-8, 0.18484740499608004, 0.18484739968772668]
w_opt: [0.8151519300245271, 0.5573483603031313, 3.735011870087383e-9, 4.273065908805993e-9, 0.35369978515309586, 0.25780354105372894, 4.608272193714899e-9, 2.078133893301377e-8, 0.07374899841304694, 8.479559621634187e-9, 2.5228713671367533e-9, 5.68751129037392e-7, 1.8835905495300935e-8, 0.18484799674955363, 0.18484744374971485, 0.18484800558607864, 2.2846799351879286e-8, 0.18484801126156367, 0.07374899514579115, 0.6303045240216728, 0.5771692047317312, 9.234023029081124e-9, 0.3537004156886592, 0.2578035852729745, 1.0131528752490489e-8, 1.0996849642612592e-8, 0.18484740188590437, 7.649971049400427e-9, 2.0772327340052154e-9, 1.3640741236198525e-8, 0.07374899882305341, 0.07374900018036523, 0.07374897901219889, 2.8870403524109264e-9, 5.0377737002841255e-8, 0.07374899889609, 3.17427987477795e-9, 6.1213623317010025e-9, 0.4614521544559935, 1.3806896126682164e-8, 2.4426129349044776e-9, 3.695795679372846e-9, 4.327333515268076e-9, 0.07374896609501669, 2.876303449452061e-9, 0.257803521624763, 0.2578035157846424, 5.7921908100278e-9, 0.2578035258304647, 0.1848480201955537, 4.8997555996883935e-9, 0.2578035266805365, 3.6783033002959444e-9, 8.147554673824664e-9, 0.1848474005377426, 5.571027213893668e-9, 0.5385478468152997, 0.0729556844769852, 3.6033332732159824e-9, 6.0445036659553325e-9, 1.2568329866912319e-8, 0.4614521532085324, 3.543292721887594e-9, 0.18484800949634575, 0.07374899890208507, 0.18484740160929458, 3.59770618598849e-9, 2.474099636332774e-9, 1.2790158248469932e-8, 0.25780355207900374, 5.438289849912652e-9, 2.7969303571685973e-9, 4.3519089433563606e-9, 8.71306333980363e-9, 8.1521061950302e-9, 2.8314650842546063e-9, 0.1848474429732489, 5.068156703114919e-9, 0.18484735535802083, 0.18484802554091354, 4.179132441903817e-9, 3.120692376975916e-9, 4.657224582380253e-9, 5.457774500580927e-9, 2.559465550354782e-9, 0.18484801776092533, 0.25780347454829156, 0.18484739608776266, 0.07374898895715719, 4.512479333978827e-9, 0.18484801619180244, 0.07374898172859214, 4.4947509667308395e-9, 0.18484740089741405, 0.18484739595754415, 2.548689482497859e-9, 2.832846266395481e-9, 0.07374899665266148, 1.0589053087557427e-8, 0.18484739605751146]
v_opt: [0.7620166452629163, 0.8151525502321774, 0.5508556309353781, 0.03416869007905664, 0.03416882050963325]
solution time: 0.015600919723510742
McCormick lower bound: -4.108856089112234

