x_opt: [0.6353514458854106, 0.3646485664716044, 0.6353514460896972, 8.491950402629708e-7, 0.6353514297858281, 0.1594499371954476, 0.8878497070203197, 0.3646486156838039, 0.3646486092547936, 0.3646485526279442, 0.2286822486787323, 0.6353513478023265, 0.3646485715500754, 0.11215030669684682, 0.3646485683010832, 0.36464858837613184, 8.494396035972188e-7, 5.651743014916711e-9, 0.112149730256473, 0.11214972128902552]
w_opt: [0.6353514442143089, 0.2707028766589999, 1.7701034931915295e-9, 1.3919289342907217e-9, 0.2707027946178686, 0.36464856812657426, 1.0558599440610472e-9, 1.9880835176140715e-8, 8.471188212378836e-7, 3.474848080605873e-9, 1.1012608202284684e-9, 1.3511203462589008e-8, 1.0969780595372068e-8, 0.36464855816632286, 0.36464855092236864, 0.11215030416834007, 5.054204318190189e-9, 0.36464856525177103, 8.460503257696543e-7, 0.5232011539082013, 6.255220509889067e-8, 3.544450631540519e-9, 0.27070279762809235, 0.3646485836248519, 4.782829630209214e-9, 4.963682629966211e-9, 0.11214972937175101, 3.2436584717432897e-9, 7.922161938267536e-10, 6.439941000190736e-9, 8.47541756113351e-7, 8.476863919677256e-7, 8.408892756232918e-7, 7.584571904586795e-10, 5.3398959330445047e-8, 8.480262911514571e-7, 1.203498390497509e-9, 1.880843984302288e-9, 0.3646486083094128, 5.595534353542059e-9, 2.56341075940136e-9, 1.08606687927658e-9, 3.100769538838651e-9, 8.334266508790028e-7, 7.785086114588474e-10, 0.15944993392286858, 0.15944993347325154, 1.9857656183427666e-9, 0.15944993568462812, 0.11215030292294062, 1.7618240656014408e-9, 0.15944993640643282, 1.0212185036886728e-9, 3.5506240424103333e-9, 0.1121497292624525, 3.2832399495497324e-9, 0.6353513466550886, 0.2524983761924939, 1.4779511403003907e-8, 2.4800586601059627e-9, 2.4045481556995405e-9, 0.36464860786406, 1.2724589941179026e-9, 0.36464856553881797, 8.473007315062298e-7, 0.11214972864939028, 1.5785621647420582e-9, 7.010503512110564e-10, 1.1258866734365702e-9, 0.36464857075351215, 1.755344634894666e-9, 1.0237383482157945e-9, 1.4359460399575416e-9, 1.7345201711298097e-9, 1.8960754827830877e-9, 8.114160619153341e-10, 0.3646485511222633, 1.8746375495537573e-9, 0.11214972332478425, 0.22868224795090916, 1.6942558207569864e-9, 1.0133449313930623e-9, 8.612655959271733e-10, 2.4172038673178143e-9, 1.0613600299590567e-9, 0.3646485674237766, 0.3646485344266274, 0.11214971954130927, 8.466596640846805e-7, 2.3862369631735602e-9, 0.36464856665781653, 8.432960826599259e-7, 1.6153948027509629e-9, 0.11214972889792184, 0.11214972025881967, 1.0582003372195686e-9, 9.001894465044801e-10, 8.460064462681223e-7, 4.6356886149753234e-9, 0.11214972042184837]
v_opt: [0.36464861465328524, 0.6353514445687556, 0.40367144007114397, 0.1329685665880603, 0.05229599171380545]
solution time: 0.01321101188659668
McCormick lower bound: -8.068400071722547

