x_opt: [0.6947978394519512, 0.3052028237388523, 0.6947978395376196, 0.08660197882522193, 0.6947978394604712, 0.16864048164341366, 0.8313595635498462, 0.4029925024032172, 0.30520216074061746, 0.30520216043581205, 0.21045285190126398, 0.694797839203943, 0.30520216047449433, 0.16864043651735977, 0.30520216010120893, 0.3052028241775159, 0.08660197875989613, 2.43463455807232e-10, 0.1686404144628855, 0.08660197919157667]
w_opt: [0.6947978393818515, 0.3895956789537696, 9.368508540056784e-11, 6.160484902582667e-11, 0.3895956787090569, 0.3052021602824614, 5.035007719192684e-11, 1.8713716379846135e-10, 0.08660197863957692, 1.391776681799211e-10, 5.50427140596268e-11, 6.633235144477378e-7, 6.634298935217445e-7, 0.3052028234222588, 0.3052021604025826, 0.16864043639901635, 1.70856327530494e-10, 0.30520282368299645, 0.08660197867317977, 0.526157403119737, 0.0977903419792219, 1.77463764815126e-10, 0.389595678927589, 0.30520282388642894, 1.8094039378930392e-10, 2.0761956867536382e-10, 0.16864041442127273, 1.3750602646416536e-10, 4.800153599210363e-11, 2.1949471059251167e-10, 0.08660197875748467, 0.08660197873917032, 0.08660197857056504, 3.5644513336675906e-11, 1.0980171429985603e-9, 0.08660197870981687, 5.091862439824848e-11, 7.785017628960327e-11, 0.30520216070038686, 3.89306939774263e-10, 1.2291283118426325e-10, 4.829353259337609e-11, 1.15782564156394e-10, 0.08660197815280922, 3.413123494918132e-11, 0.1686404814893833, 0.16864048146774294, 1.0516547878805476e-10, 0.16864048155143296, 0.1686404363558431, 7.677612184979164e-11, 0.1686404816019158, 5.037490944277542e-11, 1.4450718183184048e-10, 0.1686404144202138, 1.5416846724536004e-10, 0.6947978391545472, 0.13656172685541354, 1.4810191326884734e-10, 1.20007008214773e-10, 1.7143285715298497e-10, 0.30520216069098, 6.056729132689702e-11, 0.30520215996594563, 0.08660197867798375, 0.1686404143790245, 9.745687000659233e-11, 3.7284325505245054e-11, 9.071374503297848e-11, 0.3052021604231395, 6.523553701840852e-11, 5.459742802155657e-11, 5.93285496436055e-11, 6.716450358430449e-11, 7.420858854163842e-11, 3.775990496302541e-11, 0.30520216037917164, 1.2297364434783803e-10, 0.16864041416430411, 0.21045285204373854, 7.271757579428094e-11, 4.086129880656925e-11, 4.033409852895034e-11, 1.4911092264998112e-10, 5.285432258495109e-11, 0.3052021600495223, 0.3052021596400048, 0.0866019790899862, 0.08660197862124165, 1.0135367088319178e-10, 0.3052021600255927, 0.08660197851903685, 7.653794479812375e-11, 0.16864041437918773, 0.08660197914978748, 5.222524523538019e-11, 4.484260833497049e-11, 0.08660197852671632, 1.8805828159312552e-10, 0.0866019791307186]
v_opt: [0.40299250234845807, 0.6947978394554701, 0.4827440534360753, 0.09314837519883368, 0.04429040459319557]
solution time: 0.014333009719848633
McCormick lower bound: -7.542124346943918

