x_opt: [0.7943258864431775, 0.20567367723440075, 0.7943263774523387, 0.20567370713604868, 0.7943262701610954, 0.1626250155778159, 0.7943265009419295, 0.8964417166550849, 0.6892666828932159, 0.20567367718780893, 0.06651180015147301, 0.7943260661588846, 0.20567366246858176, 0.20567349967492626, 0.20567306172885125, 0.20567369163286853, 0.2056736731452499, 1.9821676249830323e-8, 0.10355713506555715, 0.10355703385678704]
w_opt: [0.794325880956567, 0.5886521596612141, 6.828762448527899e-9, 4.862305140683387e-9, 0.588651956840739, 0.20567363585778226, 4.328108904030951e-9, 1.7797372707976405e-8, 0.2056736653649535, 1.2279132333349051e-8, 5.700257833692136e-9, 5.7920615300237643e-8, 3.115452759218521e-8, 0.20567364978274993, 0.2056736690261218, 0.20567348640478972, 2.173004187721682e-8, 0.20567367119107838, 0.2056736936067265, 0.5886528810790428, 0.6907680977561926, 7.337480915547565e-8, 0.5886524695619509, 0.20567366735021034, 1.0609987423427523e-7, 1.709401987694488e-8, 0.10355713239008851, 1.380934695091672e-8, 3.881093485599423e-9, 2.373669040443471e-8, 0.20567370312169095, 0.20567370054998813, 0.20567364506041122, 3.2062583398722532e-9, 1.0633925016417618e-7, 0.20567367067675943, 3.3933740040977827e-9, 6.7965598902089624e-9, 0.6892666807397123, 3.795744199300964e-8, 6.77440002561515e-9, 4.684809928559591e-9, 1.0586710177490454e-8, 0.20567361500606413, 2.590141810761753e-9, 0.1626249921546775, 0.16262499806370467, 7.800701555747534e-9, 0.16262500657600204, 0.16262499867224173, 9.357092735692887e-9, 0.16262501152005346, 5.269445016749513e-9, 1.2220067978765064e-8, 0.10355713183731781, 1.7989005872453526e-8, 0.7943260617714835, 1.0144593358125373e-6, 1.0062327905262991e-8, 8.866417026654802e-9, 1.829979077132766e-8, 0.6892666780051334, 4.692298535611314e-9, 0.20567304432273822, 0.20567366862469164, 0.10355712997449873, 2.650956421609859e-8, 5.647812878369532e-9, 0.4835928275192656, 0.20567365747926464, 4.184374355833737e-9, 4.3009973010097765e-9, 4.42012575074956e-9, 7.636048213605528e-9, 8.391429214144838e-9, 2.5872622402010136e-9, 0.20567364541792188, 1.5042132670897223e-8, 0.10355711000596998, 0.06651179693221658, 6.723799587050531e-9, 2.5666369146151275e-9, 3.3412896513094274e-9, 1.2794496724417385e-8, 4.410175954810423e-9, 0.20567305674408773, 0.20567354907390495, 0.10355702666542482, 0.20567348337041155, 8.284591896409141e-9, 0.20567305573357664, 0.20567295986115594, 5.581044989091109e-9, 0.10355712486453592, 0.10355702927520581, 3.809377581092497e-9, 4.386511499427511e-9, 0.10355699900637316, 1.5923206713787024e-8, 0.10355701168341093]
v_opt: [0.8964417136651462, 0.7943263729383392, 0.6309545078862361, 0.042301662619137946, 0.004424248747313244]
solution time: 0.013436079025268555
McCormick lower bound: -5.743056866992767

