x_opt: [0.738659367334156, 0.26134059924539993, 0.7386594649801804, 1.9144582382500377e-6, 0.73865881179542, 0.23621177920150893, 0.7637884058133714, 0.6589843169540107, 0.44012275734682954, 0.26134053800497686, 0.2536310440776978, 0.559877213133303, 0.26134114555861515, 0.2362116004014053, 0.2613410840683213, 0.2613411773903856, 1.9018721887049422e-6, 8.242816117063873e-8, 0.14420812281144563, 0.144208073049075]
w_opt: [0.7386593537199249, 0.4773181919234406, 2.527540262937986e-8, 2.4091206503591905e-8, 0.2985365943198486, 0.2613410773655916, 2.1589899385578398e-8, 5.839003090084159e-7, 1.8691293002606164e-6, 4.985084252197508e-8, 1.6450302723526096e-8, 7.574584122716495e-8, 1.2169577604504179e-7, 0.26134049011863153, 0.2613405187562524, 0.23621156096204174, 1.3093098360061745e-7, 0.26134058416306094, 1.8665908750510431e-6, 0.5024478868741188, 0.3976437984122021, 5.0151022128001194e-8, 0.29853674254692675, 0.26134111357619255, 6.747477695902401e-8, 6.797856143499618e-8, 0.14420810557100067, 4.568502643428405e-8, 1.1637923453325482e-8, 7.364537220683768e-8, 1.8842280188511193e-6, 1.8920704880400212e-6, 1.772166378395015e-6, 1.588529124621548e-8, 2.5817438122110657e-7, 1.878572452824682e-6, 1.980493795833781e-8, 3.601434856295701e-8, 0.44012274260832596, 8.522284180508968e-8, 1.5744700665276852e-8, 2.227116001740748e-8, 3.183457303491179e-8, 1.7127508240789675e-6, 1.6465273913929723e-8, 0.23621172649112795, 0.23621170472934316, 3.235032920867924e-8, 0.23621175783616274, 0.23621152617976487, 3.1133228587163184e-8, 0.2362117628795056, 1.995993166948104e-8, 4.805689996299821e-8, 0.14420809774081528, 3.6192419154759426e-8, 0.5598771891342739, 0.025130301996428468, 2.954659950437942e-8, 4.176558421121148e-8, 6.556370164071456e-8, 0.44012273931527857, 2.1417017074297093e-8, 0.26134103199846165, 1.8682494752826186e-6, 0.14420810139358028, 2.080762724646518e-8, 1.369280981113766e-8, 3.050643077280178e-8, 0.26134113188478914, 3.5238485219416526e-8, 1.6369064797573846e-8, 2.6498314731393022e-8, 4.7779005249252374e-8, 4.644316791435273e-8, 1.651693692805159e-8, 0.2613405179969355, 2.745950693038466e-8, 0.14420797116272657, 0.2536310274107053, 2.5598033516078596e-8, 1.9671224211275914e-8, 2.26272349357496e-8, 3.26758726064541e-8, 1.59619726706136e-8, 0.2613410691725608, 0.26134052844494465, 0.14420805041522836, 1.8365910073649386e-6, 3.09750262957314e-8, 0.26134105892568965, 1.7761283858763062e-6, 2.5556646947525685e-8, 0.1442081001752912, 0.14420805103027187, 1.5818976451525454e-8, 1.6319754611107707e-8, 1.8563840312364873e-6, 6.41915424045824e-8, 0.14420805456726182]
v_opt: [0.6589843014550106, 0.7386594449717289, 0.545617741118865, 0.0682990067769162, 0.06432893599018494]
solution time: 0.01498103141784668
McCormick lower bound: -5.161765394380943

