x_opt: [0.7121586690271782, 0.2878427104700328, 0.71215877125809, 2.3416371152576698e-6, 0.712158224783824, 0.17622714932049766, 0.8237734902071654, 0.5067349270217014, 0.3676543005059375, 0.2878411173302577, 0.28784113684580065, 0.6323455298926897, 0.28784170376945134, 0.17622650091031775, 0.2878416747356421, 0.3090706225198554, 2.342744954775185e-6, 4.719769528986606e-8, 0.17622631568178002, 0.17622585759086892]
w_opt: [0.7121586488706182, 0.42431689784652643, 7.481340682821285e-9, 7.785568254858667e-9, 0.34450420376014923, 0.2878416782274877, 8.682501158693911e-9, 3.7879154021137654e-7, 2.330576713560108e-6, 3.197956764966701e-8, 5.524004092563825e-9, 1.4852996085140849e-6, 1.0150508759982457e-6, 0.2878426450199069, 0.2878411129424935, 0.1762264895704328, 5.2977914315138256e-8, 0.2878427062978299, 2.319859740804254e-6, 0.535932266433487, 0.218893704354106, 2.4998608374665508e-8, 0.34450432862308317, 0.30907059073626336, 2.8090475651339456e-8, 4.148838385482742e-8, 0.1762263096483037, 2.388947593028338e-8, 4.555603647816503e-9, 5.933812604640436e-8, 2.328792124161503e-6, 2.3312335759319033e-6, 2.259720307135542e-6, 4.973092234093973e-9, 3.426841385312296e-7, 2.333812998779153e-6, 7.846081330363568e-9, 1.1771741316671977e-8, 0.3676542954892982, 1.8481061243752095e-8, 2.7595964665568678e-9, 6.600908830879686e-9, 1.0654178496777651e-8, 2.25102163133154e-6, 5.2365316115343376e-9, 0.17622713265880824, 0.17622711494786555, 1.3071597474906558e-8, 0.17622714174194762, 0.1762264625430725, 1.0565303631119964e-8, 0.17622714465099173, 6.774878272115128e-9, 3.216359678410082e-8, 0.1762263084317661, 1.8059526434034352e-8, 0.6323455233630422, 0.11162030532837197, 9.509184543792275e-9, 6.831395892221895e-8, 2.8127646450238323e-8, 0.36765429326796034, 7.521502110096776e-9, 0.28784165730607375, 2.3305277114427198e-6, 0.1762263076766601, 8.933094431215962e-9, 4.063905397434103e-9, 1.0355354415677822e-8, 0.2878416990901625, 1.3327960227827324e-8, 5.725758743906061e-9, 1.095600147733467e-8, 1.493345205099936e-8, 1.5478069564364944e-8, 4.632389927766946e-9, 0.28784111492720926, 1.309043447972153e-8, 0.17622628894078365, 0.28784113213996215, 1.184737916614485e-8, 6.8136383475310515e-9, 5.691182828036066e-9, 7.464080591343197e-9, 5.9758504107057705e-9, 0.2878416692410844, 0.2878415727079584, 0.17622584970869803, 2.320775519962269e-6, 1.1910256136740308e-8, 0.28784166914917036, 2.301297879987948e-6, 1.3609160928038597e-8, 0.1762263088143113, 0.17622584934507107, 5.757986478483982e-9, 5.693417911756006e-9, 2.3201357875989145e-6, 4.028367725305902e-8, 0.1762257713936274]
v_opt: [0.506734920760804, 0.7121587642231274, 0.5071693618274008, 0.08285251956626953, 0.08285264680693236]
solution time: 0.01524496078491211
McCormick lower bound: -5.083933954710311

