x_opt: [0.6559971891757058, 0.3440030631677745, 0.6559971922637283, 1.5306282335848147e-5, 0.6559971494180321, 0.13886494195409024, 0.8611351152821886, 0.38902753333175083, 0.3440034407546943, 0.3440027721868539, 0.2707660106089901, 0.6559965396902286, 0.34400284954775384, 0.13886488535785524, 0.34400284377128293, 0.3440041031383719, 1.529270798879658e-5, 1.1214423379949873e-8, 0.13886483680693817, 0.13155620876720184]
w_opt: [0.6559971857298594, 0.3119943400070139, 1.6892907689012808e-9, 2.3140195712161956e-9, 0.3119937304468442, 0.3440028429529258, 2.1445391018976324e-9, 4.1682580968755686e-8, 1.528896953257664e-5, 7.086621619109686e-9, 1.7677516105026658e-9, 2.567447408128074e-7, 2.2491826617520552e-7, 0.3440030507920503, 0.3440027704927718, 0.1388648811806445, 8.024661776884175e-9, 0.34400306180682555, 1.5300718184108313e-5, 0.5171323089875192, 0.04502472716574891, 2.8487634729718308e-9, 0.3119937385692276, 0.34400409526909553, 6.829772939383767e-9, 9.771481092709543e-9, 0.1388648351329186, 5.291322901060144e-9, 1.421201631039001e-9, 9.935268296629597e-9, 1.5303294874174922e-5, 1.5303666999237023e-5, 1.529223595472134e-5, 1.4367046157253487e-9, 1.2073192642971458e-7, 1.5290422261327952e-5, 2.097597442630054e-9, 3.3065409920267667e-9, 0.3440034392383481, 8.497553476677235e-9, 2.676570436951442e-9, 2.0060986306081244e-9, 3.8787595991641115e-9, 1.5275448248399043e-5, 1.4757542811349605e-9, 0.13886493663462463, 0.1388649343764847, 3.6673814049960533e-9, 0.13886493940570716, 0.1388648766595538, 2.8416949180822776e-9, 0.1388649404046823, 1.9003860999131554e-9, 7.146697268207044e-9, 0.138864834783841, 4.470929902142308e-9, 0.6559965376414224, 0.2051383158350282, 3.992427222117702e-9, 5.325937121201561e-9, 6.1191324511608554e-9, 0.3440034389006025, 2.173427816299855e-9, 0.3440028390725104, 1.5289389536220265e-5, 0.1388648342821511, 2.654246240619757e-9, 1.2965423346162046e-9, 3.350573435515702e-9, 0.34400284810125376, 2.990803026154687e-9, 1.7730059849943819e-9, 2.6479157568084744e-9, 3.3179727379761927e-9, 3.383932020141534e-9, 1.426505258849703e-9, 0.34400277060931606, 3.3241928503287182e-9, 0.13886482247986875, 0.27076600905605297, 3.0313856534365687e-9, 1.7593257391143824e-9, 1.656845940846048e-9, 3.472658010613135e-9, 1.7994671189885167e-9, 0.3440028419813516, 0.34400282207383404, 0.13155620600186216, 1.5286592572355973e-5, 3.3928427707211735e-9, 0.3440028414922196, 1.5282056496874162e-5, 3.0839382639177744e-9, 0.13886483431807783, 0.13155620692729822, 1.7196128713923577e-9, 1.6705707303980895e-9, 1.528379044162518e-5, 9.216600614635615e-9, 0.13155620302612261]
v_opt: [0.3890275315367859, 0.6559971899436302, 0.43033232535447785, 0.11833817707631099, 0.07331437899482206]
solution time: 0.012469053268432617
McCormick lower bound: -5.908905643110679

