x_opt: [0.47431722772448853, 0.25481961994469526, 0.8659223690325483, 0.1341053050485915, 0.865893554876331, 0.1341060052755937, 0.8091837997290126, 0.8659214771902093, 0.8658935093403874, 0.13407765753882486, 0.13407762139599072, 0.8091826228762115, 0.13410583491828787, 0.13410640813419264, 0.13407750460017887, 0.2548263174989366, 0.13409878303944223, 8.004176173663825e-8, 0.13407755379622188, 0.1340774971759752]
w_opt: [0.47431721581474007, 0.3402107874141292, 1.72844924925284e-8, 1.0206111759710055e-8, 0.28349986040433367, 0.13410574790162205, 1.5260968787533273e-8, 4.1471232013706934e-8, 0.1340987609548828, 5.377362506046667e-8, 7.991758769515098e-9, 0.12074199984919445, 0.12071325617128202, 0.2548195503740938, 0.13407764266547406, 0.1341063893880093, 7.659062961600898e-8, 0.2548196116204451, 0.13410525255730263, 0.6751061760734083, 0.7318438700344202, 6.601925611709998e-8, 0.6751050985150192, 0.2548261776693354, 2.1177951410279895e-5, 6.499890323147807e-8, 0.1340775438076332, 2.591895047554596e-8, 1.2337554968597539e-8, 1.2626583233947143e-7, 0.1341052917918614, 0.1341052897950526, 0.1340775667359383, 8.823388628201632e-9, 9.499625397302262e-7, 0.13409877522326324, 9.370086304503929e-9, 1.6788859453166727e-8, 0.8658935019690677, 1.0563738075901104e-7, 1.708209353639023e-8, 1.5647685529949582e-8, 1.9799141397199014e-8, 0.1340981643679941, 7.529032187634743e-9, 0.13410597589047832, 0.13410593064263962, 2.8291825178916837e-8, 0.13410580804595962, 0.13410596609238598, 1.6123810266136288e-8, 0.13410599407476828, 1.4519630959952519e-8, 5.482538559588541e-8, 0.13407754424883106, 3.647007671497333e-8, 0.8091826140278288, 3.964930600502756e-6, 1.1075846794580323e-8, 1.7392669662168555e-8, 7.297879999236945e-8, 0.8658934945111781, 1.5758460972062927e-8, 0.13407740398790063, 0.13409877124148578, 0.1340775405843941, 3.233304089563145e-8, 1.0120881235118062e-8, 0.6750761512764512, 0.1341058176313357, 1.1845378717972158e-8, 1.1188631628874245e-8, 1.2675551836180814e-8, 1.9445880661066747e-8, 2.2078400198077585e-8, 7.1149015795050415e-9, 0.1340776432774349, 6.678746477964871e-8, 0.13407727878708944, 0.1340776038832547, 1.828405137628092e-8, 7.165320619086079e-9, 1.1116508358449992e-8, 2.8146533112857473e-8, 9.902526403463968e-9, 0.13407749131353383, 0.1341056515203954, 0.13407748267212385, 0.134098691867453, 1.450167571911143e-8, 0.13407748256979948, 0.13407745134355423, 2.6271238834582913e-8, 0.13407744573639946, 0.1340774812386338, 8.895301434471317e-9, 1.1847941381183884e-8, 0.1340774621044061, 6.418070995272197e-8, 0.13407747451705235]
v_opt: [0.8659214666647131, 0.8659223592872192, 0.7497735528568512, 0.017976819699953978, 0.01797689518733806]
solution time: 0.013684988021850586
McCormick lower bound: -3.4612347658296376

