x_opt: [0.7363214762662372, 0.34033090542356126, 0.736321486037981, 0.17202890490108935, 0.7363217296596879, 0.1720284424963374, 0.8279717012021562, 0.39869780977051755, 0.26368228385196363, 0.2636784531239508, 0.22377470211317343, 0.7363176118999418, 0.2636784445554076, 0.17202828432592324, 0.2636782540810422, 0.34033100633313607, 0.17202811582688246, 1.2500243915730432e-7, 0.17202828801944042, 0.1720281656712196]
w_opt: [0.7363214156536154, 0.47264322342819476, 3.730584930644692e-8, 2.3951092365626182e-8, 0.47263910967756295, 0.2636783618725351, 2.3003056921647844e-8, 8.791837974564576e-8, 0.17202806255064926, 7.698024288336036e-8, 2.0744092365896402e-8, 0.07665241426012995, 0.07665274161133638, 0.340330734160332, 0.26367843209234054, 0.17202824091504493, 8.06819390858029e-8, 0.3403308761803268, 0.1720288316741516, 0.5642932013524173, 0.13501931370489126, 7.350730431537158e-8, 0.4726391868172803, 0.34033085451851136, 7.911301636565566e-8, 1.0881338800214446e-7, 0.17202826995390283, 5.972187037059975e-8, 2.2387416707636286e-8, 1.6710008655427586e-7, 0.1720288741315591, 0.17202887103368975, 0.1720287950248435, 1.4593225655174849e-8, 1.3300088149271284e-6, 0.1720280985438899, 2.2192057418564785e-8, 3.305389009850212e-8, 0.26368226754389346, 3.747611454087351e-7, 2.1554736771615267e-7, 1.884496135035641e-8, 8.458216785843857e-8, 0.17202773714809239, 1.4359075650512288e-8, 0.1720283828686611, 0.1720283638640824, 4.934117996623153e-8, 0.17202840618958745, 0.17202818557222962, 3.112624886491941e-8, 0.17202842618669734, 2.1271204859511335e-8, 8.211689992790831e-8, 0.17202826912177477, 8.159488586140304e-8, 0.7363175935007793, 0.09165173180525524, 4.755006070331192e-8, 1.451788877400627e-7, 1.5600598605275128e-7, 0.26368226162125447, 2.5611031836610905e-8, 0.2636781958560985, 0.17202808132612515, 0.17202825108032455, 4.8335607465849824e-8, 1.4511559256283933e-8, 2.7909780283692655e-8, 0.2636784256444381, 2.806043658950671e-8, 2.2834926535639894e-8, 2.571765326648578e-8, 2.7489782588780112e-8, 3.1652180933798624e-8, 1.4410191041503356e-8, 0.26367841439140655, 6.195242110098209e-8, 0.1720281535222814, 0.22377468586191793, 3.3674655296152055e-8, 1.7094880627229218e-8, 1.5433596758349572e-8, 5.700465044163565e-8, 2.2228853432698737e-8, 0.2636782338580219, 0.2636780947485406, 0.17202812413115773, 0.17202802906160386, 4.2875239879293956e-8, 0.26367822066605306, 0.17202800829118955, 4.003012632706245e-8, 0.1720282552545364, 0.17202814918887482, 2.1972356899858475e-8, 1.8432796288869487e-8, 0.17202798701268449, 1.0129340886145729e-7, 0.17202811977273214]
v_opt: [0.3986977848970265, 0.7363214546279592, 0.5421699854875125, 0.06952634356413663, 0.05007512683277832]
solution time: 0.014338970184326172
McCormick lower bound: -6.66995595504756

