x_opt: [0.6678621634898629, 0.33213814349916226, 0.6678621729816262, 0.07791117041190719, 0.6678621717206421, 0.1963285245971235, 0.8807561912246388, 0.3893749359093501, 0.3321378505434802, 0.33213782636843714, 0.2020774382868887, 0.6678621378629637, 0.33213782757254257, 0.11924382199155498, 0.3321378004880769, 0.3321381626378635, 0.07791116367969644, 2.1560650075893323e-8, 0.11924369114775817, 0.07791195067122117]
w_opt: [0.6678621566884112, 0.3357243396989127, 7.99259997284398e-9, 5.362036807986016e-9, 0.335724306103178, 0.3321378110879337, 4.5893980796228474e-9, 1.772281684493212e-8, 0.07791115273908782, 1.2414210072901759e-8, 4.969020552396973e-9, 3.210046645461736e-7, 3.3816816143587597e-7, 0.33213811270624827, 0.33213782212630716, 0.11924381182321579, 1.5607381944487894e-8, 0.3321381380162557, 0.07791115670467143, 0.5486183671843153, 0.05723711234348135, 1.806058948059438e-8, 0.33572432785943623, 0.3321381338970165, 1.7056917199680614e-8, 1.855932867198128e-8, 0.1192436876059727, 1.3795664560568018e-8, 4.400089966741458e-9, 2.2672949831940336e-8, 0.07791116448179332, 0.07791116298693582, 0.07791114760065328, 3.019102054865813e-9, 1.2035380370979325e-7, 0.07791115921970167, 4.462653927700888e-9, 6.729029622248859e-9, 0.3321378470909788, 4.407798002684998e-8, 1.2586507628761309e-8, 4.200667429383006e-9, 1.0858729217635508e-8, 0.07791110895478864, 2.9674401779129946e-9, 0.19632851143100702, 0.19632850905289143, 9.736892911250732e-9, 0.1963285165259224, 0.11924380646505738, 6.792939842391727e-9, 0.19632852119090793, 4.321573374577256e-9, 1.2913810692815066e-8, 0.11924368770203128, 1.5793038939871643e-8, 0.6678621337917288, 0.21289439026148993, 2.004331771430344e-8, 1.2175956702235089e-8, 1.682950488396091e-8, 0.3321378462325824, 5.366940116846043e-9, 0.33213778949886746, 0.07791115642059948, 0.11924368342978169, 9.498407212711643e-9, 3.1029819603815813e-9, 6.645209731226134e-9, 0.3321378231109534, 5.776412428814e-9, 4.831093483424803e-9, 5.191370904527958e-9, 5.698284687381081e-9, 6.479761026416915e-9, 3.324007104476309e-9, 0.3321378198815974, 1.1358600498547785e-8, 0.11924366621748174, 0.20207743504856487, 6.5949786026944485e-9, 3.5996438151735048e-9, 3.403629688908823e-9, 1.4352476606418099e-8, 4.6875428280321205e-9, 0.33213779607508587, 0.33213773480680503, 0.07791194148532286, 0.07791115184593536, 9.454987280461245e-9, 0.3321377938811583, 0.077911141791045, 6.913449901325977e-9, 0.11924368424397497, 0.07791194691923464, 4.7304442141825105e-9, 3.81677550405339e-9, 0.07791114706496682, 1.6974782587133707e-8, 0.07791194190583803]
v_opt: [0.38937493111694754, 0.6678621657561254, 0.44604000919774456, 0.11031554165593407, 0.04083530329777717]
solution time: 0.014307022094726562
McCormick lower bound: -7.988419921331082

