x_opt: [0.803458342800544, 0.19654192549536878, 0.8034585283036363, 0.1965411119621222, 0.8034581640832854, 0.19654107493980388, 0.8034587888422748, 0.8875804291042992, 0.6466337863278628, 0.19654163683557405, 0.11241949675746397, 0.7729577858827414, 0.19654166616603144, 0.19654120960926852, 0.1965408338849924, 0.1965421618244326, 0.19654106759952203, 3.714949057495722e-8, 0.11241930308537677, 0.1124192630947136]
w_opt: [0.803458335202219, 0.6069165106711496, 1.363989199574415e-8, 7.667511995021831e-9, 0.5764161347881707, 0.19654162908084097, 6.607413370296206e-9, 2.7337021360599527e-8, 0.19654105508177142, 2.4419965841440447e-8, 6.9563423455658805e-9, 4.578218294091351e-7, 2.8180739827902233e-7, 0.19654186824101014, 0.1965416294808014, 0.19654119183054086, 6.331921906309277e-8, 0.19654192049950256, 0.19654109080901216, 0.6069173217551526, 0.6910389632692657, 1.8701314579168337e-7, 0.5764163584013119, 0.1965421252067649, 2.6796332231284712e-8, 3.2564182461267036e-8, 0.11241929844310697, 1.5124726254655092e-8, 4.5992072414579484e-9, 5.630833362543806e-8, 0.19654110499742755, 0.1965411019481329, 0.196541067444979, 4.979156789496373e-9, 3.905992600990982e-7, 0.19654106317906955, 5.626145326980774e-9, 1.419919743225299e-8, 0.6466337826599234, 4.201693265855614e-8, 7.056344765313522e-9, 6.952045905681495e-9, 1.2096823998780884e-8, 0.19654077443386161, 4.3757452341155726e-9, 0.1965410372897875, 0.19654104250069196, 1.1601896381867487e-8, 0.19654106507533328, 0.19654102982090016, 1.4886317696799587e-8, 0.19654106870031432, 7.927598818922174e-9, 2.4338681751053366e-8, 0.11241929710894802, 2.5759684648245014e-8, 0.7729577791776505, 5.793802223294254e-6, 1.1770931864779261e-8, 1.7704764423775536e-8, 2.2780589801011915e-8, 0.64663378074207, 7.701757742484032e-9, 0.19654080878107016, 0.19654105983686082, 0.11241929470674046, 1.1198381031917285e-8, 6.852614410524025e-9, 0.4195915825484279, 0.19654165785361208, 7.255413460737309e-9, 6.299288371435404e-9, 7.64773233028738e-9, 1.2872055577912182e-8, 1.4144525980911239e-8, 4.328068322794389e-9, 0.1965416254794822, 1.7463105458493415e-8, 0.11241924424214807, 0.11241949149972763, 1.2575652256345046e-8, 4.489863451065388e-9, 5.826612371805865e-9, 1.4852524550702919e-8, 6.357453130092598e-9, 0.19654082761360778, 0.19654131950333226, 0.11241925379283409, 0.1965410249141407, 1.1745985068631324e-8, 0.19654082575635048, 0.1965407343059933, 9.282684380257955e-9, 0.11241929055839317, 0.1124192568156237, 5.688106368095894e-9, 6.698820526655978e-9, 0.11241923950711415, 3.079650761885166e-8, 0.11241921984335232]
v_opt: [0.8875804250342344, 0.8034585213326934, 0.6455450942572688, 0.03862882401227768, 0.01263820635162986]
solution time: 0.014528989791870117
McCormick lower bound: -5.374805872211175

