x_opt: [0.6353515193988455, 0.36464848138925404, 0.6353515195848947, 1.4721086099212975e-7, 0.6353515194468817, 0.1594494634289243, 0.8878496024233025, 0.3646484896136197, 0.3646484812204086, 0.3646484805137885, 0.228683110022264, 0.635351518556591, 0.3646484804760895, 0.11215039773442295, 0.3646484802465945, 0.3646484818045319, 1.471234183625901e-7, 3.7065943155006924e-10, 0.11215036437575873, 0.11215036183016429]
w_opt: [0.6353515193027485, 0.2707030389423431, 1.209430496092671e-10, 9.66987212701693e-11, 0.27070303803007867, 0.364648480203333, 7.785449833698055e-11, 3.84617267065915e-10, 1.4695020976888542e-7, 2.1729579409047567e-10, 8.236819190659548e-11, 1.0418402974027628e-9, 1.3913668485075455e-9, 0.3646484808766095, 0.3646484802656881, 0.11215039755482419, 2.9022200005390165e-10, 0.3646484812993408, 1.4698839581457716e-7, 0.5232011220624252, 9.25457774140152e-9, 2.2700814047960223e-10, 0.27070303841392424, 0.36464848141586337, 3.053271090933207e-10, 3.1805102539497054e-10, 0.11215036431214284, 2.3276911148318962e-10, 6.531134792902768e-11, 3.484729355416061e-10, 1.4710107245625886e-7, 1.470899968099316e-7, 1.467623839973411e-7, 5.4810364149325817e-11, 1.8829545478530054e-9, 1.4703577702153e-7, 8.044551230134646e-11, 1.234059640426615e-10, 0.3646484811561413, 5.859701737678295e-10, 1.742473828188878e-10, 7.74353678327917e-11, 2.0091987317164312e-10, 1.4622391379104428e-7, 5.4125439483819086e-11, 0.15944946319770634, 0.15944946316163133, 1.518817457744883e-10, 0.15944946330550966, 0.11215039747013449, 1.2001636516177213e-10, 0.15944946336849192, 7.533862135655214e-11, 2.2242351709767232e-10, 0.11215036430785237, 2.2786784978619583e-10, 0.6353515184781312, 0.25249808945246405, 2.604187984095019e-10, 2.1227318874114865e-10, 3.213472576033539e-10, 0.36464848114438453, 9.218854474941298e-11, 0.3646484800511735, 1.4698785871249302e-7, 0.11215036425496772, 1.298056771838187e-10, 5.396440971607531e-11, 1.076734991378166e-10, 0.36464848040603925, 1.1050826377905524e-10, 7.874744304639053e-11, 9.507353645715878e-11, 1.1172131829227217e-10, 1.2219319523132502e-10, 5.930806985937946e-11, 0.3646484802552657, 1.5895492802729996e-10, 0.11215036390888784, 0.22868310996081417, 1.1202358516320102e-10, 6.718252585289822e-11, 6.394249355199939e-11, 2.1606164811784387e-10, 7.797909308742109e-11, 0.3646484801704559, 0.36464847819065127, 0.11215036169063917, 1.469142082114407e-7, 1.6034458857242715e-10, 0.3646484801327748, 1.4672524570336832e-7, 1.1426460066895605e-10, 0.11215036426351428, 0.1121503617608087, 7.794198016215963e-11, 6.644788632310217e-11, 1.468985532074989e-7, 2.917717016495655e-10, 0.11215036171421769]
v_opt: [0.3646484895356745, 0.6353515194673668, 0.40367155780142433, 0.13296853135387654, 0.05229597289892388]
solution time: 0.01473093032836914
McCormick lower bound: -7.722252839144934

