x_opt: [0.6353515716614583, 0.36464844615816816, 0.6353515715243908, 1.9065273850494007e-8, 0.6353515720438156, 0.15944928573740136, 0.8878494599173676, 0.36464850019700573, 0.36464842783412554, 0.3646484239310293, 0.2286832710426283, 0.6353515713212765, 0.36464842713071655, 0.11215053953577589, 0.36464842722431584, 0.3646484524871644, 1.819860141951784e-8, 1.2247141899763685e-9, 0.11215054457231005, 0.11215052913930017]
w_opt: [0.6353515713392172, 0.27070314386069216, 1.9334759088342287e-10, 2.47182408059956e-10, 0.27070314311793925, 0.36464842648853635, 1.896272904983507e-10, 2.062017318756965e-9, 1.7761751781350115e-8, 8.038396983380704e-10, 1.72759163190377e-10, 1.7789479031473327e-8, 1.921068691571395e-8, 0.36464844324924234, 0.36464842385099994, 0.11215053909271136, 1.474167519803077e-9, 0.36464844603319024, 1.8466910688025322e-8, 0.5232010315854767, 7.180874844062555e-8, 1.1498404425061332e-11, 0.27070314370738396, 0.36464845140831753, 1.1697309103774756e-9, 1.1197830227013232e-9, 0.11215054443065084, 8.398591566186461e-10, 1.2097380273928782e-10, 1.6174792999150679e-9, 1.8775519515180008e-8, 1.8829708499239224e-8, 1.740596344623873e-8, 1.166062622806126e-10, 5.311143444860066e-9, 1.804052954846276e-8, 1.9888130610394197e-10, 3.331007535128527e-10, 0.36464842767614314, 2.3359587734573974e-9, 2.798382663596229e-10, 1.936001233815023e-10, 6.765663213491601e-10, 1.5770025611965978e-8, 1.4250046691039283e-10, 0.1594492850915906, 0.15944928489069943, 4.200304336311218e-10, 0.15944928548384799, 0.11215053796440015, 3.7566754624028405e-10, 0.15944928563150407, 1.803625747921328e-10, 8.44315185173137e-10, 0.11215054442663505, 9.53057392088524e-10, 0.6353515711493722, 0.2524979258051016, 3.012094569243474e-10, 5.0662333465486266e-9, 2.3492267260345978e-9, 0.3646484277028353, 2.367911973298216e-10, 0.3646484269273284, 1.7809828931566978e-8, 0.1121505442760671, 3.385324260061519e-10, 1.1110303817159093e-10, 1.736076897601437e-10, 0.3646484269980345, 3.5507104986467575e-10, 1.7356631305872133e-10, 2.690497890534193e-10, 3.5729081787868296e-10, 4.319596282389077e-10, 1.2535009579107862e-10, 0.36464842370146416, 3.992182290348692e-10, 0.11215054288055411, 0.2286832708810547, 4.2342273016612944e-10, 1.7721250319332954e-10, 1.4050021481998017e-10, 6.163002505642705e-10, 1.9137303885569553e-10, 0.36464842702433975, 0.3646484233136315, 0.11215052884421713, 1.761960407858159e-8, 5.384907367051443e-10, 0.3646484270411037, 1.6847145142005512e-8, 3.471230511920567e-10, 0.11215054437661681, 0.1121505289609108, 1.9836485884937757e-10, 1.4837589092273316e-10, 1.6928694387692387e-8, 1.0669252692973948e-9, 0.11215052885262486]
v_opt: [0.3646485000230371, 0.6353515712873965, 0.40367162332027484, 0.13296847597171696, 0.052296042696682254]
solution time: 0.013741016387939453
McCormick lower bound: -7.615440289110275

