x_opt: [0.7728719625077161, 0.2271286352909714, 0.7728733764704349, 2.9127639336772645e-6, 0.7728728791431201, 0.22712669237770045, 0.7728743339496984, 0.6269293376137446, 0.41957243688701773, 0.22712661556537192, 0.22712803145133395, 0.5804274647727699, 0.22712695585725223, 0.22712560410092378, 0.22712638217741513, 0.29519154191500613, 2.744050502047693e-6, 1.1275853104139241e-7, 0.2271236438120754, 0.22712372430755293]
w_opt: [0.7728719283305083, 0.5457448486705678, 2.926291982971254e-8, 3.3312671158080144e-8, 0.35329943848298107, 0.22712684504754768, 2.795642941397614e-8, 2.6899613872020803e-7, 2.7064969224709426e-6, 7.793974512770906e-8, 1.1980539942734834e-8, 2.0206787712146205e-6, 2.026199246604049e-6, 0.22712837062519897, 0.22712660413302635, 0.22712557142212952, 2.9785764759871966e-7, 0.22712861202211465, 2.848751570342159e-6, 0.5457477211754621, 0.3998027297066773, 1.1469325281119458e-7, 0.3533009612928612, 0.2951913685404349, 1.3348660044368874e-7, 1.0154911958419925e-7, 0.22712363144724448, 1.372195690045819e-7, 8.983376566372057e-9, 2.50282338385655e-7, 2.884216888309702e-6, 2.88685997337345e-6, 2.7599796785489697e-6, 1.1567975075246599e-8, 5.457738426522456e-7, 2.7317224106536073e-6, 1.4724118152836585e-8, 2.924246931462983e-8, 0.4195724299122028, 5.32504233657677e-7, 2.2666873829267506e-8, 1.8939233319008973e-8, 4.488492851213957e-8, 2.3427674466002055e-6, 1.6401889115246388e-8, 0.227126643715214, 0.22712656463530187, 7.011859760702361e-8, 0.22712667299031897, 0.227125398780286, 4.6684596292601114e-8, 0.22712668341324602, 2.3258384840338077e-8, 8.032071325877191e-8, 0.22712362850053555, 8.907671021406654e-8, 0.5804274474945236, 5.025325978747115e-6, 4.209598586483941e-8, 1.0067021652763726e-7, 3.3942729992338843e-7, 0.4195724183016571, 2.1222415713115767e-8, 0.2271263051473454, 2.715208835129667e-6, 0.2271236263509366, 3.0797093753519796e-8, 1.1824706182061348e-8, 2.4458978769328256e-8, 0.22712694203666603, 4.242434182250785e-8, 1.561695009382603e-8, 2.4174698369516462e-8, 6.200916380512164e-8, 7.368498035908603e-8, 1.1668606835265195e-8, 0.2271265978368157, 6.265939067453947e-8, 0.22712350521998673, 0.22712801842799035, 4.1463151050319895e-8, 1.557025185130886e-8, 1.7242939194397907e-8, 4.3787270300565506e-8, 1.4473451022213407e-8, 0.2271263748459961, 0.22712644654484762, 0.22712370203402318, 2.4638168837438825e-6, 3.3552985456194166e-8, 0.22712636353705398, 2.49349866125498e-6, 3.585896912886809e-8, 0.22712362518198306, 0.22712371119923191, 1.6797093349996483e-8, 1.4008553339158976e-8, 2.64483178436057e-6, 9.918278479502434e-8, 0.2271234761670812]
v_opt: [0.6269293248991136, 0.7728733632942583, 0.5973327144768805, 0.05158659271340662, 0.05158735349190402]
solution time: 0.011822938919067383
McCormick lower bound: -4.456774972572519

