x_opt: [0.7522521731230276, 0.24774782376497176, 0.8560555310722168, 0.14394446289593213, 0.7522521251636763, 0.2477478270189377, 0.7522521747404547, 0.803343354314016, 0.4838018552741683, 0.14394448802144827, 0.16158008164074983, 0.5161981531625731, 0.24774783192587288, 0.24774782376661633, 0.14394446747327394, 0.2477478343383703, 0.14394446146272208, 4.079833330936934e-9, 0.1439444636610373, 0.14394446339858355]
w_opt: [0.7522521723771219, 0.5045042988691505, 1.2036294125084926e-9, 1.0553444688922427e-9, 0.26845032705398286, 0.2477478270439235, 1.449142582882309e-9, 3.844625714477355e-9, 0.14394445967980166, 2.402389782200892e-9, 7.327320684407564e-10, 0.10380335549666261, 8.255214992195123e-9, 0.24774781880072477, 0.14394448695954737, 0.2477478202829586, 4.963132746021825e-9, 0.2477478229634458, 0.1439444599713249, 0.6083077065305523, 0.6593988866647655, 2.0948057619857472e-8, 0.37225368809635395, 0.24774783017175056, 3.6614198686013244e-9, 3.0766158590044094e-9, 0.14394446271606542, 2.4478238496946983e-9, 7.579206867893884e-10, 4.5420614207769555e-9, 0.14394446146675385, 0.14394446166161523, 0.14394445535291175, 8.297820062093651e-10, 1.7052633618521702e-8, 0.1439444603714198, 8.821964301174978e-10, 1.637972985902049e-9, 0.4838018546551867, 4.957494549601141e-9, 8.789456392473279e-10, 1.0273267352494314e-9, 1.4046977348745728e-9, 0.14394444837185053, 7.91836779721031e-10, 0.2477478246606171, 0.24774782256336955, 1.9860325384594127e-9, 0.24774782553990804, 0.247747818884431, 1.3342399085764593e-9, 0.24774782591778136, 1.1297808574984498e-9, 2.3748005695055887e-9, 0.1439444625438108, 1.7756113116655419e-9, 0.5161981521697192, 1.1559218355981966e-7, 1.149650939565263e-9, 1.6317422429750552e-9, 4.003923596805332e-9, 0.48380185408543597, 1.0579217903613476e-9, 0.14394446380961848, 0.14394446014127604, 0.1439444625816508, 1.3231500964821476e-9, 7.65541621370166e-10, 9.847725526278092e-9, 0.24774783092014474, 1.3489637434492608e-9, 8.992094286742664e-10, 1.1655162333807412e-9, 1.979906727855463e-9, 1.9752813066436647e-9, 7.673471543364085e-10, 0.14394448682751704, 1.9861949847374933e-9, 0.1439444475932471, 0.16158008044751776, 1.2047762842418418e-9, 8.15678702200215e-10, 1.216582873115331e-9, 1.8047142621879879e-9, 7.720640791925207e-10, 0.14394446663060356, 0.24774780530546706, 0.14394446221433863, 0.14394445636628525, 1.2822655992654733e-9, 0.14394446607942493, 0.143944452237942, 1.4194292978374857e-9, 0.14394446179686507, 0.14394446225709742, 7.792905145211803e-10, 8.505035540281068e-10, 0.14394445737774703, 2.9488408118178675e-9, 0.143944461922765]
v_opt: [0.8033433534417732, 0.8560555301267353, 0.5658834455655477, 0.02072007374377539, 0.026108136257725817]
solution time: 0.01390218734741211
McCormick lower bound: -3.7928374637393802

