x_opt: [0.6353531781116749, 0.364646842913713, 0.6353531779529581, 1.6757730653223351e-7, 0.6353531760882954, 0.1594478405915476, 0.8878476184915574, 0.36465082259462706, 0.3646468464302166, 0.364646819463033, 0.2286870822117727, 0.6353531534746858, 0.364646823785173, 0.11215238189548966, 0.3646468232032697, 0.36464686291456483, 1.670790958275814e-7, 1.3412991793224977e-9, 0.11215213621043818, 0.1121520995868541]
w_opt: [0.6353531776426691, 0.2707063543715406, 3.02871245878287e-10, 2.7788842531201963e-10, 0.27070633177235975, 0.3646468229996231, 2.2282411452576794e-10, 2.624310209529611e-9, 1.666060776654394e-7, 8.544008343607097e-10, 2.2137014678597037e-10, 2.101977822612037e-8, 2.009052537336732e-8, 0.364646840942873, 0.36464681927290704, 0.11215238139621145, 1.3473728415126399e-9, 0.3646468427377418, 1.6690303082627834e-7, 0.5232007966036922, 4.000715804466579e-6, 3.78397336152029e-10, 0.27070633233542934, 0.3646468618729084, 1.0051958225500893e-9, 1.1864990997787128e-9, 0.11215213603119772, 6.519846058865513e-10, 1.5680257923801738e-10, 1.4220064445769086e-9, 1.6725790862931526e-7, 1.6726804914420112e-7, 1.6602439780807204e-7, 1.5705624454811702e-10, 8.213192392380579e-9, 1.668289132822771e-7, 2.3715763175879363e-10, 3.938791228362097e-10, 0.3646468462621675, 1.4167224573578381e-9, 4.191855175023178e-10, 2.2438722975514932e-10, 6.162098234315926e-10, 1.6401261112255523e-7, 1.5999361782437641e-10, 0.1594478398658662, 0.15944783979123767, 4.226401810019751e-10, 0.1594478402928465, 0.11215238081261082, 4.0595806899617083e-10, 0.15944784042685078, 2.2280970814453476e-10, 8.545351943500925e-10, 0.11215213600831894, 7.846779568870421e-10, 0.6353531532457916, 0.25249445409700855, 7.215746374998541e-10, 1.122022544885815e-9, 1.0428281466619578e-9, 0.3646468462262488, 2.5772113829896876e-10, 0.36464682260219083, 1.6668325792555392e-7, 0.1121521358933764, 3.273505328637611e-10, 1.530021457026822e-10, 3.2828325915462935e-10, 0.36464682362909684, 3.4442250161841227e-10, 2.108779377055593e-10, 3.0748806799142807e-10, 3.949571559962653e-10, 4.4260329480040917e-10, 1.60593371179747e-10, 0.3646468192850747, 4.3914385184693733e-10, 0.1121521344899563, 0.22868708205604837, 3.9740618927013797e-10, 1.9423027915861925e-10, 1.814820771752314e-10, 5.133864308314204e-10, 2.2287334006832684e-10, 0.3646468230076122, 0.3646468210017048, 0.11215209924725959, 1.6644241868708193e-7, 4.759859325398601e-10, 0.3646468229347348, 1.6566901614437952e-7, 3.6424315635711766e-10, 0.11215213592360863, 0.1121520993677035, 2.142982956876149e-10, 1.9618069280711228e-10, 1.6575468369916916e-7, 1.1237643975163158e-9, 0.1121520993744134]
v_opt: [0.36465082239616803, 0.635353177676456, 0.4036737254458022, 0.13296735797232415, 0.052297803220402374]
solution time: 0.012731075286865234
McCormick lower bound: -6.848375202710172

