x_opt: [0.7908454212931476, 0.314816135476731, 0.7908455495333967, 0.20915366107517144, 0.7908458427461056, 0.2091536889767379, 0.7908463483555669, 0.4707269954306622, 0.26667490029544805, 0.20915456564868104, 0.20915453958609112, 0.7333250479386714, 0.20915456013953154, 0.20915364480972984, 0.20915412012933735, 0.31481615077827513, 0.20915329856044584, 2.4251601049011874e-8, 0.2091535969930577, 0.2091536085321135]
w_opt: [0.7908454102624688, 0.5816912661516087, 4.516667531636017e-9, 4.006229266551342e-9, 0.5241704722835893, 0.2091545453612101, 4.834516197359518e-9, 1.7737062989976357e-8, 0.2091532889797958, 1.625351953947466e-8, 3.469176450361958e-9, 0.1056616890722692, 0.10566201562531811, 0.31481609406806726, 0.20915456294407322, 0.20915363916451526, 2.1676377912178575e-8, 0.3148161304417947, 0.2091536457837681, 0.5816918998557429, 0.2615725482613102, 1.3284280046350073e-7, 0.5241706167474389, 0.314816111430312, 1.589095445450786e-8, 2.1388641626549532e-8, 0.20915359423434937, 1.4317182916716528e-8, 4.230034859368814e-9, 6.744562255850482e-8, 0.209153655777949, 0.20915365583326664, 0.2091536383459454, 2.317087536954519e-9, 3.217687087235326e-7, 0.20915329626352178, 3.43356493934941e-9, 5.666966107235247e-9, 0.26667489823207535, 4.6032154048108195e-7, 4.0825971437396266e-7, 3.0267154594603595e-9, 1.2532756372552737e-8, 0.20915319269793375, 2.517974769058861e-9, 0.20915368002682577, 0.20915367343568178, 1.1202762843674099e-8, 0.2091536841642478, 0.20915362434095047, 5.488119267870342e-9, 0.2091536866722124, 3.626512825463028e-9, 1.738293772033998e-8, 0.2091535941446159, 1.976517133259191e-8, 0.733325045637318, 2.449092846913822e-6, 1.3092549237674377e-8, 4.259445648409757e-8, 8.054537694578235e-8, 0.26667489677486306, 4.353721954531653e-9, 0.20915411009427295, 0.2091532933780359, 0.20915359042118042, 1.120062713522695e-8, 2.1363418079164955e-9, 3.72795190996551e-9, 0.2091545578479901, 4.7298726765621425e-9, 3.746386488924447e-9, 4.372186136644858e-9, 4.528225190242668e-9, 5.924503306207564e-9, 2.112512210338256e-9, 0.2091545559585405, 1.625042908886458e-8, 0.2091535677705593, 0.20915453727039254, 6.4180670873882335e-9, 2.7109768984966533e-9, 2.2618427066939146e-9, 9.574269270776554e-9, 3.522091408700209e-9, 0.20915411771241496, 0.20915444492515933, 0.20915360250175768, 0.20915327658098362, 7.422118966419174e-9, 0.20915411470926856, 0.20915327637718198, 9.172311729638721e-9, 0.20915359260416558, 0.20915360618074944, 3.6794096095288436e-9, 2.8431926381836096e-9, 0.20915328910736392, 2.063963890114254e-8, 0.20915357287416686]
v_opt: [0.47072699127432327, 0.7908455459664392, 0.6254371602804236, 0.04374568801037372, 0.043745707104877386]
solution time: 0.01281595230102539
McCormick lower bound: -5.479551434226993

