x_opt: [0.6807251760150772, 0.3245784076555677, 0.6807251763492036, 6.917779608510483e-9, 0.680725176057528, 0.15463357552659762, 0.8453664284434365, 0.42344886547427674, 0.31927482483180086, 0.319274822865266, 0.31927480939645114, 0.6492817356027153, 0.31927482383631006, 0.1546335713122478, 0.31927482351650893, 0.3245784152038471, 6.527675784129081e-9, 8.858509551359612e-10, 0.1546335731199654, 0.15463357029103814]
w_opt: [0.6807251758453549, 0.36145035215692556, 2.3050612527763394e-10, 2.1880718440608532e-10, 0.3300069117623635, 0.3192748232218147, 2.4979857850892546e-10, 1.3471738569374203e-9, 6.158121890472248e-9, 5.321913009460407e-10, 1.3837925691203066e-10, 0.005303584173154915, 0.0053035848095276976, 0.3245784063203016, 0.3192748227134782, 0.15463357097861427, 8.679938906656585e-10, 0.32457840743636307, 6.422370595895403e-9, 0.5260916049597982, 0.10417404200952042, 3.2887623483202576e-10, 0.3300069125705483, 0.3245784143160884, 6.853277705757342e-10, 7.224889966016494e-10, 0.15463357291697705, 5.307439111868396e-10, 1.5503037416840694e-10, 8.683734473479388e-10, 6.532935623911127e-9, 6.704990836809441e-9, 5.763508637765186e-9, 1.3491605424839773e-10, 2.0659806173168645e-9, 6.325084035865902e-9, 2.1132068195281397e-10, 2.8867511013920024e-10, 0.3192748246509108, 1.7515756370795473e-9, 2.720230199226068e-10, 1.7303040254253555e-10, 4.063132059904e-10, 5.119273334053587e-9, 1.6108058455524075e-10, 0.15463357514617515, 0.15463357460106467, 4.4048213671145924e-10, 0.1546335753030107, 0.154633570633025, 2.4160386714744423e-10, 0.1546335753904313, 1.743342922869555e-10, 5.393295603032996e-10, 0.15463357290493793, 4.380398744025037e-10, 0.649281735416229, 0.16464126562726253, 2.9196874420645945e-10, 2.3402893142552545e-9, 1.6562629413850814e-9, 0.3192748246142119, 2.260097971824951e-10, 0.31927482303541416, 6.132187805790498e-9, 0.15463357285463253, 2.927541130651167e-10, 1.0434550607911386e-10, 1.620509049820457e-10, 0.31927482369660765, 4.0869898946392316e-10, 1.649475388972716e-10, 2.6056945764780164e-10, 3.252484566747009e-10, 3.6471387687927295e-10, 1.48035121067422e-10, 0.3192748226661163, 3.282337366000469e-10, 0.15463357178001166, 0.31927480922633034, 2.581476904045962e-10, 2.0944878846440673e-10, 1.7042860208327274e-10, 3.2993833708192667e-10, 1.5896244290293633e-10, 0.31927482335615115, 0.3192748200015307, 0.15463357003559106, 5.916029861943941e-9, 3.2270005866955773e-10, 0.3192748232548998, 5.520739823513112e-9, 3.2595715306438767e-10, 0.15463357291723795, 0.15463357013845044, 1.668359624069223e-10, 1.4358610148847503e-10, 6.1287418613164655e-9, 6.844519813617876e-10, 0.15463357005010903]
v_opt: [0.4234488652453119, 0.6807251761365851, 0.463386791691877, 0.10193645341798002, 0.10193643192318683]
solution time: 0.0412440299987793
McCormick lower bound: -5.419266235392037

