x_opt: [0.7994096965142184, 0.2005890546048532, 0.7994114204515909, 0.20057437817034712, 0.7994111678272152, 0.20058806135592536, 0.799412010377278, 0.5470672087027505, 0.28056680441513504, 0.20058867316889972, 0.20059013876426024, 0.7194329567115881, 0.20058871481626256, 0.20058796079853652, 0.20058644583689655, 0.333420443290064, 0.20057429141934557, 8.277450903392213e-8, 0.20058475155830427, 0.20058477732406219]
w_opt: [0.7994096799648809, 0.5988208712581763, 2.1306684117077012e-8, 2.6169569120555156e-8, 0.5188426626704574, 0.200588642894463, 2.1101459400187805e-8, 1.0932565573125355e-7, 0.20057426169636713, 5.5325253357588186e-8, 1.1156616004340827e-8, 4.840126999668715e-7, 5.643835025576413e-7, 0.20058890101650112, 0.20058866137946846, 0.2005879363408047, 1.667407015926649e-7, 0.20058904197399258, 0.2005743269131812, 0.5988234404512124, 0.3464786435854298, 1.4393395450618386e-7, 0.5188444712898103, 0.33342034997085784, 5.6844513740895044e-8, 7.226044925212902e-8, 0.2005847405139805, 4.797025982654593e-8, 8.70749638118121e-9, 1.4484356210537293e-7, 0.20057435719482095, 0.20057436161070163, 0.20057427264571323, 1.1105103701851112e-8, 6.078159952694759e-7, 0.20057427969758118, 1.3248163715554465e-8, 2.4411843008707585e-8, 0.2805667981229637, 2.0625484358562357e-7, 1.0096351284052462e-8, 1.4102618182609657e-8, 2.4251907297250335e-8, 0.20057393960544312, 1.139566198965824e-8, 0.20058801632324277, 0.20058796988430797, 3.488905893205011e-8, 0.20058804378315592, 0.20058780565458245, 3.078576840253261e-8, 0.20058805179225764, 1.8392672616176605e-8, 5.6763444426567314e-8, 0.20058473809723065, 5.269181948970576e-8, 0.7194329449302506, 5.426803489015887e-6, 2.5954996090550186e-8, 4.532502984848012e-8, 2.1983647252096672e-7, 0.28056679168404897, 1.7100291083062735e-8, 0.20058638990594815, 0.20057427113655713, 0.20058473725982237, 2.3921686070256215e-8, 1.042752076791545e-8, 5.333295043074894e-8, 0.20058870513691535, 2.4779807336254348e-8, 1.3454565312579001e-8, 1.934893111487356e-8, 4.223414890582655e-8, 4.493711144238914e-8, 9.484053363799937e-9, 0.20058865958037003, 4.318945238887582e-8, 0.20058462146313835, 0.20059012700870735, 2.833375168738311e-8, 1.2309914207153238e-8, 1.3531390845534191e-8, 3.0399289139011285e-8, 1.2266218947170859e-8, 0.20058643811407387, 0.20058754683382476, 0.20058476067445555, 0.20057416214358367, 2.6104474639383858e-8, 0.20058642963193962, 0.20057412235866903, 2.655984948128714e-8, 0.20058473527541337, 0.20058476763575467, 1.3158863952828989e-8, 1.2605424310438808e-8, 0.20057422376432432, 7.063375761660787e-8, 0.20058466762997182]
v_opt: [0.5470671982581006, 0.7994114089541579, 0.6390599485050251, 0.040235817665384706, 0.040236477072400086]
solution time: 0.013237953186035156
McCormick lower bound: -4.326139260480362

