x_opt: [0.6563343811670078, 0.34366562227655784, 0.656334382142968, 8.036436982141902e-9, 0.6563343809817569, 0.14079295149694643, 0.8656058821329824, 0.3938711586299899, 0.3436656189237211, 0.34366561782863014, 0.28111948622480426, 0.6563343698288712, 0.34366561855508565, 0.1343941179898093, 0.3436656181020786, 0.34366562556042, 7.710786179428577e-9, 1.1195861068056465e-9, 0.1343941233917197, 0.1343941223047168]
w_opt: [0.6563343809720884, 0.31266876231280305, 3.3069539493860455e-10, 3.0560659806633617e-10, 0.31266875119271564, 0.3436656177676359, 3.0733655022618223e-10, 1.9037157502842486e-9, 7.226297377438523e-9, 6.696582079904975e-10, 2.0296801759151935e-10, 4.619369921634724e-9, 5.8082337496384715e-9, 0.3436656203239171, 0.3436656175795426, 0.13439411749800836, 1.2305239922379357e-9, 0.3436656219419023, 7.4127267177553116e-9, 0.5219402644757296, 0.05020554097978625, 7.249745904251098e-10, 0.3126687527762731, 0.3436656244349702, 9.642728257700796e-10, 9.251536970845864e-10, 0.13439412313345436, 7.592127297050421e-10, 1.934833716617508e-10, 1.0357596494244846e-9, 7.54777159193288e-9, 7.747233034600417e-9, 6.5871902902525475e-9, 1.8123377158559671e-10, 2.478589369271289e-9, 7.419421744923721e-9, 2.8193212991844977e-10, 3.9895358077807046e-10, 0.34366561866970496, 2.0198080611465467e-9, 3.127261055959211e-10, 2.458107407366519e-10, 5.340581570753997e-10, 6.048211391314293e-9, 2.168167299405375e-10, 0.14079295093452543, 0.1407929498114617, 5.3873442420534e-10, 0.14079295119143853, 0.1343941168583732, 3.5120884458412977e-10, 0.1407929513142831, 2.3079973640262517e-10, 6.755292664195205e-10, 0.13439412312292792, 6.069597047425264e-10, 0.6563343695610718, 0.20927152408628716, 5.652692616217447e-10, 1.0159839604248772e-8, 9.385246295134357e-9, 0.3436656186584077, 3.08307055171101e-10, 0.34366561747205626, 7.159560255477483e-9, 0.134394123026484, 3.6872874759726887e-10, 1.4370204283277412e-10, 2.3400596189588793e-10, 0.3436656183263956, 5.71054315604049e-10, 2.2155372893951123e-10, 3.473754697822273e-10, 4.488741426979854e-10, 4.969532171793893e-10, 2.1065425489534834e-10, 0.3436656175277429, 4.1286060351838e-10, 0.13439412153956862, 0.2811194860359651, 3.429699760131938e-10, 2.898111506905765e-10, 2.369167967446082e-10, 5.034204747757803e-10, 2.1757023990447422e-10, 0.34366561788442257, 0.34366561031806914, 0.1343941219498473, 7.002827026246885e-9, 4.806660390268136e-10, 0.34366561771556536, 6.449855926198405e-9, 3.970078486245742e-10, 0.13439412311719615, 0.13439412208704313, 2.2935206090886006e-10, 1.9318188247052798e-10, 7.144148152682409e-9, 8.678436753302412e-10, 0.13439412179259277]
v_opt: [0.39387115834059205, 0.6563343818181733, 0.4307748253113197, 0.11810606049276974, 0.07902817983063055]
solution time: 0.013477087020874023
McCormick lower bound: -6.2709042655713185

