x_opt: [0.748120238121517, 0.2518797973665315, 0.7481202390424829, 0.2518721328147736, 0.7481202369353115, 0.2518720646565498, 0.7481278727674386, 0.6823135816078786, 0.3421336383188783, 0.25187976111939514, 0.2006098127264438, 0.6578663716767308, 0.25187976195182227, 0.25187212736799225, 0.25187975354261716, 0.25379430816593346, 0.2518721295203918, 3.9601459208734285e-9, 7.541424659539381e-8, 4.2500128964094546e-8]
w_opt: [0.7481202368217273, 0.496240475990275, 1.9943011466279093e-9, 1.1511208277571095e-9, 0.405986610639291, 0.25187975844693755, 7.703760827094904e-10, 3.568623941455693e-9, 0.2518721278168212, 2.3162334614945165e-9, 1.0748715198089988e-9, 3.699511074527186e-8, 3.8374650829066186e-8, 0.2518797927699453, 0.2518797602416763, 0.2518721250194732, 3.6165990309264896e-9, 0.2518797967425619, 0.25187213050114954, 0.4962481124443877, 0.43043382128352137, 3.6250548133604214e-9, 0.40598661405417424, 0.25379430465048997, 2.8195617112795364e-9, 3.409189751564471e-9, 7.479590438676115e-8, 1.946582804521912e-9, 5.971558578046645e-10, 3.031263706418745e-9, 0.2518721318445195, 0.25187213137620657, 0.25187212847359747, 6.583177135751542e-10, 1.4936180810990094e-8, 0.25187212887117866, 7.95386706404124e-10, 1.464277304660375e-9, 0.3421336377363462, 4.947374057486476e-9, 1.3000320611278022e-9, 9.829989464602974e-10, 1.7641029953482752e-9, 0.2518721190588821, 5.729800947501955e-10, 0.2518720608887008, 0.2518720619815623, 1.3953467960630984e-9, 0.25187206322967337, 0.25187206159720155, 1.6228492169819144e-9, 0.25187206386115646, 9.183367647855914e-10, 2.278593113916319e-9, 7.460896777318302e-8, 2.007430970865059e-9, 0.6578663706909815, 7.679148157048593e-6, 1.3823891832394848e-9, 1.7009011431613874e-9, 2.2452348828893075e-9, 0.3421336375988814, 9.646860583505081e-10, 0.25187975114933997, 0.2518721283155721, 7.429558953960621e-8, 1.1161120102573002e-9, 8.147359138849971e-10, 1.1363243878076468e-8, 0.2518797611427174, 1.0212518279148217e-9, 8.774760439355573e-10, 1.0097978195313378e-9, 1.3522453781038541e-9, 1.432203882911914e-9, 6.127675979856926e-10, 0.25187975982890654, 1.671783397437395e-9, 7.037468205585161e-8, 0.20060981207181525, 1.2268407715579395e-9, 6.471985388390889e-10, 7.16087358278298e-10, 2.0245880145075578e-9, 8.749008620729693e-10, 0.25187975267512175, 0.2518797499654043, 4.1109057583431896e-8, 0.2518721233241194, 1.560482118586373e-9, 0.251879752513963, 0.25187212526173886, 1.0689708415050612e-9, 7.389216390315703e-8, 4.158462742194309e-8, 8.097862314457772e-10, 8.308511087817413e-10, 4.014916849467576e-8, 3.090435342775314e-9, 4.1616953270119584e-8]
v_opt: [0.6823135809326739, 0.7481202378912702, 0.5596838949804985, 0.06344344632776794, 0.04024430197600501]
solution time: 0.014208078384399414
McCormick lower bound: -7.150612692515271

