x_opt: [0.820876345740726, 0.1791235019923249, 0.8208780065506774, 0.17912199815176708, 0.8208765692300429, 0.17912330328387965, 0.8208765901979609, 0.820877755205786, 0.575409002109692, 0.17912202434111923, 0.1684688126897341, 0.7979265037631735, 0.17912330691797188, 0.17912339825290846, 0.17912183774506976, 0.215608471557382, 0.1791219827877292, 1.5056675257602664e-8, 0.17912182634820698, 0.17912181927415927]
w_opt: [0.8208763429429187, 0.6417529170463236, 4.174581232671902e-9, 3.3238567469693694e-9, 0.6188028523556434, 0.17912328917486053, 5.26545909989917e-9, 1.0430512755796142e-8, 0.17912197641286406, 8.853083689160144e-9, 2.5787664309305176e-9, 1.5111879032351701e-6, 1.1995304602041524e-7, 0.17912348536492556, 0.17912202050226667, 0.17912339185602583, 1.3615090539125528e-8, 0.17912349942488948, 0.17912198775876317, 0.641754599028352, 0.6417557658770444, 3.949892730848985e-8, 0.6188045238052534, 0.2156084548816034, 1.2495639572051055e-8, 1.1768776502059707e-8, 0.17912182343068248, 6.658774003739923e-9, 2.862009914118892e-9, 1.651034942243034e-8, 0.17912199392152894, 0.1791219935757496, 0.17912197051036813, 2.5790489812447006e-9, 8.489209217687438e-8, 0.1791219800013997, 2.8624887814592095e-9, 5.048173471954422e-9, 0.5754090001501456, 1.8946165628523652e-8, 3.897574999651763e-9, 3.2446745161928057e-9, 5.122462058477758e-9, 0.17912192839195126, 2.358579512198672e-9, 0.17912329504780225, 0.17912329025429163, 6.842475941999269e-9, 0.17912329503801708, 0.17912328985093645, 4.378089825123752e-9, 0.17912330001903903, 3.6946015344196054e-9, 8.965859691139902e-9, 0.17912182319020792, 6.640929202573005e-9, 0.797926500760827, 8.943881242858084e-7, 3.731606776139046e-9, 5.342364103308009e-9, 1.33358357661725e-8, 0.5754089981992154, 3.074635672438207e-9, 0.1791218251101379, 0.179121978746267, 0.17912182246926545, 8.523171816395529e-9, 2.6576950227443518e-9, 0.37333551258083864, 0.1791233030933632, 3.841385507975057e-9, 3.178388636088069e-9, 3.720500766086373e-9, 5.315316930242089e-9, 5.497433094517768e-9, 2.294888100771638e-9, 0.17912202062920266, 8.372557326480656e-9, 0.17912179296505004, 0.16846880880284065, 4.211886640159326e-9, 2.4080356800194893e-9, 3.284371060860754e-9, 6.7300416261033135e-9, 2.790126925339715e-9, 0.17912183445533736, 0.17912326297870812, 0.17912181478398423, 0.17912196740725256, 4.3578740438870315e-9, 0.17912183271389143, 0.1791218183616257, 5.064740554394627e-9, 0.1791218184725436, 0.17912181603600516, 2.6875131809551203e-9, 2.952813068541658e-9, 0.17912180960355983, 1.10526650192738e-8, 0.1791218151197043]
v_opt: [0.820877752175264, 0.8208780032184373, 0.6738392498302592, 0.0320847030296464, 0.028381751742334]
solution time: 0.013250112533569336
McCormick lower bound: -4.002686737625355

