x_opt: [0.687302869502141, 0.31269713584431313, 0.6873028697479956, 0.18610357379066816, 0.6873028697717614, 0.18610357518652657, 0.8138964251182913, 0.504699439106232, 0.3126971348802824, 0.3126971301904871, 0.21785317155204534, 0.6873028653691329, 0.3126971303516213, 0.18610357495268137, 0.3126971291553571, 0.3126971398172718, 0.18610357333894262, 8.017628936289267e-10, 0.02307151449496819, 0.02307150559146022]
w_opt: [0.6873028692818848, 0.3746057391128168, 3.123060441001861e-10, 2.1478061649839333e-10, 0.3746057350377321, 0.31269712969031993, 1.5954353115896447e-10, 6.867305742670737e-10, 0.18610357298354252, 4.671660241019467e-10, 1.9450672605496917e-10, 5.711906219219844e-9, 6.11426382692895e-9, 0.3126971348892163, 0.3126971299678069, 0.18610357453350912, 6.48748790795067e-10, 0.3126971357024852, 0.18610357331783364, 0.5011992949758777, 0.19200230897529036, 5.661430355649472e-10, 0.37460573574628864, 0.31269713904345364, 5.70141736648778e-10, 6.872911820074849e-10, 0.023071514364968043, 4.2025171032973326e-10, 1.3130745956871722e-10, 6.468810562415658e-10, 0.18610357358390875, 0.18610357351340337, 0.1861035729294055, 1.2482542323671094e-10, 3.1516105628372622e-9, 0.18610357319764537, 1.618245451068265e-10, 2.7721682075861427e-10, 0.3126971347581831, 1.0659006847286238e-9, 2.853731248795993e-10, 1.7709779347238119e-10, 3.5952499949076855e-10, 0.18610357131628266, 1.1438276199007833e-10, 0.1861035745858886, 0.1861035746320167, 3.024906425586874e-10, 0.18610357490427817, 0.18610357402406846, 2.8340811306868003e-10, 0.18610357503910063, 1.742328263734331e-10, 4.684449126532544e-10, 0.023071514342068108, 4.391744516322441e-10, 0.6873028651895134, 0.12659356473731276, 3.2668015432373303e-10, 3.547160506040385e-10, 5.151143162803587e-10, 0.31269713472824595, 1.9351468533103869e-10, 0.3126971286933238, 0.18610357308742767, 0.023071514255233228, 2.5536948308185584e-10, 1.4003169440062264e-10, 5.668118917901065e-10, 0.31269713019555734, 2.0978177214970665e-10, 1.738621707450418e-10, 1.9948396055821092e-10, 2.533913521262954e-10, 2.682895573085851e-10, 1.216226340899152e-10, 0.3126971299167398, 3.515541956045419e-10, 0.02307151345106251, 0.21785317099640192, 2.414062286865516e-10, 1.330708690879856e-10, 1.380358568284685e-10, 4.271831653870015e-10, 1.7086688059714604e-10, 0.3126971289820564, 0.3126971272882836, 0.02307150529601566, 0.18610357274906816, 3.194582876965742e-10, 0.312697128930693, 0.1861035725099289, 2.2904460084175604e-10, 0.02307151420947111, 0.02307150543055666, 1.6278039569493856e-10, 1.5601149774775886e-10, 0.023071505101054435, 6.255828673478712e-10, 0.02307150540669083]
v_opt: [0.5046994389563104, 0.6873028695070967, 0.4723852347551991, 0.0977794962947218, 0.04746000435081318]
solution time: 0.014760971069335938
McCormick lower bound: -7.026079084999343

