x_opt: [0.8335762887928099, 0.16642348436602428, 0.8335806433570165, 0.16641521465911333, 0.777393025384887, 0.22260648946753167, 0.8335763320501156, 0.833584727201283, 0.5272873433062142, 0.16641937089782266, 0.16636928880095106, 0.6768993232662686, 0.22260685237697694, 0.16642365697680148, 0.16641678412107863, 0.2228257186908109, 0.16641516811803214, 6.654248535540483e-8, 0.16641509296456528, 0.1664150969405802]
w_opt: [0.8335762767001055, 0.6109693232970318, 2.9492519682037878e-8, 1.8352719327539877e-8, 0.5104756249605552, 0.22260678249051555, 2.728713433545687e-8, 8.293946790472542e-8, 0.1664151439647563, 4.1609790520416506e-8, 1.4355419711404003e-8, 4.135509964962023e-6, 9.454793197264118e-8, 0.1664233984812931, 0.1664193511048354, 0.1664234053753013, 1.429883169847441e-7, 0.16642347212830336, 0.1664151728144142, 0.6671569875811911, 0.6671653868193185, 6.16719269771552e-8, 0.5104800310801696, 0.22282567294078723, 5.0032982649896137e-8, 5.432830414059246e-8, 0.16641508052062437, 2.8276290139615568e-8, 9.104954104146638e-9, 8.31766456491294e-8, 0.16641519465067506, 0.16641518379460166, 0.16641506134789347, 1.3292732912088035e-8, 3.2090979823809327e-7, 0.16641514852846442, 1.3677667094492463e-8, 3.0602575648117946e-8, 0.5272873337085242, 6.882662668169583e-8, 1.0997006455890309e-8, 1.8646235006494862e-8, 2.025857833570772e-8, 0.1664149589118065, 1.2487348788535783e-8, 0.22260644042915625, 0.22260642595321078, 2.5393362850041566e-8, 0.22260646702819747, 0.1664235851805989, 2.869514055230496e-8, 0.2226064743035354, 1.8034901477999433e-8, 3.9592088539481534e-8, 0.16641507315143814, 2.9470757745100796e-8, 0.6768993029141138, 0.056183788476911384, 1.606625751399419e-8, 2.7109862641614764e-8, 6.023332500752456e-8, 0.5272873264239516, 1.5782212485586443e-8, 0.1664167376914175, 0.16641514750085626, 0.16641507784378115, 1.7721099854317e-8, 1.319180940329094e-8, 0.20418669142025303, 0.2226068281064768, 2.1934390727214712e-8, 1.2940974664882848e-8, 1.9508012517327314e-8, 4.4991374981077436e-8, 4.184324658651201e-8, 1.3145154085657986e-8, 0.16641934377786258, 2.711849979450092e-8, 0.1664149467055407, 0.16636927353171968, 2.122070132475966e-8, 1.2974934641482239e-8, 2.1318863969291075e-8, 2.6567557192185355e-8, 1.210421262746442e-8, 0.16641677300380364, 0.22260647691354118, 0.1664150776052148, 0.16641509660483808, 2.1329772659940323e-8, 0.16641676767387192, 0.1664150392682084, 1.947518589126942e-8, 0.16641507217620874, 0.16641507845275563, 1.1706497059309289e-8, 1.3895665227186925e-8, 0.1664150170212205, 5.188528989526277e-8, 0.16641504474291313]
v_opt: [0.8335847165618255, 0.8335806300189306, 0.6043400445366599, 0.02769541601903857, 0.027679074039174894]
solution time: 0.014248132705688477
McCormick lower bound: -4.288485957250719

