x_opt: [0.2685261078148409, 0.10629125837351802, 0.8951443943156336, 0.10485883706199071, 0.8937079857230562, 0.10629171908805601, 0.8937079182125209, 0.8937126220015279, 0.8937077007317444, 3.164605377729544e-7, 0.10628737654468905, 0.7314739076313567, 0.10629176857101896, 0.1062915844422688, 0.10485879734412758, 0.3356605522712067, 0.10485877712532077, 2.4702379022022913e-8, 0.10485879937617369, 0.10485880413675774]
w_opt: [0.26852610378978287, 0.16223409609351647, 7.135176204613931e-9, 5.484204315591066e-9, 1.9240712059399503e-8, 0.10629172733558082, 1.2575005272470683e-8, 3.543339929149849e-8, 0.10485876828494878, 1.525599512898064e-8, 3.2398326613043644e-9, 0.0014356559343256829, 2.858669046861961e-7, 0.10629123185550639, 3.098928317027825e-7, 0.10629120564773785, 5.954077927636656e-8, 0.10629125334354506, 0.10485881829445265, 0.7888523171505277, 0.7888570442176904, 8.31725413982537e-9, 0.6266183278922347, 0.3356605297944951, 3.1807672156866924e-6, 1.4042121190305066e-8, 0.10485879233828849, 3.206817760406716e-6, 3.887398410359512e-9, 3.518527687707546e-8, 0.10485882718376532, 0.10485883054328295, 2.875534843338028e-7, 5.931194156994305e-9, 1.1927075747281017e-7, 0.10485876993057862, 5.035152060829989e-9, 1.0317881606330978e-8, 0.8937076955436726, 2.6799883883889628e-8, 4.996263307710223e-9, 8.342982648981766e-9, 6.714072240725718e-9, 0.10485868078649231, 5.625956268869949e-9, 0.10629170814779895, 0.10629167712864766, 1.2639705741514587e-8, 0.10629171164975657, 0.10629156450121476, 7.0213359718687736e-9, 0.10629171235482777, 7.806923326090344e-9, 1.4740399477502201e-8, 0.10485879131668444, 8.00300314497033e-9, 0.731473901692269, 8.453255048226396e-7, 4.195527694261315e-9, 7.596262191779146e-9, 2.972701187748664e-8, 0.8937076888894219, 1.121999932619804e-8, 0.10485875848228467, 0.10485877022851832, 0.10485879439580244, 2.282884416361756e-9, 4.742327096106395e-9, 0.625181618983505, 0.10629176063556559, 8.265866970676854e-9, 4.512574320091354e-9, 7.461493073124333e-9, 1.799719808323187e-8, 1.4836828329578297e-8, 5.023650351466018e-9, 3.051388561980797e-7, 9.98528358877513e-9, 2.7710411813385764e-7, 0.10628733862407155, 6.912383226092763e-9, 5.032396588383094e-9, 2.0269994624020594e-8, 8.645841943782469e-9, 3.86187389992602e-9, 0.10485879282402681, 0.10629169460262891, 0.10485879902756849, 0.10485841690790228, 5.691461097510856e-9, 0.10485878896595263, 0.10485869640973917, 9.474130787544015e-9, 0.10485878415970333, 0.10485879123540325, 3.8413407038241905e-9, 5.0973695101759225e-9, 0.10485876060306024, 1.7171350099823853e-8, 0.10485879400901874]
v_opt: [0.8937126172299442, 0.8951443903005295, 0.7987143717430176, 6.667224355057876e-8, 0.011297009168853869]
solution time: 0.015192031860351562
McCormick lower bound: -2.7320540222301473

