x_opt: [0.7940379257112943, 0.20596207425431518, 0.794037926768765, 0.20596207223646473, 0.794037925621988, 0.20596207087708185, 0.7940379278341138, 0.8378665448144543, 0.568238987275663, 0.20596207412361126, 0.15076749024582778, 0.7539945542485573, 0.20596207424087476, 0.20596207217397042, 0.20596207234385375, 0.20596207466827113, 0.2059620719578235, 3.2588142844489267e-10, 0.0947314469399548, 0.09473144688410376]
w_opt: [0.7940379256408562, 0.5880758513951396, 1.4699775557149457e-10, 9.996315005988116e-11, 0.5480324800315842, 0.20596207389292231, 7.713553797337523e-11, 3.082643735665205e-10, 0.20596207181037737, 1.895183109471736e-10, 8.716798674913404e-11, 1.0769664351131614e-9, 9.415321319433735e-10, 0.20596207385302315, 0.20596207400848315, 0.2059620719477975, 3.609994834615532e-10, 0.20596207418855414, 0.20596207202368005, 0.5880758546622361, 0.6319044716487879, 1.0671242119222886e-9, 0.5480324813301436, 0.20596207435648056, 2.885007890068787e-10, 2.716457485844453e-10, 0.09473144688076468, 1.7315316541920842e-10, 5.4764077902566e-11, 2.846537083258667e-10, 0.20596207214598994, 0.20596207211508427, 0.20596207172258918, 6.260165641570949e-11, 1.3043777612617697e-9, 0.20596207189535456, 6.902427549611269e-11, 1.3751128522536878e-10, 0.5682389872253693, 4.541963026864775e-10, 9.16944698056266e-11, 9.37961432887357e-11, 1.3875600580294043e-10, 0.20596207096662528, 5.4792716284013617e-11, 0.20596207057278967, 0.20596207061322389, 1.279104233117173e-10, 0.20596207075558515, 0.20596207058244867, 1.4013222758653866e-10, 0.20596207079631512, 8.715290732737612e-11, 1.853256279811404e-10, 0.09473144686065076, 1.711067573754323e-10, 0.7539945541597786, 9.038698001934645e-9, 1.18734291120852e-10, 1.4566668665795863e-10, 2.3451992682664114e-10, 0.5682389872060339, 8.41382458192368e-11, 0.20596207210290857, 0.20596207185269635, 0.09473144684507544, 9.928762902502865e-11, 7.511527259183796e-11, 0.32223354166105583, 0.20596207416310597, 9.392510470863133e-11, 7.712756006702439e-11, 8.918636475267922e-11, 1.4030435143334866e-10, 1.3990765978924028e-10, 5.741819832061681e-11, 0.20596207399076813, 1.5157073980683028e-10, 0.09473144640650114, 0.15076749017881036, 1.0298122644841845e-10, 6.000004202953434e-11, 7.377004532375098e-11, 1.6984333639599216e-10, 7.213569150593788e-11, 0.20596207226874036, 0.2059620700729992, 0.09473144676813144, 0.20596207153343077, 1.304090477565264e-10, 0.20596207224090146, 0.2059620712616975, 9.488769797960387e-11, 0.09473144680267383, 0.09473144679758645, 6.927452544307506e-11, 7.350560128869521e-11, 0.09473144665693593, 2.478447037512526e-10, 0.09473144672187032]
v_opt: [0.8378665447542499, 0.7940379266766596, 0.6304962399145322, 0.04242042349838032, 0.022730836391606425]
solution time: 0.014737844467163086
McCormick lower bound: -5.759779810512116

