x_opt: [0.6925248086492625, 0.30747526469572223, 0.6925248089387727, 0.0885237572257209, 0.6925248083777146, 0.16686693196105745, 0.8331330690751548, 0.4186519771856459, 0.3074751932918407, 0.3074751910734397, 0.22956075875493046, 0.6925248066447552, 0.3074751913931236, 0.16686693103100955, 0.3074751907996256, 0.30747531498761654, 0.08852375717075299, 4.3261659897764266e-10, 0.14953225173455895, 0.08852375931778335]
w_opt: [0.692524808523139, 0.3850496170288657, 1.5966409917620577e-10, 1.168179379840272e-10, 0.3850496153837998, 0.3074751910336568, 9.43243086365215e-11, 4.253805364091349e-10, 0.08852375696839607, 2.516537061877047e-10, 9.984232913679544e-11, 7.370899272999781e-8, 7.366396643702895e-8, 0.30747526413536996, 0.3074751910199737, 0.16686693081281972, 3.7354208221511906e-10, 0.3074752646027282, 0.08852375694977117, 0.525657878081525, 0.11117678619594885, 3.601104884914114e-10, 0.38504961592956277, 0.30747531454792393, 3.3850098046426405e-10, 3.6615575889148413e-10, 0.14953225165709072, 2.432038155457079e-10, 7.576605439402852e-11, 3.9737128607254273e-10, 0.08852375709770967, 0.0885237570773523, 0.08852375669396938, 7.033396522336884e-11, 1.973399013014746e-9, 0.08852375706035587, 9.39057720420609e-11, 1.5982045321845483e-10, 0.3074751932201442, 5.423489329402903e-10, 1.127992952370581e-10, 9.645639044091843e-11, 1.5587335057442072e-10, 0.08852375599841235, 6.671567201688419e-11, 0.1668669316632711, 0.16686693163374788, 1.7710574859411423e-10, 0.1668669318129899, 0.16686693063506727, 1.505299895699323e-10, 0.16686693188135585, 9.678225643774906e-11, 2.5332129553838186e-10, 0.1495322516579331, 2.483246546474283e-10, 0.692524806546158, 0.14060826484412461, 2.3102430751176448e-10, 1.8773796033740659e-10, 3.0455322202624635e-10, 0.30747519320302463, 1.0968916358506348e-10, 0.30747519054821515, 0.0885237570190114, 0.14953225159767455, 1.46331677303705e-10, 7.216462930337872e-11, 1.851485581188537e-10, 0.30747519130372797, 1.2738771289205198e-10, 9.583102457201674e-11, 1.1357245052590862e-10, 1.4629443350702246e-10, 1.5501116151038844e-10, 7.427752583570048e-11, 0.30747519101372056, 1.9190474124609605e-10, 0.14953225111233634, 0.2295607587156838, 1.3199229984638345e-10, 7.903046373651448e-11, 8.59170201918691e-11, 2.6080387551651284e-10, 9.202188457413421e-11, 0.30747519070711277, 0.3074751881518265, 0.08852375915779206, 0.08852375689773982, 1.7902814775919851e-10, 0.3074751906619148, 0.08852375667232205, 1.3221470870918506e-10, 0.1495322515877065, 0.08852375923005953, 9.11381534186109e-11, 8.374474182552307e-11, 0.08852375696205343, 3.350564949139071e-10, 0.08852375921531883]
v_opt: [0.4186519770970291, 0.6925248088067356, 0.47959061159943706, 0.09454100154158886, 0.052698143410761296]
solution time: 0.030174970626831055
McCormick lower bound: -6.676388135757595

