x_opt: [0.6742642210131707, 0.3257357783584098, 0.6742642235983465, 0.18687998189580818, 0.6742642214906635, 0.18687997391746478, 0.8131200225230905, 0.49242268836497416, 0.32573579449206663, 0.32573577798073977, 0.18358274886204293, 0.6742642051947793, 0.32573577824087246, 0.1868799778083771, 0.3257357774321844, 0.32573577887460203, 0.18687997821154265, 1.207825808902752e-9, 0.007346197357800671, 0.007346198088146032]
w_opt: [0.6742642204601873, 0.3485284426267747, 3.753657619741226e-10, 2.849668473031496e-10, 0.34852842644486826, 0.32573577724350766, 2.1265704143423897e-10, 1.3956566620318006e-9, 0.18687997772208007, 7.318012023203432e-10, 2.934427086835479e-10, 2.128537613118327e-9, 2.4652186116308537e-9, 0.3257357767803169, 0.3257357776601966, 0.18687997722841454, 1.070014247058062e-9, 0.3257357781409715, 0.1868799811962342, 0.48738424628124205, 0.16668691211198206, 2.7798625255416233e-9, 0.34852842980991083, 0.32573577766332, 9.105954412592056e-10, 1.0646843768107048e-9, 0.007346197196603406, 6.92291613723316e-10, 1.624431251466315e-10, 1.1351181115203474e-9, 0.18687998163628436, 0.18687998153976687, 0.1868799805328261, 1.6345663931297097e-10, 8.307499118890835e-9, 0.18687997805179704, 2.21332546933357e-10, 4.081967251808445e-10, 0.3257357943471552, 1.6955730270515493e-9, 3.8388130989438844e-10, 2.3098783592826438e-10, 6.465867733706181e-10, 0.18687997464892137, 1.4828952494962115e-10, 0.18687997291697275, 0.1868799731931178, 3.9026681314465303e-10, 0.1868799735681999, 0.1868799716361622, 4.5040810488788894e-10, 0.18687997373577464, 2.384154127583662e-10, 7.354499858043209e-10, 0.007346197169080724, 8.579456355577476e-10, 0.6742642049655905, 0.1388558347920574, 6.138676178378105e-10, 6.203127375324662e-10, 9.375998189621143e-10, 0.32573579430626054, 2.612708688432903e-10, 0.3257357768661119, 0.18687997788783856, 0.0073461970268582, 3.6056381747580656e-10, 1.9343723983980842e-10, 8.402179934260842e-10, 0.3257357780343715, 2.79562700108868e-10, 2.381099213677032e-10, 2.793466316860612e-10, 3.738135348931019e-10, 3.8773990043779414e-10, 1.555651597541866e-10, 0.32573577759654676, 5.039414190373908e-10, 0.007346195775745323, 0.18358274871814034, 3.765019839525397e-10, 1.7308483983064453e-10, 1.7410248040318368e-10, 6.110352975866974e-10, 2.4390298348236254e-10, 0.32573577719763047, 0.3257357668168706, 0.007346197695326967, 0.18687997647229634, 5.171773457822053e-10, 0.32573577713014323, 0.1868799765795725, 3.2054165021049174e-10, 0.007346196970522548, 0.007346197834936438, 2.2505871984428545e-10, 2.158915094520475e-10, 0.007346196946063325, 9.97128953949691e-10, 0.007346196391691182]
v_opt: [0.4924226881815214, 0.6742642233034823, 0.4546322490817061, 0.10610380398198327, 0.033703245068353864]
solution time: 0.013916969299316406
McCormick lower bound: -7.560437503044844

