x_opt: [0.7719083362246351, 0.29012323667025464, 0.7719083371524944, 0.03575028651362565, 0.7719083376456853, 0.2280915416629153, 0.7719084600997141, 0.5698850329025965, 0.39013307092237903, 0.228091662479779, 0.22809166042662832, 0.6098669278781309, 0.22809166254687024, 0.22809153956972353, 0.22809166040365678, 0.29012323881146324, 0.0357502857413093, 1.5120079566834245e-9, 0.22809153892304465, 0.22809153595150175]
w_opt: [0.7719083359247149, 0.5438166740377517, 4.706103969790743e-10, 3.969004491772397e-10, 0.3817752644007589, 0.2280916613095817, 3.909415721421654e-10, 1.3475308260285466e-9, 0.03575028503247591, 8.819253701557475e-10, 2.6519966346427315e-10, 0.06203157414735133, 0.062031576099085654, 0.29012323466334766, 0.22809166212374662, 0.22809153896687473, 1.2207394940282692e-9, 0.29012323630238745, 0.03575028552674745, 0.5438167974708452, 0.3417933704030857, 8.466447877101568e-10, 0.3817752662287503, 0.29012323705548065, 1.1062578981644087e-9, 1.2320740717732575e-9, 0.2280915386192547, 8.051925463354491e-10, 3.0651497479561157e-10, 1.6149053494694099e-9, 0.03575028598954322, 0.03575028606764666, 0.03575028461766069, 2.356488470077188e-10, 6.712265826234868e-9, 0.03575028541740696, 3.304590937227681e-10, 4.944124255237872e-10, 0.3901330706654033, 3.4200439268501864e-9, 7.835008902418547e-10, 2.937149629690649e-10, 6.442930911832047e-10, 0.03575028196698466, 2.43197263221027e-10, 0.22809154091837985, 0.22809154031654705, 7.429940194443442e-10, 0.22809154119922959, 0.2280915383233113, 4.2432895561777697e-10, 0.2280915414036938, 3.231406081072209e-10, 9.065280477006312e-10, 0.22809153860101047, 7.914601113169449e-10, 0.6098669275753266, 1.4870892840932421e-7, 5.367150491809697e-10, 1.0587725902219177e-9, 1.7508461092973922e-9, 0.3901330705495909, 3.779965377153091e-10, 0.2280916594814743, 0.03575028519520006, 0.2280915384575638, 5.794083233243002e-10, 2.0882706045757925e-10, 4.089718832700811e-10, 0.22809166228187783, 4.848255872303081e-10, 3.170250928038615e-10, 3.9554723461691863e-10, 4.804252602584743e-10, 5.300315451193643e-10, 2.3244784983448358e-10, 0.22809166192303826, 7.146922011594787e-10, 0.22809153670276536, 0.22809166012060333, 4.3609087743277547e-10, 2.860079984486093e-10, 2.71379894146066e-10, 6.623244792851639e-10, 2.896673724763649e-10, 0.2280916601115398, 0.22809165722210029, 0.22809153544133515, 0.035750284616434834, 5.349503109413154e-10, 0.2280916599069451, 0.035750284029651, 5.32592155628384e-10, 0.22809153848651548, 0.2280915356978063, 2.9972504348038863e-10, 2.6574232502808637e-10, 0.03575028490021438, 1.1385829517102345e-9, 0.22809153556003367]
v_opt: [0.5698850325316901, 0.7719083367791624, 0.595842585840123, 0.052025846262254066, 0.05202581583906626]
solution time: 0.01527714729309082
McCormick lower bound: -5.271240713604225

