x_opt: [0.7908376149337606, 0.31484867429138175, 0.7908376536695083, 0.2091616227562868, 0.7908382561963858, 0.20915991850691698, 0.7908401078755268, 0.47068606686192543, 0.26669330803008756, 0.20916239849713145, 0.2090721907948522, 0.7333066183779341, 0.20916237689912417, 0.20915987913372536, 0.20916170912366852, 0.3148486721382907, 0.2091597866499906, 1.4692440987485719e-8, 0.20915988729537094, 0.2091599087165021]
w_opt: [0.7908376056852728, 0.5816758727198864, 1.55039848363931e-8, 2.1445476844286295e-9, 0.5241442362995437, 0.20916236011737552, 3.009633738092391e-9, 1.3295019962674177e-8, 0.20915977886680465, 9.108542353752112e-9, 2.4431000908581368e-9, 0.10568633164622011, 0.10568695928098519, 0.3148486412424763, 0.2091623963724148, 0.2091598742505004, 1.5900862799228453e-8, 0.3148486668765914, 0.20916161140315867, 0.5816777629630236, 0.2615237227627971, 5.998339910205506e-8, 0.5241442883658279, 0.314848638064239, 1.4021630968662828e-8, 1.2819080796806623e-8, 0.20915988536392005, 1.630788721344627e-8, 3.321940524257777e-9, 3.223754154217849e-8, 0.2091616192706202, 0.2091616192597878, 0.2091616040197828, 1.575850352118325e-9, 1.16636895723047e-7, 0.20915978545783656, 2.4594584662930994e-9, 4.270901684096118e-9, 0.2666933066492988, 6.94328631992397e-7, 6.408988114313398e-7, 1.8046135262311243e-9, 9.735834242526254e-9, 0.20915972236264133, 1.6473665434583e-9, 0.20915991153683108, 0.20915990494787046, 9.071828121987807e-9, 0.20915991473813314, 0.2091598440370839, 4.181462456813264e-9, 0.20915991700182454, 2.963598443612195e-9, 9.767730236217212e-9, 0.2091598851424297, 1.668087360257403e-8, 0.7333066168650667, 3.0982115219483635e-6, 1.1528635401230318e-8, 2.2356919309175328e-8, 5.502619186058805e-8, 0.2666933054775923, 3.1571882457037507e-9, 0.20916169946840107, 0.2091597828561851, 0.20915988291924267, 1.0793753004117931e-8, 1.8535685264167153e-9, 2.8047642832034196e-9, 0.20916237493085063, 3.4020743342985364e-9, 2.8937931657075464e-9, 2.9193676579698224e-9, 3.5104851981541684e-9, 4.3391420052282536e-9, 1.399660198341379e-9, 0.20916237497899803, 1.4766504367122466e-8, 0.20915987555834806, 0.20907218923378573, 4.658262821664944e-9, 1.7202125876901064e-9, 1.5443985575901937e-9, 9.109548898410268e-9, 2.7191615022155433e-9, 0.2091617073501023, 0.20916228623904823, 0.20915990361247896, 0.20915975285878796, 5.871756500393253e-9, 0.2091617044744514, 0.20915977231131133, 5.5558909477292215e-9, 0.20915988337283964, 0.2091599053306523, 2.8182896677161934e-9, 2.139972040294852e-9, 0.2091597739990404, 1.2180291296924585e-8, 0.20915987752730178]
v_opt: [0.4706860638370048, 0.7908376511700634, 0.6254256673160389, 0.04374903360915907, 0.043711203530338465]
solution time: 0.012918949127197266
McCormick lower bound: -5.733129060643914

