x_opt: [0.7728736580072406, 0.22712636356754135, 0.7728736584272776, 7.434168439484132e-8, 0.7728736569583352, 0.22712634176216173, 0.772873659879939, 0.6269302469944861, 0.41957373732554, 0.2271263416409547, 0.22712633880931454, 0.5804262624800929, 0.22712634259406977, 0.22712633998370318, 0.22712634001621507, 0.2951925807765916, 7.413218752335099e-8, 5.650744177020516e-10, 0.22712633724685818, 0.22712633645609934]
w_opt: [0.7728736578819895, 0.5457473150528088, 1.571121289172254e-10, 1.2537182934895596e-10, 0.3532999205835683, 0.22712634211273613, 1.7035468249176258e-10, 5.531101983127472e-10, 7.389219982175793e-8, 3.380538596555313e-10, 9.39991963043163e-11, 2.2088044729402524e-8, 2.1387037792625275e-8, 0.2271263628399425, 0.2271263415132091, 0.22712633977228222, 5.379585325768702e-10, 0.22712636346056264, 7.398551121999151e-8, 0.5457473183932978, 0.3998039055489116, 3.7490176936467136e-10, 0.35329992134412114, 0.295192580184644, 3.888982653291978e-10, 4.5484098030142035e-10, 0.22712633713064923, 3.1943272427611154e-10, 1.0229331742201094e-10, 6.068291269350226e-10, 7.41462089721005e-8, 7.419345596329133e-8, 7.360721321638498e-8, 9.023118198665694e-11, 2.354723837684613e-9, 7.3997022305906e-8, 1.1985408796892788e-10, 1.8634117664821027e-10, 0.4195737372379515, 9.231012610884928e-10, 1.4850804320132617e-10, 1.1620953644076505e-10, 1.9344034191958136e-10, 7.2691820756412e-8, 9.617726133729521e-11, 0.22712634149777577, 0.22712634123304512, 2.6393175270055163e-10, 0.22712634158250683, 0.22712633950309963, 1.5752735346584164e-10, 0.2271263416642857, 1.2345780746256957e-10, 3.41925679521498e-10, 0.2271263371230837, 2.6331289179776564e-10, 0.5804262623679979, 1.8985750071452657e-8, 1.7968815325163174e-10, 2.6472386409757453e-10, 6.19450319597262e-10, 0.4195737371855055, 1.347835257966164e-10, 0.22712633965301388, 7.394081688977093e-8, 0.2271263370946017, 1.8860626333113751e-10, 7.788164580419112e-11, 2.0441714294474776e-10, 0.22712634249620264, 1.8634417081205827e-10, 1.1121630652372328e-10, 1.5180889266973777e-10, 2.030701192353798e-10, 2.190667513689516e-10, 8.917546501692686e-11, 0.22712634149632274, 2.4924937641587756e-10, 0.22712633615068623, 0.22712633867951346, 1.5945675611688563e-10, 1.0718247607849504e-10, 1.1432576810241824e-10, 2.2445472690461215e-10, 1.0188968574727713e-10, 0.22712633992283618, 0.22712634070534626, 0.22712633629048937, 7.357599185083132e-8, 1.807810546065132e-10, 0.22712633984373226, 7.346592852994053e-8, 1.9939640741474242e-10, 0.22712633708640226, 0.22712633635524182, 1.0343479368647842e-10, 9.888176677812221e-11, 7.382836869109633e-8, 4.303965703997341e-10, 0.22712633628147977]
v_opt: [0.6269302468697155, 0.7728736582967136, 0.5973336918416869, 0.05158637637463527, 0.05158637552014388]
solution time: 0.01253199577331543
McCormick lower bound: -4.546315395663633

