x_opt: [0.4944530000082656, 0.2635053045815975, 0.8606428361196625, 0.13935779017210756, 0.8606421816768088, 0.13935675874879364, 0.8606422081623495, 0.8606774185137979, 0.8606421444393969, 0.13935688546056035, 0.12966161455543232, 0.8156630424011247, 0.1393568461475458, 0.13935774534981435, 0.13935468345681984, 0.26363124507037194, 0.1393576734256842, 3.9607805687911773e-8, 0.13935461547785685, 0.13932272152386324]
w_opt: [0.4944529926737937, 0.35509518673279467, 1.1330278264907409e-8, 8.389982824888037e-9, 0.31011604942528853, 0.13935679619684235, 8.839081531396582e-9, 2.5581196810115035e-8, 0.13935765906279893, 2.396069478105963e-8, 6.844004811744482e-9, 0.12414814635564782, 0.12414756552870063, 0.2635052677649809, 0.13935687523188336, 0.13935773043883082, 3.6408129494633554e-8, 0.2635052996667835, 0.13935776644555486, 0.7212850498638931, 0.7213202645020343, 5.361655110295644e-8, 0.6763059162365348, 0.26363120851329186, 5.318245187346329e-7, 3.202206222773519e-8, 0.13935460909543076, 1.3512908251351581e-8, 8.20661278429817e-9, 3.4438864480741746e-8, 0.13935778139345384, 0.13935777839124988, 0.13935684066786905, 6.527171122434683e-9, 1.7896728071310338e-7, 0.13935766782616207, 6.57091027854391e-9, 1.2682402538597477e-8, 0.8606421394470395, 3.994900052027867e-8, 8.219365579336035e-9, 8.669205785756915e-9, 1.265999936777234e-8, 0.13935752076407276, 5.481328072253624e-9, 0.1393567339493591, 0.13935672720483905, 1.4383471747363763e-8, 0.13935674603463083, 0.1393567364288635, 1.1783028446212466e-8, 0.1393567499330942, 9.55514021534331e-9, 2.3703036803502662e-8, 0.13935460760100205, 1.5478511039979163e-8, 0.8156630348699087, 2.357452071050031e-6, 7.530463460016269e-9, 1.1855302625796233e-8, 2.606177104782102e-8, 0.8606421360042955, 7.498823407050206e-9, 0.13935464797986996, 0.13935766472090444, 0.13935460683014267, 1.597470436448536e-7, 7.968893169009734e-9, 0.6763051993622421, 0.13935683451130948, 8.302779074319555e-9, 8.021473574645692e-9, 8.906891570149904e-9, 1.3525141634192076e-8, 1.3789367781460924e-8, 5.518701269122953e-9, 0.13935682160490653, 2.025631892940184e-8, 0.13935454534777542, 0.12966160509236901, 1.0781014331105735e-8, 5.369469714846217e-9, 8.456100475496568e-9, 1.6798466358282508e-8, 6.950194337962415e-9, 0.1393546742828707, 0.13935674323791464, 0.13932271106240054, 0.13935762108423896, 1.0197489502351784e-8, 0.13935467219127762, 0.13935464164452588, 1.1534305326608967e-8, 0.1393545933072852, 0.13932271402145102, 6.276315375899591e-9, 7.965062944020502e-9, 0.13932269979556394, 2.9911758386653526e-8, 0.13932271096853385]
v_opt: [0.8606774122683721, 0.8606428284599993, 0.7407050906668226, 0.01942038595166483, 0.01681248058778782]
solution time: 0.015135049819946289
McCormick lower bound: -4.0906821534436615

