x_opt: [0.6462125663973143, 0.35378782068322745, 0.6462125605082251, 1.4622742756209128e-6, 0.6462116847339813, 0.14979123946590017, 0.8763340183964455, 0.37977230693715774, 0.3537886993416852, 0.35378733632991477, 0.255816115598066, 0.6462112115253448, 0.35378831138459804, 0.1236659777397048, 0.35378825407950226, 0.35379021426197194, 1.446475569614233e-6, 3.0500784299517044e-8, 0.12366484021859425, 0.12366338426054568]
w_opt: [0.6462125550393212, 0.29242425483004075, 7.475354471806768e-9, 6.643904298652262e-9, 0.292423781977795, 0.35378829348534296, 5.841502062072904e-9, 8.783219813542721e-7, 1.4372414789666174e-6, 1.9755357295964275e-8, 4.927710170668969e-9, 3.838891614229835e-7, 6.858799945402136e-8, 0.35378777532923283, 0.3537873328780428, 0.12366596708183472, 3.1062084968706375e-8, 0.353787817351254, 1.4502825747843805e-6, 0.5225465830634892, 0.025984871293456675, 7.667623581216137e-9, 0.29242379058036566, 0.3537901943772763, 2.057248666055504e-8, 2.6675574666243727e-8, 0.12366483576390638, 1.596316967251245e-8, 3.244214292574505e-9, 1.9573838041616378e-8, 1.4542569831621976e-6, 1.4555348232078887e-6, 1.4382502427586798e-6, 3.934231535410431e-9, 1.7367157502366995e-8, 1.4428327346491308e-6, 5.80270314824683e-9, 8.854671065470598e-9, 0.35378869510923, 2.887289455827347e-8, 7.627837578605888e-9, 5.698048060440371e-9, 1.4021598687721286e-8, 1.4215153080519112e-6, 4.049764431006446e-9, 0.14979122380356413, 0.14979121982520305, 8.85901498038199e-9, 0.1497912332422779, 0.12366590195455407, 8.594777943040125e-9, 0.14979123547231885, 5.17605430481193e-9, 1.950654656897597e-8, 0.1236648344595968, 1.3428596021753207e-8, 0.6462112055050306, 0.23012270448936167, 5.866056225940664e-9, 1.8282564572151445e-8, 3.1861361372911743e-8, 0.35378869468135543, 5.94809781040841e-9, 0.3537882430930764, 1.4370616483199328e-6, 0.12366483409044543, 6.4078777548829e-9, 3.4952084629759594e-9, 7.368012365766966e-9, 0.3537883077688793, 9.487143796532552e-9, 4.540788254563112e-9, 8.19094178153236e-9, 1.245881409483993e-8, 1.1677523443390114e-8, 3.9938050010592775e-9, 0.3537873314908192, 8.612861388014965e-9, 0.12366480284976997, 0.25581611156216433, 8.353959461657897e-9, 5.4868814512141796e-9, 5.3208641669769364e-9, 9.407809478814724e-9, 4.837843435966263e-9, 0.35378824901704603, 0.35378830077190243, 0.12366337723445131, 1.4280400600087911e-6, 1.0468882830570155e-8, 0.3537882488311973, 1.4125237977581032e-6, 8.196853218114901e-9, 0.1236648342430265, 0.12366337630929868, 4.5845158383474436e-9, 4.588004219115594e-9, 1.3938038241643807e-6, 2.5481461136605655e-8, 0.12366336319203967]
v_opt: [0.3797723024480853, 0.6462125547087232, 0.417589769576619, 0.12516565031922114, 0.06544194854747483]
solution time: 0.012392044067382812
McCormick lower bound: -5.987528329030791

