x_opt: [0.7908864005356381, 0.20911254322562753, 0.7908874680947569, 0.20911252932193405, 0.790887462068462, 0.16156964400720453, 0.7908875707221451, 0.9041990109828231, 0.7081390380678863, 0.20911254205620214, 0.041684055194415974, 0.7908874396884082, 0.20911253497324325, 0.20911242895923055, 0.20911251557944144, 0.20911254989411812, 0.20911251925314686, 4.920498780388395e-9, 0.0958006662976312, 0.09580065597749955]
w_opt: [0.7908863991829763, 0.5817738633855134, 1.653076127387938e-9, 1.505489398653277e-9, 0.5817738414237977, 0.20911252879941108, 1.1134095694027443e-9, 5.855040547298435e-9, 0.20911251708336678, 2.9181356044030066e-9, 1.3197724177794546e-9, 1.2123244216133368e-8, 1.5264996373323164e-8, 0.20911253725382092, 0.2091125390644357, 0.20911242593814847, 5.426841830718793e-9, 0.20911254242532548, 0.20911252606767625, 0.5817750396329443, 0.6950864800596632, 1.3524037072241757e-8, 0.5817749131324683, 0.209112544672915, 9.056496909036339e-9, 4.145819952814996e-9, 0.09580066550289762, 2.561303602251549e-9, 8.829822017781997e-10, 4.700786018417568e-9, 0.20911252815918543, 0.20911252746488398, 0.20911252294889965, 9.244283841417828e-10, 2.074919476081644e-8, 0.20911251854002416, 9.35497505259836e-10, 1.9304004477207444e-9, 0.7081390374285501, 1.0692531603891208e-8, 1.4070033365603673e-9, 1.3079158296333257e-9, 2.4838694580610437e-9, 0.20911250273131005, 7.574383997976904e-10, 0.1615696386305117, 0.16156963991526785, 1.8739790912076713e-9, 0.16156964212169847, 0.16156963996690005, 2.3041046165681453e-9, 0.1615696428394384, 1.33953614864228e-9, 2.8548493299776488e-9, 0.09580066524296948, 2.5076750540226205e-9, 0.7908874383957629, 1.8679626012665942e-7, 1.6923605495807132e-9, 2.0374147984366156e-9, 3.903813236339705e-9, 0.7081390370565985, 1.2611557524221202e-9, 0.20911251116690693, 0.20911251790122926, 0.09580066492715995, 6.6794010741743065e-9, 1.3655235904529667e-9, 0.4990264835581818, 0.20911253332886404, 1.176030735301592e-9, 1.140129088599104e-9, 1.238605186216837e-9, 1.894176326974259e-9, 2.209505356266196e-9, 8.057120580930151e-10, 0.20911253364937601, 2.79501019038335e-9, 0.09580065937372056, 0.041684054251968326, 1.6332304682255189e-9, 7.720267645442734e-10, 1.0866553632225849e-9, 3.2117782794985234e-9, 1.0964364428540228e-9, 0.2091125142276787, 0.209112510591825, 0.09580065428447714, 0.2091124232470801, 1.8009242825931203e-9, 0.2091125139624579, 0.20911250084113325, 1.366085910524093e-9, 0.09580066390498575, 0.09580065477466798, 1.0137873489569212e-9, 1.1415237791112956e-9, 0.09580065177000177, 3.7604108689623195e-9, 0.09580065199023878]
v_opt: [0.9041990101566082, 0.7908874668156888, 0.6255030406575071, 0.04372805756171263, 0.0017376484150509637]
solution time: 0.01689291000366211
McCormick lower bound: -5.704622155514208

