x_opt: [0.7908460672348953, 0.31481593456751644, 0.7908461011839394, 0.20915388359690681, 0.7908460891690594, 0.20915390665875846, 0.7908460897392922, 0.47072753343876894, 0.2666751165659724, 0.20915389847168336, 0.20915393235766325, 0.7333248801461948, 0.20915390689042054, 0.2091539089394314, 0.20915390057263206, 0.3148159371410261, 0.20915388184651937, 9.207463049234872e-10, 0.20915389884072863, 0.2091538987076393]
w_opt: [0.7908460669570059, 0.5816921562577673, 2.334769546195177e-10, 2.823658156913677e-10, 0.5241709475114509, 0.20915390598382497, 2.600803020046502e-10, 1.1356563207348891e-9, 0.20915388149037878, 5.918699436206544e-10, 1.2303089351014483e-10, 0.10566203590912311, 0.1056620271585651, 0.314815933014159, 0.20915389821243285, 0.20915390868722414, 1.388860350548114e-9, 0.3148159343941884, 0.209153882946566, 0.5816921910599286, 0.2615736348587168, 4.696198035833049e-10, 0.5241709822460079, 0.3148159356293091, 7.200944853296486e-10, 7.721294529187541e-10, 0.20915389868811768, 1.031897707116977e-9, 1.7393772715000042e-10, 2.4543941909961125e-9, 0.20915388332664214, 0.20915388337988974, 0.20915388094522666, 1.2387988815325964e-10, 8.763487096076013e-9, 0.20915388168649193, 1.4740157073098519e-10, 2.5625935398684667e-10, 0.2666751164849238, 2.5157003238477655e-9, 2.498201278782857e-10, 1.6573763628277412e-10, 3.073508983186777e-10, 0.209153876596172, 1.4152888460990692e-10, 0.20915390630135608, 0.20915390564345102, 5.517582047203587e-10, 0.2091539062848512, 0.20915390558640115, 2.8146435974468984e-10, 0.20915390654037533, 1.9202659028979085e-10, 6.26675903585084e-10, 0.2091538987029902, 6.394153843162453e-10, 0.7333248800311558, 1.1889273720498965e-7, 3.354964221022019e-10, 5.280286042236593e-10, 1.692963780400583e-9, 0.266675116361573, 1.950466827784134e-10, 0.20915389989251, 0.2091538816249967, 0.2091538986363611, 3.8580092361139943e-10, 1.1005785265958261e-10, 3.7764831503423646e-10, 0.20915390674870415, 2.473197169391897e-10, 1.644279975047979e-10, 1.9738987235581113e-10, 2.9261536723030816e-10, 3.824836970678433e-10, 1.1180396167867933e-10, 0.2091538982075433, 7.324014896798136e-10, 0.2091538967807227, 0.20915393218785372, 2.742163979919256e-10, 1.3549877896698184e-10, 1.4870282930556792e-10, 3.539706723634788e-10, 1.448168597405457e-10, 0.2091539004598874, 0.20915389978300608, 0.20915389849111984, 0.20915388082232195, 2.4984350941727955e-10, 0.2091539003115224, 0.2091538806310547, 3.5434172766392645e-10, 0.20915389854788427, 0.20915389859369324, 1.5535910652763696e-10, 1.3918437605826766e-10, 0.20915388124660758, 7.432550392829999e-10, 0.20915389781942081]
v_opt: [0.4707275332683697, 0.7908461010373372, 0.6254375499828384, 0.043745354489990895, 0.04374537744071598]
solution time: 0.015228033065795898
McCormick lower bound: -3.949435959836315

