x_opt: [0.2826590885348833, 0.09573925728032093, 0.9042607569531574, 0.11201865097477529, 0.8879813495839323, 0.0957392513647799, 0.717340913736145, 0.9042607431318772, 0.8879813493816431, 8.862061215589918e-9, 0.09573925494861635, 0.7173409112468573, 0.09573925219930096, 0.09573925300049811, 0.09573924637806767, 0.28909720299550595, 0.11201844226811263, 1.3685621888118925e-9, 0.09573924814820273, 0.09573924526374769]
w_opt: [0.28265908833312775, 0.17064043820118407, 3.452569458094525e-10, 2.378581952734202e-10, 3.2545618437931065e-10, 0.09573924910833814, 6.02420409332572e-10, 1.4451707238406395e-9, 0.11201844187088116, 8.604937525398682e-10, 1.4748649033380476e-10, 1.4394800500935292e-8, 5.149122557192521e-9, 0.09573925621698111, 8.492888115882617e-9, 0.09573925159699478, 2.1106780311957286e-9, 0.09573925710795218, 0.11201865011493624, 0.6216016708950056, 0.808521505060891, 4.4066208478592203e-10, 0.6216016694831809, 0.28909720198059646, 0.016279199773824447, 6.611277384310605e-10, 0.0957392478399077, 3.518070212485793e-9, 9.161480059085186e-10, 1.461803369414299e-9, 0.11201865059696897, 0.11201865069466846, 7.56523759209947e-9, 2.86881625559401e-10, 4.166974539485818e-9, 0.11201844203986702, 2.197031277008503e-10, 4.5437282290191637e-10, 0.887981349189564, 1.5543817985239205e-9, 1.9049322619223943e-10, 2.605092234555075e-10, 3.127415864965689e-10, 0.11201843701502588, 2.4486689589409924e-10, 0.0957392508394599, 0.09573924938465662, 5.718497879084543e-10, 0.0957392510372494, 0.09573925049426855, 3.1434234387592976e-10, 0.09573925097424955, 3.985768093090111e-10, 8.239847075615902e-10, 0.09573924650243999, 3.392472398456739e-10, 0.7173409109288623, 1.4161266615227666e-8, 1.952513866056167e-10, 3.1160598529734426e-10, 1.4874509612773728e-9, 0.8879813488926137, 2.973091751229255e-10, 0.09573924367377348, 0.11201844200197289, 0.09573924793247757, 3.6376299181162434e-9, 2.4468975613938686e-10, 0.6053222610973774, 0.0957392517090049, 3.151217394749851e-10, 2.610435952456426e-10, 3.467775542240416e-10, 8.838778214987953e-10, 6.575342272659364e-10, 2.1974892462697242e-10, 8.049267909083468e-9, 5.375061292736747e-10, 5.870145279286915e-9, 1.7747492183388316e-8, 3.202271835272591e-10, 1.9850344825912432e-10, 1.2995945814454503e-9, 4.108829767898036e-10, 1.8114097353784573e-10, 0.09573924577602819, 0.0957392489344018, 0.09573924501030977, 1.0357221732149524e-8, 2.389856910776032e-10, 0.09573924595910942, 0.09573924463225304, 4.842671620247059e-10, 0.09573924596573238, 0.09573924465438904, 1.6830817112140517e-10, 2.650024562841318e-10, 0.09573924467008191, 9.33950684499108e-10, 0.09573924507746077]
v_opt: [0.9042607429249053, 0.9042607567782279, 0.7885108997096394, 7.719503911737175e-10, 0.009166017445732191]
solution time: 0.014548063278198242
McCormick lower bound: -2.6467115178425713

