x_opt: [0.8208327342862958, 0.17916728642299848, 0.820832735809319, 0.17916726308893707, 0.820832731668819, 0.1791672639656395, 0.8208327357539948, 0.8208327978410822, 0.5759351922621004, 0.17916726535356753, 0.16735629446118927, 0.7976964676006157, 0.17916726566394658, 0.179167264068736, 0.17916720305014894, 0.21597814889678532, 0.17916726225070506, 3.2371100914008833e-10, 0.17916720102781364, 0.17916720022019147]
w_opt: [0.8208327342305515, 0.6416654660068914, 9.373274516744283e-11, 6.279636737833583e-11, 0.6185292019384034, 0.17916726534647434, 7.921425601095265e-11, 2.1963594664315904e-10, 0.17916726213392978, 2.0283906476221035e-10, 5.348822151387651e-11, 2.2275702030357593e-8, 1.8932003848868558e-8, 0.17916728605386456, 0.17916726524485552, 0.17916726394895574, 3.7251012648986067e-10, 0.17916728637956664, 0.1791672628905274, 0.6416654716046138, 0.6416655337138473, 1.2886849389854917e-9, 0.6185292037308032, 0.2159781485801586, 2.6797075757521343e-10, 2.7071467270494854e-10, 0.17916720097954744, 1.4059319844353437e-10, 4.6526035088066674e-11, 4.159515500956242e-10, 0.17916726301719962, 0.1791672630049096, 0.17916726268826821, 4.620576416801351e-11, 1.8028294492992249e-9, 0.1791672622060825, 5.275570060054016e-11, 9.788290510990758e-11, 0.5759351922274563, 4.049390557338677e-10, 6.692960693843458e-11, 6.030967517024129e-11, 9.297454078922202e-11, 0.17916726101302435, 4.070909560793573e-11, 0.17916726377094663, 0.17916726368064326, 1.1023565738383651e-10, 0.17916726385926857, 0.17916726355650353, 1.0114454766211061e-10, 0.17916726390960652, 6.91686139781807e-11, 2.022017850943697e-10, 0.1791672009737597, 1.6436134596544564e-10, 0.7976964675465232, 8.494933185416511e-9, 7.832992708282636e-11, 1.2600246723198755e-10, 2.3783611590423563e-10, 0.5759351922012317, 5.501689400511762e-11, 0.17916720281541929, 0.1791672621781502, 0.1791672009569092, 2.198965711195793e-10, 5.093049103955702e-11, 0.3736316611829342, 0.17916726559741877, 6.850224449611207e-11, 5.68111096584316e-11, 7.154618480354056e-11, 1.0778164394271263e-10, 1.1715980952022182e-10, 4.0061802625690177e-11, 0.17916726521746434, 1.576497061182146e-10, 0.17916720050072968, 0.16735629440220814, 9.25605957426289e-11, 4.314314732236434e-11, 5.5227410093273575e-11, 1.2220997316906686e-10, 5.3855411080221865e-11, 0.1791672029932062, 0.17916726424674279, 0.17916720013848023, 0.1791672619572709, 9.261600948775129e-11, 0.1791672029685183, 0.17916720275313, 9.516306149372264e-11, 0.1791672009178211, 0.17916720016404772, 5.000967653024755e-11, 5.677426535330939e-11, 0.1791671999716863, 2.5590303264096184e-10, 0.17916720015349796]
v_opt: [0.8208327977911741, 0.8208327357482658, 0.673766399806549, 0.03210091003093464, 0.028008143132423998]
solution time: 0.014154195785522461
McCormick lower bound: -4.490110563472337

