x_opt: [0.8179858909378733, 0.21593096472582698, 0.8179858945655557, 0.18201410834991283, 0.8179858910224985, 0.18201410557752376, 0.8179858930802304, 0.8179859121766706, 0.6197405078755692, 0.18201410740956075, 0.1189721877350647, 0.7987587977579209, 0.18201410736324167, 0.18201410652147829, 0.18201408906192595, 0.2159309652547049, 0.18201410549286, 6.133760522025419e-10, 0.1820140887608075, 0.18201408799666186]
w_opt: [0.8179858907813711, 0.6359717821773694, 2.149324480024049e-10, 1.4031086336483084e-10, 0.6167446888382676, 0.1820141065766407, 1.596349975242768e-10, 3.7750747169009374e-10, 0.1820141051991274, 3.4576997134614836e-10, 1.2401909212579465e-10, 0.03391685940669515, 0.03391685665083636, 0.2159309640529626, 0.1820141071851866, 0.18201410625715223, 4.4627937182960535e-10, 0.21593096459572314, 0.18201410790736625, 0.6359717877135315, 0.6359718068857537, 2.2894597877228026e-9, 0.6167446929074304, 0.21593096440418127, 7.134043363589449e-10, 4.883492365093286e-10, 0.1820140886471614, 2.662609217435603e-10, 1.7578088853261305e-10, 6.108642521610596e-10, 0.18201410819473243, 0.18201410811975646, 0.18201410650444105, 1.0186494339450623e-10, 2.817347627778288e-9, 0.18201410539353174, 1.1303811643984096e-10, 1.9712427699617454e-10, 0.619740507795874, 9.309273620034555e-10, 2.4413206632624045e-10, 1.2940452331164174e-10, 2.493793339337926e-10, 0.18201410333539858, 8.862248699437692e-11, 0.1820141051887289, 0.1820141050582654, 2.940779482744277e-10, 0.18201410529198728, 0.18201410512167296, 1.8496158374759032e-10, 0.18201410543967775, 1.5351191352936125e-10, 3.5746624042524095e-10, 0.18201408864546714, 3.153286159508527e-10, 0.7987587976389873, 1.7509302747946873e-8, 1.8875446308662426e-10, 2.1741121236052262e-10, 5.056789898213994e-10, 0.6197405077177618, 1.4723354072511425e-10, 0.18201408854163525, 0.1820141053353399, 0.18201408857834062, 6.390815332417024e-10, 1.220919838397278e-10, 0.4184993058280834, 0.1820141071644496, 1.380128753835464e-10, 1.4672648682919115e-10, 1.4070231360639652e-10, 1.8238763174851735e-10, 1.9340237135320925e-10, 8.821180327394788e-11, 0.18201410707165094, 4.693453970559914e-10, 0.18201408775854222, 0.11897218749106409, 1.7453014990711275e-10, 9.059686555501247e-11, 1.1490609749486415e-10, 3.3916408007860664e-10, 1.2556600356831962e-10, 0.1820140888850448, 0.18201410557213357, 0.18201408776532313, 0.18201410473492435, 1.9271569205830047e-10, 0.1820140888278026, 0.18201408843654268, 2.0333502487492596e-10, 0.18201408829254037, 0.1820140878782322, 1.2029062401014915e-10, 1.269937268773704e-10, 0.18201408754581588, 4.391891958297724e-10, 0.1820140878429067]
v_opt: [0.8179859120448895, 0.8179858943917536, 0.6691009283951863, 0.033129138446203396, 0.014154385567838108]
solution time: 0.015815019607543945
McCormick lower bound: -4.53617307477948

