x_opt: [0.6888874468589669, 0.25524299938424255, 0.8337956972129393, 6.930362543474322e-5, 0.7447565353332091, 0.25524291903107604, 0.7447571568121288, 0.8122761031938942, 0.5648163110144099, 0.1662042684406707, 0.18771911456683424, 0.43518355762451205, 0.2552431181872864, 0.2552428273347828, 0.16620504393095847, 0.25524336187080576, 6.927602115971076e-5, 4.085175299515762e-8, 0.1662048825697789, 0.16620491376681987]
w_opt: [0.6888874385873791, 0.4336439864058335, 1.4126480104232087e-8, 8.808666956048062e-9, 0.12407101062379572, 0.25524307292491477, 1.592637917902116e-8, 5.030771568589033e-8, 6.925965904903963e-5, 2.5439308750840365e-8, 5.7786136946841065e-9, 0.08903870275827594, 2.394739287009429e-7, 0.2552429323375028, 0.16620426041150504, 0.25524279502417724, 6.83901287103712e-8, 0.2552429900637782, 6.927253737787614e-5, 0.5785528602056004, 0.6460718162624357, 1.570964326883582e-8, 0.2689792997375265, 0.2552433095991171, 3.6086264154563715e-8, 3.073875509900847e-8, 0.166204873238835, 6.312217586660444e-7, 6.967037314125359e-9, 7.120139203452614e-8, 6.928683643201003e-5, 6.929247925643997e-5, 6.922863299737387e-5, 7.344983586990056e-9, 2.436592473368819e-7, 6.926525570857172e-5, 8.317565514927812e-9, 1.5084215370240633e-8, 0.5648163061015712, 7.904956568999528e-8, 7.54803996739423e-9, 8.34659183504448e-9, 1.2704845116858148e-8, 6.913322645942183e-5, 8.2729331168581e-9, 0.2552429008056136, 0.25524284862225405, 2.3473461356689855e-8, 0.2552429076191023, 0.2552427655546322, 1.3017304331803354e-8, 0.2552429105970711, 1.139170281737629e-8, 2.5615609001269908e-8, 0.16620487291579414, 2.144015013801965e-8, 0.435183549851845, 1.6834634430883393e-6, 1.3617766985460823e-8, 1.9173775819002736e-8, 5.8296916933699e-8, 0.5648162992130082, 1.0765146608525785e-8, 0.16620500189487214, 6.926308368896284e-5, 0.166204873078358, 1.3849692189014796e-8, 6.243357714900079e-9, 2.165197905733176e-8, 0.25524311033022135, 1.5553432704422946e-8, 7.991992668413585e-9, 1.1195409065950902e-8, 2.2250524191180073e-8, 2.3800102765499502e-8, 6.929990217541182e-9, 0.16620425979703343, 2.4121059967540282e-8, 0.1662040404439046, 0.18771910098541697, 1.2622133768600897e-8, 8.14291355267936e-9, 1.1526316391477216e-8, 1.5862453084450762e-8, 6.865905788559804e-9, 0.1662050380983199, 0.25524265771869026, 0.16620490408495317, 6.921503311099059e-5, 1.1644286217582065e-8, 0.16620503053629754, 6.919466786124576e-5, 1.632434233552283e-8, 0.16620486962651865, 0.1662049062684238, 7.28943152355732e-9, 7.382613319235395e-9, 6.924236050862183e-5, 3.11772152963106e-8, 0.16620485630187146]
v_opt: [0.8122760947561518, 0.833795690054973, 0.554662639833829, 0.027623913073038454, 0.035238500578462596]
solution time: 0.01223301887512207
McCormick lower bound: -3.4144303081818315

