x_opt: [0.635351664270612, 0.36464833630098853, 0.6353516684597605, 3.158301275762536e-7, 0.6353516646602908, 0.15944952558381764, 0.8878495728463743, 0.36464870492625656, 0.36464834815298436, 0.36464833322415235, 0.22868332712740652, 0.6353516426485638, 0.36464833431830934, 0.11215043007814074, 0.3646483321758237, 0.36464833821038384, 3.141718829907513e-7, 3.8820853176835436e-9, 0.11215039860071242, 0.11215039219897086]
w_opt: [0.6353516634745573, 0.2707033296443324, 1.2626101827805623e-9, 1.0235248167232036e-9, 0.27070330762821254, 0.3646483314641461, 7.819408823883183e-10, 5.891444496124064e-9, 3.123849847185833e-7, 2.3342204440491646e-9, 8.169988937208368e-10, 5.449749472105965e-9, 1.0584978470622131e-8, 0.36464833002586405, 0.36464833134472524, 0.1121504281884567, 4.013656562060724e-9, 0.3646483353349854, 3.134052688952845e-7, 0.5232012418790551, 3.739778738419658e-7, 2.8472943024003244e-9, 0.2707033142099604, 0.36464833397087526, 3.854898164753762e-9, 3.3601804295852425e-9, 0.11215039795709364, 2.7217238814164007e-9, 6.018438161244642e-10, 4.490200675688684e-9, 3.146804578717039e-7, 3.146968279801452e-7, 3.104377937969748e-7, 5.612876981959389e-10, 2.3039237054417484e-8, 3.133058571288104e-7, 8.42502586931337e-10, 1.4878024282779994e-9, 0.3646483475151367, 7.421526190673495e-9, 1.5267176848305949e-9, 7.913125843769676e-10, 2.2434980874277056e-9, 3.041254602429424e-7, 5.785960502443467e-10, 0.15944952303801843, 0.15944952248547026, 1.7053345719145433e-9, 0.159449524420026, 0.11215042611492124, 1.370293094609149e-9, 0.15944952499298182, 8.165782594660452e-10, 2.367128580982213e-9, 0.11215039788473603, 2.671793664827203e-9, 0.6353516418390822, 0.25249795062445873, 4.013120476441537e-9, 3.904871027957027e-9, 4.908546044273885e-9, 0.36464834741746, 9.64435791879761e-10, 0.36464832982022494, 3.1270212454613557e-7, 0.11215039735527142, 1.2525390998164404e-9, 5.629841401034893e-10, 1.0290025858943037e-9, 0.3646483336655221, 1.2737113918730954e-9, 7.925153331034524e-10, 1.0205192779759062e-9, 1.2961341069170417e-9, 1.4307563115418113e-9, 6.0735102429081e-10, 0.3646483311917142, 1.5781652288762952e-9, 0.11215039275280367, 0.22868332662685326, 1.2513482171346734e-9, 7.113992438073963e-10, 6.590940286838506e-10, 2.3947994606975553e-9, 7.936196763224148e-10, 0.36464833148756903, 0.36464830026099804, 0.11215039087414451, 3.118960806528461e-7, 1.774882842997156e-9, 0.3646483309484336, 3.0949248075760066e-7, 1.2049342431492335e-9, 0.11215039750446835, 0.11215039144393764, 7.890296736051622e-10, 6.795523590510621e-10, 3.0846800226459135e-7, 3.116620783019225e-9, 0.1121503904409194]
v_opt: [0.36464870412531575, 0.635351667423582, 0.40367174440136244, 0.13296840740012902, 0.0522961394914677]
solution time: 0.01411581039428711
McCormick lower bound: -7.591936778270556

