x_opt: [0.7342333578252046, 0.34441703541244245, 0.734233374304706, 0.17185716628949801, 0.7342333394432122, 0.1718580937970269, 0.8281420939676754, 0.3927595217676893, 0.2657666617817552, 0.26576663953799234, 0.21509162785924837, 0.7342333397117019, 0.26576664071696465, 0.1718579028800157, 0.26576651738492774, 0.34441710090217953, 0.17185713653456708, 1.5886992825714543e-8, 0.17185734503827713, 0.17185714555583453]
w_opt: [0.734233345858376, 0.46846669900845767, 5.6597973803467816e-9, 2.3254200198902767e-9, 0.46846669985437933, 0.2657666285779564, 2.348607157341029e-9, 1.228276326631856e-8, 0.17185713032203398, 9.937513935349525e-9, 2.690674478919783e-9, 0.07865041174221024, 0.07865038205022817, 0.344417010335953, 0.2657666377181653, 0.171857897118165, 1.3710409440590868e-8, 0.3444170332487738, 0.17185715714519398, 0.5623754697188861, 0.12699289780621684, 2.9710355159307187e-8, 0.46846672750891843, 0.3444170811805015, 1.1219153125356378e-8, 1.435111296096317e-8, 0.17185734339786846, 1.1753002328017923e-8, 1.9339550176198717e-9, 2.232739234285046e-8, 0.17185716347042085, 0.1718571632061425, 0.17185715235360896, 1.5412721265445396e-9, 1.4234490830666738e-7, 0.17185713489699242, 2.4364405202783187e-9, 4.108143492347531e-9, 0.2657666604837482, 3.48810740598291e-8, 8.138024859677823e-9, 2.0975539006495966e-9, 6.215904092433976e-9, 0.17185709060440024, 1.4999881691782327e-9, 0.17185808494385962, 0.17185808421682156, 5.789006407151832e-9, 0.1718580895819336, 0.17185788568242655, 5.089969046867823e-9, 0.17185809223159781, 2.678037138457552e-9, 1.039789821385271e-8, 0.17185734334748345, 1.3575072777411058e-8, 0.7342333378861311, 0.09390924694999142, 7.66951012008104e-9, 7.434255363812454e-9, 9.972732278619285e-9, 0.26576665988476705, 2.876019323844325e-9, 0.2657665095850585, 0.17185713312773132, 0.17185734124463678, 6.133766769934591e-9, 1.935964507260325e-9, 5.3405962966624156e-9, 0.26576663896213537, 3.1410168060685644e-9, 2.7205808419242766e-9, 2.9414335831619104e-9, 3.643577842747788e-9, 4.240669022194032e-9, 1.530154777097532e-9, 0.26576663621831437, 9.00073605518974e-9, 0.17185733556466737, 0.21509162657537742, 4.954786530553028e-9, 1.7074571848015788e-9, 1.6821000602928477e-9, 8.282378812360013e-9, 2.832988627032189e-9, 0.26576651562158915, 0.26576662503201315, 0.17185714098470284, 0.17185712785377133, 5.771799042462224e-9, 0.2657665145813269, 0.17185712246428062, 4.624408606997429e-9, 0.17185734112721035, 0.17185714320841147, 2.651347652807604e-9, 2.219718849746277e-9, 0.1718570900711213, 1.3743175586662503e-8, 0.17185714129006183]
v_opt: [0.39275951963919437, 0.7342333716796324, 0.5390986026208082, 0.07063193087796912, 0.046264850292743825]
solution time: 0.012755870819091797
McCormick lower bound: -7.011693153936695

