x_opt: [0.7988646101391127, 0.20113540164106863, 0.7988646128806556, 0.20113537933209097, 0.7988646065995866, 0.20113538959907698, 0.7988646108356549, 0.5447729850678287, 0.28323975510731186, 0.20113538839508946, 0.19083098159096964, 0.7168068603622237, 0.20113539144893097, 0.20113538873842784, 0.20113536045741043, 0.3375527395074869, 0.2011353784403474, 1.4417920722772755e-9, 0.2011353571775817, 0.20113535631751162]
w_opt: [0.7988646098240065, 0.5977292169610254, 5.247637572961066e-10, 3.556088523810512e-10, 0.5156714707993891, 0.2011353899521995, 4.300381281640425e-10, 9.87562665245616e-10, 0.20113537780040514, 8.346648642914612e-10, 2.9808843972178093e-10, 1.4778027420470828e-8, 1.0086506856802716e-8, 0.20113540000641544, 0.20113538802931102, 0.20113538806040107, 1.2105972405837249e-9, 0.2011354013929783, 0.20113537839089266, 0.5977292239394609, 0.34363759826222573, 2.1444033909178964e-9, 0.5156714745210454, 0.33755273795780616, 9.95458945861837e-10, 1.1807257314538697e-9, 0.2011353569174911, 6.716040004428598e-10, 2.7117781846402455e-10, 1.3229415278605986e-9, 0.20113537894473374, 0.20113537884534705, 0.20113537733561926, 2.4204985031029526e-10, 5.932876006224744e-9, 0.20113537817190363, 2.8187898682188783e-10, 4.961997654566803e-10, 0.2832397549058106, 1.7419067924614664e-9, 4.0990122412143036e-10, 3.344167226651793e-10, 5.378051805961415e-10, 0.2011353741691885, 2.1916371600449009e-10, 0.20113538866153932, 0.20113538843133028, 6.150813230477437e-10, 0.20113538897004368, 0.20113538734205794, 4.647305474744361e-10, 0.20113538929883723, 3.455803063822597e-10, 8.418246340569934e-10, 0.20113535688445094, 7.061447740017924e-10, 0.7168068600544538, 3.7348203151462296e-8, 4.220375561804255e-10, 5.643681320405474e-10, 1.105151677861172e-9, 0.28323975477774593, 3.470797016193619e-10, 0.20113535941563065, 0.20113537802876796, 0.20113535677268699, 4.995669667087419e-10, 2.673018411319053e-10, 4.6615879311123765e-5, 0.2011353911043124, 3.67294133961616e-10, 3.1954457696219207e-10, 3.564694825018866e-10, 4.841996905779086e-10, 5.056373708850473e-10, 2.1997043922599502e-10, 0.20113538803761524, 7.571446506948768e-10, 0.20113535488023315, 0.19083098128855022, 4.193969987361833e-10, 2.343587291190348e-10, 2.8219768215036945e-10, 7.07948073318992e-10, 2.899325185027147e-10, 0.20113536013706257, 0.2011353870774137, 0.20113535581534292, 0.20113537716013058, 4.817386593353892e-10, 0.20113535999948312, 0.20113535864936674, 4.5162717501212104e-10, 0.20113535652725908, 0.20113535601471796, 2.787491450094943e-10, 2.901468161847301e-10, 0.20113535535112959, 1.0781194994280028e-9, 0.20113535592671544]
v_opt: [0.5447729847829966, 0.7988646125110827, 0.6381846966378756, 0.040455562533967905, 0.036416492744518095]
solution time: 0.015517234802246094
McCormick lower bound: -4.963731757008319

