x_opt: [0.6349603016666394, 0.3650396975729624, 0.6349603075074758, 5.463902592684433e-7, 0.6349603006016337, 0.1579387192401035, 0.8858373816136006, 0.36503973807695794, 0.3650397043630142, 0.36503969310918477, 0.2275212777496196, 0.6349602924543128, 0.36503969735351377, 0.11416262065498739, 0.36503969430735755, 0.3650397016830266, 5.455272938384473e-7, 4.8324807496884855e-9, 0.11151774437119977, 0.1115177377184748]
w_opt: [0.6349603006643405, 0.2699206026643019, 1.5578935317930115e-9, 1.4090756037582024e-9, 0.26992059505317667, 0.36503969366712585, 1.0864532697062837e-9, 6.9714611513686115e-9, 5.433573533369181e-7, 2.864374408032226e-9, 1.1082375206609225e-9, 5.938559581712598e-9, 1.0571085629272155e-8, 0.3650396906220677, 0.36503969159344457, 0.11416261812588152, 4.850360667055145e-9, 0.3650396963514232, 5.434755790412725e-7, 0.5207976899411997, 4.640194944840244e-8, 3.6912172542575718e-9, 0.26992060367639326, 0.36503969725862456, 4.174648977647027e-9, 4.1118408603424505e-9, 0.11151774347771073, 3.088099669408587e-9, 7.705071610568595e-10, 4.496697642611089e-9, 5.448162717744961e-7, 5.448526506487372e-7, 5.39421575766851e-7, 8.001033865346757e-10, 2.110903234019036e-8, 5.442503591573216e-7, 1.114568627834039e-9, 1.8571156064994707e-9, 0.3650397034747481, 6.339271280342731e-9, 1.3739372074052429e-9, 1.1496990039622422e-9, 2.4058895672900614e-9, 5.34059768599793e-7, 8.016843601570694e-10, 0.15793871594446093, 0.15793871544042812, 1.9395333208524044e-9, 0.15793871774077253, 0.11416261662408433, 1.7617606967277125e-9, 0.15793871838335086, 1.0655663792424447e-9, 2.8440522770331746e-9, 0.11151774329892002, 2.750957980603652e-9, 0.6349602912478219, 0.2508771460562059, 3.5033605233359504e-9, 2.753734262999679e-9, 3.91583718502757e-9, 0.3650397033379546, 1.2591119224791625e-9, 0.36503969141615916, 5.435815135338607e-7, 0.11151774288225827, 1.478194496889705e-9, 7.647335367989582e-10, 1.475573764904169e-9, 0.3650396964730254, 1.6888034548361872e-9, 1.0244979589955024e-9, 1.3685601987793318e-9, 1.85332532599745e-9, 1.9510270404884846e-9, 8.59213996368533e-10, 0.36503969168454925, 1.8647084234327845e-9, 0.11151773720419159, 0.22752127684288218, 1.5106773798352425e-9, 9.979212312449688e-10, 9.957203752520044e-10, 2.669113078110848e-9, 1.0139694487049292e-9, 0.365039693327357, 0.365039660686112, 0.11151773605539841, 5.425481638904717e-7, 2.1441039400910588e-9, 0.3650396926820767, 5.395331547715747e-7, 1.4672741126982426e-9, 0.11151774292941938, 0.11151773661712537, 1.0197880732116463e-9, 9.16430137539923e-10, 5.428148058311948e-7, 3.796954248502014e-9, 0.11151773624178797]
v_opt: [0.365039737097948, 0.6349603060719359, 0.4031746740924557, 0.1332543917835798, 0.0517659802370694]
solution time: 0.014795064926147461
McCormick lower bound: -7.098765928680139

