x_opt: [0.7667421077377632, 0.23325884085527943, 0.7667421211287442, 0.17855282132463163, 0.7667421525653798, 0.17855735478641444, 0.8214426089036689, 0.496928492354565, 0.2703837887003613, 0.23325783867757444, 0.23325753665065682, 0.7296162122736417, 0.23325784912640757, 0.1785573785042478, 0.2332578404444272, 0.3360239288653316, 0.17855276470284456, 4.891928261461082e-8, 0.17855442916377173, 0.17855257254159562]
w_opt: [0.7667420912735793, 0.5334842655709097, 1.2602715300187393e-8, 1.271623989920352e-8, 0.4963583289330121, 0.2332578087858655, 1.0168821214981828e-8, 7.578648684797308e-8, 0.17855274627423148, 3.0373106015419564e-8, 8.419338201416665e-9, 9.678684417101624e-7, 1.0445822911485606e-6, 0.2332587655386062, 0.2332578311352921, 0.17855735873506567, 5.647353662965977e-8, 0.2332588334561292, 0.17855279152394762, 0.588184736131144, 0.2636706204628618, 2.5106165495932103e-8, 0.49635837752758916, 0.33602388107719494, 3.310949089835093e-8, 4.264377725777844e-8, 0.17855442241097122, 2.430589286829395e-8, 5.893512775729793e-9, 5.914453176603813e-8, 0.17855280987839336, 0.17855280671632384, 0.17855276569859987, 6.411823916724467e-9, 2.289207723145025e-7, 0.17855275872101345, 8.655762383350236e-9, 1.6928254601830077e-8, 0.270383783616514, 9.87245448497022e-8, 1.7351538821240424e-8, 8.863357355588146e-9, 2.195492015584799e-8, 0.17855262846588296, 6.520764626706595e-9, 0.17855732381199216, 0.17855731773670244, 1.9021524164554696e-8, 0.17855734371597834, 0.17855725807780806, 1.7803611256211476e-8, 0.17855734819236876, 9.922346194340677e-9, 3.069286414175616e-8, 0.17855442035384705, 3.0258752054044494e-8, 0.7296162031048077, 0.054703244020554716, 9.236230000596772e-9, 4.341284529209999e-8, 7.683198857696162e-8, 0.2703837805523898, 1.0078624894881964e-8, 0.23325781498321133, 0.1785527518280325, 0.17855441763407728, 1.3437609641666622e-8, 6.843641869340082e-9, 2.3948437204603688e-8, 0.23325784165941385, 1.2872003057639065e-8, 8.81442994808058e-9, 1.197751836180088e-8, 1.739314139467484e-8, 1.84827827251527e-8, 5.6717849348164476e-9, 0.23325782777628326, 2.0775085969442274e-8, 0.1785543792291999, 0.2332575306350227, 1.6190906650434197e-8, 7.044697829418388e-9, 7.0431017847397965e-9, 1.672558873183271e-8, 8.747952773139366e-9, 0.23325783355347654, 0.23325764467172158, 0.17855256082313373, 0.17855271195181366, 1.7051136519468103e-8, 0.23325782989866004, 0.17855271495088598, 1.4524703576421512e-8, 0.1785544178908399, 0.17855256152399085, 8.392038717815072e-9, 7.936727626058637e-9, 0.17855255963447045, 4.068647235063714e-8, 0.17855252197612667]
v_opt: [0.4969284854666433, 0.7667421115136643, 0.5878936427115821, 0.05440924532807585, 0.05440909825967005]
solution time: 0.014088869094848633
McCormick lower bound: -5.673277811570129

