x_opt: [0.7895686951574453, 0.3207485305519433, 0.7895687080056198, 0.21043112331247374, 0.7895686979785204, 0.2104310096697922, 0.7895689364569068, 0.4635816454703585, 0.2703756871563535, 0.21043130817405867, 0.19363798380677982, 0.729624317112817, 0.21043130561044285, 0.21043106252458582, 0.21043109884268735, 0.32074854799411157, 0.2104310751689938, 1.1020430206075612e-8, 0.21043082312646572, 0.21043079760949893]
w_opt: [0.7895686911860487, 0.5791373947917056, 9.443309056710705e-9, 2.5551764810659966e-9, 0.5191930148788626, 0.21043129409600891, 2.4402589232829427e-9, 7.708202027862802e-9, 0.21043106988626706, 6.3436997302199574e-9, 2.5619753683397535e-9, 0.11031724074152655, 0.11031724072626994, 0.3207485163707192, 0.21043130560609308, 0.21043105730677666, 8.712675132018098e-9, 0.3207485282930886, 0.21043111595243086, 0.5791376460889602, 0.2531503555214472, 2.6235597590234916e-8, 0.5191930351331769, 0.3207485332722171, 8.454626056701284e-9, 9.285094802291254e-9, 0.2104308212985272, 6.1299434724823574e-9, 2.207989676525475e-9, 1.0946017606972964e-8, 0.21043112052571092, 0.21043111944247148, 0.2104311106243007, 1.6667217190642433e-9, 5.038814490425326e-8, 0.21043107354115329, 2.128486256379195e-9, 3.646467568392094e-9, 0.2703756855997152, 2.689675668629171e-8, 9.384951468478738e-9, 2.259580857126174e-9, 4.717347650898541e-9, 0.21043104364662252, 1.5532877668169498e-9, 0.21043100213396773, 0.21043100120089156, 4.82480002687447e-9, 0.21043100539616688, 0.21043099975552582, 3.6786469374652576e-9, 0.21043100763391415, 2.4918498375012408e-9, 6.506166588646181e-9, 0.21043082114904496, 6.785251238988309e-9, 0.7296243149273464, 4.272993681790462e-7, 4.603370182651925e-9, 5.210434008131957e-9, 9.449751287408277e-9, 0.2703756848677219, 2.6658905513944672e-9, 0.21043109142603011, 0.21043107199654176, 0.2104308196379538, 4.6093023581463705e-9, 1.9448231234288255e-9, 1.1043390045982388e-8, 0.21043130315229835, 2.682212969866987e-9, 2.542389271631107e-9, 2.5923753254924953e-9, 3.1986281786011436e-9, 3.5014512401476586e-9, 1.521861595835087e-9, 0.21043130162702006, 6.975059400408882e-9, 0.2104308076016946, 0.19363798195229617, 3.2964134303141723e-9, 1.6826491384216212e-9, 1.7661297203737305e-9, 5.936494041102174e-9, 2.353344424939203e-9, 0.21043109645289837, 0.2104312720695646, 0.21043079335116885, 0.2104310487190959, 4.1646443234971195e-9, 0.2104310953308261, 0.2104310559407229, 3.4296352843277525e-9, 0.21043081852128767, 0.21043079540323226, 2.271664074281177e-9, 2.143970507087513e-9, 0.210430788568186, 8.418619247669322e-9, 0.21043079286823202]
v_opt: [0.4635816432135936, 0.7895687048781721, 0.6234187888753258, 0.04428156699948693, 0.03749605539176824]
solution time: 0.013117074966430664
McCormick lower bound: -6.0861781480802755

