x_opt: [0.768003740622505, 0.2850346889810413, 0.7680038451816927, 6.865736647608895e-6, 0.7680036354658002, 0.23199567806359503, 0.7680048907827639, 0.5903193081781904, 0.41557700283008725, 0.23199620505098756, 0.23199573460503617, 0.5844170267267472, 0.23199627316678553, 0.23199487329566004, 0.2319958150241009, 0.2850349675790513, 6.778097745370773e-6, 1.1883660949010327e-7, 0.23199500090087008, 0.23199492127569799]
w_opt: [0.7680036986109021, 0.536007385825203, 2.3511162717695658e-8, 1.906850782112534e-8, 0.35242078038223446, 0.23199618069971142, 3.080945083649767e-8, 1.7122686529404885e-7, 6.736638152213098e-6, 7.914620587635269e-8, 1.2752302496512123e-8, 0.05303855008392964, 0.05303854720258649, 0.2850344964799798, 0.23199619099749538, 0.23199484640720272, 1.1251890039139882e-7, 0.28503467063599935, 6.794456133136202e-6, 0.5360087471066605, 0.35832317457848273, 1.9473490141742386e-7, 0.3524209611277565, 0.28503480937046216, 9.430699120318726e-8, 1.0031791714551105e-7, 0.23199498269753976, 9.912529159381222e-8, 1.9003440181526026e-8, 2.307049917230006e-7, 6.8274711690978045e-6, 6.836136573750966e-6, 6.7294235229976065e-6, 1.219734082714999e-8, 1.0386571653742296e-6, 6.762682893892497e-6, 1.9443722349206904e-8, 3.19438257977245e-8, 0.41557699049784486, 5.293860826867998e-7, 1.088414699242257e-7, 1.558131463939342e-8, 6.119906075086149e-8, 6.4667098666721396e-6, 1.6545747783929565e-8, 0.23199564233470005, 0.23199561821888579, 9.029580659583309e-8, 0.23199565322474477, 0.23199479943247417, 2.4562625405821687e-8, 0.23199566646211706, 2.020449217672519e-8, 8.337338344027081e-8, 0.23199498281506978, 6.485100999474693e-8, 0.584417014314075, 1.7109299605225098e-5, 4.8248254438777934e-8, 2.0141865214195446e-7, 3.2217381187610993e-7, 0.415576979709235, 2.2938796038577234e-8, 0.23199575389239804, 6.7472413276890215e-6, 0.23199497364809624, 5.0207505221943834e-8, 1.1302958817780491e-8, 1.541376438569248e-8, 0.23199626071813856, 3.562874666686744e-8, 1.756483643228848e-8, 2.414193986909508e-8, 3.132554558083626e-8, 3.913829795423077e-8, 1.2116978063282323e-8, 0.2319961795013639, 7.055020562746989e-8, 0.23199483671104398, 0.2319957181974051, 3.123427706848052e-8, 1.4756826980637368e-8, 1.4697648732928263e-8, 4.545793254947901e-8, 1.6621098656669094e-8, 0.2319958029844795, 0.2319959578745201, 0.23199489588445496, 6.683361672228553e-6, 3.1548118044288326e-8, 0.23199578688011518, 6.659741198097214e-6, 5.033312892688509e-8, 0.2319949772882244, 0.23199490411303023, 1.6884521836414507e-8, 1.4225755397969373e-8, 6.717338773883407e-6, 9.751456674660409e-8, 0.23199488163706306]
v_opt: [0.5903192830901712, 0.768003828246286, 0.5898298144930787, 0.053822407311643644, 0.053822029015109046]
solution time: 0.014109134674072266
McCormick lower bound: -4.366402642002886

