x_opt: [0.6643327854191814, 0.33566722094365226, 0.664332806185887, 0.08010324260682042, 0.664332688991146, 0.1589607417331063, 0.8410392945313739, 0.4372378217519277, 0.3356896277486703, 0.33566718428053993, 0.23993326438341286, 0.6643103701250443, 0.3356673076083155, 0.15896070667320017, 0.3356672988110904, 0.33566732754569323, 0.08010323858945376, 1.144297878531432e-8, 0.0801035687093998, 0.08010354157526528]
w_opt: [0.6643327823305903, 0.32866547589573936, 3.403548376532188e-9, 3.435677189257228e-9, 0.328643157357287, 0.3356672976059326, 2.748785485301222e-9, 9.605000670859636e-8, 0.08010323431180497, 7.17532854477081e-9, 2.4569859599207987e-9, 2.851408722025195e-8, 1.5070763575047495e-8, 0.3356672046864929, 0.3356671820994816, 0.1589607005637801, 1.7949794524777534e-8, 0.3356672187255029, 0.0801032359595618, 0.5053721026100438, 0.1015706297602889, 4.083791822820201e-9, 0.3286431859730939, 0.3356673179914467, 1.0617831557265033e-8, 9.861303165115281e-9, 0.08010356681777257, 7.668329131574593e-9, 1.3758307391081853e-9, 1.1860581419902705e-8, 0.08010323922122044, 0.08010323898964936, 0.08010322082160368, 1.945873353928249e-9, 5.072549570897393e-8, 0.0801032359931532, 2.4842832529748453e-9, 4.951015903027163e-9, 0.3356896261895505, 1.1018737031845553e-8, 2.301221272909975e-9, 2.9588728043512606e-9, 5.322681255430139e-9, 0.08010321018281295, 2.088005728746229e-9, 0.15896073373232195, 0.15896073097991556, 4.5638607817831096e-9, 0.158960738981202, 0.15896068862938384, 4.800115775123884e-9, 0.1589607398344742, 2.8140467048995773e-9, 6.932398555100911e-9, 0.08010356590007672, 6.033502775867376e-9, 0.6643103669471742, 0.17670673626775282, 4.235405379817195e-9, 7.142026188412355e-9, 1.2489346133611544e-8, 0.3356896255818902, 2.766567030387901e-9, 0.33566729169119364, 0.08010323451485438, 0.08010356596811548, 2.7542679317279058e-9, 2.003095524347304e-9, 5.449192573728112e-9, 0.3356673056053404, 4.2849497722694405e-9, 2.1961401849993214e-9, 3.361366847667577e-9, 6.534810745427452e-9, 6.140640302811836e-9, 1.963922033242541e-9, 0.33566718208760543, 4.0625270837113855e-9, 0.08010355095263867, 0.23993326265589024, 3.7917619543826125e-9, 2.3206716866092703e-9, 2.5781635784796763e-9, 4.565959703622116e-9, 2.2049542460377635e-9, 0.3356672969631545, 0.3356672287328758, 0.0801035384618793, 0.0801032294267311, 4.443389297147063e-9, 0.33566729574844373, 0.0801032204335213, 3.323864820890771e-9, 0.08010356575203319, 0.08010353878105485, 2.1411870898418888e-9, 2.152671090247043e-9, 0.08010322879578814, 9.371243005680884e-9, 0.08010353204692199]
v_opt: [0.4372378200229905, 0.664332803668173, 0.44133793981432023, 0.11267246339632248, 0.057567997835857816]
solution time: 0.015107870101928711
McCormick lower bound: -5.675846902301463

