x_opt: [0.6596158271240027, 0.3403864268895854, 0.6596158228529057, 5.647872031345778e-7, 0.6596158255309091, 0.13787446383451757, 0.8621255962249985, 0.3984379951436562, 0.34038474044489275, 0.34038414419177115, 0.2893142626982146, 0.6596151868669151, 0.3403841718471089, 0.13787439721326336, 0.34038417022112283, 0.3403865943280677, 5.619098681151527e-7, 9.053679644399872e-9, 0.13787445067001708, 0.13787436762760233]
w_opt: [0.6596158207724035, 0.3192316533401085, 1.4129745528641097e-9, 1.2280592622971161e-9, 0.31923101487535815, 0.34038416754434075, 1.3830072348885928e-9, 1.5335338352300438e-8, 5.594830206861815e-7, 6.147589778035008e-9, 1.068698717857947e-9, 2.250522996658707e-6, 2.2573723000161255e-6, 0.3403864156314555, 0.3403841433509174, 0.13787439522948025, 6.0679492735703326e-9, 0.340386425891328, 5.606083181271855e-7, 0.521741419926816, 0.058053818936318884, 1.8117107268421386e-9, 0.3192310141967832, 0.34038658771231944, 5.478470423806578e-9, 8.126467986145538e-9, 0.13787444965917534, 8.061452897117112e-9, 9.304744733739691e-10, 1.2508653896816682e-8, 5.626088079664813e-7, 5.629908637864387e-7, 5.50580705536205e-7, 7.94692499581365e-10, 8.115110443707804e-8, 5.606886525838551e-7, 1.4587806079180305e-9, 1.9736213473788293e-9, 0.3403847395547054, 9.159758632245978e-9, 2.1457739569651202e-9, 1.0806983382128422e-9, 5.4606121289726185e-9, 5.434816313637099e-7, 8.300653177224165e-10, 0.13787446101738132, 0.13787445898117576, 2.9054394898531753e-9, 0.137874462497323, 0.13787438882068184, 1.662946015366229e-9, 0.1378744630760739, 1.1106816930840805e-9, 6.362195401189513e-9, 0.13787444954262948, 3.5076548207903805e-9, 0.659615185852466, 0.2025100860442048, 1.7434830925458632e-9, 5.2964870219345643e-8, 4.326565280625529e-9, 0.340384739277298, 1.3458160938549284e-9, 0.34038416774922914, 5.597327356358877e-7, 0.13787444909522548, 1.996044090197459e-9, 6.595217821302009e-10, 1.0190038476840691e-9, 0.3403841711306381, 2.027398551503129e-9, 1.0580279339594907e-9, 1.8137841753141607e-9, 1.96860697958639e-9, 2.15138111139453e-9, 8.235392342427677e-10, 0.3403841432968605, 2.5136509046875115e-9, 0.13787444207871682, 0.28931426198961496, 2.0840107754495515e-9, 1.0922040498440108e-9, 9.12016454831722e-10, 2.195615584988037e-9, 1.1002915595073354e-9, 0.34038416895682594, 0.34038415478563544, 0.13787436602043546, 5.581971753254068e-7, 2.2523104890620293e-9, 0.34038416885980194, 5.545441351010045e-7, 2.5778594424258685e-9, 0.13787444939947607, 0.13787436615891566, 1.066155451416729e-9, 9.607863604323374e-10, 5.563740332587411e-7, 7.845510559243113e-9, 0.1378743585711572]
v_opt: [0.3984379939689558, 0.6596158215319707, 0.4350930460633496, 0.11586139420934015, 0.08370275979198408]
solution time: 0.01538395881652832
McCormick lower bound: -5.857466987646437

