x_opt: [0.7441921835874239, 0.25580781622156695, 0.7441921839379488, 0.08552952286293379, 0.7441921803455728, 0.2558078163502811, 0.744192184786663, 0.6956485149907263, 0.4295253412989484, 0.2558078161387441, 0.20900940087436437, 0.570474658474139, 0.25580781913331213, 0.25580781524863033, 0.25580781884391957, 0.2558078188765439, 0.08552952282092383, 9.563316850840048e-11, 0.08552952560461946, 0.08552952548546158]
w_opt: [0.7441921835701896, 0.4883843639797683, 2.990882311457372e-11, 2.9301513929487376e-11, 0.3146668420777923, 0.2558078190393544, 2.5425903730892605e-11, 3.5825999296984272e-9, 0.08552952278072184, 5.896876567436771e-11, 2.1185706381795496e-11, 1.7276279950068875e-10, 2.23393834691205e-10, 0.2558078160471085, 0.2558078161353867, 0.255807815191534, 2.736438527989669e-10, 0.2558078162035512, 0.08552952278903847, 0.48838436874308266, 0.43984069894686, 1.7537916484456756e-10, 0.31466684251201216, 0.2558078187930604, 8.406550881406801e-11, 8.016809710037167e-11, 0.08552952558602314, 5.940769463910697e-11, 1.2773472930284733e-11, 1.520119482052265e-10, 0.08552952282845419, 0.08552952282914357, 0.08552952262519235, 1.934247742894227e-11, 1.5268244921538905e-9, 0.08552952278827369, 2.281165221999845e-11, 5.6924209422564016e-11, 0.42952534128379555, 1.486170659131134e-10, 1.653745950913767e-11, 2.6668660578511197e-11, 3.827476176920928e-11, 0.08552952235493473, 1.8605984925976024e-11, 0.2558078162702515, 0.25580781625984833, 3.70605042552909e-11, 0.25580781632452576, 0.2558078151273765, 4.595518749383133e-11, 0.2558078163306345, 2.631247068953665e-11, 5.6714217055623814e-11, 0.08552952557652682, 5.910726966396186e-11, 0.5704746584468962, 5.979830343226667e-9, 5.687089348432014e-11, 5.578948730184755e-11, 9.224133876099951e-11, 0.4295253412793608, 2.4361791376506313e-11, 0.2558078187797394, 0.08552952278251166, 0.08552952557923207, 2.4012981379321853e-11, 1.8682091291893768e-11, 5.382397564134348e-11, 0.2558078191147247, 3.7967411203959175e-11, 1.9635183001374168e-11, 2.977522722771237e-11, 7.342343672742406e-11, 6.584350129757851e-11, 1.8376385691181385e-11, 0.25580781614430576, 3.727583124564915e-11, 0.08552952540256181, 0.20900940086696948, 3.3313128959297857e-11, 2.154422099584242e-11, 2.5390140275546947e-11, 3.996687037274137e-11, 1.9003025166584424e-11, 0.2558078188300391, 0.25580781782675804, 0.08552952545738451, 0.08552952273934473, 4.164072061119856e-11, 0.25580781878269465, 0.08552952264182992, 2.8887920632952948e-11, 0.08552952557725661, 0.08552952545571543, 1.9352000130914316e-11, 2.000637155906131e-11, 0.08552952269924302, 7.637057450981483e-11, 0.08552952539140209]
v_opt: [0.6956485149744512, 0.7441921839151303, 0.5538220062546999, 0.06543764018678458, 0.04368494076651196]
solution time: 0.014045953750610352
McCormick lower bound: -5.288836692274844

