x_opt: [0.7131956657859878, 0.2868043739440578, 0.7131956663774697, 0.1005290049886431, 0.7131956634008767, 0.17012623792379372, 0.8298737708701214, 0.43680685185497026, 0.2868075507362644, 0.2868043317621371, 0.2629061095618461, 0.7131924491393129, 0.28680433622551843, 0.1701262289448323, 0.2868043345742606, 0.2868106289805576, 0.1005290039317171, 2.2175958225938898e-9, 0.17012622283431342, 0.1005290108218042]
w_opt: [0.7131956651003865, 0.42639132941917773, 6.188487610473091e-10, 5.014592433925117e-10, 0.426388115279195, 0.2868043346012525, 4.4028496306740887e-10, 4.416197394679665e-9, 0.10052900310621375, 1.3746357955321763e-9, 3.861647055344195e-10, 4.0603058370900436e-8, 3.9815152987355746e-8, 0.2868043711154587, 0.28680433145697765, 0.1701262280496589, 2.2699254753277575e-9, 0.2868043736039863, 0.10052900378632222, 0.5430694375971357, 0.15000251860553268, 1.115117354304771e-9, 0.426388117159202, 0.2868106270802939, 1.5536718900939446e-9, 1.917920305797428e-9, 0.1701262224919096, 1.2457674525516367e-9, 2.933631245650371e-10, 2.277423090417022e-9, 0.10052900440472558, 0.10052900443803929, 0.10052900235090657, 3.1000924739340956e-10, 1.140624949872783e-8, 0.10052900353405861, 4.2590159451352445e-10, 7.126259959185794e-10, 0.28680755044486256, 3.120834981827175e-9, 5.693782306054856e-10, 4.2113901978748596e-10, 9.199351500022823e-10, 0.10052899843586495, 3.0767476631294787e-10, 0.17012623668752527, 0.1701262362986925, 8.215779113725308e-10, 0.17012623738370283, 0.17012622651002585, 7.020874777608208e-10, 0.17012623759606518, 4.3436905647241215e-10, 1.380490284499607e-9, 0.17012622240194672, 1.106227489192192e-9, 0.713192448702818, 0.11667813147749204, 7.016487149630231e-10, 1.0964050932116865e-9, 1.9472879349459076e-9, 0.28680755034441785, 4.719630644754769e-10, 0.28680433338869016, 0.1005290032657081, 0.1701262223067602, 5.831680386693899e-10, 3.0158163049134707e-10, 9.536020349799944e-10, 0.28680433590625554, 6.212119434378571e-10, 3.8997214253696715e-10, 5.478774484643102e-10, 7.63735489202672e-10, 8.153396584036563e-10, 2.9635641395630306e-10, 0.28680433137601746, 8.218244261884151e-10, 0.1701262200375166, 0.2629061092474204, 6.449765203824426e-10, 3.5639299902913767e-10, 3.580889293462762e-10, 8.07136298669077e-10, 3.889071361136132e-10, 0.28680433422181784, 0.28680433180168036, 0.1005290102446448, 0.10052900245946801, 7.421166624285005e-10, 0.28680433407225986, 0.10052900145124116, 6.384240969706595e-10, 0.17012622228059193, 0.10052901043126909, 3.7493756324685827e-10, 3.6647109885081557e-10, 0.10052900128423808, 1.8026130769119999e-9, 0.10052901014813795]
v_opt: [0.4368068514944017, 0.7131956659113063, 0.5086488307572872, 0.08225684005079749, 0.06911962870348834]
solution time: 0.015494108200073242
McCormick lower bound: -5.705185153687389

