x_opt: [0.6353515415047968, 0.36464848502210884, 0.6353515506261006, 4.837267928198295e-7, 0.6353515108889293, 0.15944980387131394, 0.8878497957127126, 0.3646485114463277, 0.3646485058741249, 0.36464843086591814, 0.22868272592193212, 0.6353514337750418, 0.3646484841551859, 0.11215021613667622, 0.36464847014855195, 0.3646485025700291, 4.821788036609336e-7, 1.0430345588215944e-8, 0.1121501597693971, 0.11215013851435979]
w_opt: [0.6353515371431936, 0.2707030538671095, 2.207924513926697e-9, 2.1962943123099445e-9, 0.27070297678397953, 0.3646484779144944, 2.4872657355584974e-9, 3.8927865870572234e-8, 4.782460549363131e-7, 6.848709241967231e-9, 2.7982657915708294e-9, 3.710591863686661e-8, 3.803021559315061e-8, 0.36464846060609923, 0.36464842960555854, 0.11215021183857939, 8.897637685891981e-9, 0.364648481515821, 4.7792040440766e-7, 0.5232013474928376, 6.321576883581453e-8, 1.9973273730606413e-10, 0.2707029914086356, 0.3646484937330148, 1.2382373808983103e-8, 9.508347324695756e-9, 0.1121501585913159, 1.5301417226381192e-8, 1.1952134110723124e-9, 1.475129357117589e-8, 4.807175670813145e-7, 4.793012983867629e-7, 4.5934966352343443e-7, 1.1999941785569066e-9, 8.031402671546369e-8, 4.798477753173733e-7, 2.1043410616619303e-9, 3.0411071697161584e-9, 0.3646485040764693, 8.744494215912411e-9, 4.113437393284427e-9, 2.5272712043793527e-9, 8.22483854294222e-9, 4.503283110943303e-7, 1.2174616285094764e-9, 0.1594497981474386, 0.15944979384158744, 3.3383514930553798e-9, 0.15944980145621723, 0.11215018491741906, 2.8355563439218303e-9, 0.1594498029390011, 1.8124628629780066e-9, 6.93024496910876e-9, 0.11215015852922507, 8.721947083994682e-9, 0.6353514318147, 0.25249897639722924, 1.429082083180053e-8, 9.279373455606095e-9, 2.383249657352095e-8, 0.3646485039529172, 2.1697949827201604e-9, 0.3646484663529651, 4.782721570064695e-7, 0.11215015763404658, 3.1011642255468034e-9, 1.1772969419281093e-9, 1.65645464104557e-9, 0.3646484834213496, 3.01682804084928e-9, 1.6968714858051165e-9, 2.5568044396707863e-9, 4.007494096946901e-9, 3.4584954562081197e-9, 1.2793624341820683e-9, 0.364648430321364, 3.6507447010816483e-9, 0.11215014787869297, 0.22868272509269014, 3.3645323638327194e-9, 1.95323431241451e-9, 1.3477922671473059e-9, 4.1213647933827385e-9, 1.7699025682859225e-9, 0.3646484688601385, 0.3646484203048574, 0.1121501354602692, 4.7689630929788e-7, 5.821249672746336e-9, 0.3646484664830125, 4.66589466788971e-7, 2.896039834675217e-9, 0.11215015831668232, 0.11215013123530362, 1.9123756350364506e-9, 1.4501812978953312e-9, 4.754895964464684e-7, 9.167903624831441e-9, 0.11215010660153345]
v_opt: [0.3646485099406227, 0.6353515484369456, 0.40367155123561754, 0.13296848440764972, 0.05229579248221182]
solution time: 0.014042139053344727
McCormick lower bound: -8.05099543233664

