x_opt: [0.6520724042160871, 0.347930992465627, 0.6520723992338421, 0.07216977970625729, 0.6520723831511673, 0.15737780185603417, 0.8426221870534458, 0.42195038463423923, 0.34792789060640156, 0.34792756757025717, 0.21436664127897884, 0.6520721174676797, 0.34792760234981446, 0.15737781306365717, 0.3479275804171867, 0.3479323201275292, 0.0721697670692124, 2.3636213376699843e-8, 0.07218115441198387, 0.0721656393118333]
w_opt: [0.6520723950463942, 0.30414479150842116, 6.454383924649798e-9, 5.737463849942385e-9, 0.30414452617729243, 0.34792758524920153, 4.211570937238707e-9, 2.024299364489566e-8, 0.07216975741812492, 1.379247786372739e-8, 5.225336709648316e-9, 3.3950217738833425e-6, 3.388485115106589e-6, 0.3479309662986884, 0.3479275634324928, 0.15737780184617628, 1.6743787833365716e-8, 0.34793098925089033, 0.07216976702914435, 0.4946945894891083, 0.07402278730605803, 7.56295257022369e-9, 0.30414453330698243, 0.3479322990427828, 1.597750380930497e-8, 2.0578656543758688e-8, 0.07218115096010136, 1.176435763831721e-8, 3.5647454567894272e-9, 1.7825039641849577e-8, 0.07216977413613702, 0.0721697722661191, 0.07216975630382584, 3.259010400895631e-9, 1.0978999257354443e-7, 0.07216976313855814, 4.5905545272973935e-9, 7.291502821372524e-9, 0.3479278872758905, 2.185501868517569e-8, 6.971104401027805e-9, 4.6361147528832525e-9, 9.900974971569186e-9, 0.07216971187068448, 3.0187869216958675e-9, 0.15737778615028403, 0.15737778716231005, 8.176078121233071e-9, 0.1573777942294894, 0.15737779380631545, 7.457477465352412e-9, 0.15737779804367616, 4.549333888204678e-9, 1.3894587586211628e-8, 0.07218115042374573, 1.2341894341805844e-8, 0.6520721127478802, 0.1905500673883882, 7.658477470046447e-9, 9.927839369027909e-9, 1.401832916395968e-8, 0.34792788659048896, 5.18544462447132e-9, 0.3479275684923495, 0.07216976019024596, 0.07218114783301555, 7.008927967251533e-9, 3.6055353869545248e-9, 1.5760305795862017e-8, 0.3479275983845754, 5.637948694041801e-9, 4.6438435165866685e-9, 5.643748915857954e-9, 6.5422647712606535e-9, 6.9923826595226135e-9, 3.136052832402113e-9, 0.3479275646348731, 9.418716865966505e-9, 0.07218112684404064, 0.21436663805588568, 6.8015976381346155e-9, 3.56429685270642e-9, 3.4569652316121013e-9, 1.1001772291803368e-8, 4.853114270363335e-9, 0.3479275755830836, 0.34792758443181165, 0.07216563118881386, 0.07216975474765487, 8.801417481109616e-9, 0.34792757488185805, 0.07216974508805722, 6.5938106772603254e-9, 0.07218114691960684, 0.07216563510441931, 4.40625152150865e-9, 4.238919163169174e-9, 0.0721656252716236, 1.8911816493760623e-8, 0.07216563578999402]
v_opt: [0.4219503805698157, 0.6520723927845254, 0.42519945439258805, 0.12105366518903388, 0.045953077316198965]
solution time: 0.012857198715209961
McCormick lower bound: -7.458803805389601

