x_opt: [0.6353535497207727, 0.36464759977888334, 0.6353535349057576, 1.5021441887545371e-6, 0.6353535645394776, 0.15944807929627533, 0.8878470378225406, 0.364649141361513, 0.3646465453645583, 0.36464636820950314, 0.228683863988437, 0.6353532582471082, 0.36464643617942016, 0.11215295182016966, 0.36464643825415854, 0.3646477782384803, 1.4901042055002274e-6, 2.459497033291689e-8, 0.11215310233423138, 0.11215255673104309]
w_opt: [0.635353534702055, 0.2707071164913894, 2.3072471713445923e-9, 3.5054438488970513e-9, 0.27070681045915845, 0.36464642697260663, 3.058215773170257e-9, 4.1609850111669117e-8, 1.4832780320577573e-6, 1.671814112010063e-8, 3.0736752941679025e-9, 1.136665050053843e-6, 1.1699243017614601e-6, 0.36464755127796206, 0.3646463664008507, 0.1121529456832401, 1.5354421229476086e-8, 0.36464759775112093, 1.4922664291859154e-6, 0.5232005746915709, 2.6780769912322275e-6, 7.898987899815689e-10, 0.27070680544696507, 0.3646477623481579, 1.5920128926480284e-8, 2.261023148035403e-8, 0.11215310003266311, 1.0726350210212228e-8, 2.2346808908262153e-9, 2.7666228773613466e-8, 1.4975152522117628e-6, 1.4980710899572766e-6, 1.4805166991623984e-6, 1.8349540419165187e-9, 2.2864855830243903e-7, 1.4879464955958152e-6, 3.2053173849504743e-9, 5.0381171023404756e-9, 0.36464654292464904, 2.898218657439382e-8, 1.1314220545872628e-8, 2.9402758732773005e-9, 2.5422413719710015e-8, 1.445617442841793e-6, 2.0168560373116867e-9, 0.1594480694427157, 0.15944806809797277, 6.397916145573109e-9, 0.15944807518361326, 0.11215290813782448, 4.737889715894294e-9, 0.15944807748869994, 2.669620128907411e-9, 1.719139999034272e-8, 0.11215310002270852, 1.6239054097663694e-8, 0.6353532555573591, 0.25249429930639633, 1.5679556183382073e-9, 1.4381734352188932e-7, 5.456118922333295e-8, 0.3646465429138923, 3.477050289123918e-9, 0.3646464332340661, 1.4844784207867666e-6, 0.11215309720419665, 5.624114045320724e-9, 1.697186637304868e-9, 2.556475003363213e-9, 0.36464643448416945, 4.528376456031038e-9, 2.7659006324471765e-9, 4.345879262328634e-9, 4.672296923001869e-9, 5.432451625364915e-9, 1.8246414677349811e-9, 0.3646463667055168, 6.2316911038035865e-9, 0.11215307113942455, 0.2286838622576069, 6.97149317099449e-9, 2.6166649370194793e-9, 1.922102896242605e-9, 4.334612292089029e-9, 3.126027109598218e-9, 0.36464643396868335, 0.3646464252680975, 0.11215255184708177, 1.4808763687076845e-6, 8.709221330039939e-9, 0.36464643525159984, 1.4679268571513092e-6, 6.074557569621995e-9, 0.11215309897117158, 0.11215255349213708, 3.0197980195607883e-9, 2.4495920305860167e-9, 1.4535996809036228e-6, 2.178284550964265e-8, 0.11215254800042425]
v_opt: [0.36464913843162894, 0.6353535310569236, 0.4036744162148635, 0.13296731882132498, 0.052296384667871024]
solution time: 0.015087127685546875
McCormick lower bound: -7.83906970502513

