x_opt: [0.33751780781655494, 0.11452795372008674, 0.8854741826650826, 0.11452734941050678, 0.8854716014022146, 0.11452737283614729, 0.8854721066301746, 0.8854768658485098, 0.8854709074335083, 0.11452569577438944, 0.11452176251631883, 0.7638117520301666, 0.11452746105123139, 0.11452788633167038, 0.11452307504169164, 0.3745335497191991, 0.11452701699191853, 6.36526697505433e-8, 0.11452290568452671, 0.11452287535314418]
w_opt: [0.337517783487378, 0.22298941618913998, 3.780320753333659e-8, 1.624536255244848e-8, 0.10132957286347112, 0.1145273524708679, 1.9839908194347456e-8, 9.89934141909899e-8, 0.11452699445356174, 4.1367349383379206e-8, 1.1722824115605626e-8, 2.1440113612722154e-6, 1.465725051098406e-7, 0.11452785967193296, 0.11452568091839971, 0.11452778816558899, 1.4043127997428146e-7, 0.11452793674943472, 0.11452730445103304, 0.7709462990750632, 0.7709510694320706, 6.014016543850205e-8, 0.6492860146068968, 0.3745334783844503, 1.2521377999225509e-6, 5.1618855022811825e-8, 0.11452289513235238, 3.4207111464219996e-8, 8.35043115320373e-9, 9.751833274655655e-8, 0.11452733364297174, 0.11452732775494781, 0.11452559175252659, 1.3070601416536704e-8, 3.2526551697193763e-7, 0.11452700854723552, 1.092585318727034e-8, 2.659161967443082e-8, 0.8854708992980364, 8.270634911091104e-8, 9.174636114007257e-9, 8.230837651753585e-9, 2.3296752233559224e-8, 0.1145267239913927, 1.1852447059276821e-8, 0.11452732332281763, 0.11452727533044947, 3.269263773943906e-8, 0.11452735229054516, 0.11452732176256945, 3.205027433593053e-8, 0.11452735735358506, 2.0211248708656716e-8, 3.980614216359633e-8, 0.11452289010632236, 3.164806199674139e-8, 0.7638117335368662, 1.1054062427005988e-6, 1.5341813160643917e-8, 2.9152325607236632e-8, 7.219393379003265e-8, 0.8854708896102266, 9.989830904268172e-9, 0.11452299080718471, 0.11452700226678872, 0.1145228925332509, 3.652244562697028e-8, 1.633378011712241e-8, 0.6492827636119176, 0.11452742978237794, 1.7174706677256918e-8, 1.3731450598072848e-8, 1.63613183807398e-8, 3.973108470045714e-8, 4.1213760769476616e-8, 1.035333811000795e-8, 0.11452566659825653, 4.1547510412633495e-8, 0.11452255869276586, 0.11452174370396906, 2.065505814062173e-8, 9.722171327603569e-9, 2.3939229960829253e-8, 3.122768453694709e-8, 1.150878462834459e-8, 0.11452306304847917, 0.11452722258848523, 0.11452285935460715, 0.11452692514166092, 1.8212473844349864e-8, 0.11452305792089938, 0.11452298987115325, 1.8700325793174003e-8, 0.11452287488976, 0.11452286065410905, 1.1196852815560905e-8, 1.4108706472928858e-8, 0.11452282548704061, 4.9597818099181834e-8, 0.1145228560181793]
v_opt: [0.8854768565758476, 0.8854741706443655, 0.7840687701058521, 0.01311617232407183, 0.013115234823942485]
solution time: 0.013721942901611328
McCormick lower bound: -3.7691776850871435

