x_opt: [0.760807641140129, 0.34655624461260504, 0.7608076461352344, 0.23919151532834615, 0.7608082554259996, 0.19369866601849522, 0.8063013548525685, 0.3836647825547209, 0.23924331645691424, 0.23919235985679682, 0.20337446546609692, 0.7607566654087973, 0.23919234547880525, 0.19369863775744373, 0.23919168250334585, 0.3465562490423244, 0.1936985104857336, 2.141264806187834e-8, 0.1936986293455188, 0.1936985974799274]
w_opt: [0.7608076294604336, 0.521615900055032, 1.2668558021243861e-8, 4.381319542411523e-9, 0.5215643111630847, 0.2391923261000018, 4.6572730840873935e-9, 1.5177181295619573e-8, 0.19369849971873093, 1.2649880942133637e-8, 4.5484073451657054e-9, 0.10736389588964244, 0.10736452511442808, 0.3465562121468949, 0.23919235577813194, 0.19369862895866874, 1.4877087149210544e-8, 0.34655623789472734, 0.23919150116931173, 0.5671090036076656, 0.14447243218160713, 2.3962967349314667e-8, 0.5215643298937493, 0.34655621239899, 1.5554904116694854e-8, 1.8250479504116984e-8, 0.19369862600326765, 1.3605588047689997e-8, 6.763036561039443e-9, 2.6853759197533042e-8, 0.23919150992613306, 0.23919150844818748, 0.2391914835302922, 2.6847194268168328e-9, 1.6283073415730455e-7, 0.19369850729860413, 3.975759449383106e-9, 6.078774119183285e-9, 0.23924331349156144, 6.539087944351803e-7, 6.110848986195644e-7, 3.3895821394474626e-9, 2.698604873100483e-8, 0.19369843775992932, 2.6550826047697115e-9, 0.19369865401353606, 0.19369865028443595, 1.0392032813627783e-8, 0.19369865808815195, 0.19369859845227788, 6.311572165409014e-9, 0.19369866283866957, 4.194058611726031e-9, 1.3439068625922614e-8, 0.19369862554490985, 1.739272430966814e-8, 0.7607566619732975, 0.045494159159465544, 1.1771066900645336e-8, 1.7207518250836475e-8, 3.581818691380476e-8, 0.23924331218941883, 5.0751940981059266e-9, 0.23919167048282902, 0.19369850434490987, 0.1936986219636253, 1.2542327010890312e-8, 3.0315048676965453e-9, 6.771319692413995e-9, 0.23919234151343932, 5.064567672153688e-9, 4.770436913052428e-9, 4.672314931340647e-9, 5.155433445822285e-9, 5.955346402561193e-9, 2.5183548358979193e-9, 0.2391923408708149, 1.6449431527340755e-8, 0.19369860851566464, 0.2033744624200293, 6.329421361788218e-9, 2.9422029958771823e-9, 2.7195725604917446e-9, 1.1969685553188016e-8, 4.461565044559019e-9, 0.23919167839214614, 0.23919228101280637, 0.19369858831561537, 0.1936984652251541, 8.694671229746117e-9, 0.23919167547467055, 0.1936984930064444, 7.202116574770526e-9, 0.19369862239920208, 0.1936985933614738, 4.433375766885541e-9, 3.571232869759449e-9, 0.19369844541991837, 1.667841752067402e-8, 0.19369857341482383]
v_opt: [0.3836647775163333, 0.7608076398836368, 0.5788292389116286, 0.057213013791831364, 0.04136142210933834]
solution time: 0.016607046127319336
McCormick lower bound: -6.794322873165536

