x_opt: [0.6353512402483514, 0.36464876833088505, 0.6353512590532162, 1.142198661602885e-6, 0.6353512546151722, 0.15944942405409857, 0.8878488214228407, 0.36464885849330475, 0.3646488129097807, 0.36464873725174796, 0.2286814461981635, 0.635351148318816, 0.3646487525878914, 0.1121511990113602, 0.36464874199504266, 0.3646487866368374, 1.1317327177261737e-6, 1.766998308246164e-8, 0.11214921220799626, 0.1121492117750247]
w_opt: [0.6353512349627142, 0.27070249843647043, 5.986976198624731e-9, 5.1357756158052395e-9, 0.27070239222581743, 0.36464873913644336, 4.123373634318456e-9, 2.6307741010452267e-8, 1.1230794517505673e-6, 1.0455953115546133e-8, 4.524899768700293e-9, 3.1524946241243985e-8, 8.304019399681494e-8, 0.36464874074488696, 0.3646487329290703, 0.11215118971262004, 1.5866940967267752e-8, 0.364648761909555, 1.1302852503120296e-6, 0.5232000833541387, 1.2052372082652249e-7, 1.1144090554853795e-8, 0.27070242103723124, 0.3646487681891744, 1.7939121925631995e-8, 1.5170185220412828e-8, 0.11214920905485325, 1.5851258148995144e-8, 3.1291872887000804e-9, 2.1794844876210566e-8, 1.136415998177282e-6, 1.1357231173244372e-6, 1.1091496857723414e-6, 2.823539432765565e-9, 2.1065267763693544e-7, 1.1270444205121137e-6, 4.159107006112715e-9, 6.599992812464041e-9, 0.36464880958003404, 3.041038983357619e-8, 1.676829834994624e-8, 4.356735951619846e-9, 1.7728123112362105e-8, 1.0771266363332455e-6, 2.8083629270471443e-9, 0.15944941208260974, 0.15944941074591926, 7.593401796770045e-9, 0.15944941811378618, 0.11215116952742428, 6.345838421621546e-9, 0.15944942109143456, 3.818636943791975e-9, 1.057012907616458e-8, 0.11214920855037618, 1.2738802153404803e-8, 0.6353511441499594, 0.25249793674873816, 2.5782944677996718e-8, 1.4886784665143822e-8, 2.774681730775043e-8, 0.3646488088235467, 4.706335995731103e-9, 0.36464873155583216, 1.1244281523481274e-6, 0.11214920627932584, 6.263606686654203e-9, 2.7137294706016356e-9, 4.294474815903266e-9, 0.3646487495348374, 5.961939531871656e-9, 3.920708909114373e-9, 4.878072366354927e-9, 6.2531223782890855e-9, 6.5597012291590476e-9, 2.783675095420041e-9, 0.36464873350263116, 7.61173105944941e-9, 0.11214918870575115, 0.22868144354667025, 5.593258165515372e-9, 3.6148044587438857e-9, 3.0625852340479443e-9, 1.0616368193630387e-8, 3.887199751644538e-9, 0.3646487377992289, 0.36464858858482396, 0.11214920486301848, 1.1196438567549945e-6, 9.037342814049881e-9, 0.3646487360186606, 1.1087632909002697e-6, 5.485557192808318e-9, 0.11214920687095897, 0.11214920708315132, 3.983787731995642e-9, 3.3064731444572987e-9, 1.1156097550429444e-6, 1.4000818784689412e-8, 0.11214920330739046]
v_opt: [0.36464885471358793, 0.6353512534431502, 0.4036712605918335, 0.13296870567116564, 0.052295506463322476]
solution time: 0.013383865356445312
McCormick lower bound: -8.134156995303574

