x_opt: [0.6443623795597945, 0.35563829861570295, 0.6443624521535608, 1.9472236234415528e-6, 0.6443622561172203, 0.15143900309662528, 0.8782978581506488, 0.37719669565504677, 0.3556375067956679, 0.3556372806823426, 0.25119831183988517, 0.6443618660228554, 0.35563749735060585, 0.12170213881049494, 0.35563747932733275, 0.3556383762147199, 1.918962346018251e-6, 6.610559742699745e-8, 0.12170218352418763, 0.1217021971922535]
w_opt: [0.6443623566151995, 0.28872464264821524, 6.742698899581059e-9, 1.1788719287905774e-8, 0.2887242540176287, 0.35563746226078374, 1.3138429941811506e-8, 9.458651781909398e-8, 1.8988187114977815e-6, 4.4253255378721855e-8, 9.646810000483956e-9, 7.570852360649e-7, 6.700587949006956e-7, 0.35563817915579615, 0.3556372734793699, 0.12170212026083721, 3.2435751137279957e-8, 0.3556382875534974, 1.9170537375822886e-6, 0.5226603173828333, 0.02155915356240662, 1.01270956412563e-8, 0.28872435055032536, 0.3556383446834609, 5.590400434643548e-8, 5.9078380239743315e-8, 0.12170217595758033, 9.48352453042999e-8, 6.576656425296958e-9, 9.41775828650904e-8, 1.929299018716905e-6, 1.928072536751435e-6, 1.8046420891082006e-6, 7.054551152520865e-9, 4.7106154821185373e-7, 1.907325339799857e-6, 1.1719350082739733e-8, 1.3647320061968238e-8, 0.35563749853292853, 3.437256604250376e-8, 1.3114680482709458e-8, 1.116833152167447e-8, 4.073004977458177e-8, 1.7595299600637592e-6, 5.625440652194874e-9, 0.15143897793730493, 0.15143895135310015, 1.40476792737293e-8, 0.15143899009176529, 0.12170208181240023, 1.0698425746190582e-8, 0.15143899645254558, 9.315776562770844e-9, 4.415603004425737e-8, 0.12170217552626797, 3.785550905439951e-8, 0.6443618564656493, 0.23393674447702842, 1.6422414134952706e-8, 8.962438011886052e-8, 1.9048920305257086e-7, 0.35563749816941265, 1.1285114403504944e-8, 0.3556374688651961, 1.8994971111273268e-6, 0.12170217401946602, 1.5049475848414452e-8, 5.940464407169813e-9, 9.682611035839218e-9, 0.3556374888164229, 1.4458219712622834e-8, 8.765748269064863e-9, 1.6204407863602935e-8, 2.568500359929942e-8, 1.597893930106823e-8, 7.789342293858461e-9, 0.3556372746348381, 1.9740022654297585e-8, 0.1217020144262481, 0.2511983051407052, 1.7983591170801603e-8, 1.0458778678823913e-8, 9.3810231742994e-9, 1.898016669896069e-8, 9.033930907282554e-9, 0.35563746701081916, 0.35563710739666554, 0.12170218325014578, 1.8816089497230952e-6, 2.572559230663792e-8, 0.3556374656763917, 1.8203919067196926e-6, 1.684529717355745e-8, 0.12170217315961038, 0.12170216714745762, 9.319719043762718e-9, 8.288482953294927e-9, 1.8284649308069323e-6, 5.719108233913925e-8, 0.12170207886452948]
v_opt: [0.3771966864594004, 0.6443624409515478, 0.41520358752228426, 0.12647788126748266, 0.06310241288082297]
solution time: 0.015926122665405273
McCormick lower bound: -6.346381245494296

