x_opt: [0.6503417826648653, 0.3592418827039944, 0.6503417796433033, 1.0502097365565035e-6, 0.6503418068818453, 0.1372557708572664, 0.8627447497883555, 0.3710444004771174, 0.34965821158983634, 0.34965817937630933, 0.24892665521380128, 0.6503417669905872, 0.3496581852311911, 0.13725524880136095, 0.3496581850058883, 0.35924194521334113, 1.041420479059544e-6, 8.188574007788777e-9, 0.13725526448557052, 0.13725383249538012]
w_opt: [0.6503417740895014, 0.3006835903901053, 1.6074214605319153e-9, 1.4266105743480126e-9, 0.3006835508849282, 0.349658179695667, 1.6208334288800167e-9, 8.492634591045341e-9, 1.0386640755401183e-6, 5.286582490574873e-9, 1.4738887838481006e-9, 0.009583663112006528, 0.009583694352756512, 0.3592418691113056, 0.3496581786872431, 0.1372552464308579, 5.7371261025124015e-9, 0.35924188181436595, 1.046170571976886e-6, 0.5130865301687828, 0.021386180961209988, 2.6768299354295602e-9, 0.3006835517813977, 0.3592419353850354, 6.720493510644074e-9, 7.4044268253606975e-9, 0.1372552635912944, 7.709573738625158e-9, 1.122034616121882e-9, 1.0698577582019045e-8, 1.0485137696975736e-6, 1.047967745750501e-6, 1.0406372040523497e-6, 7.495126323973801e-10, 6.855006855175504e-8, 1.0401669151978239e-6, 1.2892071621432098e-9, 1.8293339502081724e-9, 0.3496582107555105, 1.6573297221223212e-8, 1.7302447784288898e-9, 1.2364452533111253e-9, 4.482961283455478e-9, 1.025312163122942e-6, 8.034481814608455e-10, 0.13725576762950967, 0.1372557652507807, 3.2284592669997552e-9, 0.13725576907620882, 0.13725524072180514, 2.023388742362309e-9, 0.13725577014045218, 1.1509474535758038e-9, 5.51834672421159e-9, 0.13725526370563618, 5.626137949997982e-9, 0.6503417660373965, 0.2124032081588149, 2.5636046925725968e-9, 1.8229107962864374e-8, 6.54773709303066e-9, 0.34965821042369377, 1.4259225135001194e-9, 0.34965818314901725, 1.039481112393501e-6, 0.13725526274581393, 3.1474519784887613e-9, 7.665354565334219e-10, 1.4969150057064853e-9, 0.34965818441923224, 1.747710588631303e-9, 1.203216139582606e-9, 1.5894301769364559e-9, 1.743636391719542e-9, 2.015941456230083e-9, 8.30319615681317e-10, 0.34965817861822845, 3.880270833799555e-9, 0.13725525749063452, 0.24892665457851368, 2.4142822640360133e-9, 9.521189850074969e-10, 8.785779587214022e-10, 4.016071729480481e-9, 1.2533730017586351e-9, 0.349658183687909, 0.34965817551121464, 0.13725383032116611, 1.0371120418684236e-6, 2.8126440003461213e-9, 0.34965818390298903, 1.0335683006530983e-6, 2.4139205154939734e-9, 0.13725526327263052, 0.13725382973810762, 1.258917690660739e-9, 9.714632550439981e-10, 1.0356385843002131e-6, 7.04462487691946e-9, 0.1372538236829158]
v_opt: [0.3710443992525734, 0.6503417779623999, 0.42294447632053056, 0.12226084381973358, 0.06196459557302395]
solution time: 0.013262033462524414
McCormick lower bound: -7.00387407423709

