x_opt: [0.7260143779045416, 0.27398562209677096, 0.7260143781505282, 0.23346647786768965, 0.7260143776525921, 0.23346647792324046, 0.7665335219312973, 0.6283286999572386, 0.3380441786616274, 0.2739856219241577, 0.19551357999396832, 0.6619558214735846, 0.2739856221182755, 0.23346647809090113, 0.2739856218759624, 0.2739856222665713, 0.2334664777320126, 2.5072006088775587e-10, 7.430690870171159e-7, 7.428991049531012e-7]
w_opt: [0.7260143778535069, 0.45202875573312457, 9.501509631289705e-11, 7.803622337846741e-11, 0.38797019942820815, 0.2739856218946253, 5.431257995020942e-11, 3.345280865978339e-10, 0.2334664776257829, 1.4835160722870025e-10, 6.540171558061678e-11, 2.848403225444628e-10, 4.1104815019784586e-10, 0.2739856217906702, 0.273985621854878, 0.23346647794470293, 2.888308421006369e-10, 0.27398562205023924, 0.233466477718128, 0.49254790012759014, 0.35434307815146754, 2.356885798350237e-10, 0.3879701998351099, 0.27398562205815713, 1.929132844202725e-10, 2.1270706336217974e-10, 7.430252125727958e-7, 1.358823724604154e-10, 3.671004364499964e-11, 2.0255766049669103e-10, 0.23346647779713603, 0.2334664777831453, 0.2334664775350777, 4.599291863346614e-11, 9.277416893355364e-10, 0.23346647768361467, 5.4666679361371356e-11, 1.0571918872469867e-10, 0.3380441786214197, 2.9462376322197453e-10, 6.152474982400644e-11, 6.866359828614873e-11, 1.150074779543583e-10, 0.23346647707212762, 4.175825747906717e-11, 0.23346647769980064, 0.23346647773532567, 9.131918575275673e-11, 0.2334664778419084, 0.23346647762694928, 1.0696869722844584e-10, 0.23346647787032956, 6.157706010439747e-11, 1.4372568440903982e-10, 7.430074667088676e-7, 1.2516083496133893e-10, 0.6619558214030741, 0.040519146755527244, 9.344826544925993e-11, 1.1748096722371414e-10, 1.6621867370697056e-10, 0.3380441786127838, 6.407296071414526e-11, 0.2739856217170667, 0.23346647764641543, 7.429991910482746e-7, 6.82730122642483e-11, 5.100210776175061e-11, 2.3861258066565104e-10, 0.2739856220693657, 7.696800604792544e-11, 5.480645710107574e-11, 7.105936256804591e-11, 1.1053060157096096e-10, 1.0962272600208787e-10, 4.412455973302342e-11, 0.2739856218556514, 9.636739306522644e-11, 7.426715332642587e-7, 0.19551357994979154, 7.90347752238675e-11, 4.808016501690128e-11, 5.4655904207544174e-11, 1.1973521018861394e-10, 5.436974586297819e-11, 0.2739856218208374, 0.2739856203675691, 7.42815991247215e-7, 0.2334664775175994, 1.0281196338042704e-10, 0.2739856218015397, 0.23346647741585264, 7.055506321625413e-11, 7.429798753596318e-7, 7.428318316627557e-7, 5.1342589879949736e-11, 5.366566129256895e-11, 7.427481517413245e-7, 1.959667172352658e-10, 7.428308585271753e-7]
v_opt: [0.6283286999135752, 0.7260143780808395, 0.5270969016351161, 0.07506812493732841, 0.038225567018604974]
solution time: 0.01739501953125
McCormick lower bound: -6.327593769181899

