x_opt: [0.7087540979698659, 0.3110424454260343, 0.7087540980349271, 1.4085287572805112e-7, 0.7087540987424681, 0.1783077579419587, 0.8216922503236223, 0.48873487840881447, 0.36975046718606125, 0.2912458998750157, 0.27695844569343675, 0.630249122821528, 0.2912459005330298, 0.178307748744827, 0.29124589783755755, 0.31104245627323057, 1.3982358122706053e-7, 2.5726610072471283e-9, 0.1783077526292728, 0.17830772327867964]
w_opt: [0.7087540965669304, 0.4175081970873819, 7.147732699152548e-10, 5.417120942232502e-10, 0.33900322124534515, 0.2912458986890528, 6.117529895423424e-10, 2.1883428624737385e-9, 1.3867209961487535e-7, 1.5241511585139834e-9, 4.0871450685859505e-10, 0.019796543940379982, 0.01979654655732103, 0.31104244205640486, 0.29124589941810647, 0.17830774781790928, 1.8031166039094016e-9, 0.31104244474485204, 1.393210123016302e-7, 0.5304463487080315, 0.1974889769137394, 1.2043006103008358e-9, 0.3390032226185652, 0.31104245324972013, 1.8064238452652248e-9, 2.1401417333475996e-9, 0.17830775213818792, 1.3909930772048199e-9, 5.145461746499443e-10, 2.6238407922579333e-9, 1.4000057638653576e-7, 1.4015641336776743e-7, 1.3799364841324708e-7, 3.5221901496068215e-10, 8.40069014254438e-9, 1.3933959930240755e-7, 5.438233000521849e-10, 7.429877680596067e-10, 0.3697504667620023, 5.429497464866867e-9, 1.4649559626440134e-9, 4.372925746053598e-10, 1.1166810320049317e-9, 1.34297785000291e-7, 3.737659005565308e-10, 0.17830775683418537, 0.17830775581821456, 1.2399042390654134e-9, 0.17830775720995598, 0.1783077469942168, 6.396289120943403e-10, 0.17830775755951012, 4.857981528367096e-10, 1.5977737931666638e-9, 0.1783077521229816, 1.3429904993698136e-9, 0.6302491223691097, 0.112938189795878, 8.6429175962285e-10, 5.017658521185463e-9, 3.348874744519387e-9, 0.3697504665963099, 5.98645612630026e-10, 0.29124589647375554, 1.3892494855159286e-7, 0.17830775184316797, 1.0069151899009087e-9, 3.059811120938456e-10, 5.349775586405366e-10, 0.29124590012949236, 7.808557446734251e-10, 4.9704339410408e-10, 6.370917921030528e-10, 7.016059078304163e-10, 7.920236158350417e-10, 3.5262188757224673e-10, 0.29124589910718124, 1.1687569014074237e-9, 0.17830774937057337, 0.27695844525529534, 7.078924185831957e-10, 4.528511080105044e-10, 3.9212342006551976e-10, 1.0390168499329684e-9, 4.724614998969919e-10, 0.29124589738472484, 0.29124589247770105, 0.1783077224525368, 1.3815802953398896e-7, 8.711699712287421e-10, 0.2912458970623072, 1.3723303886902354e-7, 9.219468517218595e-10, 0.17830775196789908, 0.17830772289621874, 4.802580116714501e-10, 4.095676635097788e-10, 1.3846382587115813e-7, 1.9900955710157806e-9, 0.1783077226785497]
v_opt: [0.48873487777209074, 0.7087540973587677, 0.5023323830148536, 0.08482419478974618, 0.07670618185134755]
solution time: 0.012585163116455078
McCormick lower bound: -5.620008083961141

