x_opt: [0.803321706868201, 0.19667829425650513, 0.8033217419995698, 0.19667827087502537, 0.8033217094024059, 0.19667809283118123, 0.8033218037467769, 0.8879575960024859, 0.6474278846791692, 0.1966782824396333, 0.11131714813389668, 0.7726463179978952, 0.1966782822027242, 0.1966781959555543, 0.19667820735874306, 0.19667830048169277, 0.1966782289993739, 1.2839096307745245e-8, 0.11204240090608769, 0.11204238865183969]
w_opt: [0.8033217036476312, 0.6066434186722004, 5.509545669982334e-9, 3.4941551946994014e-9, 0.5759680279163885, 0.1966782680357278, 2.8406974985802933e-9, 9.998321822759571e-9, 0.1966782230132269, 7.337706387454722e-9, 3.3770541667277535e-9, 3.865235309170556e-8, 2.8352462596782353e-8, 0.19667827921373254, 0.19667827808908506, 0.19667818827467753, 1.123432721267662e-8, 0.1966782914756755, 0.19667826235813562, 0.6066435477726037, 0.6912793405138495, 3.274103843230843e-8, 0.5759680726723232, 0.1966782863309624, 1.1347164105025602e-8, 1.0764177332120106e-8, 0.1120423987548015, 6.271615943465224e-9, 2.5954838329888427e-9, 1.1598838314085155e-8, 0.19667826772937935, 0.1966782657498608, 0.19667824852535223, 2.21445397519419e-9, 5.811399544372792e-8, 0.19667822702268506, 2.4953335388584725e-9, 4.6840925782854606e-9, 0.6474278828873856, 1.9215917215084636e-8, 4.711504923379326e-9, 3.2088370037565648e-9, 5.853298081834674e-9, 0.19667818570711862, 1.8785156840403153e-9, 0.19667808112487514, 0.1966780830845528, 5.149260131171303e-9, 0.19667808743627363, 0.19667808429059636, 5.0032300487999395e-9, 0.19667808992679559, 3.238096807762114e-9, 7.361668175659926e-9, 0.11204239834142231, 7.336532375673437e-9, 0.7726463150297445, 3.937605398791241e-7, 4.936183675983373e-9, 5.141042690174972e-9, 8.684687054194277e-9, 0.6474278819763621, 3.1433899583698153e-9, 0.19667819789509533, 0.1966782253983049, 0.11204239706109187, 6.128187538292393e-9, 2.8999020945284713e-9, 0.4200742078013414, 0.19667827874262117, 3.081090017483523e-9, 3.090829939221594e-9, 3.145326200810823e-9, 4.325372290355324e-9, 4.49832786236746e-9, 1.963310943532058e-9, 0.19667827627373283, 7.2781280735582355e-9, 0.11204238202165974, 0.11131714608293898, 3.951218827145391e-9, 2.0253312099748135e-9, 2.412184017054346e-9, 7.330456852533824e-9, 2.8820280362205495e-9, 0.19667820392012664, 0.19667820935371594, 0.1120423836231868, 0.19667818499828263, 4.887131333351049e-9, 0.1966782031321002, 0.1966781851221337, 3.762078925650055e-9, 0.11204239475214484, 0.11204238583100093, 2.6810244002385825e-9, 2.8238508229854117e-9, 0.11204237904222529, 9.72464615768048e-9, 0.11204238387601634]
v_opt: [0.8879575935965935, 0.8033217382882548, 0.6453257898964728, 0.038682354471062774, 0.012391997324979689]
solution time: 0.014932870864868164
McCormick lower bound: -5.946186460799146

