x_opt: [0.6355864387889884, 0.36441356112158574, 0.6355864482865946, 2.0641700143913067e-7, 0.6355864282269135, 0.15924059685453879, 0.8876005376437711, 0.364975681593474, 0.3644135829347239, 0.3644135497730335, 0.22927005493360175, 0.6355864105256404, 0.3644135671676147, 0.11239946437088624, 0.3644135628086711, 0.364413574328332, 2.0532228307957982e-7, 9.075864505794784e-9, 0.11239935973309802, 0.1123993446046433]
w_opt: [0.6355864372017105, 0.27117286868511065, 2.721901157781566e-9, 2.747877160225202e-9, 0.27117285095868154, 0.36441356017880183, 2.1565927647757196e-9, 1.7043547390816874e-8, 2.015028869532659e-7, 5.442157572673484e-9, 1.9735981859485085e-9, 1.079099351776589e-8, 1.4582064108792447e-8, 0.36441354867363623, 0.364413547781031, 0.11239945973282546, 1.0986345663249804e-8, 0.36441355924417035, 2.0117478385050386e-7, 0.5231869875720668, 0.000562131469292764, 4.749256752642411e-9, 0.27117286567893883, 0.3644135667546069, 7.613511417432505e-9, 7.64409297506174e-9, 0.11239935795641892, 5.460125304479755e-9, 1.353200164844517e-9, 7.789342612716245e-9, 2.032749171938765e-7, 2.0377841258765992e-7, 1.9288429007722629e-7, 1.5995606990877488e-9, 2.863457217044332e-8, 2.027873722258206e-7, 2.1488883625233076e-9, 3.683588556182686e-9, 0.3644135812328217, 1.025898737919641e-8, 2.0123785773511174e-9, 2.3097936810471705e-9, 3.966783983709506e-9, 1.8617187079181364e-7, 1.6457792014608847e-9, 0.15924059083628533, 0.15924058939458519, 3.5812791476185284e-9, 0.15924059427571635, 0.11239945773466553, 3.4004434973688325e-9, 0.15924059517815517, 2.0543779365249485e-9, 5.313705537181617e-9, 0.1123993574195495, 4.524371823860429e-9, 0.6355864080586979, 0.2520142121139104, 4.339955121501192e-9, 5.0226135780590845e-9, 7.003056068024387e-9, 0.36441358106922256, 2.385633447373227e-9, 0.36441355762556293, 2.0154412512593535e-7, 0.11239935712066934, 2.5048575117385143e-9, 1.4503177490966221e-9, 2.718142941639009e-9, 0.36441356556204346, 3.576194375139845e-9, 1.856626608361363e-9, 2.742662288265672e-9, 4.110346040429908e-9, 4.239377998157082e-9, 1.7492611359175307e-9, 0.36441354783285795, 3.1775514684509788e-9, 0.11239934548639947, 0.2292700526607604, 2.8372122292519874e-9, 2.0487057545067202e-9, 2.1698176841859697e-9, 4.452816488667903e-9, 1.840085266627027e-9, 0.3644135609976967, 0.364413499657518, 0.11239934178541885, 1.9939289209922525e-7, 3.7969230676576495e-9, 0.3644135598478343, 1.934719533744335e-7, 2.7587738736451083e-9, 0.11239935716209183, 0.11239934243250681, 1.84081109742409e-9, 1.744653014511497e-9, 2.0064020015991745e-7, 7.11283499916276e-9, 0.1123993423244716]
v_opt: [0.3649756798098352, 0.6355864457655352, 0.4039701915656743, 0.13279729961230766, 0.05256486684783041]
solution time: 0.014445781707763672
McCormick lower bound: -6.33531728216302

