x_opt: [0.7448593455142518, 0.2934526740884773, 0.7448593458112555, 9.0433360094475e-9, 0.7448593459764441, 0.21010772174629863, 0.7898922789402955, 0.5519955684926371, 0.39574597949262397, 0.2551406539282509, 0.2551406512395704, 0.6042540114370867, 0.2551406540548029, 0.21010772089964233, 0.2551406536764579, 0.29345267460732977, 8.722789139837722e-9, 4.732596221525887e-10, 0.21010772119683813, 0.2101077207103693]
w_opt: [0.7448593454214554, 0.4897186915870733, 1.370881277955878e-10, 1.2336159132281248e-10, 0.34911335703706803, 0.25514065368732436, 1.314990621131112e-10, 4.788393486913289e-10, 8.504971606932707e-9, 2.777932899692964e-10, 7.775008541456962e-11, 0.03831201999008865, 0.03831202071900016, 0.2934526734185839, 0.2551406539118588, 0.21010772071823863, 3.988149353534724e-10, 0.29345267395724434, 8.744103184741928e-9, 0.5347516248250748, 0.29685491440372525, 2.217805164564851e-10, 0.34911335759532, 0.29345267405797726, 3.543043516190419e-10, 3.8156876053910857e-10, 0.2101077210916943, 2.6303260304421084e-10, 9.659476445935848e-11, 5.137089239868303e-10, 8.857748260984058e-9, 8.91401460204375e-9, 8.431259517679423e-9, 7.342464049674918e-11, 1.6650411474701817e-9, 8.621557062329942e-9, 1.0808915115153253e-10, 1.5331925731527909e-10, 0.3957459794051091, 1.183265752643063e-9, 2.461815701491223e-10, 9.054193662273523e-11, 2.2060968240219117e-10, 7.738408761002918e-9, 8.05500534047206e-11, 0.2101077215320128, 0.21010772129243085, 2.4722963346765734e-10, 0.21010772161075494, 0.21010772052267027, 1.2816126141056166e-10, 0.210107721668215, 9.843968489244095e-11, 2.858630685690701e-10, 0.21010772108294976, 2.4581725628841875e-10, 0.6042540113420974, 0.04503294031699937, 1.5741381935096952e-10, 5.456506293451469e-10, 7.937458112492746e-10, 0.39574597936980216, 1.2085113268039597e-10, 0.255140653396451, 8.535634015652838e-9, 0.21010772104814776, 1.8222218175974363e-10, 6.058183784335955e-11, 9.674095250684375e-11, 0.25514065397678687, 1.7424088065711373e-10, 9.601339392063672e-11, 1.294053639914193e-10, 1.558908470440542e-10, 1.742373185478874e-10, 7.530828563698111e-11, 0.2551406538526891, 2.1147373802190097e-10, 0.21010772049403326, 0.25514065114305173, 1.364390804401445e-10, 9.805236594709386e-11, 8.730226376971562e-11, 1.9636800269835125e-10, 8.841266168054518e-11, 0.2551406535886934, 0.2551406522621713, 0.21010772055869376, 8.37000008410721e-9, 1.6852222716912734e-10, 0.2551406535190449, 8.185697730390453e-9, 1.7535101739126985e-10, 0.2101077210716083, 0.21010772063193806, 9.303532847483488e-11, 8.034456311782674e-11, 8.479065234986822e-9, 3.562820841916973e-10, 0.21010772057680072]
v_opt: [0.5519955683665445, 0.7448593456838404, 0.5548154470361171, 0.06509675381319557, 0.06509675236332116]
solution time: 0.015986919403076172
McCormick lower bound: -5.178803220981525

