x_opt: [0.6280801494142666, 0.22991748535401452, 0.843339087104349, 0.15666097220266506, 0.8433390306020684, 0.1474609576465657, 0.8433390940141091, 0.9154045348666933, 0.8433390203891524, 0.15666093039781084, 0.08459536935963763, 0.8160710092708268, 0.15666091193769274, 0.15666089627956462, 0.14746092589733448, 0.22991749135469106, 0.15666091745404181, 1.118510801462307e-8, 0.14746092504852593, 0.14746073952742203]
w_opt: [0.6280801463615047, 0.47141918180332754, 3.7359016342394304e-9, 2.478569097797501e-9, 0.44415116139373506, 0.15666089532438487, 2.556050352854013e-9, 6.28610051568909e-9, 0.15666091230193654, 6.268865011675715e-9, 2.345779535327399e-9, 0.07325657498098871, 0.07325652938235591, 0.22991747417461256, 0.15666092665362255, 0.1566608914050975, 7.704111968488637e-9, 0.22991748307601556, 0.15666096425262072, 0.6866781826911936, 0.7587436248869738, 2.7202008740429308e-8, 0.6594101082061051, 0.22991747603319454, 1.4531504059544922e-8, 8.96089090468702e-9, 0.1474609231756829, 4.371629555670149e-9, 6.7245584918776444e-9, 1.0241143912699396e-8, 0.15666096971626897, 0.1566609677172406, 0.15666091863114623, 1.8364732684170342e-9, 4.9258096526298556e-8, 0.15666091578188376, 1.908128133456242e-9, 3.48803505274396e-9, 0.843339018922042, 1.4202130972915786e-8, 4.535929628183551e-9, 2.2953783986250504e-9, 4.588340516432967e-9, 0.1566608742789695, 1.4976198584759311e-9, 0.1474609498007827, 0.1474609488534817, 4.984442881040495e-9, 0.1474609526970956, 0.14746095168329143, 3.417656916910539e-9, 0.14746095495322123, 2.859553150502945e-9, 6.471707516441576e-9, 0.1474609229621173, 5.5210608479853626e-9, 0.8160710071641333, 2.955172078243323e-7, 3.0987732455260893e-9, 3.529388273879424e-9, 8.16486673003014e-9, 0.8433390176579497, 2.6052062393387764e-9, 0.14746091558869165, 0.15666091491898076, 0.14746092193388544, 0.06286527917875455, 2.5632839999081555e-9, 0.6594100337480623, 0.15666090731970123, 2.2120015986352156e-9, 2.817676660850753e-9, 2.4149289223579054e-9, 3.176172763763656e-9, 3.317394621047835e-9, 1.5258023703910201e-9, 0.1566609086668759, 9.792512156955076e-9, 0.14746090809365867, 0.0845953666589397, 3.127817965603939e-9, 1.4895327731307968e-9, 2.0502975160897638e-9, 6.543189496907384e-9, 2.3023170013010474e-9, 0.14746092195383734, 0.15666088221556923, 0.14746073530770606, 0.15666088282850343, 3.3163522004551788e-9, 0.14746092168147829, 0.147460915682915, 3.509665656499257e-9, 0.14746091240328058, 0.14746073747810787, 2.11413069666075e-9, 2.4156539974216272e-9, 0.147460730971313, 7.972069246485607e-9, 0.14746073728148257]
v_opt: [0.9154045326915103, 0.843339084326875, 0.711229171150835, 0.024543393334106316, 0.007156380296540536]
solution time: 0.01793694496154785
McCormick lower bound: -4.550275745348038

