x_opt: [0.6195055272228132, 0.3804944713059204, 0.6195055366441655, 0.05107170931580935, 0.6195055277248196, 0.15319584850688275, 0.8468044461837444, 0.381467575442356, 0.3804944761804892, 0.38049446629671474, 0.14649454984516572, 0.6195055217138888, 0.38049446898802397, 0.15319555754461747, 0.38049446411456217, 0.38049447410839576, 0.05107170718415924, 7.908599042576221e-9, 0.05107171790218187, 0.05107171168793483]
w_opt: [0.619505525451268, 0.2390110569581981, 2.9093685988060614e-9, 2.417176836743871e-9, 0.23901105070400955, 0.380494462562161, 1.6377437029951086e-9, 8.153825504556141e-9, 0.05107170332962285, 4.575264599580179e-9, 2.2250169727370225e-9, 9.511419879750268e-9, 1.3906094635154585e-8, 0.3804944605257756, 0.3804944641283893, 0.1531955527542172, 6.970739425689948e-9, 0.38049446917486274, 0.05107170441084948, 0.4663099842432629, 0.0009731134776150294, 8.082617986680009e-9, 0.2390110648480598, 0.3804944660954445, 6.665422534462925e-9, 6.79038394441098e-9, 0.05107171653316162, 4.958599907856377e-9, 1.3582813242241236e-9, 6.747026857784289e-9, 0.051071707045530594, 0.05107170635240943, 0.05107169978542634, 1.3049443802734954e-9, 3.35968842639049e-8, 0.05107170543011551, 1.7525153821467415e-9, 3.0075457942676776e-9, 0.3804944747710055, 1.0297275841220966e-8, 2.6814935610829045e-9, 1.9251309039432298e-9, 4.340020650347429e-9, 0.05107168702634885, 1.2238994396226562e-9, 0.15319584185389076, 0.15319584279719162, 3.1527952456025286e-9, 0.1531958455037587, 0.15319555131867146, 3.1530551672224918e-9, 0.1531958470160943, 1.7934541840460343e-9, 4.57998402438541e-9, 0.051071716276147865, 5.025794675416736e-9, 0.6195055197298972, 0.22729901321470822, 5.762812462177713e-9, 4.228836590038836e-9, 5.3338176225307635e-9, 0.3804944746429564, 2.1095832657466612e-9, 0.3804944596131949, 0.05107170423534406, 0.05107171521089496, 2.6725333874427886e-9, 1.425232318558484e-9, 3.2781491527806665e-9, 0.38049446723408553, 2.380605600202505e-9, 1.8476161696375247e-9, 2.1068857779698467e-9, 2.688791787785795e-9, 2.8761635741531234e-9, 1.4074946118992593e-9, 0.3804944641955075, 3.478533967487941e-9, 0.051071707306174954, 0.14649454863291422, 2.523103067511977e-9, 1.4905918848922177e-9, 1.5592250039552752e-9, 5.435508283948017e-9, 1.822186080990167e-9, 0.38049446218933863, 0.38049441640786075, 0.051071708398891934, 0.051071702649733715, 3.809500370762535e-9, 0.38049446139121207, 0.051071698221101414, 2.307368362476913e-9, 0.0510717150294411, 0.05107170995264096, 1.8048980274039366e-9, 1.5955540085896598e-9, 0.05107169770369893, 6.1648198670341425e-9, 0.05107170901231667]
v_opt: [0.38146757385272756, 0.6195055339919083, 0.38378746616017345, 0.14477665470885806, 0.021460803551078374]
solution time: 0.016669034957885742
McCormick lower bound: -8.519527735547188

