x_opt: [0.7512400142860347, 0.2487599539147704, 0.8565980025604253, 0.14340199504803727, 0.7512400189337285, 0.24875994834860063, 0.7512400407025996, 0.8058957519542393, 0.48831151460928307, 0.1434020175044335, 0.15559353144664054, 0.5116885568517341, 0.2487599585682792, 0.24875995677838528, 0.1434019929012286, 0.24875996617331578, 0.14340199206224125, 5.8082116921446275e-9, 0.14340198818207425, 0.14340198832361226]
w_opt: [0.7512400130788667, 0.5024800340599305, 1.856346815665833e-9, 1.4711994881209944e-9, 0.26292857229616673, 0.24875995126265227, 1.9963651210618406e-9, 5.062834733013952e-9, 0.14340198946230887, 3.3939385115670545e-9, 1.0675178666078273e-9, 0.10535795748525331, 1.4602232321520666e-8, 0.24875994674117946, 0.14340201592592033, 0.24875994778301178, 6.597901485797723e-9, 0.24875995261794828, 0.14340199076962756, 0.6078380442798639, 0.6624937563360337, 2.2687092512451743e-8, 0.3682865651813675, 0.24875995967637465, 6.7187882021281545e-9, 4.413422197297237e-9, 0.1434019868901114, 3.820379700950564e-9, 1.1263440724002703e-9, 6.627481987786339e-9, 0.1434019931315667, 0.1434019931896798, 0.1434019845998422, 1.1484614741686562e-9, 2.6061134909649534e-8, 0.1434019906778984, 1.2207051997455792e-9, 2.278324135486824e-9, 0.48831151375720544, 7.339012761675612e-9, 1.4081975037406532e-9, 1.4518864088635667e-9, 2.0806172306608665e-9, 0.14340197216785563, 1.0791135702030244e-9, 0.24875994490242026, 0.24875994210551491, 2.8992039876896373e-9, 0.24875994599509285, 0.2487599354513997, 1.9119523244878223e-9, 0.24875994680669983, 1.6179218393742669e-9, 3.3799957169746674e-9, 0.14340198669872692, 2.6610843792555744e-9, 0.5116885554786583, 1.7969552336692717e-7, 1.6913488777740263e-9, 2.309082355591807e-9, 5.6085752078563276e-9, 0.488311512923553, 1.4809912258379086e-9, 0.1434019874746482, 0.143401990263875, 0.14340198660499864, 1.9759294167683386e-9, 1.1283764003570867e-9, 7.413294113955738e-8, 0.2487599570133288, 1.7907556890578257e-9, 1.3152679491323842e-9, 1.5969168486305745e-9, 2.595404654305199e-9, 2.6479537583887257e-9, 1.0426628557769904e-9, 0.14340201582889447, 3.1779638918398803e-9, 0.14340197106361566, 0.15559352969847112, 1.7181949668672228e-9, 1.094752351565602e-9, 1.600488126942708e-9, 2.714246506684547e-9, 1.1199837154789671e-9, 0.14340199162329495, 0.24875991250822982, 0.143401986550182, 0.14340198496558898, 1.8336253987471967e-9, 0.14340199085737496, 0.14340197565265653, 2.013231400742521e-9, 0.14340198515470048, 0.1434019867211191, 1.1254790552171338e-9, 1.220198511565195e-9, 0.14340198153213754, 4.1848364410429565e-9, 0.1434019858805519]
v_opt: [0.8058957507006067, 0.8565980012028998, 0.5643616066005926, 0.020564143975162315, 0.024209358975254117]
solution time: 0.013850927352905273
McCormick lower bound: -3.8564383612216098

