x_opt: [0.8189109835923939, 0.21103380763333943, 0.8189111065261268, 0.18108895520927792, 0.8189109896808822, 0.18108884048887255, 0.8189111040939505, 0.8189207950951052, 0.6076721525106715, 0.18108901050556886, 0.13934792371888682, 0.8017296650820515, 0.181089004026014, 0.18108889096267344, 0.18108848109730738, 0.2110338395776706, 0.18108886002872268, 9.816500059263746e-9, 0.18108781767657467, 0.18107885788987518]
w_opt: [0.8189109817660408, 0.6378219742719612, 2.601605542874992e-9, 1.5408922701480352e-9, 0.6206406500315333, 0.1810889946848589, 1.5249267521610799e-9, 6.416834875799328e-9, 0.18108885690911225, 6.576496587394206e-9, 1.4451478912325967e-9, 0.02994491529304711, 0.029944820964828756, 0.2110337950142301, 0.18108900893186924, 0.18108888732723694, 1.0525707698754344e-8, 0.21103380644046424, 0.18108894951060175, 0.6378222115707812, 0.6378319029974903, 1.2326922533501065e-7, 0.620640782941898, 0.21103382670702062, 3.0002352238068125e-8, 8.668784596574166e-9, 0.1810878166389294, 4.477015449627345e-9, 1.235673214748796e-9, 1.396950489893628e-8, 0.18108895362728944, 0.18108895298256047, 0.18108893743247645, 1.1446896199783987e-9, 7.032996676300522e-8, 0.1810888591102835, 1.322307040336535e-9, 2.6590092035282037e-9, 0.6076721517442024, 2.3149428980194555e-8, 2.8068596875096156e-9, 1.4235903799765268e-9, 3.0717475320265803e-9, 0.1810888167008993, 9.673917983673445e-10, 0.18108883319544106, 0.18108883149245789, 3.4347041401826448e-9, 0.18108883743171822, 0.1810888320211284, 3.3264584053891545e-9, 0.18108883917453641, 2.0471770316618255e-9, 6.532845660562393e-9, 0.1810878165243393, 7.433157807020194e-9, 0.8017296637929604, 5.364811585722846e-7, 2.7012326446028064e-9, 3.2917673516899086e-9, 7.792247279097876e-9, 0.6076721512601472, 1.7391778447721304e-9, 0.1810884728577736, 0.18108885833532978, 0.18108781570452723, 1.0381540281864076e-8, 1.7466030590287846e-9, 0.4094018464130752, 0.18108900239524994, 1.6062824867234339e-9, 1.5496509242931632e-9, 1.7777998780735448e-9, 2.946839177969965e-9, 3.340949907025065e-9, 8.791660078389896e-10, 0.18108899977634585, 6.242827702110023e-9, 0.18108780622719278, 0.13934792248210925, 2.8864067964489144e-9, 9.298651801869125e-10, 1.2088657599744388e-9, 4.005502255023498e-9, 1.6711629889065133e-9, 0.18108847959952856, 0.18108892919964603, 0.18107885541899976, 0.18108883803930134, 3.0538117571944604e-9, 0.1810884790031778, 0.1810884590658124, 2.617081815616686e-9, 0.1810878145244086, 0.18107885663010911, 1.399983101841303e-9, 1.7147768233089777e-9, 0.1810788483501375, 8.25772027377162e-9, 0.18107885161795464]
v_opt: [0.818920793908611, 0.8189111049608797, 0.6706153043007932, 0.03279323070171085, 0.019417975421256038]
solution time: 0.013181924819946289
McCormick lower bound: -5.06445165521019

