x_opt: [0.505916525158816, 0.2646039518971148, 0.8585410172137066, 0.1414634281988624, 0.858536302042382, 0.14146344195291172, 0.8585362948720924, 0.8585428200581652, 0.8585355457889863, 0.14146347974297357, 0.11781093126802354, 0.8133761859655009, 0.14146345749928602, 0.1414634593276127, 0.14145699193912217, 0.26460404954615, 0.14145942844600154, 3.8090583483704666e-8, 0.14145693967015757, 0.14145693341390211]
w_opt: [0.5059165105910823, 0.3644528301789132, 2.262255101242816e-8, 5.7162634448193365e-9, 0.3192927173743995, 0.1414633844522197, 8.521115230170742e-9, 3.616236456179198e-8, 0.14145941521095473, 2.5750419786769372e-8, 5.2707923672441785e-9, 0.12314497479834427, 0.12314045304092544, 0.2646039005789958, 0.14146347315200528, 0.14146344519052714, 4.7826805707070205e-8, 0.26460394601391296, 0.14146339685032744, 0.7170773152882212, 0.7170838476393234, 4.516126930473777e-6, 0.6719172621785013, 0.2646039643860406, 5.380011227597515e-7, 3.230948064408615e-8, 0.14145693546659366, 2.607726681824586e-8, 9.302273195537368e-9, 6.544376110742587e-8, 0.14146342181427884, 0.1414634201396614, 0.14146334806700328, 4.41649542197674e-9, 3.6818312835917577e-7, 0.1414594252187254, 4.670811021321611e-9, 1.1232728315538353e-8, 0.8585355431914383, 1.319992441447435e-7, 1.774007140501287e-8, 6.376523802683753e-9, 1.5974286075368608e-8, 0.14145920692693528, 4.252052965394255e-9, 0.1414634240176825, 0.14146339202560654, 2.11828012170752e-8, 0.14146340026800505, 0.14146337725743946, 1.1667909344627514e-8, 0.14146343678810397, 8.92462479657556e-9, 2.5479388881459004e-8, 0.14145693544215626, 2.9015211697585918e-8, 0.8133761802356778, 4.21708333757125e-6, 9.88537699058367e-9, 2.089300110448369e-8, 6.151354899126294e-8, 0.858535539165938, 8.222949896644706e-9, 0.1414569380304291, 0.1414594226617438, 0.14145693204509685, 2.3012719181224e-7, 7.278839778527457e-9, 0.6719118652622904, 0.14146345034977395, 6.69786577517693e-9, 6.691556540361779e-9, 6.41585802137891e-9, 1.1726578757538292e-8, 1.358257508413924e-8, 3.036955692065859e-9, 0.1414634410332861, 5.5989227061233457e-8, 0.1414568846581618, 0.11781092390407354, 1.1119732192396483e-8, 3.1202894174807752e-9, 5.19838173484797e-9, 2.1616403756339044e-8, 6.373346754047349e-9, 0.14145698481403932, 0.14146330784479694, 0.14145692596573234, 0.1414593500963112, 9.518843677834973e-9, 0.1414569793339717, 0.14145693394291, 1.2837410719645786e-8, 0.14145688646100316, 0.14145692770154958, 5.509283539310358e-9, 6.825979971416441e-9, 0.14145688382182273, 3.115339939318714e-8, 0.14145687983796917]
v_opt: [0.8585428149239465, 0.8585410117375233, 0.737084723094896, 0.020011931552637963, 0.013879666763894216]
solution time: 0.013979911804199219
McCormick lower bound: -3.8771677530711233

