x_opt: [0.7503458615297665, 0.2496542472554984, 0.750345876248783, 0.2496533018256838, 0.750345835227876, 0.2496532865955995, 0.7503466975972606, 0.6821214226599673, 0.3364958255299864, 0.24965412743247514, 0.21521996227170237, 0.6635042014173443, 0.2496541470649205, 0.24965330215306494, 0.24965403216334528, 0.24974934046726371, 0.24965328448828578, 2.9059991331286832e-8, 0.004628202189852904, 0.004628150166180768]
w_opt: [0.750345854409893, 0.5006917018672941, 1.2054717321187883e-8, 7.981361692960185e-9, 0.4138500688241886, 0.2496541208835268, 6.298440464880893e-9, 2.5440207797450767e-8, 0.24965327196545353, 1.6935057135076973e-8, 6.806656791416875e-9, 1.280412879141939e-7, 1.170367856891526e-7, 0.24965421330950696, 0.2496541206413319, 0.24965328665561906, 2.6578361824588534e-8, 0.24965424242531373, 0.2496532842825526, 0.5006925785378902, 0.4324673041439412, 2.703785365339812e-8, 0.41385010189035026, 0.24974931356514135, 2.118965227637645e-8, 2.456289455043951e-8, 0.004628197247487521, 1.4595548092359621e-8, 4.697826850028219e-9, 2.4035181860028323e-8, 0.24965329409225315, 0.24965329202097006, 0.24965326643969027, 4.87153610633956e-9, 1.1145755335605897e-7, 0.2496532791189304, 5.970378860975488e-9, 1.0655885644298006e-8, 0.33649582120166405, 3.459413326050634e-8, 7.935656204381713e-9, 7.006810968166795e-9, 1.1693439468213504e-8, 0.24965320721898432, 4.4159132849613785e-9, 0.2496532645907751, 0.24965326513391764, 1.1085839150454223e-8, 0.24965327648590005, 0.24965325288206636, 1.0580647937848442e-8, 0.24965328075701462, 6.748818335875839e-9, 1.6811380800423113e-8, 0.004628196078178982, 1.4644829438191741e-8, 0.6635041945277466, 1.307065165525032e-6, 9.950458302755099e-9, 1.2372310277723415e-8, 1.9506254643088693e-8, 0.33649581973001275, 7.084743157959642e-9, 0.2496540138071852, 0.2496532754789099, 0.004628193995029723, 8.78799725166685e-9, 5.43984878191169e-9, 3.7410678601090115e-8, 0.24965414114851733, 7.881640117220746e-9, 6.304128261868609e-9, 7.550547551173183e-9, 1.0396154797161161e-8, 1.0733044058482975e-8, 4.576420356131647e-9, 0.24965411925821646, 1.2575224140289088e-8, 0.004628160099497257, 0.21521995719097814, 8.715732130786245e-9, 4.985969593014118e-9, 5.554008025083928e-9, 1.4074560273422319e-8, 6.101773958685463e-9, 0.24965402624310404, 0.24965403222178317, 0.004628140253332529, 0.24965325922098852, 1.0924430928065483e-8, 0.2496540240020117, 0.24965324980482514, 8.475186622546434e-9, 0.004628191675043932, 0.004628143802536293, 5.7702762768767865e-9, 5.910389809913283e-9, 0.0046281324755686115, 2.249541107337747e-8, 0.004628142931221978]
v_opt: [0.6821214173500547, 0.7503458683411366, 0.563021805329245, 0.06232719522469491, 0.0463197588899462]
solution time: 0.015046834945678711
McCormick lower bound: -6.027998699562418

