x_opt: [0.7895535681773117, 0.3208197548526961, 0.7895535778368091, 0.21044642075710568, 0.7895535680384617, 0.21044642897796073, 0.7895535701973994, 0.46349578385307755, 0.2704200340542214, 0.210446431860966, 0.19345174828734407, 0.7295799666047694, 0.21044643207647112, 0.21044642839754482, 0.21044641619906768, 0.32081976285502106, 0.21044641786915044, 6.631047392772711e-10, 0.2104464149948405, 0.21044641491978686]
w_opt: [0.7895535678889934, 0.5791071362652471, 3.971537802557807e-10, 8.664198888723652e-11, 0.5191335349418632, 0.21044643105612748, 2.0325949584564112e-10, 9.34876486185849e-10, 0.21044641760897578, 4.362576419750295e-10, 1.1846824732953607e-10, 0.11037333279029682, 0.11037332449332288, 0.32081975374582455, 0.2104464317413853, 0.21044642817464138, 8.061208798190773e-10, 0.32081975476243435, 0.21044642027316632, 0.5791071481021642, 0.25304936182537086, 1.0123831966871024e-8, 0.519133545189583, 0.32081976155490916, 1.1289858288539078e-9, 5.641929136865647e-10, 0.21044641490663896, 5.058501023396621e-10, 1.166558543250071e-10, 1.1631499040748257e-9, 0.21044642061235042, 0.21044642056911592, 0.21044641944293294, 7.801942127430317e-11, 4.479770003164102e-9, 0.21044641779322099, 9.816117937785501e-11, 2.0756980159685178e-10, 0.2704200339931204, 3.239748408639194e-9, 4.85782705995422e-10, 1.117179594724752e-10, 2.683021030329254e-10, 0.21044641544001783, 8.746356251086597e-11, 0.21044642864323124, 0.2104464282173497, 3.854974762032624e-10, 0.21044642878754122, 0.21044642710370137, 2.134065042510951e-10, 0.2104464288932018, 1.4519942767285062e-10, 4.4144820717328153e-10, 0.21044641490208243, 4.4470509740303534e-10, 0.7295799665074074, 5.5153006664245685e-8, 1.9280991103387246e-10, 4.1294662669618024e-10, 1.3236271868061709e-9, 0.2704200339376619, 1.294967972872581e-10, 0.21044641556989532, 0.2104464177299653, 0.2104464148318818, 3.256243422437004e-10, 9.419523779767736e-11, 1.974459286013207e-9, 0.2104464319567587, 1.43941832729607e-10, 1.2302517513398656e-10, 1.324614811016335e-10, 1.9115977094331511e-10, 2.3853355264910123e-10, 6.644593291582301e-11, 0.21044643170592148, 6.514529346429634e-10, 0.21044641400503497, 0.19345174818764072, 2.0537875400341353e-10, 7.31671714948966e-11, 9.446539057143821e-11, 3.3136227896926327e-10, 1.1135466353355646e-10, 0.21044641610859266, 0.2104464286588508, 0.21044641477650336, 0.21044641674657324, 1.8853861946393475e-10, 0.2104464160073863, 0.21044641504209394, 2.2155156172076423e-10, 0.21044641463392208, 0.21044641483213747, 1.0715591723001728e-10, 1.0634334959031781e-10, 0.21044641421060076, 5.342255597475277e-10, 0.2104464145571079]
v_opt: [0.46349578374128364, 0.7895535777394382, 0.6233949091057237, 0.044287703999930525, 0.037423584952512176]
solution time: 0.04069113731384277
McCormick lower bound: -4.357436394996442

