x_opt: [0.8186710243211499, 0.1813412058303122, 0.8186746844555592, 0.18132534447073567, 0.8186746448126319, 0.1813252782725975, 0.8186746710552067, 0.85976514314894, 0.6482692496638549, 0.1813252932255573, 0.1100702720274979, 0.8139810973787838, 0.18132528872004544, 0.1813253220192122, 0.18132523644275134, 0.18134136815747232, 0.18132532305055699, 5.054147391222883e-9, 0.1813251999961369, 0.14023473677772103]
w_opt: [0.8186710230193383, 0.6373456696018107, 1.1192272693614547e-9, 9.786597757581478e-10, 0.6326521223529727, 0.18132528119238958, 9.511646338030493e-10, 6.506399316046505e-9, 0.181325321392895, 3.3648564039451796e-9, 6.885628835049813e-10, 1.5890831120723173e-5, 1.585581189692098e-5, 0.18134119917888886, 0.1813252923852994, 0.1813253200541187, 7.411333688402367e-9, 0.18134120522416738, 0.18132534117718624, 0.6373493560388697, 0.6784398285683053, 5.104587328536528e-9, 0.6326557873284949, 0.1813413608947818, 1.2988144011384867e-8, 4.392834837445552e-9, 0.18132519940315855, 3.3404152884064587e-9, 6.776095406813918e-10, 7.823090360748221e-9, 0.18132534359516322, 0.1813253434992685, 0.18132528291563718, 7.043328440577349e-10, 2.103098032470376e-8, 0.18132532259401465, 6.833800205076824e-10, 1.6000794162477495e-9, 0.6482692493039108, 9.544832491628586e-9, 1.1571171120983678e-9, 7.834563191555833e-10, 1.9948013404481958e-9, 0.18132530708969985, 6.699887900910265e-10, 0.18132527460476996, 0.18132527261382017, 2.527474003489887e-9, 0.18132527689914227, 0.18132527149268918, 2.319368225527519e-9, 0.18132527750189997, 1.2641585942853515e-9, 3.3152858382637228e-9, 0.18132519921983695, 2.803141254115665e-9, 0.8139810965899468, 1.0131248335758751e-7, 1.0635927769829431e-9, 2.4888232404653313e-9, 5.9375514357101175e-9, 0.648269248854758, 9.210389749422719e-10, 0.1813252297678882, 0.18132532219120726, 0.1813251990230607, 3.77746425404426e-8, 9.67285559211191e-10, 0.46225035830017974, 0.18132528757678326, 9.979152429615834e-10, 9.345897023487807e-10, 1.028137889684307e-9, 1.986722366119563e-9, 2.2077693104931334e-9, 5.08731233249764e-10, 0.18132528696903602, 3.823108031269745e-9, 0.18132519375743592, 0.1100702712506415, 1.5820768676985444e-9, 5.302438025360832e-10, 9.506147398434911e-10, 2.6760921806372734e-9, 8.774316914796249e-10, 0.18132523565429157, 0.18132527715087138, 0.1402347358335169, 0.18132530929058877, 1.3572485264692287e-9, 0.18132523525152947, 0.18132522964368772, 1.365361106434903e-9, 0.18132519818670859, 0.14023473617353413, 7.715343558818248e-10, 9.592923441428716e-10, 0.14023473109526835, 4.1471684495693985e-9, 0.1402347359110365]
v_opt: [0.8597651425337514, 0.8186746837508231, 0.6702284239637314, 0.03287891900282617, 0.01211550191447054]
solution time: 0.014029979705810547
McCormick lower bound: -4.233604981911462

