x_opt: [0.7908460781719123, 0.31481594608117575, 0.7908460814701365, 0.20915390046351146, 0.7908460819336997, 0.20915390041024748, 0.7908460998061453, 0.47072749475666953, 0.26667509330682004, 0.2091539192442418, 0.2091539215809835, 0.7333249060402348, 0.20915391901359145, 0.20915389978384427, 0.20915390997685107, 0.31481594676178287, 0.20915389411025773, 1.0877717158963976e-9, 0.20915389840887552, 0.20915389773044754]
w_opt: [0.7908460779327483, 0.5816921603676338, 2.239213724005835e-10, 3.840678345477513e-10, 0.5241709844342857, 0.20915391798533908, 2.919824320093035e-10, 7.820827434749833e-10, 0.20915389356834468, 6.262257325466414e-10, 1.9416159714404993e-10, 0.1056620277961263, 0.10566202970659169, 0.3148159445995541, 0.2091539189871171, 0.20915389934689593, 8.720855808431822e-10, 0.3148159457835093, 0.20915389968597875, 0.5816921814369742, 0.2615735764699897, 1.5580507980932786e-9, 0.5241709884328627, 0.31481594523366985, 8.302702315298534e-10, 8.751164324423051e-10, 0.2091538981871211, 6.060928337446565e-10, 2.552102646772476e-10, 1.334568258768168e-9, 0.20915390010720103, 0.20915390011836443, 0.20915389902312911, 1.6935553685797585e-10, 5.244129184799781e-9, 0.20915389390318018, 2.3066413459003732e-10, 3.5278511578227446e-10, 0.2666750931343149, 3.696799242314946e-9, 1.5489534219054412e-9, 2.1039850398120328e-10, 4.468667320828944e-10, 0.20915389105714344, 1.7290381893103093e-10, 0.2091538998559706, 0.20915389941929272, 5.805454015031338e-10, 0.20915390003110532, 0.20915389862808983, 3.097808582726147e-10, 0.20915390021627756, 2.427332512054299e-10, 6.543305861925721e-10, 0.20915389818013053, 6.263543978784097e-10, 0.7333249058343352, 1.208318697529988e-7, 4.133318596172113e-10, 6.674090112654224e-10, 1.5488948349669849e-9, 0.2666750930226777, 2.7720938778473307e-10, 0.20915390924067628, 0.20915389375061832, 0.2091538980548176, 4.980790484044961e-10, 1.5967511326795397e-10, 3.5309418656136255e-10, 0.2091539187896451, 3.190634805072802e-10, 2.4234956500242707e-10, 2.7429954092805714e-10, 3.2887935375562126e-10, 3.701241866297827e-10, 1.6172980301041626e-10, 0.20915391866333374, 6.651113795099542e-10, 0.2091538966426445, 0.209153921357693, 3.161886069878149e-10, 1.899547466211707e-10, 1.9164742102952795e-10, 5.38576284287206e-10, 2.159933283292349e-10, 0.20915390976260045, 0.2091539149851784, 0.20915389733394332, 0.20915389295148326, 3.816128870210072e-10, 0.2091539095764311, 0.20915389278673893, 3.9757135153837346e-10, 0.20915389802213605, 0.20915389754412855, 2.208472263553541e-10, 1.976664205753558e-10, 0.20915389300669862, 8.06581564913011e-10, 0.20915389733676257]
v_opt: [0.4707274944760725, 0.7908460811732466, 0.6254375273610102, 0.04374536301561509, 0.04374536492997811]
solution time: 0.013795852661132812
McCormick lower bound: -5.01566182153789

