x_opt: [0.7993506247407777, 0.20064939694852232, 0.7993506554475887, 0.20064224772132572, 0.7993505300685817, 0.20064919970545683, 0.7993508063659576, 0.5468179013041108, 0.2808555575453678, 0.20064937595091642, 0.19952067636818216, 0.7191446742222449, 0.2006493905263476, 0.2006491899706602, 0.2006424177054471, 0.33387210386827204, 0.20064222979251597, 1.8526539267503738e-8, 0.20064220835607965, 0.20064220234705157]
w_opt: [0.7993506208451217, 0.5987011574050282, 8.262232623201387e-9, 4.830971651846724e-9, 0.5184953023066988, 0.20064937061828259, 1.4409139119471438e-8, 2.1478131874812664e-8, 0.20064222265763543, 1.1468077909522904e-8, 4.243590417908258e-9, 5.4971014197518337e-8, 2.1235835752630996e-8, 0.2006493732465764, 0.2006493703553911, 0.20064918046669933, 2.7691065222310312e-8, 0.20064939347791752, 0.20064223616175147, 0.5987014649404119, 0.34616856096376036, 4.358712107704344e-8, 0.5184953472251214, 0.33387208751017533, 1.384837014412096e-8, 1.55881104608995e-8, 0.2006422050954375, 9.013041121223986e-9, 2.7916431474271613e-9, 1.9135758842979963e-8, 0.20064224259225544, 0.20064224179608278, 0.20064222077229943, 3.582993798600213e-9, 8.313262271872319e-8, 0.20064222553670621, 3.870227492209969e-9, 7.774406045851526e-9, 0.28085555520674205, 1.8192564916352128e-8, 3.969520897169338e-9, 4.80227892275557e-9, 6.12273805782425e-9, 0.2006421722590792, 3.2996455198040746e-9, 0.20064918608544607, 0.20064918290383454, 7.473907348596765e-9, 0.20064919437437503, 0.20064913873871928, 7.800566388193074e-9, 0.20064919622650942, 4.9018215610759865e-9, 1.1154589677880588e-8, 0.20064220373856473, 8.780688332789303e-9, 0.7191446691928085, 5.322819061303713e-7, 5.144074155286405e-9, 9.035744162141059e-9, 1.6840586537628162e-8, 0.2808555535591103, 4.504165800136665e-9, 0.20064240456752885, 0.20064222421455052, 0.2006422038906104, 5.007744498853634e-9, 3.701980858734002e-9, 2.455128698520317e-7, 0.20064938636809776, 5.812466268364253e-9, 3.927733425687702e-9, 5.26025446334844e-9, 9.45109074989675e-9, 9.50942292560971e-9, 3.465282630680366e-9, 0.2006493708424636, 8.357065506457726e-9, 0.20064217894663053, 0.19952067278345723, 5.9443704655592805e-9, 3.540516199177332e-9, 4.8951392618714255e-9, 8.275613001590264e-9, 3.6899863862748345e-9, 0.20064241462004434, 0.20064926113027035, 0.20064219717694423, 0.20064221018989126, 6.439003307232541e-9, 0.2006424130222352, 0.20064219466665098, 5.544762132988406e-9, 0.2006422023637345, 0.20064219807338965, 3.598013623750044e-9, 3.91284373265518e-9, 0.2006421823333558, 1.4641790996071583e-8, 0.2006421937578935]
v_opt: [0.5468178983986458, 0.7993506511578393, 0.6389620105242373, 0.04026044057905818, 0.039809098734782056]
solution time: 0.01614689826965332
McCormick lower bound: -4.733933091138972

