x_opt: [0.6969941075461183, 0.3030061032532478, 0.6969941090408022, 0.08861425502817863, 0.696994104537593, 0.16866489310428193, 0.8313351512735556, 0.4089367879775669, 0.30300590947493933, 0.3030058899840898, 0.21917654913209025, 0.6969940909411619, 0.3030058918895385, 0.1686648503904369, 0.3030058798455887, 0.3030061440379082, 0.08861425288234995, 6.615692360154537e-9, 0.1669983875858989, 0.08861425100800138]
w_opt: [0.6969941052375759, 0.39398821326266753, 2.546779443923099e-9, 1.6755235032050981e-9, 0.393988199880995, 0.3030058865201884, 1.3720509045836314e-9, 5.606607238919214e-9, 0.0886142498931839, 3.898813093011802e-9, 1.5590669973641269e-9, 2.1340883603776307e-7, 2.1341790388955525e-7, 0.303006094983646, 0.30300588873261836, 0.16866484708215274, 5.203643090727883e-9, 0.30300610208237627, 0.08861425110163401, 0.5283292612621383, 0.10593089807240184, 4.9096946448203986e-9, 0.39398820521230704, 0.3030061370294703, 5.079767073056739e-9, 5.6923996719516014e-9, 0.1669983865443694, 3.8837177493814265e-9, 1.127999597652263e-9, 5.900635874323324e-9, 0.08861425333489775, 0.08861425280503551, 0.08861424783246391, 9.721704986474209e-10, 2.8397404221664707e-8, 0.08861425161157367, 1.3165825234506005e-9, 2.185765019790862e-9, 0.3030059084951791, 9.454004395728235e-9, 2.3350714426901598e-9, 1.40155851956692e-9, 2.8602273639617757e-9, 0.08861423661148597, 9.294007219218735e-10, 0.16866488859169845, 0.16866488842441513, 2.6729865636115995e-9, 0.16866489080218108, 0.16866484506716223, 2.250599244217103e-9, 0.16866489198780474, 1.3814547907280054e-9, 3.960812439025903e-9, 0.16699838645090478, 3.947263245835097e-9, 0.6969940895787727, 0.13434112157964656, 3.645347715923866e-9, 2.9104413575948946e-9, 4.357908644849262e-9, 0.30300590823472484, 1.5983280521199233e-9, 0.3030058761756503, 0.08861425082610323, 0.16699838554102392, 2.3003192065671456e-9, 1.0649316100947323e-9, 3.449549818713135e-9, 0.30300589059609034, 1.72543037214917e-9, 1.4265841079703177e-9, 1.6134342389939678e-9, 1.9640212106710273e-9, 2.1411436652052185e-9, 1.000309369058956e-9, 0.3030058884123562, 3.1038775418437567e-9, 0.16699837951667149, 0.21917654838292716, 1.9955076921574e-9, 1.065791728253899e-9, 1.1381666802695903e-9, 3.985677253087287e-9, 1.405951940674776e-9, 0.3030058785567203, 0.30300587075973656, 0.08861424853548378, 0.0886142488706678, 2.6916436680946056e-9, 0.3030058780182938, 0.08861424599040714, 1.9517842402582407e-9, 0.16699838533991462, 0.08861424968915053, 1.3529615040672197e-9, 1.2262788555636251e-9, 0.08861423971930048, 5.213340323293501e-9, 0.08861424942201004]
v_opt: [0.40893678670435496, 0.6969941071340376, 0.4858010597442386, 0.09181257204496975, 0.04803843372490135]
solution time: 0.018611907958984375
McCormick lower bound: -7.18171599909359

