x_opt: [0.2685170211349592, 0.10628108922392175, 0.8951420292018899, 0.10485902903061792, 0.8937125469130512, 0.10628740493301346, 0.8937125928989266, 0.8937131092143771, 0.8937124555415787, 1.8478774048285053e-7, 0.10628686394637282, 0.7314832091857683, 0.10628742433798591, 0.10628738815551257, 0.10485798132064969, 0.3356649935299876, 0.1048589700906862, 8.943982317290593e-9, 0.10485796907337847, 0.10485798635429405]
w_opt: [0.26851701978934084, 0.16222956889737458, 2.6002121440230947e-9, 1.9482566776710512e-9, 2.314073388485097e-7, 0.10628740840253781, 3.2571593034668365e-9, 1.3179810878131923e-8, 0.10485896712711323, 5.72353125386468e-9, 1.218174875856422e-9, 0.0014231193593875302, 1.5232452216462392e-8, 0.10628107843835811, 1.825684267378201e-7, 0.10628107512853477, 4.6830629009596415e-8, 0.10628108790140751, 0.10485902198261693, 0.7888546236424168, 0.7888551443974176, 8.695886506422349e-9, 0.6266252503290827, 0.33566498524903565, 1.0051573268358366e-6, 6.065134491329466e-9, 0.10485796704466711, 2.1819648056706804e-8, 1.1331740098096343e-9, 1.585885917470089e-8, 0.10485902616075365, 0.10485902655334334, 1.7292069102156001e-7, 1.9510221309050435e-9, 1.0373961221575048e-7, 0.10485896807773361, 1.6586813626479823e-9, 3.6724486699774107e-9, 0.8937124542316994, 7.834810796604274e-9, 2.018441740647957e-9, 3.31470688725646e-9, 2.0896566365996358e-9, 0.10485890004658922, 1.483756404313074e-9, 0.10628740046197802, 0.10628739003150399, 3.726692350124644e-9, 0.10628740295778483, 0.10628733297924507, 2.9629638765385024e-9, 0.1062874025867389, 2.6585822894418617e-9, 5.490017902790691e-9, 0.10485796628419804, 3.228930373574398e-9, 0.7314832071288361, 5.25575370468759e-7, 1.611596837036473e-9, 2.3608778880161377e-9, 7.187965791162624e-9, 0.8937124411977478, 3.4324972977221847e-9, 0.10485796556809031, 0.10485896782364693, 0.10485796737107485, 1.5939913921171506e-9, 2.537852913208576e-9, 0.6251956676219816, 0.10628742195106498, 2.2105201904730184e-9, 1.3672493957183692e-9, 2.4835365739518265e-9, 6.204126165033571e-9, 5.718179806119707e-9, 1.6654044357236164e-9, 1.8120455817616112e-7, 3.799611090582024e-9, 1.5138633839140052e-7, 0.1062868583423553, 2.6119654530639963e-9, 1.5956460785598288e-9, 5.33874090193386e-9, 3.157585640331088e-9, 1.3822865358843166e-9, 0.10485797984894121, 0.10628738305956552, 0.10485798470654112, 0.10485892506721875, 2.072607507967113e-9, 0.1048579787129248, 0.10485796450348257, 3.120881197590582e-9, 0.10485796466701987, 0.10485797748063828, 1.3195188751791372e-9, 1.846372323748443e-9, 0.10485798163648079, 6.6298912876076505e-9, 0.10485796570221527]
v_opt: [0.8937131076933629, 0.8951420277865266, 0.7987222079330772, 7.708833697458722e-8, 0.011296913020042014]
solution time: 0.01385807991027832
McCormick lower bound: -3.025715667685578

