x_opt: [0.7908090819725088, 0.3149856504767509, 0.790809086324792, 0.20919053970776508, 0.7908091584569618, 0.2091900528073581, 0.7908099469538188, 0.47052244736058896, 0.2667803660548912, 0.20919091884657237, 0.2087112128039874, 0.7332196263324657, 0.2091909112385516, 0.2091900527230619, 0.20919079558036402, 0.3149856528820627, 0.20919004262103305, 4.9191287501080726e-9, 0.20919003803643185, 0.2091900388267878]
w_opt: [0.7908090803299525, 0.5816182413075094, 3.240675593958648e-9, 1.0889819065256757e-9, 0.5240287094496573, 0.2091909064722921, 1.2028140371697491e-9, 2.646641729004589e-9, 0.20919004005165007, 2.8218602026144487e-9, 1.1002881940370229e-9, 0.10579473796041235, 0.10579481570629642, 0.3149856435446416, 0.20919091768692896, 0.20919005048272443, 3.786800062975598e-9, 0.3149856490864516, 0.2091905362589321, 0.5816190339894685, 0.26133153464716563, 7.956586578704454e-9, 0.5240287170384004, 0.3149856453638124, 3.743156847897089e-9, 4.084554177514511e-9, 0.20919003714426046, 2.9286873909441447e-9, 1.114102353916981e-9, 5.592830638281579e-9, 0.20919053828906795, 0.20919053797864112, 0.20919053431366152, 7.448857787612521e-10, 2.6679142086103687e-8, 0.20919004187531887, 1.0109909048759356e-9, 1.5969926447046473e-9, 0.2667803652850057, 8.253898838984218e-8, 7.12656788124474e-8, 9.598930184764089e-10, 2.8223174000460167e-9, 0.20919002819288118, 7.226931710432811e-10, 0.20919004984543105, 0.20919004877823427, 2.409848690633595e-9, 0.20919005094257914, 0.20919004420080517, 1.561183351862286e-9, 0.20919005193490348, 1.0947468708370688e-9, 2.9462789207651053e-9, 0.20919003705012942, 3.3167431261252374e-9, 0.733219625391905, 9.038849431711202e-7, 2.4914458305847538e-9, 2.9080184464831014e-9, 6.976657866369151e-9, 0.2667803649116964, 1.2767609112456515e-9, 0.2091907924317974, 0.20919004103913028, 0.20919003629618016, 2.4383722469755618e-9, 7.830334419278573e-10, 1.718377978782856e-9, 0.20919091019832603, 1.3289322136050942e-9, 1.1709978896536137e-9, 1.1977614439454973e-9, 1.4071913633111488e-9, 1.5829499887528258e-9, 7.075596818217927e-10, 0.2091909102724343, 3.2878380519370302e-9, 0.20919003199224956, 0.2087112119493925, 1.490520259847112e-9, 8.107323885174473e-10, 7.906012544011225e-10, 3.342361385357203e-9, 1.0649232157260917e-9, 0.20919079459285844, 0.20919089340414226, 0.2091900367602104, 0.2091900331176413, 1.97279522783606e-9, 0.2091907938439055, 0.20919003754454404, 1.6805520524456097e-9, 0.2091900362598399, 0.20919003791320068, 1.078547020641113e-9, 9.222308512949561e-10, 0.20919002837252948, 3.7081944209807993e-9, 0.20919003218908366]
v_opt: [0.4705224461591991, 0.7908090848217729, 0.6253792430232757, 0.04376090806202753, 0.043560378117324244]
solution time: 0.01570415496826172
McCormick lower bound: -6.1493265828346155

