x_opt: [0.6581242116029474, 0.16173877488458296, 0.8382615630842786, 0.16173872237119058, 0.8382612595305075, 0.16173550746043486, 0.8382615275426256, 0.9446440798448291, 0.8382610533278638, 0.16173853056913876, 0.05535556043565577, 0.8382614058019935, 0.16173851227030353, 0.16173846646333495, 0.16063313424304085, 0.16173884827860946, 0.16173855513179952, 2.5355701441230824e-8, 0.16063294125724345, 0.05535593330799832]
w_opt: [0.6581242060095437, 0.4963854749755202, 7.747160904915494e-9, 5.7991548415100945e-9, 0.49638562269836106, 0.16173847867391522, 5.1005361056296124e-9, 1.4914278696063697e-8, 0.16173854513784763, 1.5004736274148873e-8, 5.493222954074744e-9, 3.422974216170838e-7, 1.1424607040501488e-7, 0.1617387503954916, 0.16173852300191005, 0.16173845434765965, 2.1331144496701828e-8, 0.16173877094886766, 0.16173870665462292, 0.6765230943564189, 0.7829056484317589, 1.291737755812101e-7, 0.6765229972652829, 0.16173882235315154, 1.5001892358695103e-7, 2.1125177857445794e-8, 0.16063293744744017, 9.438607656813104e-9, 5.7559404605399755e-9, 2.3639433932392984e-8, 0.1617387171707812, 0.16173871329664835, 0.161738502676924, 4.13364448662663e-9, 1.2436022860312914e-7, 0.16173855160056214, 4.157768574765915e-9, 8.260288840930639e-9, 0.8382610500678348, 2.8912594398782263e-8, 6.701599434281578e-9, 5.892394112592765e-9, 9.138376085508955e-9, 0.16173843226333767, 3.2726227011859812e-9, 0.1617354850242402, 0.16173548784706376, 9.957301600712505e-9, 0.16173549641566198, 0.16173549074907217, 8.872358696188691e-9, 0.16173550159619396, 6.272682378146375e-9, 1.4950397027284224e-8, 0.16063293657764574, 1.2184504085140126e-8, 0.8382613995213474, 8.86192351327579e-7, 7.116837043428108e-9, 7.785555138985363e-9, 1.530313518872458e-8, 0.8382610482296735, 6.041093955929529e-9, 0.1606331119092364, 0.161738549588635, 0.16063293509993998, 3.2868996722535105e-8, 6.029233831586539e-9, 0.6765224683520618, 0.16173850389381894, 4.852943158141927e-9, 5.950217093402604e-9, 5.472776957332433e-9, 7.9277260451125e-9, 8.17939832838673e-9, 3.6369942709491104e-9, 0.16173850221102332, 1.4897641712115925e-8, 0.16063290167105357, 0.05535555522980986, 7.347704665564667e-9, 3.316689276790051e-9, 5.1269512008000106e-9, 1.3073924844106227e-8, 4.984689916413679e-9, 0.16063312713764014, 0.1617383923825754, 0.05535592520379783, 0.16173843537098245, 7.425000723536684e-9, 0.1606331268870932, 0.16063310764325767, 6.959332962107101e-9, 0.16063292035527574, 0.055355928253153316, 4.400029291370346e-9, 5.4415133951073164e-9, 0.05535591660249668, 1.9311395605893583e-8, 0.055355925360477495]
v_opt: [0.9446440757732739, 0.8382615575454592, 0.7026822435373751, 0.02615982835647493, 0.003064269701130182]
solution time: 0.014511823654174805
McCormick lower bound: -4.866914941235145

