x_opt: [0.6591805833505284, 0.34082044928100524, 0.6591805817733922, 1.051168717944932e-6, 0.6591793888047764, 0.13824500063537737, 0.8625722080222374, 0.3978191149082931, 0.3408207103362053, 0.34081933701359185, 0.2881968833000823, 0.6591792256066126, 0.34082053936607987, 0.13742779672134686, 0.3408204822096012, 0.3408357425675532, 1.006373296480467e-6, 5.0375681206857875e-8, 0.13742417899344733, 0.13741794547265626]
w_opt: [0.6591805639613313, 0.31835997835693186, 1.302381282253512e-8, 1.1980054588047475e-8, 0.31835981603292446, 0.3408205042730695, 1.0580715951111034e-8, 1.1316961389272102e-6, 9.89806941762669e-7, 3.2275520241988905e-8, 8.346615484965935e-9, 1.0362648670559201e-6, 1.0476142853590382e-7, 0.3408203682772131, 0.340819330365888, 0.13742777848860283, 5.3469149948536265e-8, 0.3408204414799462, 1.0276116445140541e-6, 0.5217527968679728, 0.05699970433991195, 2.5883256621041536e-8, 0.3183598409476013, 0.3408357060306259, 3.6268561955680356e-8, 4.3606704408387446e-8, 0.1374241711501971, 4.752754358820344e-8, 5.730476552071343e-9, 4.587156687583339e-8, 1.0362188925588457e-6, 1.0375922366750084e-6, 9.76878878548218e-7, 6.92719658992654e-9, 1.45088744919866e-7, 9.94862142695634e-7, 1.0020820814268151e-8, 1.5042231747860253e-8, 0.34082070259588987, 3.7056429636903686e-8, 8.53382477582658e-9, 9.980527627552374e-9, 1.9453600998456847e-8, 9.251916050121956e-7, 7.334393811944042e-9, 0.13824497540837835, 0.13824496558596416, 1.678458427260957e-8, 0.13824499026442116, 0.13742774976497804, 1.40889151452145e-8, 0.13824499365238296, 9.468807987154182e-9, 3.162990537085419e-8, 0.1374241699342581, 2.5067685604809035e-8, 0.6591792146045845, 0.2033930271128259, 1.9686535256039707e-8, 2.3141154712243133e-8, 3.639427015476981e-8, 0.34082070117088736, 1.0714978764427975e-8, 0.34082046067132016, 9.893204756026742e-7, 0.13742416872422236, 1.2017972766413575e-8, 6.303160318223715e-9, 1.3230350252761298e-8, 0.34082053275054935, 1.6932878156478833e-8, 8.032704370888502e-9, 1.3742350733634513e-8, 2.3439693660594257e-8, 2.1385539927329373e-8, 7.561720474006956e-9, 0.3408193287974351, 1.5924711432048665e-8, 0.13742411064749915, 0.2881968761946419, 1.510808191898608e-8, 9.842399062585064e-9, 1.0508206862687107e-8, 1.894764306498021e-8, 8.251743749936137e-9, 0.3408204753754955, 0.34082047588996506, 0.13741793295442745, 9.751236845153375e-7, 1.8144525001558503e-8, 0.3408204740005049, 9.401963033500089e-7, 1.4408423131874134e-8, 0.1374241687598232, 0.1374179319886368, 8.157952754590533e-9, 7.886629168938697e-9, 9.59840790965295e-7, 4.1705942096119576e-8, 0.137417937046629]
v_opt: [0.39781910702479895, 0.6591805714850307, 0.4345174694898998, 0.11615880070004539, 0.0830576689441314]
solution time: 0.016607046127319336
McCormick lower bound: -5.676346710478397

