x_opt: [0.3374911033857902, 0.11452761059823434, 0.8854799418746031, 0.11452022040692876, 0.8854725559641642, 0.11452740385555475, 0.8854724567135364, 0.8854725968018, 0.8854725427850337, 0.11452006746160069, 0.11452738114813174, 0.763797151341935, 0.11452740452634912, 0.11452743730012639, 0.11452004816719351, 0.3745435716356398, 0.1145201607180956, 1.0099285875790899e-8, 0.11452004780307372, 0.11452004544015254]
w_opt: [0.33749110114871944, 0.22296366065054074, 3.5235039011298142e-9, 2.060496938068461e-9, 0.10128825657533344, 0.11452738975788472, 2.9403401057284667e-9, 7.520972329442833e-9, 0.11452015664787786, 6.012019067983821e-9, 1.5473558852347002e-9, 7.554284814617097e-6, 2.1265551067666102e-7, 0.11452759997694908, 0.11452006462805633, 0.11452743346072634, 9.909858213091071e-9, 0.1145276088844153, 0.11452021307578554, 0.7709524000351917, 0.770952542471742, 1.7768944748888365e-8, 0.6492771038476771, 0.3745435588768704, 1.0853240832900425e-7, 7.454491368755333e-9, 0.11452004580024132, 5.077136323597771e-9, 2.064652416419602e-9, 1.194735215383058e-8, 0.11452021767523325, 0.11452021737018424, 0.1145200539073911, 1.7553303335892794e-9, 5.093552189279158e-8, 0.11452015905674177, 1.7973486942461678e-9, 3.232304581243633e-9, 0.8854725413908398, 1.339597251250205e-8, 2.7294719195462322e-9, 2.672179253319536e-9, 3.3467068663808365e-9, 0.11452012120893802, 1.5578720454455993e-9, 0.11452739876933006, 0.11452739338039843, 4.913953750619318e-9, 0.11452739698160477, 0.11452739646427743, 2.768695260637446e-9, 0.11452740157769425, 2.622680546235706e-9, 6.069674037711928e-9, 0.11452004568036127, 4.342442106848245e-9, 0.763797149451488, 2.513618325682679e-7, 2.1047398446790137e-9, 3.25369337300849e-9, 9.697087415995994e-9, 0.8854725396999014, 2.83729297713889e-9, 0.11452003699911029, 0.1145201583017151, 0.11452004541533505, 3.812020190266471e-9, 1.865993007189959e-9, 0.6492696974984671, 0.11452740125888816, 2.395181443898413e-9, 2.0807600839784332e-9, 2.387047200702027e-9, 3.6785189310708062e-9, 3.816950751116145e-9, 1.4954175240220267e-9, 0.1145200646172594, 6.954542128686094e-9, 0.11452000458993915, 0.1145273776514552, 2.7636515570952788e-9, 1.5003816781166104e-9, 2.457683056243983e-9, 4.485542543813215e-9, 1.7539655562131539e-9, 0.11452004577324346, 0.11452737264749079, 0.11452004269885097, 0.11452014644912625, 2.5861302509046214e-9, 0.11452004446805866, 0.114520035372867, 3.5659457581331264e-9, 0.11452003907689563, 0.11452004270713817, 1.6810134719199012e-9, 1.9990479895748697e-9, 0.11452003830324574, 7.211495982176994e-9, 0.11452004194569822]
v_opt: [0.8854725948031579, 0.8854799398857136, 0.7840623842748485, 0.01311504298922164, 0.01311654899269266]
solution time: 0.018529891967773438
McCormick lower bound: -3.4404194806091297

