x_opt: [0.6245209275819507, 0.37547906093795363, 0.6245209530296995, 0.05600201843524982, 0.6245209398380973, 0.17999047230079696, 0.8792751240956229, 0.37548015430985904, 0.3754790657452321, 0.37547905330737436, 0.15820236033353108, 0.6245209256694451, 0.37547905695268347, 0.1207248834322343, 0.3754790536876726, 0.3754790650280731, 0.05600201314962963, 5.0511029141416036e-9, 0.056002349794326625, 0.056002350618554464]
w_opt: [0.6245209256690982, 0.24904186833078046, 1.4383679163469046e-9, 1.5014413229569335e-9, 0.24904185446566654, 0.37547905262798764, 1.2677158943084074e-9, 6.726259347105251e-9, 0.056002010740869766, 3.006848788777025e-9, 1.5997889269755195e-9, 1.494442541428875e-8, 1.9196730292451423e-8, 0.37547905206224047, 0.37547905160336537, 0.12072488063170417, 4.7631629332336305e-9, 0.37547905893924977, 0.05600201496880714, 0.5037960778689936, 1.1080750258587728e-6, 1.0329941355043718e-8, 0.2490418831666783, 0.3754790592939473, 4.9103188319244845e-9, 4.4182809815765905e-9, 0.0560023490098891, 4.374220610760188e-9, 8.730964882096984e-10, 6.3618781049336925e-9, 0.05600201697483045, 0.05600201636059987, 0.056002009393018436, 8.014389693694549e-10, 5.7674071514634094e-8, 0.05600201186843694, 1.1138301215415067e-9, 1.9097717161604724e-9, 0.37547906493377514, 7.758490381269263e-9, 2.557279607880673e-9, 1.3721863111469325e-9, 4.640266478123873e-9, 0.05600199714528658, 7.61757876492074e-10, 0.17999046819647374, 0.17999046870754895, 2.058191317986944e-9, 0.17999047053231107, 0.12072487245758022, 2.0024266572550538e-9, 0.17999047146874297, 1.1445406660000533e-9, 2.9899162478152733e-9, 0.05600234886700663, 4.598300890894751e-9, 0.6245209244918868, 0.2547542318569093, 9.242708617711692e-9, 5.002936859000664e-9, 8.54013829257592e-9, 0.37547906482525173, 1.318989094182361e-9, 0.37547905135167703, 0.056002011330076935, 0.05600234821337053, 1.9053378378126837e-9, 8.67313331654825e-10, 1.6773469003328265e-9, 0.37547905571463597, 1.530491558831832e-9, 1.1656211939224695e-9, 1.3450285738889114e-9, 1.8781642505363164e-9, 1.9029425511803946e-9, 8.425287625314066e-10, 0.3754790520792777, 2.410621770868819e-9, 0.056002343185063586, 0.15820235913471214, 1.715587662625766e-9, 9.8067395437452e-10, 9.188745536377207e-10, 3.5816561652007216e-9, 1.165300479055723e-9, 0.3754790523252864, 0.3754790143208218, 0.056002348538984864, 0.05600200985068292, 2.797805647806904e-9, 0.37547905179311114, 0.056002006409661596, 1.513162772668815e-9, 0.05600234832066622, 0.056002348796050365, 1.1857749457293708e-9, 9.827093045127016e-10, 0.05600200623076074, 4.1244484465081655e-9, 0.056002344244185584]
v_opt: [0.37548015339373364, 0.6245209513553577, 0.390026411234796, 0.14098451990208666, 0.025028055657291017]
solution time: 0.014234066009521484
McCormick lower bound: -8.307505092621401

