x_opt: [0.7549135869955252, 0.24508639737086596, 0.854629106844544, 0.14537088690957514, 0.7549135172413307, 0.24508641561082925, 0.7549135959077947, 0.7966318788299511, 0.4719437719147478, 0.14537089849766135, 0.1773217406421665, 0.5280562297768361, 0.24508643881565081, 0.24508640388570535, 0.14537089990389318, 0.24508642549459753, 0.14537088617983568, 1.4693013517503414e-9, 0.14537088961598743, 0.14537089357683422]
w_opt: [0.7549135865870891, 0.5098271044211875, 7.161014628515326e-10, 4.280013373882735e-10, 0.2829698170169762, 0.245086436749887, 7.707922854526052e-10, 2.1356038803760577e-9, 0.14537088561458839, 9.373846451656601e-10, 3.613554408659415e-10, 0.09971550442676126, 2.9905608518666686e-9, 0.2450863948238168, 0.14537089806335565, 0.2450863940482856, 3.5764115835349076e-9, 0.24508639706843505, 0.14537088566551865, 0.6095427029974702, 0.6512609862136274, 5.972668926346237e-9, 0.3826853385387128, 0.24508642368361866, 1.908110525170719e-9, 1.2045019159157573e-9, 0.1453708893269639, 1.6861227153669416e-9, 2.571218434948798e-10, 2.743632708382895e-9, 0.14537088642494078, 0.14537088634482612, 0.14537088043633764, 3.2274730234915935e-10, 1.479496377250844e-8, 0.14537088566259657, 3.2674875704402727e-10, 7.362381069207544e-10, 0.47194377177596925, 1.9106379169097936e-9, 3.073758155294141e-10, 4.3213984241195054e-10, 5.063687342551652e-10, 0.14537087858149328, 3.1193368020763105e-10, 0.2450864146514712, 0.24508641354204597, 7.911892122025661e-10, 0.2450864152507023, 0.24508639494410403, 6.46113073913919e-10, 0.24508641493792413, 4.861752538537441e-10, 9.232460233028029e-10, 0.14537088924897346, 8.664403554850676e-10, 0.5280562293980487, 1.0607798402875539e-7, 5.837405930382764e-10, 8.206652943150246e-10, 1.8659416723165822e-9, 0.4719437714840604, 3.171352441619575e-10, 0.14537089840638162, 0.14537088572426468, 0.14537088925469935, 4.502758678720744e-10, 3.218623496251212e-10, 1.080420369034738e-8, 0.2450864384198594, 5.347640353248957e-10, 3.331121087000621e-10, 4.3271435217942445e-10, 9.381627556088533e-10, 1.0256062834948523e-9, 3.2014023783283635e-10, 0.14537089814025791, 9.40285598397856e-10, 0.14537087851596572, 0.17732174029810202, 5.021760932817334e-10, 3.2533732874085154e-10, 4.994984225591907e-10, 6.794835787084415e-10, 2.9696935085573515e-10, 0.14537089969671863, 0.24508639239118307, 0.14537089318062, 0.145370884463242, 5.015716384346519e-10, 0.14537089952774815, 0.14537088254981317, 5.297664460574004e-10, 0.14537088918115815, 0.145370893195771, 3.083641091554373e-10, 3.235639543856844e-10, 0.14537088437573858, 1.1774721517360423e-9, 0.14537088921729907]
v_opt: [0.7966318786085202, 0.8546291065673165, 0.5698944536705814, 0.02113269865653834, 0.031443048762882175]
solution time: 0.012981891632080078
McCormick lower bound: -3.9141063908459692

