x_opt: [0.6087600246302739, 0.24749833828542317, 0.9216940208290605, 0.10902015612730435, 0.7525016591898425, 0.2474983292029446, 0.625458810964879, 0.8909797149686117, 0.6087600201869742, 0.07830597768240037, 0.10902028459935004, 0.391239977201681, 0.24749833003598487, 0.24749833392966322, 0.10902014977962925, 0.24749835190823036, 0.10902011777011558, 1.4166548708787851e-9, 0.10902014960535492, 0.10902014924634358]
w_opt: [0.6087600242914116, 0.3612616839528075, 4.784132254294829e-10, 2.5105482755333756e-10, 2.176770187095357e-9, 0.2474983278158499, 7.733086110989693e-10, 1.6011768831817116e-9, 0.10902011722476124, 8.722346590200992e-10, 1.5974240081955075e-10, 0.16919235935527627, 1.2591272248956738e-8, 0.247498336577412, 0.07830597733526223, 0.24749833348909753, 1.897717070980422e-9, 0.2474983379540021, 0.10902015495022982, 0.547152831997018, 0.8126737373126413, 1.0187145565431954e-9, 0.31293399948891437, 0.24749834986026523, 0.03071414018370478, 8.450291531863631e-10, 0.10902014923891026, 0.030714170884936432, 2.977776415115518e-10, 2.9186606795880186e-9, 0.10902015558819723, 0.10902015569142567, 0.07830597612507494, 2.5529479704514473e-10, 8.459764399172907e-9, 0.10902011747724544, 2.593385620051274e-10, 4.804091691715011e-10, 0.6087600200240247, 4.826339079125032e-9, 3.004131161970504e-10, 2.7021310181745663e-10, 4.2519678075029156e-10, 0.10902011257440059, 2.8068137592736535e-10, 0.24749832868200736, 0.2474983265199275, 1.0131513973009386e-9, 0.247498328498774, 0.2474983280447832, 3.568619829117027e-10, 0.24749832889746587, 3.932321463675217e-10, 8.810686200592474e-10, 0.10902014926092275, 5.925916881636688e-10, 0.3912399769444813, 1.7561774640657694e-8, 3.060098203894026e-10, 5.076243893881459e-10, 2.6320522697380623e-9, 0.608760019400936, 5.54512674955819e-10, 0.10902014760114329, 0.10902011741126114, 0.10902014929510263, 5.457331137358995e-10, 2.1366729946484652e-10, 1.8379148264171434e-9, 0.24749832951751236, 4.3142667865991915e-10, 2.673917620578614e-10, 3.5691036339529157e-10, 6.522485660686754e-10, 7.014776570435207e-10, 2.2128057387916413e-10, 0.07830597724815237, 1.0073471570021544e-9, 0.07830597295695081, 0.10902028323331821, 4.024119160424035e-10, 2.3211446929977072e-10, 4.872081350072148e-10, 5.331420087449082e-10, 2.1389339726158903e-10, 0.10902014952196241, 0.24749832517549272, 0.10902014893208918, 0.10902011185937813, 3.1206374789798456e-10, 0.10902014918675557, 0.10902011501645524, 6.098889849885888e-10, 0.10902014860825951, 0.10902014893204401, 2.1871091596786708e-10, 2.5350433763220077e-10, 0.10902011673481948, 9.82981731575329e-10, 0.10902014876166549]
v_opt: [0.8909797146503199, 0.9216940206000376, 0.5662587731511617, 0.0061318404555615255, 0.011885431721794598]
solution time: 0.012210845947265625
McCormick lower bound: -2.754459235100025

