x_opt: [0.798588018275084, 0.2014119827064789, 0.7985880193276584, 0.1987441260640728, 0.7985880150914325, 0.20141198085508402, 0.7985880202954693, 0.5495528268912538, 0.2827029846708228, 0.20141198079661957, 0.201411977741172, 0.7172970160325469, 0.20141198306910973, 0.20141197964849045, 0.2014119796965948, 0.3319137190905602, 0.1987441258663542, 8.40779997629652e-10, 0.19874412623177878, 0.19874412546457043]
w_opt: [0.7985880181181545, 0.5971760346127032, 2.7633802848052423e-10, 2.5182588080778116e-10, 0.5158850344605487, 0.20141198229695628, 2.2117844311700839e-10, 9.71348629320432e-10, 0.1987441255247028, 5.029597514352552e-10, 1.7698183300775778e-10, 2.1563327566013453e-9, 1.4010365050641441e-9, 0.20141198171053692, 0.20141198055822512, 0.20141197918686438, 1.0040395467439843e-9, 0.20141198256696663, 0.19874412555613824, 0.5971760397737881, 0.3481408463887277, 6.442906798365973e-10, 0.5158850360599359, 0.3319137183920443, 6.040239140323822e-10, 6.961392477323586e-10, 0.19874412607383585, 4.1690170601909243e-10, 1.253168839156444e-10, 7.274478246041111e-10, 0.1987441258101397, 0.1987441258107582, 0.19874412489155344, 1.5517582077564454e-10, 3.067923421377335e-9, 0.19874412566420652, 1.8040434656426403e-10, 3.399985458083698e-10, 0.2827029845413775, 8.620513441370128e-10, 1.7424026557655487e-10, 2.2449019574814563e-10, 3.0008524310104184e-10, 0.198744123649897, 1.4563643620729003e-10, 0.20141198026934382, 0.20141198016156447, 3.225049029941227e-10, 0.20141198058408702, 0.20141197886397996, 3.101161818988869e-10, 0.20141198067965738, 2.0605012451351912e-10, 4.884026088456466e-10, 0.19874412601784552, 3.751862520553588e-10, 0.7172970158130999, 2.0596174965769566e-8, 2.483211859679637e-10, 3.6279793567257356e-10, 6.137247238983916e-10, 0.2827029844919218, 2.0827291537293376e-10, 0.20141197913292397, 0.19874412558633592, 0.19874412601363908, 2.2685520169785655e-10, 1.5517874569819024e-10, 1.002682682217165e-9, 0.20141198290610682, 2.6783318755543276e-10, 1.741641355716044e-10, 2.3840546171197544e-10, 3.868723803923419e-10, 3.822569727941841e-10, 1.4901142078280062e-10, 0.20141198054494902, 3.2127510153628496e-10, 0.1987441248004336, 0.20141197784836246, 2.5419677835193686e-10, 1.629971294388813e-10, 2.0178382327057387e-10, 3.6346976637846327e-10, 1.6546852859839386e-10, 0.2014119795413438, 0.20141198034396832, 0.1987441252175172, 0.19874412521557744, 2.982132010776496e-10, 0.20141197947054498, 0.19874412476975015, 2.496383233047149e-10, 0.19874412596082106, 0.19874412525676283, 1.60087901697801e-10, 1.7108227844053192e-10, 0.1987441246868391, 6.479525587183422e-10, 0.19874412526404428]
v_opt: [0.5495528267390598, 0.7985880191238641, 0.6377428236797766, 0.040566802721221214, 0.04056678559642971]
solution time: 0.019273996353149414
McCormick lower bound: -5.112302417638014

