x_opt: [0.7728731664280882, 0.22712708661662748, 0.7728731900105233, 1.8778273312240184e-7, 0.7728731525494645, 0.2271260614185179, 0.7728740076179655, 0.6269291042253656, 0.4195731588417634, 0.22712680932340645, 0.2271268221135982, 0.5804265841107705, 0.2271268081103777, 0.22712598930865097, 0.2271267720422575, 0.29519266621107615, 1.7266424878683894e-7, 1.076158304695961e-8, 0.2271259177982974, 0.22712592504611148]
w_opt: [0.7728731637792946, 0.5457463200333474, 2.9634668056877945e-9, 4.32856401123239e-9, 0.35329975198854857, 0.22712679816865897, 2.99032094341883e-9, 1.9605346289054765e-8, 1.690255727513915e-7, 7.0280141770790665e-9, 1.30774170975861e-9, 2.7789115108099086e-7, 2.841018622721565e-7, 0.2271270689059122, 0.2271268073985569, 0.22712598544394616, 1.7166092715995626e-8, 0.22712708399158277, 1.8191432296009403e-7, 0.5457471990413181, 0.3998022963698986, 1.0345238684239482e-8, 0.3532997836595606, 0.2951926533769675, 1.1011269072783227e-8, 8.957074076245164e-9, 0.22712591593466566, 1.558791659877628e-8, 1.2837438595143658e-9, 1.662032291338705e-8, 1.84055932061126e-7, 1.8400670325149014e-7, 1.6697901122533664e-7, 1.4802587010362145e-9, 4.2567305979392865e-8, 1.7070551462732383e-7, 2.0795711947334817e-9, 3.6591775419666728e-9, 0.4195731574768127, 2.4455389284384745e-8, 1.8513143246516073e-9, 1.8962835473255293e-9, 4.06556936261629e-9, 1.5309520151820049e-7, 2.001058221074535e-9, 0.2271260568987431, 0.22712604728603686, 6.394876946612482e-9, 0.2271260594051794, 0.22712597253982983, 3.80749751777678e-9, 0.22712606005856545, 2.364009367397775e-9, 7.155764834140833e-9, 0.2271259156674615, 6.179709644915662e-9, 0.5804265822767418, 1.3135403953029815e-6, 3.5726353893193393e-9, 8.560999250703954e-9, 1.879604063731449e-8, 0.419573156404043, 2.4856163491780596e-9, 0.22712676408223664, 1.6909034981352415e-7, 0.22712591527271875, 3.2139195949195682e-9, 1.4313107032594087e-9, 2.2087731413844703e-9, 0.2271268066579204, 4.927888150611001e-9, 1.7816213493932365e-9, 2.8280750279870783e-9, 5.5630040839257015e-9, 5.8744601634708386e-9, 1.5242221370366618e-9, 0.2271268063155686, 4.950740589406962e-9, 0.22712590374065184, 0.22712682008512536, 3.519216359683511e-9, 1.8536002436713044e-9, 2.290368804511312e-9, 4.715959525903379e-9, 1.8436104308208602e-9, 0.2271267709145344, 0.22712675731004991, 0.22712592289681938, 1.606238502091355e-7, 3.662295435899488e-9, 0.22712676950804198, 1.592235090285206e-7, 3.911255494910597e-9, 0.22712591568174878, 0.22712592082701236, 1.770983470485656e-9, 1.6249124873794505e-9, 1.618222491665377e-7, 8.747604342741757e-9, 0.22712590232498392]
v_opt: [0.6269291022176893, 0.7728731882844231, 0.5973329660011, 0.0515866038788424, 0.051586607754205954]
solution time: 0.012811899185180664
McCormick lower bound: -4.495290496504274

