x_opt: [0.6976336994170756, 0.20930820536332118, 0.7906919725061323, 0.2093082585324899, 0.7906917372589657, 0.1457410527584308, 0.7906925428838333, 0.9594056709330507, 0.7906904142443976, 0.20930819189995595, 0.04059115019160853, 0.7906907985525886, 0.2093080620355988, 0.20930745449791885, 0.20930774836547364, 0.20930821249682077, 0.2093079088902987, 1.9681892671695707e-8, 0.04059361910009661, 0.04059346667719822]
w_opt: [0.6976336952898909, 0.488325438931836, 5.597408333627992e-9, 3.998997027013969e-9, 0.4883245016066463, 0.2093080390737737, 3.951911116579741e-9, 1.0700469006006804e-8, 0.20930790286481243, 1.3127815756230963e-8, 4.421140451054443e-9, 1.80310849549259e-7, 3.066508528334063e-8, 0.20930818291197759, 0.20930818565886006, 0.2093074451555219, 2.366312969533449e-8, 0.2093082012821276, 0.20930824731413164, 0.5813845174268703, 0.7500976469165266, 1.8219999884920339e-7, 0.5813827984803582, 0.20930819089137165, 2.371950269091826e-8, 1.732514321092716e-8, 0.04059361714457012, 7.2123701130257645e-9, 4.247137139259223e-9, 2.5696671356786655e-8, 0.20930825565136604, 0.20930825229109223, 0.20930815787683762, 2.5634999392690166e-9, 1.5083441076605278e-7, 0.2093079072372653, 2.4429241248146124e-9, 5.157553944413935e-9, 0.7906904129448509, 3.6668955986320254e-8, 4.296040694895613e-9, 3.1306423861832467e-9, 7.588015969754313e-9, 0.20930779287941326, 2.045557843787433e-9, 0.14574103087083054, 0.14574103873149238, 5.894697995767301e-9, 0.1457410482038662, 0.14574104183531222, 8.271065480500568e-9, 0.14574104966907883, 4.162916029152183e-9, 1.260874252848725e-8, 0.04059361676736152, 1.3399660496315129e-8, 0.7906907950205578, 2.3597552210269263e-6, 6.386547579883389e-9, 5.762307669942787e-9, 1.3504872024372393e-8, 0.7906904110125202, 3.7391752913340085e-9, 0.209307731876014, 0.20930790566435928, 0.04059361512630019, 1.1514647230031678e-7, 4.149676679025362e-9, 0.5813812230852639, 0.20930805490949372, 3.26622437256988e-9, 3.3721709825474985e-9, 3.772023523091119e-9, 6.190508830554114e-9, 7.487452337714251e-9, 2.407195197469971e-9, 0.20930805284944892, 1.1406261852894055e-8, 0.04059359677361461, 0.040591147660937625, 6.206865628006755e-9, 2.0766486669235932e-9, 2.9925840399131707e-9, 1.0507006662046032e-8, 3.448193965261175e-9, 0.20930774416649772, 0.2093079411190377, 0.040593461563822056, 0.20930744581613087, 6.0303024979814615e-9, 0.2093077439405478, 0.2093076153610286, 4.621307009498297e-9, 0.04059361367320786, 0.04059346223409882, 3.0058181495783576e-9, 3.743377375179242e-9, 0.040593451096142666, 1.6695500286669638e-8, 0.040593455954290245]
v_opt: [0.9594056688363616, 0.7906919688342077, 0.625193494626305, 0.04380994080369406, 0.0016476464213005992]
solution time: 0.01394200325012207
McCormick lower bound: -5.1453184550610205

