x_opt: [0.790840051466824, 0.314817172084786, 0.7908400149603853, 0.2091497517385234, 0.7908411348487705, 0.2091498568112456, 0.7908503737246299, 0.4707212663298596, 0.26667328476917124, 0.20915993110252862, 0.20915982371798433, 0.7333265772795937, 0.2091598710496832, 0.2091494714510962, 0.2091588404196854, 0.31481722862137074, 0.20914934285852518, 5.267872736806409e-8, 0.20914970652947648, 0.20914961923266437]
w_opt: [0.7908400022605133, 0.5816811900132899, 1.2215219459590873e-8, 7.898913455103621e-9, 0.524166634663871, 0.20915983273211863, 8.20524350865715e-9, 1.8206948672773305e-8, 0.2091493254072518, 3.5411971119206176e-8, 5.084686740299068e-9, 0.10565719208341606, 0.10565835586257998, 0.3148170944098017, 0.20915992682832604, 0.20914946195812323, 3.437538559615765e-8, 0.3148171668317697, 0.20914971995022777, 0.5816903923017205, 0.26156128703333303, 4.162961142712584e-8, 0.5241666286337984, 0.3148171494503042, 4.0148548724319604e-8, 4.701327210521447e-8, 0.20914970116463535, 3.6011671501519754e-8, 8.481429640046255e-9, 1.149609683362016e-7, 0.20914974041067672, 0.20914974035771147, 0.20914968441555115, 4.261712367960939e-9, 9.399223043081587e-7, 0.209149339271504, 7.101940602351685e-9, 1.1414903597259057e-8, 0.2666732808496574, 1.1123588793462926e-6, 1.0209105825826226e-6, 4.741554163880663e-9, 9.712159047577222e-8, 0.20914915469429932, 4.0023194902533765e-9, 0.2091498413482587, 0.2091498325290324, 1.702746952511943e-8, 0.2091498495570013, 0.20914944320187695, 9.681351152209434e-9, 0.20914985286751012, 6.641921912282263e-9, 3.810687213130821e-8, 0.20914969729150668, 2.6895961466480177e-8, 0.733326573469325, 1.104712528049017e-5, 1.545139339380271e-8, 2.025516522273368e-7, 2.209558316606665e-7, 0.2666732774121261, 8.135243243806835e-9, 0.20915882507275504, 0.20914933325303736, 0.20914969573752354, 1.975615640161161e-8, 3.84800347954091e-9, 6.231373670332426e-9, 0.20915986765206912, 9.846810979225642e-9, 6.962171488156428e-9, 8.896204323856014e-9, 9.147156866360531e-9, 1.1235156764361596e-8, 3.3502088719369504e-9, 0.20915986863779387, 3.0380688718485314e-8, 0.2091496856983791, 0.20915981971370412, 1.2665712536575536e-8, 4.894582573397171e-9, 3.6990241995128204e-9, 1.1397613571658982e-8, 6.597995239939247e-9, 0.2091588372008271, 0.20915977460698343, 0.2091496107615848, 0.20914930166849344, 1.3001200987033963e-8, 0.20915883360978277, 0.2091492943110584, 1.8867489911268412e-8, 0.20914970142736444, 0.20914961352192724, 6.846849674459073e-9, 5.378507237384143e-9, 0.209149290904299, 4.536668555417515e-8, 0.20914959022968022]
v_opt: [0.47072125830960554, 0.7908400078373985, 0.6254299433065169, 0.04374789467416331, 0.04374783231623556]
solution time: 0.01339101791381836
McCormick lower bound: -5.340434271110677

