x_opt: [0.7500982280385068, 0.2499017716554578, 0.7500982289281698, 1.3232103633930124e-8, 0.7500982244417241, 0.24983459981196313, 0.75016540216946, 0.6955890751264263, 0.45348841855492045, 0.2499017719540547, 0.24990175295913944, 0.5465115812115315, 0.2499017752748976, 0.24983459787469317, 0.2499017748596397, 0.2499017761845404, 1.3170061425059703e-8, 5.87262325480885e-10, 0.14563600549680053, 0.14563600473781635]
w_opt: [0.7500982279466886, 0.5001964525547393, 1.6957453699618441e-10, 1.800262598735205e-10, 0.29660980934720726, 0.24990177479024656, 1.5731217229003515e-10, 3.710340094254942e-9, 1.2940178864152879e-8, 3.58250051790866e-10, 1.150406823302147e-10, 6.592852471613695e-10, 7.783559521733911e-10, 0.24990177088246435, 0.24990177086815524, 0.2498345975963287, 9.746095204675603e-10, 0.24990177154553, 1.2891287344894679e-8, 0.5002636312278802, 0.4456873041706619, 3.2917601027825e-10, 0.2966098106079092, 0.24990177573736072, 4.722342881594772e-10, 4.820668165112351e-10, 0.14563600537166432, 3.2420713203772997e-10, 8.211448153120907e-11, 5.187908587440451e-10, 1.3010451431481684e-8, 1.3075259948934309e-8, 1.2192689501405116e-8, 1.1462781866980078e-10, 1.7702893373838553e-9, 1.2992224762344641e-8, 1.409154858769194e-10, 2.5956210312280257e-10, 0.45348841844895943, 5.722033904740197e-10, 1.1114432760676998e-10, 1.605678259637921e-10, 2.2680067953723733e-10, 1.1906863159500494e-8, 1.2018920196674053e-10, 0.2498345994435479, 0.24983459927256257, 2.3061264328033575e-10, 0.24983459966253274, 0.24983459735517835, 2.2052106854121445e-10, 0.2498345996948263, 1.4226500619590335e-10, 3.4318383096655346e-10, 0.14563600531262813, 2.523621086709274e-10, 0.5465115810383447, 6.718389739984298e-5, 2.0739258457889505e-10, 2.958330779747226e-10, 4.73504008700919e-10, 0.45348841842513965, 1.531231150935288e-10, 0.24990177448517012, 1.2928114304018745e-8, 0.14563600534602347, 1.4606845167544318e-10, 9.687609802787939e-11, 2.1328463896273816e-10, 0.2499017751787082, 2.6050842888739265e-10, 1.1527588388435484e-10, 1.8993953418129795e-10, 3.573587886802266e-10, 3.4367539769929016e-10, 1.200793221676898e-10, 0.24990177086222495, 1.9206106146603993e-10, 0.14563600438634278, 0.24990175292014918, 1.8153388941125012e-10, 1.4373028977947295e-10, 1.6800918990926949e-10, 2.2860268517989988e-10, 1.1161337486481163e-10, 0.24990177475223058, 0.24990177136874286, 0.1456360045799962, 1.2702599508120936e-8, 2.1818198530778917e-10, 0.24990177469097874, 1.2287595291624177e-8, 1.8130784826905075e-10, 0.14563600533822407, 0.14563600457827205, 1.1151645445858968e-10, 1.1533511224861757e-10, 1.2880629505484565e-8, 4.567664415037512e-10, 0.1456360046034535]
v_opt: [0.6955890750165216, 0.7500982287828916, 0.5626474223326603, 0.06245090197937188, 0.06245091845956797]
solution time: 0.014923810958862305
McCormick lower bound: -5.051522635305706

