x_opt: [0.7680038945058967, 0.2850292943438853, 0.7680039140396063, 6.991399951089176e-8, 0.7680039135854608, 0.2319952927204884, 0.7680047280490595, 0.5903295840383261, 0.41558606354468847, 0.23199607905581837, 0.23199603902312854, 0.5844139351733627, 0.23199608316696319, 0.23199527101089776, 0.23199608061866264, 0.28503309239689206, 6.882673604491189e-8, 4.382531687242259e-9, 0.23199526639657272, 0.23199524879665961]
w_opt: [0.7680038938224637, 0.5360078086738503, 1.0630326033394222e-9, 1.5452182965326574e-9, 0.35241783037927993, 0.23199607974662828, 1.276579304189384e-9, 5.3581292214116915e-9, 6.703106380786199e-8, 2.647000056795687e-9, 6.814646067449404e-10, 0.053033209063810365, 0.05303321625155089, 0.28502928811104317, 0.23199607825809232, 0.23199526939674892, 4.692667901664995e-9, 0.28502929345356165, 6.731825726607235e-8, 0.5360086427681626, 0.3583334989930016, 1.096537968369796e-9, 0.35241785248520724, 0.2850330877887022, 3.277454349529088e-9, 3.5458771520346067e-9, 0.23199526545500976, 2.8024736668327984e-9, 7.398025002791936e-10, 4.7785783288556155e-9, 6.823322037969465e-8, 6.883521095717827e-8, 6.38667055566355e-8, 6.79346879048159e-10, 1.4529793816986573e-8, 6.779951451037732e-8, 9.717980651178801e-10, 1.4512786560396505e-9, 0.4155860627958382, 9.143912535482044e-9, 1.2045364989530964e-9, 8.846618530876302e-10, 1.7956531852259722e-9, 5.976536379704919e-8, 7.953872555469839e-10, 0.23199529078335193, 0.23199528809268533, 2.1023737278202376e-9, 0.23199529159770113, 0.23199526783841376, 1.217970247071095e-9, 0.23199529202110145, 9.130740768369064e-10, 2.676257834124532e-9, 0.23199526544145316, 2.077885613975518e-9, 0.5844139342769348, 1.023784004652059e-6, 1.3574880682080165e-9, 3.6931500217160125e-9, 4.403219965203827e-9, 0.4155860624745023, 1.060951304886379e-9, 0.23199607795666113, 6.7163404702185e-8, 0.2319952652084629, 1.3923849843041193e-9, 5.525004411818796e-10, 1.0148829926079024e-9, 0.2319960824860332, 1.7107600537033025e-9, 8.153966065072794e-10, 1.2298987855899373e-9, 1.6669691529491671e-9, 1.8346937583144923e-9, 7.080608071101285e-10, 0.23199607798776312, 1.7398172046553748e-9, 0.23199525754444567, 0.2319960381331102, 1.2689491645498183e-9, 9.099381985033752e-10, 8.893959267788815e-10, 1.6833976098184985e-9, 7.637184755147961e-10, 0.23199607990467377, 0.23199606598189915, 0.23199524756256004, 6.503154972036955e-8, 1.4460819606130522e-9, 0.2319960793269729, 6.334953796049334e-8, 1.568824508880933e-9, 0.2319952652906699, 0.23199524799619803, 7.886593112970772e-10, 7.272249919095378e-10, 6.673107847682874e-8, 3.3734002719622764e-9, 0.23199524644850075]
v_opt: [0.5903295830372651, 0.7680039130320573, 0.5898301153681275, 0.05382233213138471, 0.0538222582912561]
solution time: 0.012272119522094727
McCormick lower bound: -4.772260367583543

