x_opt: [0.7494776373520795, 0.25052236321240356, 0.7494776374425526, 0.2505223521638379, 0.7494776367698671, 0.25052234974123133, 0.7494776477636564, 0.7047606704527274, 0.37700697617148315, 0.2505223626682251, 0.17790391455738816, 0.6608864787958968, 0.25052236292196695, 0.250522352240429, 0.2505223617156701, 0.2505223771878216, 0.25052235151331775, 2.2663972225759256e-10, 2.7730928828125824e-9, 2.0924241561514297e-9]
w_opt: [0.7494776372786113, 0.4989552742662944, 1.2868849171475036e-10, 6.457165193903835e-11, 0.41036411619498053, 0.2505223627041024, 4.4952653004592905e-11, 2.668794157824022e-10, 0.25052235142100276, 1.363306975110523e-10, 5.985280248406393e-11, 6.853214429642994e-10, 4.987546951728846e-10, 0.25052236291400953, 0.2505223626185076, 0.25052235209962675, 3.1151159068388123e-10, 0.2505223631766683, 0.2505223520275099, 0.49895528524345667, 0.45423830793177483, 2.521619337323806e-10, 0.4103641164624578, 0.25052237698729174, 1.6740643927352925e-10, 1.952363878609379e-10, 2.7387559161826725e-9, 1.1037777548948981e-10, 3.090140831439455e-11, 2.0656254363969096e-10, 0.2505223521093464, 0.2505223520887191, 0.25052235183671034, 3.8761713639152925e-11, 1.0749551245177048e-9, 0.2505223514761453, 4.4572126143500514e-11, 8.94697192832907e-11, 0.3770069761399315, 2.2205418088403572e-10, 4.1494082087139647e-11, 5.886540732286495e-11, 9.637764954096285e-11, 0.2505223508171016, 3.33152715658418e-11, 0.25052234949193114, 0.25052234958636443, 7.35670480134394e-11, 0.25052234966724196, 0.25052234952061625, 1.128295890410143e-10, 0.2505223496950061, 5.479685792285139e-11, 1.31005923070068e-10, 2.724643322509272e-9, 1.250350237972466e-10, 0.6608864787395812, 1.5998070546688218e-8, 7.537627229386731e-11, 1.0504535078472591e-10, 1.5557837280839065e-10, 0.3770069761313972, 5.403781556345996e-11, 0.25052236156990737, 0.25052235144626567, 2.7140931313233e-9, 5.7400050823900266e-11, 4.997606155415211e-11, 0.03789345522510275, 0.2505223628733819, 5.999881356973565e-11, 4.8237855784875587e-11, 6.000330505730908e-11, 9.290924998995514e-11, 9.984719765397119e-11, 3.569035317206396e-11, 0.25052236261870114, 9.257855159522945e-11, 2.482980126863688e-9, 0.1779039144596013, 7.473949893161966e-11, 3.687526403610451e-11, 4.445127625498331e-11, 1.0523612429587527e-10, 4.913309008695584e-11, 0.2505223616702848, 0.25052236171476894, 2.021283788871638e-9, 0.2505223512201331, 9.026438480006843e-11, 0.2505223616602927, 0.2505223512550832, 5.94425014831298e-11, 2.6893740582218802e-9, 2.032078439085369e-9, 4.4914736734104024e-11, 4.884848593631765e-11, 1.928720323948181e-9, 1.7970107630093594e-10, 1.9409936118608322e-9]
v_opt: [0.7047606704173053, 0.7494776373838328, 0.5617167321810337, 0.06276145538836428, 0.03164980325910843]
solution time: 0.013109922409057617
McCormick lower bound: -6.602305550636476

