x_opt: [0.6378544583795823, 0.36214639458853004, 0.6378544595204754, 1.234930200005574e-7, 0.6378544628967178, 0.15722316805952816, 0.8851953114095409, 0.36813287750052937, 0.36214554380431413, 0.36214553470040894, 0.23493614330554025, 0.6378544445835903, 0.3621455362461547, 0.11480469021565964, 0.3621455326778345, 0.3621464249894948, 1.2138839380757746e-7, 6.419228327165893e-9, 0.11480468420857357, 0.11480449236158201]
w_opt: [0.6378544560441735, 0.27570892236876193, 1.7845073623864772e-9, 1.5334924882991557e-9, 0.27570890414913846, 0.3621455318865774, 1.3448467700748245e-9, 6.619985890203597e-9, 1.1854583282848804e-7, 3.793536574409687e-9, 1.246371842676355e-9, 8.552058513001385e-7, 8.641706238880776e-7, 0.36214638507721747, 0.36214553365271807, 0.11480468749183195, 5.058120790235692e-9, 0.3621463931424253, 1.1999711851308644e-7, 0.5230497718311238, 0.0059873379982836854, 3.118438532925492e-9, 0.2757089087076619, 0.3621464179509321, 4.850968364083816e-9, 5.506390807468172e-9, 0.11480468310653248, 3.7248561802245128e-9, 1.1154278406527684e-9, 6.105623989377116e-9, 1.216007566957514e-7, 1.216771489439756e-7, 1.1694329770849471e-7, 8.691361021308898e-10, 2.2435159129107538e-8, 1.2006077460076292e-7, 1.336557002495791e-9, 1.926294826644369e-9, 0.3621455427000987, 1.2646270737006365e-8, 2.928527110347218e-9, 1.2035245308093786e-9, 3.611103417178981e-9, 1.0867870141069477e-7, 9.051704143961887e-10, 0.15722316463899844, 0.157223163344728, 2.7307658100270647e-9, 0.15722316611147016, 0.11480468589264672, 1.884544317797289e-9, 0.15722316711333695, 1.2050438465826553e-9, 3.9096669230935076e-9, 0.11480468312522536, 4.103062687330848e-9, 0.6378544433529288, 0.24734093732868928, 3.613313547538645e-9, 7.837993362812794e-9, 5.554966529578771e-9, 0.36214554255995285, 1.5289018724465924e-9, 0.3621455296494709, 1.1908983169392784e-7, 0.11480468214511565, 2.312631126953775e-9, 8.21427169770778e-10, 1.5088845796045254e-9, 0.362145535072451, 1.928243360118341e-9, 1.2621709165369302e-9, 1.6013211852276747e-9, 1.806320423469628e-9, 2.04607864854263e-9, 9.762316517243607e-10, 0.36214553327402715, 2.720625933398436e-9, 0.11480467592234374, 0.23493614236242422, 1.9226633474144728e-9, 1.1358377158653578e-9, 1.0372121545194785e-9, 3.829864494248157e-9, 1.263690490500171e-9, 0.36214553147599327, 0.3621455076948528, 0.11480449010609368, 1.1789197573045683e-7, 2.623071281534481e-9, 0.36214553089638146, 1.1517130144043103e-7, 2.071382789034135e-9, 0.11480468249454089, 0.1148044912662204, 1.269126838383697e-9, 1.0598990803530544e-9, 1.1669271293194367e-7, 5.090913920124695e-9, 0.11480449063017122]
v_opt: [0.3681328760914202, 0.6378544576188612, 0.40685833527541676, 0.13114939002530668, 0.05519512883364763]
solution time: 0.013604879379272461
McCormick lower bound: -7.318370674178328

