x_opt: [0.7728739175143342, 0.2271260771535796, 0.7728740329730285, 6.629470894821922e-7, 0.7728734398660281, 0.22712654954238165, 0.7728739213771624, 0.6269312467108799, 0.41957405040581375, 0.22712596394152793, 0.2271260121409894, 0.5804259488954963, 0.2271265567503774, 0.22712607732045123, 0.22712609605892412, 0.29519230770029525, 6.623019792806975e-7, 3.758101104687127e-9, 0.22712595444578354, 0.22712595191659637]
w_opt: [0.7728739169180742, 0.5457473573835928, 1.0007303962927653e-9, 1.006912613242307e-9, 0.3532998670024074, 0.22712655315294059, 1.523580274717818e-9, 1.9570622410215134e-8, 6.608708078623934e-7, 2.3078248113154803e-9, 6.537575327892121e-10, 1.1059820994199636e-7, 6.4803562626601624e-9, 0.22712607202324295, 0.22712596337597135, 0.22712607325817183, 5.882967922963747e-9, 0.2271260764727365, 6.606454365860478e-7, 0.5457479550044865, 0.39980528056657605, 1.954081613119222e-9, 0.3532999851031198, 0.29519230440393, 2.7204914958578865e-9, 3.035394294337279e-9, 0.2271259536730757, 2.084798409187856e-9, 5.386323843563943e-10, 3.734112159991456e-9, 6.616408788784824e-7, 6.61948162287978e-7, 6.571398748025303e-7, 6.956497859850616e-10, 1.5084623094936182e-8, 6.611012359271519e-7, 8.17117118130895e-10, 1.5216768068055804e-9, 0.4195740498536062, 4.225847913702489e-9, 7.10180879703672e-10, 8.717350355322457e-10, 1.104176332091646e-9, 6.520122810491565e-7, 7.248071458767681e-10, 0.2271265474925276, 0.22712654568234858, 1.5747164232653032e-9, 0.22712654843107666, 0.22712607471537224, 1.2784004191329938e-9, 0.22712654883386274, 9.466837315079996e-10, 2.2418946855465134e-9, 0.22712595338367106, 1.611556312598547e-9, 0.5804259479682194, 5.538293762464082e-7, 9.71605347783933e-10, 1.8644471185302466e-9, 4.315762627492126e-9, 0.4195740495227213, 8.940363818444837e-10, 0.22712609332916112, 6.610014540150963e-7, 0.22712595354625592, 9.686792138438045e-10, 6.237690773915826e-10, 2.921787647034558e-9, 0.22712655608307464, 1.4218020993521878e-9, 7.22753370685629e-10, 1.1110949474431372e-9, 2.0747933539366086e-9, 2.059082969023028e-9, 6.959520852993144e-10, 0.2271259631923042, 1.4533372670587396e-9, 0.22712594441899053, 0.22712601125103501, 1.145358573662847e-9, 7.910299466939898e-10, 1.0601805798817356e-9, 1.4250243911081284e-9, 6.752681307743966e-10, 0.22712609551215668, 0.22712654486444156, 0.22712595096878288, 6.581136338441923e-7, 1.1944562266656564e-9, 0.22712609509784787, 6.56887714000668e-7, 1.2225810125216807e-9, 0.2271259534359415, 0.22712595106917421, 6.721644610608288e-10, 7.159969400866832e-10, 6.595625357709335e-7, 2.917197371517795e-9, 0.22712595027230528]
v_opt: [0.626931246029756, 0.7728740321839848, 0.5973333556684807, 0.051586206408403654, 0.05158625561786928]
solution time: 0.014892101287841797
McCormick lower bound: -4.2824354432039495

