x_opt: [0.6420723127131769, 0.3579278301237258, 0.6420723178287782, 5.126613103666192e-8, 0.6420723055054423, 0.15347366169541357, 0.8807248246018646, 0.37400824676497463, 0.35792767935048525, 0.35792767866438785, 0.24547821628669203, 0.6420722816702582, 0.35792767918556195, 0.11927517397220237, 0.35792767845627227, 0.3579278345046994, 4.571352067730868e-8, 3.851623016383082e-9, 0.11927520017101759, 0.11927520166766013]
w_opt: [0.6420723120007755, 0.2841446189203096, 1.0852516662184222e-9, 1.021339428258702e-9, 0.284144595113415, 0.35792767636945794, 9.453941463248715e-10, 3.935628935450353e-9, 4.3945610002295436e-8, 2.2790154528852813e-9, 7.545065953332478e-10, 1.4867403608940792e-7, 1.4965525299012382e-7, 0.35792782171600984, 0.3579276778936162, 0.11927517214054345, 3.823198135946072e-9, 0.3579278286009607, 4.915417098979884e-8, 0.5227971430570711, 0.01608056518242414, 2.6474140650779683e-9, 0.28414460264040087, 0.3579278300173056, 3.3136988323115564e-9, 3.2503778921101253e-9, 0.11927519937290906, 2.8452061558817856e-9, 6.924315000909823e-10, 3.4215049482315765e-9, 4.987814299125667e-8, 5.020867738608989e-8, 4.708699471236104e-8, 5.821661501574645e-10, 9.203372853932486e-9, 4.491808147858879e-8, 8.915540146700109e-10, 1.299243104273222e-9, 0.3579276785533565, 5.877919153326892e-9, 9.322278020350871e-10, 8.137111118332459e-10, 1.6032537986876476e-9, 3.9790264049696024e-8, 6.712743316156715e-10, 0.1534736594224812, 0.15347365643292377, 1.944280089791869e-9, 0.1534736605014709, 0.11927516668261058, 1.2923103387344268e-9, 0.153473661078501, 7.927053349086377e-10, 2.3538785366123557e-9, 0.1192751993970848, 2.6563534935592997e-9, 0.6420722808181515, 0.23865268606774365, 1.3852157118158943e-9, 3.068775314977461e-8, 4.9718208211323294e-8, 0.35792767858427044, 1.0538728155018972e-9, 0.3579276768810985, 4.4031061475038565e-8, 0.1192751987861171, 1.4534637338947716e-9, 5.158421642297279e-10, 9.539139195795376e-10, 0.35792767798646163, 1.5816978512464232e-9, 7.998177953286798e-10, 1.093763042919967e-9, 1.3585931310089863e-9, 1.5186940171702085e-9, 7.091266102084301e-10, 0.3579276779198108, 1.6563553391826564e-9, 0.11927519401118987, 0.245478215653618, 1.2268043378356288e-9, 8.527167947792232e-10, 7.702294577744017e-10, 2.9673318384157823e-9, 7.90239888160345e-10, 0.357927677484582, 0.3579276584981682, 0.11927520026179332, 4.342406635201528e-8, 1.8535395448522888e-9, 0.3579276771650691, 4.148035895831799e-8, 1.3406947127163523e-9, 0.11927519912335699, 0.11927520095823632, 8.250109683837749e-10, 6.713566070603945e-10, 4.240278795502484e-8, 3.0156489340740717e-9, 0.11927519628272398]
v_opt: [0.37400824579158065, 0.642072316643337, 0.4122568602968095, 0.12811232807593817, 0.060259847713320235]
solution time: 0.012280941009521484
McCormick lower bound: -7.002842023562615

