x_opt: [0.7384502640280529, 0.33615777839676036, 0.7384502677201413, 0.17219930888338886, 0.7384502837229817, 0.17219926150792694, 0.8278007356267965, 0.4047611055610289, 0.261554205257271, 0.2615497300322999, 0.23264741612015832, 0.7384457945779919, 0.2615497298879039, 0.17219926101732794, 0.26154970185888543, 0.3361578576590529, 0.1721992696621862, 1.803877258630468e-8, 0.1721992593385764, 0.17219913787946917]
w_opt: [0.7384502569934778, 0.4769005508311694, 7.469744240121212e-9, 4.327581558372006e-9, 0.47689606226162146, 0.26154971530572685, 3.832654972096827e-9, 1.3975854198044527e-8, 0.17219926144265152, 1.0412152734696972e-8, 3.676917531518181e-9, 0.07460804938936165, 0.07460807988681131, 0.33615775630627603, 0.2615497263012588, 0.17219925287835947, 1.3286295915905503e-8, 0.3361577746015349, 0.1721992980153678, 0.566251005960451, 0.14321137642630538, 1.12593294378333e-8, 0.47689607612545676, 0.33615783744517785, 1.1993909796171354e-8, 1.5281860573108354e-8, 0.17219925623750798, 8.860843559434215e-9, 3.315475771650644e-9, 1.569618032434779e-8, 0.17219930390652738, 0.17219930306731362, 0.17219929044600135, 2.6494184527862996e-9, 7.081494141349365e-8, 0.17219926695990273, 3.7087424186377896e-9, 5.7151730009441646e-9, 0.2615542024463118, 3.882176054882283e-8, 1.76270331701458e-8, 3.5694724297471573e-9, 9.34874116294177e-9, 0.17219922634753068, 2.5542091942519465e-9, 0.1721992509057037, 0.17219924840654002, 7.352197097448439e-9, 0.17219925532705077, 0.17219924027591382, 5.46791108969719e-9, 0.17219925841248668, 3.730225527802922e-9, 1.0691423096538011e-8, 0.17219925543859121, 9.767894507176751e-9, 0.7384457909780353, 0.08935050931347452, 5.928036526723279e-9, 1.2519595590974698e-8, 1.0381301180436519e-8, 0.26155420141618646, 4.2418137065979576e-9, 0.2615496910854608, 0.17219926386151305, 0.1721992537449379, 6.4500722229074185e-9, 2.7079382733328075e-9, 7.475951483945433e-9, 0.2615497266826567, 4.83608831460898e-9, 3.831569696706863e-9, 4.43100714279032e-9, 5.190245445526622e-9, 5.57117601401876e-9, 2.4481085193399258e-9, 0.26154972355892725, 8.512651731885432e-9, 0.1721992356904156, 0.23264741319654508, 5.187969134784753e-9, 2.9815415856532927e-9, 2.7245730361161407e-9, 7.472376386609756e-9, 3.6669191798553493e-9, 0.2615496981502226, 0.26154966681603925, 0.17219913133586168, 0.17219925534665076, 6.671790040747765e-9, 0.2615496964892085, 0.17219925183671397, 5.620844699758122e-9, 0.172199253439874, 0.17219913476211016, 3.595087765428759e-9, 3.2868983476624982e-9, 0.1721991303801908, 1.3948045148275015e-8, 0.17219913116167657]
v_opt: [0.40476110178175495, 0.7384502625137965, 0.5453089638979235, 0.06840833150161482, 0.05412523282798891]
solution time: 0.013682842254638672
McCormick lower bound: -6.431947798002425

