x_opt: [0.7908443964013889, 0.3148163940093855, 0.7908445873037487, 0.20915264664929456, 0.790844442984601, 0.20915297874979416, 0.7908470102888031, 0.4707261230552378, 0.2666751807319114, 0.20915558059851314, 0.20915500157278988, 0.7333246235565986, 0.2091555209525167, 0.209152927358112, 0.20915528193662664, 0.31481646041038575, 0.20915232574177667, 5.5665415667402524e-8, 0.20915264073883325, 0.20915271039140743]
w_opt: [0.7908443661237158, 0.5816888458346547, 3.0213598633979577e-8, 1.409886108811366e-8, 0.5241690307349072, 0.2091554484269663, 1.600839184417692e-8, 7.12077462949934e-8, 0.20915229972560465, 3.402392241082524e-8, 1.1718605831697095e-8, 0.10566099243361099, 0.10566099709715772, 0.3148162852969535, 0.2091555715552282, 0.20915290503837086, 5.83113916896346e-8, 0.3148163823084466, 0.20915260540545536, 0.5816916044249245, 0.2615707213355186, 2.331696770389188e-7, 0.5241692683287343, 0.31481635982162426, 6.005521038209996e-8, 4.756929579066193e-8, 0.20915263189030542, 7.501096345428895e-8, 1.1744152338662723e-8, 8.979158260716416e-8, 0.20915263118501573, 0.20915263242025697, 0.209152553623339, 8.178840131072272e-9, 3.198894848782627e-7, 0.20915231969049364, 1.1266659354539429e-8, 1.9056351589400053e-8, 0.26667517516514594, 2.4797859793572595e-7, 8.407669616855906e-8, 1.0670507825266333e-8, 2.9962396118271946e-8, 0.20915214164484056, 8.967983969239177e-9, 0.20915294821347924, 0.20915291964422816, 3.0711574231234734e-8, 0.20915296086226842, 0.20915279127323527, 1.9144153943189744e-8, 0.2091529709080124, 1.3562239661302596e-8, 3.546210767624262e-8, 0.20915262995618236, 4.435915611445386e-8, 0.7333246155705668, 3.337816061809313e-6, 2.6145550454882908e-8, 5.5646269369422055e-8, 1.328851145604108e-7, 0.26667516800247676, 1.4316361161389892e-8, 0.20915524191481166, 0.20915230997462042, 0.20915262462128262, 3.15022968403227e-8, 9.033003926776953e-9, 2.0460607880833682e-8, 0.2091555116316574, 1.6963626014221933e-8, 1.2837770716846668e-8, 1.3832264567375854e-8, 1.8770939277572664e-8, 2.201178691336033e-8, 7.333988568254156e-9, 0.2091555074836784, 4.81851035491631e-8, 0.20915256933400503, 0.2091549934992107, 1.826518309182135e-8, 9.158598815587438e-9, 8.719133774796753e-9, 2.5324954446303396e-8, 1.1434383658799259e-8, 0.20915527374974757, 0.20915525000134863, 0.20915269176018603, 0.2091522113875677, 2.146954974588313e-8, 0.209155264925623, 0.20915225236287124, 2.080593607460673e-8, 0.2091526233097921, 0.20915270056975288, 1.186321947088669e-8, 9.90845124336001e-9, 0.209152185509089, 4.492273928223603e-8, 0.20915257564029616]
v_opt: [0.4707261119338409, 0.790844574551996, 0.6254349636753771, 0.04374609398799768, 0.043745857088228576]
solution time: 0.015558958053588867
McCormick lower bound: -5.185656705537989

