x_opt: [0.6353513625658116, 0.36464854073244923, 0.6353515101563357, 9.668664452813743e-7, 0.6353514402244288, 0.1594504535350445, 0.8878502832089806, 0.3646485467503331, 0.36464854372147826, 0.36464850953192135, 0.22868247493165805, 0.6353512923850339, 0.3646485351648268, 0.11214974771062187, 0.3646485144681408, 0.364648531404387, 9.627617056148814e-7, 2.2523855162872287e-8, 0.11214960412779766, 0.11214964096529195]
w_opt: [0.6353513545820215, 0.2707028053162897, 4.763709932087276e-9, 5.9957780104124684e-9, 0.2707026587413253, 0.36464852064439446, 5.520395941146794e-9, 2.3216579345686372e-8, 9.530176339856608e-7, 1.4027874742186459e-8, 4.922204253340522e-9, 5.679623122803357e-8, 1.0243831631132033e-7, 0.364648479492441, 0.36464850494036893, 0.1121497389652089, 1.822871502725426e-8, 0.36464852221525057, 9.54103324589449e-7, 0.523201796641883, 6.018869739445016e-8, 2.9252049642349125e-8, 0.27070281671426094, 0.36464851400063225, 2.5628130693931733e-8, 1.9578522169741703e-8, 0.11214960031919124, 4.412669231365024e-8, 3.467860036402561e-9, 2.9982444507608825e-8, 9.582467997786694e-7, 9.594519673264446e-7, 9.195604643091952e-7, 3.187400752830088e-9, 1.5682390766913055e-7, 9.570828784327013e-7, 5.342259710175977e-9, 6.9743389661905e-9, 0.3646485393350892, 3.147131444916363e-8, 9.384448408121369e-9, 5.394495618233345e-9, 1.8120634602951857e-8, 9.059516616154331e-7, 3.191162714311683e-9, 0.1594504409287529, 0.15945043763962227, 8.23804406381186e-9, 0.15945044736814604, 0.11214972041756709, 6.313739682597494e-9, 0.15945045047868434, 4.250800412933821e-9, 1.4226385165956205e-8, 0.11214960018766483, 1.7807694729291104e-8, 0.6353512876996084, 0.2525023027725614, 3.601115726194767e-8, 2.13490492299514e-8, 6.974831506810799e-8, 0.3646485388068207, 5.701165766855266e-9, 0.36464850392213893, 9.52607554323454e-7, 0.11214959835270993, 7.78483216893806e-9, 2.743321058048842e-9, 4.192011309718261e-9, 0.3646485315962272, 7.91445435131346e-9, 4.231066931597998e-9, 6.243906574044025e-9, 8.664425116803022e-9, 8.282467452386368e-9, 3.5489559057194626e-9, 0.36464850700345747, 8.74293677288365e-9, 0.11214958127401548, 0.2286824718015315, 6.908781239334267e-9, 4.912229445644053e-9, 3.682810734604153e-9, 8.858554020515757e-9, 4.253913690783752e-9, 0.36464850984468394, 0.3646483097661953, 0.11214963344032096, 9.492209321142854e-7, 1.2694622401755563e-8, 0.3646485047941213, 9.284507983793404e-7, 7.008035383573735e-9, 0.11214959912764673, 0.11214963065237023, 4.563393981912246e-9, 3.601287430579897e-9, 9.52986896700148e-7, 1.8511626606684272e-8, 0.11214958119541245]
v_opt: [0.36464854196803104, 0.6353515038507106, 0.40367150158972415, 0.13296854909962713, 0.05229567562953871]
solution time: 0.012871026992797852
McCormick lower bound: -7.767974811803133

