x_opt: [0.6803454268208785, 0.2570180185472639, 0.8374057022798138, 5.643835257523167e-6, 0.7429814943003594, 0.2570179469890896, 0.7429821995067952, 0.8211754730003266, 0.5759782971906307, 0.16259428982112453, 0.17882449903362932, 0.42402167765028226, 0.2570182488472578, 0.2570177818224732, 0.16259437535841811, 0.2570180961399171, 5.250911055635493e-6, 3.046878130815271e-8, 0.16259421533806737, 0.16259421894589568]
w_opt: [0.6803454201792893, 0.4233269239481629, 1.2783296883837989e-8, 6.467029927184737e-9, 0.10436710870253932, 0.25701821600239083, 1.0955967655926083e-8, 4.016558536425534e-8, 5.240639429732684e-6, 2.0465948817562966e-8, 4.7814559895252015e-9, 0.09442372442908617, 5.369929366711659e-7, 0.25701796121978404, 0.16259428446780375, 0.25701775573279606, 9.166633462552998e-8, 0.25701800628317006, 5.621897372984114e-6, 0.5803879062321793, 0.6585811864221646, 3.086741994015889e-8, 0.26142741305822076, 0.25701806036803326, 4.743418903505827e-8, 2.3133074783309232e-8, 0.1625942088625492, 6.003470602114804e-8, 4.573243532554395e-9, 8.798359982971976e-8, 5.6318103311639325e-6, 5.6326309872903205e-6, 5.597360404409476e-6, 5.336499417628773e-9, 3.603085358513222e-7, 5.242065239744354e-6, 5.76506869115147e-9, 1.1817898255438251e-8, 0.5759782934165842, 6.034867244576637e-8, 6.495421223727155e-9, 7.317434263116278e-9, 7.452697193677015e-9, 5.138463832445099e-6, 5.6572976854448435e-9, 0.2570179343361693, 0.2570179004426134, 1.7949252891674348e-8, 0.25701794064796696, 0.25701776947365457, 9.78101327648203e-9, 0.2570179409117061, 7.7002881572904e-9, 2.0241523341681967e-8, 0.16259420735226385, 1.5280690068924265e-8, 0.424021671911884, 3.7364329831680296e-6, 8.61900262675307e-9, 1.711668093357336e-8, 6.84414811943952e-8, 0.5759782879524901, 8.652754996224327e-9, 0.16259434773849152, 5.241613835825471e-6, 0.16259420867577762, 7.748187542416303e-9, 4.2927296589875504e-9, 1.6119026882167214e-8, 0.25701823962057024, 1.2401902162366577e-8, 5.324875190720188e-9, 8.318771149819932e-9, 1.8768562710800536e-8, 2.1723819899400384e-8, 5.704620425357826e-9, 0.1625942828979664, 1.690399718618048e-8, 0.16259394881725564, 0.17882449043825438, 9.13876658717442e-9, 6.133047633625065e-9, 9.19238232032113e-9, 1.0112368145058829e-8, 4.6275509884953265e-9, 0.16259437143183159, 0.25701789258656105, 0.16259421205446573, 5.17634193397505e-6, 8.489209749446819e-9, 0.1625943672985226, 5.166910880527009e-6, 1.1815837752412216e-8, 0.16259420738869237, 0.162594212737264, 4.864723601828435e-9, 5.0845056674207224e-9, 5.219681533400345e-6, 2.3922059247428564e-8, 0.16259419128272742]
v_opt: [0.8211754673821844, 0.8374056971084483, 0.5520215768036065, 0.026436938940625074, 0.03197821173420441]
solution time: 0.012820959091186523
McCormick lower bound: -3.3836862902303477

