x_opt: [0.2867994441707742, 0.11895988616985563, 0.8963129657712863, 0.10368704960719255, 0.879054508164187, 0.12094549195865589, 0.8790545194037265, 0.8790685385033291, 0.8790545073194675, 0.10368700146388683, 0.12093129448070264, 0.7132006271676571, 0.12094549204554655, 0.1209454774940953, 0.10368704521023993, 0.39402755146812685, 0.10368704803785345, 6.264978430106135e-9, 0.10368703349655918, 0.10368703287879708]
w_opt: [0.2867994432470262, 0.16585395305095385, 1.6600322295276777e-9, 1.5349166802546546e-9, 7.225967711549663e-8, 0.12094548438759893, 1.7539552368627838e-9, 7.801887371137987e-9, 0.1036870459719207, 3.971420220728704e-9, 1.000744605491862e-9, 0.01527285260371845, 3.5607544601775375e-9, 0.11895987933124992, 0.10368700006361299, 0.1189598836279186, 1.9237739641228038e-8, 0.11895988529340205, 0.10368704573302917, 0.775367486281868, 0.7753815061252189, 2.319554344328747e-9, 0.6095135990703471, 0.3940275469565069, 1.8719859098541765e-8, 4.88747726545276e-9, 0.10368703227775493, 5.1455690142516306e-9, 7.819535304809604e-10, 6.819905806564867e-9, 0.10368704777988175, 0.10368704809181767, 0.10368698648844184, 1.3066006963472728e-9, 3.769151997382607e-8, 0.10368704651772445, 1.2051773724223048e-9, 2.6993812727196436e-9, 0.8790545062615863, 5.340426664301554e-9, 1.1263389653560002e-9, 2.0284638470484143e-9, 1.7054110983991918e-9, 0.10368702115481895, 1.1600168973065466e-9, 0.12094548815036524, 0.12094548573127775, 2.2620663427448397e-9, 0.12094548974291519, 0.12094546646432108, 2.201965893626047e-9, 0.12094549047977181, 1.7107536805837852e-9, 3.777567253628677e-9, 0.10368703150780588, 2.1850047399152324e-9, 0.713200625582195, 3.8443490356509396e-7, 1.08230430204827e-9, 2.129681219243878e-9, 4.856328204284573e-9, 0.8790545058468919, 1.2961205048521761e-9, 0.10368703915027619, 0.1036870463634686, 0.10368703227623854, 1.4174415243419589e-9, 1.2536258474116326e-9, 0.5922551367230953, 0.12094549069946058, 1.8949754342542243e-9, 1.1131578893629475e-9, 1.8057925633037201e-9, 4.774646168542802e-9, 4.188689049856408e-9, 1.1777577470467472e-9, 0.10368699940461364, 2.2689673220372593e-9, 0.10368696083392044, 0.12093129254167242, 1.8198828936094836e-9, 1.1377865424733684e-9, 2.713642542363116e-9, 2.2550903680431724e-9, 1.0242595045774833e-9, 0.10368704416759789, 0.12094547129273077, 0.10368703155436523, 0.10368703964865147, 1.6387876762715821e-9, 0.10368704365879784, 0.10368702303703113, 1.8569696839899126e-9, 0.10368703117573942, 0.10368703085396012, 9.646805287199373e-10, 1.2886449562852534e-9, 0.1036870285949673, 4.82076299053957e-9, 0.10368703087220348]
v_opt: [0.879068537572034, 0.8963129647007002, 0.7727371965910449, 0.010750997955973694, 0.014625410120677883]
solution time: 0.014971017837524414
McCormick lower bound: -3.6033715242093765

