x_opt: [0.790255013857246, 0.3175572629496837, 0.7902550298412647, 0.20974410593966833, 0.7902549822136876, 0.2097444889758231, 0.7902554894262493, 0.46742729420279594, 0.26838694696197624, 0.20974499341826655, 0.20198206282871065, 0.7316131058788699, 0.20974500771002666, 0.2097445051193774, 0.20974393196669563, 0.31755742229914014, 0.20974406837860116, 4.087061417363204e-8, 0.20974242172808544, 0.20974236630296095]
w_opt: [0.7902549937068019, 0.5805100010181639, 2.4863569261917465e-8, 8.304675567231342e-9, 0.5218681275708685, 0.20974496505821755, 9.47005934769389e-9, 3.981375240642794e-8, 0.20974405225930243, 2.7130112312557157e-8, 8.738098232800567e-9, 0.10781229831737209, 0.10781228814075443, 0.3175572009721118, 0.20974498672259226, 0.20974448705569523, 4.981811836973815e-8, 0.3175572574053797, 0.2097440822169481, 0.5805105238511554, 0.25768233029927073, 6.818319441254005e-8, 0.5218681793042871, 0.31755736412603314, 4.1891067736593264e-8, 3.5554288248111e-8, 0.2097424167620127, 3.048413343446131e-8, 5.74800821641645e-9, 6.156879251191627e-8, 0.2097440980037545, 0.20974409641753675, 0.20974404327233917, 5.063861303498572e-9, 2.3806336901303403e-7, 0.20974406367020515, 6.139613360225986e-9, 1.3325758603515573e-8, 0.26838694312883093, 1.0782137018076304e-7, 1.5044973187095332e-8, 7.6770322486019e-9, 1.8487105495508698e-8, 0.2097439547003762, 5.690582394923408e-9, 0.20974446204311273, 0.20974444799929892, 2.044964214633672e-8, 0.20974447859206904, 0.20974442270603982, 1.764571270083682e-8, 0.20974448320448266, 8.544826921750338e-9, 2.6926678174222088e-8, 0.20974241611459374, 3.0770743625929236e-8, 0.7316130994744217, 1.3028725277328671e-6, 1.694341774878226e-8, 2.4300633144644527e-8, 5.0710866671859784e-8, 0.2683869404910041, 9.198352566843746e-9, 0.2097439023743664, 0.2097440593145021, 0.20974241074092406, 1.580979833439552e-8, 6.572042583321449e-9, 9.16589390231631e-8, 0.20974499898141638, 9.029498237683031e-9, 8.15086841831032e-9, 9.025524928057748e-9, 1.3334757824057945e-8, 1.6673824879187487e-8, 4.430871475222955e-9, 0.2097449829075392, 3.0506340961388415e-8, 0.20974237666568696, 0.20198205787192564, 1.2811749328763674e-8, 4.627978560859524e-9, 5.6725930920285745e-9, 2.457915221284574e-8, 8.106212519953591e-9, 0.20974392580678666, 0.20974492734548625, 0.20974235397288354, 0.20974403513124265, 1.580811237482697e-8, 0.2097439222672032, 0.20974387708917056, 1.1758744906387872e-8, 0.2097424065581924, 0.20974235652961348, 7.42396282568668e-9, 6.867638988669789e-9, 0.20974231196667176, 3.35007366788085e-8, 0.20974234260891467]
v_opt: [0.4674272877073075, 0.7902550222136564, 0.6245032803930554, 0.04399332095029101, 0.04079678681303296]
solution time: 0.01414799690246582
McCormick lower bound: -5.658432379830519

