x_opt: [0.7898835026378602, 0.31928719309439857, 0.7898835043425827, 0.2101164893874358, 0.7898835023617504, 0.21011649428643445, 0.7898835053021316, 0.4653417843762351, 0.2694640858026832, 0.21011649613332153, 0.1974599403203112, 0.7305359159813892, 0.21011649684741251, 0.21011649425516848, 0.21011648481015907, 0.31928720001414745, 0.2101164879711591, 1.5057601638314285e-9, 0.21011647950793838, 0.21011647834358632]
w_opt: [0.7898835022309348, 0.57976700523499, 6.145628083781043e-10, 3.5150382638772106e-10, 0.5204194189426139, 0.21011649531762905, 3.7227837533321377e-10, 1.0884883448240088e-9, 0.21011648728734295, 8.762697332541783e-10, 3.108688982835587e-10, 0.10917069771950363, 0.10917069726280082, 0.31928719128034705, 0.2101164957608676, 0.21011649359234488, 1.1986445141606278e-9, 0.31928719281816736, 0.21011648839825592, 0.5797670098586409, 0.2552252890175285, 1.5810343847347032e-9, 0.5204194216572063, 0.31928719818212853, 1.1383265782722499e-9, 1.2485852530843822e-9, 0.21011647924989785, 7.873477410337822e-10, 3.000358196220617e-10, 1.4858865242003958e-9, 0.21011648899316207, 0.21011648888198203, 0.2101164872552883, 2.335292032111212e-10, 6.839722019050854e-9, 0.21011648771585648, 2.882410922945642e-10, 4.887926277645476e-10, 0.2694640855948209, 2.452742086474142e-9, 5.912119787056842e-10, 3.2568692976264353e-10, 5.934144169106427e-10, 0.21011648351857207, 2.1858470103905314e-10, 0.2101164933556274, 0.21011649306749408, 6.657640496101457e-10, 0.2101164936568544, 0.21011649238540384, 4.685047732282995e-10, 0.21011649400002563, 3.4197447901083706e-10, 8.941581700849358e-10, 0.21011647923103483, 8.201887497811808e-10, 0.7305359156839897, 3.9530911103952337e-8, 4.972511028188165e-10, 6.462446584855205e-10, 1.3377869862287961e-9, 0.2694640854703116, 3.562868159938734e-10, 0.2101164837580483, 0.21011648754768933, 0.21011647907113085, 5.777746536989321e-10, 2.6031622437676803e-10, 2.3955011166390906e-9, 0.21011649650333322, 3.7037117363132855e-10, 3.3070489863251165e-10, 3.570752257353279e-10, 4.566006226961093e-10, 4.94518137175524e-10, 2.124584476619395e-10, 0.21011649569997576, 8.773584986150998e-10, 0.21011647707084352, 0.1974599398896785, 4.401625664625492e-10, 2.3306614952897846e-10, 2.596092400268048e-10, 7.546050894377546e-10, 3.0398758610872415e-10, 0.21011648448309847, 0.210116492305668, 0.21011647780112525, 0.21011648665833604, 5.14395917747477e-10, 0.21011648432486751, 0.21011648253522006, 4.78678192017744e-10, 0.21011647884490142, 0.2101164780586946, 2.925724123514517e-10, 2.8947268535195677e-10, 0.21011647711421677, 1.1388409279858346e-9, 0.2101164777456029]
v_opt: [0.46534178406719434, 0.7898835039508334, 0.6239159935153015, 0.04414899274330193, 0.03899043170709545]
solution time: 0.013263940811157227
McCormick lower bound: -5.283726405547547

