x_opt: [0.59248025071443, 0.20039813936690973, 0.8476623389102969, 0.1523376742512455, 0.8476623251540594, 0.15233763293216532, 0.8476623334616157, 0.9127348129075697, 0.8476623228989542, 0.15233765740737487, 0.08726518047296887, 0.8310072900026287, 0.15233765487777023, 0.15233766445102145, 0.15233761433513307, 0.2003981442938225, 0.15233766418917805, 2.687417183044965e-9, 0.15233761261910447, 0.08726518931747494]
w_opt: [0.5924802501144354, 0.44014257629818343, 8.448586387286656e-10, 6.178161691092613e-10, 0.42348754127706567, 0.15233765113954537, 6.288015063592254e-10, 1.7327453013154616e-9, 0.15233766307983676, 1.5492084053651892e-9, 5.372556984601377e-10, 0.04806047873631593, 0.048060467736135024, 0.20039813674295734, 0.1523376565995439, 0.15233766329267462, 2.2307143508936522e-9, 0.20039813893314096, 0.15233767247488464, 0.6953246727738642, 0.760397152518185, 1.8653044671180916e-9, 0.6786696316050073, 0.20039814146906448, 5.103417955708512e-9, 2.1511231941925735e-9, 0.15233761216183023, 1.0307343313493552e-9, 7.581454184659164e-10, 2.3328414554027947e-9, 0.15233767363063785, 0.15233767331473075, 0.15233765445521272, 4.692386957903363e-10, 1.0414580936777242e-8, 0.15233766378037644, 4.708816279996998e-10, 9.048849475261503e-10, 0.8476623225437925, 2.8294429339851876e-9, 7.020770027911489e-10, 6.139754270614356e-10, 9.961935435149197e-10, 0.15233765469044222, 3.879827398767058e-10, 0.1523376310463863, 0.15233763077970422, 1.0871094630012984e-9, 0.15233763192051902, 0.15233763139338427, 8.595074729288097e-10, 0.1523376322725549, 7.004090181844749e-10, 1.5512007421855375e-9, 0.152337612056833, 1.1558921971656781e-9, 0.8310072894497158, 5.728623457640518e-8, 6.133946939601509e-10, 8.588925587695299e-10, 1.921838359905944e-9, 0.8476623222705016, 6.606820319219914e-10, 0.1523376118960401, 0.15233766356289885, 0.152337611953024, 3.4265504209264623e-9, 6.166938945477729e-10, 0.6786696138715734, 0.15233765396126048, 5.809105768477424e-10, 6.25164397397134e-10, 6.224359056681217e-10, 9.140002138553092e-10, 9.169123948251443e-10, 3.946882635057206e-10, 0.15233765392992593, 1.6335136019498206e-9, 0.15233760765938517, 0.08726517980956841, 7.530638924885969e-10, 3.8075624298043725e-10, 5.800026286289461e-10, 1.3501467254561336e-9, 5.253820851586766e-10, 0.152337613564852, 0.15233764775531214, 0.0872651884700893, 0.1523376593789659, 7.690598806992519e-10, 0.15233761346248806, 0.15233761151049088, 8.123674787978428e-10, 0.15233761063416354, 0.08726518876699713, 4.781978402987302e-10, 5.827149718448609e-10, 0.08726518752329175, 1.9643851044230925e-9, 0.08726518883122567]
v_opt: [0.9127348124357062, 0.8476623383104476, 0.7185314213060917, 0.023206762317328506, 0.007615253173117286]
solution time: 0.01491093635559082
McCormick lower bound: -4.304325736438896

