x_opt: [0.6143282889514946, 0.26203250089451624, 0.8937983000266406, 0.10620171338238933, 0.7379675073446373, 0.2620319862265102, 0.7379675268654772, 0.893798259462613, 0.6143282878580274, 0.10620159662443855, 0.10620173926843157, 0.38567171240813697, 0.2620319863763435, 0.26203245804869923, 0.10620171618130397, 0.2726409233779989, 0.10620170949056974, 2.3556203778627305e-9, 0.10620171551622569, 0.1062017126339113]
w_opt: [0.6143282885593814, 0.3522957965460057, 6.727216070156854e-10, 4.697713033648633e-10, 1.8293088661618645e-9, 0.26203198324456023, 9.145212682897201e-10, 2.1478538148519784e-9, 0.10620170860791063, 1.4402881936700442e-9, 3.0241715334162914e-10, 0.15583080129136506, 3.305982896176326e-8, 0.2620324983570281, 0.10620159589142657, 0.2620324572696973, 2.8916126085790434e-9, 0.26203250046112103, 0.10620171163863035, 0.6317658272547829, 0.787596560829312, 1.134416085815577e-9, 0.27947001463947274, 0.27264092079615815, 1.1317405824334405e-8, 1.542282988973612e-9, 0.10620171494831072, 1.3788677298880113e-8, 4.4428203623056817e-10, 3.3195234305969505e-9, 0.10620171256751851, 0.10620171278479747, 0.10620159297465213, 4.3953806547640876e-10, 1.3990122020099722e-8, 0.1062017090232223, 4.489522833188037e-10, 7.986307564671329e-10, 0.6143282875725629, 4.36809566706926e-9, 4.5565755959937486e-10, 4.556589193910224e-10, 6.671055182498882e-10, 0.10620170097579026, 4.284766722431575e-10, 0.26203198526652854, 0.26203198309775655, 1.2359056593847073e-9, 0.26203198494264174, 0.2620319849575229, 5.853058876562135e-10, 0.26203198572145714, 6.142413472865975e-10, 1.4297216194682425e-9, 0.10620171492288057, 8.447818140924629e-10, 0.3856717119578596, 6.635273431947857e-8, 4.72177647109249e-10, 7.52696042488942e-10, 2.7524580630335094e-9, 0.6143282870008261, 8.369324612871891e-10, 0.10620171342520698, 0.10620170887134352, 0.10620171500607742, 1.0816009409249423e-9, 3.6657687139155323e-10, 4.2415192036283564e-9, 0.26203198576665343, 6.861531334172773e-10, 4.4165268039171176e-10, 6.162049564402019e-10, 1.075214804286586e-9, 1.1231343914485003e-9, 3.9529505856364883e-10, 0.10620159573527958, 1.284899989335487e-9, 0.10620158906653614, 0.10620173803860299, 6.205098474733962e-10, 4.0505516396674565e-10, 7.959101474004092e-10, 8.643676169819105e-10, 3.689944808656512e-10, 0.10620171573777425, 0.2620319802517395, 0.10620171209929574, 0.10620170382514749, 5.498969522599577e-10, 0.10620171534463906, 0.10620170478439116, 9.109755905175782e-10, 0.10620171421293215, 0.10620171213257873, 3.6666463515836385e-10, 4.3786798117082944e-10, 0.1062017076048785, 1.6623518006951443e-9, 0.10620171209238952]
v_opt: [0.893798258976602, 0.8937982996193113, 0.5445960639586572, 0.011278779196406508, 0.011278809581885416]
solution time: 0.012819766998291016
McCormick lower bound: -2.975169363528738

