x_opt: [0.33751280106753767, 0.11452535732710097, 0.8854754227670399, 0.11452488128155787, 0.885474667296214, 0.11452473538550398, 0.8854746828907497, 0.8854755801649381, 0.8854746630845239, 0.11452458287631737, 0.1145243734846837, 0.7638172493247123, 0.11452473714286156, 0.11452529575407058, 0.11452441654492453, 0.3745355322763224, 0.11452484653343302, 1.015374034743879e-8, 0.11452440951213126, 0.11452440704678905]
w_opt: [0.3375127982160977, 0.22298746944617356, 4.627672130711552e-9, 2.0952241399214637e-9, 0.10133005221640339, 0.11452472116707792, 2.820861903511107e-9, 1.0957045446607189e-8, 0.11452484290986487, 6.4307079201613075e-9, 1.6085356066831253e-9, 7.814613193988069e-7, 4.8464664167953904e-8, 0.11452534484338689, 0.11452458075773381, 0.11452528988972638, 1.5533875429299652e-8, 0.11452535538976621, 0.11452487395993993, 0.7709501070113983, 0.770951006318665, 2.0509718091981583e-8, 0.649292684111862, 0.3745355197143107, 2.770702680176009e-7, 8.098814330094999e-9, 0.11452440784703037, 4.929928854454367e-9, 1.6097155693871518e-9, 1.4555264276425674e-8, 0.11452487891240898, 0.11452487827862232, 0.11452456854661802, 1.7215761536675966e-9, 6.14354131804144e-8, 0.11452484517484893, 1.6151098507191518e-9, 3.470366896387421e-9, 0.8854746618884157, 1.573984250218965e-8, 2.07856370964931e-9, 2.374796278035429e-9, 3.649380326650802e-9, 0.11452480147324348, 1.6181770744928305e-9, 0.11452472940293325, 0.11452472295089232, 4.993419963135034e-9, 0.11452473022949773, 0.11452472733473973, 3.852825548539253e-9, 0.1145247332326782, 2.7682789362882414e-9, 6.317364686830337e-9, 0.11452440744041038, 4.948694549366857e-9, 0.7638172471182524, 3.3073308634155335e-7, 2.060997047041626e-9, 3.96592152016717e-9, 1.176684020435017e-8, 0.8854746605328294, 2.4149482820492085e-9, 0.11452440413092947, 0.11452484437076225, 0.11452440740471408, 4.920791480294367e-9, 2.0640538464080006e-9, 0.649291921868196, 0.11452473328861056, 2.394705595174521e-9, 2.046253196820012e-9, 2.2868431767293535e-9, 4.617046292704069e-9, 4.702936583866274e-9, 1.3841635743991606e-9, 0.11452457998107327, 7.148048949872006e-9, 0.11452438703385062, 0.11452437004102826, 3.0411235900884575e-9, 1.371204100329658e-9, 2.6465089281741566e-9, 4.742770377844885e-9, 1.735054982923746e-9, 0.11452441452391562, 0.1145246941895882, 0.11452440456017499, 0.11452483238289077, 2.5798133470828515e-9, 0.114524413540602, 0.11452440232840518, 3.201719825300905e-9, 0.11452440188830745, 0.11452440489279826, 1.6422827165223354e-9, 2.0356914892099104e-9, 0.11452439926669832, 7.7709716949256e-9, 0.11452440175059773]
v_opt: [0.8854755785979136, 0.8854754210440767, 0.7840674533533255, 0.013115882095929475, 0.013115839203314484]
solution time: 0.014761924743652344
McCormick lower bound: -3.6556263554194834

