x_opt: [0.7727635839318503, 0.22723691763531026, 0.7727635954780264, 5.978157202258955e-7, 0.7727635867727027, 0.2270345980047458, 0.7729655536240272, 0.6267125847827721, 0.41947981214639213, 0.22723639585414357, 0.22723573765838034, 0.5805201751887582, 0.22723639838035953, 0.22703444515304494, 0.2272363276616132, 0.295217224555682, 5.718140303740663e-7, 2.550325511161662e-8, 0.22703372919087741, 0.22703327584803276]
w_opt: [0.7727635772684892, 0.5455271730680062, 6.964954835827914e-9, 8.54418732192981e-9, 0.35328376285020974, 0.22723637785126907, 5.6646147271689484e-9, 3.723625775200297e-8, 5.62267116722804e-7, 1.593360334566114e-8, 3.970714185571765e-9, 5.158182593032131e-7, 5.453115937159547e-7, 0.22723687936696907, 0.22723639168928497, 0.22703443593618572, 3.416315319315477e-8, 0.227236913440357, 5.836747206668193e-7, 0.5457291516186744, 0.3994761835276262, 1.4653948253194778e-8, 0.3532837904241509, 0.2952171997171993, 1.9675477704640633e-8, 2.1728982655655127e-8, 0.22703372480153125, 1.53246732876293e-8, 3.3916711750333144e-9, 2.7814764050719643e-8, 5.901877367146921e-7, 5.917863957247938e-7, 5.644539262816719e-7, 3.7076068755366525e-9, 9.487850771979684e-8, 5.666646971302377e-7, 5.0301405276792876e-9, 8.512725918423877e-9, 0.4194798087565743, 5.3883123939144276e-8, 6.587308340876604e-9, 4.793940761743776e-9, 9.243375037576373e-9, 5.150175777982863e-7, 3.911164993929048e-9, 0.22703458483262862, 0.2270345749220611, 1.1060741148244953e-8, 0.22703459232053536, 0.2270344149039374, 8.546484051993977e-9, 0.22703459426373365, 5.344967244749388e-9, 1.6065006724404997e-8, 0.22703372402832112, 1.3730859539450644e-8, 0.5805201700635602, 0.000202123924977791, 9.317333858170749e-9, 1.1557649659904652e-8, 2.389320338040809e-8, 0.4194798071932937, 5.616155211794603e-9, 0.2272363120193468, 5.636198082562832e-7, 0.2270337231105738, 6.960476412181985e-9, 3.4386523080747264e-9, 8.281431850132534e-9, 0.22723639489697534, 8.58313649892915e-9, 4.475115429043023e-9, 6.6373416169857815e-9, 1.0590978478485191e-8, 1.1270828939038715e-8, 3.7197259789081574e-9, 0.2272363885876112, 1.0164203604091897e-8, 0.22703370035628748, 0.2272357336937137, 7.904910273033513e-9, 4.515047955614477e-9, 4.7914324573386465e-9, 9.834195734223882e-9, 4.372346242778634e-9, 0.2272363242476452, 0.22723632148563425, 0.22703326970744656, 5.491212648516183e-7, 8.459682698293486e-9, 0.22723632187747456, 5.398619588951622e-7, 8.055678410167532e-9, 0.22703372317438164, 0.2270332716134812, 4.359964621569194e-9, 4.215473366737661e-9, 5.544696966123955e-7, 2.0635852158223643e-8, 0.22703326547828653]
v_opt: [0.6267125804164884, 0.772763589263569, 0.5971639711340582, 0.05163639523188107, 0.05163612171231383]
solution time: 0.0162200927734375
McCormick lower bound: -5.040598113159989

