x_opt: [0.7908403728833013, 0.31481736477362504, 0.7908403769707526, 0.20914994983781698, 0.7908405810827966, 0.209149596078586, 0.7908503899397382, 0.4707211066113048, 0.2666735772661991, 0.2091596300249287, 0.20915930236216368, 0.7333263948861586, 0.20915961390454255, 0.20914959813277234, 0.20915937146711464, 0.314817381974685, 0.20914957969447304, 3.2901742519070396e-8, 0.20914957213075347, 0.2091495692807781]
w_opt: [0.7908403520643619, 0.5816809580148367, 1.801903906587389e-8, 6.5346242605613614e-9, 0.5241667740407837, 0.20915958626837575, 6.7442591697600046e-9, 2.8078456405888985e-8, 0.20914956505660703, 2.023812644663463e-8, 5.654233028690856e-9, 0.10565774757698358, 0.10565798315355486, 0.31481731396350243, 0.2091596248442126, 0.20914958664871708, 2.8680916842035324e-8, 0.3148173577383578, 0.20914992867429455, 0.5816907705498027, 0.2615614884883929, 3.597133415626963e-8, 0.5241668000033594, 0.31481733651513105, 2.9939555443034775e-8, 2.8247467896405784e-8, 0.20914956760766265, 1.9034086960479515e-8, 5.520491331853672e-9, 4.76801576508067e-8, 0.2091499421239587, 0.2091499406225095, 0.20914991982067294, 3.9247467726062885e-9, 2.2107249228999342e-7, 0.20914957661759648, 5.801188875308436e-9, 9.327873773912793e-9, 0.26667357366575006, 2.644706350403737e-7, 2.1093979172320202e-7, 4.74354507762958e-9, 1.6847368975767374e-8, 0.20914947738142525, 3.929767166143492e-9, 0.2091495784464891, 0.20914957156481642, 1.4161587444190313e-8, 0.20914958715078039, 0.20914951942940097, 9.516227334380503e-9, 0.20914959189340765, 6.0464278014636075e-9, 2.1185279129222917e-8, 0.2091495666250742, 2.276818141381615e-8, 0.7333263905477353, 1.5013037735744881e-5, 1.3671202159156427e-8, 3.10512805680301e-8, 8.04268529855673e-8, 0.2666735713359448, 7.1307166325160845e-9, 0.20915935479853984, 0.20914957130824324, 0.2091495623434505, 1.469031501253332e-8, 4.069151624554516e-9, 8.881441221215972e-9, 0.20915960879360818, 7.498289695544157e-9, 6.341448451633647e-9, 7.193630899356719e-9, 8.012375591388878e-9, 1.0102100992530442e-8, 3.4212610055057193e-9, 0.20915960817996562, 2.219857128609666e-8, 0.2091495426895029, 0.2091592983094423, 9.269185315153138e-9, 4.217735624732538e-9, 3.847535517233539e-9, 1.3047436376670805e-8, 6.065599174719872e-9, 0.2091593666298229, 0.20915951695234725, 0.2091495587736879, 0.2091495360418036, 1.1721345606916838e-8, 0.20915936268743868, 0.20914955212661063, 1.080440808027991e-8, 0.20914956227847853, 0.2091495620611738, 5.912860176550508e-9, 5.0627065006443715e-9, 0.20914952414650456, 2.6797468691077878e-8, 0.20914952659014635]
v_opt: [0.47072110035052966, 0.7908403700758677, 0.6254291165397141, 0.04374776076293763, 0.043747956784846956]
solution time: 0.013755083084106445
McCormick lower bound: -6.075074758362917

