x_opt: [0.7506218087941848, 0.24937819003705394, 0.7506218133467847, 0.24937818163693368, 0.7506218068849285, 0.24937817832970047, 0.7506218179534052, 0.7305928034539226, 0.42136079799185006, 0.24937818883447072, 0.14332757660944775, 0.6625285841280966, 0.24937819125858987, 0.24937818208088797, 0.249378185204821, 0.24937819233466765, 0.24937818023395422, 2.3780450216461488e-9, 6.793682803107208e-7, 6.784309106396236e-7]
w_opt: [0.7506218082852979, 0.5012436161548396, 9.171247954599429e-10, 7.337068662967403e-10, 0.4131503934251597, 0.24937818884410415, 5.569827635576949e-10, 2.4924715887843146e-9, 0.24937817920265962, 1.3954326095849791e-9, 6.42194404705145e-10, 3.763674628818099e-9, 3.5708094592836443e-9, 0.2493781872144415, 0.2493781879524843, 0.24937818041981688, 2.6724291544237518e-9, 0.24937818958594632, 0.24937818015143887, 0.5012436317337146, 0.48121461725305137, 3.5584458549469075e-9, 0.41315039965797357, 0.24937819024282695, 2.171063014669362e-9, 1.9992511083822997e-9, 6.789514641283806e-7, 1.2241415711973525e-9, 3.771951945898679e-10, 1.9550898399497246e-9, 0.24937818099528505, 0.249378180776926, 0.24937817756665562, 4.5193492076743124e-10, 9.062138254626956e-9, 0.24937817977085572, 4.979760329074934e-10, 1.0031910984550587e-9, 0.421360797631472, 2.52291127545304e-9, 5.780531357951352e-10, 7.011766895005887e-10, 1.010684700117902e-9, 0.24937817331486814, 3.9261583699518263e-10, 0.24937817603310883, 0.24937817651056052, 8.886206659563799e-10, 0.24937817744283508, 0.2493781759690486, 1.0362072054405357e-9, 0.24937817776113386, 6.202896623203882e-10, 1.3541607621388298e-9, 6.787870760353531e-7, 1.1901743826431228e-9, 0.6625285834646042, 5.7786931927427525e-8, 8.111310089920267e-10, 1.0386887960038947e-9, 1.592781182881986e-9, 0.42136079751000005, 6.113137603336586e-10, 0.24937818353611668, 0.2493781794783262, 6.787045476928573e-7, 6.786996186032378e-10, 5.454940610751415e-10, 0.08388938289625332, 0.24937819071481762, 6.774131299820384e-10, 5.449324403578833e-10, 6.509099205238165e-10, 1.0368130634444912e-9, 1.0226207607061562e-9, 4.1753897860132314e-10, 0.24937818803951425, 1.016645720300596e-9, 6.754967774048616e-7, 0.14332757575494343, 7.488924001809392e-10, 4.33527508709458e-10, 5.379646662865865e-10, 1.21459822760364e-9, 5.209387395558258e-10, 0.24937818466662245, 0.24937817668100126, 6.776151810342329e-7, 0.24937817753971153, 9.404699782077028e-10, 0.24937818449407545, 0.24937817593015327, 6.686248300735816e-10, 6.78404627050346e-7, 6.777793631721055e-7, 4.916261765458876e-10, 5.323467246883015e-10, 6.76895497414399e-7, 1.8285785859250465e-9, 6.777037425105792e-7]
v_opt: [0.7305928030361628, 0.7506218126852231, 0.5634331007401207, 0.06218948112321868, 0.02054279476334957]
solution time: 0.01453089714050293
McCormick lower bound: -5.917845391668709

