x_opt: [0.7728710655365076, 0.22713385517718565, 0.7728710790910179, 1.6544087799125967e-7, 0.7728710776143164, 0.22712501815083597, 0.7728750140524481, 0.6269225504177495, 0.41957143024410776, 0.22712891212677197, 0.2271289187318042, 0.5804284942630483, 0.2271289184018864, 0.2271249821330111, 0.2271289046583949, 0.2951921289820838, 1.5910465115335036e-7, 1.6161930958978218e-8, 0.2271249820490513, 0.22712496247579875]
w_opt: [0.772871062794051, 0.5457421454287642, 4.399503377201152e-9, 4.951274149385017e-9, 0.35329956249565964, 0.22712890573707872, 4.912906090042185e-9, 2.0587243803326582e-8, 1.5232140190466256e-7, 9.67751856841402e-9, 2.5720956982865588e-9, 4.936859446875953e-6, 4.955800392751164e-6, 0.22713383235712556, 0.22712890909473676, 0.2271249759640133, 1.721443999170365e-8, 0.22713385160825972, 1.556948818000976e-7, 0.5457460958775673, 0.3997936331567454, 6.5907297248773154e-9, 0.3532995851602351, 0.2951921130502038, 1.192009356198444e-8, 1.2823643020240539e-8, 0.22712497818647476, 8.909576951901968e-9, 2.880551744054616e-9, 1.6542767228925748e-8, 1.5847388458038292e-7, 1.6137017816603654e-7, 1.423822257876283e-7, 2.7023968896266116e-9, 4.3255745424532915e-8, 1.5506977866471722e-7, 3.8217531304730344e-9, 5.642471937393542e-9, 0.419571427185689, 3.52182789590544e-8, 4.5987326471155835e-9, 3.3648958377312552e-9, 6.328346606011985e-9, 1.2964830309077005e-7, 3.0979459800517967e-9, 0.22712501083205067, 0.2271250013377079, 8.064458573149415e-9, 0.22712501399228888, 0.22712496921739783, 4.569272392998406e-9, 0.2271250153697125, 3.478108394829937e-9, 9.727364679407432e-9, 0.22712497768666864, 7.481434861012755e-9, 0.5804284906812273, 4.174098957202476e-6, 4.993024421618688e-9, 1.4448945431022997e-8, 2.5062617296129684e-8, 0.4195714259615582, 4.168599295002627e-9, 0.22712889473617695, 1.524121586416614e-7, 0.22712497743255416, 5.2409274537722724e-9, 2.1073340112302813e-9, 3.4582125135292174e-9, 0.22712891583328237, 7.068379281137176e-9, 3.121050702637389e-9, 4.819622497294656e-9, 6.6243772751285085e-9, 7.193114171844959e-9, 2.8654618055940383e-9, 0.22712890756891216, 6.264209530066005e-9, 0.2271249543164267, 0.22712891507657593, 4.703111751881188e-9, 3.772119600161185e-9, 3.612553050853645e-9, 6.192520782865113e-9, 2.910589608546007e-9, 0.22712890190278046, 0.22712885520910148, 0.22712495789625364, 1.4613873030493997e-7, 5.569600549844497e-9, 0.22712889965124716, 1.3962157638463367e-7, 5.932090498145773e-9, 0.22712497802685053, 0.22712495947135533, 3.033659265236178e-9, 2.7933835349386917e-9, 1.5148816954018882e-7, 1.222476616788151e-8, 0.22712495839624428]
v_opt: [0.6269225464212214, 0.7728710751223984, 0.5973307449884433, 0.051587675021183, 0.05158810312390657]
solution time: 0.014940977096557617
McCormick lower bound: -4.711424559390065

