x_opt: [0.7339957625889729, 0.34484408056358945, 0.7339957654388458, 0.1718138391937932, 0.7339957334844495, 0.17183784181493728, 0.8281628463158445, 0.39214029782740456, 0.26600427410931904, 0.26600423493214903, 0.21417609251458622, 0.733995722985225, 0.26600423947633395, 0.17183716041623723, 0.2660041174733187, 0.34484417497082276, 0.17181383180172816, 2.4826637729274213e-8, 0.17182219969250062, 0.17181393049946325]
w_opt: [0.7339957509014196, 0.4679915003102667, 1.25921472437874e-8, 5.69759362874968e-9, 0.467991490873956, 0.2660042195770277, 5.080826289652017e-9, 1.7801681998345666e-8, 0.171813820406395, 1.447589568487097e-8, 5.265801668315065e-9, 0.07883985032315328, 0.07883983599144698, 0.3448440480931358, 0.26600423019946073, 0.1718371492661964, 1.8254317412379245e-8, 0.34484407586887544, 0.17181382418367958, 0.5621586151553062, 0.1261360672003065, 2.3001213982157453e-8, 0.4679915076915797, 0.344844145436578, 1.7898477012863945e-8, 2.1336869172541593e-8, 0.17182219572188087, 1.3689227859429553e-8, 4.450618347183117e-9, 2.3425555922212853e-8, 0.17181383271857517, 0.17181383103097692, 0.1718138130793361, 3.4601269812818457e-9, 1.1220607344065605e-7, 0.1718138268375853, 4.926738295282519e-9, 7.658428532275814e-9, 0.2660042704280131, 3.614236030310173e-8, 9.023788183304958e-9, 4.71109203206349e-9, 1.006382226667029e-8, 0.17181377030759226, 3.3096079547448448e-9, 0.1718378267439049, 0.1718378245958002, 1.0078943678538902e-8, 0.17183783347589268, 0.17183714393782812, 7.690125866587406e-9, 0.17183783785591494, 4.961256710114058e-9, 1.4924430411715035e-8, 0.17182219565710666, 1.5125461985772288e-8, 0.7339957182944239, 0.09416788437296814, 1.4360913573869594e-8, 1.0629938283608359e-8, 1.8430701901830674e-8, 0.26600426929316023, 5.7736370333661525e-9, 0.2660041044257167, 0.17181382407836276, 0.1718221919860888, 9.264293073478811e-9, 3.6459975931770082e-9, 1.0579783536824375e-8, 0.26600423442983506, 6.372206206437922e-9, 5.228978775447837e-9, 5.874262254079405e-9, 6.766233132733577e-9, 7.4191555852267115e-9, 3.6525467489602372e-9, 0.26600422857394884, 1.2253108677021965e-8, 0.17182216969380942, 0.2141760889367677, 7.356078001833715e-9, 3.9182424312483626e-9, 4.004743906835071e-9, 1.3811022113549098e-8, 5.088198452834986e-9, 0.2660041128835718, 0.26600416997494675, 0.1718139213738361, 0.17181381871938758, 9.648443758006767e-9, 0.26600411071530206, 0.17181380678585517, 7.630472372592205e-9, 0.17182219192905174, 0.17181392529803607, 4.979772412805003e-9, 4.362095158347327e-9, 0.1718138104475469, 1.954090941398348e-8, 0.17181391474696053]
v_opt: [0.39214029282361285, 0.7339957582834955, 0.5387497891791576, 0.07075856065426846, 0.04587142291842261]
solution time: 0.012787103652954102
McCormick lower bound: -7.059839284083028

