x_opt: [0.667139175637487, 0.33286082995919336, 0.667139175351911, 0.07813082236630507, 0.6671391755728557, 0.16096709673948528, 0.8390329059751187, 0.4200335366517062, 0.33286082562296876, 0.3328608239902947, 0.21914062386545646, 0.6671391743104385, 0.33286082427578634, 0.16096709414784421, 0.33286082338211065, 0.3328608317333693, 0.07813082213721127, 7.155691059173313e-10, 0.10165084788415356, 0.07813082184708985]
w_opt: [0.667139175438259, 0.33427835127658734, 2.6289808080121254e-10, 1.8811919415109015e-10, 0.3342783500660793, 0.3328608237206831, 1.4558303607286517e-10, 6.196822549068425e-10, 0.07813082180813868, 4.1548634616018247e-10, 1.6590351646636707e-10, 6.014853659733454e-9, 6.227700794391513e-9, 0.3328608290649261, 0.3328608238978796, 0.16096709378760127, 5.54828603606849e-10, 0.33286082981941456, 0.07813082193757036, 0.5061720818081149, 0.08717271271220838, 4.679013893450488e-10, 0.3342783505272486, 0.33286083099802916, 5.274004415663205e-10, 6.122886300066403e-10, 0.10165084776452382, 3.9210257606021354e-10, 1.2424757946356338e-10, 6.055458811616172e-10, 0.07813082217157043, 0.07813082212224255, 0.07813082158638619, 1.0863684050588263e-10, 2.9411384545594274e-9, 0.07813082199335436, 1.480179678407096e-10, 2.409116785101617e-10, 0.3328608255359123, 9.928572066404568e-10, 2.5840831962453233e-10, 1.5136838055443963e-10, 3.293783588273959e-10, 0.07813082037719006, 1.026115066050715e-10, 0.1609670962520685, 0.16096709623046002, 2.845372718450142e-10, 0.1609670964877957, 0.16096709360969844, 2.4018368104457665e-10, 0.16096709661378414, 1.5128035996695824e-10, 4.211106327727705e-10, 0.10165084775119144, 4.1159617081248767e-10, 0.6671391741597819, 0.1718937390071293, 3.4670953446440147e-10, 3.3265875660705467e-10, 4.809072189103513e-10, 0.3328608255024311, 1.7533616634505235e-10, 0.33286082297700254, 0.07813082190009339, 0.10165084765874212, 2.4432501853182267e-10, 1.154615326231133e-10, 3.2626675351282337e-10, 0.332860824128543, 1.9486280780486055e-10, 1.5547188621778634e-10, 1.7842274907527304e-10, 2.166220181564916e-10, 2.338976062658795e-10, 1.1145492061094527e-10, 0.332860823929899, 3.206200702669481e-10, 0.10165084697276905, 0.2191406237438836, 2.1487709506483733e-10, 1.2193096868706568e-10, 1.23990792566282e-10, 4.065098470611669e-10, 1.5193375567155877e-10, 0.33286082322488453, 0.33286082130862193, 0.07813082157422943, 0.07813082172542103, 2.919608750027358e-10, 0.33286082316848115, 0.07813082139924155, 2.1262529310031437e-10, 0.10165084764205723, 0.07813082171246875, 1.4818786455411236e-10, 1.3447028951819519e-10, 0.07813082110248125, 5.569209210501769e-10, 0.07813082167723087]
v_opt: [0.42003353650824904, 0.6671391757263891, 0.44507468263581007, 0.1107963649902644, 0.04802262354774858]
solution time: 0.014847040176391602
McCormick lower bound: -7.254519952236299

