x_opt: [0.6353513703462581, 0.36464863426987704, 0.6353513708256394, 1.4791423421087798e-6, 0.6353513665864574, 0.15945040508855618, 0.8878499532564834, 0.3646486632468486, 0.3646486631784061, 0.36464862857761016, 0.2286816860230162, 0.635351318429686, 0.3646486353771541, 0.1121500617288125, 0.36464863378221035, 0.36464863910957945, 1.4790442582862488e-6, 2.065282052544633e-9, 0.11214918832283621, 0.11214917971136254]
w_opt: [0.6353513695797532, 0.2707027372642795, 5.770940120230927e-10, 4.1784924509465346e-10, 0.270702689066006, 0.3646486342984859, 3.357617078655833e-10, 7.183403751915963e-9, 1.478206894770049e-6, 1.3225734586806536e-9, 3.878675976504703e-10, 5.39913964144591e-9, 7.55269149411387e-9, 0.36464863022244487, 0.36464862816444144, 0.11215006090490164, 1.7083800495189555e-9, 0.3646486338734738, 1.4779230335919963e-6, 0.5232013243208089, 3.430708573966306e-8, 1.4143263866901611e-9, 0.2707026905697093, 0.36464863747765647, 1.893584157313874e-9, 1.8617256480540045e-9, 0.1121491880641186, 1.14990691518634e-9, 2.553302791828574e-10, 3.618692540420886e-9, 1.4786222548072124e-6, 1.4786225596972232e-6, 1.47552665424335e-6, 2.336550511542849e-10, 5.927464351459288e-8, 1.4785015170122335e-6, 3.92522968233471e-10, 6.498154800611769e-10, 0.3646486628991295, 2.6045268302209218e-9, 2.6620356648044186e-9, 3.540052654367092e-10, 1.780528700483558e-9, 1.4682505936637873e-6, 2.2649080916558052e-10, 0.15945040381804468, 0.15945040392402562, 6.112936896517197e-10, 0.15945040460378163, 0.11215006003009245, 5.942239589578958e-10, 0.1594504048556464, 3.3011778900313484e-10, 1.367808227875058e-9, 0.11214918804667824, 1.5650985226117441e-9, 0.6353513180923768, 0.25249874288748264, 1.532224453850405e-8, 8.426130742562042e-10, 1.0302423964865217e-9, 0.3646486626206244, 3.9739193398245664e-10, 0.3646486327288363, 1.4783802754936726e-6, 0.11214918781005262, 5.572689002263672e-10, 2.199938096214201e-10, 3.4810657507721534e-10, 0.3646486351569247, 5.002306180399706e-10, 3.3420899148992483e-10, 4.552232908848268e-10, 5.492969458319577e-10, 5.865794811766917e-10, 2.30343385167662e-10, 0.36464862831789857, 6.504999777762474e-10, 0.11214918626800942, 0.2286816858175963, 6.35396282329911e-10, 2.993164315236776e-10, 2.399213280496124e-10, 8.481601326206964e-10, 3.474057738889356e-10, 0.36464863353089444, 0.3646486187946098, 0.11214917911907582, 1.4781343276942197e-6, 9.50815200372589e-10, 0.36464863301722944, 1.4764513612767344e-6, 5.425843711355128e-10, 0.1121491879014255, 0.11214917933295372, 3.5200818887711546e-10, 2.868879547420885e-10, 1.478219839584757e-6, 1.7581439153048856e-9, 0.11214917908441595]
v_opt: [0.364648662936036, 0.6353513703401787, 0.4036713625600682, 0.13296862692492228, 0.05229561971240443]
solution time: 0.013265132904052734
McCormick lower bound: -8.417094317692397

