x_opt: [0.7484735172481924, 0.25152663519455576, 0.7484735279747124, 0.2515138725206134, 0.7484734223865276, 0.2515253653871011, 0.7484746255311646, 0.6833148525885544, 0.3407152966272641, 0.25152647423309105, 0.20555380046433835, 0.6592850859364767, 0.2515265242629391, 0.2515253706894575, 0.2515263882576196, 0.2517998670094882, 0.2515138219573631, 3.3797043772875655e-8, 5.001563141915311e-7, 3.227669558904171e-7]
w_opt: [0.7484735061772402, 0.49694694541891277, 1.4623524407304388e-8, 9.712715660579847e-9, 0.4077586094911595, 0.2515264947030836, 6.982933893936423e-9, 4.390527209714412e-8, 0.2515138091221804, 2.068169336886871e-8, 8.10332477275377e-9, 1.675237613349471e-7, 1.0599273324032095e-7, 0.2515265945373952, 0.25152646689986263, 0.25152535026733847, 4.082646670957477e-8, 0.25152663020350696, 0.25151385375834157, 0.49694815923193786, 0.43178838613949233, 3.0501995464134694e-8, 0.407758643006263, 0.25179984028169405, 2.389111388969802e-8, 2.9114995565567937e-8, 4.950079613659313e-7, 1.6771119882602528e-8, 4.403974187269491e-9, 2.7807037214356862e-8, 0.25151386420191074, 0.2515138622199034, 0.2515138255375868, 5.7061942728873545e-9, 1.677039974077031e-7, 0.2515138155133984, 6.694780879895295e-9, 1.2691900193026222e-8, 0.3407152919599453, 3.047114926412363e-8, 7.0757695958568865e-9, 8.911251960739315e-9, 1.33637161493943e-8, 0.25151373194865173, 5.06954644006256e-9, 0.25152533494860624, 0.25152534053114484, 1.1226718949605495e-8, 0.2515253550329186, 0.25152532269409766, 1.4478197873259528e-8, 0.2515253589325874, 7.9068350759911e-9, 1.9815867658007927e-8, 4.928021637409002e-7, 1.575982945265645e-8, 0.6592850772743669, 1.6361918670104582e-6, 8.359123000976833e-9, 1.3690931439276357e-8, 2.2042871775340703e-8, 0.34071529068388196, 7.818816505336064e-9, 0.25152636750823815, 0.2515138118133195, 4.919747423355811e-7, 8.040967547790314e-9, 6.72095529354394e-9, 4.180502750472814e-7, 0.251526517869209, 9.238839811801372e-9, 6.76670597805369e-9, 8.968909230251805e-9, 1.3939098350248178e-8, 1.4564820524335623e-8, 5.387216704983322e-9, 0.25152646504084053, 1.2486733601351222e-8, 4.603333896667195e-7, 0.2055537951521887, 1.047113841761182e-8, 5.653558772187366e-9, 6.823369462435258e-9, 1.4402907852154923e-8, 6.873524851306321e-9, 0.2515263820890962, 0.25152649592973353, 3.1312050599582124e-7, 0.2515138017033805, 1.2126913208938387e-8, 0.25152638127260996, 0.25151378238478445, 8.840135790459728e-9, 4.893226006746231e-7, 3.1456811594249354e-7, 6.324158476205538e-9, 6.934812735088737e-9, 2.9538061594687933e-7, 2.6910278168415584e-8, 3.071712377863688e-7]
v_opt: [0.6833148475480769, 0.7484735198923462, 0.5602131553072649, 0.06326559003487621, 0.04225248106961626]
solution time: 0.013612985610961914
McCormick lower bound: -6.158930810991565

