x_opt: [0.7896918022430591, 0.3201519139219799, 0.7896920309389768, 0.21030203965689637, 0.7896918341496627, 0.21029840763634822, 0.7897005674304605, 0.46429887060622965, 0.27000224518120003, 0.2103082412918996, 0.195204902447649, 0.7299976491993685, 0.21030816603072322, 0.21029943726252914, 0.2103031744108607, 0.3201519720517142, 0.21030023605664627, 4.552452876593935e-8, 0.2102980078562431, 0.21029801358330155]
w_opt: [0.7896917765833292, 0.5793836421904177, 5.511876583395894e-8, 1.0860085899287836e-8, 0.5196894603101126, 0.21030809270876705, 1.0759779114074206e-8, 4.0976306195167754e-8, 0.2103002096620268, 2.968866320551758e-8, 1.2872128277795571e-8, 0.10984395320028721, 0.10984385038903205, 0.3201518266155991, 0.21030823229213183, 0.210299413475257, 5.509345183969957e-8, 0.3201519029595493, 0.21030200161344528, 0.5793926031867249, 0.2539909090280465, 3.112825190464459e-7, 0.5196897361345245, 0.3201518641531236, 4.4165693384336804e-8, 4.005903959499232e-8, 0.2102980026980147, 5.141900575518489e-8, 7.805634097097775e-9, 7.078381616396967e-8, 0.21030203071463094, 0.21030203074273185, 0.21030198267441574, 5.725930593353156e-9, 2.2019062755388672e-7, 0.21030023346122426, 6.504254249058687e-9, 1.69311076429042e-8, 0.2700022413753744, 2.3354123643516301e-7, 1.6435168050640422e-8, 7.304592622540034e-9, 2.233317133449649e-8, 0.21030009884600126, 7.54056101890067e-9, 0.21029837469106286, 0.21029836264290058, 2.6387335134487558e-8, 0.21029839703111808, 0.21029835931278484, 2.140334129415693e-8, 0.2102984023212565, 1.078854015862892e-8, 2.8529091420987885e-8, 0.21029800156273046, 4.222613150108359e-8, 0.7299976430486245, 1.0022815918627468e-5, 3.531706449562663e-8, 3.7495411087156025e-8, 9.188333314692434e-8, 0.2700022372619061, 1.2463445860434726e-8, 0.2103031389107473, 0.21030022553222136, 0.21029799104039357, 2.7372865316002002e-8, 8.157452934456392e-9, 4.096049876016593e-8, 0.21030815442697354, 1.2950435937351802e-8, 1.2455787258127902e-8, 1.1112975694705894e-8, 1.536105035353948e-8, 1.8908069470424402e-8, 4.99388441143255e-9, 0.21030815855165946, 4.6039457236184916e-8, 0.21029796583636787, 0.19520489849537853, 1.5312884786725196e-8, 6.047529561125864e-9, 6.347324181110157e-9, 3.116716661888486e-8, 1.072389843946781e-8, 0.21030316847375308, 0.2103080293544321, 0.21029799756652906, 0.21029941344777012, 2.3031697742611258e-8, 0.2103031617459182, 0.21030018934408534, 1.4316922076813438e-8, 0.21029798885010928, 0.21029800602812815, 1.0980943361457046e-8, 8.172249294890807e-9, 0.2102979142530592, 3.7919334706360817e-8, 0.21029783228643678]
v_opt: [0.46429886262077624, 0.7896920199331618, 0.6236167444056927, 0.04422963128225348, 0.03810498663061455]
solution time: 0.016210079193115234
McCormick lower bound: -6.176238486532153

