x_opt: [0.6409562012922714, 0.35904502024480406, 0.6409560847101385, 0.06496732912116404, 0.6409562402837605, 0.155951854070702, 0.8440524656543259, 0.4081427497796459, 0.3590457979728172, 0.35904351080530017, 0.1912123017198203, 0.6409543340330531, 0.35904365634183877, 0.15594760504587257, 0.3590436287885693, 0.3590456585165785, 0.06496722492925341, 1.7758206419375704e-7, 0.06496771339249625, 0.06496764612739586]
w_opt: [0.6409560426630767, 0.28191245590898484, 2.797716552097021e-8, 2.0189108367222152e-8, 0.28191055367112106, 0.3590435599865199, 1.891554095864392e-8, 2.6173189602316894e-7, 0.06496718681296886, 1.2128343436265065e-7, 2.6266424586238208e-8, 1.116388071652437e-6, 1.4242262664093956e-6, 0.35904474961795013, 0.35904349966958615, 0.15594756201171658, 8.83575803119141e-8, 0.3590450086320775, 0.06496726088311286, 0.4850085626027439, 0.04909884633443871, 8.854715853267514e-8, 0.2819105222847005, 0.3590455705436806, 1.3155384666880897e-7, 1.664872041272563e-7, 0.0649677016237811, 1.1157311948379041e-7, 1.2743598631708248e-8, 1.8128461912238998e-7, 0.06496730460465393, 0.06496729699438962, 0.06496709694037853, 1.3248780362059956e-8, 3.1455209493921698e-6, 0.06496719841698921, 2.228827361419757e-8, 3.44862345536132e-8, 0.3590457870346129, 1.3678331112803986e-7, 3.028919300784715e-8, 1.895801530561431e-8, 7.906703900946621e-8, 0.06496660966401345, 1.1131741684740412e-8, 0.1559517443602016, 0.15595178970981477, 2.8204393663755295e-8, 0.15595182933743346, 0.1559475242870862, 3.4120789408344255e-8, 0.1559518414445316, 2.0222276891015083e-8, 1.2430802328516021e-7, 0.06496770147416095, 1.2845248369817138e-7, 0.6409543189008419, 0.20310431921733818, 9.919268890930002e-8, 5.7521890638479964e-8, 6.24103748543318e-8, 0.3590457838939037, 2.065919515299148e-8, 0.35904359383189455, 0.06496719889540398, 0.06496769184767907, 3.212656446402105e-8, 1.567075204044811e-8, 1.9982819913016322e-7, 0.3590436346824816, 2.2137707784274958e-8, 1.82327756197814e-8, 2.8484894226652007e-8, 3.9565271726746355e-8, 3.400416311584422e-8, 1.1559807828791478e-8, 0.3590434636294083, 4.7301313299715996e-8, 0.06496753198812742, 0.1912122923891274, 4.786159931920324e-8, 1.4723386815952413e-8, 1.2883148902554664e-8, 5.0799099112772927e-8, 2.17663402868201e-8, 0.3590436055481712, 0.35904251479338767, 0.06496761434776872, 0.0649671491522033, 5.9538336875861464e-8, 0.3590436115494518, 0.06496710497934538, 3.3450598333366887e-8, 0.06496768327067749, 0.06496761184734512, 1.850662511355669e-8, 2.003135890988105e-8, 0.06496703839270523, 1.6116988234418596e-7, 0.06496758384555729]
v_opt: [0.40814273621954605, 0.6409560636416395, 0.41082509442378856, 0.1289123829717579, 0.03656228959940762]
solution time: 0.014976024627685547
McCormick lower bound: -7.453008605219697

