x_opt: [0.6320148412563579, 0.36798558424334765, 0.6320148454411618, 0.05917491221561684, 0.6320148825398492, 0.15480336675760178, 0.8452001549335222, 0.3970228008158714, 0.36798580623810884, 0.3679850007848061, 0.1725728580443973, 0.6320141872957792, 0.3679850988392333, 0.15479984281223474, 0.36798509771964166, 0.36798574365687114, 0.05917487818941467, 2.8680489713333974e-8, 0.05917620567644635, 0.059174984430890906]
w_opt: [0.6320148284830656, 0.2640297279777037, 5.108144588737729e-9, 6.188249334500384e-9, 0.26402903333269406, 0.367985079499377, 4.6743289717684796e-9, 3.102239652318486e-8, 0.05917486809906391, 1.7671596255104028e-8, 5.879060763138227e-9, 4.328321867213129e-7, 4.804522952985539e-7, 0.3679855484375138, 0.3679849974095423, 0.15479983101872635, 1.873806425393914e-8, 0.3679855813116783, 0.0591748979959671, 0.4772150038594771, 0.02903764949929452, 2.076066680860488e-9, 0.26402905120573383, 0.36798572209665287, 1.875254495501138e-8, 2.558828822832418e-8, 0.05917620210042248, 1.7012729050562697e-8, 3.542252832976231e-9, 2.3657970396605902e-8, 0.05917490594779215, 0.05917490455562551, 0.05917487535600917, 3.4735986766298693e-9, 2.720560417676418e-7, 0.05917487364286184, 5.169722852941144e-9, 7.775765630821035e-9, 0.36798580263548597, 1.7987007139869346e-8, 9.38499103851326e-9, 5.258764249324888e-9, 1.8209833261938247e-8, 0.05917481643869268, 3.210087115970654e-9, 0.15480334893564857, 0.15480335135897, 8.268128271876605e-9, 0.15480335942413728, 0.15479982198490994, 7.988778995767825e-9, 0.15480336295480882, 4.78348917881265e-9, 1.7811655899723155e-8, 0.0591762014555344, 1.7020425759335268e-8, 0.6320141822777056, 0.21318560803973916, 7.82225958055248e-9, 1.6104505183819995e-8, 2.9467335254282764e-8, 0.3679858022450893, 5.516801724037995e-9, 0.36798508888954107, 0.05917487048338428, 0.05917619925882101, 7.447663243769223e-9, 3.6603941952186158e-9, 9.802891761507925e-9, 0.3679850947620172, 6.375856362704627e-9, 4.797234181996214e-9, 6.40832529003295e-9, 8.106149354201588e-9, 7.883074305553129e-9, 3.255732400634428e-9, 0.3679849981519741, 9.753381048830259e-9, 0.05917617075288723, 0.17257285483172402, 8.122298684937067e-9, 4.014500880676844e-9, 3.633816067838669e-9, 1.1506118286365298e-8, 5.147414433337509e-9, 0.36798509013790687, 0.3679850894322269, 0.05917497608369565, 0.05917486372755101, 1.121506831863645e-8, 0.36798509050420436, 0.059174850552553386, 7.1711123291917725e-9, 0.059176198513260767, 0.059174977190644865, 4.7143632855144165e-9, 4.523831416261071e-9, 0.059174771878281136, 2.3895290710058783e-8, 0.05917497912367662]
v_opt: [0.39702279666713763, 0.6320148389077206, 0.3994431255276293, 0.13541308906985883, 0.02978188424270829]
solution time: 0.013705968856811523
McCormick lower bound: -7.743825040037888

