x_opt: [0.6342368395932799, 0.36576316221212934, 0.6342368418883148, 0.049641682738224495, 0.6342368391433059, 0.21043702580812312, 0.9239036854716224, 0.365763169758224, 0.3657631692770841, 0.3657631604714898, 0.19140189843715646, 0.6342368298973108, 0.3657631623776962, 0.07609632771726683, 0.36576315694207323, 0.36576316291242034, 0.04964168234189459, 1.2278386494068174e-9, 0.07609552388916217, 0.07609552484527658]
w_opt: [0.6342368389031179, 0.26847367893761737, 4.386062841392618e-10, 2.4053272962425296e-10, 0.2684736696298011, 0.36576316164823225, 2.199454905047264e-10, 3.3017721069460677e-9, 0.0496416818041204, 8.561077573882035e-10, 3.3185896206735394e-10, 4.276284869529139e-9, 7.854818189490232e-9, 0.3657631581551869, 0.3657631600802483, 0.0760963271876903, 1.8205189530125437e-9, 0.36576316179532886, 0.049641681842593474, 0.5581405274809873, 1.175357499110137e-8, 3.2708251268867833e-9, 0.2684736729575796, 0.3657631614191906, 1.6430830745289138e-9, 1.1558161810092813e-9, 0.07609552377918866, 9.207961097481663e-10, 1.2655401260048547e-10, 3.246735518086267e-9, 0.04964168248358983, 0.04964168247297133, 0.04964168059982758, 1.2334867796608644e-10, 2.038459779131679e-8, 0.049641682086419184, 2.1386004377019876e-10, 4.4719236655379806e-10, 0.3657631691706637, 4.3714976014324184e-9, 2.2585450275441725e-9, 2.6462608074208157e-10, 1.3236910446457665e-9, 0.04964167345431807, 1.100037676164748e-10, 0.21043702463925662, 0.2104370251535541, 3.815411574293705e-10, 0.21043702554764349, 0.07609632576992452, 4.984794809883335e-10, 0.21043702571481482, 2.0370684405898674e-10, 9.03854408228395e-10, 0.076095523775189, 1.9325823399225677e-9, 0.6342368297354267, 0.28966691148401996, 1.341506957093777e-8, 1.057344325084136e-9, 2.0883163728593175e-9, 0.3657631690961524, 2.345983182955455e-10, 0.36576315636654005, 0.04964168198758911, 0.0760955235770466, 4.24361214543609e-10, 1.2174646692567914e-10, 2.5429577630426834e-10, 0.3657631622918909, 2.649134125585058e-10, 1.9838349443830657e-10, 2.528826530246708e-10, 3.6443510507563703e-10, 4.390759303974226e-10, 1.1842814368126636e-10, 0.3657631599585771, 5.351918554051425e-10, 0.0760955228122001, 0.19140189837716684, 4.5674895454823665e-10, 1.5649286480069371e-10, 1.1662093972510762e-10, 7.960549573633561e-10, 2.0607187287692647e-10, 0.3657631568120809, 0.3657631397562697, 0.07609552449122402, 0.049641681650015604, 8.81940012022999e-10, 0.3657631566079518, 0.04964168044473803, 3.1327383269030237e-10, 0.07609552370363991, 0.07609552438266508, 2.3059393399931203e-10, 1.5730360682082067e-10, 0.04964168043157234, 1.110179154790416e-9, 0.07609552344898537]
v_opt: [0.3657631696296832, 0.6342368416955301, 0.40225637402988096, 0.13378269108954532, 0.036634721569747085]
solution time: 0.012274026870727539
McCormick lower bound: -9.378830673451139

