x_opt: [0.7728735387133154, 0.2271267315347734, 0.7728735516140564, 1.008529184997785e-7, 0.7728731918929278, 0.22712619034442974, 0.7728738365416787, 0.626929988184332, 0.4195737918107666, 0.22712645827220662, 0.2271263874091507, 0.5804261776033504, 0.22712654324332063, 0.2271261605361202, 0.2271264956981769, 0.29519251170422617, 8.984131639605389e-8, 7.636364583907218e-9, 0.22712615114769796, 0.22712614862167876]
w_opt: [0.772873535985074, 0.5457467314631149, 2.7207371790515887e-9, 2.427806465529233e-9, 0.3532997174668721, 0.2271265355212337, 3.464334269642792e-9, 4.486909407809538e-8, 8.688566143282213e-8, 4.92912880251388e-9, 1.3023283333641491e-9, 2.842322041162537e-7, 7.407129240472005e-9, 0.22712671737866935, 0.22712645614742613, 0.2271261574380777, 1.3575744952692909e-8, 0.22712672834755152, 9.608101458016206e-8, 0.5457473892945989, 0.39980354183612293, 1.3084737423861467e-8, 0.3532997368625454, 0.2951925015715591, 9.104782948556627e-9, 6.182786375151873e-9, 0.22712614954921787, 8.549615388742926e-9, 1.2493542749065784e-9, 1.2405067573428827e-8, 9.767149545817343e-8, 9.766575622343777e-8, 8.653988447741613e-8, 1.3541666660243656e-9, 2.996785226037437e-8, 8.839957842445311e-8, 1.6925927107099854e-9, 3.0941252660036342e-9, 0.41957379072976586, 6.025778768810638e-9, 9.368946041750732e-10, 1.909739450060777e-9, 2.35295968009682e-9, 7.487512405720955e-8, 1.7569505643659273e-9, 0.22712618679510707, 0.22712617891159195, 5.979439221517189e-9, 0.22712618854637673, 0.2271261490786045, 2.7332459849840193e-9, 0.22712618917046537, 2.0547709904129244e-9, 4.913670255729591e-9, 0.22712614909932238, 5.0301788730001814e-9, 0.5804261759273578, 5.865852930061634e-7, 3.226346593577485e-9, 9.812363593306268e-9, 1.9690211183503346e-8, 0.4195737895212887, 2.204478451682266e-9, 0.22712648937607754, 8.688489926139683e-8, 0.22712614905155393, 2.9868832266439256e-9, 1.2141499868433036e-9, 1.781456496594401e-9, 0.2271265417742382, 4.159544731812874e-9, 1.525609810406595e-9, 2.2282994574686324e-9, 4.695976811490489e-9, 4.918680386061798e-9, 1.4426773174433662e-9, 0.22712645607130022, 4.299414426350226e-9, 0.2271261427025023, 0.22712638586456413, 2.4881943129318005e-9, 1.8627523938551353e-9, 2.0922649676609652e-9, 3.70833163436354e-9, 1.4521910185522417e-9, 0.22712649480585897, 0.22712649320242476, 0.22712614663915925, 7.98383010691543e-8, 2.9526768253326805e-9, 0.2271264932396088, 7.843416201059258e-8, 3.0374296885917986e-9, 0.22712614934837447, 0.22712614619532354, 1.4870971946993173e-9, 1.3291485348452522e-9, 8.531466786767684e-8, 6.058092433414229e-9, 0.22712614251969362]
v_opt: [0.6269299864475593, 0.7728735498685629, 0.5973333861757141, 0.051586428208593514, 0.05158639667014925]
solution time: 0.014695167541503906
McCormick lower bound: -4.296139827646799

