x_opt: [0.6585414445911358, 0.3425701280218512, 0.6585414435345439, 1.7061327405809607e-7, 0.65854144609237, 0.13780243507868045, 0.8621975810862424, 0.3952653590150904, 0.3414585724751316, 0.3414585507975017, 0.2846379195543428, 0.6585413764989875, 0.3414585541033791, 0.13780241686944936, 0.34145854622453414, 0.3425701598954602, 1.6842812044189613e-7, 4.266018623948562e-9, 0.13780242320930958, 0.13780228555135923]
w_opt: [0.6585414423965291, 0.31708289112639076, 8.902583243237468e-10, 7.278275916617527e-10, 0.3170828216936653, 0.34145855163958116, 7.798005955825515e-10, 3.6645917602726582e-9, 1.6691884127188412e-7, 2.688710644387513e-9, 5.658288039356657e-10, 0.001111572013581703, 0.0011115768869597998, 0.34257012229870143, 0.3414585497261989, 0.13780241557337827, 3.1191014653862374e-9, 0.342570127489653, 1.6853896191819805e-7, 0.520739024995583, 0.053806803001149685, 1.7284767667363152e-9, 0.317082822621165, 0.3425701556925431, 2.882218654015654e-9, 3.730226543635043e-9, 0.13780242262072243, 2.7182481616246707e-9, 5.792392664690344e-10, 4.649177720803357e-9, 1.6953440596238062e-7, 1.6969199120230037e-7, 1.6644451635409738e-7, 4.371707933022333e-10, 2.1454327538340203e-8, 1.6776540649575016e-7, 7.317182432478503e-10, 9.941641282788599e-10, 0.3414585719444698, 7.823526023183033e-9, 1.9362814402227346e-9, 5.983977166823081e-10, 2.2449606361167523e-9, 1.6055172477485854e-7, 4.834788244779044e-10, 0.13780243349707075, 0.13780243090155736, 1.8473392931160976e-9, 0.1378024341009, 0.13780241165483592, 9.861977588644966e-10, 0.13780243462103017, 6.513107260836369e-10, 2.8044685678321606e-9, 0.13780242263526749, 2.208786906846683e-9, 0.6585413758909195, 0.2036562507573185, 1.906151497869293e-9, 1.2541519233301815e-8, 1.8151422169384544e-9, 0.3414585717438068, 7.826616744923547e-10, 0.34145854438817763, 1.6720320520381936e-7, 0.13780242220920888, 1.317710585032775e-9, 3.9981987049683736e-10, 6.822204762031502e-10, 0.3414585537354555, 1.0955757429179095e-9, 6.409508607548756e-10, 9.011557209519961e-10, 1.0066152565337385e-9, 1.1724247958903668e-9, 4.669905334636202e-10, 0.3414585496542117, 1.6435463915876648e-9, 0.13780241938960763, 0.28463791905546265, 1.1655322691650825e-9, 5.849064651775689e-10, 5.211898323466822e-10, 1.4923535421319312e-9, 6.488405525705078e-10, 0.341458545699864, 0.3414585499786038, 0.13780228443555984, 1.6523822208615053e-7, 1.2705373709643657e-9, 0.3414585453847873, 1.6420166119525427e-7, 1.3711103748844656e-9, 0.13780242238494422, 0.13780228489750052, 6.4603953342133e-10, 5.489221582354049e-10, 1.6663044656886725e-7, 3.5364190501243895e-9, 0.13780228324004382]
v_opt: [0.3952653582054858, 0.6585414426291951, 0.43367697020052465, 0.1165939646208413, 0.08101880960917497]
solution time: 0.014595985412597656
McCormick lower bound: -6.020652292870926

