x_opt: [0.6438518945712073, 0.3561481646555328, 0.6438519071770945, 0.06684224775149263, 0.6438516779674044, 0.15632123173569307, 0.8436788837153884, 0.4117465922279627, 0.35614935612755083, 0.35614801618999004, 0.19725396578181909, 0.6438506412648954, 0.3561483147198838, 0.15632111924317815, 0.3561483090194623, 0.3561485691839911, 0.06684224771211474, 1.2115690922928583e-8, 0.06684250341644675, 0.06684230869103688]
w_opt: [0.6438518926994973, 0.2877035748704235, 3.4794728598027605e-9, 3.916773283475823e-9, 0.287702538256871, 0.3561483044625913, 2.7224178571937593e-9, 2.0798793680792112e-7, 0.06684224219619388, 6.9610423555884005e-9, 3.1890582218309507e-9, 7.373733846179871e-8, 1.280722941238523e-8, 0.3561481487793421, 0.35614801349167774, 0.15632111206410113, 1.3987172119023243e-8, 0.356148162398727, 0.06684223950168605, 0.48753079321419907, 0.05559850148393269, 2.3710073140522485e-9, 0.28770255849054627, 0.35614855892330105, 1.1118870030420652e-8, 1.0238485348113615e-8, 0.06684250118206807, 7.3441582075051125e-9, 1.8452810572405605e-9, 1.2590110225988196e-8, 0.06684224390528307, 0.06684224346129611, 0.06684222304098147, 2.276739333506657e-9, 1.753744018342771e-7, 0.06684224441843231, 2.918004135506681e-9, 5.6409520111693655e-9, 0.356149354015089, 9.894272048752718e-9, 2.96055356252298e-9, 3.3547800591774327e-9, 5.568444023988539e-9, 0.06684220070400458, 2.1193334183684465e-9, 0.15632122134260054, 0.15632122227281828, 4.612537463064327e-9, 0.15632122781499028, 0.15632110827527, 5.1898583744669925e-9, 0.15632122924438216, 3.00691717314129e-9, 6.751386621882609e-9, 0.06684250032657366, 6.670064766043856e-9, 0.6438506377695115, 0.19982747061050854, 6.271750781709483e-9, 6.525535950913378e-9, 8.600784579488078e-9, 0.3561493537771827, 3.227959375256463e-9, 0.35614830252200164, 0.06684224300932903, 0.06684249982912067, 3.438942595172607e-9, 2.334656306417299e-9, 5.876052306465321e-9, 0.3561483123692109, 4.099633926782341e-9, 2.712492622503028e-9, 3.645948184161996e-9, 5.6041175233697295e-9, 5.506727880082618e-9, 2.229472588625934e-9, 0.35614801349726505, 4.5916408727030385e-9, 0.06684248041581016, 0.19725396365872164, 3.917331239334231e-9, 2.5230690178639986e-9, 2.6858518490211574e-9, 5.928175411069316e-9, 2.7169458011630107e-9, 0.3561483061257622, 0.3561481185338865, 0.06684230451061289, 0.0668422391864722, 5.462214040787199e-9, 0.3561483050956602, 0.06684222711136499, 3.6142888435393343e-9, 0.06684249925898889, 0.06684230540953227, 2.6114969968914377e-9, 2.6074083740872596e-9, 0.06684221690853047, 9.401215253679391e-9, 0.06684230521844495]
v_opt: [0.4117465899796589, 0.6438519036873356, 0.4145450641926458, 0.12684169922696248, 0.038910024320477916]
solution time: 0.013052940368652344
McCormick lower bound: -6.65964987421417

