x_opt: [0.6596174036489055, 0.34038259601382626, 0.6596174066472228, 3.3183810011916364e-8, 0.6596174020576909, 0.13787430600774817, 0.8621257036445299, 0.39844344330855014, 0.34038260127194997, 0.3403825924605877, 0.28932364217299217, 0.6596171179161673, 0.3403825969191468, 0.13787429629137873, 0.3403825960468304, 0.3403825978291489, 3.2102140814679475e-8, 3.1539668878472683e-9, 0.13787429855497876, 0.13787429551616065]
w_opt: [0.6596174031407851, 0.31923480643463775, 8.727181006623484e-10, 8.913136474051537e-10, 0.319234522022071, 0.34038259461476866, 8.805048581250162e-10, 6.203221997057941e-9, 3.078582798534382e-8, 1.893304806992641e-9, 5.701027667929476e-10, 2.380897962270003e-9, 6.814108946550761e-9, 0.3403825912604516, 0.34038259148380473, 0.1378742949212359, 3.915608172784028e-9, 0.34038259527792825, 3.1392737131638284e-8, 0.521743110858445, 0.058060851300225626, 1.4139804842685805e-9, 0.31923452714863804, 0.34038259503810403, 2.7076583088693238e-9, 2.5861266536035385e-9, 0.13787429782550864, 1.9596332923431427e-9, 5.047199641445894e-10, 2.952248460018788e-9, 3.183738108147253e-8, 3.2372744989496814e-8, 2.8440392132511953e-8, 5.472664506929602e-10, 8.147525165071791e-9, 3.130011616390513e-8, 7.966125413609904e-10, 1.2083540303313601e-9, 0.34038260062849657, 4.802470319151165e-9, 7.822135957350587e-10, 7.379926944080265e-10, 1.4510542061073706e-9, 2.654157781097097e-8, 6.290627263664353e-10, 0.13787430436690437, 0.1378743029784739, 1.4246374810982048e-9, 0.13787430518417107, 0.13787429363986206, 1.0232542315051657e-9, 0.13787430545680576, 6.895366815896341e-10, 1.878587832046364e-9, 0.13787429764203088, 1.5301360504056517e-9, 0.6596171171518099, 0.20250834227308723, 1.1126469029071922e-9, 4.65958438701297e-9, 5.381559234859793e-9, 0.34038260050679453, 8.48252297855711e-10, 0.34038259426699086, 3.0617091606520934e-8, 0.13787429762638068, 9.261191233289262e-10, 4.3225135226910536e-10, 6.686835687977159e-10, 0.3403825963902383, 1.563821804311503e-9, 6.192891306440042e-10, 1.0071261986682963e-9, 1.4615017999322573e-9, 1.559865747172086e-9, 6.061982796725354e-10, 0.3403825914478163, 1.0975547456349188e-9, 0.1378742932876585, 0.2893236415367852, 9.655380358117938e-10, 8.142665225151818e-10, 7.311365865033743e-10, 1.2668169342851973e-9, 6.055626308843831e-10, 0.34038259541436205, 0.34038257105381997, 0.13787429459100084, 2.9829079705247934e-8, 1.2469399409772804e-9, 0.3403825950443919, 2.791563105033306e-8, 1.0823178214094738e-9, 0.13787429776650056, 0.13787429485095629, 6.246404824609588e-10, 5.680346366604148e-10, 3.0595361463309846e-8, 2.4447916754974887e-9, 0.13787429457455888]
v_opt: [0.39844344269214643, 0.6596174057589854, 0.43509512194403926, 0.11586030946366964, 0.08370821073927893]
solution time: 0.014139890670776367
McCormick lower bound: -5.58316064773902

