x_opt: [0.6305274001320373, 0.36947251179152635, 0.6305275209911503, 0.05821068288840344, 0.6305274755381018, 0.15461227097142008, 0.845392261465413, 0.3951739763098877, 0.3694725296631924, 0.3694724930172717, 0.16947599298562957, 0.6305274300688796, 0.3694725081592028, 0.15460775405957816, 0.369472506014319, 0.36947252247163465, 0.05821065749134431, 1.2642968336980285e-8, 0.058212091660350115, 0.058212108222425084]
w_opt: [0.6305273957177754, 0.26105487779890624, 2.8974877417041943e-9, 3.52484993064437e-9, 0.2610548332745376, 0.3694724964323224, 3.1984917366674966e-9, 1.779453191454927e-8, 0.0582106516205535, 7.674533783676902e-9, 3.5615314249634244e-9, 3.506997372562887e-8, 4.929355140067081e-8, 0.3694724865542323, 0.3694724893367273, 0.15460774704680924, 1.3598300827452613e-8, 0.3694725074803718, 0.058210673923158124, 0.4759197844216361, 0.025701499138446774, 2.264854365395907e-8, 0.2610549631614298, 0.36947250899964024, 1.357688296871173e-8, 1.1014443533514509e-8, 0.058212089686600806, 1.2585144354542967e-8, 1.9027859283211084e-9, 1.8143546555451862e-8, 0.05821067926319455, 0.05821067749460962, 0.05821065240677822, 1.9766164315001704e-9, 2.0167583088310988e-7, 0.058210654306818814, 2.73898002319732e-9, 4.842493957687058e-9, 0.3694725277820386, 1.4584197855881735e-8, 4.407123013088261e-9, 3.2293253725748084e-9, 1.067010487569544e-8, 0.05821061084173289, 1.9070493575738627e-9, 0.1546122601661634, 0.15461226139981832, 4.928443755757079e-9, 0.15461226716562904, 0.1546077222803098, 5.155102741001123e-9, 0.15461226897613464, 2.8296865495670815e-9, 7.669355493797482e-9, 0.05821208930283755, 1.1965939375377897e-8, 0.6305274271208858, 0.2148649691031974, 1.8831378387905316e-8, 1.308066998851871e-8, 2.400628070372374e-8, 0.3694725274548473, 3.1991937139967843e-9, 0.3694725009345872, 0.058210653044696824, 0.05821208814051923, 4.302872146145848e-9, 2.0449467045476933e-9, 3.4453774032989898e-9, 0.3694725046427273, 3.8707255800778634e-9, 2.7787594617048107e-9, 3.459054834416175e-9, 5.421051155214207e-9, 5.094413219161674e-9, 2.100353002902872e-9, 0.3694724912008224, 5.796150979116551e-9, 0.0582120732132343, 0.1694759913787075, 4.386571267816251e-9, 2.3566602282577736e-9, 2.4500459367015192e-9, 9.190413051306322e-9, 2.747650540141808e-9, 0.3694725027229223, 0.36947237490399076, 0.058212103713103626, 0.05821064859615523, 7.184091058490046e-9, 0.3694725008846154, 0.05821063724416004, 3.699533247523111e-9, 0.05821208809504702, 0.05821210194163048, 2.8028190446225366e-9, 2.3709826339571087e-9, 0.058210638651464856, 1.0410189699236044e-8, 0.05821208725710139]
v_opt: [0.3951739741358119, 0.6305275175881743, 0.39756490192563326, 0.13651023211950666, 0.02872233323078744]
solution time: 0.013392925262451172
McCormick lower bound: -7.518160743671448

