x_opt: [0.7908459963466006, 0.3148159113124747, 0.7908459975276202, 0.20915392490977883, 0.7908460251410587, 0.20915385295036715, 0.7908461448116079, 0.4707273606774638, 0.26667500937680433, 0.20915398913645664, 0.2091539902479535, 0.7333249882420018, 0.20915398564094, 0.2091538389995273, 0.2091539629063943, 0.31481595067225354, 0.20915382529424195, 2.0378298779133616e-8, 0.20915384970695766, 0.20915380923452184]
w_opt: [0.790845989947194, 0.5816920233397517, 4.363516846634329e-9, 3.0027534691386686e-9, 0.5241709871752281, 0.2091539681995484, 3.3989926411222953e-9, 1.7477842271043054e-8, 0.2091538180871571, 1.382450319455778e-8, 2.2369939428539695e-9, 0.10566191149861225, 0.10566196179706419, 0.3148158816206353, 0.20915398645825917, 0.20915383400768345, 2.002821319533975e-8, 0.3148159082447277, 0.20915391205165756, 0.5816921441311028, 0.2615733609923245, 7.950900269712599e-9, 0.5241710043594064, 0.3148159223963352, 1.570326165083935e-8, 1.7614196796254048e-8, 0.20915384727308464, 1.1224677481808053e-8, 2.898462154399322e-9, 3.564062173595389e-8, 0.20915392076268488, 0.20915392092214893, 0.2091538914854278, 1.925170756658734e-9, 2.2800833293215502e-7, 0.2091538232086014, 2.7789333603982483e-9, 4.966112663257558e-9, 0.266675007582744, 8.282999520480149e-8, 1.279478156697392e-8, 2.3810479001993376e-9, 6.919652209150454e-9, 0.20915371817515818, 2.2020339853733554e-9, 0.2091538450508593, 0.20915384133614148, 6.808538210607473e-9, 0.20915384868200693, 0.20915381949374318, 4.681571941692579e-9, 0.209153850826304, 3.170214461989428e-9, 1.4379085393785263e-8, 0.20915384713682375, 1.2012484315216135e-8, 0.733324986082048, 8.17829573277612e-6, 4.019549700041137e-9, 1.175914774925207e-8, 3.321270718593177e-8, 0.2666750061546104, 3.532903584807086e-9, 0.20915395244097693, 0.20915382129617716, 0.20915384518318997, 6.722488685767743e-9, 2.0376718650892602e-9, 5.6018846392312565e-9, 0.20915398243198569, 4.094105194776491e-9, 3.051169734216546e-9, 3.771598888891899e-9, 4.41398559066543e-9, 5.500602819864421e-9, 1.7208322880396339e-9, 0.20915398405194602, 1.26325383197962e-8, 0.20915382044101316, 0.20915398775794758, 5.5320782230838e-9, 2.019611977173345e-9, 2.1374985837730106e-9, 6.476957790240462e-9, 2.8390481479338594e-9, 0.20915396046207338, 0.20915395650401022, 0.2091538045574456, 0.20915380474764034, 5.264977461428911e-9, 0.20915395830982286, 0.2091538009829097, 6.858543470781923e-9, 0.20915384518853053, 0.20915380657381885, 2.7445071907173833e-9, 2.5002190150362406e-9, 0.20915379629791878, 1.701329918324718e-8, 0.20915380575293308]
v_opt: [0.47072735738993415, 0.790845994408206, 0.625437573223529, 0.043745395163874976, 0.04374542702049847]
solution time: 0.012305021286010742
McCormick lower bound: -4.870779734496599

