x_opt: [0.6595828216748509, 0.3404511736046338, 0.6595828237239089, 6.028442622292378e-7, 0.6595828231980195, 0.13787281396441317, 0.8621272012024838, 0.39834148097752686, 0.3404174596659662, 0.34041717233189744, 0.28916985252833427, 0.6595825361222225, 0.3404171760640344, 0.13787279834565025, 0.3404171715567577, 0.3404512194893243, 6.006824562032175e-7, 6.714926379304855e-9, 0.13787279495053098, 0.1378684803072032]
w_opt: [0.6595828201917138, 0.31916564590353336, 1.9448985724599903e-9, 1.6165385697266957e-9, 0.31916535898724463, 0.34041717099679686, 1.5703733633836227e-9, 6.926380843827279e-9, 5.977338543928568e-7, 3.967370130184938e-9, 1.20300035733458e-9, 3.399846913257763e-5, 3.400402598016517e-5, 0.34045116498645045, 0.34041717104616925, 0.1378727955889099, 5.5148441549613524e-9, 0.34045117222579074, 5.988180859896135e-7, 0.5217100259631524, 0.05792430596451841, 3.077708857773291e-9, 0.3191653647703949, 0.3404512127116074, 4.931361952286491e-9, 5.604324413503114e-9, 0.1378727936801499, 3.555097762207917e-9, 1.1874454586605478e-9, 6.38854460621868e-9, 6.006555377984293e-7, 6.009391150048511e-7, 5.945133096433002e-7, 1.0139975672604454e-9, 2.713202918879068e-8, 5.992182968888649e-7, 1.4517898138337052e-9, 2.1915990554277187e-9, 0.3404174585413539, 1.109373910377446e-8, 2.4620124948681184e-9, 1.3150748363953493e-9, 3.004433163826185e-9, 5.85240179375461e-7, 1.0407968047746798e-9, 0.13787281054245035, 0.13787280852762226, 2.9254274781056793e-9, 0.13787281201753201, 0.13787279331317823, 1.930235315723334e-9, 0.1378728128613392, 1.3719477273604493e-9, 4.0322214626623e-9, 0.13787279354489052, 3.3881212409624265e-9, 0.6595825347527062, 0.20254446522294106, 2.3799287897484356e-9, 4.904842823864365e-9, 5.3432163722014505e-9, 0.3404174582045642, 1.6198619824173063e-9, 0.3404171678127804, 5.982663095743649e-7, 0.13787279297302463, 2.2455058840000923e-9, 9.109432970097015e-10, 1.8101415405084455e-9, 0.34041717495353946, 2.13223313981667e-9, 1.339209261902981e-9, 1.759145409844137e-9, 2.1469394193983315e-9, 2.345910055841399e-9, 1.0183560632035262e-9, 0.34041717076568784, 2.7690458135871475e-9, 0.13787278576761736, 0.28916984870360596, 1.9353968113799567e-9, 1.253419882596222e-9, 1.1714074229657724e-9, 2.852293744202966e-9, 1.2737274237240325e-9, 0.34041717027177204, 0.3404171531374627, 0.13786847816657685, 5.962454459290494e-7, 2.4122656875693852e-9, 0.3404171695949564, 5.932174498564737e-7, 2.2090906693419263e-9, 0.13787279310134257, 0.1378684791459376, 1.2904702806289211e-9, 1.1593632061629677e-9, 5.971445219235842e-7, 5.183667249736162e-9, 0.13786847882129524]
v_opt: [0.398341479510949, 0.6595828219670967, 0.43504956664877176, 0.11588387574473406, 0.08361926238118085]
solution time: 0.014229059219360352
McCormick lower bound: -5.779683438934503

