x_opt: [0.7908459996794636, 0.31481593779449996, 0.7908460118399121, 0.20915384676354787, 0.7908460054529527, 0.20915386279854928, 0.7908461328326724, 0.4707274835087935, 0.26667512148256206, 0.20915400195417855, 0.2091539229822595, 0.7333248618333873, 0.20915400225550942, 0.20915386140179756, 0.20915393266164148, 0.3148159651487273, 0.20915383538040375, 9.633969084831487e-9, 0.20915384136317744, 0.2091538274065224]
w_opt: [0.7908459947358855, 0.5816920056652983, 4.284128805219194e-9, 7.88348944226313e-10, 0.5241708623843981, 0.20915399597342274, 1.0379525165653693e-9, 6.11604455858904e-9, 0.20915383297355694, 7.048496811350166e-9, 8.156236597002615e-10, 0.10566195045374209, 0.10566195596187657, 0.3148159258146905, 0.20915400126440487, 0.20915385963172164, 8.950257439830702e-9, 0.3148159368233837, 0.20915384163104328, 0.581692145146942, 0.2615734961065803, 3.3972551469470574e-8, 0.5241708797319208, 0.3148159563578017, 7.509430917527108e-9, 8.82196327084565e-9, 0.2091538406772569, 4.248585686199897e-9, 7.818811508308617e-10, 1.8699242746847272e-8, 0.20915384543163776, 0.20915384551790764, 0.20915383596500778, 5.923206535911774e-10, 1.484064927727782e-7, 0.20915383477106594, 1.0066738780616802e-9, 2.1932025536246287e-9, 0.26667512101169105, 3.9414667271104325e-8, 1.0032275571771021e-8, 7.664801647766544e-10, 2.2573110827749033e-9, 0.20915378598059817, 6.963454822143969e-10, 0.20915385973792094, 0.20915385777118292, 3.29060096216704e-9, 0.20915386165980832, 0.209153849505653, 1.97710900195255e-9, 0.20915386224473265, 1.120727810686816e-9, 7.310893383551554e-9, 0.20915384070885717, 5.089235187726978e-9, 0.7333248612514386, 2.1311893128466393e-6, 2.0126354414214323e-9, 3.977762977352905e-9, 1.2757194218289128e-8, 0.26667512064815724, 1.1332434581404812e-9, 0.20915392854213913, 0.2091538341228672, 0.2091538396661066, 2.4869973635539062e-9, 7.035752779572128e-10, 2.087364802223542e-9, 0.2091540016165875, 1.4528750509349694e-9, 1.0407638409949752e-9, 1.370950587335028e-9, 1.6145159440125163e-9, 2.0716557298340503e-9, 4.867656697564655e-10, 0.20915400013098825, 5.320230068942385e-9, 0.20915383220089556, 0.20915392300114782, 2.3403815449662435e-9, 5.437409389000666e-10, 6.068955237373802e-10, 2.5966246279033956e-9, 1.061209392784526e-9, 0.20915393202215585, 0.20915398033518715, 0.20915382591986414, 0.20915382776539335, 1.9864386161871797e-9, 0.2091539312320744, 0.20915382713040512, 3.0945682894320152e-9, 0.2091538395930597, 0.20915382620795278, 9.264186725816897e-10, 9.010087142513066e-10, 0.20915382240248967, 8.588757537609287e-9, 0.20915382186700654]
v_opt: [0.47072748250681934, 0.7908460109512921, 0.6254377083262547, 0.043745397508576735, 0.043745368056763156]
solution time: 0.013267993927001953
McCormick lower bound: -5.057443735832418

