x_opt: [0.7907253193168515, 0.31537287994083735, 0.7907256188715375, 0.20927343218357217, 0.7907249026002425, 0.2092732112556234, 0.7907267676300633, 0.47005714974880947, 0.2670229922026091, 0.20927473187050183, 0.20769819011944943, 0.7329768845233441, 0.2092747446089811, 0.20927322529551384, 0.2092735379249115, 0.3153728870361976, 0.20927316804647977, 3.175791333964776e-8, 0.2092731477816185, 0.209273185736774]
w_opt: [0.7907253059519042, 0.581450226828642, 5.613521662195007e-8, 6.439803548572971e-9, 0.5237022118736928, 0.2092747032270842, 9.266416790775426e-9, 2.1844514192445176e-8, 0.2092731503104118, 1.8383618030824037e-8, 7.241961734760494e-9, 0.10609850721179104, 0.10609784375305786, 0.3153728247450131, 0.20927472437742134, 0.2092732116439271, 3.0391623915402384e-8, 0.3153728693876232, 0.2092734062071947, 0.581452391190361, 0.260782776663176, 3.662507968154636e-7, 0.5237025373786333, 0.3153728232475923, 2.497484320677163e-8, 2.6047349955736858e-8, 0.20927314158220328, 2.1853209797831842e-8, 8.314170661986423e-9, 4.718751337864344e-8, 0.2092734220426376, 0.20927342213685904, 0.2092733919762547, 5.2678040491127785e-9, 1.9174915165950165e-7, 0.20927316373318636, 6.852690879152922e-9, 1.052871122451786e-8, 0.26702298758567367, 1.9076179310917465e-8, 1.4009510259940512e-9, 5.903769067648359e-9, 1.301850903625805e-8, 0.20927306008851454, 5.098384489902099e-9, 0.20927319273169673, 0.2092731765326694, 1.9980664027598634e-8, 0.2092732014153062, 0.20927316163309712, 1.1341807378852755e-8, 0.2092732055384099, 7.913112317445795e-9, 1.9360925031938677e-8, 0.2092731407716587, 2.3765132181404603e-8, 0.7329768789032848, 2.186856714963503e-6, 1.749594150067629e-8, 2.2283755864689906e-8, 6.524842357599884e-8, 0.2670229831632905, 9.037985864201421e-9, 0.20927351015169857, 0.2092731578194837, 0.20927313703059638, 2.064068289627631e-8, 5.1553978822304945e-9, 1.128447008298331e-8, 0.20927473793734858, 9.653185062116972e-9, 8.159383281816617e-9, 8.115827793036356e-9, 1.035699756470606e-8, 1.2419622352326326e-8, 4.832384766995226e-9, 0.20927472345749185, 2.900897703337965e-8, 0.2092731075143827, 0.20769818397703851, 9.986349568983149e-9, 5.716368504287955e-9, 5.639396076041154e-9, 1.8090062218178864e-8, 6.914420740750628e-9, 0.20927353187126885, 0.20927461836425112, 0.20927317356946387, 0.20927309925942192, 1.2895333812332735e-8, 0.20927352520542505, 0.209273128793944, 1.2147952047411817e-8, 0.2092731363881376, 0.2092731801828353, 7.443408376746703e-9, 6.191430302814183e-9, 0.20927309754560405, 2.3850220825970198e-8, 0.2092731249897493]
v_opt: [0.4700571415602009, 0.7907256102926776, 0.6252565116306041, 0.04379598530587635, 0.04313866716809415]
solution time: 0.013303995132446289
McCormick lower bound: -5.022760375899919

