x_opt: [0.7611201507032874, 0.3456296586026742, 0.7611201892874859, 0.23887818577294465, 0.7611206434965558, 0.19360785052812612, 0.8063921790522929, 0.3850196436299735, 0.23889650576155508, 0.23887985317375948, 0.2054203540403311, 0.7611034707342382, 0.2388798376744325, 0.19360782108261185, 0.2388789048738992, 0.34562967339966844, 0.19360780390187607, 3.717178903942826e-8, 0.19360776514054662, 0.19360768829019803]
w_opt: [0.7611201312045474, 0.5222408003637933, 2.5815781761429095e-8, 8.225263264199367e-9, 0.5222236311924834, 0.2388798035427938, 8.804739500565368e-9, 2.294932416697514e-8, 0.1936077840454026, 2.147326958164984e-8, 8.839574964914782e-9, 0.10674985695432372, 0.10675035581153453, 0.34562960101059276, 0.23887984480769445, 0.1936078049682888, 3.047438555675402e-8, 0.34562964724016176, 0.23887815942865173, 0.5675123731132053, 0.14613983946296974, 7.274484255046351e-8, 0.5222236949773219, 0.34562960606920284, 2.827095754625404e-8, 3.189061689810174e-8, 0.1936077592187148, 2.2851673149953158e-8, 8.514842811833173e-9, 5.170686676844046e-8, 0.23887817646718928, 0.23887817292351937, 0.23887813886824072, 4.982899461516036e-9, 2.2869835683417964e-7, 0.19360779917701548, 7.073891721172179e-9, 1.1487564807127303e-8, 0.2388965006878929, 6.184191367321505e-7, 5.017396114349485e-7, 6.791637414984508e-9, 6.423780863051268e-8, 0.1936076902022094, 4.896625830416798e-9, 0.1936078280379977, 0.19360782334273327, 1.8686751160312166e-8, 0.19360783727398398, 0.19360776015726344, 1.2352011561698508e-8, 0.19360784486807484, 7.671120680421489e-9, 2.2657996050683648e-8, 0.19360775858149823, 3.228641014558636e-8, 0.7611034647557037, 0.04527268821275203, 2.3394904906518378e-8, 3.5480891270694525e-8, 6.950488529364596e-8, 0.23889649814669503, 8.989816458527162e-9, 0.238878886070326, 0.19360779289896077, 0.19360775172152273, 2.0628995093045352e-8, 5.382035122475355e-9, 1.275434794827702e-8, 0.23887983102790653, 9.090524420691121e-9, 8.565375986288692e-9, 8.29694194212609e-9, 9.459195443297034e-9, 1.0931847023333146e-8, 4.822387458798952e-9, 0.23887982951776832, 2.735710581994778e-8, 0.19360772534481507, 0.20542034907731319, 1.1672730105330507e-8, 5.5738941957823485e-9, 5.0702799925478786e-9, 1.9773327191361865e-8, 7.974404224476144e-9, 0.2388788982352315, 0.23887961815298384, 0.1936076724960645, 0.1936076484229257, 1.5547304855766775e-8, 0.238878893184105, 0.1936077618487932, 1.2448878967062852e-8, 0.19360775279919007, 0.19360767908611692, 8.15850962214519e-9, 6.507686626719327e-9, 0.1936076031712612, 2.9253092069036276e-8, 0.1936076691305427]
v_opt: [0.3850196356345243, 0.7611201790059544, 0.5793051523224042, 0.05706366019874366, 0.04219755333437067]
solution time: 0.014566898345947266
McCormick lower bound: -6.959374955766091

