x_opt: [0.6338902207010022, 0.36610977844605364, 0.6338902401268545, 0.06496310514395225, 0.6338902137639313, 0.22616391173370334, 0.9350181744724121, 0.36610979700322, 0.36610979522645615, 0.3661097701542441, 0.1798877144103729, 0.6338901946070697, 0.3661097775700924, 0.06498184758585744, 0.36610977524754695, 0.36610978223657037, 0.06496310227464777, 2.907973170034158e-9, 0.06496334183420108, 0.06496333979975429]
w_opt: [0.6338902195247247, 0.26778043512682126, 8.667866091602033e-10, 8.822924574259501e-10, 0.26778041591150314, 0.36610977496564046, 7.993738082312109e-10, 7.265661379452915e-9, 0.06496310061488245, 1.7862040707797398e-9, 1.0601638222410803e-9, 1.9299881429085992e-8, 1.7782401106304612e-8, 0.36610977117174853, 0.36610976803265516, 0.06498184531645732, 2.9968026791601294e-9, 0.3661097754542594, 0.06496310241665923, 0.5689084150460382, 3.759522519716027e-8, 1.5014449495348645e-8, 0.26778043752157976, 0.3661097789920545, 4.3766174250397305e-9, 2.5782487219260466e-9, 0.06496334139643596, 4.569778074875922e-9, 5.145041556897369e-10, 5.982222768166601e-9, 0.06496310414785972, 0.06496310377227885, 0.06496309410166196, 4.83129078437954e-10, 5.7981561185591316e-8, 0.06496310123745043, 7.466587200636582e-10, 1.4495426532126805e-9, 0.36610979478803296, 3.792283488128669e-9, 9.533800245243441e-10, 8.515376775472144e-10, 3.829744637230509e-9, 0.06496308458941977, 4.711211592781403e-10, 0.22616390904345196, 0.22616390912242967, 1.397391983998517e-9, 0.22616391056547303, 0.06498183926652032, 1.2401072942949412e-9, 0.226163911302418, 7.476573049504835e-10, 1.7926491308105064e-9, 0.06496334130830494, 3.6901968066536805e-9, 0.6338901939342979, 0.30112805708292323, 2.2681083224914988e-8, 3.944708429995944e-9, 5.512700737101148e-9, 0.3661097944845628, 8.207566763820527e-10, 0.3661097717776945, 0.06496310100057325, 0.06496334086831686, 1.3666445452284119e-9, 5.202605219825177e-10, 1.1566757729459737e-9, 0.3661097769559995, 9.548289256566356e-10, 7.407965960721208e-10, 8.109205322290073e-10, 1.289721352700662e-9, 1.1987001105984154e-9, 4.0838784035793756e-10, 0.3661097697677763, 1.6134893312993577e-9, 0.06496333489906432, 0.17988771407274554, 1.0080021412548097e-9, 5.849463100237575e-10, 4.2356130598060034e-10, 2.1677834771525225e-9, 6.969594198141122e-10, 0.36610977465908223, 0.36610973379200035, 0.06496333840409937, 0.06496310004453756, 2.2999868868508043e-9, 0.36610977327082606, 0.06496309688332376, 8.941019873190837e-10, 0.06496334091824867, 0.06496333865397308, 7.786873377638931e-10, 5.717070769320877e-10, 0.06496309502102726, 2.4296260307961683e-9, 0.0649633331245758]
v_opt: [0.3661097964714995, 0.6338902393328355, 0.4018168219145126, 0.13403636443298603, 0.03235961001316824]
solution time: 0.013349056243896484
McCormick lower bound: -9.032760388538204

