x_opt: [0.7435452863188166, 0.3261606852750408, 0.7435452913521602, 0.17260421955422217, 0.7435452852535681, 0.17260577848288164, 0.8273943103387555, 0.4192816796553991, 0.2564547570473833, 0.25645471153599647, 0.25390803486121133, 0.7435452367984277, 0.2564547129608665, 0.17260568917986113, 0.2564546989688417, 0.3261607464156642, 0.17260421537725257, 5.657665195592579e-9, 0.1726056691461248, 0.17260442455388453]
w_opt: [0.7435452845795357, 0.4870905723859207, 2.0891491717448496e-9, 1.2263466010642284e-9, 0.48709052409309495, 0.25645470863335945, 1.1971588390236029e-9, 5.4549038888060186e-9, 0.17260421299435605, 3.4231455108024663e-9, 9.836579996935454e-10, 0.06970597752020637, 0.0697059772829585, 0.32616067779927405, 0.25645471054746904, 0.17260568692285042, 4.415116459348916e-9, 0.3261606842265258, 0.172604216244244, 0.5709396024531525, 0.16282697194643475, 7.007676044503874e-9, 0.4870905323262329, 0.32616074044219595, 3.918139967020482e-9, 4.805420628236218e-9, 0.17260566819250023, 3.1492396487305558e-9, 9.443705590155071e-10, 5.447818761230454e-9, 0.1726042179371028, 0.17260421797002035, 0.17260421320263505, 7.909638343567159e-10, 3.234433435353033e-8, 0.17260421429106107, 1.1320971590228726e-9, 1.7417109059221273e-9, 0.25645475621471825, 9.498438801543285e-9, 1.3073771253592534e-9, 1.0317797020055873e-9, 2.2261283222550834e-9, 0.17260420127155432, 7.834802004000576e-10, 0.1726057754506267, 0.17260577414956724, 2.3203436234263e-9, 0.17260577680799563, 0.17260568445157567, 1.5676898530476543e-9, 0.17260577760962972, 1.1028483055654883e-9, 3.566510044439389e-9, 0.17260566811080977, 2.883077180961141e-9, 0.743545235751664, 0.08384909670536203, 2.12243363008898e-9, 3.1846679107681463e-9, 5.157879101579023e-9, 0.25645475592753564, 1.2884308479467703e-9, 0.25645469588119985, 0.17260421356895925, 0.17260566755983278, 1.8945287348866518e-9, 7.488401870980183e-10, 1.7002147457117354e-9, 0.25645471201942494, 1.5622265678281456e-9, 1.0791004773698756e-9, 1.3602526164544948e-9, 1.6761127170620567e-9, 1.822716763396386e-9, 7.985007847989523e-10, 0.25645471035054124, 2.4016749196770315e-9, 0.17260566159851107, 0.2539080340102083, 1.5817337444070903e-9, 9.314844617616513e-10, 9.173660593762722e-10, 2.5954737993451756e-9, 1.0347553506388217e-9, 0.25645469801339993, 0.2564546813525268, 0.1726044227962011, 0.17260421158183475, 1.951613147052599e-9, 0.25645469743811455, 0.1726042095248247, 1.7682244555514946e-9, 0.17260566759232696, 0.17260442365162948, 1.0267337957835116e-9, 9.373751701866117e-10, 0.17260421169066564, 4.461433604481101e-9, 0.17260442175240828]
v_opt: [0.4192816785254258, 0.7435452899383529, 0.5528597378189026, 0.0657690657076571, 0.0644693092935381]
solution time: 0.013874053955078125
McCormick lower bound: -5.885568685583621

