x_opt: [0.669711144874801, 0.33029028995050036, 0.6697111546535945, 0.08358686713496244, 0.6697097309550786, 0.15965369037284063, 0.840346640169283, 0.44390545297150014, 0.33031787742335345, 0.33028869262349403, 0.25110104871943073, 0.6696821369111684, 0.3302902510983209, 0.1596533615772823, 0.3302902259775233, 0.3302995327081144, 0.08358685049411373, 9.719629373174784e-8, 0.0836043320044608, 0.08358691079876097]
w_opt: [0.6697111166145565, 0.3394208859223298, 1.2104932898554024e-8, 1.916571783301313e-8, 0.3393932937570498, 0.3302901937366494, 1.56254237156571e-8, 1.394075384709662e-6, 0.08358682119419372, 6.441641944126006e-8, 1.4309783262252995e-8, 1.4538450689756743e-6, 2.0831711823309143e-7, 0.3302901819583697, 0.33028867966945613, 0.15965332937626778, 9.238620085716696e-8, 0.3302902789854993, 0.0835868213855525, 0.5100578062279593, 0.11361661928073577, 2.0509885728984443e-8, 0.33939334903023477, 0.3302994715834073, 6.923144510605064e-8, 8.617955138654971e-8, 0.08360431969027196, 4.487480044028534e-8, 1.0010776345418253e-8, 8.784550712835433e-8, 0.08358684459471176, 0.08358684603924361, 0.08358673772969451, 1.1814135176223245e-8, 5.565436294767464e-7, 0.08358683296108071, 1.704331872990445e-8, 2.936869731986549e-8, 0.3303178665190597, 3.730670209041469e-8, 1.8815725119326365e-8, 1.584891405579376e-8, 3.878013021292929e-8, 0.08358660645416421, 1.1498421440148806e-8, 0.15965364098991863, 0.1596536314986063, 2.6597410377572588e-8, 0.1596536715758757, 0.15965329666769743, 2.5866252464936215e-8, 0.15965367826496293, 1.6148043104653783e-8, 6.408816077140176e-8, 0.08360431649620627, 3.9438386503195284e-8, 0.6696821204343829, 0.17063724035752137, 2.212780289921098e-8, 3.6323963162692966e-8, 5.204950658262514e-8, 0.3303178639879309, 1.7245092248381145e-8, 0.33029018699148016, 0.08358682491053719, 0.08360431320320362, 1.934997488435636e-8, 1.1255300855860321e-8, 4.5851055057060274e-8, 0.33029023998562224, 2.3677699654664924e-8, 1.3993400679391101e-8, 2.236934380037583e-8, 3.151371200683909e-8, 3.173197657896703e-8, 1.116041898868396e-8, 0.33028867978886617, 2.681048171524369e-8, 0.08360421187364814, 0.2511010371688941, 2.6241579621433682e-8, 1.3767389497071394e-8, 1.348998157969625e-8, 2.639708659538776e-8, 1.4788035110401726e-8, 0.3302902123631413, 0.3302901871491567, 0.08358689031142298, 0.08358680414682779, 2.8799296619535548e-8, 0.3302902097335033, 0.08358674663607929, 2.4643775522328647e-8, 0.0836043120077874, 0.0835868937955744, 1.3636136161157035e-8, 1.4024570805873704e-8, 0.08358678130288566, 8.240287701068284e-8, 0.08358689920172814]
v_opt: [0.44390544040077, 0.6697111372788039, 0.44851201851220096, 0.10909065519970795, 0.06305175088978644]
solution time: 0.017807960510253906
McCormick lower bound: -5.860691426471246

