x_opt: [0.7364955009090228, 0.2635044899534643, 0.7364955288582992, 0.08389593854065423, 0.7364954800764997, 0.24855101398052565, 0.7514489936761141, 0.6745594572023459, 0.42464790512910183, 0.26350448885632544, 0.2072541785668891, 0.5753520582463645, 0.26350451097016353, 0.24855101046868172, 0.26350448259598414, 0.2635045116602936, 0.08389592676455415, 1.834726916895137e-8, 0.0838959043754116, 0.08389589479768728]
w_opt: [0.7364954968547531, 0.4729909842114306, 7.917677344143218e-9, 5.588546527229562e-9, 0.3118475627188133, 0.26350449406579884, 4.151658479993732e-9, 3.232401892695366e-8, 0.0838959189922641, 1.1029320481737689e-8, 4.707245640784196e-9, 2.1584070838697606e-8, 3.156351853970997e-8, 0.2635044636036981, 0.26350448302405816, 0.2485510009515345, 2.67606136272755e-8, 0.2635044863423508, 0.08389592649266954, 0.4879445259195751, 0.4110549894392225, 2.8656832013295812e-8, 0.31184760410787515, 0.2635044960619145, 1.4726251982142769e-8, 1.557195440449154e-8, 0.08389590109761154, 1.0332039995951317e-8, 2.672445795778683e-9, 1.9883396355880986e-8, 0.08389593297547225, 0.08389593157433896, 0.08389590568166848, 3.4753183522704894e-9, 1.217155114798273e-7, 0.08389592255496922, 4.115017072046031e-9, 8.376475154424083e-9, 0.42464790225471094, 2.3121927920837165e-8, 4.259124815281992e-9, 4.903133777150499e-9, 8.018774123124042e-9, 0.08389586622402712, 3.1642548708395156e-9, 0.24855099744266665, 0.2485509985079813, 6.729799250391377e-9, 0.24855100850016756, 0.24855097985210806, 8.125814242757958e-9, 0.24855101032972507, 4.6265818142995256e-9, 1.0739697288282993e-8, 0.08389589969802476, 1.0244159417104696e-8, 0.5753520529793131, 0.014953576654939228, 8.984592369774284e-9, 9.590370691826158e-9, 1.3112031849690273e-8, 0.4246479015428895, 4.6864254256985525e-9, 0.2635044711434731, 0.08389592024619245, 0.08389589940909442, 4.977443177668593e-9, 3.5699865328222576e-9, 1.3309058209717048e-8, 0.2635045070476296, 5.967912833568084e-9, 3.936094256164217e-9, 5.3460869653412365e-9, 9.313034749850994e-9, 8.915988623458331e-9, 3.2770639092250084e-9, 0.26350448389358494, 7.224359983330651e-9, 0.08389587045997778, 0.20725417537005805, 6.0237871144424526e-9, 3.727598838618058e-9, 4.149510283208196e-9, 8.201586418262973e-9, 3.860864113516603e-9, 0.26350447893051115, 0.2635043515744138, 0.08389588883114607, 0.083895913606594, 7.834303767309091e-9, 0.26350447589205744, 0.08389590023782166, 5.295425793523446e-9, 0.08389589838459675, 0.08389588939571979, 3.774535043969182e-9, 3.8863641126653605e-9, 0.08389586014104095, 1.4487661821665281e-8, 0.08389588673593178]
v_opt: [0.6745594540651781, 0.7364955240152189, 0.5424286690979299, 0.06943511734101536, 0.04295442251839227]
solution time: 0.015121936798095703
McCormick lower bound: -5.9412715490317405

