x_opt: [0.6540086690175131, 0.3459913198580954, 0.654008768576057, 0.07342103990116673, 0.6540082890709169, 0.15762549973079631, 0.8423746545777494, 0.4243796175897124, 0.3459939799191598, 0.3459911975602163, 0.2184294638817985, 0.6540060075186762, 0.34599168290967414, 0.15762535531103694, 0.34599164415790085, 0.3459917007667098, 0.07342102947681975, 6.220682669608114e-8, 0.07342120434638082, 0.07342110068171599]
w_opt: [0.6540086566013386, 0.3080169673957517, 1.7146566294402463e-8, 1.787349986550157e-8, 0.30801468620143657, 0.3459916346425713, 1.2729840072105603e-8, 3.964740627577911e-7, 0.0734210059970532, 3.922380294100173e-8, 1.2908634947377098e-8, 9.633222166215644e-8, 7.27969624078243e-8, 0.34599122827240225, 0.34599118403353146, 0.1576253241460619, 1.031030087724747e-7, 0.3459913091139959, 0.07342100455785686, 0.4963834329723107, 0.07838839535796338, 4.6174833263036915e-8, 0.3080148283821163, 0.3459916495876456, 5.874973400608708e-8, 5.434551561623921e-8, 0.07342119463675048, 3.47442089506256e-8, 7.404849152537375e-9, 7.086523100362303e-8, 0.07342102296394606, 0.07342102367524653, 0.07342093748459234, 9.937309897396846e-9, 2.8907537318910343e-7, 0.07342101651488878, 1.2859035164746179e-8, 2.5791032996217663e-8, 0.345993971562693, 6.306112295028537e-8, 1.2003093193246122e-8, 1.458713360117135e-8, 2.6807172579909783e-8, 0.073420850991032, 9.78177442480437e-9, 0.15762545079685547, 0.1576254493650851, 2.2162310288050153e-8, 0.15762548478540694, 0.1576252956772686, 2.759305242186538e-8, 0.1576254897570358, 1.3636872513664394e-8, 3.8745748501043686e-8, 0.07342119064706332, 3.295123924393606e-8, 0.6540059922866182, 0.18836675321317467, 2.557234441760837e-8, 4.076727943468781e-8, 4.4314017058477465e-8, 0.3459939695978677, 1.4391936284046795e-8, 0.34599161043386667, 0.0734210088250515, 0.07342118926775691, 1.4563208341770227e-8, 9.808520033559437e-9, 2.6803240106572662e-8, 0.3459916735076636, 2.036982480525138e-8, 1.1461575353561674e-8, 1.7433723554281794e-8, 2.987478615251143e-8, 3.1201511534697975e-8, 9.966898645409208e-9, 0.3459911845661219, 2.1036707809456284e-8, 0.07342109014385446, 0.21842945504338449, 2.0037723537474855e-8, 1.1412568707353713e-8, 1.2791201844699107e-8, 2.8152607794933808e-8, 1.1728548148317398e-8, 0.34599163405799155, 0.34599113744726295, 0.07342108444067522, 0.07342098980507625, 2.4621655880569416e-8, 0.3459916267430935, 0.07342093438260704, 1.6911965532295494e-8, 0.07342118839939202, 0.07342108772180074, 1.1246575468948857e-8, 1.1320002654347373e-8, 0.0734209734609154, 5.137663568715119e-8, 0.07342107929635011]
v_opt: [0.4243796084773002, 0.654008754771832, 0.427726846479472, 0.11971071812703159, 0.04771172673958192]
solution time: 0.01459503173828125
McCormick lower bound: -6.118216710296062

