x_opt: [0.2875639305928575, 0.12151474917934668, 0.8962864148007973, 0.1037225279941224, 0.8784709043782345, 0.12152873875087931, 0.8784711690375444, 0.8784775187102954, 0.8784701950501845, 0.10371111039018815, 0.12152182144015769, 0.7124409591770338, 0.1215288365954519, 0.12152877169627574, 0.10371351579214111, 0.3928476018238077, 0.10372234213048655, 9.391133524834365e-8, 0.10371341508815266, 0.10371343914051205]
w_opt: [0.28756391854067304, 0.16603484448979472, 2.8325512203519467e-8, 1.9134455433049916e-8, 4.901783959774762e-6, 0.1215286945206196, 2.2759291798114527e-8, 9.980422431540082e-8, 0.1037223137833, 6.267778773943906e-8, 1.3110295724375186e-8, 0.017801173145457472, 6.544419133606111e-8, 0.12151463918427764, 0.10371109117907232, 0.12151467830211359, 2.461465204038751e-7, 0.12151473597234219, 0.10372246824243711, 0.7747575979558303, 0.774763964484014, 1.3057884245592848e-7, 0.6087274891385107, 0.39284752156352976, 8.8001411667309e-6, 7.336540844457654e-8, 0.10371339884745047, 4.134676882920834e-8, 1.0154079462410984e-8, 1.2959220946273686e-7, 0.1037225042767514, 0.10372250712899421, 0.10371095009064953, 1.7483605174099936e-8, 6.9311124842186e-7, 0.10372232482261946, 1.5675977706513527e-8, 3.5298383901874495e-8, 0.8784701848683938, 7.093004301331759e-8, 1.6457945836518185e-8, 1.8163148768028328e-8, 2.189916907294364e-8, 0.10372184964301233, 1.3591134872899079e-8, 0.12152868362978742, 0.12152862824453609, 3.211642573296326e-8, 0.12152870575385369, 0.12152847837617706, 3.094087947775264e-8, 0.12152871849114931, 2.582120574621283e-8, 5.963670364356563e-8, 0.10371339265814594, 3.550449800043435e-8, 0.7124409410317728, 7.187465404217054e-6, 1.4429694033141639e-8, 2.31646384818552e-8, 6.083685750871937e-8, 0.8784701441008982, 2.632465760322172e-8, 0.10371340619865771, 0.10372232094570784, 0.10371339845345429, 2.6704923979608478e-8, 2.16443655031918e-8, 0.5909112604665653, 0.12152881589836352, 2.225331483615307e-8, 1.4435457364079e-8, 2.3629847230578192e-8, 5.6040778921249505e-8, 6.115274123430629e-8, 1.4916447895692402e-8, 0.10371107322440079, 3.844553396000844e-8, 0.10371020528651896, 0.12152179238920036, 2.6406894241143853e-8, 1.4112292397225975e-8, 3.264675836624254e-8, 3.166562378130009e-8, 1.3781359677063168e-8, 0.10371350122658925, 0.12152831795404362, 0.10371342180184903, 0.10372223840431875, 2.1953200500875565e-8, 0.10371349330850886, 0.10371339797716973, 2.7953691750306143e-8, 0.10371338041243416, 0.10371340773496812, 1.2976160916045408e-8, 1.8685185119294778e-8, 0.10371339636543062, 7.350748838811703e-8, 0.10371337296103403]
v_opt: [0.8784775057388671, 0.8962864006534548, 0.7717144173775484, 0.010756095939958158, 0.014767573501011455]
solution time: 0.013550996780395508
McCormick lower bound: -3.4626947023409116

