x_opt: [0.28099405773389563, 0.09848688728684198, 0.9015138390308848, 0.10949358579216217, 0.8905063681657702, 0.09848621196577362, 0.7190060240122632, 0.9015138313530161, 0.8905063613843403, 1.6154064475217255e-7, 0.0984858723206251, 0.7190059411682826, 0.09848621962204172, 0.09848686626515757, 0.09848616264403708, 0.28897809539976743, 0.09848624019296796, 1.2610509844887888e-8, 0.0984861628616896, 0.09848615441055449]
w_opt: [0.28099405490544604, 0.17150042683674915, 4.4781494470805265e-9, 2.1328863163141244e-9, 2.7294203979124004e-9, 0.09848619218200302, 5.254135138665317e-9, 1.9122852669867322e-8, 0.09848623672258577, 8.562877393988401e-9, 1.342687920601607e-9, 7.276958843698761e-7, 3.8597159383109726e-8, 0.09848687487450734, 1.5873044266256522e-7, 0.0984868639063912, 3.115563713817471e-8, 0.09848688440001076, 0.10949357694980714, 0.620519864641276, 0.8030276941057111, 1.392002450805726e-8, 0.6205197954713481, 0.2889780825287408, 8.715122454133312e-8, 7.592019926114692e-9, 0.09848616044895228, 5.723774140354835e-9, 4.483200306608231e-9, 2.45945923787544e-8, 0.1094935825348857, 0.10949358236757961, 1.472588478829562e-7, 2.296910748528278e-9, 8.87360187958496e-8, 0.09848623849531422, 1.8436249742268846e-9, 4.1041777273918745e-9, 0.8905063600546974, 2.5280154693104457e-8, 1.8243210438235889e-9, 2.033268146578815e-9, 3.0959003066325688e-9, 0.09848617201263182, 2.0722204677077087e-9, 0.098486207312118, 0.09848618646323722, 6.298577778455224e-9, 0.09848620764998904, 0.09848620309483753, 3.1907180265033446e-9, 0.09848620914047276, 3.634997324136528e-9, 8.163193685167072e-9, 0.09848615717285526, 4.244534807985946e-9, 0.719005938674356, 4.2954878698752905e-7, 1.8308577960957697e-9, 3.483582902856408e-9, 2.3756560823438697e-8, 0.8905063578737374, 2.5320953955021688e-9, 0.09848613178973752, 0.09848623789751051, 0.09848616092695141, 1.2114114840596835e-8, 2.108910161142129e-9, 0.6095123067595771, 0.09848621565056731, 2.8262826259410283e-9, 1.8418602076636027e-9, 2.865512113523449e-9, 7.842471272864265e-9, 6.838450334061631e-9, 1.87294052481726e-9, 1.5636964903736624e-7, 6.6249973261447395e-9, 1.0399638171294835e-7, 0.09848584939287501, 3.2269409179582324e-9, 1.6603085238913985e-9, 7.3843767493594564e-9, 4.0945953458379254e-9, 1.6012524975363832e-9, 0.09848615974972029, 0.09848616760608209, 0.09848615178657452, 0.09848600495282102, 2.1842820616483603e-9, 0.09848615890466558, 0.09848613988679726, 4.510450493940444e-9, 0.09848615183207336, 0.09848615114707138, 1.5170083499609122e-9, 2.3700047270198354e-9, 0.09848614644145245, 9.254414049046309e-9, 0.09848614822356958]
v_opt: [0.9015138295669194, 0.9015138375425218, 0.793001993665493, 3.645525128902244e-9, 0.009699467364769362]
solution time: 0.014804840087890625
McCormick lower bound: -2.740919856858986

