x_opt: [0.7881725378411945, 0.3272347387544799, 0.7881725407521654, 0.21182745862873775, 0.7881725349142622, 0.2118274599878041, 0.7881725381615536, 0.45576876459157806, 0.2744214060910134, 0.21182746209221232, 0.17667425846923512, 0.725578594726993, 0.21182746277091588, 0.2118274612078542, 0.21182745390425065, 0.32723473942179804, 0.2118274567766374, 3.6175230554941476e-10, 0.2118274522700991, 0.21182745227164124]
w_opt: [0.7881725375399914, 0.5763450727849305, 9.744016563086608e-11, 4.997564662438855e-11, 0.5137511326295771, 0.21182746212089862, 8.53847293958142e-11, 5.570852878506081e-10, 0.21182745663736244, 2.6093464783810524e-10, 8.648534021978034e-11, 0.11540727955601247, 0.11540727477038426, 0.3272347381036623, 0.21182746204544176, 0.21182746105657854, 4.725661297100406e-10, 0.32723473871868536, 0.21182745834471542, 0.5763450789399428, 0.24394130540106196, 3.1354582349814467e-9, 0.5137511359081395, 0.3272347385825028, 6.361951604665264e-10, 3.270513472536504e-10, 0.2118274522375334, 3.817923909088778e-10, 6.701701358507373e-11, 8.58014505144739e-10, 0.21182745857050045, 0.21182745857883284, 0.21182745762459065, 3.564892863229446e-11, 3.36399191569002e-9, 0.2118274567530675, 4.1463577469640654e-11, 1.1523029332991034e-10, 0.2744214060631132, 1.0590270408664827e-9, 1.590096146644942e-10, 6.117734769934185e-11, 1.8468552116321944e-10, 0.21182745509994566, 4.470942887586743e-11, 0.21182745976702286, 0.21182745958429278, 2.460972321647119e-10, 0.21182745974542502, 0.21182745936866892, 1.6066037699101325e-10, 0.2118274599514934, 8.325867258056037e-11, 2.568283331057634e-10, 0.21182745223548702, 3.2977051910283456e-10, 0.7255785946687754, 4.236410522534415e-8, 1.5785090504422772e-10, 2.8945030462587167e-10, 8.556491033256997e-10, 0.27442140604806786, 7.095615915421546e-11, 0.21182745350244891, 0.21182745671701916, 0.21182745217852086, 2.406726708080172e-10, 6.446145708055898e-11, 1.4294056504622684e-9, 0.21182746273310618, 6.829993022898361e-11, 7.635543166780668e-11, 5.838404449115621e-11, 1.0077525522741159e-10, 1.3911429584854643e-10, 2.439263093738887e-11, 0.21182746200190145, 5.270360323734804e-10, 0.21182745180966994, 0.17667425843071874, 1.2542005456016253e-10, 2.790829754262759e-11, 4.067774875679305e-11, 2.357526339618788e-10, 7.418436641725833e-11, 0.21182745386568652, 0.21182746150463144, 0.21182745218443028, 0.21182745611457984, 1.1224485967568787e-10, 0.21182745380631987, 0.2118274530502463, 1.1211903211869145e-10, 0.2118274520597198, 0.21182745223906851, 6.490823717197945e-11, 6.066645610578082e-11, 0.2118274517316166, 3.0637077592939686e-10, 0.21182745203301168]
v_opt: [0.45576876454234877, 0.788172540701752, 0.6212177356936727, 0.044870875945437615, 0.031213797357036416]
solution time: 0.01260995864868164
McCormick lower bound: -4.819256292643116

