x_opt: [0.654915449099339, 0.345086325172392, 0.6549154500049267, 1.036936891323968e-7, 0.6549154478809462, 0.13915133999130083, 0.860848840590551, 0.3862333775664108, 0.34508455592195353, 0.345084548501268, 0.2652829120820045, 0.6549154417158292, 0.3450845498395994, 0.13915115968279568, 0.3450845478069826, 0.34508634175850866, 1.0285395319949663e-7, 3.060938206881468e-9, 0.1391511563997431, 0.12969549130773442]
w_opt: [0.6549154483294887, 0.3098308979305927, 9.11045917423852e-10, 7.530119938845089e-10, 0.3098308913898903, 0.3450845475908072, 6.899310578236763e-10, 3.058439955311668e-9, 1.014802943601585e-7, 1.7998581665910294e-9, 5.801423424883687e-10, 1.7756975910258168e-6, 1.7767309150771383e-6, 0.34508632108578574, 0.3450845478599237, 0.13915115837034053, 2.43133435022543e-9, 0.34508632451015336, 1.0189252413992668e-7, 0.5157642910601642, 0.0411488280979992, 1.5325925170533627e-9, 0.30983089392766877, 0.34508633856974663, 2.296876699952013e-9, 2.5816843178936966e-9, 0.13915115583439688, 1.7156520891197495e-9, 5.478552566532324e-10, 2.826581829515543e-9, 1.027215570412893e-7, 1.0279536262311767e-7, 1.0012464792185269e-7, 4.523614954282645e-10, 1.1336953426030526e-8, 1.0216765946563789e-7, 6.668687688630687e-10, 9.866348777403896e-10, 0.34508455539326627, 4.604986224973548e-9, 1.1021713526448403e-9, 5.991165764405661e-10, 1.391592980499061e-9, 9.625117923755131e-8, 4.643759616191314e-10, 0.13915133836456436, 0.1391513376060428, 1.3278644678476172e-9, 0.13915133906303562, 0.13915115763700428, 9.016506657484624e-10, 0.13915133949722583, 6.148842556157668e-10, 1.8413235606427038e-9, 0.13915115580827336, 1.6679281799452103e-9, 0.654915441090309, 0.20593343665482075, 1.3690901127162355e-9, 2.141929493100069e-9, 2.338116160423363e-9, 0.3450845552746894, 7.497315662483581e-10, 0.34508454615909856, 1.017334281446846e-7, 0.13915115544940218, 1.0644502278503457e-9, 4.1622256484028857e-10, 7.959504310616859e-10, 0.34508454930826393, 9.639582816490688e-10, 6.208142391404889e-10, 7.977896730393308e-10, 9.414791288877217e-10, 1.0374675300883173e-9, 4.785369888632862e-10, 0.3450845477145156, 1.288132397866275e-9, 0.13915115240176715, 0.26528291160383394, 8.955174857926091e-10, 5.699614739661814e-10, 5.346631926809484e-10, 1.525606494257939e-9, 6.041502633329445e-10, 0.345084547223538, 0.34508453855675736, 0.12969549026642854, 1.0099232882108693e-7, 1.1751648384086678e-9, 0.34508454691064466, 9.96034980231249e-8, 1.001532708812762e-9, 0.13915115554013646, 0.12969549077680184, 6.070434103108169e-10, 5.303388945591435e-10, 1.012152225919398e-7, 2.380274679366084e-9, 0.1296954905709359]
v_opt: [0.38623337688125015, 0.6549154491353399, 0.42891424868483385, 0.11908334763311669, 0.07037505794275761]
solution time: 0.03502392768859863
McCormick lower bound: -6.429081302858749

