x_opt: [0.34834493440115716, 0.1473375798286905, 0.8967971115877753, 0.10320297032649638, 0.8526624013841891, 0.14733665678999694, 0.8526623652080522, 0.8967970765008453, 0.8526623359957226, 0.10320288578985724, 0.1032029125150915, 0.6516551689261418, 0.14733665517004213, 0.14733757300692504, 0.10320287560124898, 0.36834938298176506, 0.10320292038828409, 8.620839494136687e-9, 0.10320286828063514, 0.10320286707762957]
w_opt: [0.348344932310172, 0.2010073370068365, 3.6533740949068453e-9, 1.450421969793778e-9, 1.0458664166765546e-7, 0.1473366427674082, 2.1903864951500954e-9, 8.664945550525429e-9, 0.10320291779312259, 5.88662322407133e-9, 1.0657247083702151e-9, 0.044134692402116434, 5.150734225070842e-8, 0.14733756922614255, 0.10320288413988456, 0.14733757000668568, 1.770247591674962e-8, 0.1473375785507417, 0.10320296388116124, 0.7494594777852476, 0.7935941915101283, 1.2115952245626438e-8, 0.5484522917525688, 0.36834937078252306, 4.174056107057714e-8, 6.806617500310972e-9, 0.10320286696949336, 7.538461186914022e-9, 1.2158555770589491e-9, 1.5207938888288295e-8, 0.10320296835511548, 0.10320296817220176, 0.10320285945503493, 1.2807251995973236e-9, 7.950071513104573e-8, 0.10320291926011928, 1.2562570890546558e-9, 2.8489359443636275e-9, 0.8526623351639033, 1.424665941657553e-8, 1.5081802039248898e-9, 1.7566097714489597e-9, 2.5391723861060813e-9, 0.10320287956830905, 1.2275517210046904e-9, 0.14733665311660013, 0.14733664628145443, 4.188836106208296e-9, 0.14733665171266871, 0.1473366492359839, 2.4724376339451806e-9, 0.1473366554109414, 2.161803335030108e-9, 5.677939887768214e-9, 0.10320286671963091, 4.3782860193577135e-9, 0.6516551674735475, 6.844241287342175e-7, 1.3279897413416817e-9, 3.227997219100381e-9, 8.626059586286444e-9, 0.8526623341269203, 2.4975676874982004e-9, 0.10320286308555349, 0.10320291873598358, 0.10320286671825468, 3.787994500899973e-9, 1.5144161733176878e-9, 0.5043175320066292, 0.14733665293727108, 1.9275549700823756e-9, 1.3649602408358917e-9, 1.792579989747414e-9, 3.99512868470286e-9, 4.39423695249182e-9, 1.1159140578894483e-9, 0.10320288393433884, 6.188524915452057e-9, 0.10320278330460177, 0.10320291003043047, 2.5293835225773957e-9, 1.045311304496814e-9, 2.236020735535169e-9, 3.4410963089944444e-9, 1.2506548283784012e-9, 0.10320287428926599, 0.1473366343426232, 0.10320286542600032, 0.1032029097080271, 1.8592781737371707e-9, 0.1032028733335347, 0.10320286040375025, 2.914207843657063e-9, 0.10320286232240633, 0.10320286554725841, 1.1674228956967126e-9, 1.547949404247548e-9, 0.10320286052254303, 6.829054735870168e-9, 0.10320286223192328]
v_opt: [0.8967970753236173, 0.8967971104131252, 0.7270331845996102, 0.010650838061870702, 0.01065088749351277]
solution time: 0.015499114990234375
McCormick lower bound: -3.3596932718016825

