x_opt: [0.28756556044740894, 0.11369222014737095, 0.904373125369713, 0.11369106955257863, 0.8863090035402253, 0.09562680750101635, 0.7124345579943584, 0.9043717405912163, 0.8863089935857499, 1.8494732570042313e-6, 0.09562660036368231, 0.7124345088284318, 0.09562678549744437, 0.11368346781872303, 0.09562655814876768, 0.2850407012035557, 0.11368754143805944, 3.382607867523968e-8, 0.09562661241726422, 0.09562652652057164]
w_opt: [0.2875655543862932, 0.1738745665972057, 8.033245132067417e-9, 4.656149267923013e-9, 8.186795231872639e-8, 0.09562669959560492, 7.99126780014545e-9, 1.9665393459482784e-8, 0.11368753281396576, 2.199115003378337e-8, 3.3841720820189027e-9, 0.018065349555177846, 1.262853042490045e-6, 0.11369219827449407, 1.8407665834761145e-6, 0.11368344259804188, 2.8197238776633777e-8, 0.113692216639427, 0.11369105046568063, 0.6168076872739886, 0.8087448887711401, 4.8998860184649896e-8, 0.616807670831214, 0.28504067125008303, 0.01806067978947842, 2.4156587870961886e-8, 0.09562660764525424, 3.964135024457259e-8, 8.656282534343086e-8, 3.77639907667278e-8, 0.1136910636414829, 0.11369106270169162, 1.823809696059813e-6, 4.7101022702529854e-9, 2.0066247762101384e-7, 0.11368753800774861, 4.105305566579949e-9, 7.96650616617937e-9, 0.8863089905917546, 3.077338181559472e-8, 4.84163587475585e-9, 3.965404175326178e-9, 6.862755857667583e-9, 0.11368743842652737, 3.6460041666549728e-9, 0.0956267944949977, 0.09562677352339098, 1.1998893961529014e-8, 0.09562677386067395, 0.09562679397741565, 6.997150533761697e-9, 0.09562680039612995, 7.376106976513924e-9, 2.192692668870538e-8, 0.09562659063784729, 8.698813432872172e-9, 0.7124345039583673, 1.7608782019070405e-6, 4.434817123086799e-9, 6.8261769262140116e-9, 2.5447637591715112e-8, 0.886308986013006, 6.858728832573408e-9, 0.09562649022754349, 0.11368753656198843, 0.0956266075187053, 6.280613422912736e-8, 5.229622664308594e-9, 0.5987435122698358, 0.0956267732708103, 4.657757449489124e-9, 7.503472778265045e-9, 6.1413733098281035e-9, 8.799019194158177e-9, 1.0139911500461666e-8, 3.731991409424152e-9, 1.8388342272712503e-6, 1.776631204384123e-8, 1.7911297260804454e-6, 0.09562658338503252, 6.994867922942668e-9, 3.2708964228131285e-9, 8.566324807476783e-9, 1.0290017896927738e-8, 4.1719612801190136e-9, 0.0956265448164537, 0.09562669292619724, 0.09562651809227807, 0.11368331633491034, 5.2149315282796015e-9, 0.09562654916967792, 0.09562653260848636, 9.91235948299141e-9, 0.0956265462712456, 0.09562651437096445, 3.6365580599761724e-9, 5.660975330868469e-9, 0.09562651260242395, 2.5052547168762822e-8, 0.09562652037741955]
v_opt: [0.9043717361533317, 0.9043731215655842, 0.7855451316179398, 2.418691457921035e-8, 0.009144488278634502]
solution time: 0.014738082885742188
McCormick lower bound: -3.0798195414117426

