x_opt: [0.7530213803945845, 0.24697863906692916, 0.8556432354441442, 0.14435677066488306, 0.7530213826800192, 0.24697861596792323, 0.7530213830178136, 0.801403469862507, 0.4803745293148533, 0.14435677576835676, 0.1661297706749462, 0.5196255056342467, 0.24697861522685685, 0.2469786132704548, 0.1443567580101691, 0.24697866303050806, 0.14435676518329182, 2.0655604483906008e-9, 0.14435675234140902, 0.14435675706768633]
w_opt: [0.7530213797767586, 0.5060427632687629, 7.291972899946627e-10, 3.848645631947935e-10, 0.27264688638483797, 0.24697861230590598, 7.305368158110111e-10, 1.6890364744757237e-9, 0.14435676433716993, 1.3310748723195716e-9, 2.818675753741082e-10, 0.10262187485581004, 4.881654147921761e-8, 0.24697863614092608, 0.14435677536784455, 0.24697861231218293, 2.712292755432202e-9, 0.24697863872671474, 0.1443567689407513, 0.6086646187149565, 0.6570467058796914, 1.2054346187111902e-8, 0.3752687435436443, 0.24697865942772187, 4.183630185386912e-9, 1.6477941078053075e-9, 0.14435675198453612, 1.7538911910872368e-9, 4.0287436466981905e-10, 5.0291974654656065e-9, 0.14435677013410006, 0.144356770115402, 0.1443567684025378, 3.036795946485726e-10, 2.7042359789291178e-8, 0.1443567648367882, 3.34396239389701e-10, 6.505403684478137e-10, 0.48037452909972217, 9.769340762621458e-9, 7.738188544509102e-10, 4.1105976743066704e-10, 6.821019521034485e-10, 0.14435675366327733, 2.965574166023922e-10, 0.24697861493767073, 0.24697861357483944, 1.169273125506731e-9, 0.24697861399145857, 0.24697861134276483, 6.684460646834556e-10, 0.24697861557805384, 4.809760516418238e-10, 1.357846771321862e-9, 0.1443567519962937, 1.224177866963889e-9, 0.5196255052802174, 2.3652175448378807e-7, 5.488692089296432e-10, 1.0075515388879468e-9, 2.4366788540242187e-9, 0.4803745288211378, 4.370317143967107e-10, 0.14435675576207319, 0.14435676470642836, 0.14435675183210292, 7.816502340103723e-10, 3.153677059388371e-10, 4.046460594205237e-8, 0.24697861466082222, 5.016254509009277e-10, 4.0367959575566046e-10, 4.6443488364500615e-10, 7.132325453014073e-10, 8.88611754294553e-10, 2.484894688021194e-10, 0.14435677540211692, 1.9894183063723925e-9, 0.1443567478195207, 0.1661297701866626, 6.010955959028757e-10, 2.6961676956948065e-10, 3.8980600699221385e-10, 1.0204509790967456e-9, 3.4113634834245495e-10, 0.14435675765062025, 0.2469785872398966, 0.1443567565602845, 0.1443567630058349, 5.721124039309934e-10, 0.14435675732869618, 0.14435675323802516, 7.469125969081365e-10, 0.14435675096943812, 0.1443567566814133, 3.4875153506562104e-10, 3.6077405675531837e-10, 0.1443567547325838, 1.584814703666021e-9, 0.1443567517471782]
v_opt: [0.801403469473325, 0.8556432350814067, 0.5670412274555718, 0.02083888259447637, 0.0275991156488875]
solution time: 0.013185977935791016
McCormick lower bound: -3.793051755653649

