x_opt: [0.6289711987649809, 0.3710288000828715, 0.6289712051893203, 0.005216214745707043, 0.6289711946020178, 0.1406139015196154, 0.8594182845629869, 0.3710292414481186, 0.371028865514944, 0.3710287949790652, 0.2061700698745496, 0.6289711301492076, 0.37102880515538367, 0.14058172059956967, 0.37102879933420824, 0.37102880582526887, 0.005216213938673146, 7.153206060781533e-9, 0.0982383282947062, 0.09823832148207697]
w_opt: [0.6289711972375729, 0.25794239477218334, 2.427283368569208e-9, 2.0583393343657793e-9, 0.2579423303378757, 0.37102879986571385, 1.5037996303087302e-9, 1.0349723707427278e-8, 0.005216210636912475, 4.212601426881816e-9, 1.7163306832383792e-9, 6.616131731878457e-9, 1.1906926068200087e-8, 0.3710287902137473, 0.3710287933618943, 0.14058171676464096, 6.4329038026978805e-9, 0.3710287984617217, 0.005216210414164624, 0.4883894909137691, 4.4781177392072186e-7, 5.001989175971221e-9, 0.2579423407059055, 0.3710287991273611, 6.130359745252232e-9, 6.146344943241919e-9, 0.09823832704361489, 4.501614567853269e-9, 1.1600979958928497e-9, 6.472822397500939e-9, 0.0052162125429842335, 0.00521621238281577, 0.005216204899432465, 1.1366531912492025e-9, 4.9306587824130146e-8, 0.005216212074414586, 1.6195154079509742e-9, 2.6659798500599572e-9, 0.37102886422460896, 8.642972893102829e-9, 3.0451164881083697e-9, 1.6416933928334798e-9, 3.7075661769463174e-9, 0.00521619569402235, 1.1154463878132163e-9, 0.14061389652057907, 0.1406138962908055, 2.8117469322606785e-9, 0.14061389919090395, 0.14058171529412747, 2.5846386280434347e-9, 0.14061390028902992, 1.5321271304051402e-9, 4.209015044578533e-9, 0.09823832682590626, 4.207705932346412e-9, 0.6289711284322428, 0.23044718019371455, 6.830286809095183e-9, 3.7204824396463675e-9, 4.494168924007193e-9, 0.37102886397610446, 1.8351032274336826e-9, 0.37102879439055525, 0.005216211122265225, 0.0982383260202025, 2.252295365774996e-9, 1.1222118257716637e-9, 2.280721376154626e-9, 0.3710288038968508, 2.312721345537111e-9, 1.5373789434470024e-9, 1.9432238095237504e-9, 2.4720012345906626e-9, 2.643213993414039e-9, 1.186480926996822e-9, 0.3710287934050599, 2.8037252565990376e-9, 0.0982383187418757, 0.20617006879789504, 2.2270839855473524e-9, 1.3946657010568088e-9, 1.2988981181093952e-9, 3.828336129994164e-9, 1.5296106661659483e-9, 0.3710287979155003, 0.3710287552649981, 0.09823831886871497, 0.005216209800029891, 3.2524039493668765e-9, 0.37102879690090546, 0.005216205504117966, 2.1198914879738116e-9, 0.0982383261048981, 0.0982383199730458, 1.53521301045509e-9, 1.3407123787609214e-9, 0.005216209670661407, 5.645094437596754e-9, 0.09823831930622508]
v_opt: [0.3710292400235391, 0.6289712029496259, 0.39560479408576843, 0.13766237408339677, 0.042506398518079566]
solution time: 0.01411294937133789
McCormick lower bound: -7.914011033188841

