x_opt: [0.653786878048889, 0.34621403286679353, 0.6537868774306882, 1.0550537713786351e-7, 0.6537868753858638, 0.14305541270299735, 0.868302834884529, 0.39031914580200977, 0.34621314720410207, 0.3462131157782872, 0.2747457994909996, 0.653786849096772, 0.34621312333499626, 0.13169716492973957, 0.3462131223163146, 0.34621496734742435, 1.0385670427756723e-7, 2.973790115838654e-9, 0.13169716662405379, 0.13169382375099986]
w_opt: [0.6537868764908416, 0.30757375377665985, 6.368199686390186e-10, 5.828802347763579e-10, 0.3075737275637447, 0.3462131215297258, 5.607944905113085e-10, 5.335064465099553e-9, 1.02860791690182e-7, 1.8815161398084338e-9, 4.514982073636067e-10, 9.106287931177426e-7, 9.116968732301745e-7, 0.3462140289457033, 0.3462131154103865, 0.13169716399290282, 2.1154502972285006e-9, 0.3462140324696966, 1.0414084938153142e-7, 0.5220897126880865, 0.04410602362753298, 7.822529103076858e-10, 0.30757372821578105, 0.3462149652954585, 1.8867261974341496e-9, 2.5952112346943295e-9, 0.13169716619046332, 2.6782397013431076e-9, 3.7546368117590933e-10, 2.7330396353477517e-9, 1.0469618267275163e-7, 1.0479754920643012e-7, 1.0190204284920498e-7, 3.6106632003841594e-10, 9.838941147414025e-9, 1.0328555287906395e-7, 5.708459465045187e-10, 7.542536560679789e-10, 0.3462131467841923, 2.9856928394264248e-9, 8.269460896776817e-10, 4.908718029258864e-10, 1.4680248614629523e-9, 9.871354431861018e-8, 3.6559673003624516e-10, 0.1430554114457298, 0.14305541114928128, 8.885511244252635e-10, 0.1430554120602089, 0.13169716300326798, 7.071795956675641e-10, 0.14305541232996669, 4.799817407703534e-10, 1.8996336614213496e-9, 0.13169716615641192, 1.3711021365037193e-9, 0.6537868485830208, 0.2145159935827476, 8.846057269068215e-10, 2.5537902370958147e-9, 1.8922102175541876e-9, 0.3462131467067521, 5.858986494047586e-10, 0.3462131212685532, 1.0292937337176873e-7, 0.13169716600441014, 7.581814894044475e-10, 3.176339721359106e-10, 6.398517458936134e-10, 0.34621312296606416, 8.397426600867573e-10, 4.595896325414246e-10, 7.216033721874026e-10, 8.998071506807187e-10, 9.118316361646352e-10, 3.7773650557768104e-10, 0.3462131153010119, 9.6261073666758e-10, 0.13169716386153416, 0.2747457991162391, 7.855496471541984e-10, 4.827956998386745e-10, 4.396284218094407e-10, 9.908706892533842e-10, 4.734174211392666e-10, 0.3462131218573396, 0.3462131108364207, 0.13169382302676289, 1.0237781079484962e-7, 9.813635147090405e-10, 0.3462131217501912, 1.0076430638223787e-7, 8.479552570944619e-10, 0.13169716601938214, 0.13169382306895952, 4.6169053228281787e-10, 4.255949531564508e-10, 1.0274952891999718e-7, 2.4545452396073517e-9, 0.1316938221145559]
v_opt: [0.3903191453038494, 0.6537868768230434, 0.427437308674912, 0.11986353308230242, 0.07548535802841534]
solution time: 0.012959957122802734
McCormick lower bound: -6.234209758039871

