x_opt: [0.7994111541013112, 0.20058975952393232, 0.7994116897802144, 0.20058082647856645, 0.7994112085092685, 0.20058814755787005, 0.7994124516225977, 0.5470657583783115, 0.28056369732349645, 0.20058861161447483, 0.20058756668271047, 0.7194356959614441, 0.20058865232068898, 0.20058746539941177, 0.2005844690248969, 0.33342102613985847, 0.2005807330809796, 1.0705723238973921e-7, 0.2005839118428736, 0.2005838754523647]
w_opt: [0.7994111184620655, 0.5988223698081127, 3.771116039268729e-8, 3.3135379031243376e-8, 0.5188468622518569, 0.20058851795326477, 5.271741588763955e-8, 1.3770522168340858e-7, 0.20058069681090587, 7.2487057045434e-8, 1.6323585410919834e-8, 1.46182156667961e-6, 1.664903727336807e-6, 0.20058957373067718, 0.20058859849912364, 0.20058742887541112, 1.792055881297185e-7, 0.20058974556556267, 0.20058075846705842, 0.5988241518197588, 0.34647747080048186, 3.718699556794434e-7, 0.5188475064762366, 0.3334208819065134, 1.487209873313709e-7, 9.427606728435615e-8, 0.20058389923049805, 9.949208856909428e-8, 1.310412283992437e-8, 1.71711515116032e-7, 0.2005807998547545, 0.20058080571110642, 0.20058063909952986, 1.4291774259252678e-8, 8.042323920219022e-7, 0.20058072002907634, 1.8058688276863065e-8, 3.932480690179244e-8, 0.2805636920673657, 3.294097504766667e-7, 1.877276725136561e-8, 1.982154307878943e-8, 3.686275639413218e-8, 0.20058036371670668, 1.7920351380215667e-8, 0.20058809934474353, 0.20058801709440569, 5.886731683727428e-8, 0.2005881218349868, 0.2005872549738769, 3.941261176802039e-8, 0.20058813707794984, 2.8588983917519174e-8, 7.28067906417051e-8, 0.2005838954674772, 7.115151067332102e-8, 0.7194356810464235, 3.7761389269683714e-6, 3.443630408380578e-8, 6.832481979417902e-8, 1.860376599137293e-7, 0.28056368010788557, 2.2144292001115135e-8, 0.20058437412161387, 0.20058070855565593, 0.20058389113103156, 3.639886378079586e-8, 1.7297070140583635e-8, 6.561105223330408e-8, 0.20058864331580303, 3.3717416615263144e-8, 1.883763015695659e-8, 2.5611380674586997e-8, 5.0316948542322304e-8, 5.670396673989626e-8, 1.290029419645669e-8, 0.20058859917879712, 6.973881886823126e-8, 0.200583807745597, 0.20058755277267776, 3.457690760891228e-8, 1.5024026749935712e-8, 1.9223910326251235e-8, 4.524561901181664e-8, 1.8175005573599072e-8, 0.2005844605293515, 0.2005879397258674, 0.2005838549587032, 0.200580572854842, 3.205895953842697e-8, 0.20058444733343062, 0.20058055745426095, 3.725179839068241e-8, 0.2005838865227413, 0.2005838651129604, 1.8102426369084094e-8, 1.790969489422124e-8, 0.20058054071436943, 9.269578695939773e-8, 0.20058376837426645]
v_opt: [0.5470657456128011, 0.7994116756825427, 0.6390607822405975, 0.04023579947327907, 0.040235663543239986]
solution time: 0.012655019760131836
McCormick lower bound: -4.227806432458361

