x_opt: [0.28754282826051336, 0.12152375948307581, 0.8962951524997786, 0.10374569781701728, 0.8784761247385457, 0.12152386680559776, 0.8784761185912529, 0.8784768789674376, 0.8784761179800643, 0.10370485035151959, 0.12152308824160012, 0.7124581642290835, 0.12152387366003059, 0.12152385944582295, 0.10370484379724783, 0.39285018593036425, 0.10374569305789759, 4.79211971820444e-9, 0.10370484049903704, 0.1037048438680026]
w_opt: [0.2875428273947002, 0.16601895359336669, 1.4594945708500383e-9, 1.0755146306716619e-9, 9.93186309872534e-7, 0.12152386688615054, 1.468607324863276e-9, 4.084698940945624e-9, 0.10374569124218269, 2.8978728363242963e-9, 7.582343726945839e-10, 0.017818912663529873, 1.0816774122001104e-8, 0.12152375473629302, 0.10370484922821657, 0.12152375761669763, 5.567881356889371e-9, 0.12152375871004906, 0.10374569454584719, 0.774771271866341, 0.774772033281803, 1.4627927138285133e-8, 0.6087533216439511, 0.39285018136119115, 4.084759962604196e-5, 3.5426435824361428e-9, 0.10370483951501733, 2.63408195729403e-9, 7.014126792440052e-10, 5.280172944968187e-9, 0.10374569645133329, 0.1037456964709664, 0.10370484550924149, 9.36143079229998e-10, 2.534782009303379e-8, 0.10374569202384239, 8.921420299046152e-10, 1.7302911765666116e-9, 0.8784761172327045, 4.28056351143766e-9, 1.5762022989620045e-9, 1.315537500707054e-9, 1.3719140179487006e-9, 0.10374567350542212, 7.811623062276403e-10, 0.1215238642040433, 0.12152386166023055, 2.077302459037485e-9, 0.12152386463220692, 0.12152384329942004, 1.4212679673902996e-9, 0.12152386560157051, 1.3129963877310772e-9, 2.852193200361359e-9, 0.1037048393700642, 1.7745889314987571e-9, 0.7124581631965774, 2.821358035191852e-7, 9.676187663871552e-10, 1.3698409794184268e-9, 3.1773681278799397e-9, 0.8784761146006449, 1.6060015382884834e-9, 0.10370483837112852, 0.10374569184844082, 0.10370483943922347, 1.3283266100243953e-9, 9.976801100950402e-10, 0.5909342850929691, 0.12152387224525069, 1.1600783738641204e-9, 8.750230306490669e-10, 1.2340448312401408e-9, 1.945659460349149e-9, 2.244606412926621e-9, 8.062250683366061e-10, 0.10370484881843112, 2.4903956150939466e-9, 0.10370480985599655, 0.12152308640376305, 1.3375803676815575e-9, 7.850206824657216e-10, 1.5155312517725939e-9, 1.9418752779453268e-9, 8.259854769717589e-10, 0.10370484277961543, 0.12152384833730014, 0.10370484270391753, 0.10374568741092531, 1.2238981660306657e-9, 0.10370484225338804, 0.10370483966226034, 1.5892137577194245e-9, 0.1037048376427684, 0.10370484164869216, 7.859356752010547e-10, 9.888816930611956e-10, 0.10370484172777553, 3.470999022761828e-9, 0.10370483894890467]
v_opt: [0.8784768781017295, 0.896295151586992, 0.7717203124887554, 0.01075469740639487, 0.014768118651739128]
solution time: 0.013200998306274414
McCormick lower bound: -3.423031591343367

