x_opt: [0.635351211013678, 0.36464878903887193, 0.6353512114055629, 3.633069891814569e-6, 0.6353512110239323, 0.1594521771581991, 0.8878509796611752, 0.3646487902543426, 0.36464878986312205, 0.36464878879185486, 0.2286798145503765, 0.6353512098019999, 0.3646487890451093, 0.11214902068345753, 0.36464878868174255, 0.36464878924207883, 3.6329889640618427e-6, 5.131487841340791e-10, 0.1121474608116645, 0.11214746002242229]
w_opt: [0.6353512109064097, 0.2707024220179343, 1.8647823947020858e-10, 1.4776856650510756e-10, 0.2707024209224535, 0.3646487886534861, 1.1014056246460057e-10, 5.974172707948377e-10, 3.6327419019420025e-6, 2.9878707198702053e-10, 1.233465451533686e-10, 5.396782570808524e-10, 9.293141282720577e-10, 0.3646487883181717, 0.3646487885963839, 0.11214902040907519, 4.428209464787395e-10, 0.3646487888972496, 3.6327562417558983e-6, 0.5232021911677684, 1.746525022442687e-9, 4.5102198878302617e-10, 0.27070242162371977, 0.36464878872245543, 4.4266348071559394e-10, 4.389012524755057e-10, 0.1121474607189179, 3.271188433985404e-10, 8.943848880488836e-11, 4.5962295755334043e-10, 3.632908794129301e-6, 3.632896880137481e-6, 3.6324185643319524e-6, 8.130119321536131e-11, 2.2422954253465008e-9, 3.6328603543749234e-6, 1.172885030964266e-10, 1.8653073239286717e-10, 0.36464878976658877, 7.130807475534243e-10, 2.0550937763743297e-10, 1.1581341380775423e-10, 2.714687912559533e-10, 3.6317682416071905e-6, 8.056805180248493e-11, 0.15945217680797974, 0.15945217677326082, 2.128851645917917e-10, 0.1594521769822333, 0.11214902031978781, 1.8260437616163116e-10, 0.1594521770694253, 1.100211728455456e-10, 3.0131572739571423e-10, 0.11214746070765418, 3.160229242780107e-10, 0.6353512096792939, 0.2524997753085048, 4.708638837868474e-10, 2.822444342460721e-10, 3.621590930886492e-10, 0.3646487897396545, 1.3519222952376238e-10, 0.36464878836171055, 3.6327830899825025e-6, 0.11214746063775143, 1.7492827080550753e-10, 7.987070491147078e-11, 1.5229556574506058e-10, 0.36464878894050445, 1.6760934581593662e-10, 1.135563857515185e-10, 1.3897653535892508e-10, 1.701424759698895e-10, 1.8541227797499145e-10, 8.694795696097524e-11, 0.3646487886023278, 2.1394573556059167e-10, 0.11214746013479471, 0.22867981449494543, 1.6008336864380683e-10, 1.0112917787114824e-10, 9.359778813312826e-11, 2.980063122192137e-10, 1.120843499310963e-10, 0.36464878857226307, 0.3646487854340516, 0.1121474598226223, 3.6326928235333477e-6, 2.376809378637064e-10, 0.36464878849524135, 3.6324000064934183e-6, 1.5723053889251208e-10, 0.11214746065018824, 0.1121474599199619, 1.1355132001274765e-10, 9.65113693452545e-11, 3.6326833381044666e-6, 4.0097373812145693e-10, 0.11214745986789669]
v_opt: [0.36464879013892704, 0.6353512112250015, 0.40367116152628907, 0.1329687404380167, 0.05229454786755495]
solution time: 0.016808032989501953
McCormick lower bound: -8.10372987364752

