x_opt: [0.754983561375354, 0.2450164821002395, 0.7549835773319447, 4.0145231431760275e-7, 0.754983550960144, 0.21212853209425062, 0.7878715275915869, 0.591514249614195, 0.4042755571493457, 0.24501641526400655, 0.24501639763609437, 0.5957244318495987, 0.24501644044026988, 0.21212847200975107, 0.24501642436703497, 0.29928192164821404, 3.972853515799966e-7, 1.9960483190595363e-8, 0.21212840072315495, 0.21212832635250073]
w_opt: [0.7549835579024254, 0.5099671152617301, 5.786965897180477e-9, 5.955585882476833e-9, 0.3507079965918022, 0.24501642444788763, 5.328403934638525e-9, 3.0544249238230255e-8, 3.8915252317787645e-7, 1.2019590355644166e-8, 3.5467936262339965e-9, 6.239348910162621e-8, 6.934765391402983e-8, 0.24501645594900295, 0.2450164111790172, 0.21212846357589912, 2.31040095549698e-8, 0.245016478285925, 3.8965708010316036e-7, 0.5428551083901206, 0.3464978310385076, 9.33489993015718e-9, 0.35070802412682, 0.2992819042545326, 1.4967496699389123e-8, 1.6291710699183126e-8, 0.21212839650009005, 1.0651461011415002e-8, 3.14844328903372e-9, 1.8653178041258415e-8, 3.940739767465812e-7, 3.9615516608033865e-7, 3.718825731759336e-7, 3.461394710867655e-9, 6.224507496883712e-8, 3.920161416932175e-7, 4.584229338611991e-9, 7.497261381286848e-9, 0.4042755536507128, 2.861306234745116e-8, 4.595211679607563e-9, 4.545870647382076e-9, 7.745312368546839e-9, 3.553937673787946e-7, 3.676903339975376e-9, 0.2121285214603321, 0.2121285137951401, 8.546721525379098e-9, 0.2121285268553564, 0.21212845620812334, 6.330318266633675e-9, 0.2121285284642648, 4.4642094178079504e-9, 1.18534340890033e-8, 0.21212839549955775, 8.983624005862655e-9, 0.5957244270325095, 0.03288821577368484, 6.752852691712309e-9, 1.0830496186038155e-8, 1.8918901403949725e-8, 0.4042755525261155, 5.0336826134755716e-9, 0.24501641213674555, 3.8954717037497656e-7, 0.21212839533166566, 5.701063055682326e-9, 2.918961244491421e-9, 6.053650998047323e-9, 0.24501643716694807, 7.817070073821207e-9, 3.897208352801281e-9, 5.91460655615138e-9, 8.813334013835383e-9, 9.16999904231527e-9, 3.5664378822892724e-9, 0.24501641043934885, 7.2705550844863e-9, 0.21212836724114506, 0.2450163935123509, 5.9188575962294486e-9, 4.3860659245849955e-9, 4.59454873013695e-9, 7.84182349546213e-9, 3.7061137266575182e-9, 0.2450164208025387, 0.24501636839222465, 0.21212832073026186, 3.819735376456576e-7, 7.04985574595936e-9, 0.2450164187930589, 3.716493243207831e-7, 6.568527805651812e-9, 0.2121283954195342, 0.2121283221384351, 3.747429779589871e-9, 3.6484056553001764e-9, 3.874340020706874e-7, 1.5360228695961627e-8, 0.2121283220155096]
v_opt: [0.5915142454581572, 0.7549835724717787, 0.5700002921889764, 0.06003304474129676, 0.060033140053326155]
solution time: 0.014724016189575195
McCormick lower bound: -5.012790257271933

