x_opt: [0.6381933605660988, 0.3618066411015358, 0.6381933617709189, 1.992832607914984e-8, 0.638193360537474, 0.1569226008763656, 0.8848369406259418, 0.3686062827095706, 0.3618066398914743, 0.3618066377435544, 0.23578497180154295, 0.6381933577400444, 0.36180663882104497, 0.11516305972579367, 0.3618066381786573, 0.36180664244379696, 1.9587023764909377e-8, 1.722351928622466e-9, 0.11516305704383056, 0.11516305420790575]
w_opt: [0.6381933602319241, 0.2763867214026826, 5.297844205039722e-10, 4.831371247745755e-10, 0.2763867186334067, 0.36180663755174813, 4.161375466749823e-10, 2.2502725414646975e-9, 1.8809908020583408e-8, 1.0162674905838936e-9, 3.5407336645992104e-10, 3.1823948591168994e-9, 4.647007380076959e-9, 0.3618066385460189, 0.3618066375430412, 0.11516305890578989, 1.6491677194641017e-9, 0.36180664063673884, 1.8914918340935898e-8, 0.5230303026875173, 0.006799644780874902, 9.260705868519911e-10, 0.2763867207831023, 0.36180664073453267, 1.4154057703240717e-9, 1.447070919516209e-9, 0.11516305669617788, 1.1134453034985268e-9, 2.973506940439607e-10, 1.5547390933221156e-9, 1.9306540186533676e-8, 1.9421547464961106e-8, 1.7693528467289847e-8, 2.7726152680182933e-10, 4.928344930750421e-9, 1.914253901343357e-8, 4.0793018872437797e-10, 6.182513736016872e-10, 0.3618066395454559, 2.671936785072671e-9, 4.985089397498846e-10, 3.836950841320478e-10, 8.507186577766369e-10, 1.6394277061321698e-8, 2.966597528221277e-10, 0.15692259988336518, 0.15692259943148634, 7.64151573989274e-10, 0.15692260035659716, 0.11516305850974207, 5.699005587696895e-10, 0.15692260058378527, 3.6330514722429057e-10, 1.0216658356490593e-9, 0.11516305666387316, 9.732559500249655e-10, 0.6381933573314205, 0.24664360304733732, 8.894457766097927e-10, 1.3477629962165723e-9, 1.752964438863001e-9, 0.36180663951574865, 4.599991177289201e-10, 0.36180663723368683, 1.8846847183767435e-8, 0.11516305648409583, 5.722999172287111e-10, 2.4525708455796107e-10, 4.236427250551854e-10, 0.3618066384866614, 6.685083146718594e-10, 3.5795782559864136e-10, 4.955017641634562e-10, 6.29647689017058e-10, 6.881475153738233e-10, 3.1117896540752707e-10, 0.36180663749603054, 6.75032853687696e-10, 0.11516305458064931, 0.2357849711151252, 5.306341764817869e-10, 3.803712789077596e-10, 3.481203745722938e-10, 8.985233940121576e-10, 3.5206173070982165e-10, 0.3618066378169444, 0.3618066269778484, 0.11516305361401466, 1.854008672763137e-8, 7.463761613691182e-10, 0.36180663762174753, 1.7647051708589752e-8, 5.641570198917281e-10, 0.1151630565651821, 0.11516305386535387, 3.6147595733935295e-10, 3.116019414145082e-10, 1.8688931548248908e-8, 1.337233443927667e-9, 0.11516305371312006]
v_opt: [0.36860628231134496, 0.6381933612460886, 0.40729077283635046, 0.13090404566556849, 0.055594552763795935]
solution time: 0.013739824295043945
McCormick lower bound: -6.836662424379494

