x_opt: [0.6353515281000587, 0.36464826432965425, 0.635351803558308, 1.3126715656021128e-6, 0.6353516990904392, 0.15945055668060562, 0.8878503143868477, 0.3646488462358871, 0.3646482740803953, 0.3646482069744691, 0.22868283231701117, 0.6353515532629649, 0.36464827145629863, 0.11214975958956598, 0.3646482633208359, 0.3646482893393352, 1.3092779742169788e-6, 4.963628359161485e-8, 0.11214964823282761, 0.11214962045901583]
w_opt: [0.6353515149307715, 0.2707032327127487, 6.4915324182147745e-9, 9.52914412173421e-9, 0.27070308655021474, 0.3646482481541422, 9.292726705228608e-9, 1.1966665112703815e-7, 1.2914234823540033e-6, 3.389465373969305e-8, 7.79863363572943e-9, 7.415808107641576e-8, 1.889013521080016e-7, 0.3646481097212929, 0.36464820062137554, 0.11214974200759563, 8.568156050943198e-8, 0.3646482532100714, 1.2831641637769422e-6, 0.523202123193171, 6.543000518837579e-7, 7.229505779487297e-8, 0.2707033857666888, 0.36464825660017236, 7.267367938094744e-8, 4.496342840469021e-8, 0.1121496428606697, 6.06956890074516e-8, 4.384968639347575e-9, 1.0326367814909568e-7, 1.2957367445531147e-6, 1.3014482118639893e-6, 1.182327225733819e-6, 5.064631994654727e-9, 3.895313762643714e-7, 1.300364439619053e-6, 9.477903844434283e-9, 1.668321848159804e-8, 0.36464826851359433, 1.0681604110753193e-7, 1.2040824159330992e-8, 9.650327759043316e-9, 3.1123346354818175e-8, 1.1641587565647869e-6, 5.79193436876056e-9, 0.15945052733673315, 0.1594505185419914, 1.669417886378153e-8, 0.1594505472199196, 0.11214970216196973, 1.4781791443343148e-8, 0.15945055279000123, 7.188512257206599e-9, 3.4280131856661024e-8, 0.11214964178494786, 4.477716818477913e-8, 0.635351545954027, 0.2525007551067335, 8.402340716679757e-8, 1.3604017009895534e-7, 1.9441529699185504e-7, 0.3646482684302236, 9.575987204157186e-9, 0.36464824886162284, 1.291508769098738e-6, 0.11214963697286731, 1.1366916162396662e-8, 4.229725141056212e-9, 6.004070143502186e-9, 0.3646482667541854, 1.6345333768963636e-8, 6.616860868584715e-9, 1.2843853302887602e-8, 1.9629584455462928e-8, 2.3058832862215637e-8, 5.4578356079962976e-9, 0.3646482030987823, 1.4045856942772154e-8, 0.11214960258743203, 0.22868282874432677, 1.471846319573891e-8, 8.327829671249452e-9, 5.872554830104106e-9, 1.8045640890788597e-8, 7.16762823545302e-9, 0.3646482575918143, 0.3646476438565827, 0.11214961012391075, 1.2888513161598619e-6, 2.7434675974689064e-8, 0.3646482315341931, 1.2364511991894453e-6, 1.339361000561192e-8, 0.11214964139370831, 0.11214960492958745, 7.331877787741309e-9, 5.981105088800555e-9, 1.2864787320026629e-6, 4.425412469043346e-8, 0.1121495811561081]
v_opt: [0.3646488392086793, 0.6353517952707515, 0.40367186520462467, 0.13296833273957367, 0.05229586920275222]
solution time: 0.014087200164794922
McCormick lower bound: -7.581438629478985

