x_opt: [0.4865921360724812, 0.2629070085257182, 0.8620782600205953, 0.1379220620191349, 0.8620779395332043, 0.1379071341484809, 0.8620779157527463, 0.8620994068921517, 0.8620779359370241, 0.137907208877604, 0.13789350835918113, 0.817269497273769, 0.1379071991948612, 0.13792204923332788, 0.1379069269247578, 0.2629072660921943, 0.13792204502084898, 1.7082107008433865e-8, 0.1379069487802089, 0.1379006164754429]
w_opt: [0.486592132281088, 0.34867007802195793, 5.240986949128121e-9, 3.5775268713731224e-9, 0.3038616367451218, 0.13790717368606997, 3.7564690257874925e-9, 1.0057544875333863e-8, 0.13792203850164123, 9.89677556958273e-9, 3.1659485340448566e-9, 0.12498527139901179, 0.12498496765904592, 0.26290699356178715, 0.1379072036083799, 0.13792204246065712, 1.2993356036171626e-8, 0.2629070061727245, 0.13792205128696944, 0.7241561781843873, 0.7241776713716236, 7.482224920047114e-9, 0.679347774242371, 0.2629072489447135, 3.1508527328166726e-7, 1.369039974457918e-8, 0.13790694609981058, 5.813387215020533e-9, 6.740905996874485e-9, 1.3789929206877183e-8, 0.13792205849192504, 0.1379220563234472, 0.13790719416224198, 2.820715080781123e-9, 6.16403295783624e-8, 0.13792204252087173, 2.74382169851922e-9, 5.307235186397992e-9, 0.8620779335014765, 1.492962011294577e-8, 4.240242573228073e-9, 4.424701115516145e-9, 5.8837259414475905e-9, 0.13792198373138836, 2.2485029419932974e-9, 0.13790712270860164, 0.13790712131658694, 6.4616950177811545e-9, 0.13790712768506677, 0.1379071256712056, 5.061391579477974e-9, 0.1379071299673454, 4.299067898180578e-9, 9.936964335732963e-9, 0.1379069455427853, 6.6768181615744884e-9, 0.8172694940529729, 1.873061336017953e-7, 3.2475432978167117e-9, 4.759500952149707e-9, 1.1363965684342085e-8, 0.8620779321200789, 3.4369940314232194e-9, 0.1379069108767867, 0.13792204152100615, 0.13790694492835842, 2.8969622569556686e-8, 3.981138268976721e-9, 0.6793474395729932, 0.13790719264926385, 3.2321154055942944e-9, 4.358627080425834e-9, 3.6860280009774493e-9, 5.374189247005822e-9, 5.344377950029933e-9, 2.3088415606245156e-9, 0.13790719250581754, 1.0665184904340949e-8, 0.1379069181168977, 0.13789350412475754, 4.560795254565159e-9, 2.163158240045119e-9, 3.537292062196836e-9, 8.212372353675358e-9, 3.163789491167417e-9, 0.1379069217206953, 0.13790715833870157, 0.13790061152573715, 0.13792201521295522, 4.367408435115306e-9, 0.13790692159004586, 0.13790691122873486, 4.983311110794175e-9, 0.1379069153255926, 0.13790061325193342, 2.786023746752002e-9, 3.638258736891002e-9, 0.13790060544944496, 1.250970086795672e-8, 0.13790061372918608]
v_opt: [0.8620994040578984, 0.8620782566234944, 0.7431783894738312, 0.019018459336573142, 0.019014886130852355]
solution time: 0.015709877014160156
McCormick lower bound: -4.14895054448526

