x_opt: [0.6345589115261608, 0.36544110558939435, 0.6345589135501949, 0.036487304656140994, 0.6345589128786802, 0.1969025665434034, 0.914321915520325, 0.3655046545436084, 0.36544108976043393, 0.3654410859202162, 0.20134748608045136, 0.6345589078662272, 0.36544108645305423, 0.08567808638517167, 0.36544108282265636, 0.36544110805029845, 0.03648730356706111, 4.2608037247886834e-9, 0.08567805939453749, 0.08567792238972353]
w_opt: [0.6345589103628786, 0.26911782528688644, 1.492028300435552e-9, 1.0856416426092733e-9, 0.2691178203318514, 0.36544108320682284, 8.961775169678208e-10, 3.61379905796179e-9, 0.03648730141230195, 2.4438322675536715e-9, 9.708837518863666e-10, 2.004276216479865e-8, 2.3449806959387102e-8, 0.3654410996639254, 0.3654410850282886, 0.08567808429788458, 3.0370622011033524e-9, 0.3654411044328078, 0.036487301964233346, 0.5488808296871319, 6.356877819215716e-5, 2.899227511525706e-9, 0.2691178246841404, 0.3654411027411492, 3.3927632708944143e-9, 3.648208265234028e-9, 0.08567805866026354, 2.598126718581342e-9, 8.5097470773406e-10, 4.091420779016382e-9, 0.03648730342451817, 0.03648730314876638, 0.03648729996685073, 6.152028202962637e-10, 2.0951110886673496e-8, 0.036487302633385975, 9.100540610176332e-10, 1.3741669396281104e-9, 0.3654410890218758, 7.42090820365652e-9, 2.1748678931719687e-9, 8.404925254214947e-10, 2.3097634160538944e-9, 0.03648729301236065, 6.027002508193192e-10, 0.19690256389734268, 0.19690256343949367, 1.8921431498933e-9, 0.19690256495681055, 0.08567808351442845, 1.3482696138307607e-9, 0.19690256584542576, 8.674957461079767e-10, 2.536475980916331e-9, 0.08567805866216949, 2.8908029858295517e-9, 0.6345589070105568, 0.2797630731779896, 3.2191492821333423e-9, 2.437619097223235e-9, 3.3811421978879676e-9, 0.36544108889647076, 1.075826105700482e-9, 0.3654410805470278, 0.03648730204767733, 0.08567805786356088, 1.761250812793439e-9, 6.269242840599139e-10, 1.282817729025032e-9, 0.36544108554716076, 1.1945055185974798e-9, 9.549325678409806e-10, 1.046365973489638e-9, 1.1662151828372342e-9, 1.3036150105854197e-9, 6.715856368422006e-10, 0.36544108473638576, 2.1337279673855725e-9, 0.08567805426847533, 0.2013474855035973, 1.2882937663461525e-9, 7.361061017525606e-10, 6.995739580285177e-10, 2.768323214863773e-9, 9.261732999120659e-10, 0.3654410819086626, 0.365441064558668, 0.08567792058234834, 0.03648730118431832, 1.8739251724363866e-9, 0.3654410814406676, 0.03648729925241037, 1.3524347307816958e-9, 0.08567805800283872, 0.08567792161455069, 9.360280567552374e-10, 7.668110717099802e-10, 0.03648730082268219, 3.309181247279789e-9, 0.08567792058168579]
v_opt: [0.36550465356265616, 0.6345589120977516, 0.40266542825212803, 0.1335471908676782, 0.04054081190604461]
solution time: 0.01397705078125
McCormick lower bound: -8.110242006370743

