x_opt: [0.6516622365724734, 0.356553502410077, 0.6516622348498031, 3.5675473322165595e-8, 0.6516622306661649, 0.13734633340988808, 0.8626597890506493, 0.37495056447123637, 0.3483377617027655, 0.3483377568702545, 0.2546852206274127, 0.6516622352734003, 0.3483377591420782, 0.13734021290823176, 0.3483377532047107, 0.3565535872176245, 3.417130548095655e-8, 7.159962784948172e-9, 0.13734020274241907, 0.13733946715920786]
w_opt: [0.6516622313340132, 0.3033244683061123, 1.9571294281740567e-9, 1.5806882357126785e-9, 0.3033244730974227, 0.34833775419114427, 1.5631233816591775e-9, 7.060495264796033e-9, 3.1182704261348635e-8, 4.298525705350926e-9, 1.3381661505970963e-9, 0.008215738362504194, 0.008215738333219268, 0.35655349166863803, 0.3483377558181422, 0.13734021019378737, 5.003613283109389e-9, 0.3565535010174354, 3.194105802510842e-8, 0.5143220248204953, 0.026612800389791483, 3.2556223227028155e-9, 0.3033244750001259, 0.356553578889375, 5.227014335847606e-9, 6.172471191044058e-9, 0.13734020156858504, 5.332135894107092e-9, 1.2656859850478456e-9, 6.347702072878413e-9, 3.363897584947745e-8, 3.3679840553352354e-8, 2.8472788829690363e-8, 8.95935971504377e-10, 1.6601147436111465e-8, 3.262674105881329e-8, 1.4135002198242682e-9, 1.9556396210142906e-9, 0.3483377605533307, 1.070278456807826e-8, 1.9052349177591144e-9, 1.2577235773607664e-9, 2.457726194418602e-9, 2.209765099033167e-8, 9.534326654109308e-10, 0.1373463300716829, 0.13734632800746713, 3.185338053627006e-9, 0.1373463313320518, 0.1373402093456883, 1.8676183766400734e-9, 0.13734633244127636, 1.2705883204705378e-9, 4.477776882600546e-9, 0.1373402017005543, 4.2957396004382376e-9, 0.6516622340086329, 0.2109976590045879, 4.12872018537144e-9, 4.396051503072324e-9, 6.331247325436955e-9, 0.34833776031596053, 1.6187407333846468e-9, 0.3483377501177839, 3.179972963383304e-8, 0.13734020061661215, 2.7556341640010543e-9, 8.512558074011664e-10, 1.7774001873245773e-9, 0.3483377578469395, 2.049726437275578e-9, 1.3226364098811832e-9, 1.69695427222917e-9, 1.873372558366851e-9, 2.1136257628319277e-9, 1.040906345820248e-9, 0.3483377554963962, 3.162730730738321e-9, 0.13734019472456999, 0.2546852196729234, 2.0656170089991696e-9, 1.1978895021243104e-9, 1.1247450169724822e-9, 4.0776094384524865e-9, 1.3295472894049403e-9, 0.3483377520021226, 0.3483377392509842, 0.1373394647328975, 3.0168630281721535e-8, 2.7137463541802943e-9, 0.3483377515510685, 2.7518956304642436e-8, 2.345821772133641e-9, 0.13734020102443018, 0.13733946573993702, 1.3305850261831025e-9, 1.1035279431219953e-9, 2.964615518022911e-8, 5.726871460104966e-9, 0.13733945738889378]
v_opt: [0.37495056290047524, 0.6516622329210108, 0.42466370332207093, 0.12133925765352913, 0.06486561272450292]
solution time: 0.012909173965454102
McCormick lower bound: -6.923369717762889

