x_opt: [0.7451195772473082, 0.344512714513537, 0.7451195789322127, 4.455669441102035e-8, 0.7451195789850811, 0.24434510251525976, 0.7556549019751483, 0.40587126008260827, 0.2548804362952485, 0.2548804199336664, 0.25488041490539665, 0.5387192328440178, 0.25488042027449603, 0.24434509702476984, 0.25488041816621176, 0.3445127170564353, 4.263030170899483e-8, 2.774690390097747e-9, 0.244345099440176, 0.24434509692813297]
w_opt: [0.7451195767016049, 0.49023915782628175, 8.08641320673164e-10, 7.110171586886752e-10, 0.2838388105975547, 0.2548804181346498, 7.807090208780076e-10, 2.824645287867646e-9, 4.134209837746558e-8, 1.6263798237510903e-9, 4.5380808675122196e-10, 0.08963229400604866, 0.08963229840422886, 0.34451271050922816, 0.25488041953497353, 0.24434509596550177, 2.3192141700528784e-9, 0.34451271369418773, 4.279232328128602e-8, 0.5007744813566716, 0.15099083961863247, 1.3179796257715878e-9, 0.28383881382502874, 0.3445127137567863, 2.075858184642109e-9, 2.233348824599026e-9, 0.24434509881372493, 1.5684974290767776e-9, 5.785851288544903e-10, 3.035545679810403e-9, 4.3442549321097676e-8, 4.379824047323223e-8, 4.09899395619785e-8, 4.284945409385363e-10, 9.35866653597364e-9, 4.2033227297369464e-8, 6.385118980895117e-10, 8.933778189059985e-10, 0.2548804357711271, 7.222236599006238e-9, 1.5233905354061577e-9, 5.275274049291578e-10, 1.329217639762183e-9, 3.702072638034896e-8, 4.750214293869581e-10, 0.2443451012754909, 0.24434509982044125, 1.4841011352380027e-9, 0.24434510171856666, 0.24434509485427236, 7.461674823579996e-10, 0.24434510206200472, 5.734124103563268e-10, 1.677967833802437e-9, 0.24434509877140873, 1.4651513484366606e-9, 0.5387192322896994, 0.010535366406024257, 9.378583634587027e-10, 3.6682257387798874e-9, 5.061108363933006e-9, 0.2548804355646011, 7.145279096178111e-10, 0.2548804165314567, 4.1512735966986234e-8, 0.24434509855157097, 1.0969357716660068e-9, 3.5082011451080935e-10, 5.524935015410068e-10, 0.2548804198083982, 1.0415802977545476e-9, 5.636412570648991e-10, 7.606244870657126e-10, 9.064045593780381e-10, 1.0185142657824478e-9, 4.4212364670973965e-10, 0.2548804191586295, 1.2521938344043963e-9, 0.24434509532930937, 0.25488041434272307, 8.009098109614412e-10, 5.824338405381937e-10, 5.078470084824042e-10, 1.1543735696715849e-9, 5.190847443516399e-10, 0.25488041764988484, 0.25488040958172775, 0.24434509602901872, 4.0587286310071336e-8, 9.978002930438454e-10, 0.2548804172281335, 3.9540728130711546e-8, 1.0411562004449075e-9, 0.2443450987104158, 0.24434509647390618, 5.488687691842246e-10, 4.683574952058542e-10, 4.12120870819343e-8, 2.085087010752241e-9, 0.24434509610510555]
v_opt: [0.40587125931920665, 0.7451195781915994, 0.5552031950855437, 0.06496406918634465, 0.06496417893842552]
solution time: 0.018427133560180664
McCormick lower bound: -5.21904508812408

