x_opt: [0.8181472640192413, 0.2150605165828307, 0.8181476488040152, 0.18185269314640962, 0.8181472559259988, 0.18185136019214113, 0.8181477486353563, 0.8181557233435871, 0.6175910302909513, 0.18185271547125315, 0.12259572674988586, 0.7992796032056615, 0.1818527008642795, 0.18185224128886815, 0.18184456679949942, 0.21506056730682357, 0.18185236693912518, 3.2945231602308505e-8, 0.18184420859852943, 0.18184317953738244]
w_opt: [0.8181472511157056, 0.6362945239070342, 1.3933011918846872e-8, 5.6230716470276925e-9, 0.6174268734150016, 0.1818526680693878, 6.110870280245323e-9, 1.8449532759896398e-8, 0.18185235539658304, 2.150889102170441e-8, 6.3334742403654975e-9, 0.03320817029617194, 0.033207826950344625, 0.21506048204187797, 0.18185270965623307, 0.18185222950497298, 2.811826105990456e-8, 0.21506051176315424, 0.18185267386528536, 0.6362954006182223, 0.6363033769796315, 3.964778666668109e-7, 0.6174272879483572, 0.21506052699109562, 1.7669522078747082e-7, 2.878924025582902e-8, 0.18184420504796248, 1.3828303429576833e-8, 6.956303828286242e-9, 3.741377420941412e-8, 0.18185268799172333, 0.18185268488528217, 0.18185263575245889, 3.6789884675913158e-9, 2.0060806628567252e-7, 0.18185236391478107, 4.335519318699914e-9, 8.067126383048915e-9, 0.6175910276405745, 6.774021428442898e-8, 1.8496371554174725e-8, 4.974403653807561e-9, 1.2238658482474399e-8, 0.18185224501597164, 3.2682651092123403e-9, 0.18185133790630428, 0.18185133720600888, 1.1164989919583802e-8, 0.18185134974634487, 0.18185134091321087, 1.067950965527499e-8, 0.18185135567600458, 6.113353155555741e-9, 2.2023856521168513e-8, 0.1818442050619033, 2.3318601054857752e-8, 0.7992795990287223, 1.8517495028794986e-6, 9.793361867168985e-9, 1.1018287948100265e-8, 2.6094855793380636e-8, 0.6175910248874174, 6.136513229147708e-9, 0.18184454197861882, 0.18185236136188113, 0.1818442011082237, 5.364351164815255e-8, 5.289690113438348e-9, 0.4168706418195863, 0.18185269254323877, 5.265288230015013e-9, 5.893123715567274e-9, 5.848549504544896e-9, 7.96941675413438e-9, 9.180140475420706e-9, 3.0635120718522797e-9, 0.181852689808483, 2.5646419508716713e-8, 0.1818441777344794, 0.12259572276166436, 9.54318333242181e-9, 3.1036855442347107e-9, 3.6743983855283014e-9, 1.6630186913807675e-8, 5.921741086769293e-9, 0.18184456085081283, 0.18185256529406493, 0.18184316890558663, 0.18185219344807038, 1.0471981160185339e-8, 0.18184455848282224, 0.18184450756122278, 9.269554971237597e-9, 0.18184419381358036, 0.18184317494368582, 4.922371464785459e-9, 5.319919729601803e-9, 0.18184315025177422, 2.7085411432294424e-8, 0.18184314852492672]
v_opt: [0.818155718797854, 0.8181476429546468, 0.6693649554729814, 0.03307048522029499, 0.01502978852667208]
solution time: 0.013194084167480469
McCormick lower bound: -5.3649293694567435

