x_opt: [0.7994127561942258, 0.20058910660758397, 0.7994128056488158, 0.2005863157208255, 0.7994126135844538, 0.20058718849102725, 0.7994127846056792, 0.5470576263179057, 0.2805613000140505, 0.20058725213444611, 0.20057562296521186, 0.7194387148747681, 0.20058732370981902, 0.200587205836697, 0.2005861998473992, 0.33342800455546223, 0.20058628574672846, 2.016794607701556e-8, 0.2005861310306937, 0.2005861288320909]
w_opt: [0.7994127492153391, 0.5988253726784039, 1.2572615024648443e-8, 3.988959346463164e-9, 0.518851475051055, 0.20058730287935558, 6.290178339133803e-9, 1.1331204266089811e-8, 0.20058627728437375, 1.2285366110719817e-8, 3.785200232112594e-9, 1.9155214123800364e-6, 1.7692786870193069e-6, 0.20058908166719064, 0.2005872474834015, 0.20058719850942258, 1.844829885869723e-8, 0.2005891032717778, 0.2005863028910295, 0.5988255930735084, 0.3464704360980668, 7.03792143879056e-8, 0.5188515386021858, 0.3334279807218168, 1.2674042794666543e-8, 1.6802644197696405e-8, 0.20058612764472922, 9.576994990599888e-9, 3.438908684864149e-9, 2.1164098630597012e-8, 0.20058631049764689, 0.2005863095750886, 0.20058629551043333, 3.068233075167566e-9, 8.544272623458751e-8, 0.2005862824361365, 3.736971058954962e-9, 6.568440102989744e-9, 0.2805612973535138, 1.8302796630593123e-8, 2.2974516345215564e-9, 3.552613003117003e-9, 6.9167073084876e-9, 0.20058622363464082, 2.8461464683932566e-9, 0.2005871767620642, 0.20058717201852605, 8.66566468599845e-9, 0.20058718229280165, 0.2005871582864304, 6.178147217537226e-9, 0.200587184887075, 4.5372868823694526e-9, 1.233680514887334e-8, 0.20058612732703207, 1.0591817481076946e-8, 0.7194387110115515, 4.684067360018693e-7, 5.093141266992984e-9, 8.33086552674868e-9, 2.1713033676175038e-8, 0.28056129574112393, 4.54244118411394e-9, 0.2005861858559841, 0.20058628025701547, 0.2005861256717513, 6.954268441513287e-9, 3.36707772274589e-9, 3.298705361229429e-8, 0.20058731950612674, 4.969905103644553e-9, 4.106088319100168e-9, 4.721293227315152e-9, 6.416066185201974e-9, 6.982040647444088e-9, 2.8345869566035583e-9, 0.2005872484817223, 1.1141683602240706e-8, 0.20058610655300654, 0.20057561931484685, 5.861564844236259e-9, 3.0619195002797677e-9, 3.5971889562156954e-9, 9.39405210317373e-9, 3.844277729290003e-9, 0.2005861960722282, 0.20058725470240085, 0.20058612270269363, 0.20058626506811442, 6.488909599582205e-9, 0.2005861939130239, 0.20058616663215104, 6.312959643717851e-9, 0.20058612285538935, 0.20058612513466917, 3.6678337871655087e-9, 3.766687480936112e-9, 0.20058610905105917, 1.5580255534636737e-8, 0.20058610690511874]
v_opt: [0.5470576225301219, 0.7994128010422429, 0.6390613369008423, 0.04023525732171281, 0.040230582595504216]
solution time: 0.01695394515991211
McCormick lower bound: -4.943976627237741

