x_opt: [0.6350852342143698, 0.36491476583341087, 0.6350852345864166, 0.011859568898085867, 0.6350852343991166, 0.17163051668840837, 0.8964630509198528, 0.36491476714309357, 0.36491476609746654, 0.36491476575036375, 0.21977663002911912, 0.6350852335534349, 0.3649147657645394, 0.10353694943009206, 0.3649147654605255, 0.36491476595234257, 0.011859568816425827, 4.3856832479108225e-10, 0.10353684203631651, 0.1035368414910197]
w_opt: [0.6350852341151989, 0.2701704685180129, 1.6752466252794412e-10, 1.253699988907491e-10, 0.27017046786147125, 0.3649147654263289, 9.346993478272686e-11, 4.671821461748103e-10, 0.011859568595970038, 2.5337161612519867e-10, 1.0811002973691756e-10, 5.38598304792218e-10, 8.467479320540444e-10, 0.36491476520379307, 0.3649147654832894, 0.10353694919304814, 3.55949624285278e-10, 0.36491476569828635, 0.01185956862450448, 0.5315482855674121, 1.8409711099026014e-9, 3.868341062927538e-10, 0.27017046847501486, 0.36491476546825835, 3.8056609044119603e-10, 3.754349125100791e-10, 0.10353684195735043, 2.862493534830203e-10, 8.106530929808494e-11, 3.99498365634913e-10, 0.011859568761692543, 0.011859568743807017, 0.011859568364012838, 6.830464419230153e-11, 1.951807569020208e-9, 0.011859568709702782, 9.96841721927561e-11, 1.5584284099104673e-10, 0.3649147660198901, 6.701709209245893e-10, 1.9957601001591708e-10, 9.674148198381878e-11, 2.4531148604535875e-10, 0.011859567760945633, 6.745225999963206e-11, 0.1716305163878372, 0.1716305163627473, 1.8768301094086944e-10, 0.17163051652907266, 0.10353694912021005, 1.5439942427424168e-10, 0.17163051661285408, 9.348945129156775e-11, 2.5780284224653064e-10, 0.10353684195097548, 2.8952023432926154e-10, 0.6350852334486214, 0.26137782257058595, 4.6141943061858137e-10, 2.5223417190294413e-10, 3.266320630947807e-10, 0.36491476600103956, 1.1684606005727346e-10, 0.3649147651898711, 0.011859568640704199, 0.10353684187907866, 1.6164224141573525e-10, 6.808930450266037e-11, 1.2704135433019416e-10, 0.36491476566945363, 1.39288217373016e-10, 9.977290938548741e-11, 1.1616917682230512e-10, 1.374515548589601e-10, 1.5143912268863587e-10, 7.39087795267482e-11, 0.36491476548859664, 1.948567308915853e-10, 0.1035368414731206, 0.2197766299603929, 1.3714601686159294e-10, 8.479728411844711e-11, 7.766912563198598e-11, 2.7317926709890465e-10, 9.778884814987446e-11, 0.364914765388205, 0.36491476266668255, 0.1035368413073105, 0.011859568568074814, 2.0964734465748525e-10, 0.3649147652967498, 0.01185956832902299, 1.3584131093990017e-10, 0.10353684189362301, 0.10353684140650318, 9.995222236748626e-11, 8.230192061804773e-11, 0.011859568545512574, 3.4130903346267974e-10, 0.10353684134700715]
v_opt: [0.36491476706119286, 0.6350852344375534, 0.4033333096739595, 0.1331627917884575, 0.04830180325790414]
solution time: 0.01514291763305664
McCormick lower bound: -8.606054209083794

