x_opt: [0.7908457360976648, 0.31481472410190997, 0.7908457877820153, 0.20915294791024505, 0.7908456132296937, 0.20915417272352863, 0.790845936006036, 0.470730538294512, 0.26667670053654713, 0.20915420857796818, 0.20915424910611868, 0.7333233159200316, 0.2091543594642871, 0.20915398050675163, 0.20915319579819008, 0.3148151453597924, 0.20915294128520043, 5.244936825365662e-8, 0.20915310929126538, 0.20915308292707102]
w_opt: [0.7908457130455508, 0.5816913529220997, 2.3215777269745503e-8, 9.358039945651974e-9, 0.5241690578441135, 0.20915429472997246, 1.7752466393294956e-8, 4.532340645283332e-8, 0.20915292353606613, 3.464902530004299e-8, 6.9851105125172244e-9, 0.10566051809898042, 0.1056603800554325, 0.3148146400057708, 0.20915420383947947, 0.20915396907574996, 6.169145330141799e-8, 0.314814719625409, 0.20915291524424598, 0.5816917281064439, 0.26157633568371674, 2.8678185637536867e-8, 0.524169152669425, 0.31481506364766504, 5.417533234950801e-8, 4.597019464363892e-8, 0.2091531033458731, 4.036784127164515e-8, 7.62358211170128e-9, 8.390806162145449e-8, 0.20915293663194004, 0.20915294027034673, 0.2091528808777246, 5.578007602381216e-9, 5.07806400736778e-7, 0.20915293590342415, 7.815103936807108e-9, 1.5196468038440224e-8, 0.2666766974394233, 2.3930152800894447e-7, 1.8344355273167463e-8, 6.825121381845734e-9, 1.6454271276398286e-8, 0.20915274196461858, 6.30725320618651e-9, 0.2091541535129019, 0.20915412025000724, 2.5209469224726078e-8, 0.20915416193343966, 0.2091539161654297, 1.3542174278336468e-8, 0.2091541680952251, 1.0425219395214571e-8, 3.6024796580633893e-8, 0.20915310401011458, 3.236785156337025e-8, 0.733323311381809, 4.518952021455701e-6, 1.2839387051579966e-8, 2.6318522729947026e-8, 8.046004383449735e-8, 0.26667669238926256, 8.876251728800022e-9, 0.20915315780746058, 0.20915293143312197, 0.20915309874089505, 2.0283544399728875e-8, 6.391550730890447e-9, 3.3108345154904845e-8, 0.20915435490619225, 1.183618787845127e-8, 8.30175035520012e-9, 1.0355243629039347e-8, 1.4570953554699411e-8, 1.7832625714105037e-8, 4.9717181662856e-9, 0.20915419700494586, 3.7854386994130396e-8, 0.20915305730784775, 0.20915424364699953, 1.4417814446738481e-8, 5.814051108168362e-9, 6.340869031787497e-9, 1.9254046446133183e-8, 7.915246029369128e-9, 0.2091531912593201, 0.20915426038509577, 0.20915307337897507, 0.20915287420216075, 1.3392085129232567e-8, 0.2091531852936101, 0.2091528664015595, 1.8533361097170664e-8, 0.2091530906095002, 0.20915307777843284, 7.751971325605609e-9, 7.505840554507468e-9, 0.20915285617515372, 4.4685446873431215e-8, 0.209153034112005]
v_opt: [0.4707305311550802, 0.7908457812379325, 0.6254368609387339, 0.04374548743411787, 0.04374564212331567]
solution time: 0.013769149780273438
McCormick lower bound: -4.3233108039484165

