x_opt: [0.7495167497464847, 0.3458738795848478, 0.7495167702938906, 3.5290202385937323e-7, 0.7495167930980187, 0.25047100606799305, 0.7495290529066332, 0.4046709780722489, 0.25048325329596727, 0.25048321815785274, 0.250483161642262, 0.5311697709753272, 0.25048321557371905, 0.2504709354403447, 0.2504831883482332, 0.3458738963109346, 3.232951023976203e-7, 2.990756293127697e-8, 0.2504709729158082, 0.2504709525961413]
w_opt: [0.7495167441151054, 0.49903354747634704, 8.650214317935137e-9, 7.806936188174051e-9, 0.28068652633450164, 0.25048319240123473, 8.65552624782291e-9, 2.959800240988036e-8, 3.088212057184551e-7, 1.7267382488161897e-8, 4.926141008374584e-9, 0.09539065645304659, 0.09539071455962687, 0.3458738344999335, 0.25048321243668525, 0.2504709239698835, 2.432675858727928e-8, 0.34587386914067886, 3.337354413663265e-7, 0.4990458280423059, 0.15418775493369505, 1.49239803091483e-8, 0.2806865635373803, 0.3458738576746385, 2.319331543782026e-8, 2.3991206077028302e-8, 0.25047096594694007, 1.7563594769367034e-8, 6.684971858487477e-9, 3.3517543587292815e-8, 3.4056060475595615e-7, 3.446411222688084e-7, 3.1527367579942936e-7, 4.599085229248108e-9, 9.336614215153592e-8, 3.1706467108349475e-7, 7.0548177918983854e-9, 9.515172138320856e-9, 0.2504832474058184, 8.843817037385498e-8, 2.054566653572855e-8, 5.638231512413261e-9, 1.5068417614972777e-8, 2.6407334119728785e-7, 5.166817911946436e-9, 0.25047099282231916, 0.2504709764064452, 1.704535133833882e-8, 0.25047099716617965, 0.2504709126473564, 7.99146623934809e-9, 0.25047100118598375, 6.197769000372082e-9, 1.7971073218635373e-8, 0.2504709658103705, 1.6674351537428333e-8, 0.5311697650536066, 1.2774637469113639e-5, 1.0866419253079704e-8, 4.849472691126025e-8, 6.50781039208183e-8, 0.25048324509866393, 7.895638062657982e-9, 0.25048317064208936, 3.108579898831291e-7, 0.25047096278564085, 1.2905774541432245e-8, 3.7479490807362045e-9, 5.922417865218661e-9, 0.25048321007464325, 1.1472932476504186e-8, 6.232036844457713e-9, 8.319579315412457e-9, 9.526028908786888e-9, 1.082397050679166e-8, 4.773269395935078e-9, 0.25048320626041054, 1.4257826633716407e-8, 0.2504709287595279, 0.25048315556486317, 8.697074619741071e-9, 6.390883387650961e-9, 5.369578376420944e-9, 1.2794654871256546e-8, 5.750325505847702e-9, 0.2504831827712609, 0.25048309599926405, 0.25047094242381324, 3.009770347531314e-7, 1.1069302404176715e-8, 0.2504831776946952, 2.89944982144466e-7, 1.1595405726763936e-8, 0.25047096494875526, 0.25047094778622525, 6.099734162448581e-9, 5.073381882239939e-9, 3.0768473605357244e-7, 2.2387967153245903e-8, 0.25047094237407397]
v_opt: [0.40467096915579454, 0.7495167619112715, 0.5617758948545754, 0.06274188570529653, 0.0627418369788245]
solution time: 0.014666080474853516
McCormick lower bound: -5.319754276393999

