x_opt: [0.33751408904989333, 0.11452594765860935, 0.8854747095237891, 0.1145258521734933, 0.8854741165601389, 0.1145252573328924, 0.8854740411071855, 0.8854761734544245, 0.8854740885449532, 0.11452528229389804, 0.11452368013932324, 0.7638168248169633, 0.11452528050830398, 0.1145258177469076, 0.11452389523181392, 0.37453475693400906, 0.11452575358609086, 2.8394485609896566e-8, 0.1145238872037556, 0.11452382752043233]
w_opt: [0.3375140839958909, 0.22298820781580606, 5.2792771415771725e-9, 4.135963289898981e-9, 0.10133091723360298, 0.11452524037675164, 4.570075226202532e-9, 2.0874725090738737e-8, 0.11452574558926788, 1.9593687296631507e-8, 3.1566538233276764e-9, 6.599861296294772e-7, 9.986842268017677e-8, 0.1145259246571654, 0.11452527737938163, 0.11452580443791753, 3.8229956349522684e-8, 0.11452594449776315, 0.11452583711509157, 0.7709487532974563, 0.7709508885614673, 1.589333863250227e-7, 0.6492915632702481, 0.3745347309948591, 4.858552611287762e-7, 2.3652623743410287e-8, 0.11452388417057452, 1.192791220904053e-8, 4.895177573517709e-9, 3.771089133996381e-8, 0.11452584796661369, 0.11452584640413248, 0.11452525063287042, 3.4142139096105685e-9, 2.192499304359522e-7, 0.11452575104703575, 3.20966429350928e-9, 7.655620597726121e-9, 0.8854740860531908, 4.199610419694038e-8, 4.196061048249991e-9, 5.319493471382171e-9, 7.68842946134301e-9, 0.11452560178360753, 3.026376286710102e-9, 0.11452524232080066, 0.11452523487619065, 9.53353061551244e-9, 0.11452524950752715, 0.11452523228416002, 8.481547875361508e-9, 0.11452525311553523, 5.626136002057248e-9, 1.938532718227337e-8, 0.11452388310049016, 1.0648954479058935e-8, 0.76381682135741, 2.0334869499493834e-6, 3.431016919477476e-9, 8.344785592089146e-9, 2.348063995212108e-8, 0.8854740843563419, 4.390188928724585e-9, 0.11452386493913902, 0.11452574965600888, 0.11452388240522811, 2.11385110556266e-8, 4.6976043698874755e-9, 0.6492909218883278, 0.11452527252012436, 4.557364522504929e-9, 4.86353442773759e-9, 5.347659624237067e-9, 8.987177547471136e-9, 1.0313818956177798e-8, 2.608899928838987e-9, 0.1145252485871849, 1.6054055817703512e-8, 0.11452384070014945, 0.114523675019602, 7.284928577208331e-9, 2.4463430149908497e-9, 4.698146614324423e-9, 1.1345171207804934e-8, 3.8233627030939685e-9, 0.11452389076645111, 0.11452520060870076, 0.11452382256801594, 0.11452568475144012, 5.724905455018773e-9, 0.11452388918305176, 0.11452385859766505, 7.608229566163381e-9, 0.11452386359244393, 0.11452382385847935, 3.2052605846291627e-9, 4.568300696720546e-9, 0.11452380799779628, 2.347535676952767e-8, 0.11452381784082127]
v_opt: [0.8854761702606039, 0.8854747061599835, 0.7840644316342366, 0.013116052138641804, 0.013115691846957427]
solution time: 0.016097068786621094
McCormick lower bound: -3.9015172458719825

