x_opt: [0.7427182505096757, 0.25727966692792653, 0.7427211156310004, 0.08366294016038243, 0.7426866060813311, 0.25731330942142305, 0.7427200905839205, 0.6969110868784341, 0.43442998372062447, 0.25727882480694103, 0.20199633558614707, 0.5655700649085268, 0.25731337942866717, 0.2572799065087735, 0.25731205586363964, 0.2573140196660031, 0.08366293929306133, 2.916498624686316e-8, 0.08366292890121517, 0.08366293819752059]
w_opt: [0.7427182471420638, 0.4854048593839947, 6.327798267261206e-9, 6.9603011942555425e-9, 0.30828831849495264, 0.2573133556190094, 5.4470828706206265e-9, 3.0350075795783393e-5, 0.08366293076538484, 1.9859962878447085e-8, 4.576755431035939e-9, 7.84751668588201e-7, 1.713281632490182e-8, 0.25727962227341894, 0.2572788214722635, 0.2572796601083138, 9.851240683533679e-8, 0.25727966395555507, 0.08366292332910077, 0.48544121028001624, 0.43963220665269453, 5.877512058387412e-9, 0.30829120844200175, 0.2573139998224322, 1.7444027313752597e-8, 2.6089373259268308e-8, 0.0836629251550692, 1.1118661195627675e-8, 2.501836352346443e-9, 4.317210801535322e-8, 0.08366293327658013, 0.08366293375761773, 0.08366288050845865, 4.70255967782027e-9, 2.6906999622635505e-7, 0.08366293221681927, 4.977121787260768e-9, 1.4145727583598622e-8, 0.43442998122205656, 1.6091634485473617e-8, 3.311892274647398e-9, 5.416453270777179e-9, 7.534200057065229e-9, 0.08366281256889059, 4.440312093890977e-9, 0.25731328611925436, 0.25731328648031204, 9.221778287256934e-9, 0.2573133037738108, 0.25727989101409154, 1.3394237676718345e-8, 0.25731330498243987, 6.849492637056003e-9, 1.9536410760373485e-8, 0.0836629226336395, 1.3607905279479101e-8, 0.5655700588493181, 3.3716210183012203e-5, 6.544207607427555e-9, 1.2799602524570397e-8, 2.54046478131412e-8, 0.43442997981710946, 5.5606635676238344e-9, 0.2573120377786257, 0.0836629319678714, 0.08366292392042747, 5.080837586712305e-9, 4.83169572096304e-9, 9.155823768842509e-8, 0.2573133754485256, 8.816785539365143e-9, 4.354453211131455e-9, 7.56297707912456e-9, 2.2449901577915867e-8, 2.0271234490288715e-8, 4.168915570347493e-9, 0.2572788199238385, 9.099987277814433e-9, 0.08366285912187815, 0.20199633186313876, 9.718410918080118e-9, 4.72570017519681e-9, 6.62976562049719e-9, 9.906336919260198e-9, 4.535106029827042e-9, 0.25731205313635513, 0.25731274509606034, 0.08366293283061654, 0.0836629174918611, 8.979702990571755e-9, 0.25731205111593913, 0.08366288032833992, 7.115923459678865e-9, 0.083662923138324, 0.08366293273590081, 4.23050693315096e-9, 5.197556458578465e-9, 0.08366284804176478, 2.5171613622408473e-8, 0.08366291309825434]
v_opt: [0.6969110839529421, 0.7427211114573076, 0.5515834760195685, 0.06619239549006026, 0.040802645466877806]
solution time: 0.013701915740966797
McCormick lower bound: -4.806205648962902

