x_opt: [0.7395368097405316, 0.26046335034780405, 0.7395368260188092, 0.2413173411107902, 0.7395367015454739, 0.2413181243202315, 0.7586818491991517, 0.6562555986596043, 0.33568736579256236, 0.26046316246996876, 0.20942696421815668, 0.6643126507530356, 0.2604632751237363, 0.24131815005164867, 0.26046325236548995, 0.2604634203283764, 0.2413173258931998, 3.746911728743354e-8, 0.004151589597452796, 0.004151423253361783]
w_opt: [0.7395367908971375, 0.4790735167798161, 5.266185223883939e-9, 8.824187754320225e-9, 0.40384946668203514, 0.26046324679828586, 6.576586794345718e-9, 1.1640528889318447e-7, 0.2413173128265662, 2.3422563309590238e-8, 7.604433196525357e-9, 1.8082748673149066e-7, 1.312719227729358e-7, 0.2604633081693478, 0.26046315485800475, 0.24131813396790908, 3.6248095041190705e-8, 0.2604633450201836, 0.24131732141870027, 0.4982186804355151, 0.3957924300147945, 2.043536155765159e-8, 0.40384950494836513, 0.26046339335425595, 2.28941709539761e-8, 3.2844283106562985e-8, 0.004151584362804336, 1.6894960562877197e-8, 4.536525864805095e-9, 3.102528629888302e-8, 0.24131733249881798, 0.241317330461781, 0.241317293937454, 5.434026787608831e-9, 2.470184674408477e-7, 0.24131731997944875, 6.834383563116602e-9, 1.244080769984971e-8, 0.335687361079239, 2.8620879819381623e-8, 7.95259592596119e-9, 7.656825113039142e-9, 1.4867312224541913e-8, 0.2413172149419813, 4.860409470466236e-9, 0.24131809672722412, 0.24131809986740946, 1.0975249108569309e-8, 0.24131811459985633, 0.24131809302026705, 1.2622390510714536e-8, 0.24131811821759663, 7.3603808378790785e-9, 2.334061566043019e-8, 0.004151582647526949, 1.7711719325763478e-8, 0.664312642942596, 0.019146904363282344, 9.246209807421272e-9, 1.4216139771347563e-8, 2.0239864103264934e-8, 0.3356873598852618, 7.651899621280924e-9, 0.26046323343003286, 0.24131731571683132, 0.004151581188914642, 8.616421902496123e-9, 5.905613896530362e-9, 7.092831611882797e-8, 0.2604632687878568, 8.970489931401261e-9, 6.554810444435614e-9, 8.974689016324564e-9, 1.3337489940881441e-8, 1.3145368842060812e-8, 4.97522259781506e-9, 0.26046315464917286, 1.242248070022583e-8, 0.00415154299767837, 0.20942695906960143, 1.0834032461665474e-8, 5.6692517518694375e-9, 6.1199555481524485e-9, 1.3380943005922055e-8, 6.7069825591324e-9, 0.2604632456929367, 0.26046307000789576, 0.004151413109090162, 0.2413173007127275, 1.2965589529125021e-8, 0.2604632440764172, 0.24131728728500332, 9.307877880643298e-9, 0.004151579176978433, 0.00415141524963541, 6.2024719460807775e-9, 6.6212391512489066e-9, 0.004151399315459216, 3.078249615289534e-8, 0.004151412394394816]
v_opt: [0.6562555933091337, 0.7395368177344597, 0.5469150579123249, 0.06784118083374316, 0.04385966390640201]
solution time: 0.013301849365234375
McCormick lower bound: -6.206133511585926

