x_opt: [0.3375123651717077, 0.11452510424084283, 0.8854754403091705, 0.11452506957015904, 0.8854749050201075, 0.11452459642666957, 0.8854747702572846, 0.8854756481420247, 0.8854749041308766, 0.11452456633585002, 0.11452434143277387, 0.7638176860732034, 0.11452459710225768, 0.11452509424622294, 0.11452431441402915, 0.3745356835103114, 0.11452503812807008, 4.443230166549305e-9, 0.11452431568279814, 0.11452431241813957]
w_opt: [0.3375123644877723, 0.22298727060448598, 1.0337347475210606e-9, 6.942040482140666e-10, 0.10133005182981324, 0.11452459183211691, 8.14237832770801e-10, 2.3667969187981033e-9, 0.11452503690635296, 2.9066434587391703e-9, 5.453623647498891e-10, 5.451151234667397e-7, 8.731346023197406e-8, 0.1145251007960387, 0.11452456538883095, 0.11452509247719463, 4.626781340643609e-9, 0.11452510380975556, 0.1145250670947789, 0.7709502111115787, 0.7709510896019178, 1.764973745097543e-8, 0.6492931316255577, 0.37453567951196365, 4.81657966282318e-7, 3.6480383507288276e-9, 0.11452431510171136, 1.135656927511057e-9, 9.98303636852406e-10, 4.554405704162208e-9, 0.11452506880059467, 0.11452506858453393, 0.11452456216938306, 5.718845111606216e-10, 4.280142688374264e-8, 0.11452503758630847, 5.734434757108475e-10, 1.0859063292416474e-9, 0.8854749035464342, 4.235951505616353e-9, 7.251230760828181e-10, 1.4848973304906203e-9, 1.1358775114035484e-9, 0.11452500536489038, 4.815963666399376e-10, 0.11452459431099357, 0.11452459313725513, 1.3197893074620114e-9, 0.11452459415265731, 0.11452459433865961, 1.076910330853357e-9, 0.11452459565694308, 8.603976325913331e-10, 2.888487926787034e-9, 0.11452431498420032, 1.534638721265433e-9, 0.7638176854213672, 8.672164447072673e-7, 5.697523437412975e-10, 1.0848746930837717e-9, 2.9605343713963323e-9, 0.8854749033435843, 6.862113576897728e-10, 0.11452431006177288, 0.11452503739492803, 0.11452431493891417, 1.6658281162101621e-9, 6.9954007274248e-10, 0.64929259129131, 0.11452459596323465, 7.264358545928626e-10, 8.691587743808503e-10, 7.991391078338892e-10, 1.309186090616364e-9, 1.3279229137623802e-9, 4.65249271040719e-10, 0.11452456544086156, 2.1465021322946476e-9, 0.11452430678119004, 0.11452434001405089, 1.0816416433237906e-9, 4.5784560929442994e-10, 7.603809097279142e-10, 1.4476688523253456e-9, 5.999021950287312e-10, 0.11452431357351135, 0.11452458332898255, 0.11452431151727197, 0.11452501472596753, 8.556043062275111e-10, 0.11452431336622908, 0.11452430984912425, 1.2112621146466382e-9, 0.11452431110024767, 0.11452431151229835, 5.250379454479848e-10, 7.226707943236254e-10, 0.11452431036724631, 3.526594585476663e-9, 0.11452431096064332]
v_opt: [0.8854756476001402, 0.8854754397349207, 0.7840659506693194, 0.013115878564706598, 0.01311584190038738]
solution time: 0.016614913940429688
McCormick lower bound: -3.7461288095913736

