x_opt: [0.7891222320750761, 0.3228233714763106, 0.7891222321940351, 0.21087776734697442, 0.7891222319231557, 0.2108777673648562, 0.7891222322221642, 0.4610823545491866, 0.2716697753263943, 0.21087776780930678, 0.1882115909979424, 0.7283302243227253, 0.21087776782283618, 0.210877767647547, 0.21087776687802262, 0.3228233715665969, 0.21087776709138478, 1.2060863870666858e-10, 0.21087776638851236, 0.21087776635850175]
w_opt: [0.7891222320396358, 0.5782444640459604, 4.681016364079582e-11, 2.295819866466366e-11, 0.5174524564197881, 0.21087776765677058, 2.4023787647570524e-11, 1.0286435838110309e-10, 0.21087776703918568, 7.403140188984428e-11, 2.3296787147892914e-11, 0.11194560369140782, 0.111945603638383, 0.3228233713118674, 0.21087776779279205, 0.21087776760041982, 1.1000567028022363e-10, 0.32282337145467693, 0.210877767266197, 0.5782444644305428, 0.25020458676633056, 1.516339640137021e-10, 0.5174524566376886, 0.32282337139091016, 1.748080596581434e-10, 1.0177879509787505e-10, 0.21087776637052089, 9.183352121881056e-11, 2.3479811987556387e-11, 1.4403829453851863e-10, 0.21087776731889016, 0.21087776731366048, 0.21087776714682208, 1.6723040493360107e-11, 5.724090633825372e-10, 0.21087776707559466, 2.0688952015134327e-11, 3.630317907922604e-11, 0.2716697753123684, 2.306626561148596e-10, 4.63903391002911e-11, 2.333766290888936e-11, 5.03124571705094e-11, 0.2108777666901649, 1.6010106591696278e-11, 0.21087776729416965, 0.21087776725526003, 5.560305930028345e-11, 0.2108777673175948, 0.21087776726411575, 3.768770586386164e-11, 0.2108777673446183, 2.7800679567114855e-11, 7.479867998468693e-11, 0.21087776636947778, 7.634650005975529e-11, 0.7283302243023304, 2.0395152552670615e-9, 3.610606150663092e-11, 5.919077630929117e-11, 1.5371398505693996e-10, 0.27166977530238245, 2.719120295689995e-11, 0.21087776678379078, 0.21087776706207567, 0.21087776635683403, 5.2306962325061084e-11, 2.1583881394360324e-11, 2.2953847156603325e-10, 0.21087776779760672, 2.7148394408717484e-11, 2.5206113889023977e-11, 2.6063363796069853e-11, 3.503130519270739e-11, 4.02813594250235e-11, 1.4325383874412232e-11, 0.21087776777236328, 8.896848858339535e-11, 0.21087776621296328, 0.18821159098108334, 3.6949315640444497e-11, 1.5678757148467667e-11, 1.8374270127667476e-11, 5.884841794942759e-11, 2.383850996861798e-11, 0.2108777668542743, 0.21087776751432197, 0.21087776631700464, 0.21087776694596158, 3.92730550491284e-11, 0.21087776684083914, 0.21087776650686427, 3.8597101663486844e-11, 0.2108777663341803, 0.21087776633769523, 2.2225708523307195e-11, 2.216020649400465e-11, 0.21087776616237724, 9.442709735804092e-11, 0.21087776615817197]
v_opt: [0.46108235452686996, 0.7891222321668838, 0.6227138972586844, 0.04446943323986952, 0.035423606272972905]
solution time: 0.012585878372192383
McCormick lower bound: -5.014806468042691

