x_opt: [0.6338784264790205, 0.3661215655993525, 0.6338784457523521, 0.06495193224009319, 0.633878430782116, 0.2261059940553698, 0.9349482279362232, 0.36612159050004284, 0.36612158325617206, 0.3661215660331927, 0.1798604075981889, 0.6338784085555269, 0.3661215706925312, 0.0650518232792295, 0.3661215604506646, 0.3661215654385293, 0.06495193037861378, 7.003721993923315e-9, 0.06495197548300737, 0.06495199415980465]
w_opt: [0.6338784247879322, 0.2677568586348721, 2.5322736424095255e-9, 2.101132681347755e-9, 0.2677568366014618, 0.3661215652871035, 1.5304574159497947e-9, 1.0418001145909265e-8, 0.06495192659899517, 4.082328425758254e-9, 2.0044505993691894e-9, 1.2829130584244215e-8, 1.6629497466147654e-8, 0.3661215523698612, 0.3661215628722447, 0.06505181908644792, 7.030084485688574e-9, 0.3661215623198218, 0.06495192717152047, 0.5688266748216874, 3.735212064338951e-8, 1.519854089861372e-8, 0.26775686062504905, 0.366121557124466, 7.207037938710587e-9, 6.0647640796878e-9, 0.06495197429632024, 5.238978704889451e-9, 1.2337467415829418e-9, 1.0580649646488458e-8, 0.06495193010709986, 0.06495192963072013, 0.06495192198649939, 1.1058170685937973e-9, 9.070633605373968e-8, 0.06495192863323554, 1.6095089002588114e-9, 2.82547233848773e-9, 0.3661215820053467, 1.3505741974515418e-8, 5.568703565366034e-9, 1.6952925529455168e-9, 4.984271345991486e-9, 0.06495190076663532, 1.0666069170659472e-9, 0.2261059879347487, 0.22610598897500384, 2.9834607638142667e-9, 0.2261059914548011, 0.06505181565581752, 2.893891534301588e-9, 0.22610599287723263, 1.577395412910593e-9, 4.13743570980719e-9, 0.06495197415902948, 6.881991902252063e-9, 0.6338784069035691, 0.30107009772232657, 5.2744865412815695e-8, 4.807974190943243e-9, 7.808000558747116e-9, 0.36612158161025216, 1.9093414937723338e-9, 0.3661215561567391, 0.06495192753700431, 0.064951972907959, 2.6999515991149735e-9, 1.1623805274547032e-9, 2.008762618733198e-9, 0.366121569232535, 2.1886672426862307e-9, 1.6534395644225817e-9, 1.8677964041067675e-9, 2.3935459345240494e-9, 2.624974580859784e-9, 1.2009046520099683e-9, 0.3661215641589357, 3.2616366553710215e-9, 0.06495196622214897, 0.17986040663228586, 2.4225984063701946e-9, 1.357547953258503e-9, 1.2424739892633141e-9, 4.987541959727234e-9, 1.6445216464601241e-9, 0.3661215589949384, 0.366121495685062, 0.06495199108042991, 0.06495192567487194, 4.105718732361544e-9, 0.36612155742183894, 0.0649519209762241, 2.1546383871763123e-9, 0.06495197321197542, 0.06495199245774405, 1.7057225271934292e-9, 1.3554966037221737e-9, 0.06495191761011154, 5.581761843539558e-9, 0.06495197074829284]
v_opt: [0.36612158904842246, 0.6338784431830029, 0.4018019414605159, 0.13404502134021232, 0.032349826821236355]
solution time: 0.01612401008605957
McCormick lower bound: -9.323757634684188

