x_opt: [0.6608594947134279, 0.3391405125955414, 0.6608594947483943, 0.07547758764718533, 0.660859494693243, 0.1595435843605776, 0.8404564164226097, 0.41992688458108696, 0.33914050582900235, 0.3391405051597151, 0.2159845311758711, 0.6608594941984819, 0.3391405052263106, 0.15954358362097432, 0.33914050479929253, 0.3391405135568969, 0.07547758753326682, 2.9410684907113755e-10, 0.0902341233459806, 0.07547758628544389]
w_opt: [0.6608594946278672, 0.3217189894683529, 1.1396208036215172e-10, 7.68619535985811e-11, 0.32171898897219714, 0.33914050499392506, 5.764584462772189e-11, 2.35745913314554e-10, 0.07547758739794633, 1.7014567615325246e-10, 7.08675908506893e-11, 7.415492853511375e-9, 7.561668558340864e-9, 0.33914051223664216, 0.3391405051016608, 0.15954358346957287, 2.1901286934167985e-10, 0.33914051254087163, 0.07547758747255219, 0.501315911229118, 0.08078637941243536, 1.9685675373699302e-10, 0.32171898919138314, 0.33914051325246597, 2.1174701374969857e-10, 2.529085278164963e-10, 0.09023412329857732, 1.5875525940003634e-10, 5.0940842372890476e-11, 2.4148967705003776e-10, 0.07547758757112621, 0.07547758754371171, 0.07547758734232445, 4.3890424124247e-11, 1.2043967476220364e-9, 0.07547758747825177, 5.937801438462364e-11, 9.73177506509218e-11, 0.33914050578352645, 4.026800929848203e-10, 1.1392574373239659e-10, 6.169418519031332e-11, 1.3548178777811382e-10, 0.07547758680515396, 4.0742714463218515e-11, 0.15954358415093006, 0.15954358415966335, 1.1433864774105042e-10, 0.15954358425300635, 0.1595435833896927, 9.956583662450792e-11, 0.15954358430888457, 6.171003428438624e-11, 1.7279693145340952e-10, 0.09023412329317175, 1.722361014763712e-10, 0.6608594941349843, 0.1795969251982704, 1.3710478194484024e-10, 1.3352452224870047e-10, 1.9026386857700718e-10, 0.3391405057733639, 7.113874558265994e-11, 0.339140504637335, 0.07547758743960564, 0.09023412325297904, 1.0124379209142783e-10, 4.857282841181649e-11, 1.5706495001802447e-10, 0.3391405051678579, 7.59168346832363e-11, 6.436931397492491e-11, 7.147130975024213e-11, 8.573190791316177e-11, 9.252938880371699e-11, 4.4636006510475175e-11, 0.3391405050837277, 1.3505040958747493e-10, 0.09023412298238348, 0.21598453112540125, 8.816065539470366e-11, 4.811459500387084e-11, 4.918496323799892e-11, 1.7137363567936443e-10, 6.330390355773481e-11, 0.3391405047386523, 0.3391405042092442, 0.07547758617013699, 0.07547758736980378, 1.2055706304056867e-10, 0.3391405047176965, 0.07547758724114625, 8.554629800207493e-11, 0.09023412324222689, 0.07547758623062843, 6.095635491037556e-11, 5.5619893524177963e-11, 0.07547758607740392, 2.293863320470658e-10, 0.07547758621552554]
v_opt: [0.4199268845235252, 0.6608594946784043, 0.43673559605178414, 0.11501630885199361, 0.04664931773386658]
solution time: 0.013664007186889648
McCormick lower bound: -7.564260224072352

