x_opt: [0.6551628589512376, 0.34483723286435763, 0.655162857464422, 0.07416945409898408, 0.6551628529322057, 0.15777269127836846, 0.8422273630458316, 0.4258130703996334, 0.34483719960873316, 0.34483713372342556, 0.2208392258851663, 0.6551628011136232, 0.344837145718425, 0.15777263774332406, 0.34483713935043153, 0.34483731246680926, 0.07416945200146872, 6.833267323188711e-9, 0.07416945697692004, 0.07416945687073637]
w_opt: [0.6551628558736518, 0.3103257124744105, 1.5943707264287365e-9, 1.3839249334956385e-9, 0.31032566110010995, 0.3448371413294635, 1.1624740353144179e-9, 9.224791390708917e-9, 0.07416944959164605, 4.320280153768811e-9, 1.2780598528633287e-9, 9.111496014938349e-8, 9.126031606633276e-8, 0.34483722421672225, 0.3448371326666141, 0.1577726349798598, 6.2223071834744994e-9, 0.3448372321078507, 0.07416945061506892, 0.4973902214134584, 0.08097592865474183, 2.0423183623454034e-9, 0.310325663536916, 0.34483730652726785, 5.056807268298353e-9, 6.128338518203556e-9, 0.07416945613835664, 3.3419536498477727e-9, 8.123651372102598e-10, 6.922607736788425e-9, 0.07416945266148496, 0.07416945253624586, 0.07416944667026017, 8.23938284017805e-10, 4.422413174087972e-8, 0.07416945098830177, 1.1839292820458974e-9, 2.0053109220794013e-9, 0.34483719886822284, 6.851190943111564e-9, 1.180576849040362e-9, 1.1904857388912634e-9, 2.8021889687747242e-9, 0.07416943541426686, 7.923426378601375e-10, 0.15777268700333194, 0.1577726871486471, 2.2163691108958828e-9, 0.15777268968786096, 0.15777263188930643, 2.2070146943743687e-9, 0.15777269040856198, 1.1894765752137526e-9, 4.417115073667196e-9, 0.07416945598929255, 3.628207160868333e-9, 0.655162799914405, 0.18706455000558106, 2.502833309255748e-9, 2.6605388401985608e-9, 3.677263086337448e-9, 0.34483719864658596, 1.3071247092451444e-9, 0.344837136352561, 0.07416945022234744, 0.07416945541970153, 1.717267745424864e-9, 8.570403634430062e-10, 2.9711492182284486e-9, 0.344837144897534, 1.5862668199678397e-9, 1.135624515269389e-9, 1.5252493499922457e-9, 1.9300247569322254e-9, 2.067488384384026e-9, 7.878996819525102e-10, 0.34483713277821537, 2.358768070712726e-9, 0.07416944987607943, 0.22083922514940194, 1.9461522550187424e-9, 9.284370726040549e-10, 8.987373509805384e-10, 2.88745634699486e-9, 1.1921562380609045e-9, 0.34483713837416247, 0.3448371327675752, 0.07416945512852406, 0.07416944804216964, 2.3586815035400923e-9, 0.3448371380400524, 0.0741694450052256, 1.7739012703225826e-9, 0.07416945539333318, 0.07416945572477451, 1.1036191506047829e-9, 1.0470969857811132e-9, 0.07416944839461251, 5.770013319274166e-9, 0.074169454751512]
v_opt: [0.4258130694503434, 0.6551628562947089, 0.4292384777237133, 0.1189127432515183, 0.04876997624588678]
solution time: 0.014249086380004883
McCormick lower bound: -6.866532235277242

