x_opt: [0.7994075408492942, 0.20059254322014733, 0.7994236412945255, 0.20057625905060364, 0.7994068327757773, 0.2005931124717564, 0.7994075468524938, 0.5471040931365098, 0.2805865442809858, 0.20057639504054406, 0.20059242747585707, 0.7194134812144344, 0.20059312996550127, 0.20059243636219157, 0.20057626626950095, 0.3334053280341163, 0.20057621943897483, 2.5084575303103788e-8, 0.20057623350522857, 0.20057622435048938]
w_opt: [0.7994075357280431, 0.5988143767535867, 7.836881882927276e-9, 6.356754901252125e-9, 0.518821026154053, 0.2005931025029842, 1.575539080740084e-8, 2.3781140018588983e-8, 0.2005762098328226, 1.5442520971453214e-8, 4.203879023753517e-9, 1.6187992138069955e-5, 6.09863678544714e-8, 0.20059251187668148, 0.20057638965155544, 0.20059241968996058, 3.226154591978862e-8, 0.20059253864898155, 0.20057624277209918, 0.5988311920349468, 0.34652774060825486, 5.6984302236137764e-8, 0.5188371446454558, 0.33340530335427265, 1.8651056108723075e-8, 2.0323036612184858e-8, 0.2005762287256615, 1.0788820987643871e-8, 3.952993657851391e-9, 2.74157110561663e-8, 0.20057625138253352, 0.20057625214241265, 0.20057622700657476, 4.380235598374503e-9, 9.920788467603124e-8, 0.2005762127087281, 5.064167210053115e-9, 9.62377441086073e-9, 0.2805865411193267, 3.655887444850426e-8, 6.81769146522998e-9, 5.600117642784417e-9, 8.27243074881507e-9, 0.20057614559985446, 4.4645286702135215e-9, 0.2005930993623788, 0.20059308713285606, 1.1410596512591112e-8, 0.20059310206132686, 0.20059234482808802, 8.078602292373692e-9, 0.20059310783292542, 6.324063175413153e-9, 1.521024659762278e-8, 0.2005762274594899, 1.0755362289712587e-8, 0.719413475622855, 9.712018955118441e-7, 6.038024254640572e-9, 1.0978329486607124e-8, 2.2346236043998468e-8, 0.280586538243998, 5.6512998715176636e-9, 0.20057624672716962, 0.20057621213207463, 0.20057622753848123, 7.198137859384961e-9, 4.352764774980404e-9, 6.095677969609718e-8, 0.20059312506529872, 8.017026037683966e-9, 4.963548047776313e-9, 6.789394998778809e-9, 1.1162727449068977e-8, 1.1575557610217489e-8, 4.1608900560538625e-9, 0.20057638926380847, 1.180814689431362e-8, 0.20057619975794258, 0.20059242199658583, 7.3880944384562454e-9, 4.4896305088664056e-9, 6.381353773913496e-9, 1.0515526557860472e-8, 4.554988963728137e-9, 0.20057626228132763, 0.20059298695775932, 0.20057621802488876, 0.20057619524813633, 7.456896844195008e-9, 0.20057625934355067, 0.2005761722271921, 8.286521681132349e-9, 0.20057622447816095, 0.20057621919570817, 4.4532012404875345e-9, 4.789480563148156e-9, 0.2005761890491562, 1.943161976299323e-8, 0.20057621147258825]
v_opt: [0.5471040886713812, 0.79942363625136, 0.6390513156078574, 0.040230929256072516, 0.040237462644434265]
solution time: 0.014224052429199219
McCormick lower bound: -4.143046622322308

