x_opt: [0.7381870605670477, 0.3367224343411541, 0.7381870728971568, 0.17219936585368445, 0.7381874150912399, 0.1721976913843708, 0.8278023044237365, 0.40396078380091044, 0.26185019608582305, 0.2618129402290797, 0.23140740180552805, 0.7381497603509508, 0.261812896935013, 0.17219768083058265, 0.2618126757093647, 0.3367224508945775, 0.17219779166726712, 3.83793066073645e-8, 0.17219761303465014, 0.1721976374170816]
w_opt: [0.7381870313477623, 0.47637448159179485, 1.9730674659200243e-8, 8.801533026301414e-9, 0.4763368295095677, 0.26181286245600677, 8.862912453982002e-9, 2.3073698015913792e-8, 0.17219777300539, 2.2432502962050022e-8, 7.871831636086666e-9, 0.07490951536177082, 0.07490990457319234, 0.33672237753624473, 0.26181293304455844, 0.17219766497564593, 2.9650371317077202e-8, 0.336722422313189, 0.17219934060592326, 0.5659893822641109, 0.142147863462173, 6.782986842566009e-8, 0.47633686543585924, 0.3367223905654795, 2.5428099372755188e-8, 3.281527297868122e-8, 0.17219760669858783, 2.303002658048378e-8, 7.731018697736042e-9, 4.51446443625773e-8, 0.17219935540073145, 0.1721993539509164, 0.1721993335723302, 5.281789497461695e-9, 1.6281406322700762e-7, 0.17219778852092518, 7.758769926137883e-9, 1.1799130400879796e-8, 0.26185019067286536, 4.088038754759961e-7, 3.256595737241561e-7, 6.846284990950858e-9, 1.0503315121499954e-7, 0.17219769320215028, 5.125767793985677e-9, 0.17219767095540803, 0.1721976626615927, 1.677591302223089e-8, 0.17219767896424445, 0.17219751930774793, 1.1395155552120166e-8, 0.17219768558632698, 7.910131034007137e-9, 2.3544604181619742e-8, 0.17219760287219885, 2.7006957960548757e-8, 0.7381497541374814, 0.08961558493986806, 1.6758200811826242e-8, 4.983261139309424e-8, 1.1154864796278654e-7, 0.26185018769452234, 9.267617512979049e-9, 0.26181265505190804, 0.17219777974734393, 0.1721976004609181, 1.904389775125613e-8, 5.451534847051041e-9, 1.0803266488080832e-8, 0.2618128909673942, 1.0321184574164972e-8, 8.360813645205134e-9, 9.074291554941632e-9, 1.0342452546067834e-8, 1.1794095188517995e-8, 4.321662910929197e-9, 0.26181289278176295, 2.457034555238434e-8, 0.17219758297448431, 0.2314073962677665, 1.1685195745851276e-8, 6.199774520713329e-9, 4.662678953421827e-9, 1.1756898223040363e-8, 7.851185253194637e-9, 0.2618126691115056, 0.26181275061655257, 0.17219762353181947, 0.17219762291022, 1.5029099061842124e-8, 0.26181266388036567, 0.17219775567021692, 1.3155660518204156e-8, 0.17219760210273302, 0.17219762863613927, 7.958944814090176e-9, 6.5818139581091246e-9, 0.172197514581504, 3.0180738392520415e-8, 0.17219757182680356]
v_opt: [0.40396077535873764, 0.7381870623039598, 0.5449222882452535, 0.06854605483032197, 0.053549789596185754]
solution time: 0.016523122787475586
McCormick lower bound: -6.4229890497228865

