x_opt: [0.7680041869959318, 0.28503222225883307, 0.7680042847140827, 9.802842865509337e-7, 0.7680040903464952, 0.23199587046033582, 0.7680041548231874, 0.5903282190490974, 0.4155857182247231, 0.2319957034692945, 0.23199580723103458, 0.5844142246730438, 0.23199588156448567, 0.23199582111392705, 0.23199575960715235, 0.2850324023301965, 9.686218574443123e-7, 1.8506633820356055e-8, 0.23199570404932648, 0.23199570512391593]
w_opt: [0.7680041784364102, 0.5360082789433843, 5.08954707153483e-9, 4.511258666402545e-9, 0.35241841440830574, 0.2319958593174565, 1.1333631985424683e-8, 3.688771056703002e-8, 9.613739097558964e-7, 1.1795702681650915e-8, 2.375814245695715e-9, 0.05303650994459274, 0.053036342098177786, 0.28503218575458306, 0.23199570092576136, 0.2319958163599715, 2.3955204875802293e-8, 0.28503221972159143, 9.683310260136493e-7, 0.5360084415556895, 0.3583325088067634, 1.4585231882642542e-8, 0.35241852593774714, 0.28503236943744664, 1.876723278778296e-8, 1.518845017330189e-8, 0.23199570087739518, 2.4729953136862126e-8, 3.6888036245073542e-9, 2.992062007431726e-8, 9.73665218325593e-7, 9.757265440272096e-7, 9.473914973621112e-7, 2.259671574348358e-9, 1.0508666295176853e-7, 9.65407668987972e-7, 3.217433894471872e-9, 5.081139147735866e-9, 0.4155857164649918, 3.946961685235507e-8, 5.9437153331638284e-9, 3.367108740874309e-9, 7.0247354163587705e-9, 9.218231781736411e-7, 3.128025615373021e-9, 0.23199586400221361, 0.2319958214329819, 1.563120217448252e-8, 0.23199586345133263, 0.23199579194988065, 5.8538232453031375e-9, 0.23199586849588083, 3.848243777506561e-9, 1.2169650210219109e-8, 0.23199570155437949, 1.1606269990577981e-8, 0.5844142222808661, 1.674540779310388e-6, 7.619379868023332e-9, 1.2924897492614498e-8, 3.9613439495928106e-8, 0.41558571337959466, 4.073624055958014e-9, 0.23199574001624867, 9.63398689885831e-7, 0.23199569946551182, 9.934548620699726e-9, 2.001981925804961e-9, 5.385515845238012e-9, 0.23199587945197728, 6.594817547926951e-9, 3.3645951945665358e-9, 4.377561552899132e-9, 6.515090703032183e-9, 7.908840626771807e-9, 2.2031155455255646e-9, 0.23199570176990034, 1.4674827050511167e-8, 0.23199563847862475, 0.23199580419146695, 5.317305844808058e-9, 2.9219521568078504e-9, 3.1107835756500703e-9, 8.210824008451447e-9, 2.9386800558910997e-9, 0.23199575794855629, 0.23199583230636592, 0.23199570080973117, 9.394863267387142e-7, 5.3406468369468835e-9, 0.23199575385838941, 9.47629290094319e-7, 7.746333654143573e-9, 0.23199569891560728, 0.2319957031857888, 3.307827915339292e-9, 2.625306122019143e-9, 9.534330241927707e-7, 1.4915806401235256e-8, 0.23199568393424005]
v_opt: [0.5903282151245557, 0.7680042818042155, 0.5898303014669711, 0.053822008752420714, 0.0538221181508787]
solution time: 0.012425899505615234
McCormick lower bound: -3.9880755518645006

