x_opt: [0.6470525334085274, 0.3529474789246082, 0.6470525344696663, 9.168715712270378e-7, 0.6470525338766828, 0.14128960795693812, 0.8587123999875529, 0.3658164019014156, 0.3529474681398567, 0.3529474650595582, 0.22507576443171873, 0.6470525306836095, 0.35294746562555884, 0.14128760063351592, 0.3529474636312609, 0.3529474815357653, 9.161996257518582e-7, 2.3851227934226674e-9, 0.1412875721868455, 0.11600987537681076]
w_opt: [0.6470525328347735, 0.2941050676379305, 8.12633647239816e-10, 6.197672317875353e-10, 0.29410506458625657, 0.3529474637996162, 5.179751261998031e-10, 2.1752968134540066e-9, 9.15056496847728e-7, 1.3785711646465034e-9, 5.145386953306152e-10, 1.3850562296800036e-8, 1.545122801886761e-8, 0.3529474757189986, 0.35294746459720044, 0.1412875994938827, 1.8319345905035514e-9, 0.35294747835688717, 9.154106454104037e-7, 0.5057649348199379, 0.01286893677007748, 1.4714102654853567e-9, 0.29410506695857236, 0.3529474788811504, 1.8576196351196208e-9, 2.024598126294602e-9, 0.14128757175768542, 1.3941406102980951e-9, 4.4821884854013e-10, 2.1692753202032722e-9, 9.161500772747613e-7, 9.160889401958075e-7, 9.141610928107405e-7, 3.5900412317035607e-10, 9.429810527188196e-9, 9.156620871588007e-7, 5.186829011195569e-10, 7.902694225106639e-10, 0.3529474677219997, 3.8197013022776744e-9, 9.409174789905953e-10, 4.879558980141395e-10, 1.1676582645717811e-9, 9.106475982913136e-7, 3.5617545436811965e-10, 0.14128960652063863, 0.14128960614937558, 1.0401741816300663e-9, 0.1412896071338031, 0.1412875990190599, 7.569626756674114e-10, 0.14128960755425346, 4.952397371081602e-10, 1.4122730806110708e-9, 0.1412875717399063, 1.432753483724622e-9, 0.6470525301794198, 0.21165989744025196, 1.3823244224299316e-9, 1.3152807887099035e-9, 1.8670568640963572e-9, 0.352947467643665, 6.041567695455627e-10, 0.3529474623208178, 9.153300714120026e-7, 0.14128757138635248, 8.87095437470647e-10, 3.5240109943187176e-10, 7.270530554561148e-10, 0.35294746514748265, 7.140878804824176e-10, 5.190052299548615e-10, 6.116676228353224e-10, 7.134582268093786e-10, 7.874053476615886e-10, 3.8500828499797197e-10, 0.35294746445518527, 1.088539298557183e-9, 0.14128756911175813, 0.2250757640089839, 7.165627202784323e-10, 4.345616636508528e-10, 4.1907799915932016e-10, 1.382221920971955e-9, 5.026037321491246e-10, 0.35294746313462794, 0.3529474540159607, 0.11600987445800906, 9.147784219570859e-7, 9.946289660836006e-10, 0.35294746288510614, 9.136836239763188e-7, 7.594151207041276e-10, 0.14128757143602733, 0.11600987495234637, 5.05979043517831e-10, 4.3332596292810686e-10, 9.146724468702934e-7, 1.8442612484453715e-9, 0.11600987476882853]
v_opt: [0.36581640136503, 0.6470525337118798, 0.4186769927703123, 0.12457191578956323, 0.050659100088956265]
solution time: 0.014770984649658203
McCormick lower bound: -7.229093616035062

