x_opt: [0.7499582000044057, 0.2500418131211497, 0.7499582018623674, 0.2500417938519132, 0.7499581946468227, 0.250041780887757, 0.7499582107796673, 0.7155978356585582, 0.39561390867686086, 0.2500417998928504, 0.16340048333975019, 0.6615765982447972, 0.2500418006455552, 0.2500417892925589, 0.25004178856722675, 0.25004181936126857, 0.2500417903423994, 1.1969370818982298e-9, 1.6641757794370567e-6, 1.6631358864630799e-6]
w_opt: [0.7499581996573175, 0.4999163948670462, 6.446401861049386e-10, 3.300829089686217e-10, 0.411534798554033, 0.25004179931701587, 2.6597333898927427e-10, 1.1125514043268137e-9, 0.25004178977734115, 6.902344598348542e-10, 3.19041302890175e-10, 1.5198239509915894e-8, 1.1160203003555577e-8, 0.2500418115309552, 0.2500417995437921, 0.2500417884681642, 1.161543456333525e-9, 0.25004181286368005, 0.25004179305199636, 0.4999164128297838, 0.46555603774464716, 2.573327671570973e-9, 0.4115348013411592, 0.2500418179595294, 9.899694690138203e-10, 1.0097337218301135e-9, 1.6639768453804375e-6, 6.61302032467612e-10, 2.2028641346981898e-10, 1.1808961003182767e-9, 0.2500417935525721, 0.250041793392557, 0.25004179218087896, 2.022672486743611e-10, 5.8753421435080686e-9, 0.2500417901550292, 2.3516009463330665e-10, 4.468567434109841e-10, 0.3956139085052961, 1.3558640437378022e-9, 3.6215404399898383e-10, 2.9070488988563184e-10, 5.543917068820371e-10, 0.2500417860522373, 1.7749713024722908e-10, 0.25004177978716663, 0.2500417799044893, 4.723934076062323e-10, 0.2500417804089201, 0.2500417799025461, 4.991929023257675e-10, 0.2500417806249963, 2.964512380161652e-10, 6.910658724003005e-10, 1.6639388492089885e-6, 7.615133233314258e-10, 0.6615765979690819, 3.5206924682675754e-8, 5.458114594691309e-10, 5.708315928310885e-10, 8.854813953131572e-10, 0.3956139084284916, 3.0267769278446146e-10, 0.2500417876814459, 0.25004178999248056, 1.6638063507408993e-6, 4.2446191621245317e-10, 2.567178742369847e-10, 0.057190507325982784, 0.25004180033261825, 3.0196976337920414e-10, 2.862700472695869e-10, 2.9860258813702294e-10, 4.203998082016263e-10, 4.5227446087967695e-10, 1.8046962125502434e-10, 0.25004179948092603, 6.969404739272063e-10, 1.6624363070418858e-6, 0.16340048313723246, 3.750861118820634e-10, 1.9247493449401405e-10, 2.168464910802007e-10, 6.449770312729323e-10, 2.669807193499156e-10, 0.25004178827983076, 0.2500417902084615, 1.6626732732960949e-6, 0.2500417873651701, 4.928887309940067e-10, 0.2500417881846556, 0.25004178502217206, 3.493234250918415e-10, 1.663607355828229e-6, 1.6628500997582318e-6, 2.564859600941224e-10, 2.572318939541962e-10, 1.6622389229552443e-6, 9.156742793673628e-10, 1.6622247134965207e-6]
v_opt: [0.7155978354310407, 0.749958201517526, 0.5624373402981976, 0.06252091508004817, 0.026699718697071037]
solution time: 0.013783931732177734
McCormick lower bound: -6.205212100067555

