x_opt: [0.6331179809761431, 0.17640840016669412, 0.8421266847846055, 0.15787342669102084, 0.8421265619904164, 0.15787324836009284, 0.8421266766221591, 0.9321668625906732, 0.8421262013527525, 0.15787331234244684, 0.06783311243360869, 0.8362767180381928, 0.157873306506593, 0.15787331687530928, 0.15787320745290484, 0.17640842828077843, 0.15787331737394408, 1.2197760386651238e-8, 0.15787318319852733, 0.06783314755194622]
w_opt: [0.6331179784125536, 0.4752445445452805, 3.777593501911057e-9, 2.9586373474538194e-9, 0.4693947014993498, 0.15787329059568597, 2.9962592360478974e-9, 8.644335371823425e-9, 0.15787331228118265, 7.088932147631172e-9, 2.4578919347114167e-9, 0.018535086948059963, 0.018534976777116494, 0.1764083875709291, 0.1578733088345578, 0.15787331147294656, 1.1252194986209465e-8, 0.1764083981352152, 0.15787341857354956, 0.6842533633495789, 0.7742935505350181, 1.0601689040176865e-8, 0.678403414810302, 0.17640841592459044, 1.5209643624083546e-8, 9.732320284867312e-9, 0.15787318100328257, 4.969546322433844e-9, 2.5316477922728983e-9, 1.094517308986026e-8, 0.15787342362712603, 0.1578734225546235, 0.15787329788390106, 2.222592340966895e-9, 4.751887950179591e-8, 0.1578733154630537, 2.2577288620368803e-9, 4.36274885631726e-9, 0.8421261998196554, 1.2542782032431937e-8, 2.8947419984793998e-9, 2.8347877805345e-9, 4.503463875544589e-9, 0.15787327598136178, 1.8915536644395548e-9, 0.1578732398421909, 0.15787323810937948, 5.031776826197408e-9, 0.15787324387892906, 0.1578732406023741, 4.056464927730415e-9, 0.15787324538474504, 3.2307486929313205e-9, 7.042746369339135e-9, 0.1578731804729176, 5.305551952829591e-9, 0.8362767153540922, 2.801178399195345e-7, 2.947061937359235e-9, 4.232880009067568e-9, 9.116184591690087e-9, 0.8421261984423508, 3.160897903644348e-9, 0.1578731966908572, 0.15787331427776322, 0.15787318011733698, 1.5378218564487618e-8, 2.7069447393933616e-9, 0.6784029236162181, 0.15787330281156486, 2.8979706946629346e-9, 2.72060006548432e-9, 2.9917635232794973e-9, 4.572375381119485e-9, 4.558231264951594e-9, 1.9156411044719768e-9, 0.15787330156843216, 6.716356908144818e-9, 0.15787315853658923, 0.06783310937427196, 3.497469103866037e-9, 1.8826065294230862e-9, 2.8313569055292697e-9, 5.9696389470231165e-9, 2.3912137038960186e-9, 0.15787320426053014, 0.15787327203636553, 0.06783314375887838, 0.15787329383755283, 3.6567264570285154e-9, 0.1578732035499848, 0.1578731920582035, 3.738292125023584e-9, 0.15787317671952222, 0.06783314489939787, 2.228568426562016e-9, 2.6414976113934345e-9, 0.0678331396452313, 8.947152799197707e-9, 0.06783314528422987]
v_opt: [0.9321668603822283, 0.8421266819962114, 0.709177220076457, 0.024924497578842773, 0.004601650137434278]
solution time: 0.0171661376953125
McCormick lower bound: -4.289453412408985

