x_opt: [0.7417885673649773, 0.25821143166226146, 0.7417885793204714, 0.08252606051600778, 0.7417885707110135, 0.25820462612110084, 0.7417953883722637, 0.6976291628436365, 0.43735537379125583, 0.25821142180686246, 0.19782948350461627, 0.5626446254719843, 0.2582114204150604, 0.2582046129587773, 0.25821139458604797, 0.2582116915359781, 0.08252605785659271, 1.1309625638535181e-8, 0.08252609728847879, 0.08252606895570518]
w_opt: [0.7417885654868909, 0.48357713994281243, 4.6342827523407295e-9, 3.53025575383524e-9, 0.3044331948382312, 0.25821141040274853, 2.640554366077608e-9, 6.034479102669682e-8, 0.08252605330467866, 6.857368554001083e-9, 2.589995951773528e-9, 1.2589760927900783e-8, 2.6136773743851352e-8, 0.2582114166339227, 0.25821141851730206, 0.2582046068732957, 1.8720642175247462e-8, 0.25821142966064337, 0.08252605351589042, 0.48358396984626195, 0.439417744249552, 9.006363630409447e-9, 0.3044332146085364, 0.25821168268473377, 9.283140866139836e-9, 9.521299084784606e-9, 0.08252609519304428, 6.068272508451782e-9, 1.5306843212358365e-9, 1.1170338110796431e-8, 0.08252605696502673, 0.0825260570465213, 0.08252603987804266, 2.180726347819055e-9, 7.575806152296787e-8, 0.08252605516160791, 2.5705279572711703e-9, 5.443785781632706e-9, 0.43735537196113466, 1.6805629332371893e-8, 2.2381744859955354e-9, 3.183524355263172e-9, 4.629088915812429e-9, 0.08252602219297951, 2.074783580504095e-9, 0.2582046169268433, 0.2582046169890494, 4.1230836483888715e-9, 0.25820462297772434, 0.258204596722533, 4.902471142379344e-9, 0.2582046238005536, 2.863156238762548e-9, 6.595434928924119e-9, 0.08252609410103712, 5.346807503410199e-9, 0.562644622100006, 7.299773689751669e-6, 4.368941118612117e-9, 5.552460343244058e-9, 8.173152799381784e-9, 0.4373553715369722, 2.8701737501885113e-9, 0.25821138732235366, 0.08252605370005416, 0.08252609436369795, 2.7832378044216234e-9, 2.169152991004851e-9, 7.498718571101101e-9, 0.2582114183872303, 4.077208631335561e-9, 2.3250886903986527e-9, 3.4369811566095265e-9, 6.4442301836552075e-9, 6.078641564562394e-9, 2.142939583863065e-9, 0.2582114188844115, 3.919073599075669e-9, 0.08252607674041486, 0.1978294813925583, 3.6274752974007182e-9, 2.393758114509402e-9, 2.883024453642783e-9, 4.703697338998123e-9, 2.289565625644885e-9, 0.25821139257814946, 0.258211280365306, 0.08252606569421596, 0.08252604925283583, 4.44547081965832e-9, 0.258211389581695, 0.08252603926103098, 3.244441687781473e-9, 0.08252609382734072, 0.08252606573939461, 2.2122372112303695e-9, 2.3476315123766227e-9, 0.08252603783097309, 8.9429518151387e-9, 0.08252606647653597]
v_opt: [0.6976291609251704, 0.7417885765167711, 0.5502503564879146, 0.06667331807457655, 0.03913658084343691]
solution time: 0.012617111206054688
McCormick lower bound: -5.602715842995239

