x_opt: [0.2685227789286526, 0.10629037758969778, 0.8951427239168281, 0.10485949812526402, 0.8937086605359581, 0.10629098536362297, 0.8937089734492957, 0.8937110503339772, 0.8937086241468845, 6.589616673441977e-6, 0.10628885684451149, 0.7314772476052805, 0.10629108658387582, 0.10629089606155051, 0.10485796564896549, 0.3356646023795877, 0.10485926097317577, 4.0540918620782466e-8, 0.10485794678680428, 0.10485795847936126]
w_opt: [0.26852277354929077, 0.1622314430307977, 1.0090826749058815e-8, 7.479103843076006e-9, 3.2522363325000664e-8, 0.10629102686805618, 1.3633069022873224e-8, 4.517448924757699e-8, 0.10485924897891327, 2.67765896053485e-8, 4.638406235360521e-9, 0.0014331059586860369, 2.6000648202042224e-7, 0.10629033701442317, 6.580721299216679e-6, 0.10629035218487112, 1.3277737864897898e-7, 0.10629037168634806, 0.10485946782850042, 0.7888517033689327, 0.7888538051290783, 3.360824295639538e-8, 0.6266200229275223, 0.3356645669546216, 2.0048445194146625e-6, 2.720818397908818e-8, 0.10485793847093433, 6.971881183433899e-7, 5.258699768290211e-9, 6.702122717447378e-8, 0.1048594864618028, 0.10485948906521131, 6.544246578664656e-6, 7.532678662828423e-9, 4.65602379615954e-7, 0.10485925320873606, 6.705181247186198e-9, 1.3826027366001996e-8, 0.8937086182300067, 6.814563090169173e-8, 6.622984696095806e-9, 9.808340230967905e-9, 9.614697771843338e-9, 0.10485897549728529, 6.823234453921697e-9, 0.10629096886895695, 0.10629092421581295, 1.5632818755122295e-8, 0.10629097500608232, 0.10629068481547893, 1.0632209000833748e-8, 0.10629097654797093, 1.029686150964072e-8, 2.5815929299062033e-8, 0.10485793631684708, 1.2593339804255055e-8, 0.7314772401298797, 4.407791900151187e-6, 5.65652312577293e-9, 1.1342888122899943e-8, 4.0236934398296746e-8, 0.8937086038616027, 1.3251198766845868e-8, 0.10485788948066505, 0.10485925193986059, 0.10485793987657574, 8.635131338888654e-9, 6.979761985993924e-9, 0.625185882810156, 0.10629107643329239, 1.0502343228185617e-8, 6.283556038725012e-9, 9.970298308157202e-9, 2.64195733640648e-8, 2.5406277273054472e-8, 6.4374006276310075e-9, 6.576271114133848e-6, 1.7054145592382562e-8, 6.400030424436719e-6, 0.10628883234389364, 1.0797493008358828e-8, 6.239122490920106e-9, 1.8784454806932472e-8, 1.2410369157165354e-8, 5.455838589711975e-9, 0.10485795923762449, 0.1062909520533317, 0.1048579512901933, 0.10485904786045216, 8.046643748762495e-9, 0.1048579547204059, 0.10485790482018333, 1.4000883848442708e-8, 0.10485792677830301, 0.10485794450789072, 5.226971957750363e-9, 7.237911627055185e-9, 0.10485794018114498, 3.061241638601733e-8, 0.10485793200646377]
v_opt: [0.8937110442942934, 0.8951427183972268, 0.7987169747967048, 1.5736914242968318e-6, 0.011297355592785196]
solution time: 0.013415813446044922
McCormick lower bound: -2.9499311412065006

