x_opt: [0.820684850159783, 0.1793154407449822, 0.8206849665678638, 0.17931497031950072, 0.8206847732372391, 0.17931508155996262, 0.8206848867088895, 0.8206857068692681, 0.5776676090085427, 0.17931505693640318, 0.16368936927761402, 0.7969256203877071, 0.17931512012648676, 0.17931509922788033, 0.1793144652169037, 0.21719695920145649, 0.17931493326150477, 3.751433072940713e-8, 0.17931432934597416, 0.17931427813203116]
w_opt: [0.8206848425112675, 0.641369629025287, 1.2165957178812104e-8, 9.130450641388218e-9, 0.6176104779045763, 0.17931507872205152, 1.0968826491528641e-8, 2.904565541260317e-8, 0.17931491746553802, 2.1946539878888427e-8, 7.54694487486411e-9, 4.133908017880618e-7, 2.689113086853564e-7, 0.17931539950655284, 0.1793150470495606, 0.179315081777739, 3.5856360902067255e-8, 0.1793154345802053, 0.17931494600749112, 0.6413698593484054, 0.6413706822657042, 4.766477298552431e-8, 0.6176106209642988, 0.21719692247975428, 2.8701230437857642e-8, 3.033481898969949e-8, 0.1793143224063659, 1.6882672350207977e-8, 6.6234183244250935e-9, 3.4107539902723403e-8, 0.17931496009552794, 0.1793149582111766, 0.1793149077406988, 6.703367472903125e-9, 1.460004912454902e-7, 0.17931492645241337, 7.365168490709785e-9, 1.3623333216841234e-8, 0.5776676039020623, 4.317956784981308e-8, 8.536061388690132e-9, 9.117237587742478e-9, 1.3438692862440225e-8, 0.17931481957887685, 6.011544409541596e-9, 0.1793150568027619, 0.17931504992030795, 1.5501801860021848e-8, 0.17931506587139187, 0.17931504330416467, 1.2453106691378546e-8, 0.1793150732256758, 9.447515981270127e-9, 2.180330006742266e-8, 0.1793143209010833, 1.680338797822077e-8, 0.7969256119383987, 8.984704908011283e-7, 9.621332562932502e-9, 1.419795905867862e-8, 2.9539616881914315e-8, 0.5776676002689577, 8.972027874501274e-9, 0.1793144361018933, 0.17931492270731153, 0.1793143195605947, 1.6580097106849065e-8, 7.359079848017043e-9, 0.37459324073789474, 0.17931511088389726, 9.846809337605115e-9, 8.127782427356003e-9, 9.623970039572907e-9, 1.4357313655786114e-8, 1.4508866880428073e-8, 6.035278672848778e-9, 0.17931504618995378, 1.8311998667010022e-8, 0.1793142598672403, 0.16368936068693535, 1.0898647096994233e-8, 6.254961987365663e-9, 8.43092481819409e-9, 1.746233831881993e-8, 7.3576007339207865e-9, 0.1793144569736985, 0.17931500801478067, 0.1793142663637371, 0.1793148938061668, 1.1936995728393242e-8, 0.17931445369824728, 0.17931441832558215, 1.1649779791995758e-8, 0.17931431332443928, 0.17931426975215123, 6.997810281914621e-9, 7.775573261958719e-9, 0.17931425439820078, 2.801606313355377e-8, 0.17931426950793602]
v_opt: [0.8206856998349341, 0.8206849576867848, 0.6735235144611136, 0.03215393525132643, 0.0267956725442297]
solution time: 0.015527963638305664
McCormick lower bound: -4.540605109631335

