x_opt: [0.6927943373598882, 0.3142230269398461, 0.6927943295025113, 4.5072280439203894e-7, 0.6927943072462222, 0.161832737307866, 0.8381676955570249, 0.4643427653394848, 0.3531499149256311, 0.3072056403351184, 0.301336087583654, 0.6468500806503908, 0.3072056627811292, 0.16183229972141142, 0.3072056376785286, 0.31422408024250026, 4.408893665797331e-7, 3.119343130550817e-8, 0.1618323360598754, 0.1618316645849662]
w_opt: [0.6927943230779431, 0.38558864835545986, 7.940237173322095e-9, 5.881720229371218e-9, 0.3396444225509842, 0.3072056420354713, 6.859724442123248e-9, 4.237233737215211e-8, 4.293833075815239e-7, 1.946318629860723e-8, 4.6804596980907634e-9, 0.007017360461705289, 0.007017351134785341, 0.3142229857380939, 0.30720563590671845, 0.1618322895891347, 2.625185490732339e-8, 0.3142230221257017, 4.345175966152006e-7, 0.5309620290241953, 0.1571370998884699, 1.3511302665869201e-8, 0.3396444304926705, 0.31422405057655073, 2.2484904166888124e-8, 2.6464304414000147e-8, 0.1618323308260968, 2.2205544066091672e-8, 4.665260512498502e-9, 3.284535954976137e-8, 4.412012491162077e-7, 4.430597996809446e-7, 4.1355164096870633e-7, 3.997724229193892e-9, 1.001544430907341e-7, 4.349217788118115e-7, 6.142156947607376e-9, 8.770884308576666e-9, 0.35314991044702104, 5.2396337785274153e-8, 9.373686204276832e-9, 5.189726969090416e-9, 1.216287066115009e-8, 3.8438096778541995e-7, 4.3818523414928586e-9, 0.1618327245501032, 0.1618327123087825, 1.3279055808223258e-8, 0.16183273031274728, 0.16183227942286665, 7.796276319701357e-9, 0.1618327331843747, 5.450070014390099e-9, 1.987875783338188e-8, 0.16183233058680394, 1.471420339387673e-8, 0.64685007544249, 0.1453737003421928, 9.438127918308989e-9, 5.290485446946249e-8, 4.319390350099548e-9, 0.35314990877588787, 6.626370238830854e-9, 0.30720562315663036, 4.3089658310205346e-7, 0.1618323282049631, 9.432226955893702e-9, 3.418784251068953e-9, 6.411855913605497e-9, 0.3072056588205137, 9.584870263471472e-9, 5.180927113424685e-9, 7.748337088432466e-9, 9.233927916918474e-9, 1.0452015233718884e-8, 4.12527666354658e-9, 0.30720563478592766, 1.1971570838623708e-8, 0.16183229871093527, 0.30133608301005954, 8.43823481204571e-9, 5.251437492015031e-9, 4.7745703231003504e-9, 1.0916644259277179e-8, 5.122984912545857e-9, 0.3072056331200865, 0.3072056120477068, 0.16183165668949762, 4.22214976659699e-7, 9.831128479008161e-9, 0.3072056307500853, 4.0929590900844653e-7, 1.0314139962064704e-8, 0.16183232929302632, 0.1618316590203272, 5.084110549543233e-9, 4.572456498751683e-9, 4.212130788185376e-7, 2.512781193384701e-8, 0.16183164598391414]
v_opt: [0.464342759206492, 0.6927943230207884, 0.47996415180758834, 0.09437547451066174, 0.09080551594539284]
solution time: 0.013089895248413086
McCormick lower bound: -5.434448249626274

