x_opt: [0.7886768760583283, 0.21132277051336293, 0.7886772299883198, 0.2113227707061565, 0.7886772288935431, 0.16089148480960436, 0.7886772310775356, 0.909183679672446, 0.7202667249791546, 0.2113227705212601, 0.02572753805527366, 0.7886772268465297, 0.2113227705641261, 0.2113227689387204, 0.21132276738557862, 0.21132277056191695, 0.21132277029528526, 7.387579144532588e-11, 0.09081631584924613, 0.09081631586959552]
w_opt: [0.7886768760343061, 0.5773541050509047, 8.442064187912311e-11, 2.4388892288764887e-11, 0.5773541029245213, 0.21132277047373343, 1.7181782698621953e-11, 4.5418243236137405e-11, 0.21132277026083474, 4.315882635647583e-11, 2.4302902394641244e-11, 5.157599308200455e-10, 8.757758849987822e-11, 0.21132277041178799, 0.2113227704548981, 0.21132276888602303, 7.942017800749282e-11, 0.21132277048806966, 0.21132277065460484, 0.5773544610789361, 0.6978609096766148, 5.862011084847677e-10, 0.5773544569285023, 0.2113227704819113, 4.196151884255822e-10, 6.163693522382132e-11, 0.09081631583658978, 4.164268141757769e-11, 1.5782763517280338e-11, 8.305085341416016e-11, 0.21132277068769545, 0.21132277067385746, 0.21132277028168847, 1.463468164146232e-11, 4.435155579749748e-10, 0.2113227702825757, 1.4757810054576574e-11, 2.924675463797013e-11, 0.7202667249687461, 8.998422421620319e-11, 2.2047851819060824e-11, 2.1326511399555198e-11, 3.982347587530458e-11, 0.21132276996387242, 1.1636619566168596e-11, 0.16089148470575054, 0.16089148473838513, 2.805523301151072e-11, 0.1608914847713149, 0.16089148474395062, 3.832232264978533e-11, 0.16089148479063006, 2.127606166363059e-11, 4.2993222880484374e-11, 0.09081631583315475, 5.425470486399586e-11, 0.7886772268266717, 3.949283840998498e-9, 4.119015104556993e-11, 3.308380991284439e-11, 6.505242140543355e-11, 0.7202667249628928, 2.040527463889852e-11, 0.21132276731905933, 0.21132277027368276, 0.09081631582677273, 6.588560207274123e-11, 2.1654954181854754e-11, 0.5089439523298913, 0.21132277054059206, 1.7806684041121875e-11, 1.8073100582000015e-11, 1.891376232920628e-11, 3.088189201014582e-11, 3.28046919698861e-11, 1.277307232260981e-11, 0.21132277050219667, 4.9947070545433585e-11, 0.09081631573729325, 0.02572753804016038, 2.5063096690123292e-11, 1.2367766192491592e-11, 1.5818900495880006e-11, 4.8432757640630566e-11, 1.751780724285205e-11, 0.21132276735993866, 0.21132276997284044, 0.09081631583855147, 0.21132276884817075, 3.308520087990351e-11, 0.21132276735566863, 0.2113227665065779, 2.133493367289472e-11, 0.0908163158021238, 0.0908163158493856, 1.6506141852487678e-11, 1.79776576345239e-11, 0.09081631579774972, 5.6059573037627506e-11, 0.0908163158206388]
v_opt: [0.9091836796589308, 0.7886772299663413, 0.6220117819343328, 0.04465731564650385, 0.000661921535331163]
solution time: 0.014207124710083008
McCormick lower bound: -6.024002528997824

