x_opt: [0.7341556529223072, 0.26584434376540916, 0.7341556977048365, 0.26584411689557225, 0.7341556063414979, 0.1558139409598961, 0.7341559321916239, 0.6997311731083288, 0.42953402427543413, 0.2658443197959105, 0.1337203698929059, 0.7339833157066553, 0.26584436403184314, 0.2658440714036106, 0.2658443244081717, 0.2658443755433612, 0.2658440982087093, 3.685713586332283e-8, 1.3903351591532505e-6, 1.3658541761900028e-6]
w_opt: [0.7341556441174023, 0.46831126707001614, 1.5932402302293025e-8, 1.2171806520642323e-8, 0.46813897686565736, 0.2658443283360073, 7.661757931738199e-9, 4.7387370743488984e-8, 0.2658440820172314, 2.1514035416576426e-8, 1.1774129016631864e-8, 4.72881195537975e-8, 4.615960869745126e-8, 0.2658442999226513, 0.2658443075480743, 0.2658440434500842, 3.98561202611321e-8, 0.26584433672028585, 0.26584409454790886, 0.46831163657148633, 0.4338868771015163, 4.4347304073029074e-8, 0.4681390472945658, 0.26584434384369415, 3.243009505604998e-8, 3.157458706352554e-8, 1.3843393641790574e-6, 1.960786533638504e-8, 5.6200395637284075e-9, 2.8325370473917187e-8, 0.2658441075855716, 0.26584410244723733, 0.26584404645444126, 6.861445044959633e-9, 1.384855603895629e-7, 0.26584409182317437, 7.685263345336822e-9, 1.5559570107716164e-8, 0.42953401863082774, 3.3203661005147735e-8, 8.758632134104368e-9, 1.1163629057455923e-8, 1.8155293979873412e-8, 0.2658439935441498, 5.792559480274953e-9, 0.15581389543318006, 0.15581391504343695, 1.302352119193402e-8, 0.15581392697047133, 0.1558139131186556, 1.8009579833466598e-8, 0.15581393251389544, 9.472094149152778e-9, 2.0806191537308877e-8, 1.3817582463813177e-6, 1.9176587491198957e-8, 0.7339833049428826, 9.610409378584835e-7, 1.4112551231686488e-8, 1.6384364511877515e-8, 2.2191688840907414e-8, 0.4295340174041749, 9.550159867057677e-9, 0.2658443001698011, 0.26584408650360847, 1.3797776216725475e-6, 1.0184052344912435e-8, 9.109725398642572e-9, 0.16351735248617752, 0.26584435582885746, 1.008204311819296e-8, 8.666042334882708e-9, 9.940660630740497e-9, 1.495303004996673e-8, 1.5199547051043822e-8, 6.338143496029458e-9, 0.2658443090322852, 1.547822837516546e-8, 1.3392650356890625e-6, 0.1337203637307548, 1.1859491051557104e-8, 6.49672011754914e-9, 7.671472146062687e-9, 2.015430371310155e-8, 8.551842954785827e-9, 0.2658443153481665, 0.26584413476149316, 1.3524939686432414e-6, 0.26584403519762384, 1.5623358949067577e-8, 0.2658443136411229, 0.2658440442103499, 9.796630691098681e-9, 1.3745752259497693e-6, 1.3554172935873019e-6, 7.933006435102631e-9, 8.460356158928824e-9, 1.3415497644850613e-6, 2.863333233816724e-8, 1.355297174190051e-6]
v_opt: [0.6997311668928793, 0.7341556866544534, 0.5389850900109059, 0.07067444999479837, 0.01788119172308742]
solution time: 0.013389110565185547
McCormick lower bound: -7.175039892615618

