x_opt: [0.6353506462784815, 0.3646493703046233, 0.6353506595131094, 2.1177227702406793e-5, 0.6353506446997239, 0.15946942613873982, 0.8878625887035546, 0.36464955018416656, 0.3646494997826592, 0.3646493397451795, 0.2286658393777869, 0.6353504935837163, 0.3646493703728356, 0.11213749245251765, 0.3646493490961051, 0.3646493835308464, 2.1176279041522922e-5, 1.7548576708377457e-8, 0.11213439102616737, 0.11213436155452215]
w_opt: [0.6353506419642038, 0.27070129429982165, 7.433323125975549e-9, 4.6164490906221e-9, 0.2707011433031464, 0.36464935875898224, 3.3607653169951262e-9, 2.8657045789837796e-8, 2.1168195690125438e-5, 1.031844931621049e-8, 3.9515397396838e-9, 3.269085632169371e-8, 3.851888162089574e-8, 0.36464934759053724, 0.36464933660277227, 0.11213748377864366, 1.302313906403369e-8, 0.36464936701445444, 2.1167231313824143e-5, 0.5232132502045369, 2.122482533070061e-7, 1.0853165533008615e-8, 0.27070116495148644, 0.36464936613019944, 1.4437679180438499e-8, 1.5271177087481078e-8, 0.1121343881579403, 1.0883883231679888e-8, 2.925145965333744e-9, 1.521615432080124e-8, 2.1172178170427623e-5, 2.1171660476504683e-5, 2.115679420198628e-5, 2.453607969245262e-9, 8.714997224986407e-8, 2.1172059426381127e-5, 3.821682567054125e-9, 5.693307578971284e-9, 0.3646494966102242, 2.1327430428463557e-8, 1.970861985567168e-8, 3.506053557460939e-9, 1.1497680011044852e-8, 2.1140117617581057e-5, 2.4574034823686333e-9, 0.15946941551195568, 0.15946941435044718, 6.864623104755322e-9, 0.15946942040529344, 0.11213748153291786, 5.6373093659461675e-9, 0.1594694234722699, 3.337077509363053e-9, 1.0532705546051464e-8, 0.11213438795690607, 1.0694614607630493e-8, 0.6353504899189192, 0.2525120858002546, 8.458177241748825e-8, 1.0786530137165271e-8, 1.63385579864595e-8, 0.3646494957507459, 4.282109163724229e-9, 0.3646493348454299, 2.1169561832211993e-5, 0.11213438517814911, 5.845007390112385e-9, 2.402249849029578e-9, 4.5620543439916625e-9, 0.36464936769089557, 5.251387838630949e-9, 3.6032449374963995e-9, 4.44354067420215e-9, 4.948063440054828e-9, 5.518714270694081e-9, 2.5541137263804812e-9, 0.36464933651667947, 6.8901020842498875e-9, 0.1121343711406175, 0.22866583705862306, 5.3788494604899246e-9, 3.150757809654235e-9, 2.5916759838341085e-9, 8.474581459054257e-9, 3.688973906173814e-9, 0.3646493461715775, 0.36464925669315923, 0.11213435485910844, 2.1166043627895317e-5, 7.785921866793368e-9, 0.3646493451079582, 2.1158453499726232e-5, 5.195189893741618e-9, 0.11213438602420964, 0.11213435850698486, 3.680929338204075e-9, 3.021063561523533e-9, 2.116407223936708e-5, 1.4019008974002118e-8, 0.1121343536382389]
v_opt: [0.3646495466654975, 0.6353506536053468, 0.40367044554416104, 0.132969148374841, 0.05228811625381913]
solution time: 0.013371944427490234
McCormick lower bound: -9.273356261882332

