x_opt: [0.821024125002755, 0.1789759509785183, 0.82102414855992, 0.17897583889544724, 0.821024111083654, 0.1789758680265376, 0.8210241276642009, 0.8210242771459693, 0.5736886635713059, 0.1789758583402903, 0.17211230461153898, 0.7986953595467463, 0.17897587277830523, 0.17897586948213784, 0.17897573403587613, 0.2143967559685993, 0.17897583258253685, 6.2492172296141065e-9, 0.1789757251384796, 0.1789757211837111]
w_opt: [0.8210241237080484, 0.642048237042879, 1.9850262515302413e-9, 1.509275046309047e-9, 0.6197194858063766, 0.1789758658099316, 1.98362981591752e-9, 4.561848791959159e-9, 0.17897582985847568, 3.6245568354798134e-9, 1.219396181914723e-9, 1.0063599346051143e-7, 7.076280298103333e-8, 0.17897594401367486, 0.17897585669822333, 0.17897586669611168, 5.514878028422099e-9, 0.1789759499088229, 0.17897583472442627, 0.642048277205867, 0.6420484272234646, 1.0520756957387636e-8, 0.6197195137966157, 0.21439674928339866, 4.620950643948192e-9, 5.01267354322826e-9, 0.17897572396302958, 2.8273656113945587e-9, 1.1871801619470735e-9, 5.950111457855576e-9, 0.1789758371734391, 0.1789758368511745, 0.17897582967644302, 1.0869735719287523e-9, 2.5554432554911663e-8, 0.1789758314427508, 1.220006328616893e-9, 2.1778712425023597e-9, 0.5736886627173506, 7.567977990319318e-9, 1.6235982169681308e-9, 1.443745215405833e-9, 2.2775032393426913e-9, 0.1789758132889111, 9.841274490793918e-10, 0.17897586414316446, 0.17897586264551493, 2.7369989227241648e-9, 0.17897586517336675, 0.17897586146841346, 1.9716711618054783e-9, 0.17897586666808193, 1.5510772304525202e-9, 3.644607003485773e-9, 0.17897572380639643, 2.89176219703251e-9, 0.7986953582107595, 1.5908147143376166e-7, 1.6750921989245458e-9, 2.3502550490430817e-9, 5.143148749530173e-9, 0.5736886620521354, 1.4886135959698257e-9, 0.17897572914764825, 0.17897583083176738, 0.17897572345046972, 2.7074588437558953e-9, 1.1759643767352064e-9, 0.3723840249556575, 0.17897587119898864, 1.6117969803775268e-9, 1.3740967440018402e-9, 1.5666302214612486e-9, 2.2182194367092044e-9, 2.2900778379581943e-9, 9.776912948392712e-10, 0.17897585663318075, 3.3299503816205578e-9, 0.17897571379692445, 0.17211230315019257, 1.7984218603515568e-9, 1.0248943292775667e-9, 1.3327659133283605e-9, 2.9781581032581265e-9, 1.2245226421377263e-9, 0.17897573262828034, 0.17897585388707954, 0.17897571915968, 0.17897582628719194, 1.9746860834432657e-9, 0.1789757319961797, 0.17897572666503175, 2.0098350723155767e-9, 0.17897572205715223, 0.17897571982979396, 1.1777888669755002e-9, 1.2706907329398367e-9, 0.17897571719440492, 4.616464903336374e-9, 0.17897571958618458]
v_opt: [0.8210242759037071, 0.8210241470514261, 0.6740806226051868, 0.03203236536353739, 0.02962295455101172]
solution time: 0.014933109283447266
McCormick lower bound: -4.476877438217078

