x_opt: [0.3375224627507748, 0.11453567445489664, 0.8854783797441952, 0.11452164209909958, 0.8854608706271967, 0.11453575220436321, 0.8854642217110295, 0.8854786249115661, 0.8854606647166103, 0.11452161307443268, 0.1145212925458391, 0.763779719513541, 0.1145357822254479, 0.11453575900086495, 0.11452162539562019, 0.37453167153111183, 0.11452152887212512, 5.259540653589381e-8, 0.11452131053344697, 0.11452128300693414]
w_opt: [0.33752245562446503, 0.2229833392818849, 1.3967089666110191e-8, 1.173749810335467e-8, 0.10130218959159405, 0.11453572089649598, 1.2349893481277116e-8, 4.557307085426594e-8, 0.11452151229034087, 3.431178954146875e-8, 8.122344824379172e-9, 1.4059613588686664e-5, 6.785118629313754e-8, 0.11453560698040254, 0.11452160252273356, 0.11453560906009244, 1.7029790155674014e-7, 0.1145356670839171, 0.11452160988198352, 0.7709426097769072, 0.7709570178944468, 3.2288207424860914e-8, 0.6492581566795258, 0.3745316297051875, 5.0624560758699624e-8, 4.2504259791060065e-8, 0.11452130146912055, 2.3211790490832183e-8, 6.245963932898173e-9, 6.722062241786763e-8, 0.11452162835877239, 0.1145216293304718, 0.11452139096570964, 9.602927347843142e-9, 5.013874189432981e-7, 0.11452151832435056, 9.384185588640566e-9, 2.1313567448664424e-8, 0.8854606584476346, 4.442329790964829e-8, 6.987187902793568e-9, 1.1720076856160097e-8, 1.354049196143762e-8, 0.11452126114266788, 8.28840168421106e-9, 0.11453571902284936, 0.11453570174984704, 1.7560238187304392e-8, 0.11453573547426323, 0.11453558282771029, 1.8404666335656146e-8, 0.1145357414750263, 1.3341089220013783e-8, 3.284880957975525e-8, 0.11452129647443579, 2.1132828937775977e-8, 0.7637797080562141, 4.596687444972537e-6, 9.12631335604925e-9, 1.627151443630131e-8, 3.601731283974541e-8, 0.8854606541750298, 1.3275843344395581e-8, 0.1145215755508092, 0.11452151590607605, 0.11452130048421905, 1.4929363973901364e-8, 9.69311015548892e-9, 0.6492404338671472, 0.11453577127678304, 1.4117671312458588e-8, 8.860951475465716e-9, 1.3602650825899204e-8, 3.616112949598538e-8, 3.208282348838091e-8, 8.512866297191669e-9, 0.11452159653602084, 1.9995585347380725e-8, 0.11452093507513397, 0.11452127926701326, 1.5610256655668982e-8, 8.398405271601174e-9, 1.5621506210949837e-8, 1.826343256912603e-8, 8.234334961296024e-9, 0.11452161711797224, 0.11453558609344042, 0.11452127200818167, 0.11452147605244944, 1.3596356423581569e-8, 0.11452161317536506, 0.11452132824683539, 1.511631331812134e-8, 0.11452129425273397, 0.11452126928580456, 7.720021535003508e-9, 1.024818762575057e-8, 0.1145212469280202, 4.153330852980647e-8, 0.11452126755699107]
v_opt: [0.8854786175494491, 0.8854783711314769, 0.7840410052465515, 0.013115409198434281, 0.013115130730705435]
solution time: 0.016520023345947266
McCormick lower bound: -3.8071650425950576

