x_opt: [0.6596170395769665, 0.34038300928875287, 0.6596170399264731, 6.9277277964337234e-9, 0.6596170396722169, 0.13787419318517788, 0.8621259210859429, 0.39844282237549017, 0.3403829602965029, 0.34038295990353784, 0.28932277859227246, 0.6596170348950346, 0.34038296010939684, 0.13787407899960688, 0.3403829596381813, 0.3403830189168015, 6.675549646974358e-9, 6.247973757003111e-10, 0.13787407796469564, 0.13787407518816067]
w_opt: [0.6596170394413753, 0.31923407925420433, 1.792734286630281e-10, 1.5613405951820726e-10, 0.3192340745737563, 0.34038295969065824, 1.6109193889038794e-10, 8.632264126431101e-10, 6.418988830930966e-9, 3.8434197695805205e-10, 1.0585805303546466e-10, 4.93182351638262e-8, 5.002352887837757e-8, 0.3403830081368277, 0.3403829598354522, 0.1378740787530899, 7.425107891157639e-10, 0.3403830091093807, 6.588927742363637e-9, 0.5217429611101416, 0.05805986241068583, 3.027582465537829e-10, 0.31923407526288017, 0.3403830183003577, 5.367621861202803e-10, 5.233827188811969e-10, 0.13787407783587557, 4.141817905892932e-10, 1.015388616162852e-10, 7.446926623838598e-10, 6.683311094209543e-9, 6.770103551300662e-9, 6.123909647026283e-9, 9.20273641471804e-11, 1.872954447708871e-9, 6.5338371417078595e-9, 1.4250062483683538e-10, 2.0923266669843495e-10, 0.3403829601727775, 1.349379895172337e-9, 1.6296971178415544e-10, 1.2481120319243293e-10, 3.0941916710244564e-10, 5.65507328484562e-9, 1.0800916557139923e-10, 0.13787419288818792, 0.1378741925995238, 2.8466222761735746e-10, 0.1378741930239325, 0.13787407846504826, 1.8417195914517774e-10, 0.13787419309247015, 1.2113532647702902e-10, 3.913971630395263e-10, 0.13787407782818528, 3.532894662148745e-10, 0.6596170347631534, 0.20250890401772337, 3.0823075175782013e-10, 1.2422161649543145e-9, 1.4847376902045475e-9, 0.3403829601560669, 1.570672659583341e-10, 0.3403829593192202, 6.405649864989313e-9, 0.13787407777412508, 1.9869340060609727e-10, 7.481545359068077e-11, 1.3181096860667936e-10, 0.3403829599899343, 2.7312413781383383e-10, 1.1588231268990653e-10, 1.8047781213484123e-10, 2.2817546539125467e-10, 2.5746535910731366e-10, 1.0393810647502484e-10, 0.34038295978292404, 2.323405777850367e-10, 0.1378740770736004, 0.28932277848518406, 1.8761413861820985e-10, 1.4070707632483224e-10, 1.1947992115983434e-10, 2.583422692208175e-10, 1.1574207204650788e-10, 0.34038295952778863, 0.34038295600534535, 0.13787407500482227, 6.283905557225711e-9, 2.491725969416253e-10, 0.34038295944602287, 5.9463675236656e-9, 2.190355933608184e-10, 0.13787407782154948, 0.13787407507433125, 1.1912228724561301e-10, 1.0034300563620791e-10, 6.349380819778208e-9, 4.96721837869786e-10, 0.13787407486572834]
v_opt: [0.3984428222281782, 0.6596170397595715, 0.43509464136881565, 0.11586056015241156, 0.08370768245259994]
solution time: 0.03654599189758301
McCormick lower bound: -6.046912818709109

