x_opt: [0.7728736524656313, 0.2271263460704316, 0.7728737702466687, 2.047975478873922e-7, 0.7728736318530818, 0.22712636780279127, 0.7728736531966792, 0.6269305165686635, 0.41957381801122995, 0.22712622220542927, 0.22712634418722716, 0.5804261818252735, 0.22712636809237843, 0.22712634604549103, 0.22712624798499062, 0.2951924778760944, 2.045559568824055e-7, 1.0594888967748312e-9, 0.2271262388851139, 0.2271262360636975]
w_opt: [0.7728736522672449, 0.5457472844720186, 2.8749813516410576e-10, 1.99501674830426e-10, 0.3532998344410155, 0.22712636701456532, 8.45931745177415e-10, 9.946002086894049e-10, 2.041819833594529e-7, 6.673014242521435e-10, 1.448202123059639e-10, 1.1646157666127526e-7, 2.790761122710558e-9, 0.2271263444605305, 0.2271262220236324, 0.22712634557686648, 1.385376160304158e-9, 0.2271263458846049, 2.0410604861429392e-7, 0.5457474235931559, 0.39980428709539, 1.3084084459983677e-10, 0.35329995294230165, 0.2951924767659792, 9.588796493628668e-10, 8.506063659703644e-10, 0.22712623867980525, 6.475826922938576e-9, 1.6777009818426552e-10, 1.5110650766441107e-9, 2.044140303374939e-7, 2.045410923974235e-7, 2.0277727654859458e-7, 1.625807582093911e-10, 5.117554115764949e-9, 2.042221370019082e-7, 2.0580933755161993e-10, 3.6218141607625036e-10, 0.4195738178798427, 1.3867047648881646e-9, 2.648016539751354e-10, 1.964669186593836e-10, 3.0147627698043885e-10, 2.0095813823245532e-7, 1.8142051267249646e-10, 0.22712636738057376, 0.22712636665444877, 5.428202760303449e-10, 0.2271263673773217, 0.2271263452851959, 2.814971845383605e-10, 0.22712636763798866, 2.34196912450159e-10, 6.661079169848242e-10, 0.22712623866247594, 4.54899374475639e-10, 0.5804261816273361, 1.0902730332951421e-7, 2.901822881524656e-10, 5.289930063897175e-10, 1.1975470364972531e-9, 0.41957381774926483, 2.2512099870077642e-10, 0.22712624719940305, 2.0424142923237325e-7, 0.22712623864466636, 3.080386524584785e-10, 1.444024284839714e-10, 6.142859577569713e-10, 0.22712636792973198, 3.528569877825695e-10, 1.8098231872272966e-10, 2.706913434356564e-10, 4.182959657378209e-10, 4.768397502122207e-10, 1.6121874662390865e-10, 0.22712622200162472, 5.012893857802576e-10, 0.2271262161683307, 0.22712634394298564, 3.055458623458141e-10, 1.8947977265395819e-10, 2.381308726989061e-10, 3.660838435028065e-10, 1.7060329536860544e-10, 0.22712624784875646, 0.22712635952310328, 0.22712623582399452, 2.029811143254253e-7, 2.805903276908647e-10, 0.22712624769874468, 2.0305626053087277e-7, 3.8119870817336903e-10, 0.2271262386410069, 0.2271262358993408, 1.6998819596363033e-10, 1.7332437164160342e-10, 2.0363810956785524e-7, 8.285143285345905e-10, 0.22712623586710798]
v_opt: [0.6269305163645841, 0.772873770055142, 0.5973336550778998, 0.051586354238287196, 0.05158637836177999]
solution time: 0.01605701446533203
McCormick lower bound: -3.893459620155514

