x_opt: [0.7994117278747417, 0.20058813720116625, 0.7994124691954333, 0.20056790677308664, 0.799410301452915, 0.2005892111047446, 0.7994118960073622, 0.547070953410244, 0.2805723880494987, 0.20058752226160714, 0.2005879566898731, 0.7194275999502148, 0.2005892950316959, 0.2005881034416855, 0.20058772259375948, 0.3334197404531155, 0.2005678980990318, 8.823672160831918e-9, 0.2005873468448273, 0.20058733441048]
w_opt: [0.799411726510476, 0.5988220305564348, 2.2939234621149106e-9, 4.881299506176674e-9, 0.518839329304936, 0.20058928644963223, 1.8013386840569187e-9, 9.377743233150597e-9, 0.20056789457782143, 5.305600053728927e-9, 1.522071817852131e-9, 6.076308478540283e-7, 2.465036831435469e-8, 0.20058812605435306, 0.20058752034620803, 0.20058810094160393, 1.1801783291213788e-8, 0.20058813564756423, 0.20056790123998836, 0.5988243667632597, 0.34648342474181004, 4.146690362101123e-9, 0.5188400766294456, 0.3334197329045879, 7.456001002707687e-9, 6.990811486845278e-9, 0.20058734495402356, 3.5367162273930383e-9, 1.4052228012390205e-9, 8.823219495133109e-9, 0.20056790367277552, 0.20056790456742918, 0.20056788928716907, 1.6545873584522082e-9, 3.623785139155035e-8, 0.20056789647691783, 1.933317482996755e-9, 3.455364937629868e-9, 0.28057238668021617, 1.0373662780575512e-8, 1.3817188967078147e-9, 2.453981515616974e-9, 2.8812269811113248e-9, 0.20056787191767972, 1.6974523681592148e-9, 0.20058920623117388, 0.20058920450201942, 3.347232699810751e-9, 0.20058920888054588, 0.20058809065820862, 2.8233573271381693e-9, 0.2005892094395193, 2.1697970457372285e-9, 5.2197705974712884e-9, 0.20058734436144118, 3.6425295206039727e-9, 0.7194275979480387, 2.910756811599864e-6, 2.499603718329254e-9, 3.7414083241215426e-9, 8.159423802061043e-9, 0.2805723858576129, 2.1243246409517275e-9, 0.20058771642214246, 0.20056789514180956, 0.200587344672132, 2.422725169586342e-9, 1.4458318536320429e-9, 2.370594267843721e-9, 0.20058929347714405, 3.164717035743925e-9, 1.7522586864640854e-9, 2.6015201761268876e-9, 4.430606784365647e-9, 4.365443240270324e-9, 1.5900934026960228e-9, 0.20058752003619498, 3.3992856675042126e-9, 0.20058733798610653, 0.20058795455730408, 2.583732957883824e-9, 1.8153178988551626e-9, 2.355836246723438e-9, 3.177150670098555e-9, 1.5842281844411953e-9, 0.20058772110980616, 0.20058927201359533, 0.2005873320355232, 0.20056788732588665, 2.787987106787552e-9, 0.20058772007491735, 0.20056788263303932, 2.9041959971399605e-9, 0.20058734439091086, 0.20058733244922186, 1.5838129840426663e-9, 1.6989228845284778e-9, 0.20056789295209704, 6.686529959380801e-9, 0.20058733296199913]
v_opt: [0.5470709516830173, 0.7994124672615049, 0.639056971042513, 0.04023537329871945, 0.04023591495168712]
solution time: 0.013507843017578125
McCormick lower bound: -4.198531077399729

