x_opt: [0.7902455092885324, 0.3176030801297683, 0.790245533987594, 0.20975416661208937, 0.7902454538086618, 0.20975449046435754, 0.7902454920300921, 0.46736977549485076, 0.2684163329683581, 0.2097544706369923, 0.2018569005979484, 0.7315837549089779, 0.20975454878401575, 0.20975448122485255, 0.2097540991125748, 0.317605979956432, 0.20975410772069888, 1.72084387467726e-8, 0.20975394348295212, 0.20975390093845409]
w_opt: [0.7902455015604365, 0.5804909649249458, 3.7172419222694777e-9, 2.3541389301965545e-9, 0.5218292668378615, 0.20975452857933058, 4.369717255756501e-9, 2.1032766849948063e-8, 0.2097541015046627, 1.1312642347608149e-8, 3.137477002833385e-9, 0.10784861646364062, 0.10784856322261852, 0.31760305385801035, 0.2097544678174764, 0.20975447536802086, 1.9735191836567024e-8, 0.3176030778560286, 0.20975415632005193, 0.5804910278111338, 0.2576153122714603, 2.7398321937124528e-8, 0.5218293056251837, 0.3176059536834219, 2.4779033930213145e-8, 1.5048629812005298e-8, 0.2097539413633037, 1.117297515111701e-8, 2.764437285279778e-9, 2.656134937574685e-8, 0.20975416315522172, 0.20975416314929696, 0.2097541332437863, 2.0437366804104263e-9, 1.2167799505853542e-7, 0.2097541057968641, 2.5446106076897743e-9, 4.642882220324459e-9, 0.26841633136872106, 3.926320385753819e-8, 9.534479535818115e-9, 2.824759336221794e-9, 6.641195016025538e-9, 0.20975405046041778, 2.084266929273996e-9, 0.20975448044277176, 0.2097544758528881, 7.521348179988886e-9, 0.20975448526869242, 0.2097544484824121, 5.775988362072023e-9, 0.20975448825983725, 3.239870647517691e-9, 1.1565765623383169e-8, 0.20975394097252717, 1.1236487647680754e-8, 0.7315837525863775, 6.765960351149539e-7, 3.868401314436753e-9, 9.669425577084618e-9, 2.828033745243491e-8, 0.26841633025437056, 3.364957954931743e-9, 0.2097540873483613, 0.20975410415513648, 0.2097539396099302, 6.4210768122459786e-9, 2.2379565869731024e-9, 1.0301509694615087e-7, 0.2097545460451975, 3.5173511106087125e-9, 3.0447260671791265e-9, 3.479743100157844e-9, 4.683026336871334e-9, 6.028329895781052e-9, 1.6966122069278335e-9, 0.20975446645136445, 1.2401972176990167e-8, 0.2097539165252073, 0.20185689838769857, 5.003790232723284e-9, 1.9736154057205444e-9, 2.224062172029818e-9, 7.774744010656415e-9, 2.8844702738683095e-9, 0.20975409671828354, 0.20975448668235122, 0.20975389690412374, 0.20975408223590844, 5.141093017112844e-9, 0.20975409502477352, 0.20975405039105946, 4.944199049351556e-9, 0.20975393801532272, 0.2097538987739317, 2.7307070933778144e-9, 2.693794727923053e-9, 0.20975388627864924, 1.416661103475428e-8, 0.20975389341010944]
v_opt: [0.46736977293524246, 0.7902455309729187, 0.6244879280314306, 0.043996942363325395, 0.04074651159889565]
solution time: 0.014110088348388672
McCormick lower bound: -4.980694570274599

