x_opt: [0.7302484635904474, 0.3522289602990463, 0.7302484743463432, 0.17153677247335458, 0.7302484901963942, 0.17153832050001838, 0.8284621879215224, 0.38140973817892876, 0.2697515485206007, 0.2697515234906817, 0.19848091700684628, 0.7302484334308528, 0.26975151926668883, 0.17153782129155534, 0.26975145334429923, 0.3522289845614169, 0.1715367546006443, 3.546026107047872e-8, 0.17153770895370557, 0.1715368724129418]
w_opt: [0.7302484486123291, 0.4604969600382117, 1.3897885558382108e-8, 8.092409086745827e-9, 0.46049690485208655, 0.2697514912437462, 7.482548104832917e-9, 2.764058568091158e-8, 0.1715367363673164, 2.0435780555702987e-8, 7.765857153376996e-9, 0.08247744251078229, 0.08247748406809838, 0.3522289063065517, 0.2697515166725794, 0.17153780568878055, 2.4800063891454717e-8, 0.35222895073148525, 0.17153674916102057, 0.5587106669264379, 0.11165821811889777, 2.6995663153141817e-8, 0.4604969367914091, 0.3522289336523508, 2.6543601386616712e-8, 3.061893939466924e-8, 0.1715377032306477, 2.2248317504424015e-8, 7.487787205896334e-9, 4.2372517487368093e-8, 0.17153676290438782, 0.17153676069666568, 0.17153673689468552, 4.758275293158778e-9, 3.366336973412713e-7, 0.17153674803913252, 7.12593136996686e-9, 1.0518443170451174e-8, 0.2697515430683235, 8.817829844242278e-8, 2.7002638606370827e-8, 6.316201150303855e-9, 1.7615118953972704e-8, 0.17153665423643552, 4.616477682338273e-9, 0.17153829956137823, 0.17153829528229989, 1.6260435270577268e-8, 0.1715383075667949, 0.17153779535176225, 1.0693233460452007e-8, 0.17153831515303058, 6.945858911001778e-9, 2.1737589788090595e-8, 0.17153770353032757, 2.8077016882102387e-8, 0.7302484273618371, 0.09821420648975568, 2.230407266725098e-8, 2.136661231510391e-8, 3.038012457920077e-8, 0.2697515416006669, 8.602382836187824e-9, 0.26975143582546185, 0.17153674324189702, 0.17153769645367511, 1.743616658786791e-8, 4.899706148540664e-9, 1.0661060112329272e-8, 0.26975151211482185, 8.990128951714484e-9, 7.826018165523518e-9, 8.111922147013866e-9, 8.845593609671794e-9, 1.0171521897420081e-8, 5.134536770252174e-9, 0.26975151009595766, 2.1439408058252503e-8, 0.171537670811986, 0.19848091206585308, 1.0680414167524065e-8, 5.567972727214464e-9, 5.2734819827400345e-9, 2.4263251974326456e-8, 7.478148673961686e-9, 0.2697514466001266, 0.2697513942532594, 0.1715368571577714, 0.1715367347156613, 1.520539246928913e-8, 0.2697514425101318, 0.17153671916133795, 1.1596606883218719e-8, 0.17153769790603607, 0.17153686586151842, 7.613531068034107e-9, 6.066913487490622e-9, 0.17153671869390527, 2.791213495909398e-8, 0.17153686244204003]
v_opt: [0.38140973011573404, 0.7302484632763543, 0.5332630283696369, 0.07276599844338397, 0.03939474522969886]
solution time: 0.01278996467590332
McCormick lower bound: -7.653244406226633

