x_opt: [0.772873644141749, 0.22712635344915846, 0.7728737481494683, 8.730841078389703e-8, 0.772873618716136, 0.22712637107661934, 0.7728736530992113, 0.6269304852922937, 0.41957385997647384, 0.22712624256100183, 0.2271263519329233, 0.5804261390354322, 0.22712637721654025, 0.2271263452905629, 0.22712631061571978, 0.2951924830294797, 8.561185566596652e-8, 4.695547451387619e-9, 0.22712625900320452, 0.22712625667240807]
w_opt: [0.7728736431413433, 0.5457472636281778, 1.3393913159018957e-9, 1.5190559792262985e-9, 0.35329978389462025, 0.22712637227382593, 2.366414526232628e-9, 9.037281958367557e-9, 8.378390442023803e-8, 2.8970385951578486e-9, 7.611082803142288e-10, 1.025056765279727e-7, 1.839310867822192e-8, 0.22712634622508382, 0.22712624243550306, 0.22712634274725937, 7.01111385001336e-9, 0.22712635242591644, 8.443094939418322e-8, 0.5457474022388352, 0.39980423501628487, 2.8208638723443847e-9, 0.35329989131732153, 0.29519247795124254, 4.668227302370647e-9, 3.694180082595676e-9, 0.2271262579084134, 9.656582972808907e-9, 7.871895971880193e-10, 5.695028326895764e-9, 8.539451536596669e-8, 8.612308189390276e-8, 7.751076439467223e-8, 8.557594143623773e-10, 1.3653926993584861e-8, 8.4220096209985e-8, 1.0449188968606405e-9, 1.6989546488067626e-9, 0.41957385929752716, 9.613654941832039e-9, 1.1379795921869947e-9, 1.1213471580973186e-9, 1.5278451507448314e-9, 7.520801722318503e-8, 9.516300136393103e-10, 0.22712636890659688, 0.22712636482947243, 2.6260500220421358e-9, 0.22712636960580604, 0.2271263406100606, 1.5060185649678982e-9, 0.22712637026575586, 1.156455352197269e-9, 2.9060537947625243e-9, 0.2271262577990305, 2.1522356851951502e-9, 0.5804261379016181, 1.8665390894712464e-7, 1.476501946499752e-9, 2.5297665180407134e-9, 6.7655329664090515e-9, 0.41957385863967234, 1.1544114561814095e-9, 0.2271263067335698, 8.393671884977284e-8, 0.22712625786798088, 1.4561742881409408e-9, 6.784432492027974e-10, 2.0569256053242432e-9, 0.22712637637430552, 2.036602358248243e-9, 9.086659616164417e-10, 1.410127286675265e-9, 2.509775737644219e-9, 2.555829975553708e-9, 8.810838820697138e-10, 0.227126241897306, 2.1061391379381314e-9, 0.227126215788991, 0.22712635090904287, 1.3943154565860662e-9, 1.0880005045260127e-9, 1.355396673054936e-9, 1.863344059581547e-9, 8.182189093947797e-10, 0.22712631000508396, 0.22712636043165557, 0.22712625550653814, 7.93218074523366e-8, 1.4663116533748561e-9, 0.22712630926502314, 7.864179469842119e-8, 1.744124798952087e-9, 0.22712625786481946, 0.22712625583221668, 8.521748832095648e-10, 8.477186940301681e-10, 8.232451778975778e-8, 3.6200951473482393e-9, 0.22712625375676707]
v_opt: [0.6269304843110228, 0.772873747421384, 0.597333633458283, 0.051586330686576816, 0.05158643070983811]
solution time: 0.014626026153564453
McCormick lower bound: -3.8831086944373934

