x_opt: [0.6353515295280661, 0.36464852763684263, 0.6353515291566431, 1.938020986029484e-6, 0.6353515384487822, 0.15945124194446048, 0.8878507451596112, 0.3646485624655367, 0.36464853361283533, 0.36464847251908356, 0.22868165607697213, 0.6353514587440825, 0.36464847401410055, 0.11214925705510015, 0.3646484623463147, 0.3646485400741144, 1.9338479786259398e-6, 6.3466371064942535e-9, 0.11214915986769976, 0.11214914234039133]
w_opt: [0.6353515265228952, 0.27070307025898316, 2.8536550808212893e-9, 1.2988752276168182e-9, 0.27070298939107734, 0.3646484698940853, 1.1789447400670348e-9, 7.50241532264203e-9, 1.93123367307652e-6, 3.892375397045731e-9, 1.1645300581901443e-9, 5.785918130280238e-8, 7.573719361006012e-8, 0.36464851831695605, 0.36464847140346257, 0.11214925458599014, 4.441803776275912e-9, 0.3646485265005377, 1.934598699002401e-6, 0.523202275026632, 9.251680683128887e-8, 3.4424745197662676e-9, 0.27070299209457677, 0.3646485333179562, 5.029577740598559e-9, 5.5974515805671175e-9, 0.11214915897535781, 4.2751987347209516e-9, 9.712302987512665e-10, 6.5074250207645096e-9, 1.9364429659584183e-6, 1.9361493898733387e-6, 1.9311603685930447e-6, 7.408548194868829e-10, 3.968444436580888e-8, 1.9327149511643666e-6, 1.195293951752725e-9, 1.7289310949625541e-9, 0.36464853268643477, 1.874170684625475e-8, 1.5225978211561387e-8, 1.0417623598692737e-9, 6.7699179649473355e-9, 1.9201469943435316e-6, 7.426306566102891e-10, 0.159451238647912, 0.15945123775047454, 2.4378621165972226e-9, 0.15945124018659346, 0.11214924746817827, 1.744722422935797e-9, 0.15945124113439293, 1.0576058271439934e-9, 4.1067907369351854e-9, 0.11214915896480167, 4.433521026335745e-9, 0.635351457705891, 0.25249933712809497, 3.499035891154713e-9, 1.8834478383575874e-9, 1.455369947568545e-8, 0.3646485323785631, 1.3383457812710059e-9, 0.3646484583291647, 1.9318921951368677e-6, 0.11214915805126478, 2.1390222337282305e-9, 7.426295315031982e-10, 1.3891484798907126e-9, 0.3646484732751826, 1.5976020762387466e-9, 1.1371059930905566e-9, 1.4056781533038738e-9, 1.5218560781277837e-9, 1.7073728791440154e-9, 7.466293164940006e-10, 0.36464847119350263, 2.662129756451726e-9, 0.11214915362043662, 0.22868165531477497, 1.787972793925067e-9, 9.114215083560075e-10, 7.744125690693876e-10, 2.916497322200746e-9, 1.182802480479424e-9, 0.3646484617037952, 0.3646484422966761, 0.11214914027088128, 1.930047364996606e-6, 2.593289985837803e-9, 0.36464846067839723, 1.928028189435811e-6, 1.9031834925410323e-9, 0.11214915834379688, 0.11214914084533338, 1.154156065829963e-9, 9.44205207060646e-10, 1.9170515666596562e-6, 5.2211131753523675e-9, 0.11214913810189746]
v_opt: [0.3646485612593082, 0.635351527471644, 0.403671652796598, 0.13296853824582366, 0.052295316026157196]
solution time: 0.015861988067626953
McCormick lower bound: -8.141881238689153

