x_opt: [0.8179339693146433, 0.2162052404356947, 0.8179339730656473, 0.18206603096092072, 0.8179339675364361, 0.1820660281412182, 0.8179339705789282, 0.8179340526537512, 0.6204178652371282, 0.18206603044144878, 0.11782902658013843, 0.7985922519499482, 0.18206603016067108, 0.18206602911419012, 0.18206597363826535, 0.2162052419412391, 0.18206602809355643, 2.6035326887573346e-10, 0.18206597019172985, 0.1820659451652524]
w_opt: [0.8179339692535293, 0.6358679369201101, 7.660735700973468e-11, 3.441126558979698e-11, 0.6165262212986637, 0.18206602988584056, 3.689016495289214e-11, 1.851454080807023e-10, 0.18206602801655086, 1.7704424114271932e-10, 3.079207596803282e-11, 0.03413921353157936, 0.03413920841096197, 0.21620524015082132, 0.18206603042290168, 0.18206602903881727, 2.5662879345851117e-10, 0.21620524040768324, 0.18206603081325998, 0.6358679436676298, 0.6358680257563651, 3.755411771483754e-9, 0.6165262253114222, 0.21620524158255505, 2.4813279734898866e-9, 2.3027510634279058e-10, 0.18206597016630258, 1.0738592574165998e-10, 3.902889345515889e-11, 3.5595612472789696e-10, 0.18206603092318907, 0.18206603091080334, 0.18206602985871978, 2.715744836371324e-11, 1.6668939473254002e-9, 0.18206602807169797, 3.0834234458728505e-11, 6.705704516732865e-11, 0.6204178652195227, 3.989656730727165e-10, 5.7512166880654027e-11, 3.2230496562024536e-11, 7.668972958782366e-11, 0.18206602698971025, 2.412626837975349e-11, 0.18206602798865384, 0.1820660279278888, 8.742276198834283e-11, 0.18206602806052705, 0.18206602793283125, 7.520602572126238e-11, 0.18206602810945596, 5.140490640861153e-11, 1.770798610824818e-10, 0.18206597016051476, 1.6880048553530835e-10, 0.7985922519191015, 1.2171045502824554e-8, 5.0733237241159354e-11, 8.863177461634503e-11, 1.9224880027733635e-10, 0.6204178652035751, 4.0791236852834984e-11, 0.1820659734075596, 0.18206602805529273, 0.1820659701439469, 8.903456807592523e-10, 4.56893538269183e-11, 0.41901011809046507, 0.18206603011837744, 3.837730540890548e-11, 3.897357301785421e-11, 4.179225743513156e-11, 6.714016248469063e-11, 7.616609710850265e-11, 2.055021563619797e-11, 0.18206603007743483, 1.8208080921501092e-10, 0.18206596994475344, 0.11782902654593909, 7.447535444512272e-11, 2.1194742477963483e-11, 2.980710559127837e-11, 1.0227280689883599e-10, 4.112541604889251e-11, 0.1820659736012103, 0.18206602948624243, 0.18206594511562338, 0.18206602750097323, 6.370382453929357e-11, 0.1820659735838108, 0.18206597325233773, 6.983046479227206e-11, 0.18206597008783104, 0.18206594513850902, 3.3473130582382274e-11, 4.2413348444974785e-11, 0.18206594495969292, 2.1989207370918754e-10, 0.1820659450427712]
v_opt: [0.8179340526239337, 0.8179339730294349, 0.6690159773690773, 0.03314804009534935, 0.013883680722126514]
solution time: 0.014117002487182617
McCormick lower bound: -4.630676158399762

