x_opt: [0.6265168946526961, 0.3734830921739619, 0.626516918241753, 0.05561333134732956, 0.6265169001379676, 0.1540960011768123, 0.8459048034135063, 0.39018718327419655, 0.3734830937651025, 0.37348308385905576, 0.1611133127046583, 0.6265169001065665, 0.3734830922861733, 0.15409520306172664, 0.37348308865441027, 0.37348309646932404, 0.0556133297493051, 9.401781393009067e-9, 0.055613584177964644, 0.05561357736209352]
w_opt: [0.6265168927469467, 0.2530337966262014, 3.031966298465432e-9, 2.9161863229174253e-9, 0.2530337966626217, 0.37348308470463354, 2.020328466424555e-9, 7.831656871765896e-9, 0.05561332538690901, 5.531773454230891e-9, 2.4569661480002032e-9, 1.2034424154491917e-8, 1.852299221349898e-8, 0.37348307777515893, 0.3734830812334813, 0.15409519751128367, 1.0934235010157053e-8, 0.37348308986215456, 0.055613325222677194, 0.47242172330989424, 0.01670410300966325, 8.494603489212468e-9, 0.2530338265205353, 0.3734830879626011, 8.73538932926856e-9, 8.043096085021162e-9, 0.05561358252025007, 5.952638730234685e-9, 1.441627614294185e-9, 1.0049013304843803e-8, 0.05561332850028597, 0.055613328153271864, 0.05561331682094092, 1.6179413064184495e-9, 7.123049491272557e-8, 0.05561332741190845, 2.1452224828227907e-9, 4.0364235800129274e-9, 0.37348309212633185, 1.1087853729553682e-8, 2.3163997350396246e-9, 2.3974057122587606e-9, 4.725645258194484e-9, 0.055613299216758186, 1.5382510701640876e-9, 0.15409599286186854, 0.15409599406466234, 3.6212147162538513e-9, 0.15409599811295252, 0.1540951956475453, 4.075681309668069e-9, 0.15409599941091462, 2.2071448906189143e-9, 5.4511248018865545e-9, 0.055613582048429346, 6.002157525745373e-9, 0.626516897605387, 0.21938802331637772, 8.712111400662477e-9, 5.021689970794692e-9, 7.113827256853822e-9, 0.37348309199465685, 2.4770964734811014e-9, 0.37348308374755856, 0.05561332612129712, 0.055613581254804346, 2.797484789559463e-9, 1.6828342333997525e-9, 3.2260910035923903e-9, 0.37348309038436184, 3.101552651956799e-9, 2.079501312867467e-9, 2.6641245962831135e-9, 3.870975999008483e-9, 4.01976763575218e-9, 1.7693487154055353e-9, 0.37348308170471817, 3.7197973890589494e-9, 0.055613569284960675, 0.16111331121232503, 3.1049022565057852e-9, 1.8757889358506863e-9, 2.109209955943755e-9, 6.585304735847611e-9, 2.091151497529955e-9, 0.3734830863997271, 0.3734830080996891, 0.0556135740165363, 0.05561332379020135, 4.478270630410381e-9, 0.37348308505746547, 0.05561331685570041, 2.756901781466285e-9, 0.05561358109803316, 0.05561357502346335, 2.0524975153071316e-9, 1.904734765701377e-9, 0.055613325253483885, 7.442129592162599e-9, 0.055613574158976976]
v_opt: [0.3901871815022048, 0.6265169153936341, 0.39252375758279556, 0.1394900849823768, 0.02595757819081242]
solution time: 0.0134429931640625
McCormick lower bound: -7.432856681057837

