x_opt: [0.6143826458854518, 0.26219813687332205, 0.8937977694034899, 0.10620296310944974, 0.7378019721867899, 0.2619207642334682, 0.7378019971655888, 0.8937974822173756, 0.6144094056474922, 0.10620186218424539, 0.10620206882731477, 0.38561741482938183, 0.26192078513198724, 0.26219777414548656, 0.10620241183061856, 0.27254326370044674, 0.10620236560468635, 6.021713160267883e-8, 0.10620234582471577, 0.10620229854441769]
w_opt: [0.614382634082463, 0.3521846243131965, 1.9873353373440857e-8, 1.1887478980092049e-8, 7.249510709495311e-8, 0.2619206986718715, 2.263101975121936e-8, 6.864907776067001e-8, 0.10620234380689142, 3.765509124610724e-8, 7.87514899637967e-9, 0.15599591502743773, 3.584617825256692e-7, 0.26219806904159265, 0.10620184772877075, 0.26219775345154167, 9.035041542492491e-8, 0.2621981263865564, 0.10620292002674829, 0.6315997758377991, 0.7875952836369683, 3.060805768043255e-8, 0.2794152458187498, 0.27254319597500665, 1.929994223154947e-7, 4.193058027204257e-8, 0.10620233273579052, 1.1343059861547434e-7, 1.0101082885561986e-8, 9.344602921685719e-8, 0.10620294408337999, 0.1062029479902221, 0.10620176356151585, 1.1117907957328192e-8, 3.2587907533599524e-7, 0.1062023552387573, 1.0884786947544179e-8, 2.0279817841853915e-8, 0.6144093987651617, 1.0721787177786523e-7, 1.0925479525358412e-8, 1.2174814832428433e-8, 1.7887198584047862e-8, 0.10620213547525831, 1.0760060471906729e-8, 0.26192073781323993, 0.26192068074203745, 3.1374237345087535e-8, 0.2619207345645862, 0.26192072543863176, 1.739852994247746e-8, 0.2619207512549686, 1.6080042655901302e-8, 3.6925769758540456e-8, 0.10620233115551764, 2.3857689413580815e-8, 0.38561740314753123, 6.913897111625044e-7, 1.1518758169317712e-8, 2.1581276344387273e-8, 7.539863818168696e-8, 0.6144093863116611, 1.6432563578955254e-8, 0.10620233250664743, 0.10620235058504723, 0.1062023333001613, 4.99569870804733e-8, 9.828056819131091e-9, 2.6860750005786287e-5, 0.2619207677398361, 1.6919794508098023e-8, 1.1171151784922595e-8, 1.533620168070658e-8, 2.9779848795062364e-8, 3.0331901014352703e-8, 9.720242968318286e-9, 0.10620184343524279, 3.444464902144212e-8, 0.10620161392780686, 0.10620203895028517, 1.6768365778992017e-8, 9.775626833139503e-9, 2.0690036091425752e-8, 2.2834898929541348e-8, 9.426682078431446e-9, 0.1062024007669981, 0.26192058767326915, 0.10620228547955841, 0.10620222609921516, 1.4078305833375252e-8, 0.10620239173383707, 0.10620219954625339, 2.1947246559480108e-8, 0.1062023099495129, 0.1062022858729338, 9.290565977917495e-9, 1.1387765586155207e-8, 0.10620223431906352, 4.3655199285114265e-8, 0.10620227413055866]
v_opt: [0.8937974708981223, 0.8937977596327085, 0.5443522024342152, 0.011278843973035893, 0.011279029551595323]
solution time: 0.014060020446777344
McCormick lower bound: -3.0672943518070146

