x_opt: [0.7903569812384151, 0.3170871819215471, 0.7903569815928224, 0.20964285550470851, 0.7903569819232846, 0.2096428362338208, 0.7903571568569367, 0.4679917801541677, 0.2680918570846443, 0.20964301880923922, 0.20321378099634307, 0.7319081428536548, 0.20964301851713885, 0.20964284317020623, 0.20964301698766696, 0.317087182018043, 0.2096428461220094, 1.2293600590268802e-10, 0.20964258692256996, 0.20964257216557064]
w_opt: [0.7903569811984308, 0.5807139631818897, 1.186287239175916e-10, 3.2405505037854296e-11, 0.5222651241211896, 0.20964301839852792, 2.6549611428871166e-11, 8.084841537669583e-11, 0.20964284606159925, 7.032994848540757e-11, 3.107341057887306e-11, 0.10744416353845679, 0.1074441640415663, 0.317087181764176, 0.20964301878115565, 0.20964284310490996, 9.921123026134483e-11, 0.31708718189190754, 0.20964285542317543, 0.5807141384687364, 0.25834876176952093, 4.842978226701472e-10, 0.5222651245572868, 0.31708718187105805, 7.588621609009917e-11, 1.0374834992661964e-10, 0.20964258690155232, 6.855711470120467e-11, 2.2385623111029894e-11, 1.1582134933318751e-10, 0.20964285547222192, 0.20964285545775588, 0.20964285540105718, 1.9853350321045258e-11, 5.477081500650542e-10, 0.20964284610468376, 2.5059591796883977e-11, 4.30356200821161e-11, 0.26809185706598954, 8.819338516757625e-10, 4.848928538744317e-10, 2.5333666695063934e-11, 5.211124497011583e-11, 0.20964284576847708, 1.7938732158134454e-11, 0.20964283613957513, 0.20964283614071055, 5.253420977051607e-11, 0.20964283618778604, 0.2096428361620579, 4.44490949300507e-11, 0.20964283620966095, 2.8844421387459322e-11, 7.176022265590315e-11, 0.20964258689964194, 7.65813526539124e-11, 0.7319081428269044, 1.7657342257815809e-7, 6.988308075025058e-11, 5.392188113564149e-11, 9.72824885579314e-11, 0.2680918570586842, 3.159902861960161e-11, 0.20964301690752984, 0.20964284608385564, 0.20964258688236176, 4.7726352961342445e-11, 2.3185889685578198e-11, 8.753929000126003e-11, 0.20964301848879277, 3.1955932372749623e-11, 2.9404392528149986e-11, 3.0448796767523815e-11, 3.846768086982899e-11, 4.15225573375425e-11, 1.8425988972281888e-11, 0.20964301848397965, 6.95838405610756e-11, 0.20964258676810837, 0.2032137809736353, 3.7729723393860456e-11, 2.0347070064872274e-11, 2.0871296183909108e-11, 7.03359175755692e-11, 2.7551899610273605e-11, 0.20964301696022067, 0.2096430179369026, 0.20964257211482867, 0.20964284313238957, 5.0459314386840995e-11, 0.20964301694843482, 0.20964284600740438, 3.773833052658537e-11, 0.20964258687210147, 0.209642572139519, 2.6718923721307147e-11, 2.5073574323215815e-11, 0.20964257205592918, 9.377774699637667e-11, 0.20964257206052075]
v_opt: [0.4679917801287243, 0.7903569815548375, 0.624664179055878, 0.04395019675726673, 0.04129584094728968]
solution time: 0.012932062149047852
McCormick lower bound: -6.592174771437963

