x_opt: [0.4940130066568549, 0.2635681609695339, 0.860723988405049, 0.13927678993493908, 0.8607231952658569, 0.1392764054385381, 0.8607231455976555, 0.8607246238437525, 0.8607226628034502, 0.139276556572914, 0.13017715354730305, 0.8157761227770317, 0.1392765299645716, 0.13927671919304765, 0.13927547447257288, 0.2635682293674605, 0.13927654662231048, 2.367791836769809e-8, 0.13927548908416276, 0.13927541963988163]
w_opt: [0.4940130013262638, 0.3547362050039217, 6.94739428775569e-9, 4.586093705664954e-9, 0.3097891339258067, 0.13927649855814583, 5.410629452007749e-9, 1.309118994972245e-8, 0.13927653739219695, 1.4225331335335043e-8, 3.868263167220523e-9, 0.12429215381359733, 0.12429138842231655, 0.26356813876307483, 0.13927654986183047, 0.13927671107768913, 1.9621878809754865e-8, 0.2635681568443785, 0.13927677363535393, 0.7214471370062584, 0.7214486188403986, 5.670531345896134e-7, 0.6765001374826656, 0.26356819907489454, 5.607738886846668e-7, 1.876727827101489e-8, 0.13927548527912972, 9.002245374782994e-9, 9.379708883011196e-9, 2.6974747256503385e-8, 0.13927678478305897, 0.1392767825516677, 0.13927651228415364, 3.6065009801282665e-9, 1.8083338794255297e-7, 0.13927654335916934, 3.746200731722749e-9, 6.580329602819927e-9, 0.8607226599448389, 4.2824203839717185e-8, 8.000075105618788e-9, 4.670492035297808e-9, 8.682156358818702e-9, 0.13927641764932777, 3.0379119672210183e-9, 0.1392763923527647, 0.13927638475585333, 9.486030123477987e-9, 0.1392763974165538, 0.13927639044979986, 6.589483383718643e-9, 0.1392764004714277, 5.533889867361602e-9, 1.4651823322801805e-8, 0.13927548508220572, 1.1048506373578392e-8, 0.8157761188472635, 2.2517079676546503e-6, 5.079884297475105e-9, 7.1095828095593175e-9, 1.9420887033288857e-8, 0.8607226565758221, 4.834207088810252e-9, 0.1392754503467105, 0.1392765417265678, 0.13927548359632524, 5.776572248754291e-8, 4.422768264810522e-9, 0.676498793745115, 0.1392765217792343, 4.684414968826872e-9, 5.066675968431682e-9, 4.856330471750004e-9, 7.039391358690954e-9, 7.305111212523138e-9, 2.9880365128824448e-9, 0.13927652105866994, 1.879218984608657e-8, 0.1392754484282472, 0.13017714757815513, 6.331229925491666e-9, 2.955961855894124e-9, 4.284514935745883e-9, 1.113201017534795e-8, 4.161012197642562e-9, 0.1392754679814376, 0.13927645444175107, 0.13927541256804554, 0.1392765065482925, 6.070211879114292e-9, 0.13927546625583978, 0.1392754502531874, 7.673078672699654e-9, 0.13927545697660562, 0.13927541540935637, 3.824441919833742e-9, 4.500333529084398e-9, 0.1392754034149968, 1.7544072281614458e-8, 0.1392754137054581]
v_opt: [0.860724619642734, 0.8607239836665607, 0.740844724445826, 0.019398015450059668, 0.016947013476076023]
solution time: 0.013023138046264648
McCormick lower bound: -3.946492440254187

