x_opt: [0.7341519360101352, 0.2658485041144283, 0.7341519441442123, 2.905544672444452e-7, 0.7341519395103878, 0.194664800047239, 0.8053352336445584, 0.5502749993537467, 0.3864622981403731, 0.2658480475204561, 0.2658480244903119, 0.6135376869168574, 0.26584805667280637, 0.1946647645557675, 0.26584804477525176, 0.3040436504322125, 2.8577245955027275e-7, 1.516517846438111e-8, 0.1946647543393987, 0.19466469845926324]
w_opt: [0.7341519331460377, 0.46830387775586185, 4.352136832806016e-9, 4.111259937697438e-9, 0.3476896255308363, 0.26584804492108394, 4.020446128753081e-9, 1.8142522197817857e-8, 2.793603839389547e-7, 9.049422483724715e-9, 2.572824760625553e-9, 4.50658722222928e-7, 4.628703913353524e-7, 0.26584848390274907, 0.2658480453267642, 0.19466475849903067, 1.4714106975737015e-8, 0.26584850103299223, 2.814789018585611e-7, 0.5394871802436039, 0.28442694656603706, 6.603325969658065e-9, 0.34768964211586617, 0.30404363580481625, 1.115910705405675e-8, 1.237033180345931e-8, 0.19466475113492115, 8.125469968484843e-9, 2.6149542852029694e-9, 1.4773031571249064e-8, 2.849322803867907e-7, 2.8652600394585196e-7, 2.699380860436179e-7, 2.4504933347459004e-9, 4.881539693020278e-8, 2.821409110672324e-7, 3.432071665588055e-9, 5.22415538723022e-9, 0.3864622954636587, 2.710796796535269e-8, 4.407986067838748e-9, 3.1317432414674272e-9, 6.152338823958664e-9, 2.5461452081879135e-7, 2.637664875810218e-9, 0.19466479263990458, 0.1946647862043572, 6.917660112241572e-9, 0.1946647959635688, 0.19466475273478825, 4.407701724547139e-9, 0.1946647974570403, 3.220031001609759e-9, 9.096088618774394e-9, 0.19466475069111192, 7.172775459302251e-9, 0.6135376836152258, 0.0711834929724386, 4.9820253799726225e-9, 1.0675937353032692e-8, 1.5905547027174635e-8, 0.3864622945353958, 3.78155418520496e-9, 0.2658480358169855, 2.7994495161171837e-7, 0.19466475002883546, 4.818262884302172e-9, 2.0540649547875367e-9, 3.829296666197722e-9, 0.26584805422316987, 5.648031418852085e-9, 2.9643266141436974e-9, 4.2854211331135845e-9, 5.6842040970318265e-9, 6.136888610792874e-9, 2.5187724260859565e-9, 0.2658480444185531, 5.923692054817281e-9, 0.1946647308426245, 0.26584802137311664, 4.407497692227933e-9, 3.1799262508766086e-9, 3.0679836256741e-9, 6.023090694700505e-9, 2.7966337374635944e-9, 0.2658480420594176, 0.26584800176670415, 0.19466469399565023, 2.7461665562765744e-7, 5.313057548078043e-9, 0.26584804029970927, 2.6783562471538434e-7, 5.206830015514413e-9, 0.19466475037220488, 0.19466469565383282, 2.862548718821334e-9, 2.648020347464086e-9, 2.782654596966727e-7, 1.1607759037089885e-8, 0.19466469501704958]
v_opt: [0.550274995921328, 0.7341519403294953, 0.5389791510004968, 0.07067520324645576, 0.0706752502349368]
solution time: 0.0173799991607666
McCormick lower bound: -5.131075716276376

