x_opt: [0.5085655211909703, 0.2648330695839301, 0.8580539350227857, 0.1419460722923687, 0.8580539258448727, 0.14194606565087436, 0.8580539290499558, 0.8580539558064353, 0.8580537844168127, 0.141946066063417, 0.11505540450437095, 0.8128521673550207, 0.1419460662423213, 0.14194607017295213, 0.14194604624924856, 0.2648330713191394, 0.1419460654462532, 8.330756551790573e-10, 0.14194604589796095, 0.1419460447669796]
w_opt: [0.5085655210110996, 0.3666194471507219, 2.563825728605138e-10, 1.9121938331250992e-10, 0.32141768871770177, 0.1419460651197905, 2.2423844388060713e-10, 5.750681229132938e-10, 0.14194606508118537, 4.802791768325484e-10, 1.5327435026826994e-10, 0.12288700476441708, 0.12288699660585431, 0.26483306869449613, 0.14194606581940872, 0.1419460698334791, 7.193145368265812e-10, 0.2648330694310578, 0.1419460717020948, 0.7161078642015689, 0.7161078910762624, 1.6207067760302556e-9, 0.6709061032044444, 0.2648330703443451, 1.265805109382169e-9, 6.445318333906441e-10, 0.14194604573695999, 3.449073100760783e-10, 1.8230057633712325e-10, 8.437006228661818e-10, 0.14194607206930068, 0.14194607201405762, 0.14194606504549162, 1.4881691868890822e-10, 3.5721157554413894e-9, 0.14194606530952683, 1.5611494776792355e-10, 2.839024355019299e-10, 0.8580537843106679, 1.0476755640968472e-9, 2.2856172820391662e-10, 1.856228004886103e-10, 3.069602592484273e-10, 0.14194606250601596, 1.3043800546982362e-10, 0.14194606514922448, 0.14194606488370587, 3.877182444049241e-10, 0.14194606524521805, 0.14194606513949062, 2.524567089709255e-10, 0.14194606545366056, 2.1862417085249728e-10, 4.866400201083644e-10, 0.14194604572139946, 3.722208716502416e-10, 0.8128521671844726, 2.1168653166673645e-8, 2.101356321603952e-10, 2.856529411619071e-10, 7.226754562811753e-10, 0.858053784192816, 1.9737380960710237e-10, 0.14194604547654469, 0.14194606523165706, 0.14194604567882482, 1.222837351195452e-9, 1.6759035538249355e-10, 0.6709059520426031, 0.14194606598059822, 2.0072065494421145e-10, 1.8751740534381484e-10, 2.0266434781120063e-10, 2.923759781880291e-10, 3.0017038596957166e-10, 1.2875261534542914e-10, 0.1419460656791426, 5.283846711758113e-10, 0.14194604429561672, 0.11505540426181146, 2.352486281070926e-10, 1.2956114005236904e-10, 1.8872190286126895e-10, 4.0823478875910664e-10, 1.6096003855438318e-10, 0.1419460460306924, 0.14194606380854644, 0.14194604450003537, 0.14194606439743288, 2.4292300987073586e-10, 0.14194604594954358, 0.1419460453026294, 2.7820425700834796e-10, 0.14194604531070004, 0.1419460445895966, 1.5332392890354726e-10, 1.7447677526612696e-10, 0.14194604420798776, 5.96533422207823e-10, 0.14194604458018664]
v_opt: [0.8580539556381219, 0.8580539348322277, 0.736256543141966, 0.020148690209263943, 0.013237746949290126]
solution time: 0.018825054168701172
McCormick lower bound: -3.9635102047667354

