x_opt: [0.635373471657941, 0.36462655639923763, 0.6353735025086661, 3.162773901534254e-7, 0.6353734539446084, 0.15943004756027385, 0.8878263699833907, 0.36467899681698224, 0.36462651929396794, 0.3646264988814774, 0.2287377164718581, 0.6353734192790012, 0.3646265139941687, 0.11217363393561626, 0.3646265069651596, 0.3646265908929612, 3.080204085469806e-7, 1.754313376446123e-8, 0.11217358218422491, 0.11217356919327465]
w_opt: [0.6353734684710166, 0.2707469288298245, 5.292515550457947e-9, 5.258693073960084e-9, 0.2707468942610373, 0.3646265007450407, 4.610953211527734e-9, 2.579323115396125e-8, 3.0018000809149185e-7, 1.042953569413744e-8, 3.800856780216456e-9, 6.212297557080462e-8, 7.514802648291209e-8, 0.3646265254600893, 0.36462649468736585, 0.11217362521301966, 1.9336127922153936e-8, 0.3646265504806828, 3.0619144534871364e-7, 0.5231998757502724, 5.250248911200012e-5, 1.3472392395081309e-8, 0.27074693510047515, 0.3646265747053712, 1.6255236859270633e-8, 1.4657901916938295e-8, 0.1121735784299414, 1.4650471220446469e-8, 2.9137955217541766e-9, 1.727319645532507e-8, 3.0936197590067573e-7, 3.110266383121286e-7, 2.9054630252655003e-7, 3.0336579996852373e-9, 5.576480841617036e-8, 3.0364829665694923e-7, 4.404084313872973e-9, 6.666432593127073e-9, 0.3646265154643212, 2.230877015895426e-8, 3.1653347971548326e-9, 4.460844173116163e-9, 9.593889944113545e-9, 2.7509274987183574e-7, 3.265609187889499e-9, 0.1594300367727449, 0.15943003197233166, 7.590971885676131e-9, 0.1594300422712856, 0.11217361490339746, 6.135161339521745e-9, 0.15943004443881104, 3.896261590809376e-9, 1.036811564092586e-8, 0.11217357783363432, 1.0320612365141053e-8, 0.6353734146292913, 0.25245323817590126, 9.463083052082461e-9, 1.905837563850934e-8, 3.1607469318711e-8, 0.36462651534472235, 4.9012312533779314e-9, 0.3646264970887977, 2.996625938725257e-7, 0.11217357671943322, 5.57872853275857e-9, 2.5963960802249217e-9, 4.4830916194794125e-9, 0.364626509902727, 7.845639025098027e-9, 3.6979558593237394e-9, 5.456256648499365e-9, 7.764346955541614e-9, 7.938982430418472e-9, 3.548474130845241e-9, 0.3646264946512595, 6.626233838153045e-9, 0.11217355029440293, 0.2287377133124708, 5.569918873146169e-9, 4.404494362284293e-9, 4.0963408559989316e-9, 9.5281435270258e-9, 3.6436084646469544e-9, 0.36462650264891694, 0.36462635853914604, 0.11217356325722223, 2.95926217699939e-7, 8.272063920105368e-9, 0.36462650019366044, 2.832079706010203e-7, 5.777794155759725e-9, 0.11217357739479522, 0.11217356368574083, 3.79228795017975e-9, 3.2924920783384363e-9, 2.963238333638845e-7, 1.365549475141401e-8, 0.11217355694251635]
v_opt: [0.3646789927482941, 0.6353734972179074, 0.4036995581078252, 0.13295248465118864, 0.05232116458688988]
solution time: 0.013193845748901367
McCormick lower bound: -6.712738907887686

