x_opt: [0.656959650749135, 0.34578620079924155, 0.6569596510727453, 1.0995543704076879e-8, 0.6569596509939917, 0.13769679355599707, 0.8623032355341896, 0.39059324345805096, 0.343040349616131, 0.343040348545865, 0.2777498296396668, 0.6569596487122107, 0.34304034879399686, 0.13769676447509968, 0.34304034830513574, 0.34578620281273165, 1.0725855891443563e-8, 9.346491928532807e-10, 0.13769676441493645, 0.13769675889260613]
w_opt: [0.6569596505416849, 0.31391930192087947, 2.759495931838522e-10, 2.326847552446898e-10, 0.313919299634527, 0.34304034812154993, 2.2713113027533295e-10, 9.953536407982652e-10, 1.0298530237576325e-8, 5.45832946495642e-10, 1.706611615048472e-10, 0.002745852105648028, 0.0027458528517208636, 0.3457861994529307, 0.3430403483383856, 0.13769676408220796, 7.55707819709841e-10, 0.34578620055777765, 1.0442752453769748e-8, 0.5192628867715954, 0.04755289474898599, 4.293125541260857e-10, 0.3139193004606618, 0.3457862017777699, 7.116188732694527e-10, 7.80393505938782e-10, 0.13769676422603278, 5.61538083584252e-10, 1.776895218040296e-10, 8.834722226910237e-10, 1.0662239544024367e-8, 1.0730228533128808e-8, 9.894798638094886e-9, 1.3888224081710254e-10, 2.815937596988874e-9, 1.0508720089088406e-8, 2.1410492416871185e-10, 2.999091317390146e-10, 0.343040349436608, 1.7389562814376146e-9, 3.498797581263683e-10, 1.824165743233394e-10, 4.5673198189212567e-10, 9.025534004879248e-9, 1.5039171307815113e-10, 0.13769679308967034, 0.137696792765269, 4.440695506852219e-10, 0.13769679327306097, 0.13769676382698046, 2.6882107058160756e-10, 0.1376967934044727, 1.857689758485214e-10, 5.608696906410741e-10, 0.1376967642278048, 5.282402604041201e-10, 0.6569596485249096, 0.20534359789465007, 3.996905219109747e-10, 9.715674587889716e-10, 9.375520430414971e-10, 0.34304034939907013, 2.389897100967764e-10, 0.34304034780446485, 1.0349545442869033e-8, 0.13769676410599868, 3.476816774784365e-10, 1.207406799350302e-10, 2.0518410675351112e-10, 0.3430403486223205, 3.329019738513507e-10, 1.8956563369317818e-10, 2.543330041244851e-10, 2.926666133740126e-10, 3.280016812807971e-10, 1.5197207564115522e-10, 0.3430403482828225, 3.9570462601303777e-10, 0.13769676315846102, 0.2777498294757117, 2.7582605915867304e-10, 1.90126477576109e-10, 1.6614319016778278e-10, 4.5560969792522314e-10, 1.841874407323689e-10, 0.343040348125794, 0.34304034524896904, 0.13769675857115776, 1.0156568801508127e-8, 3.710535436235858e-10, 0.3430403480126876, 9.758284014563327e-9, 3.250979823649819e-10, 0.13769676416384424, 0.13769675873613493, 1.892900958840989e-10, 1.5927678584704612e-10, 1.0254824122715862e-8, 7.20952164903122e-10, 0.1376967586481114]
v_opt: [0.3905932432120417, 0.6569596508151491, 0.43159598507119346, 0.11767668905445719, 0.07714525346038179]
solution time: 0.013056039810180664
McCormick lower bound: -6.430137560652805

