x_opt: [0.6460128511105994, 0.35399323320632176, 0.6460128537483195, 7.125382639797977e-8, 0.6460128533577301, 0.149964458838123, 0.876541677867954, 0.37948714742474177, 0.3539871480631204, 0.3539871433520341, 0.2553147379486051, 0.6460128442734586, 0.3539871449979049, 0.12345832300027233, 0.35398714181314284, 0.3539932420942398, 7.014361185659064e-8, 6.4321580992753965e-9, 0.12345831922307086, 0.12345816234208754]
w_opt: [0.6460128497280276, 0.2920257056059785, 1.9393449658376086e-9, 1.6517720551032393e-9, 0.2920256966446291, 0.35398714036632944, 1.5179050033787022e-9, 6.5355929839674455e-9, 6.711517518985031e-8, 3.701678186134695e-9, 1.2535476131280104e-9, 6.088188930854434e-6, 6.093910456399275e-6, 0.35399322373278513, 0.3539871421235676, 0.12345832014382321, 5.110288973853668e-9, 0.35399323143971423, 6.747178875576688e-8, 0.5225545326105668, 0.025500002277382843, 3.2895594470670535e-9, 0.2920257026651125, 0.35399323476982564, 5.040705766039677e-9, 5.402938731430247e-9, 0.12345831795263318, 4.034843201425006e-9, 1.2410089076770687e-9, 5.931978283425313e-9, 6.902554431141062e-8, 6.933860125416978e-8, 6.386180510958126e-8, 9.560863272092077e-10, 1.8716642133969292e-8, 6.864994108479961e-8, 1.4954163537050088e-9, 2.0786254747059283e-9, 0.3539871468026378, 1.1927537260406556e-8, 2.3760413170990334e-9, 1.278667503697141e-9, 3.250614178722466e-9, 5.8373000969657526e-8, 1.0230456518435696e-9, 0.14996445545719717, 0.149964453552642, 3.0412217250519524e-9, 0.14996445680008608, 0.12345831881368355, 1.9206937528173592e-9, 0.14996445780855078, 1.2859366713717592e-9, 3.874492112179856e-9, 0.1234583179813738, 3.881435107865546e-9, 0.6460128429264675, 0.2305289168792216, 3.3160286585921216e-9, 6.360989151863756e-9, 6.374516420203543e-9, 0.3539871466397938, 1.6758179875527676e-9, 0.35398713844176494, 6.752022709514307e-8, 0.12345831699727992, 2.4713291178990007e-9, 8.537876364059598e-10, 1.4943627147818944e-9, 0.353987143698651, 2.2523115204132303e-9, 1.3432521872115795e-9, 1.7625383227897414e-9, 1.978293880509324e-9, 2.2222698672165195e-9, 1.0709540511438282e-9, 0.353987141745491, 2.7961106589901798e-9, 0.12345831076700974, 0.2553147368858529, 1.9613679130245344e-9, 1.3029857611001266e-9, 1.1310037714172552e-9, 3.530893277940603e-9, 1.3241790321582427e-9, 0.35398714049566193, 0.35398711890335993, 0.12345815996932373, 6.64000701402162e-8, 2.7128431221117327e-9, 0.3539871397874503, 6.356850676501783e-8, 2.2453179616341092e-9, 0.12345831742939306, 0.12345816124295872, 1.3510553437411977e-9, 1.1230967560505447e-9, 6.6881307820281e-8, 4.961941201832797e-9, 0.12345816057823569]
v_opt: [0.37948714580377796, 0.6460128517086788, 0.4173328350618936, 0.12530691488127968, 0.0651856866973339]
solution time: 0.013593912124633789
McCormick lower bound: -7.026052552541986

