x_opt: [0.6353517314106517, 0.3646484973220376, 0.6353517276872974, 5.615595705446349e-7, 0.635351761295858, 0.15944934230820634, 0.8878492158375846, 0.3646482943876166, 0.36464828191271775, 0.3646482400435204, 0.22868249265250998, 0.6353517116690482, 0.3646482439059995, 0.1121507855503751, 0.3646481887856263, 0.3646485562707453, 5.559301050964439e-7, 1.73462942151767e-8, 0.1121507545574747, 0.11215053582349013]
w_opt: [0.635351719536311, 0.27070349579668734, 3.773092008053976e-9, 3.3940579668299937e-9, 0.2707034459093506, 0.36464823082254255, 3.838847383525484e-9, 2.5790459511326624e-8, 5.490278935174999e-7, 1.1124751085625309e-8, 4.320633083974818e-9, 2.2717752012660528e-7, 2.7758322195115036e-7, 0.3646484662535762, 0.3646482384095875, 0.11215077985897873, 1.3031637540957645e-8, 0.36464849478169686, 5.516073676596837e-7, 0.5232009451848816, 2.396091681049819e-8, 7.3490091053476595e-9, 0.27070345120772926, 0.3646485337238593, 1.5623583454562618e-8, 1.5737320074799336e-8, 0.11215075281916403, 1.5510882231694184e-8, 2.329074553703028e-9, 2.1803275478822185e-8, 5.577414009650894e-7, 5.55780002958784e-7, 5.319428708944759e-7, 1.7219933875782486e-9, 1.6522112436015269e-7, 5.529315572173235e-7, 2.7603349946410497e-9, 3.999301285417557e-9, 0.36464828004761735, 3.361284093778432e-8, 1.5185774700355536e-8, 3.783092992047199e-9, 1.81893457722753e-8, 5.069050769281393e-7, 1.6399313840875247e-9, 0.15944933439879933, 0.15944933157303676, 5.814969757016069e-9, 0.15944933841517958, 0.11215075920998703, 4.392916092504142e-9, 0.15944934085096343, 2.604693757198182e-9, 1.1124476653389788e-8, 0.11215075302468058, 1.3994211158590135e-8, 0.6353517091948062, 0.2524982807640935, 1.0592427267612483e-8, 1.3797875780913978e-8, 5.04946257406974e-8, 0.3646482793632671, 3.3570891918156668e-9, 0.3646481844487852, 5.511742495764491e-7, 0.11215075079584691, 6.832812749462374e-9, 1.75992501168697e-9, 3.4498680748458086e-9, 0.36464824262694623, 4.006882667825223e-9, 2.9066202871679626e-9, 3.714928644665428e-9, 4.69073067085542e-9, 4.781614145502458e-9, 1.4792893934285844e-9, 0.36464823639958444, 7.3527018409508805e-9, 0.11215074103488712, 0.22868249141716374, 5.587280771164599e-9, 2.3807201121508978e-9, 1.8285075197402463e-9, 9.3697368928917e-9, 2.941673421755043e-9, 0.36464818596550214, 0.36464820678972143, 0.11215053011019915, 5.438232481733858e-7, 8.25130940204149e-9, 0.3646481855821002, 5.365149146535024e-7, 4.777243164823038e-9, 0.1121507522058677, 0.11215053005424241, 3.1767547926894577e-9, 2.263347446421136e-9, 5.429053947813153e-7, 1.5192786243436025e-8, 0.11215048992609078]
v_opt: [0.3646482920055562, 0.6353517249142155, 0.4036719432472069, 0.1329683450813181, 0.05229587569742476]
solution time: 0.012757062911987305
McCormick lower bound: -8.172866002785586

