x_opt: [0.6592180010805117, 0.3411943882730062, 0.6592180013895265, 4.897480320243201e-9, 0.6592180009294983, 0.13784751595061157, 0.8621525047085993, 0.39726406017794674, 0.3407819991357481, 0.3407819982928954, 0.2875848877008444, 0.6592179996226829, 0.34078199872164877, 0.1378474952933332, 0.34078199841546125, 0.3411944001005762, 4.686680418901294e-9, 5.870046083735663e-10, 0.1378474953136706, 0.13784747166283942]
w_opt: [0.6592180009393743, 0.31843600228280766, 1.6435579499137088e-10, 1.4623284514536043e-10, 0.31843600078269985, 0.34078199828366895, 1.4731427082393535e-10, 6.654411513029092e-10, 4.424006561193893e-9, 3.444361744651005e-10, 1.0351588709182959e-10, 0.000412389578702905, 0.00041239007399941527, 0.341194387382104, 0.3407819983443406, 0.1378474950493608, 4.912798728141541e-10, 0.3411943880668276, 4.56120268021746e-9, 0.5213705060276196, 0.056482061688897245, 2.607159220230132e-10, 0.3184360012506034, 0.3411943994391715, 4.55634343548199e-10, 4.885179575887333e-10, 0.13784749519227882, 3.5961263848789103e-10, 1.0974486037092869e-10, 5.461648207174647e-10, 4.6774706027696825e-9, 4.739393408432971e-9, 4.202914015998739e-9, 8.72309415701631e-11, 1.4754347440696084e-9, 4.549089391525973e-9, 1.3723779501345413e-10, 1.8765434720428464e-10, 0.3407819990009655, 1.0979643155848218e-9, 2.0649025153294047e-10, 1.1446614885893943e-10, 2.7475239912773106e-10, 3.6894364553181213e-9, 9.744436555497153e-11, 0.13784751567073564, 0.13784751544022478, 2.833615200038628e-10, 0.13784751578544252, 0.1378474948975962, 1.6642134617719467e-10, 0.13784751585987945, 1.1537325542309659e-10, 3.5329954894195025e-10, 0.1378474951930823, 3.2539580667859427e-10, 0.6592179995059214, 0.2029345120386955, 2.460408370938458e-10, 6.548535335717782e-10, 7.142606003387596e-10, 0.34078199897034595, 1.5109143442836694e-10, 0.34078199811386156, 4.4402578168805575e-9, 0.13784749512211136, 2.1406461477113563e-10, 7.338170485072229e-11, 1.2240635793192533e-10, 0.3407819985886024, 2.254886679923676e-10, 1.1652439988253465e-10, 1.641683310283233e-10, 1.8937603100392049e-10, 2.1299251757549533e-10, 9.670938014880307e-11, 0.34078199832888606, 2.387661833952405e-10, 0.1378474945136849, 0.2875848875972405, 1.730375691730152e-10, 1.2533716095659144e-10, 1.065406078177271e-10, 2.7457169976940183e-10, 1.1392330225978772e-10, 0.3407819983217899, 0.3407819964298719, 0.1378474714589746, 4.327225570684192e-9, 2.3233368010163322e-10, 0.34078199821931826, 4.074272931547401e-9, 2.0866440704342486e-10, 0.1378474951641521, 0.137847471567995, 1.1753969799451167e-10, 9.852205587385794e-11, 4.396588944329621e-9, 4.537018414199553e-10, 0.13784747151032958]
v_opt: [0.39726406003317466, 0.6592180010153214, 0.43456837511301694, 0.11613238601127303, 0.08270508047676438]
solution time: 0.013737916946411133
McCormick lower bound: -6.31736090268927

