x_opt: [0.6320764495408383, 0.36792355082590883, 0.632076449914573, 2.503032220700276e-7, 0.6320764495833765, 0.14679923117415508, 0.8710023137583911, 0.36792355823536643, 0.3679235510932085, 0.3679235500623658, 0.21895929354893012, 0.6320764486626946, 0.36792355036731106, 0.12899768643817414, 0.3679235500206075, 0.3679235512224462, 2.502086659442979e-7, 5.37686589189779e-10, 0.1068566561007587, 0.10685665371673353]
w_opt: [0.6320764494270272, 0.26415289911964124, 1.8160213814736223e-10, 1.498619110374013e-10, 0.2641528983126905, 0.3679235499553921, 1.1655987843503233e-10, 5.956119817985222e-10, 2.499583428274318e-7, 3.1453254154296387e-10, 1.2290876195592088e-10, 8.362422023805558e-10, 1.2000346720619354e-9, 0.36792355009856215, 0.3679235499612558, 0.12899768616357318, 4.669997005592949e-10, 0.36792355069643057, 2.4997740289542915e-7, 0.5030787637563464, 8.237499884637775e-9, 3.6784001247808307e-10, 0.2641528989806497, 0.3679235506875399, 4.3860752139260004e-10, 4.5787747029950656e-10, 0.10685665600390573, 3.2177101268079886e-10, 9.218378023673358e-11, 4.773462328314696e-10, 2.5013764506636463e-7, 2.501273097954023e-7, 2.4963272281884117e-7, 8.530293583614854e-11, 2.2051582728156436e-9, 2.5007749577653243e-7, 1.1978806363699786e-10, 1.929203845663441e-10, 0.3679235509971946, 7.411277219530285e-10, 1.7647329410548338e-10, 1.1973512528588845e-10, 2.6525146883708396e-10, 2.4892837293582007e-7, 8.402330711143768e-11, 0.1467992308188159, 0.14679923076867568, 2.2102422442720703e-10, 0.14679923099585043, 0.12899768607007234, 1.8613546720544126e-10, 0.14679923108006537, 1.1562488082575609e-10, 3.1645273413770884e-10, 0.10685665599142898, 3.108313471555809e-10, 0.6320764485381276, 0.23892587091853562, 3.414837706547453e-10, 2.7939273669441175e-10, 3.8517878789073317e-10, 0.3679235509833412, 1.3826291727319505e-10, 0.3679235497069673, 2.5000425011838736e-7, 0.10685665592767514, 1.7840690629759468e-10, 8.388422573138816e-11, 1.7511064391437147e-10, 0.3679235502647687, 1.7075420262161634e-10, 1.165420124470283e-10, 1.4408892810606334e-10, 1.8005582788664673e-10, 1.9471911901866408e-10, 9.079618142247859e-11, 0.3679235499563588, 2.2340862878289767e-10, 0.10685665537828103, 0.21895929352952517, 1.6514513685186087e-10, 1.0331493386298761e-10, 1.0134515692436114e-10, 3.0371028515824493e-10, 1.1401550204132934e-10, 0.3679235499064882, 0.3679235469832223, 0.10685665351876876, 2.498880971016205e-7, 2.3227001697072206e-10, 0.36792354984985376, 2.495970676794574e-7, 1.6447942106642372e-10, 0.10685665593255812, 0.10685665360991754, 1.1450731301196609e-10, 1.0073798337725385e-10, 2.498946978410085e-7, 4.1901922719354425e-10, 0.10685665357704843]
v_opt: [0.3679235581230091, 0.6320764497464396, 0.39952064620540606, 0.1353677406208421, 0.047943189387055045]
solution time: 0.015575885772705078
McCormick lower bound: -7.326427966258555

