x_opt: [0.6359181508778727, 0.3640823392628588, 0.6359181716685409, 1.8804597645448914e-7, 0.6359181209686439, 0.15894539261681895, 0.8872486614894775, 0.3654366813702389, 0.36408183811680744, 0.3640818081523007, 0.23009799903659914, 0.635918072401288, 0.3640818363717564, 0.11275134013756694, 0.3640818373276395, 0.36408239967272205, 1.7710501178851942e-7, 2.5341932014324566e-8, 0.1127515912468952, 0.11275152575858258]
w_opt: [0.6359181437907856, 0.2718362751580763, 6.5506685330551585e-9, 6.359793605186723e-9, 0.27183622758823545, 0.36408181977476545, 6.1661965051115115e-9, 5.8540201656460865e-8, 1.6627329059143545e-7, 1.5590870213758785e-8, 4.916958514526604e-9, 5.14923333543941e-7, 4.778468808623148e-7, 0.36408228282582444, 0.36408180401054185, 0.11275132925755402, 2.919449364731525e-8, 0.36408233209235236, 1.7398177478396923e-7, 0.5231668371354676, 0.001354856664639551, 6.566067227831758e-9, 0.271836262823665, 0.3640823718769216, 2.4213473734773568e-8, 2.1547518653685475e-8, 0.11275158629007956, 1.9816914283080135e-8, 4.1372816756044566e-9, 2.8670253280085284e-8, 1.783518238043104e-7, 1.8103025409021716e-7, 1.567639369034919e-7, 3.6542024339830586e-9, 6.598901572649015e-8, 1.7162976603033983e-7, 5.954587856113038e-9, 8.703645814775933e-9, 0.36408183295143415, 4.6047332821700205e-8, 5.5656166264967906e-9, 5.309770894877453e-9, 1.2825807649501668e-8, 1.373017579240263e-7, 4.2244373125481784e-9, 0.15894537894570765, 0.15894536988038, 1.1949059886385058e-8, 0.15894538576277858, 0.11275131335801357, 8.013793135930976e-9, 0.1589453889244508, 4.869023007966725e-9, 1.5927050238859007e-8, 0.11275158616865001, 1.7888243820410757e-8, 0.6359180669250717, 0.2513316603546096, 1.110707164940334e-8, 2.688528961342595e-7, 2.4914275327436694e-7, 0.3640818332039917, 6.489091822909643e-9, 0.3640818284608378, 1.6565470449153054e-7, 0.11275158286834738, 8.418030332047238e-9, 3.060460023448691e-9, 5.093538946085355e-9, 0.36408183019103724, 1.09419107899211e-8, 4.8227406488412495e-9, 7.263535152160736e-9, 9.119537768892669e-9, 1.025937184295422e-8, 4.357620330502495e-9, 0.36408180309580285, 9.62737600864622e-9, 0.11275155027706348, 0.23009799521575927, 7.644770305991432e-9, 5.689109413984968e-9, 4.584061946869785e-9, 1.3481610305284355e-8, 4.856069037881364e-9, 0.3640818304882909, 0.3640817199321526, 0.11275151767822905, 1.6209136073054485e-7, 1.2076382011316384e-8, 0.364081830309771, 1.4643793917738762e-7, 8.494794198792735e-9, 0.11275158534148197, 0.11275152068142466, 5.0678607143135595e-9, 4.1386391549447614e-9, 1.6325382323902685e-7, 2.0222642649641905e-8, 0.11275151724762893]
v_opt: [0.36543667539902264, 0.6359181641013472, 0.40439186591825416, 0.13255596202594072, 0.05294572396381785]
solution time: 0.012624979019165039
McCormick lower bound: -7.110300922300237

