x_opt: [0.8189760756637525, 0.18102467374568126, 0.8189761385507327, 0.18102391028676146, 0.8189760659672357, 0.18102351312389672, 0.8189762571535686, 0.8583680996517542, 0.6427757719920223, 0.18102390182846834, 0.11771537593969879, 0.8144117707009617, 0.18102389567937213, 0.18102373902623178, 0.1810236844889008, 0.18102475139052193, 0.18102380869327317, 1.0324935263794075e-8, 0.1810234308074515, 0.14163173609726395]
w_opt: [0.8189760714861598, 0.6379521429067241, 2.9216760646039115e-9, 2.2284492803943482e-9, 0.6333878483425729, 0.18102388374548548, 2.339883341068939e-9, 9.479454204245988e-9, 0.18102380457408715, 6.499976656388043e-9, 2.27275733319542e-9, 8.137291628739e-7, 7.652207372779268e-7, 0.1810246623677514, 0.1810238995865103, 0.18102373455546375, 1.0920714086940458e-8, 0.18102467178380702, 0.18102390373852917, 0.6379523969762366, 0.6773442401213127, 5.262870716559429e-8, 0.6333879196322255, 0.1810247396376531, 1.3969518169596282e-8, 8.737851068761709e-9, 0.18102342941035268, 5.121245226851039e-9, 1.8392127103669561e-9, 1.2034116845252627e-8, 0.1810239082484395, 0.18102390742755875, 0.1810238730915062, 1.4678267536442042e-9, 4.702919965213604e-8, 0.18102380755442907, 1.6500147527036155e-9, 3.531776306625096e-9, 0.6427757710174272, 1.8464039477134514e-8, 2.7590429024006044e-9, 2.168423756405103e-9, 4.370164214044053e-9, 0.1810237753833211, 1.3893052560969255e-9, 0.18102350563837594, 0.18102350458273, 4.521860668387995e-9, 0.18102351004371997, 0.1810235056347614, 4.07744182791044e-9, 0.18102351127869654, 2.4935670351696417e-9, 6.539176659786236e-9, 0.18102342909338684, 5.862069897669386e-9, 0.8144117689044001, 3.821733121859704e-7, 2.9142502709675628e-9, 4.606497615509605e-9, 9.727053182539066e-9, 0.642775770167961, 2.2292642647731996e-9, 0.18102367591892857, 0.18102380652782962, 0.1810234281978567, 1.932834871569487e-8, 2.0592494681760827e-9, 0.4571875464839932, 0.18102389222369308, 2.221352052564916e-9, 2.151669349619012e-9, 2.3088295228433284e-9, 3.507136454410409e-9, 3.868824864802762e-9, 1.3481560741641965e-9, 0.18102389162515806, 6.7194982902879075e-9, 0.1810234176400312, 0.11771537428130713, 3.0364773472167364e-9, 1.2695738187267178e-9, 1.7520196486514162e-9, 5.80078301061014e-9, 1.967233070514889e-9, 0.18102368242766048, 0.18102386028766837, 0.14163173319108072, 0.18102372205305722, 3.300982662404592e-9, 0.18102368170095098, 0.18102366724517283, 3.0713270118532565e-9, 0.1810234264200494, 0.1416317343089268, 1.7399962455562805e-9, 1.994674134835596e-9, 0.14163172782304048, 8.206207705077475e-9, 0.1416317312589015]
v_opt: [0.8583680980751685, 0.8189761365438931, 0.670721831815966, 0.03276965641706452, 0.01385694273335014]
solution time: 0.018304109573364258
McCormick lower bound: -4.8794491543660685

