x_opt: [0.6946106756388117, 0.3054039739531865, 0.6946106779239053, 7.694308969004268e-8, 0.6946106733782299, 0.16151862536486628, 0.8384814022770135, 0.4719905359960485, 0.35265047419402895, 0.30538931692998167, 0.30538904478059753, 0.6473494550116283, 0.3053893251461848, 0.16151859676350308, 0.30538932149373843, 0.3130792027174044, 7.500573725962637e-8, 6.2182382929093e-9, 0.16151859824688142, 0.16151852424385493]
w_opt: [0.6946106744037379, 0.38922134989759133, 1.6168094782303774e-9, 1.5831776863247445e-9, 0.34196013166945954, 0.30538932061575175, 1.656936467390005e-9, 8.807832555279233e-9, 7.246472650041954e-8, 3.740224476425372e-9, 1.0056305092808297e-9, 1.4652820532116192e-5, 1.465502261181837e-5, 0.305403965531921, 0.305389315816724, 0.16151859437359323, 6.083793004755316e-9, 0.3054039726836667, 7.33766605839975e-8, 0.5330920811951287, 0.16660121512258413, 2.436273325622312e-9, 0.3419601372438343, 0.31307919690917824, 4.513371158729274e-9, 5.087866644704585e-9, 0.16151859691661116, 3.3882603565669833e-9, 1.039526552649405e-9, 5.898311656501185e-9, 7.453324538050434e-8, 7.538299988948127e-8, 6.854569664360869e-8, 9.758061236570886e-10, 1.7352110448256305e-8, 7.349696041871284e-8, 1.4326040152539018e-9, 2.0874336081683126e-9, 0.3526504730637737, 9.889329685338943e-9, 1.7363648215988623e-9, 1.2506929316273438e-9, 2.599395487616935e-9, 6.371017203595763e-8, 1.0901704250554264e-9, 0.16151862251036428, 0.16151861965945336, 2.8289162938537964e-9, 0.1615186237820472, 0.1615185920804281, 1.7434512593276461e-9, 0.16151862435544598, 1.264049208887167e-9, 3.763873896466593e-9, 0.16151859674468838, 2.879933791617357e-9, 0.6473494536801582, 0.1438708104100875, 1.921396077566908e-9, 6.5829561241316454e-9, 7.085364446199735e-9, 0.3526504727309188, 1.5328860336332427e-9, 0.30538931800065144, 7.252770655975862e-8, 0.1615185965045825, 1.9179560664370824e-9, 7.887722136098283e-10, 1.3394557813663664e-9, 0.3053893242108605, 2.47526109377261e-9, 1.1644312886373044e-9, 1.7923313538196216e-9, 2.3314215246073393e-9, 2.5364712605750004e-9, 1.0289399136890297e-9, 0.3053893155573822, 2.28877596782362e-9, 0.16151858878865924, 0.30538904358127156, 1.7925342412795604e-9, 1.3483063906550775e-9, 1.239430679974876e-9, 2.3471274101374776e-9, 1.1215346527842219e-9, 0.3053893204052907, 0.30538930288615257, 0.16151852248544116, 7.064997309640529e-8, 2.1599074704401642e-9, 0.3053893197265187, 6.7914428420586e-8, 2.172990786873381e-9, 0.16151859673513885, 0.16151852312530948, 1.143567086483415e-9, 1.0480149644732233e-9, 7.212483960778512e-8, 4.803001192451408e-9, 0.16151852247831622]
v_opt: [0.47199053455325446, 0.6946106763928226, 0.48248399809410975, 0.09326264319450243, 0.0932625822366875]
solution time: 0.013711214065551758
McCormick lower bound: -5.189927244015475

