x_opt: [0.6506902308036554, 0.34930977011721026, 0.650690230932396, 3.204581832885932e-9, 0.6506902304507914, 0.1458112909982356, 0.8715891593811601, 0.386010590389303, 0.34930976955406146, 0.34930976896511595, 0.26701473108541285, 0.6506902301728393, 0.3493097692076031, 0.12841084065301717, 0.34930976909747247, 0.3493097731708971, 3.1551455248653164e-9, 2.4152489841879227e-10, 0.1284108389711476, 0.12841083414439358]
w_opt: [0.6506902307590409, 0.3013804614381376, 6.956293941225796e-11, 6.595297811408415e-11, 0.30138046101950183, 0.34930976903108313, 5.839536606927503e-11, 3.5697399722090257e-10, 3.0532993896143177e-9, 1.4416867070520621e-10, 4.6646941769795164e-11, 1.0955178198584034e-9, 1.1258422850190583e-9, 0.349309769775906, 0.3493097688902568, 0.12841084054359814, 2.4955903746816556e-10, 0.3493097700659616, 3.0701957688151783e-9, 0.5222793903698443, 0.03670082137380075, 1.1157113971824447e-10, 0.30138046130670465, 0.34930977295339183, 1.9773359064448947e-10, 2.0256306217824713e-10, 0.12841083892300173, 1.4552065949598083e-10, 3.8352875136933095e-11, 2.1347806517889387e-10, 3.119409392716732e-9, 3.138624018954637e-9, 2.885630511023657e-9, 3.916035181027697e-11, 6.720281666280302e-10, 3.094876914581511e-9, 5.692976009667528e-11, 8.711055807448249e-11, 0.3493097695088321, 3.046155202989067e-10, 5.943440668154398e-11, 5.393166988523307e-11, 1.0852372973765039e-10, 2.697207340027001e-9, 4.1905219533733405e-11, 0.14581129086318853, 0.145811290795504, 1.0125117903885751e-10, 0.14581129093133177, 0.12841084047992493, 7.847521085735759e-11, 0.14581129095730183, 5.102692398823882e-11, 1.4400632150533176e-10, 0.12841083891578536, 1.2280821408098468e-10, 0.6506902301152611, 0.2208989317010628, 1.0715420772588686e-10, 1.473785931962696e-10, 2.414514047292011e-10, 0.34930976950279125, 6.192764547427958e-11, 0.34930976896570687, 3.055245493338232e-9, 0.1284108389000219, 7.221682846515389e-11, 3.4026452341567566e-11, 5.983687693104322e-11, 0.3493097691667821, 9.41280548493371e-11, 4.79106244145536e-11, 7.109085933891613e-11, 9.462782257053646e-11, 1.0126992622177635e-10, 4.3164620779241865e-11, 0.34930976888438575, 8.780193150761128e-11, 0.12841083861011027, 0.2670147311080012, 7.333336138767455e-11, 5.300985559762908e-11, 5.1796149064846654e-11, 1.1438140477272502e-10, 4.767242934758401e-11, 0.34930976905265515, 0.34930976760033533, 0.1284108340694337, 2.999132870410092e-9, 9.664476743906468e-11, 0.3493097690264951, 2.8599521779934902e-9, 7.858935371235747e-11, 0.1284108389072865, 0.12841083409495554, 4.781064885202878e-11, 4.3515925193909555e-11, 3.028915172890624e-9, 1.8907617349369413e-10, 0.1284108340766632]
v_opt: [0.38601059033766055, 0.6506902308757878, 0.42339778492295305, 0.1220173147345285, 0.07129687140382157]
solution time: 0.016585111618041992
McCormick lower bound: -6.197426492995835

