x_opt: [0.7728723238659891, 0.22712771340788504, 0.7728723305238345, 8.610026993574551e-7, 0.772872319858082, 0.22712510183137344, 0.7728749252749371, 0.62692716663334, 0.4195720149463967, 0.22712766704523712, 0.2271276253243108, 0.5804279825229487, 0.22712767561414546, 0.22712507455625633, 0.227127663578989, 0.29519295461700135, 8.588543031514608e-7, 9.638813638332309e-9, 0.22712500367543564, 0.22712491726229422]
w_opt: [0.7728723220443522, 0.5457446451712019, 2.968800793537186e-9, 2.6169698703551983e-9, 0.35330030807993357, 0.22712766767774636, 2.4719796174885047e-9, 1.173330214256037e-8, 8.547960739555085e-7, 5.7506852402054e-9, 1.758935257230544e-9, 4.542092630562708e-8, 4.76156983206635e-8, 0.2271277011954114, 0.22712766504106507, 0.2271250704112687, 9.852776806987516e-9, 0.22712771160032533, 8.551495236691567e-7, 0.5457472573956019, 0.39979949910825335, 5.185099458117238e-9, 0.35330032039403836, 0.29519294576740035, 7.094943156135135e-9, 7.90533523469284e-9, 0.22712500173565825, 5.068866887923914e-9, 1.5873118245218203e-9, 9.168538616168929e-9, 8.577102068729202e-7, 8.583137411319454e-7, 8.475544195477738e-7, 1.6258017031472837e-9, 3.5493179299588565e-8, 8.564429574573451e-7, 2.1347568827525853e-9, 3.497467101886266e-9, 0.4195720133455322, 1.4263008481151046e-8, 2.402443729984253e-9, 2.1338405768795855e-9, 3.677169186074009e-9, 8.358237909466862e-7, 1.6687180495631463e-9, 0.22712509658785007, 0.2271250933842146, 4.123365737810316e-9, 0.22712509913586454, 0.22712506708814137, 3.0062819999722046e-9, 0.22712510007388528, 2.1549107856932692e-9, 5.719883494406388e-9, 0.22712500139455982, 4.45837602763218e-9, 0.5804279803170518, 2.744540969488524e-6, 3.377926837981052e-9, 4.6349145776015015e-9, 8.405868145256284e-9, 0.41957201274594735, 2.3862364823916507e-9, 0.22712765762256182, 8.553567357242163e-7, 0.2271250010302768, 2.8977578601432165e-9, 1.4405923110060816e-9, 3.4835062889091853e-9, 0.22712767394860206, 3.331467368127853e-9, 1.931209912750971e-9, 2.707222097235677e-9, 3.8114834608457536e-9, 4.004790942612758e-9, 1.6225525568898995e-9, 0.227127664635829, 3.7685395680051975e-9, 0.22712498751624313, 0.22712762338947962, 2.8309482234590943e-9, 1.9394219287969452e-9, 2.0468195300314394e-9, 3.947944783637748e-9, 1.8160224416229476e-9, 0.22712766184135583, 0.22712764236494676, 0.2271249144098805, 8.514934756000538e-7, 3.3660585996441376e-9, 0.22712766081976346, 8.467946558060686e-7, 3.142238593445761e-9, 0.22712500095545435, 0.22712491531748713, 1.8273300323618282e-9, 1.7705780677758468e-9, 8.53810141937804e-7, 7.391951607446189e-9, 0.22712491521338846]
v_opt: [0.6269271646349429, 0.7728723281341983, 0.59733173645454, 0.05158703989281502, 0.05158722797696845]
solution time: 0.014265060424804688
McCormick lower bound: -5.086688431972956

