x_opt: [0.5192761367829298, 0.24361333218281067, 0.857633994750977, 0.14236603088003943, 0.8576339709102723, 0.14236565265127052, 0.8576339641742353, 0.8777295998206657, 0.8576339701989417, 0.1423658072200611, 0.12227037843879149, 0.8215145809475263, 0.14236579734937277, 0.14236602542986446, 0.14236563186771942, 0.2436133416419412, 0.14236602663603692, 3.513558474681233e-9, 0.1423656409049479, 0.12227040343055504]
w_opt: [0.5192761359241918, 0.3769101081803449, 1.0810874739468891e-9, 7.002542821973854e-10, 0.34079071843548614, 0.1423657917939018, 7.143494970370783e-10, 1.9376089097042612e-9, 0.14236602532280518, 2.0643977391790992e-9, 6.493563523591572e-10, 0.10124732751538099, 0.10124730730225787, 0.2436133291852446, 0.14236580612805738, 0.14236602406786708, 2.5898783864647705e-9, 0.24361333170207233, 0.14236602869549148, 0.715267959373347, 0.7353635954452229, 3.2649563944135554e-9, 0.6791485793984802, 0.2436133378013068, 2.379636013457619e-8, 2.868673065716286e-9, 0.14236564039745284, 1.1626086386707858e-9, 2.619378959564424e-9, 2.928993506872973e-9, 0.14236603022051608, 0.14236602969327922, 0.14236580432843407, 5.429704844138319e-10, 1.4271483701129842e-8, 0.1423660261535018, 5.235097148139671e-10, 1.0219957894427827e-9, 0.8576339697252372, 3.0638516352361397e-9, 9.469350097589488e-10, 8.189400523767551e-10, 1.2361153895978256e-9, 0.1423660127671426, 4.2629718707095734e-10, 0.14236565020112435, 0.14236565007661334, 1.2821490395291837e-9, 0.1423656513577082, 0.1423656509283848, 1.0461535968493196e-9, 0.14236565182351985, 8.523718569027695e-10, 2.0853548901214823e-9, 0.14236564027879678, 1.4331105360318956e-9, 0.8215145803350263, 4.6632933572865786e-8, 6.564612298781583e-10, 9.559030108598798e-10, 2.26458790236303e-9, 0.8576339694627073, 7.397823511048664e-10, 0.1423656284150387, 0.1423660259736432, 0.14236564012897773, 4.91634113607789e-9, 8.31890997918144e-10, 0.6791485524506777, 0.14236579587900752, 6.045829713307212e-10, 9.471886504110656e-10, 7.029965691955015e-10, 1.0020421596756547e-9, 1.0244589528987946e-9, 4.3512491384191335e-10, 0.14236579628895357, 2.5217479967255692e-9, 0.1423656355243354, 0.12227037762330653, 9.253246427356156e-10, 4.0656543597426553e-10, 6.486088505644812e-10, 1.7526367427187808e-9, 6.464759489680889e-10, 0.14236563072024513, 0.14236578910174452, 0.12227040239251175, 0.1423660186757753, 8.764367767187379e-10, 0.14236563078317335, 0.14236562883524073, 9.856004314996115e-10, 0.14236562943089398, 0.12227040281025837, 5.57517396269044e-10, 7.372944730956642e-10, 0.12227040107035518, 2.6072998567236833e-9, 0.12227040282888825]
v_opt: [0.877729599283237, 0.8576339940567794, 0.7355360370814302, 0.020268030322531015, 0.01495004857297719]
solution time: 0.016202926635742188
McCormick lower bound: -4.2860710584632065

