x_opt: [0.8180038362366636, 0.21583605152529553, 0.81800385207303, 0.1819961586322547, 0.8180038393574206, 0.18199614317115023, 0.8180038520597908, 0.8180038604273439, 0.6195061031061734, 0.18199615669156496, 0.11936776236810313, 0.7988164061209952, 0.18199615489148524, 0.1819961470089243, 0.18199612052650638, 0.2158360544291729, 0.18199614631622943, 7.978275203803087e-10, 0.1819961181011417, 0.18199610717211068]
w_opt: [0.8180038360012388, 0.6360076756768914, 2.1288388618948617e-10, 1.5124626003757774e-10, 0.61682024250184, 0.18199615399051172, 1.8441731181094887e-10, 4.928285984188623e-10, 0.18199614602576764, 4.965032582107659e-10, 1.4667181149629018e-10, 0.03383990372605333, 0.0338398920169602, 0.21583605066626824, 0.18199615653613277, 0.18199614674816944, 7.55554582318383e-10, 0.21583605139422532, 0.18199615813961756, 0.6360077042258899, 0.6360077126697491, 9.31484622637048e-9, 0.6168202590463581, 0.21583605351122678, 1.8782830161240857e-9, 6.658665718501021e-10, 0.18199611798952153, 3.3275888675474196e-10, 1.6968421760177837e-10, 9.518055662047073e-10, 0.18199615847226494, 0.1819961584123448, 0.18199615497220947, 1.0888654829286523e-10, 6.733079496335691e-9, 0.1819961462179455, 1.214611077195229e-10, 2.1554486227560985e-10, 0.619506103028223, 1.455161127677707e-9, 2.4813507495384623e-10, 1.4638355279952078e-10, 2.908719476258581e-10, 0.18199614241812878, 9.683340280915397e-11, 0.18199614270604733, 0.18199614251074786, 3.1574904778225224e-10, 0.18199614288448127, 0.18199614233324482, 2.5446256022647647e-10, 0.18199614303443645, 1.728912366421103e-10, 5.125829179096948e-10, 0.18199611797949278, 4.4168005377283e-10, 0.7988164059978947, 8.945037131900639e-8, 1.843029500292524e-10, 3.0144977392366386e-10, 7.65033702398711e-10, 0.6195061029434896, 1.5765816518634275e-10, 0.18199611976397576, 0.1819961461546629, 0.18199611792206724, 2.9367630567442813e-9, 1.4054240777093746e-10, 0.4183225134508758, 0.1819961546478906, 1.5221939117095035e-10, 1.5012333161018527e-10, 1.5876641852386356e-10, 2.2629772208810838e-10, 2.5682242965186886e-10, 8.729651697192474e-11, 0.18199615465365046, 6.23321514114282e-10, 0.18199611704165322, 0.11936776222407959, 2.1733649939842392e-10, 9.230236906913332e-11, 1.196480238329378e-10, 3.6400735340779124e-10, 1.4114548180594187e-10, 0.18199612035679721, 0.18199615270732483, 0.18199610694655663, 0.18199614440870956, 2.2102799666553879e-10, 0.18199612029779513, 0.18199611880862038, 2.4863351330192294e-10, 0.1819961176980732, 0.1819961070487959, 1.2715334879248604e-10, 1.435887496585373e-10, 0.18199610651220458, 6.233131502031537e-10, 0.18199610677926956]
v_opt: [0.8180038603001288, 0.8180038519223225, 0.6691302825394811, 0.03312260592921493, 0.014248684676414389]
solution time: 0.013888120651245117
McCormick lower bound: -4.443660289291307

