x_opt: [0.6545122708246573, 0.34548781342093865, 0.654512315271852, 0.0737417925028778, 0.6545123651863087, 0.15769189162485744, 0.8423088191265976, 0.4249726010464488, 0.34548794822906165, 0.34548759627285414, 0.2194427235195611, 0.6545119966185662, 0.3454876399933132, 0.15769120478348062, 0.345487615070997, 0.3454880901704506, 0.07374175759625341, 5.892062885798049e-8, 0.0737781409122646, 0.07374300825896284]
w_opt: [0.6545122528987737, 0.30902464573759597, 1.797520015035147e-8, 1.6126971705474287e-8, 0.30902427917570346, 0.3454875901689799, 1.3219536060131454e-8, 6.418178802875155e-8, 0.0737417301407362, 3.445656236087582e-8, 1.4226849701963087e-8, 1.3924799464844447e-7, 3.4902979564663675e-7, 0.34548772296579494, 0.3454875838396784, 0.15769117411275535, 5.332619439068913e-8, 0.34548780105431504, 0.07374175310061347, 0.49682114373713204, 0.07948492588961119, 3.992930161089583e-8, 0.30902436008992856, 0.34548803159901287, 6.137496814808598e-8, 5.0356499427382545e-8, 0.07377813072090066, 5.0861945178054354e-8, 9.899118992850747e-9, 6.869557795385068e-8, 0.07374177454504492, 0.0737417724351612, 0.0737416931772011, 9.534293352638272e-9, 6.314426596244645e-7, 0.07374174347619003, 1.3455661033560593e-8, 2.3234037313164518e-8, 0.34548793873311834, 1.0124623923758607e-7, 2.429514200159291e-8, 1.3389599177734836e-8, 4.02527772645357e-8, 0.07374156614394861, 9.184521779329482e-9, 0.15769184981709305, 0.15769184579434334, 2.4788376120389105e-8, 0.15769187233081147, 0.1576911276466297, 2.105242973046255e-8, 0.15769188139344903, 1.338623545811457e-8, 3.464099910082985e-8, 0.07377812899893607, 3.830645865375342e-8, 0.6545119831169902, 0.187797664575911, 4.0178471777416625e-8, 3.8692759438803606e-8, 6.107712840970968e-8, 0.3454879366675061, 1.4971642141394722e-8, 0.34548758556222053, 0.07374173629466496, 0.07377812272108938, 2.0236131015377204e-8, 9.731186598366139e-9, 1.3332522094377873e-8, 0.3454876293031649, 1.8005871100542134e-8, 1.2941845764514681e-8, 1.619536781952953e-8, 2.1529877686209212e-8, 2.21670526837729e-8, 9.756763282764256e-9, 0.3454875798541608, 2.6630766662555763e-8, 0.07377803100830939, 0.2194427145003859, 1.873984441664725e-8, 1.103437934881308e-8, 1.1122571955222216e-8, 3.326864895861658e-8, 1.2798708966466775e-8, 0.3454875995576202, 0.3454870511171407, 0.07374298680573352, 0.0737417175049234, 2.6385931104950383e-8, 0.3454875969570153, 0.07374168105445572, 1.840444842886018e-8, 0.07377812107558983, 0.0737429949033288, 1.2605148225782408e-8, 1.1440507664197997e-8, 0.07374172234264559, 4.653608646143909e-8, 0.07374290548149615]
v_opt: [0.4249725895203824, 0.6545122986665391, 0.4283935763113277, 0.1193617516290479, 0.04815568625023367]
solution time: 0.015350818634033203
McCormick lower bound: -6.860979972186773

