x_opt: [0.5119475119218927, 0.26512692492295803, 0.8574333749464939, 0.1425666291247652, 0.8574333704675896, 0.14256662234183304, 0.8574333735836576, 0.8574336368672879, 0.8574331489880979, 0.14256662992793223, 0.11154141798486655, 0.8121721699699083, 0.14256662782112803, 0.14256662418902555, 0.1425663881069578, 0.26512692741169264, 0.14256662385246346, 1.4391394174864909e-9, 0.14256638499454058, 0.1425663760734179]
w_opt: [0.511947511445124, 0.3693808825634124, 5.686570909268526e-10, 3.035606409329163e-10, 0.3241196821950683, 0.14256662552288005, 3.72141012648194e-10, 1.1387641290987122e-9, 0.1425666232438129, 8.62552306805566e-10, 2.61026719119504e-10, 0.12256030013147697, 0.12256029861500561, 0.2651269233220949, 0.14256662953310767, 0.1425666235475759, 1.3425231964871106e-9, 0.265126924644497, 0.14256662809222698, 0.7148667487264788, 0.7148670122126841, 6.206294823332334e-9, 0.6696055465330757, 0.26512692544889643, 1.4815268006436666e-9, 1.150951633199866e-9, 0.14256638475359903, 6.995669166662159e-10, 4.111271366496419e-10, 1.5850693111454394e-9, 0.1425666287866844, 0.14256662866564393, 0.14256662720900876, 2.3617729536352184e-10, 6.928434879637899e-9, 0.14256662364418465, 2.45288068705045e-10, 4.730640742316655e-10, 0.8574331488138199, 3.102861450882649e-9, 4.869593373012315e-10, 3.05500267942947e-10, 5.788663767597769e-10, 0.14256661838974352, 2.078357337359457e-10, 0.1425666214582602, 0.14256662087622823, 6.840407083206423e-10, 0.14256662180993177, 0.1425666206049411, 4.5771390465867094e-10, 0.1425666220279702, 3.793055533976744e-10, 8.646267977468212e-10, 0.1425663847313539, 7.414828958819143e-10, 0.8121721696892902, 4.781441823663918e-8, 3.6647229843414853e-10, 5.768852204115905e-10, 1.4579623088733502e-9, 0.8574331486344509, 2.6350572563007e-10, 0.14256638652071402, 0.14256662352395053, 0.1425663846361308, 2.189158858859656e-8, 3.0576350265819315e-10, 0.6696053233194369, 0.14256662736924927, 3.137863499852159e-10, 3.193880151742667e-10, 3.2050218364713907e-10, 4.848862060835569e-10, 5.132168350337085e-10, 1.927752259546462e-10, 0.14256662735452402, 1.185673745924927e-9, 0.14256638259047302, 0.11154141762696779, 4.117147593532702e-10, 1.9246658992450257e-10, 2.895396602055171e-10, 7.475471325850339e-10, 2.7754718263565136e-10, 0.14256638773107455, 0.14256662360253552, 0.1425663756425759, 0.14256662043290036, 4.0936227110774777e-10, 0.1425663876062312, 0.1425663860866739, 4.6264214917150896e-10, 0.14256638401380417, 0.14256637581491619, 2.577779865862507e-10, 2.9974537195329414e-10, 0.1425663747814012, 1.0644833764021922e-9, 0.1425663754666486]
v_opt: [0.8574336366035853, 0.8574333746418364, 0.735191998695006, 0.020325247185223872, 0.012441503252950927]
solution time: 0.012969970703125
McCormick lower bound: -4.0837272182061914

