x_opt: [0.6596123931680196, 0.3403886305569738, 0.659612416961282, 3.6127648540193955e-7, 0.6596123964773459, 0.13787485704363983, 0.8621276639328225, 0.3984321444188936, 0.3403875932132199, 0.34038750760460573, 0.2893039690718794, 0.6596124079195681, 0.3403875647578925, 0.13787234101809814, 0.340387553904014, 0.3403913991536076, 3.5378685500993206e-7, 1.8383213531258924e-8, 0.13787224243732665, 0.1378714526212737]
w_opt: [0.6596123848669576, 0.3192247914085425, 3.7965162263109995e-9, 3.599538612908995e-9, 0.3192248032636865, 0.3403875530932761, 2.8882653101059163e-9, 3.856113156829767e-8, 3.4796388945165287e-7, 1.2063237919401463e-8, 2.2830316845976222e-9, 1.0495759215986696e-6, 1.0354466834826261e-6, 0.3403885909948839, 0.3403875056529228, 0.13787233652969602, 1.376360705827512e-8, 0.3403886287771073, 3.5259437865014433e-7, 0.521740083350315, 0.05804456411177404, 9.527807520801787e-9, 0.319224836898025, 0.3403913858966877, 1.1115098141019672e-8, 1.6273593233447902e-8, 0.13787224011999033, 1.9385306230421903e-8, 1.9766509874609772e-9, 2.1081815269350542e-8, 3.5627834665090066e-7, 3.5641518485925363e-7, 3.356872120775516e-7, 1.9528831169638516e-9, 9.782418112024002e-8, 3.5020798759662747e-7, 3.14549245334604e-9, 4.294663598941995e-9, 0.34038759107124583, 2.0980935568874948e-8, 4.3258113193843916e-9, 2.384945885023811e-9, 1.0176977235960094e-8, 3.166427149127913e-7, 1.800222863057167e-9, 0.1378748494412661, 0.1378748486342448, 4.944102540682267e-9, 0.13787485411079484, 0.13787233288312017, 3.648224651910569e-9, 0.13787485507512937, 2.7847261137663287e-9, 1.232151622009058e-8, 0.13787224024656183, 8.820487426283322e-9, 0.6596124051825847, 0.20251569655040033, 9.557520024547615e-9, 6.418167101042787e-9, 3.2285866100231916e-8, 0.34038759068228075, 3.2859697930007326e-9, 0.34038754841109176, 3.486603214742297e-7, 0.13787223938421464, 4.5758552450126155e-9, 1.7518628112913436e-9, 3.602092435068922e-9, 0.3403875622641346, 4.3427834760149155e-9, 2.4756512148969337e-9, 4.142626861727519e-9, 5.719374364503926e-9, 5.827878507678592e-9, 2.086539367674562e-9, 0.3403874985904995, 6.132388472242914e-9, 0.13787221992227067, 0.2893039668505046, 5.133876091055564e-9, 2.6822175468958057e-9, 2.4905750704037167e-9, 5.063410235269617e-9, 2.557179715570395e-9, 0.34038755161738316, 0.34038756159038497, 0.13787144861630962, 3.459268607178176e-7, 5.8138778376067995e-9, 0.3403875511948404, 3.3278934243692384e-7, 5.184667028792621e-9, 0.13787223910746146, 0.1378714479831245, 2.5684409823840326e-9, 2.378212538858169e-9, 3.386066594548361e-7, 1.562166006944449e-8, 0.13787143230051205]
v_opt: [0.39843214180802433, 0.6596124142826114, 0.43508864478496456, 0.11586378993276422, 0.08369680577653471]
solution time: 0.012197017669677734
McCormick lower bound: -5.774641321222644

