x_opt: [0.7408261845245695, 0.33149452154864034, 0.7408261860889099, 0.17238784269141635, 0.7408261907071348, 0.17238787625072316, 0.8276121410873564, 0.41153375180626195, 0.25917454506422427, 0.2591738103582626, 0.2425673937057297, 0.7408254491207882, 0.25917381175737814, 0.1723878583641568, 0.2591737974157765, 0.33149455242314324, 0.17238782448123974, 1.360392131797945e-8, 0.17238784836266494, 0.17238782575950312]
w_opt: [0.7408261795398594, 0.4816523769429007, 4.2027486250275445e-9, 2.48747141630806e-9, 0.4816516359074464, 0.25917380203935453, 2.5762284579221737e-9, 1.3595896123636534e-8, 0.1723878188823324, 8.282995677755455e-9, 2.2760333567740896e-9, 0.07232070976383724, 0.07232072515121561, 0.33149450247537693, 0.25917380789826494, 0.17238785335428286, 1.1570186609903986e-8, 0.33149451905701277, 0.17238783464652704, 0.5684383288187828, 0.15235993990817248, 8.185936839616218e-9, 0.48165164544909056, 0.3314945373703562, 9.349496498689866e-9, 1.1788879684389186e-8, 0.1723878463428027, 6.527764424429014e-9, 2.14205575134228e-9, 1.7635743800220832e-8, 0.17238783925853746, 0.17238783915285483, 0.17238782872504174, 1.6967972193011943e-9, 1.123158310199543e-7, 0.17238782244907616, 2.51754638759921e-9, 4.195414674614638e-9, 0.2591745433122122, 3.131268024444192e-8, 7.496916259504985e-9, 2.195175892548091e-9, 5.9272374990557555e-9, 0.17238778113882167, 1.695638236754799e-9, 0.17238786932122924, 0.1723878668589918, 5.544402577975819e-9, 0.17238787257681853, 0.1723878463174225, 3.724438522009916e-9, 0.1723878743858816, 2.5210061965145043e-9, 8.625184428253021e-9, 0.17238784616032984, 8.29068164318204e-9, 0.7408254468967163, 0.08678634189494376, 4.975505888576693e-9, 9.931751908531466e-9, 1.325303097126033e-8, 0.25917454264107365, 2.8386345601311145e-9, 0.25917379044642, 0.1723878206065882, 0.17238784459964213, 4.5554219911554794e-9, 1.7266438460314349e-9, 3.793263590699424e-9, 0.25917380980023286, 3.3452130128715387e-9, 2.469919273067056e-9, 3.043113223590178e-9, 3.530434719207475e-9, 4.014356375904679e-9, 1.6378019518151784e-9, 0.2591738066653903, 6.038490459948798e-9, 0.17238782966053504, 0.24256739183921444, 3.975488274224737e-9, 1.949332589009956e-9, 1.8400539587180586e-9, 5.80949709476803e-9, 2.4463704918007623e-9, 0.25917379524443573, 0.25917377116228335, 0.1723878216720669, 0.17238781505289616, 4.614868451617364e-9, 0.25917379390310785, 0.17238781168835834, 4.247216103158463e-9, 0.1723878448083849, 0.17238782367086009, 2.3670317684032995e-9, 2.117373017141222e-9, 0.17238780879655058, 1.1032537439548827e-8, 0.17238782104081932]
v_opt: [0.4115337493105501, 0.7408261829593519, 0.5488235619303772, 0.0671710650100579, 0.058839021976137953]
solution time: 0.014173030853271484
McCormick lower bound: -6.163611092752237

