x_opt: [0.6366887343380564, 0.36331133429887696, 0.6366887352898236, 0.06670666447895979, 0.6366887366142552, 0.22544442891322197, 0.933292903469449, 0.37009424482528475, 0.3633112751659413, 0.3633112627002077, 0.18567052433468734, 0.6366887236533523, 0.3633112631973036, 0.06670709797434354, 0.3633112612155142, 0.3633113422242623, 0.0667066633385517, 3.505339570354482e-9, 0.06670685006345496, 0.06670667807530045]
w_opt: [0.6366887330686606, 0.27337747181857447, 1.013309673397233e-9, 7.915397710707422e-10, 0.2733774586607412, 0.36331126088177773, 6.265552077567473e-10, 2.9478747133878644e-9, 0.0667066617525807, 2.0736434284396785e-9, 7.399189496845606e-10, 7.019221525311018e-8, 7.462330077630784e-8, 0.3633113292088554, 0.3633112619316372, 0.06670709642253894, 2.5733876372494886e-9, 0.36331133355079986, 0.06670666239259328, 0.5699816392060963, 0.006782980584505106, 2.0740468630860487e-9, 0.2733774616317306, 0.3633113385709294, 2.494591591026178e-9, 3.075171589054122e-9, 0.06670684956076559, 1.801762414388316e-9, 5.691301171261072e-10, 3.792129509599886e-9, 0.06670666360834816, 0.06670666339556595, 0.0667066610033415, 4.4754627957187835e-10, 2.780807996590206e-8, 0.06670666266502834, 6.726543868995464e-10, 1.073766534787104e-9, 0.36331127466710905, 6.258359233955755e-9, 1.868794124554129e-9, 6.289179040505642e-10, 2.371351406632931e-9, 0.06670665255497428, 4.2645429228138914e-10, 0.22544442661277708, 0.22544442679225743, 1.2714000543193564e-9, 0.2254444277732298, 0.06670709551422463, 1.071786497673309e-9, 0.22544442841459242, 6.445852702560016e-10, 2.1465220715219226e-9, 0.06670684954196245, 2.5772782037789745e-9, 0.6366887230343288, 0.29660422082288906, 2.4126183835870333e-9, 1.7202507677848575e-9, 2.524777870072458e-9, 0.36331127458548573, 7.733748472337675e-10, 0.36331125968816846, 0.06670666225903847, 0.06670684896730121, 1.228965575501623e-9, 4.680864044298871e-10, 1.0981432421482605e-9, 0.36331126252852225, 8.404078333660478e-10, 6.893140102036099e-10, 7.871235678906456e-10, 8.942642251495343e-10, 9.928302478205915e-10, 4.89539465434058e-10, 0.36331126175247896, 1.5005782159110913e-9, 0.06670684491068693, 0.18567052390124447, 1.083077192272795e-9, 5.29279094521384e-10, 5.059985756012417e-10, 2.1171422072013193e-9, 7.016065238776559e-10, 0.36331126052488455, 0.3633112467435155, 0.06670667678655906, 0.06670666164940217, 1.4823125911157858e-9, 0.36331126027804117, 0.0667066602673823, 1.019396538153694e-9, 0.06670684905331636, 0.06670667751938543, 6.859314050483089e-10, 5.757002638018974e-10, 0.06670664607238723, 2.8528038547818586e-9, 0.06670667699207553]
v_opt: [0.37009424417781567, 0.6366887342608658, 0.4053727213411304, 0.13199507789542703, 0.03447354809490571]
solution time: 0.013281106948852539
McCormick lower bound: -8.264421152615958

