x_opt: [0.6588421871057678, 0.3419515850112551, 0.6588421776827736, 3.148903609124293e-7, 0.6588421555196919, 0.13782801724974, 0.8621829005116196, 0.39616305625555015, 0.3411578449275748, 0.341157763590529, 0.28595727784067343, 0.6588419892332985, 0.3411578122611363, 0.1378171126309477, 0.34115775007266447, 0.3419523914904605, 3.102031724492242e-7, 3.872642754235251e-8, 0.13781692432294587, 0.13781554490580808]
w_opt: [0.6588421711931693, 0.31768434684105723, 8.164998820454999e-9, 7.034096672561226e-9, 0.31768418137345805, 0.3411577918089826, 7.056073104451342e-9, 4.021374729875458e-8, 2.9745858553619845e-7, 2.4254786225925994e-8, 5.0492017964863444e-9, 0.0007937669672100268, 0.000793759609182178, 0.3419515268663809, 0.3411577594250948, 0.13781710090128, 2.963045000156869e-8, 0.34195157983131524, 2.983041079805992e-7, 0.521025082350155, 0.05500523882612393, 1.081401413781374e-8, 0.3176841890414633, 0.3419523575944349, 2.3987468209921557e-8, 3.390108787051797e-8, 0.13781691871258217, 2.0355495328260943e-8, 4.956802003057179e-9, 3.705223037810147e-8, 3.046924093101353e-7, 3.0716524641747006e-7, 2.810519248914063e-7, 3.958962020882354e-9, 8.383686570364488e-8, 3.025102899507877e-7, 6.860329453009266e-9, 9.337448065844189e-9, 0.34115783927208376, 6.551552288017896e-8, 3.718700299734693e-9, 5.452426987961222e-9, 1.2808187620502417e-8, 2.570036894087372e-7, 4.693303222950485e-9, 0.13782800283969482, 0.137827990457083, 1.488157367859541e-8, 0.1378280092546021, 0.13781709518992993, 8.691467739872528e-9, 0.1378280131871522, 5.663298171805501e-9, 2.5117165453218163e-8, 0.13781691937620233, 1.9841949301933735e-8, 0.6588419835349442, 0.2033415926129439, 2.451035525070925e-8, 4.3338505326368855e-8, 2.4170414830359147e-8, 0.34115783853659337, 7.251911297717952e-9, 0.3411577354114074, 2.985291942712534e-7, 0.13781691457824444, 1.097189906073508e-8, 3.519018233895955e-9, 6.86886935769468e-9, 0.3411578079598322, 1.097618243077829e-8, 5.583108857009211e-9, 8.661274910215274e-9, 9.522941612836407e-9, 1.1004399065116805e-8, 4.819407631023782e-9, 0.34115775932308423, 1.2965431468693207e-8, 0.1378168829022184, 0.28595727342290694, 1.0741666906542409e-8, 5.8974728632706695e-9, 5.354056990725771e-9, 1.8193773837485385e-8, 5.952901138661261e-9, 0.34115774555430395, 0.34115777114372836, 0.1378155355701663, 2.924453007935254e-7, 1.2077174291088284e-8, 0.3411577430050148, 2.7729238443511064e-7, 1.257208651142677e-8, 0.13781691699954396, 0.13781553965802823, 5.741801588810866e-9, 4.968066050209148e-9, 2.9496224213711597e-7, 3.218515519057799e-8, 0.13781553283406012]
v_opt: [0.39616304925714346, 0.6588421699674674, 0.43407324778238854, 0.11638863008639624, 0.0817716846125376]
solution time: 0.013449907302856445
McCormick lower bound: -6.325412762014395

