x_opt: [0.8196593946598448, 0.20708146372095299, 0.8196594660065016, 0.18034052098119452, 0.8196594516419304, 0.1803403539229308, 0.8196595397035314, 0.819655836642629, 0.5978761029570928, 0.18034053009997703, 0.15586121527880276, 0.8041282926184236, 0.18034051931891412, 0.18034044954509484, 0.18033806721059986, 0.20708156504150396, 0.18034028463300547, 2.095442433903393e-8, 0.1803379883563178, 0.18033780251822717]
w_opt: [0.819659387612666, 0.6393188491392011, 7.629067126045265e-9, 3.854052796144828e-9, 0.6237876912703614, 0.18034049844016609, 4.341140592685395e-9, 9.66580614855858e-9, 0.18034027639703215, 1.199980717323403e-8, 3.567459734428717e-9, 0.026740932729681918, 0.026740942477495505, 0.2070814427415329, 0.18034052630200811, 0.18034044355168283, 1.3095855920137506e-8, 0.2070814607662054, 0.18034050893277573, 0.6393190081689438, 0.6393153065396707, 1.8854226141717735e-8, 0.6237877757913857, 0.20708154065898288, 1.0976855549880114e-8, 1.7633660523701858e-8, 0.18033798539177168, 9.661630423974565e-9, 5.3052281255712845e-9, 1.7298871558049403e-8, 0.18034051668741485, 0.18034051468576742, 0.18034043902601118, 2.7199976479482056e-9, 8.043309797982505e-8, 0.18034028176232858, 3.4088511638213036e-9, 5.444808254306116e-9, 0.5978761007226341, 4.537762116353787e-8, 1.2058360742618849e-8, 3.5921992610422175e-9, 6.739742911148679e-9, 0.18034022234703426, 2.3608853932280083e-9, 0.1803403424869708, 0.18034034000428953, 6.968254276254364e-9, 0.18034034752041175, 0.18034034135589883, 5.375761488991764e-9, 0.18034035098565268, 4.115777766600717e-9, 1.2497494552267892e-8, 0.18033798536326703, 9.82687241070752e-9, 0.8041282894702807, 4.5211644756012206e-7, 4.924414162906953e-9, 6.105786263085224e-9, 1.3194283595305952e-8, 0.5978760989135983, 3.6612449434355476e-9, 0.1803380534988923, 0.1803402800102661, 0.1803379831082834, 3.239935001303152e-8, 3.2522002456257764e-9, 0.40200448211419304, 0.18034051456325825, 3.861449475392303e-9, 3.973956821483991e-9, 4.274272701655832e-9, 4.944612153043505e-9, 5.4148935427049494e-9, 2.313715958450068e-9, 0.1803405124070892, 1.2493305116910187e-8, 0.1803379672062815, 0.1558612119669988, 5.565957330600693e-9, 2.515933530991438e-9, 2.8638325247547955e-9, 8.975340385744973e-9, 3.82560315886318e-9, 0.180338062920887, 0.1803404313469587, 0.18033779611126183, 0.18034023476202013, 5.76346084426946e-9, 0.1803380616865622, 0.1803380489286409, 6.318170925647344e-9, 0.18033797751811076, 0.18033780002436148, 3.427766162360666e-9, 3.74770430514213e-9, 0.18033778686172824, 1.5960742714454222e-8, 0.18033778166830497]
v_opt: [0.8196558330424232, 0.8196594613859493, 0.6718418069593914, 0.03252345253916536, 0.024293570978126428]
solution time: 0.012655973434448242
McCormick lower bound: -5.062863514049184

