x_opt: [0.7728736539238762, 0.2271263464931082, 0.7728736567055661, 7.959705663234012e-9, 0.7728736473675358, 0.22712635202287598, 0.7728736546424195, 0.6269302981445113, 0.4195737953832309, 0.22712634297351897, 0.2271263325370384, 0.5804262045288069, 0.22712635260482225, 0.22712634520199204, 0.2271263483550902, 0.29519257385698294, 7.200965023760669e-9, 1.5990934903890166e-10, 0.2271263425291031, 0.2271263425457431]
w_opt: [0.7728736538874084, 0.5457473012933941, 5.028132068796161e-11, 4.177844354091816e-11, 0.3532998584745349, 0.2271263524536241, 7.393344404501824e-11, 2.6181341758888403e-9, 7.145654514077973e-9, 1.041324138718268e-10, 2.8405166147178925e-11, 3.2200958469507575e-9, 3.56994813080994e-10, 0.2271263462028301, 0.22712634295125236, 0.22712634509911023, 3.5238871289491057e-10, 0.22712634645754587, 7.863153231663109e-9, 0.545747311375134, 0.39980395488624143, 9.852490923627442e-11, 0.3532998613898492, 0.29519257368415064, 1.5770192359302055e-10, 1.351930682144943e-10, 0.22712634250077468, 1.7021395605398807e-10, 2.081304923841625e-11, 2.278002804395555e-10, 7.907389874476366e-9, 7.917287812247937e-9, 7.6796381271481e-9, 2.6490188433978973e-11, 7.542705337327528e-10, 7.158876834396081e-9, 3.182201959318834e-11, 5.6577645597400984e-11, 0.41957379536431255, 2.0244199410105679e-10, 3.680798381853133e-11, 3.531766954593657e-11, 4.841538479398337e-11, 6.757875268830321e-9, 2.978978574747797e-11, 0.22712635193890074, 0.22712635184692795, 8.133979852626027e-11, 0.22712635196663541, 0.22712634474314344, 6.585758109455847e-11, 0.22712635199803397, 3.8746986541533175e-11, 1.02990137853217e-10, 0.22712634249059094, 9.364533581304449e-11, 0.5804262044895284, 9.117467727407743e-9, 4.2742924899246404e-11, 1.1885872448059773e-10, 4.4458849045149473e-10, 0.4195737953478181, 3.6424383787429484e-11, 0.22712634823961458, 7.149585774884042e-9, 0.22712634249591535, 4.293148726857413e-11, 2.3294880867470568e-11, 9.412660408693864e-11, 0.2271263525794378, 6.457210833446192e-11, 2.8555687520179302e-11, 4.4060961141056454e-11, 1.0146070511777472e-10, 9.678602613899545e-11, 2.7868398989805403e-11, 0.22712634293774592, 7.609415053799452e-11, 0.22712634177566782, 0.2271263325078321, 5.335701141801259e-11, 3.323553930992392e-11, 3.99445194869057e-11, 6.161856008718715e-11, 2.6736263070853575e-11, 0.22712634833574086, 0.2271263497276952, 0.22712634250576721, 6.852942996200601e-9, 5.23207992058263e-11, 0.22712634831947903, 6.920555083217612e-9, 5.175935432646028e-11, 0.22712634249551591, 0.22712634251791883, 2.802153794870779e-11, 2.734334267012787e-11, 7.082021270050416e-9, 1.3041022802584223e-10, 0.2271263423214361]
v_opt: [0.6269302981192981, 0.7728736566759201, 0.5973336765150626, 0.05158638168471197, 0.051586372063745]
solution time: 0.014115095138549805
McCormick lower bound: -4.358078044088542

