x_opt: [0.6521595788147387, 0.34784084276551186, 0.6521595823795711, 1.7942825794646598e-7, 0.6521595319222725, 0.14450359136674815, 0.8700303320096544, 0.3880553858001385, 0.3478404222226602, 0.3478404147247549, 0.27068396541582634, 0.6521595733298435, 0.3478404220732753, 0.1299696698474429, 0.34784041605329014, 0.3478417665738529, 1.75342361271295e-7, 7.948886629806316e-9, 0.12996956969238022, 0.12996924140075253]
w_opt: [0.6521595762386818, 0.30431911189656136, 2.3252570289155824e-9, 1.9644158899615566e-9, 0.3043191534370052, 0.3478404165553846, 1.8610928548188034e-9, 1.1820198685965648e-8, 1.7240429187215407e-7, 4.928032789437446e-9, 1.42732600073874e-9, 4.2616007759907015e-7, 3.835472922624259e-7, 0.34784082734636795, 0.34784041348000644, 0.1299696667750672, 7.069000104779347e-9, 0.3478408414282088, 1.7572731983632006e-7, 0.5221899156231169, 0.0402149694367573, 5.932337342383537e-9, 0.30431916118714597, 0.34784175974666165, 5.795280362026795e-9, 6.770047104587352e-9, 0.12996956824780975, 9.964780309158178e-9, 1.1263892909216064e-9, 6.487174464441843e-9, 1.767864505838483e-7, 1.7732533930830442e-7, 1.6964845414556837e-7, 1.1352602430431672e-9, 3.0222804912596125e-8, 1.7324838602718665e-7, 1.6867775320156954e-9, 2.1985088625156978e-9, 0.34784042075810795, 7.96110852538629e-9, 1.252753584295525e-9, 1.6624068414443519e-9, 3.3894084029309814e-9, 1.6355130165935825e-7, 1.2058085227975058e-9, 0.14450358735722757, 0.14450358534215127, 3.02945992615328e-9, 0.14450358940727853, 0.1299696620453836, 2.197875012775984e-9, 0.14450359016178474, 1.493222409935131e-9, 4.9165494298111415e-9, 0.12996956838677176, 4.228713070636588e-9, 0.6521595715740613, 0.21787135042487732, 4.440173899242838e-9, 4.1931790162531104e-9, 3.986656490775936e-9, 0.34784042063502907, 1.9102077433098503e-9, 0.34784041264940047, 1.7232289929701992e-7, 0.12996956775228735, 2.394984175979973e-9, 9.93398207653835e-10, 2.358148673055326e-9, 0.3478404203101806, 2.9036990663821614e-9, 1.3936651253327072e-9, 2.2264439411805023e-9, 3.235356975717961e-9, 3.1701223121958704e-9, 1.36901011103927e-9, 0.3478404120135585, 2.810901729513316e-9, 0.1299695596272491, 0.270683964199298, 2.3595028318346576e-9, 1.7320629850980125e-9, 1.7783785642883194e-9, 3.846464784790487e-9, 1.4176511164413788e-9, 0.347840414856473, 0.3478404054925554, 0.1299692389677649, 1.7036857752378732e-7, 3.2660906864080313e-9, 0.34784041419072115, 1.6554321150496175e-7, 2.4620881305136827e-9, 0.12996956795424908, 0.12996923931021734, 1.4350020270194179e-9, 1.2962543040894425e-9, 1.7110438435585015e-7, 6.4095319710093566e-9, 0.12996922298080787]
v_opt: [0.3880553841858147, 0.6521595804124452, 0.42531251791381613, 0.1209937224851736, 0.07327371475384457]
solution time: 0.01175999641418457
McCormick lower bound: -6.189817279669912

