x_opt: [0.7888670768873476, 0.3240081014001563, 0.7888671370868418, 0.21113279423535394, 0.7888670807673261, 0.21113277936442743, 0.7888672199222445, 0.4596553528834207, 0.2724087948302344, 0.2111329258857055, 0.18511318850691483, 0.727591200711814, 0.21113292474528625, 0.21113277853912205, 0.21113281912935578, 0.3240081039458581, 0.21113274706609558, 4.6447244890352704e-9, 0.21113274386388994, 0.2111327163741291]
w_opt: [0.7888670747803865, 0.5777341583146, 3.4953614659710935e-9, 6.487504033900322e-10, 0.5164582786174514, 0.21113291970031806, 9.207598999812793e-10, 2.8206099951520175e-9, 0.21113274501541426, 2.9158613283144667e-9, 9.450840895082213e-10, 0.11287523941644918, 0.1128751884946338, 0.3240080939967012, 0.21113292499629263, 0.21113277687953214, 3.908430249084394e-9, 0.32400810045251927, 0.21113279112689515, 0.5777343575319134, 0.24852249072134636, 6.794889252137898e-8, 0.516458342681449, 0.32400809765287186, 2.8161509455474633e-9, 4.018158754221318e-9, 0.2111327432204486, 2.9371649886629253e-9, 1.3107332559389081e-9, 7.116890984668146e-9, 0.21113279323573148, 0.2111327929135965, 0.21113278879913192, 5.56806205583321e-10, 3.694105669925225e-8, 0.21113274643037316, 7.40009192247387e-10, 1.1870894009163123e-9, 0.2724087942913292, 1.9393635709227537e-8, 7.642564865388116e-9, 6.73260365559924e-10, 2.2073251000485164e-9, 0.21113272742500544, 5.206639309964417e-10, 0.2111327765226408, 0.21113277597781274, 1.7261767726838907e-9, 0.2111327777058629, 0.21113277265776065, 1.4409222115769728e-9, 0.21113277869202177, 8.720535065086193e-10, 3.0203351468666e-9, 0.21113274318105973, 4.12877265316221e-9, 0.7275912000346072, 3.6652896073674653e-7, 2.630218807377526e-9, 2.0405138383805505e-9, 4.90090157296478e-9, 0.2724087939853664, 9.915425266095876e-10, 0.21113281636549472, 0.21113274595755205, 0.21113274258225298, 2.3115259895142108e-9, 6.372117535091068e-10, 3.1259604021529906e-9, 0.21113292387560723, 9.353683149673879e-10, 9.170499714902245e-10, 9.051636991039398e-10, 1.0945470257058572e-9, 1.3135479954867e-9, 4.972137042108966e-10, 0.21113292355874735, 3.79944738966954e-9, 0.2111327388749967, 0.18511318785629438, 1.4923512927265402e-9, 5.729054512881568e-10, 5.606168076945245e-10, 2.040136652211823e-9, 8.832678373124876e-10, 0.21113281827031485, 0.21113287389634697, 0.2111327145401815, 0.21113272755636528, 1.6798384282123652e-9, 0.21113281776543874, 0.21113274345825817, 1.434639863319035e-9, 0.2111327418851295, 0.21113271559784152, 8.520608304935363e-10, 7.516308920858756e-10, 0.2111327083021003, 3.702525555172513e-9, 0.21113271060959005]
v_opt: [0.45965535199972013, 0.7888671359633171, 0.6223112851921051, 0.04457716588559302, 0.03426693921416862]
solution time: 0.012029170989990234
McCormick lower bound: -5.980414303977199

