x_opt: [0.7728736866479793, 0.22712626275275086, 0.7728738070957193, 8.152904922416283e-7, 0.7728736590039228, 0.22712626757404752, 0.7728737492257646, 0.6269302384304465, 0.4195733629071722, 0.22712617827490345, 0.2271263093294848, 0.5804266342756755, 0.2271263351657504, 0.2271262483361815, 0.22712628466023724, 0.29519255059832794, 8.133903392623849e-7, 1.3710122392741703e-8, 0.22712603678573123, 0.22712600153288362]
w_opt: [0.7728736848369179, 0.5457473475291142, 3.5642129540899107e-9, 5.2411387290180815e-9, 0.35330032319093035, 0.22712632311659117, 4.248375421503536e-9, 2.2138406722503804e-8, 8.078882946537024e-7, 8.23081745002613e-9, 2.3194280595308783e-9, 7.18610032750462e-8, 1.44155427383714e-8, 0.22712624138531234, 0.22712617546181416, 0.22712624201437503, 2.0398701272920895e-8, 0.22712626009811565, 8.070076195009716e-7, 0.5457475586845417, 0.39980404867927793, 6.704610633736572e-9, 0.3533004521747592, 0.29519253798531814, 1.0316364871093125e-8, 1.098551256778603e-8, 0.22712603377799304, 7.51532206980359e-9, 2.213427194820498e-9, 1.346192399903259e-8, 8.101688058825623e-7, 8.117272567988393e-7, 7.932604577459376e-7, 2.422784927427523e-9, 4.3377711889889867e-8, 8.09449946169731e-7, 3.1144662040395236e-9, 5.075209717996082e-9, 0.41957336062530615, 1.6821070435997482e-8, 2.930620937120843e-9, 3.191350105732467e-9, 4.523009323216814e-9, 7.804541062841268e-7, 2.6151261737574877e-9, 0.22712626058866695, 0.2271262538029534, 6.205417194874857e-9, 0.22712626340034398, 0.2271262353964612, 4.227066931837069e-9, 0.22712626501394956, 3.1537206300507073e-9, 8.16104122617432e-9, 0.22712603310752263, 6.03256836329519e-9, 0.5804266310527053, 2.0601997570507077e-6, 3.843516671662037e-9, 6.910845001971835e-9, 1.5851344124527215e-8, 0.41957335950519264, 3.3995067000455716e-9, 0.22712627547966363, 8.083491533045586e-7, 0.22712603320980437, 3.917482989610055e-9, 2.020070093343934e-9, 5.942905450380456e-9, 0.22712633279342276, 5.291228351666822e-9, 2.653828086545171e-9, 4.080730544146851e-9, 6.233705917570903e-9, 6.6690433623307464e-9, 2.4671177011608696e-9, 0.22712617504241328, 5.314862270914906e-9, 0.22712600515740378, 0.22712630613443507, 4.051448414477201e-9, 2.95505735637295e-9, 3.417116903883662e-9, 5.3641778493478364e-9, 2.5079409669020646e-9, 0.2271262824014362, 0.2271262719001966, 0.22712599777568468, 8.002042501400683e-7, 4.505796239472707e-9, 0.22712628064273852, 7.953350897759901e-7, 4.715249135182517e-9, 0.22712603300924208, 0.22712599865986882, 2.500895711704022e-9, 2.526884660358621e-9, 8.052675948380964e-7, 1.049458840078296e-8, 0.22712599766271002]
v_opt: [0.626930235559671, 0.7728738039573773, 0.5973336994204408, 0.05158630694690883, 0.05158639297299451]
solution time: 0.012328147888183594
McCormick lower bound: -4.4826288104876975

