x_opt: [0.7342481075556326, 0.34114677866245885, 0.7342481111111089, 1.119391522387533e-6, 0.7342481479059033, 0.22919922772669313, 0.77080101923626, 0.40883884539488335, 0.2657520305684475, 0.26575182926680513, 0.265750929299572, 0.557385937497516, 0.26575184267578167, 0.22919896700608405, 0.2657517111400284, 0.34114750259667337, 1.0583723251932143e-6, 6.725697337311432e-8, 0.2291991870018308, 0.22919907380213397]
w_opt: [0.7342480938438868, 0.4684962604058121, 1.1158795947486477e-8, 1.5766202692605747e-8, 0.2916340508558165, 0.2657518082294132, 1.2029045512092561e-8, 1.0628990568262206e-7, 1.0392421718309676e-6, 4.666565002941473e-8, 5.67796865721749e-9, 0.07539489561548389, 0.07539502329560989, 0.34114665501083763, 0.26575182319378576, 0.22919895276869118, 1.0963205230580853e-7, 0.3411467700375485, 1.0895162145758956e-6, 0.5050491365052461, 0.14308696457190034, 1.7236300775498268e-8, 0.29163408989705597, 0.3411474433715783, 4.919988673806232e-8, 5.8846326108210564e-8, 0.2291991781550152, 3.71743086534965e-8, 6.387427706838082e-9, 1.2653828914692947e-7, 1.098594049698132e-6, 1.108610719826281e-6, 1.0436356835772682e-6, 5.971315924934927e-9, 3.2903861733350773e-7, 1.0499377805676583e-6, 1.0725012774724556e-8, 1.716019200117515e-8, 0.26575202354073724, 3.024715290766274e-7, 1.8668344006677236e-8, 7.249231143172406e-9, 2.3575489831994908e-8, 9.308821198736475e-7, 7.79608933813236e-9, 0.22919920720072817, 0.22919911654857233, 2.8543848789658468e-8, 0.22919921853934264, 0.22919891114945795, 1.4718491285126683e-8, 0.2291992222047574, 8.89107186197754e-9, 4.771419883680262e-8, 0.2291991762055348, 3.481230291907301e-8, 0.5573859297650076, 0.0365557517457547, 2.525927259636687e-8, 3.05926911785698e-7, 3.064190021231116e-7, 0.26575202090472233, 1.1160543789133686e-8, 0.2657516814962875, 1.0386086059664424e-6, 0.22919917245023308, 1.5012071768897548e-8, 4.729354199275048e-9, 6.81546757893772e-9, 0.2657518369949834, 2.519238736530226e-8, 7.788403358650812e-9, 1.5914876052301996e-8, 1.9613308350382495e-8, 2.6663736392498407e-8, 6.287312972606292e-9, 0.26575181621957694, 2.1966203582681437e-8, 0.22919912017043179, 0.26575092230349023, 1.7670311104614037e-8, 9.52980167026619e-9, 7.801092365048361e-9, 1.643785324204198e-8, 7.846707935068963e-9, 0.26575170535957265, 0.2657513681270398, 0.22919906353871008, 1.0271534621889655e-6, 1.7831966474640086e-8, 0.2657517001425465, 9.84619558411173e-7, 2.4162637509052755e-8, 0.22919917818298732, 0.22919906502137405, 7.939338303681903e-9, 6.8084757648105985e-9, 1.0180914636434525e-6, 5.813991668614026e-8, 0.22919903516920498]
v_opt: [0.408838834757595, 0.734248102316989, 0.5391205364577205, 0.07062406262293255, 0.07062375275383138]
solution time: 0.013390064239501953
McCormick lower bound: -5.0617083399002425

