x_opt: [0.7680038499404608, 0.2850319227066948, 0.7680038534114467, 7.691362096594231e-8, 0.7680038767306318, 0.23199581745685402, 0.768004322850623, 0.5903283285180927, 0.4155860692252845, 0.23199611381495736, 0.23199614652341585, 0.584413921681005, 0.2319961181814232, 0.23199567756149617, 0.2319960727840406, 0.28503236397419823, 7.523014463111304e-8, 1.0634409416515206e-8, 0.2319956144221135, 0.2319955033615883]
w_opt: [0.768003847502996, 0.5360077278130526, 2.4597006104320618e-9, 3.4425493436946215e-9, 0.3524177731985167, 0.23199611042315485, 2.7561520170502542e-9, 6.381574063867873e-9, 7.127603288794712e-8, 6.602121884208493e-9, 1.4834491680390564e-9, 0.05303577764304294, 0.05303581292634197, 0.2850319081992575, 0.2319961120102643, 0.231995674117341, 9.618886409176562e-9, 0.28503192074568906, 7.124080339067886e-8, 0.5360081777437191, 0.35833218403024075, 4.693523397800334e-9, 0.35241778223965164, 0.2850323540713927, 6.727840926457487e-9, 8.7123623473181e-9, 0.2319956123488751, 5.138950429603154e-9, 1.6997832613010308e-9, 9.98664594521037e-9, 7.328953965554936e-8, 7.450006133711445e-8, 6.482415248148079e-8, 1.504165061177485e-9, 2.2894738861420328e-8, 7.296209994376647e-8, 2.152475181430918e-9, 3.1066655140196726e-9, 0.4155860676266046, 1.928400555701021e-8, 2.700531160653905e-9, 1.879785660318856e-9, 3.2663974134945734e-9, 5.483411506742665e-8, 1.6717333418685799e-9, 0.2319958131764528, 0.23199580827847482, 4.579593702090083e-9, 0.23199581491674118, 0.23199567389285977, 2.5866463408651244e-9, 0.2319958158947473, 2.001183719418111e-9, 6.755819619501676e-9, 0.23199561223830306, 4.416136127945116e-9, 0.5844139197671411, 5.415783451677029e-7, 3.046543542219046e-9, 2.6823977061881976e-9, 1.3242115501010486e-8, 0.41558606681117605, 2.300414073159553e-9, 0.23199606701512215, 7.175214714171713e-8, 0.2319956118064769, 3.1177309024577823e-9, 1.2267120102029246e-9, 2.92133039739625e-9, 0.2319961166278492, 3.4981453318886507e-9, 1.8142144082481962e-9, 2.758941668062035e-9, 3.4906781526215442e-9, 3.827657013734983e-9, 1.5289901488316861e-9, 0.2319961112416695, 4.023293881260265e-9, 0.2319955959308976, 0.231996144494944, 2.840063956420087e-9, 1.9434936842289478e-9, 1.9241166017057047e-9, 3.619060803969177e-9, 1.7390671670448545e-9, 0.23199607125711263, 0.2319960810913599, 0.2319955006704829, 6.71974741824868e-8, 3.1055193835989247e-9, 0.2319960699148131, 6.404734685418249e-8, 3.6800658261841856e-9, 0.23199561195805105, 0.23199550169963418, 1.734992278746406e-9, 1.6440937396613746e-9, 7.030231176507574e-8, 8.36746154613012e-9, 0.23199550117369688]
v_opt: [0.5903283262839066, 0.7680038511633601, 0.5898299557754093, 0.05382220693015955, 0.053822212188072004]
solution time: 0.012845993041992188
McCormick lower bound: -4.631821652641707

