x_opt: [0.6388644128730846, 0.3611354124933868, 0.6388647178402361, 5.020034003084967e-7, 0.6388645246774313, 0.15632656688946792, 0.8841261259420923, 0.3695412689647522, 0.36113539387033267, 0.3611353700665993, 0.2374625778588246, 0.6388644045898172, 0.36113538831936653, 0.11587389864521355, 0.3611353763865807, 0.36113541006051936, 4.636734224992527e-7, 6.177623024835903e-8, 0.1158739903588661, 0.1158742742650024]
w_opt: [0.6388643996231458, 0.27772894880677507, 1.751384196633221e-8, 2.015039432927182e-8, 0.277728829340623, 0.36113534056952834, 1.9679386413460516e-8, 9.893619350150419e-8, 4.3467054460893276e-7, 3.672029124735683e-8, 1.491050174582128e-8, 1.4394549951265334e-7, 2.9899301637055287e-7, 0.3611352793108442, 0.3611353549522684, 0.11587386702427742, 7.632920720766405e-8, 0.3611353734558851, 4.646590438218436e-7, 0.5229908556805152, 0.008405998505085596, 1.2091388276394229e-7, 0.2777291732284036, 0.36113534121404106, 6.771403696196054e-8, 5.106114211222334e-8, 0.11587397564327821, 8.525571694719431e-8, 1.1401096441230925e-8, 6.882984908982842e-8, 4.7316230323727566e-7, 4.821428894363506e-7, 4.049978631029534e-7, 1.1022277975485265e-8, 1.6462031163623812e-7, 4.47322666845759e-7, 1.6476086800542302e-8, 2.509185984116653e-8, 0.361135378058917, 1.1993111992677297e-7, 1.8241833738764953e-8, 1.705908983676966e-8, 3.791597821239573e-8, 3.6186100145741385e-7, 1.3000872603402605e-8, 0.1563265300488829, 0.15632650057360933, 3.399478643818495e-8, 0.15632654770412885, 0.11587382096718851, 2.2642101308220183e-8, 0.15632655616990723, 1.4262355051045663e-8, 3.67859398732053e-8, 0.11587397450519607, 4.272593206231423e-8, 0.6388643876379122, 0.2452641696698946, 4.594962161162297e-8, 2.0374667365042216e-7, 4.973645824519572e-7, 0.36113537837567433, 1.907125549895576e-8, 0.36113534366971534, 4.2932797678789555e-7, 0.11587396834010415, 2.281038283530268e-8, 9.014130386845974e-9, 1.473040906942269e-8, 0.361135371171191, 3.45616121996506e-8, 1.3536264292792067e-8, 1.9997365102449407e-8, 2.938071209185718e-8, 3.166311550021384e-8, 1.3368841094714368e-8, 0.3611353532830894, 2.619881607579341e-8, 0.11587387203769489, 0.23746256637187835, 2.0271113381442894e-8, 1.821610862311123e-8, 1.4376085090693995e-8, 3.3457351098744026e-8, 1.3098006377865029e-8, 0.3611353617260911, 0.36113463123893597, 0.11587425208490787, 4.1880478368233036e-7, 3.295685167538746e-8, 0.3611353491938739, 3.787831628107452e-7, 2.1915579015563096e-8, 0.1158739739913525, 0.11587425352029763, 1.429980430955259e-8, 1.153176945264596e-8, 4.243831308663357e-7, 4.776799482112807e-8, 0.11587394772224378]
v_opt: [0.3695412522828299, 0.638864698381257, 0.4081479568793226, 0.13041905961892364, 0.05639018108743971]
solution time: 0.013090133666992188
McCormick lower bound: -6.7694096301270426

