x_opt: [0.7388740629383307, 0.2611226705729446, 0.7388776071356484, 0.078875590731305, 0.7388713120392226, 0.2611238586957979, 0.7388772837223729, 0.7000625909262057, 0.4468825484427897, 0.26112234850682636, 0.18423822686044564, 0.5531172086876306, 0.26112863486925975, 0.26112272186433527, 0.2611267778044983, 0.2611269165966954, 0.07887556117599068, 5.603759090926706e-8, 0.07887571999409398, 0.07887572386760297]
w_opt: [0.7388740520785525, 0.4777453820091175, 1.9860319013582663e-8, 1.7483113455508628e-8, 0.2919912797155175, 0.2611285777530892, 1.9394199847503106e-8, 8.887752829409856e-7, 0.07887554315267768, 3.65140732405166e-8, 1.4295846728097036e-8, 2.834638466731433e-7, 6.381192041940208e-8, 0.26112258002862143, 0.2611223396349457, 0.2611224844749636, 1.8191325622312513e-7, 0.2611226634329234, 0.07887555426487078, 0.4777549002815373, 0.4389402093650824, 8.166682881753603e-9, 0.29199487280724645, 0.2611268754100481, 4.709282002940236e-8, 4.908384547152655e-8, 0.07887571161141066, 3.2312605338554016e-8, 6.852345017776755e-9, 7.714530814949401e-8, 0.0788755745044873, 0.0788755650743881, 0.07887538486807029, 1.1286270683013712e-8, 6.269194235260478e-7, 0.0788755348716129, 1.2133396105123275e-8, 2.972574681772393e-8, 0.44688254262261, 4.468412830383791e-8, 9.783690094378307e-9, 1.690093801660424e-8, 1.6131776122480868e-8, 0.07887532743157344, 1.0018728633696024e-8, 0.26112381031964743, 0.2611237890498614, 1.8286967614930008e-8, 0.26112384464977695, 0.2611226941406134, 2.5751909106159134e-8, 0.26112384755138146, 1.5345900242451447e-8, 3.507963702307299e-8, 0.07887570472048389, 2.887889321790943e-8, 0.5531171913878199, 6.2539107486972114e-6, 1.979284822171474e-8, 3.276190237558616e-8, 4.4971881251745344e-8, 0.4468825391590564, 1.2282053783623383e-8, 0.2611267427003068, 0.07887554314993789, 0.07887570838474461, 1.1831482461219733e-8, 1.1116461759879275e-8, 1.6617776799288326e-7, 0.26112862243227203, 1.7232311815625358e-8, 1.0136130391844192e-8, 1.6336591443024034e-8, 4.2390907133306316e-8, 3.880776278940532e-8, 1.0220116727389324e-8, 0.2611223362903572, 2.176780818393485e-8, 0.07887563458053064, 0.18423821879361582, 1.9119968000970903e-8, 1.2096120233135618e-8, 1.5111769764856318e-8, 1.8295870655503418e-8, 1.043763087895644e-8, 0.2611267716943002, 0.261126438643202, 0.07887570960276861, 0.07887551028021805, 2.0457981068014516e-8, 0.26112676005257107, 0.0788754703933001, 1.5263837332990265e-8, 0.07887570633773099, 0.07887571014482052, 1.0237512468662528e-8, 1.1520557959060012e-8, 0.07887532548006206, 4.727322270864927e-8, 0.0788756846158549]
v_opt: [0.7000625845475952, 0.7388775960195231, 0.5459315040019611, 0.06818497218364075, 0.03394374305866061]
solution time: 0.012462139129638672
McCormick lower bound: -5.034169639582327

