x_opt: [0.7863675102877301, 0.21363242893003473, 0.7863675984012024, 1.2656820737418375e-7, 0.74187146453511, 0.2581261548972535, 0.7863675700419526, 0.7198761199221101, 0.4727379811153437, 0.21363240017090174, 0.21362585273287046, 0.5272620144872094, 0.25812851437425466, 0.21363242916519756, 0.25812849592848913, 0.2581285256854492, 1.257304378205366e-7, 5.7562847913525085e-9, 0.16487401871605248, 0.16487401886495576]
w_opt: [0.7863675094499821, 0.5282389762037378, 2.1874542632919967e-9, 1.5628162165839884e-9, 0.31362952560795143, 0.2581285092702623, 2.1148940261924974e-9, 0.044496014754155044, 1.2374077134630853e-7, 3.6174797097474774e-9, 1.0112749793755153e-9, 2.7954516856710993e-8, 3.965353960392749e-9, 0.2136324210915489, 0.21363239922313212, 0.21363242030365803, 1.6694699394351248e-8, 0.21363242801100005, 1.2348531186488368e-7, 0.5727351695759978, 0.5062437194742274, 2.7026335443684478e-9, 0.3136296175609382, 0.2581285215696941, 4.302818602708342e-9, 4.7604096235437795e-9, 0.164874017580159, 2.7199750467025272e-9, 6.800598575067999e-10, 5.175764433573121e-9, 1.245638762085254e-7, 1.2514547905101446e-7, 1.1628826217220734e-7, 1.131357519168943e-9, 1.706188771117176e-8, 1.2356419254514923e-7, 1.2946940679167307e-9, 2.536293967229895e-9, 0.4727379802092245, 3.28340281727392e-9, 8.439113132074975e-10, 1.2716548632670503e-9, 1.9815554060672487e-9, 1.1313592165398566e-7, 1.1390841445705989e-9, 0.2581261512177675, 0.258126148896068, 2.0318024014448177e-9, 0.2581261535590197, 0.21363242469434135, 2.290569000672599e-9, 0.2581261537039392, 1.39051061118803e-9, 3.4245210598840932e-9, 0.16487401680839645, 2.304409409854871e-9, 0.527262012760714, 0.044496176645326374, 1.257130927809514e-9, 2.5107658970387512e-9, 3.5624773449795777e-9, 0.4727379799303241, 1.3635910283534388e-9, 0.2581284921171918, 1.2357980772461222e-7, 0.16487401745541078, 1.1866250551745935e-9, 9.535257789731226e-10, 4.60328541403654e-9, 0.25812851345976556, 2.4954597646843058e-9, 1.0225311465421077e-9, 1.8879928544278435e-9, 4.726134540382531e-9, 4.3563512960193725e-9, 1.191900519854993e-9, 0.21363239875638954, 1.7888816415333662e-9, 0.1648740110173245, 0.21362585163336933, 1.8044192595418986e-9, 1.368187745475536e-9, 1.918183745027039e-9, 1.9946985512717684e-9, 1.0084926955166494e-9, 0.2581284950561586, 0.2581284631873876, 0.16487401755575953, 1.210506134361668e-7, 1.956760231908302e-9, 0.25812849477010463, 1.1676568257982678e-7, 1.6670026591983271e-9, 0.164874017321353, 0.16487401726574066, 9.915518770495043e-10, 1.1205817446845163e-9, 1.2311583069122438e-7, 4.575936148650133e-9, 0.1648740139594939]
v_opt: [0.7198761190012377, 0.7863675972436286, 0.5503732823539093, 0.045638805707943556, 0.04563600879133948]
solution time: 0.013329029083251953
McCormick lower bound: -4.658507034008274

