x_opt: [0.7371961491765157, 0.2628048907034307, 0.737196154146149, 0.19885173139223772, 0.7371961524310731, 0.1988517166976012, 0.8011482787827915, 0.475886401752179, 0.26280394619759945, 0.2628038456227002, 0.20879923350984847, 0.7371960593052154, 0.2628038468988899, 0.1988517231822954, 0.2628038022375062, 0.26280494122486103, 0.1988517150950442, 1.873626458860274e-8, 0.1432712599565108, 0.041424347139232987]
w_opt: [0.7371961435493661, 0.4743923051567945, 8.162313939480387e-9, 4.865858154330078e-9, 0.4743922125875714, 0.2628038310577208, 3.725726021426388e-9, 1.378822987893925e-8, 0.1988517064290847, 1.0793566225890318e-8, 4.544768036052777e-9, 1.0481646885999096e-6, 1.0601980703717293e-6, 0.26280486828963645, 0.2628038415513366, 0.19885171353669123, 1.3953592670576446e-8, 0.26280488722367235, 0.19885172002454687, 0.53834443570759, 0.213082558989769, 1.5104119104614375e-8, 0.4743922286190636, 0.2628049213013944, 1.3072839887966528e-8, 1.603198765819063e-8, 0.1432712569250875, 9.788034176998386e-9, 3.3187113260694643e-9, 1.5523373371559925e-8, 0.1988517266390316, 0.19885172461687156, 0.19885171232868287, 2.8465635732348363e-9, 7.752805261378041e-8, 0.19885171201382298, 3.7205006188690026e-9, 6.223461738242253e-9, 0.26280394337346896, 2.9027345637327118e-8, 9.10156714112571e-9, 3.960435698493577e-9, 8.378820873401381e-9, 0.19885166645741786, 2.596155243119134e-9, 0.19885170299700433, 0.19885170373431457, 7.369552904003095e-9, 0.19885170961458482, 0.19885169591333837, 6.382561813352198e-9, 0.1988517132718986, 4.043063540852926e-9, 1.096701935328001e-8, 0.14327125657584305, 1.0854831358186512e-8, 0.7371960553224343, 0.06395235272894755, 8.314585956176619e-9, 8.17508694652991e-9, 1.2232438270203723e-8, 0.26280394256493983, 4.532652421837575e-9, 0.26280379132415893, 0.19885170936000238, 0.14327125408286998, 6.5848481143899006e-9, 3.2481906123187194e-9, 1.3009285798749193e-8, 0.2628038430222867, 4.689444725579096e-9, 4.179200511469236e-9, 4.5083343680758084e-9, 5.492503723263585e-9, 5.896420868327253e-9, 2.7516583070433758e-9, 0.262803839383278, 9.100045000327908e-9, 0.143271236217869, 0.20879923058092026, 5.604700225046609e-9, 3.0023973316174754e-9, 3.065452406042442e-9, 1.0499616585427329e-8, 4.05127402618678e-9, 0.26280379816709465, 0.2628037861351313, 0.04142433973936384, 0.19885169674578418, 7.470273256734744e-9, 0.2628037967776826, 0.19885169656547116, 5.471261100527091e-9, 0.14327125293828313, 0.04142434360531257, 3.876227662770211e-9, 3.6270839875811705e-9, 0.04142433516369655, 1.45018487279901e-8, 0.04142434274783413]
v_opt: [0.47588639809572125, 0.7371961484104822, 0.5434581801700316, 0.06906587108468812, 0.0435972496454126]
solution time: 0.014407873153686523
McCormick lower bound: -7.129918550275466

