x_opt: [0.6595911860234568, 0.34041344720361455, 0.6595911853421333, 2.0473582418444594e-7, 0.6595911230326668, 0.1378789423179792, 0.8621358835910522, 0.3983848618740731, 0.3404088557741204, 0.3404087870233297, 0.2892211423199945, 0.6595911316011253, 0.3404088273540018, 0.13786412009470486, 0.3404088094175685, 0.340426937460068, 1.9951713762779315e-7, 1.9980584642285177e-8, 0.13786407705649212, 0.1378575051336617]
w_opt: [0.6595911784283451, 0.3191823104933533, 4.503853463746384e-9, 4.373162940803383e-9, 0.31918232018986314, 0.3404088142679536, 4.083450482686028e-9, 3.0892669960802496e-8, 1.9264555766988485e-7, 1.2540060760638708e-8, 3.1082324386002163e-9, 4.634308930955453e-6, 4.584468130131419e-6, 0.3404134190197854, 0.34040878412350395, 0.13786411347509386, 1.6252365714214455e-8, 0.34041344449240596, 1.9528392078292427e-7, 0.5217270706392801, 0.05797605099920038, 7.421208800239099e-9, 0.3191823285904143, 0.3404269220341728, 1.4329174653694796e-8, 1.7190373069580964e-8, 0.13786407383673832, 1.989402809979213e-8, 2.642283688006155e-9, 1.861833892380404e-8, 1.9885818207489417e-7, 1.999184766087039e-7, 1.785017167756438e-7, 2.6052040383380393e-9, 5.489643154596289e-8, 1.9476814262478185e-7, 3.968140618210277e-9, 5.391105126013643e-9, 0.34040885284964034, 2.0067771999653456e-8, 3.793285364464967e-9, 3.43451880406029e-9, 7.241785163039185e-9, 1.6693456074916586e-7, 2.6818278580585567e-9, 0.13787893347315378, 0.1378789295948734, 6.823481404895532e-9, 0.1378789379239514, 0.13786410714543174, 5.01033790815742e-9, 0.13787893962210926, 3.44278058172777e-9, 1.2620263979508534e-8, 0.13786407378960092, 9.207550491778099e-9, 0.6595911278140199, 0.2025448807304309, 9.084687885417848e-9, 1.298472470200444e-8, 9.908104677840892e-9, 0.34040885243643365, 4.182520171305691e-9, 0.34040880102961885, 1.9300322643648619e-7, 0.13786407254941996, 5.294944212430418e-9, 2.2672229845212518e-9, 4.783323416045826e-9, 0.34040882404622286, 6.203340068267704e-9, 3.2257606893893143e-9, 5.1371899410726715e-9, 6.679987906969806e-9, 6.660250916325852e-9, 2.9371691079222787e-9, 0.3404087839528681, 6.660563593426908e-9, 0.13786405207714789, 0.2892211391965233, 5.489509201933032e-9, 3.5620682798065933e-9, 3.5678320271055327e-9, 8.042772956469354e-9, 3.3115929101984663e-9, 0.3404088064322629, 0.3404087804576195, 0.13785750006327274, 1.8842779709136426e-7, 6.76450676037607e-9, 0.3404088053477626, 1.7818823445841405e-7, 6.034869539109907e-9, 0.13786407282044907, 0.13785750060462656, 3.2285703233951334e-9, 3.0086219997121487e-9, 1.8864304101112773e-7, 1.6285238916803997e-8, 0.1378574753532246]
v_opt: [0.3983848588617158, 0.6595911807752651, 0.4350605515400482, 0.1158781471289378, 0.08364896930025087]
solution time: 0.013496160507202148
McCormick lower bound: -5.887768724735158

