x_opt: [0.7673533052608396, 0.23264722373419192, 0.7673534142133585, 0.13044240243484126, 0.7673518786793876, 0.23264724533036832, 0.7673534970865694, 0.6408060583293248, 0.36477579778365005, 0.23264665328978287, 0.2247942863152766, 0.6352241529291542, 0.23264804442767184, 0.23264650673292664, 0.2326467505896463, 0.2786993777513355, 0.13044232415418155, 5.142932379462957e-8, 0.1304423777967095, 0.1304422526245761]
w_opt: [0.7673532883029147, 0.5347051900510068, 2.2505070924291575e-8, 1.1804541610749627e-8, 0.4025774658658398, 0.2326479967392236, 1.5316365616777844e-8, 2.6239230380325135e-7, 0.13044230731935164, 3.285332122785301e-8, 1.151748118364525e-8, 6.434544869200757e-7, 1.9494558308792162e-8, 0.23264714375762105, 0.23264664471050214, 0.2326464807317596, 8.724485814531517e-8, 0.2326472156042851, 0.13044237126283434, 0.5347069182020407, 0.4081594810528855, 8.56159535766269e-8, 0.40257761791446256, 0.27869933595769664, 3.2722354282503944e-8, 4.521841348788688e-8, 0.1304423709224666, 2.4721153615879535e-8, 6.337351019684397e-9, 6.716786681257226e-8, 0.13044239019813197, 0.13044238222533325, 0.13044230701363138, 7.955018748084017e-9, 4.130078984262369e-7, 0.13044231250646685, 9.787013591624917e-9, 2.1141562675052672e-8, 0.36477579273239236, 3.738147722852689e-8, 6.95185086185482e-9, 1.3081057471162565e-8, 1.3716547699935135e-8, 0.1304421421554048, 7.251010421378966e-9, 0.23264720543879178, 0.23264719582380278, 1.7720651253511252e-8, 0.23264723001249174, 0.2326464762016407, 2.0203096608581112e-8, 0.23264723769609139, 1.185836221608753e-8, 3.247523733507507e-8, 0.13044236894247727, 3.137811045341042e-8, 0.6352241416173415, 3.208351324730342e-6, 1.9011008632427383e-8, 2.4720474835527412e-8, 3.667783696243501e-8, 0.3647757896346461, 1.0613287599014573e-8, 0.2326467239735335, 0.13044231060905506, 0.1304423668923566, 1.2259680758803437e-8, 8.652328105989377e-9, 1.3201186436479286e-7, 0.23264803187225228, 1.3004240386174833e-8, 8.751651379521969e-9, 1.2944964757696822e-8, 2.3705088289185592e-8, 2.397833002040849e-8, 7.086592117339595e-9, 0.23264664550873804, 2.0726457909856256e-8, 0.13044231750380678, 0.22479427960345227, 1.718796286992401e-8, 8.551151673277744e-9, 9.061624944035575e-9, 1.9095869954320763e-8, 9.25276900060174e-9, 0.23264674472363076, 0.23264734674939208, 0.1304422389982915, 0.130442290129105, 1.842478351099815e-8, 0.23264674028753504, 0.1304422785413512, 1.4569349728097728e-8, 0.13044236615669813, 0.1304422417990498, 8.640108600796315e-9, 9.385441512216254e-9, 0.13044213325783643, 4.3298812105054005e-8, 0.13044219604578483]
v_opt: [0.6408060521621387, 0.7673534042696927, 0.5888289571015636, 0.05412453573331174, 0.050533464586932336]
solution time: 0.013618946075439453
McCormick lower bound: -5.347772753516956

