x_opt: [0.577191700870341, 0.20942347734140407, 0.8497447992393867, 0.15025521094334743, 0.8497447898473991, 0.15025490561512594, 0.8497447890342369, 0.9054240723335957, 0.8497447888057226, 0.15025496021569343, 0.09457591891718195, 0.8290247126664377, 0.1502549554642347, 0.15025520217294788, 0.1502549055727026, 0.2094234951632024, 0.1502552052641034, 3.6887340854924932e-9, 0.15025489783128587, 0.0945759309498535]
w_opt: [0.5771917000741162, 0.4269364912160284, 1.1655908964799782e-9, 7.431208151025694e-10, 0.40621641423449456, 0.15025495013556192, 7.461080075195335e-10, 2.0985366405321584e-9, 0.15025520394982309, 2.2094770367105783e-9, 6.699565332033116e-10, 0.059168277125050545, 0.05916827100417095, 0.2094234742218491, 0.1502549591940686, 0.15025520077352036, 2.8205612211203976e-9, 0.20942347686725807, 0.1502552087738411, 0.6994895887508444, 0.7551688724539205, 3.617069489147459e-9, 0.6787695154885509, 0.20942349164645196, 7.521536307258386e-9, 3.0330853361489215e-9, 0.1502548973028674, 1.255882345418625e-9, 1.776152883542558e-9, 2.931625724673882e-9, 0.15025521024394173, 0.1502552096682313, 0.150254957128591, 5.744835911913456e-10, 1.5308332320114484e-8, 0.15025520476251195, 5.571797243389312e-10, 1.1005720239207955e-9, 0.8497447883303124, 3.002020661342959e-9, 8.438670350216143e-10, 8.672516489250279e-10, 1.2202378445496218e-9, 0.15025519148183497, 4.5385763579318456e-10, 0.1502549030783694, 0.15025490292936872, 1.2687329300151573e-9, 0.15025490435817077, 0.15025490380775366, 1.0873911544386039e-9, 0.1502549047661389, 8.848846589332013e-10, 2.1957858696224437e-9, 0.1502548971271579, 1.4230195501275638e-9, 0.829024712010385, 5.192123923592816e-8, 6.591233587185307e-10, 9.989778826482579e-10, 2.2670444604135536e-9, 0.8497447880542642, 8.205942717237002e-10, 0.15025490202904765, 0.15025520455808508, 0.15025489704571016, 4.9882447052237e-9, 8.514954914795256e-10, 0.6787695027870756, 0.15025495393425156, 6.532283045745504e-10, 9.130240138699145e-10, 7.538969403293644e-10, 1.0995749982549873e-9, 1.1175324542430605e-9, 4.658060517291835e-10, 0.1502549543150526, 2.222540994929979e-9, 0.15025489141121678, 0.09457591804504249, 9.77543607407178e-10, 4.359221355723312e-10, 7.069220008048932e-10, 1.6813931188812295e-9, 6.630490972204844e-10, 0.15025490450857015, 0.15025494723420463, 0.09457592992793867, 0.15025519221832018, 9.064873184060514e-10, 0.1502549045226551, 0.15025490232810407, 1.0161560925141262e-9, 0.15025489387181584, 0.09457593027720769, 5.693218242082926e-10, 7.657171586554567e-10, 0.09457592865241858, 2.7905521616513223e-9, 0.0945759303880221]
v_opt: [0.9054240717939139, 0.8497447985348524, 0.7220662138909414, 0.02257655419698433, 0.008944606990928706]
solution time: 0.01647210121154785
McCormick lower bound: -4.280347962405562

