x_opt: [0.6841904637928266, 0.31580959471816233, 0.6841904719874032, 0.18651049426124727, 0.684190438101663, 0.1865101967889939, 0.8134896953654221, 0.5021561312858271, 0.3160953943612331, 0.3158095164710943, 0.2091167779064652, 0.6839046009526477, 0.3158095652421646, 0.18651031502036527, 0.3158095579273744, 0.315810887313908, 0.18651035398670074, 4.0407531542218354e-8, 0.019007673289033234, 0.019007503246089883]
w_opt: [0.6841904456583248, 0.3683809077141314, 1.3364499841632857e-8, 9.238654670348083e-9, 0.3680950717490846, 0.31580953379385474, 6.760747006620928e-9, 8.29830791464972e-8, 0.18651033978888054, 2.4966687187668597e-8, 9.311311499236942e-9, 7.171789973872953e-8, 1.1065977320881891e-7, 0.3158095438941346, 0.3158095089893159, 0.18651029892481166, 3.995981632482946e-8, 0.3158095888434543, 0.18651047188646186, 0.49768017260188224, 0.18634660888109822, 3.695159243088772e-8, 0.36809510639745696, 0.315810856310087, 2.454059148396363e-8, 3.5849988947265634e-8, 0.019007668236292904, 1.8882524192857267e-8, 4.939176484860245e-9, 4.185369628867589e-8, 0.18651048573713766, 0.18651048201141465, 0.1865104428044442, 5.508428327045757e-9, 3.214026911117384e-7, 0.18651034921651657, 7.227125422817858e-9, 1.3603575318999408e-8, 0.31609538987645514, 4.373554169780139e-8, 1.5638181859507114e-8, 7.7578328202063e-9, 2.3404952596172442e-8, 0.18651021070777232, 4.853947011758676e-9, 0.18651016428178752, 0.18651017256017013, 1.1472028450006364e-8, 0.18651018686078003, 0.18651015014629121, 1.455521517752492e-8, 0.18651019094124738, 7.845838282956884e-9, 2.4915608639103773e-8, 0.019007667027170435, 2.652643185863081e-8, 0.6839045935304553, 0.12930024448447125, 1.8795529295219884e-8, 1.8527713360772713e-8, 2.27558139406462e-8, 0.31609538863610626, 8.0551725341153e-9, 0.3158095403492744, 0.1865103438862746, 0.019007664380741574, 1.0156431601996477e-8, 6.331344183357733e-9, 3.020459893897716e-8, 0.3158095586539145, 9.048594220133909e-9, 7.1166620061332844e-9, 9.278549521789848e-9, 1.4078346500198095e-8, 1.3547000362331163e-8, 4.7735166347288985e-9, 0.3158095084212461, 1.4726515910138908e-8, 0.01900761179674151, 0.20911677325969588, 1.305036616337669e-8, 5.885148932992172e-9, 5.5875338277643905e-9, 1.3746701655920395e-8, 7.573470395606455e-9, 0.31580954987573484, 0.31580931336220913, 0.019007491470806697, 0.1865102868358962, 1.5563113045414695e-8, 0.3158095495769719, 0.18651030523991965, 1.037703722080485e-8, 0.019007662482198793, 0.019007494575252207, 6.854176333017872e-9, 7.1272875267813675e-9, 0.019007462773537185, 3.394845811204051e-8, 0.0190074783829204]
v_opt: [0.5021561260953956, 0.6841904632031844, 0.46811907982612344, 0.09973566871199988, 0.043732527745220594]
solution time: 0.013597965240478516
McCormick lower bound: -6.678450388945868

