x_opt: [0.6297818542785869, 0.3702181429061552, 0.6297818687080181, 0.0014655899240237846, 0.6297818457118929, 0.13956810618996185, 0.8604319291947098, 0.37021824303062556, 0.37021818541769175, 0.37021813228636236, 0.2111436907563684, 0.6297818069474408, 0.3702181496371737, 0.1395680749184533, 0.3702181414401864, 0.37021815348210296, 0.0014655878398052325, 1.3719529369223308e-8, 0.10213668892237421, 0.1021366694611091]
w_opt: [0.6297818516545569, 0.259563702513637, 4.362174625821054e-9, 4.105546690035461e-9, 0.25956366388717483, 0.3702181388669233, 3.0834024995214126e-9, 2.0212931083676993e-8, 0.001465581714509621, 8.120223533670552e-9, 3.207380160592185e-9, 1.39988595574618e-8, 2.210760701298134e-8, 0.37021812434481344, 0.37021812885160577, 0.1395680675957656, 1.436194584170947e-8, 0.37021813974393225, 0.0014655816662164291, 0.4902138003760763, 1.1407310252473812e-7, 9.807737511451659e-9, 0.25956368640609684, 0.3702181412234553, 1.1620973251566883e-8, 1.1638479501832616e-8, 0.10213668637329779, 8.253031079136708e-9, 2.161942478621348e-9, 1.2039098056733053e-8, 0.0014655855063291686, 0.0014655855606103883, 0.0014655705334131778, 2.351968353535121e-9, 5.450152179638226e-8, 0.0014655842580135574, 3.1657183254578908e-9, 5.429275756037819e-9, 0.37021818292811054, 1.623131085417171e-8, 3.701357707647461e-9, 3.386567704865978e-9, 6.511189685995502e-9, 0.0014655547079857434, 2.3180109424483016e-9, 0.13956809648035395, 0.139568095493651, 5.427514262801221e-9, 0.13956810191188126, 0.13956806421914464, 5.17438297252291e-9, 0.1395681036500019, 3.1093244616530756e-9, 8.008095004154526e-9, 0.10213668574319075, 7.362233469481135e-9, 0.6297818033841559, 0.23065024276938778, 7.610197446325165e-9, 7.27742705769244e-9, 9.86438797009556e-9, 0.37021818262372, 3.5939572288270775e-9, 0.3702181330304705, 0.0014655823885977232, 0.10213668476735518, 4.063908283970098e-9, 2.2719108770391753e-9, 4.571676055050986e-9, 0.3702181471854054, 4.778654243363076e-9, 2.9421110247459218e-9, 3.925812465401159e-9, 5.458274483458186e-9, 5.7246142121564575e-9, 2.500089866052494e-9, 0.37021812921191466, 5.210543071064274e-9, 0.10213666876461318, 0.21114368794186636, 4.295373936989245e-9, 2.8473972828619277e-9, 2.937567210852845e-9, 7.297580453362489e-9, 2.894515558365136e-9, 0.37021813859050934, 0.3702180415011052, 0.10213666479279222, 0.0014655791473968194, 5.931623413228e-9, 0.370218136846508, 0.0014655704411062796, 4.11472753854588e-9, 0.1021366847045313, 0.10213666633203174, 2.8923997724023948e-9, 2.6711526563242237e-9, 0.0014655798683560724, 1.0729679970722883e-8, 0.10213666581302848]
v_opt: [0.3702182402618203, 0.6297818647039264, 0.39662520486693126, 0.13706153808981822, 0.04458269231324623]
solution time: 0.014599084854125977
McCormick lower bound: -6.8761904164073195

