x_opt: [0.7425767443030995, 0.3251148794295247, 0.742576749208445, 0.16927665367246877, 0.7425767463165134, 0.1719793722183767, 0.828020682482399, 0.4207981584967944, 0.25742331136416674, 0.2574232487652849, 0.2574195239667204, 0.7425766814567221, 0.2574232515199784, 0.17197931651158205, 0.2574232353139311, 0.32511492511940937, 0.16927664940995873, 1.314845908869919e-8, 0.1719793009180775, 0.17197908436673778]
w_opt: [0.742576740683855, 0.48515349304311023, 4.682569640178827e-9, 3.0149032059292006e-9, 0.4851534282122162, 0.25742324121073273, 3.0475586839056777e-9, 1.1966094408761093e-8, 0.16927664345816007, 7.722567516888939e-9, 2.3625602412414666e-9, 0.06769163098629499, 0.06769164019143871, 0.32511486199334577, 0.25742324625736845, 0.17197931116065618, 1.0292966101071367e-8, 0.3251148765658761, 0.16927664546970467, 0.5705974335902034, 0.16337491008931815, 8.62218866215087e-9, 0.48515344045357556, 0.32511491057046793, 9.585763234229178e-9, 1.0984577717875143e-8, 0.17197929847385776, 7.121771926274162e-9, 2.459549199407165e-9, 1.3460452891612597e-8, 0.1692766495139772, 0.16927664980914778, 0.16927663804431478, 1.941696785751221e-9, 6.341296737217127e-8, 0.16927664655250657, 2.790093548280374e-9, 4.204870421151583e-9, 0.2574233092394248, 2.491651195974427e-8, 5.449970208348231e-9, 2.5096492412025327e-9, 5.535999423386461e-9, 0.16927661717173245, 1.969830503260929e-9, 0.17197936550355214, 0.17197936132835648, 5.986938648300667e-9, 0.17197936820355456, 0.17197930665456337, 3.7369836447976076e-9, 0.17197937008099287, 2.6907997818244264e-9, 7.937573148318779e-9, 0.17197929837165102, 7.0092503320026175e-9, 0.7425766788936542, 0.08544415300397178, 5.123294290005969e-9, 8.32307273582509e-9, 1.1363563242583326e-8, 0.25742330845635797, 3.1551289294701826e-9, 0.2574232278150933, 0.16927664486369842, 0.17197929693761105, 4.784529646416964e-9, 1.7920991013541581e-9, 3.881021646028241e-9, 0.2574232492207366, 3.9518890012582995e-9, 2.6785740029500836e-9, 3.3344863064960113e-9, 3.970571897232059e-9, 4.371383246445182e-9, 1.956957552652675e-9, 0.2574232450743306, 5.993836614339584e-9, 0.171979283554939, 0.25741952182416244, 3.797334349107698e-9, 2.3396275216711445e-9, 2.234525485820052e-9, 6.105331289885694e-9, 2.5251946672272814e-9, 0.2574232329133782, 0.2574232084276037, 0.17197908001540535, 0.16927664087260966, 4.722526661224216e-9, 0.2574232313624558, 0.16927663530514742, 4.399571362643556e-9, 0.17197929718119953, 0.1719790821504291, 2.5585255422580792e-9, 2.2645096930644793e-9, 0.16927664223429145, 1.0144033941912564e-8, 0.17197907705826224]
v_opt: [0.42079815554401123, 0.7425767456692389, 0.5514211740379146, 0.06626709302305663, 0.06626483194778233]
solution time: 0.014165878295898438
McCormick lower bound: -5.784986623535181

