x_opt: [0.6515133225831766, 0.34848758093412896, 0.6515133231664741, 3.1106976999284734e-7, 0.651513327767917, 0.14007620021023814, 0.8599238859977267, 0.37739900126696796, 0.34848667188266563, 0.34848665824666136, 0.24788528561990567, 0.6515133185384181, 0.348486660904333, 0.14007611368994372, 0.34848665722091565, 0.3484876131252548, 3.071238460784144e-7, 7.833626868294383e-9, 0.1400761050423082, 0.1237737607143673]
w_opt: [0.6515133188921526, 0.3030266514941712, 1.98744124354446e-9, 1.6489489575853983e-9, 0.30302664243448907, 0.34848665555654174, 1.488748840740505e-9, 6.565574150507826e-9, 3.0395833719955496e-7, 4.741001044236196e-9, 1.3594032578255648e-9, 9.052677521934559e-7, 9.15629572320831e-7, 0.3484875699920983, 0.3484866569669621, 0.1400761107495761, 5.174355285622906e-9, 0.3484875794759781, 3.067835922774295e-7, 0.5114372101574579, 0.02891232553766476, 3.2747078453303883e-9, 0.3030266468526552, 0.34848760577946036, 5.885699621134684e-9, 6.797937889005457e-9, 0.14007610384348723, 5.306208978610034e-9, 1.2494476766518666e-9, 7.372575561330391e-9, 3.0893275431388896e-7, 3.089645591520439e-7, 3.0200734568558814e-7, 9.891152034992984e-10, 4.350221726409342e-8, 3.055381265287886e-7, 1.5331163495121994e-9, 2.1735622797970346e-9, 0.34848667073473877, 1.1204170279484113e-8, 2.57085624515943e-9, 1.3291430733787165e-9, 3.6748375178732994e-9, 2.8976356115738e-7, 9.780556019281333e-10, 0.14007619632615168, 0.1400761950684801, 2.890954953036435e-9, 0.1400761980467484, 0.1400761079166936, 2.0122281479340246e-9, 0.14007619913633587, 1.3756596767369789e-9, 4.882708252709214e-9, 0.14007610382692826, 4.086067336723396e-9, 0.6515133171860363, 0.20841069242539126, 3.235763843825555e-9, 6.57654438587423e-9, 6.760804435977169e-9, 0.3484866705215226, 1.6675129732183724e-9, 0.3484866538525043, 3.046776474768513e-7, 0.14007610292400563, 2.551959777616366e-9, 9.377845037930837e-10, 1.910214744882472e-9, 0.34848665968042014, 2.033845276417897e-9, 1.4122643579392534e-9, 1.8298073365957775e-9, 2.0502551200112746e-9, 2.240079948554737e-9, 1.0489160684831015e-9, 0.34848665666127376, 3.139794572382204e-9, 0.14007609413679994, 0.24788528456043027, 2.167018607161589e-9, 1.2233050759447938e-9, 1.1495475480301894e-9, 3.757533383010908e-9, 1.416051856041848e-9, 0.34848665568704773, 0.3484866358921672, 0.12377375825443238, 3.0281856065417993e-7, 2.789035842557153e-9, 0.3484866553038611, 2.996976551115766e-7, 2.3699523380227105e-9, 0.14007610306786097, 0.12377375948647955, 1.3899397920891013e-9, 1.2175099212858112e-9, 3.031098483081504e-7, 6.32049489523808e-9, 0.12377375554264218]
v_opt: [0.37739899976247465, 0.6515133211890541, 0.4244697504013821, 0.12144296293467066, 0.06144718658743677]
solution time: 0.014297008514404297
McCormick lower bound: -6.8112863905355905

