x_opt: [0.7925465685868615, 0.2074533745074579, 0.7925466485569006, 1.7675147438911602e-7, 0.740466449607098, 0.25953281248383586, 0.7925466251260157, 0.7239987260222555, 0.47600843062189535, 0.20745334846819488, 0.20745342776252698, 0.5239915698173012, 0.2595335385484885, 0.20745337454063625, 0.25953352493594606, 0.2595336052025495, 1.753462159709855e-7, 4.8081737686068595e-9, 0.16815622234580804, 0.16815622428193622]
w_opt: [0.7925465678723007, 0.5330130186953489, 1.5114510106571445e-9, 1.9922153152611776e-9, 0.31653813891911176, 0.25953353357911235, 1.4600098292778768e-9, 0.05208012352691481, 1.73668762316037e-7, 3.2316942370454266e-9, 7.971532115891375e-10, 2.352742134680352e-8, 8.344575349085392e-9, 0.20745336494502273, 0.20745334762538248, 0.2074533680090722, 2.398149127631553e-8, 0.20745337362137536, 1.7385264874146502e-7, 0.5850932745168042, 0.5165453753931288, 3.0525773698497715e-9, 0.3165382234722337, 0.25953360105958495, 5.515830926692836e-9, 4.155644908227471e-9, 0.1681562215114801, 3.435969878548785e-9, 4.2612179854433576e-10, 7.748943340462541e-9, 1.7513658521656458e-7, 1.7530815606258957e-7, 1.62970782822475e-7, 9.148048908589669e-10, 2.592248677013456e-8, 1.7402819917443316e-7, 9.417067002429134e-10, 2.4909092480786387e-9, 0.47600843012460947, 6.325957069972375e-9, 6.261469540171007e-10, 1.3731134106669918e-9, 1.855430157112949e-9, 1.6116803471272965e-7, 1.1712967391341444e-9, 0.2595328089097327, 0.2595328069150037, 2.2457597290007904e-9, 0.2595328114132071, 0.20745336948179538, 2.7029976444037703e-9, 0.25953281174073367, 1.3332903192263883e-9, 3.131041596826224e-9, 0.16815622072548767, 2.835045985139323e-9, 0.5239915682637603, 0.052080238519738066, 1.868397708783778e-9, 3.9594075278844885e-9, 7.912999647083219e-9, 0.4760084296709265, 1.1915864541933869e-9, 0.25953352131645907, 1.7356395227413884e-7, 0.16815622138144476, 9.679404783467856e-10, 8.223841079485728e-10, 3.0055113615211928e-9, 0.259533537587896, 2.7602447886531514e-9, 8.379195239792808e-10, 1.5518428176966747e-9, 6.062291902948598e-9, 4.966407984784367e-9, 9.715859868134233e-10, 0.2074533472341002, 1.7984651161064853e-9, 0.16815621380134, 0.2074534262322454, 1.8637049068529296e-9, 1.2569394478559882e-9, 1.8189089332857548e-9, 2.0130590831972455e-9, 7.991091009736886e-10, 0.25953352447013317, 0.25953349094524963, 0.1681562231924818, 1.6827951349662204e-7, 1.8569764793599202e-9, 0.25953352389483175, 1.6380897618316915e-7, 1.3985645672581978e-9, 0.1681562213114968, 0.1681562232291808, 8.776729344984736e-10, 8.773814845700799e-10, 1.7065879183580725e-7, 4.066193180911411e-9, 0.16815621932902652]
v_opt: [0.7239987254001408, 0.79254664781733, 0.5482905926614796, 0.04303689594453247, 0.04303692515865477]
solution time: 0.014102935791015625
McCormick lower bound: -4.608661682048813

