x_opt: [0.7993917886227858, 0.20060828061503402, 0.7993917927741113, 0.2004295031634769, 0.7993917900693518, 0.20060564645291273, 0.7993943621315263, 0.5471191996779428, 0.2806646131036929, 0.20060820662970946, 0.20060820850856428, 0.7193353857182135, 0.200608207554852, 0.20060563759418323, 0.2006081919462409, 0.333395015504169, 0.2004295011275635, 3.969595976215572e-9, 0.20060557715199234, 0.20060553783326496]
w_opt: [0.7993917874390143, 0.5987835792222912, 1.4746519444735657e-9, 1.3033493039459516e-9, 0.5187271750367176, 0.20060820399090148, 9.944058735365905e-10, 4.2997860933668636e-9, 0.20042949946901548, 2.399219379926114e-9, 7.143289408701582e-10, 7.397410514791697e-8, 7.65412154275199e-8, 0.20060827529090072, 0.2006082058435796, 0.20060563598664902, 4.1140440448045295e-9, 0.20060827989053312, 0.20042950069489368, 0.5987861555067548, 0.34651099323608664, 3.3337696595005453e-9, 0.5187271817192237, 0.33339501141693667, 3.111333767942666e-9, 3.298290925510802e-9, 0.2006055764154075, 2.3895164887969933e-9, 6.423580675738517e-10, 4.1845690542395354e-9, 0.2004295019004073, 0.2004295020279351, 0.20042949775747268, 6.368610307889641e-10, 1.9005516215007928e-8, 0.20042950023212452, 8.368701684022212e-10, 1.425742197470726e-9, 0.280664612523945, 7.586263744539526e-9, 1.0699313495749213e-9, 8.157372204958625e-10, 1.4551233145621045e-9, 0.2004294909622271, 6.555160612096785e-10, 0.20060564434533748, 0.20060564281536264, 1.769428989412358e-9, 0.2006056454118304, 0.20060563330576112, 1.2540265267854178e-9, 0.20060564578325626, 9.091898396496579e-10, 2.3981494689960455e-9, 0.20060557630588605, 2.021746649272249e-9, 0.7193353848708842, 2.6180946513434792e-6, 1.42755358337334e-9, 1.9628281987694834e-9, 3.809582393159565e-9, 0.28066461219653177, 9.525472885173384e-10, 0.20060818939301509, 0.20042949979725197, 0.20060557609887983, 1.270954174205571e-9, 6.086057047599404e-10, 1.6569781861190317e-9, 0.20060820690383144, 1.3030509513429383e-9, 7.932508289444622e-10, 1.0693918919644817e-9, 1.5532283378134391e-9, 1.6204767925916716e-9, 6.262641707866029e-10, 0.2006082053114904, 1.7396634050091936e-9, 0.20060557158575631, 0.2006082077891251, 1.1797827286065723e-9, 7.385577659199459e-10, 7.888468076508851e-10, 1.6250304904823353e-9, 7.486511620110011e-10, 0.20060819131200658, 0.20060819582783232, 0.20060553669870146, 0.20042949786025382, 1.3670438739654504e-9, 0.20060819087414475, 0.2004294962443006, 1.306938084330567e-9, 0.20060557606762613, 0.20060553708213819, 7.475400894220889e-10, 7.189294772987431e-10, 0.20042949798355017, 3.1017637562294643e-9, 0.20060553629077957]
v_opt: [0.5471191988983237, 0.7993917918544841, 0.6390272924751674, 0.04024375969460046, 0.04024365922232412]
solution time: 0.014703035354614258
McCormick lower bound: -5.0013156213293835

