x_opt: [0.6375901770966802, 0.3624098535053357, 0.6375901969769305, 5.763228336737702e-7, 0.6375900569295219, 0.1574576986463532, 0.8854744129742342, 0.3677671413295592, 0.36241008009043535, 0.362409784046307, 0.23427639985475096, 0.637589900872825, 0.3624099318808994, 0.11452559433233027, 0.3624099269629906, 0.36241002741655165, 5.698882239644164e-7, 1.1186234683419011e-8, 0.11452300211671444, 0.11452300128003672]
w_opt: [0.6375901753567679, 0.2751802354522816, 2.4942803423658847e-9, 2.5799218926260195e-9, 0.27518007940798916, 0.3624099240804061, 2.086118399008588e-9, 1.1540825694113844e-7, 5.658993762332148e-7, 7.233019885323851e-9, 1.8889173962117218e-9, 5.1695794059795466e-8, 2.579342381389208e-8, 0.36240982969979385, 0.36240978228029597, 0.11452558973417015, 2.4091824473015946e-8, 0.3624098517425416, 5.701651433047744e-7, 0.5230646115871638, 0.005357339672606059, 3.1479528413975865e-9, 0.2751801078328876, 0.362410018664078, 1.0852074789897204e-8, 9.794478303360575e-9, 0.11452300042485675, 6.3326160681938214e-9, 1.1616727956963543e-9, 1.5392249299453037e-8, 5.731587201292395e-7, 5.73850161813012e-7, 5.537319326823097e-7, 1.5303320360000722e-9, 7.241879621672031e-8, 5.674602551719134e-7, 2.1968945040981043e-9, 5.004597565867353e-9, 0.36241007859208274, 1.1537592875769727e-8, 1.467384412854874e-9, 2.1978414051307093e-9, 4.313826126724746e-9, 5.439146538501754e-7, 1.6575944018102943e-9, 0.1574576902298674, 0.1574576908678613, 3.69722486128899e-9, 0.1574576963833296, 0.11452558560538109, 4.519198650193049e-9, 0.1574576971642958, 2.158358291843366e-9, 7.168671532558774e-9, 0.11452299999845482, 7.34807847493131e-9, 0.6375898985092091, 0.24788459928871934, 9.438659333743988e-9, 5.653229273629098e-9, 9.699808436487737e-9, 0.3624100784452515, 2.3915878031782113e-9, 0.36240992308051456, 5.660110809240849e-7, 0.11452299947140944, 2.4432109049046634e-9, 1.3751934762015373e-9, 1.8623037807191227e-9, 0.3624099305721945, 4.160086197710197e-9, 1.7959080702565697e-9, 3.205842155085073e-9, 6.296780048342433e-9, 5.976258917397094e-9, 1.746077926499779e-9, 0.3624097823043873, 3.3043717574392765e-9, 0.11452297788823262, 0.23427639842022963, 3.852630837182856e-9, 2.0741053961669267e-9, 2.746554669668449e-9, 9.469406134379341e-9, 1.8529167877189004e-9, 0.36240992548113427, 0.36240983636412627, 0.11452299865465, 5.639143763725087e-7, 4.88481733594856e-9, 0.3624099243083965, 5.514536688152973e-7, 3.191038245927066e-9, 0.1145229998363203, 0.11452299877392551, 1.8380123116200135e-9, 1.7596703493821102e-9, 5.581073222474863e-7, 9.432205313817717e-9, 0.11452299400415783]
v_opt: [0.36776713972521596, 0.637590194737224, 0.4065211611639219, 0.13134087957035398, 0.05488543887108157]
solution time: 0.014930963516235352
McCormick lower bound: -6.178426726223821

