x_opt: [0.6834447716443713, 0.316556764419902, 0.6834449877185975, 0.1863077149117161, 0.6834448759966643, 0.18633005937682448, 0.8136706452315194, 0.5010582485096842, 0.3165614331367916, 0.3165549579627024, 0.2077203990096819, 0.683438749744321, 0.3165550487807064, 0.18632936032367414, 0.31655502818503484, 0.3165569642030695, 0.186307684887412, 1.023119233813156e-7, 0.018438227604653686, 0.018437680149290696]
w_opt: [0.6834446689899898, 0.3668896606127804, 1.5728359629441696e-8, 1.9575078968111443e-8, 0.36688353610267604, 0.31655497988105336, 1.4298185041388779e-8, 1.1082693223049178e-7, 0.18630765234929147, 6.530493035915417e-8, 1.8510815387007623e-8, 1.7618366546137795e-6, 1.9621835292574577e-6, 0.3165566515717182, 0.31655494224915076, 0.18632933243006458, 8.776585244885677e-8, 0.31655675132630595, 0.1863076647577611, 0.4971156442822798, 0.18450324759668588, 1.286997613624814e-7, 0.36688380867894643, 0.31655688973494156, 8.518826172807832e-8, 9.201085283079248e-8, 0.01843821605454913, 3.584677900334251e-8, 1.0875321667925153e-8, 8.807398963449251e-8, 0.18630769530855762, 0.18630769145597018, 0.18630761382193115, 1.1932650819933087e-8, 8.847184676518075e-7, 0.18630767189955746, 1.675572866023922e-8, 3.2633758869923134e-8, 0.3165614226571391, 6.485327831995794e-8, 2.038574299618433e-8, 1.421697068825286e-8, 4.322278825964433e-8, 0.18630735281909838, 1.0617432969107839e-8, 0.18632999337382564, 0.18633001433633187, 2.121472691224438e-8, 0.18633004098738348, 0.18632920693391672, 2.9696373539058736e-8, 0.18633004649909365, 1.718628976723222e-8, 6.537655682033438e-8, 0.018438213647608934, 5.43262764456203e-8, 0.6834387347119621, 0.13022933138205067, 3.021675378831603e-8, 2.9492913762929048e-8, 4.6696687733065155e-8, 0.31656142006721893, 1.7665231621657528e-8, 0.3165549874397478, 0.18630766168242435, 0.018438206153649696, 2.2886991570944416e-8, 1.3497205037456519e-8, 2.5903371844643475e-7, 0.3165550370530266, 1.994181735614631e-8, 1.5893382460672902e-8, 2.1585565152433613e-8, 2.9221043628454684e-8, 2.856735507009715e-8, 1.0758247791658558e-8, 0.3165549470824032, 3.29728297741527e-8, 0.018438102448171036, 0.207720388309102, 2.849684421889111e-8, 1.2437436846940661e-8, 1.1915565122484534e-8, 3.1132837540147626e-8, 1.7056043020126047e-8, 0.3165550100299177, 0.31655375813936765, 0.018437655379046482, 0.18630764170994718, 3.4608234549972844e-8, 0.3165550097818551, 0.18630757580409757, 2.4063812510471317e-8, 0.01843820157172435, 0.018437664242324674, 1.5146794987554116e-8, 1.605449604420426e-8, 0.018437590049689697, 8.734181001461877e-8, 0.01843748453472213]
v_opt: [0.5010582360686646, 0.6834449677129849, 0.46709691506302686, 0.10020728913701428, 0.04314865110683568]
solution time: 0.013808965682983398
McCormick lower bound: -6.867640186929194

