x_opt: [0.7362851823781283, 0.340396400532084, 0.7362851871487334, 0.17202302449515194, 0.7362851901467448, 0.17202297592838287, 0.8279770181225686, 0.3986006759408069, 0.2637149850505169, 0.2637148228886036, 0.22364047383642557, 0.7362850086981634, 0.26371482008260005, 0.17202297518030857, 0.26371479634428013, 0.34039641710094143, 0.17202295205137733, 7.96920073195936e-9, 0.1720229690799216, 0.17202291940350117]
w_opt: [0.7362851730462828, 0.4725703736017542, 8.417143831124667e-9, 1.1315198018712238e-9, 0.472570192767963, 0.26371481431056093, 1.5244973119062448e-9, 6.126231211792127e-9, 0.17202294869951837, 4.7680763456191725e-9, 1.3960410289416662e-9, 0.076681588877075, 0.07668159803065937, 0.34039639004139993, 0.26371482207900726, 0.17202297251509024, 5.2640387562273084e-9, 0.34039639849399583, 0.1720230201181848, 0.5642622061706076, 0.13488586431023586, 3.411337591095624e-8, 0.47257020167389985, 0.34039640682164035, 4.769378236665098e-9, 6.9540726536727164e-9, 0.1720229679540562, 3.7810126678392095e-9, 1.4172258036287698e-9, 7.486026888445764e-9, 0.1720230226055721, 0.17202302216278517, 0.17202301819994908, 9.353213418357915e-10, 7.714961582886584e-8, 0.1720229512213771, 1.4105350911465412e-9, 2.041355250834155e-9, 0.26371498404382415, 2.4175243185336604e-8, 1.2650809839231715e-8, 1.3065335689063833e-9, 3.316456882184174e-9, 0.17202293514988834, 8.705672030222253e-10, 0.17202297217077245, 0.1720229712366849, 2.5339552979825648e-9, 0.1720229734532453, 0.17202296113430354, 2.0638458788853844e-9, 0.17202297489120716, 1.3610481781540957e-9, 5.024470089321772e-9, 0.1720229677474704, 4.58778672959378e-9, 0.7362850075789761, 0.09169197050828644, 2.1854565568790178e-9, 1.0514415715147291e-8, 5.013680347089801e-9, 0.2637149834442693, 1.6321682547599472e-9, 0.2637147928754798, 0.17202294991622197, 0.17202296683885912, 3.133608008821528e-9, 9.374809792297767e-10, 2.268852873160722e-9, 0.2637148188133653, 1.8348877335476913e-9, 1.4834403951778138e-9, 1.682515350637008e-9, 1.8068726137976406e-9, 2.0614141580442387e-9, 8.722070984810476e-10, 0.2637148185299686, 4.0489451047704724e-9, 0.1720229632436839, 0.2236404729557154, 2.2481332126691818e-9, 1.1068054500520557e-9, 9.36685682900612e-10, 3.192953916521468e-9, 1.4284998559339697e-9, 0.2637147951216922, 0.2637147957106306, 0.17202291689479293, 0.1720229468170877, 2.6721160571729997e-9, 0.2637147945885004, 0.17202294559562578, 2.4853929561249887e-9, 0.1720229672025249, 0.1720229179156837, 1.4368673343631975e-9, 1.2000423696377825e-9, 0.17202291020187105, 6.46455255001133e-9, 0.17202289878984664]
v_opt: [0.3986006744412111, 0.7362851850238925, 0.5421159135478445, 0.06954550903334235, 0.05001531290387009]
solution time: 0.013831138610839844
McCormick lower bound: -6.685327323634384

