x_opt: [0.7728739027856139, 0.22712603018107885, 0.7728760586199058, 2.2477995860190124e-6, 0.7728727159383555, 0.22712718355371364, 0.7728739609447649, 0.6269354158515678, 0.41957582274879224, 0.22712380831222853, 0.22712558629528715, 0.5804240732671069, 0.2271272507445224, 0.22712603230202455, 0.22712558712322622, 0.2951906726294574, 2.2292805134437673e-6, 4.477595798522966e-8, 0.227124127608037, 0.2271240573109693]
w_opt: [0.7728738972592183, 0.5457466229335197, 9.201830494933551e-9, 8.569512731339635e-9, 0.3532979812596598, 0.22712721333599936, 1.5742620324570884e-8, 8.937175955464066e-8, 2.214625937684608e-6, 2.93230932693299e-8, 5.057369777472278e-9, 2.0938405978819866e-6, 8.86071262476556e-8, 0.22712595821247372, 0.2271238016409372, 0.22712601716203412, 8.237498092538829e-8, 0.22712602320559486, 2.2219362853198414e-6, 0.5457500254270337, 0.3998114843390978, 2.4537822141236623e-9, 0.3533001713237187, 0.2951906257075634, 2.7211683241207515e-8, 3.639281338663609e-8, 0.2271241191702818, 1.3980983649756454e-7, 5.6757729409131e-9, 7.728524571642198e-8, 2.2324360836114567e-6, 2.2397423909972184e-6, 2.176247219182355e-6, 6.186317823241127e-9, 2.7254051260590547e-7, 2.219050104667567e-6, 8.31216706543835e-9, 1.51805989839715e-8, 0.41957581734723476, 8.791270498098439e-8, 7.353077100368178e-9, 7.109960458575408e-9, 1.1060652022165347e-8, 2.1060837711090645e-6, 7.251778950071229e-9, 0.2271271666448116, 0.22712711511259515, 2.0536024265493875e-8, 0.22712717344732014, 0.22712600969118674, 1.1209234615703624e-8, 0.22712717739252683, 9.089154027506851e-9, 2.9377298708685052e-8, 0.22712411865330284, 1.9651281726177633e-8, 0.5804240659069178, 3.6516431867047658e-6, 1.1382292632965212e-8, 1.8951063437713367e-8, 6.16681387265925e-8, 0.4195758132299167, 8.8507374460475e-9, 0.22712556089206967, 2.2159373494726902e-6, 0.22712411837479446, 1.0822662781378161e-8, 4.881876298529725e-9, 1.1415803917682749e-8, 0.22712724475185206, 1.5756418943953852e-8, 6.65619172825911e-9, 1.1633449589728395e-8, 1.9664340440773313e-8, 2.299071458231103e-8, 6.23151950239888e-9, 0.22712380005179675, 1.5928629592171865e-8, 0.22712365474219215, 0.2271255771326277, 1.2286694921272511e-8, 7.691245485341463e-9, 9.426165713939306e-9, 1.3670768851881175e-8, 6.218912167802768e-9, 0.22712558209321393, 0.22712703278038718, 0.22712404866440034, 2.1529653663070777e-6, 1.148211051912079e-8, 0.22712557673519712, 2.1595993830754575e-6, 1.56059549699062e-8, 0.2271241191481517, 0.22712405075771297, 6.279115103080515e-9, 6.5802104835303105e-9, 2.2133323830288566e-6, 3.611450469774133e-8, 0.2271240484864656]
v_opt: [0.6269354082054494, 0.7728760516329016, 0.5973323005898449, 0.05158524879834405, 0.051586046529609596]
solution time: 0.012403011322021484
McCormick lower bound: -3.928284497255676

