x_opt: [0.772873481690587, 0.22712678852184306, 0.772873488681606, 2.957482360790354e-7, 0.7728734883718085, 0.22712623438271326, 0.7728738018536779, 0.6269296794004148, 0.4195734295462244, 0.22712650620474478, 0.22712650425417324, 0.5804265485961535, 0.22712650897323577, 0.22712619717388258, 0.22712649058863693, 0.29519256476792416, 2.928778825898816e-7, 8.04305216536589e-9, 0.22712616581286207, 0.2271261374014516]
w_opt: [0.7728734801836696, 0.545746971145665, 2.1065559080677135e-9, 2.356261887765933e-9, 0.35330003160430584, 0.22712650240379148, 2.1434489306963554e-9, 8.032705965606249e-9, 2.895821934660543e-7, 4.881975607461741e-9, 1.282786429332801e-9, 2.784250368580447e-7, 2.8891458648892105e-7, 0.2271267774739305, 0.22712650469832046, 0.22712619415044066, 8.375614635452003e-9, 0.22712678698402208, 2.90829688372204e-7, 0.5457472917695871, 0.39980316973844277, 3.740563042553701e-9, 0.353300043350636, 0.295192556822552, 5.686039402942968e-9, 6.548657249123257e-9, 0.22712616418142134, 4.2880700980686616e-9, 1.3408282414911017e-9, 8.926778201030114e-9, 2.929025155979444e-7, 2.936835452116085e-7, 2.8495032714610444e-7, 1.2623673793687817e-9, 3.398309992651154e-8, 2.910016548334979e-7, 1.7476997251906891e-9, 2.7308950701861983e-9, 0.4195734282662553, 1.6166374002170675e-8, 1.986337957764592e-9, 1.5849942789332455e-9, 2.916248175780801e-9, 2.737405853326042e-7, 1.3555322321271545e-9, 0.22712623055963876, 0.22712622690542494, 3.6204158189502038e-9, 0.22712623229465148, 0.22712619106906565, 2.2729663158120445e-9, 0.22712623304897642, 1.6994376480302767e-9, 4.9472044805838064e-9, 0.22712616401812025, 3.7234963662895105e-9, 0.5804265469690637, 5.075379132369435e-7, 2.619637979187623e-9, 4.1712871640046636e-9, 8.736531144257837e-9, 0.41957342766640904, 1.9189588803512913e-9, 0.2271264857379773, 2.9005219264393667e-7, 0.22712616365101232, 2.4890878908344913e-9, 1.0655921399305775e-9, 2.3672738905730827e-9, 0.22712650766943396, 2.8022771529841557e-9, 1.5232933971070027e-9, 2.225433803385807e-9, 2.982276415245609e-9, 3.2511380833730607e-9, 1.264666902653271e-9, 0.22712650420936373, 3.280907458419864e-9, 0.22712615235567118, 0.22712650263670617, 2.3060632060684364e-9, 1.5681014313888246e-9, 1.6079300147226315e-9, 3.1292101117170765e-9, 1.4230445491383945e-9, 0.22712648928749143, 0.2271264812270575, 0.2271261351638734, 2.863864461194796e-7, 2.6383582016525532e-9, 0.22712648828596183, 2.834438644358175e-7, 2.790706132818532e-9, 0.22712616372320243, 0.22712613596148187, 1.4421190621237014e-9, 1.3765815285832495e-9, 2.889332949768049e-7, 6.206090392944624e-9, 0.22712613543893045]
v_opt: [0.6269296776712612, 0.7728734868336192, 0.5973334584496627, 0.0515864568770695, 0.0515864557110601]
solution time: 0.015259027481079102
McCormick lower bound: -4.786025272989485

