x_opt: [0.634565263165512, 0.36543473528165543, 0.6345652691908639, 0.03501485233691188, 0.6345652633764369, 0.19541354132254352, 0.913280323902097, 0.36543474400890313, 0.3654347385738006, 0.36543473564834306, 0.20238673757157544, 0.6345652574152323, 0.3654347365884175, 0.08671969053886881, 0.3654347328610039, 0.3654347351996699, 0.035014851685579655, 3.4416369012290683e-9, 0.08671902223925193, 0.08671902115125027]
w_opt: [0.6345652623883767, 0.2691305280083149, 1.367478595515482e-9, 1.0057697666223742e-9, 0.2691305213542433, 0.3654347339958682, 7.295275847897852e-10, 3.837560375707767e-9, 0.035014849874590616, 1.9690663815034116e-9, 9.010379914358498e-10, 5.280135885712725e-9, 7.456408280594257e-9, 0.36543472969799784, 0.36543473449553887, 0.08671968858483756, 2.9875047884591374e-9, 0.36543473380920594, 0.03501485008290399, 0.5478455936413711, 1.3746643822139363e-8, 6.4978113203753485e-9, 0.2691305293837536, 0.3654347311285898, 3.3304396143624944e-9, 2.961468813203589e-9, 0.08671902162902616, 2.407653460516424e-9, 6.41887309779742e-10, 3.619510929604999e-9, 0.035014851263244266, 0.03501485107509532, 0.035014847852982256, 5.342835803173244e-10, 2.030800470266747e-8, 0.035014850838366106, 8.080104174069503e-10, 1.2785902541348214e-9, 0.36543473791098047, 6.447357756044671e-9, 2.3769702407380587e-9, 7.701306955042005e-10, 2.1484219326707234e-9, 0.03501484190211222, 5.25804933627873e-10, 0.19541353877323123, 0.19541353877980658, 1.4820093879218124e-9, 0.19541354003089156, 0.08671968775029694, 1.2751996534700473e-9, 0.1954135407395953, 7.419622543391609e-10, 2.0163839441733286e-9, 0.08671902158491793, 2.6783755019264224e-9, 0.6345652566229952, 0.27871511984130026, 1.5253718621697323e-8, 2.3056822921775884e-9, 2.703115615828225e-9, 0.3654347377737222, 9.365075524977957e-10, 0.36543473064641663, 0.035014850264055535, 0.08671902093217268, 1.3289321604423501e-9, 5.401974976174505e-10, 9.605232313728808e-10, 0.36543473589217096, 1.1054285386066052e-9, 8.034211695152173e-10, 9.28084266304737e-10, 1.0827731115826355e-9, 1.2028563303143759e-9, 5.840478239450118e-10, 0.3654347347554146, 1.5729174015695988e-9, 0.08671901760083355, 0.20238673739090782, 1.111042363434914e-9, 6.706912063694568e-10, 5.92090537348598e-10, 2.3294291174829288e-9, 8.007106334595141e-10, 0.3654347321331518, 0.3654347063167091, 0.08671901964188367, 0.03501484975885414, 1.8283907656783114e-9, 0.36543473147298844, 0.03501484768281109, 1.0807585114394503e-9, 0.08671902111432721, 0.08671902044153193, 8.174729367413182e-10, 6.554371365889086e-10, 0.03501484870969985, 2.705990173935107e-9, 0.08671901888495834]
v_opt: [0.36543474325293585, 0.6345652678871165, 0.40267307551441617, 0.1335427098614397, 0.04096040694365712]
solution time: 0.017332077026367188
McCormick lower bound: -9.446450294710514

