x_opt: [0.7953174812535437, 0.20468251377393742, 0.7953174886190272, 0.20468251173214436, 0.7953174876006573, 0.16292920773410585, 0.7953175059551199, 0.8942078929496307, 0.6838308329628877, 0.20468251103477014, 0.073664531943434, 0.7953172929461283, 0.20468251069954382, 0.20468249402320518, 0.20468250833454882, 0.2046825150007162, 0.20468250965859056, 9.651800349221892e-10, 0.10579209882544302, 0.10579209617384523]
w_opt: [0.7953174810355743, 0.5906349690153632, 3.0798698983040763e-10, 2.367276180297811e-10, 0.5906347744051049, 0.20468250954906939, 1.8442845035892884e-10, 7.354496413592398e-10, 0.2046825092700315, 5.843680043301634e-10, 2.4185614068238885e-10, 2.5469192933762407e-9, 3.789790988643504e-9, 0.2046825125489442, 0.20468251072055668, 0.20468249349530734, 9.321737729292543e-10, 0.20468251357666548, 0.20468251113317262, 0.5906349947102695, 0.6895253817358784, 4.846182275642535e-10, 0.5906347826290519, 0.2046825139502374, 1.97803497854549e-9, 8.287172919001196e-10, 0.10579209868756378, 4.895761444365448e-10, 1.896265901743918e-10, 9.969574648735406e-10, 0.20468251152882766, 0.2046825113945411, 0.20468250891995096, 1.5270412393402907e-10, 5.355507542418773e-9, 0.20468250952878797, 1.6823100906909849e-10, 3.302902021200045e-10, 0.6838308328489876, 1.661616303344907e-9, 2.939679667970684e-10, 2.1231624241119814e-10, 4.4408778464090913e-10, 0.20468250617134037, 1.2389363143627207e-10, 0.16292920661788024, 0.16292920701390415, 3.4465848754964744e-10, 0.16292920737623487, 0.16292920719746848, 4.0330751542328954e-10, 0.16292920753944454, 2.3300243027529376e-10, 5.840143423175378e-10, 0.10579209865869864, 6.96365091515844e-10, 0.7953172927479183, 5.972227903800686e-8, 4.32650176942485e-10, 3.6554521648123494e-10, 6.374794331404734e-10, 0.6838308327888655, 2.1227059784674207e-10, 0.20468250763390722, 0.2046825094256425, 0.10579209856977852, 7.50484220718137e-10, 2.2443065024033404e-10, 0.47914812678284424, 0.2046825104673886, 2.0330808354378353e-10, 2.0553511753068128e-10, 2.1750918347085158e-10, 3.304934612637081e-10, 3.5876032492149416e-10, 1.2873289613668927e-10, 0.2046825101573016, 5.408045200883759e-10, 0.10579209761260305, 0.07366453178616204, 3.1377419416771115e-10, 1.320028392824814e-10, 1.62610451665497e-10, 5.391278020445523e-10, 2.0364396942420706e-10, 0.20468250808323954, 0.2046825052416387, 0.10579209584605322, 0.20468249334858785, 3.747743243673918e-10, 0.20468250805431037, 0.204682503019476, 2.632423369700466e-10, 0.10579209837529592, 0.1057920959792098, 1.8081290082485956e-10, 2.0391475798329363e-10, 0.10579209517414968, 7.650159771517088e-10, 0.10579209572847306]
v_opt: [0.8942078927978333, 0.7953174883818089, 0.6325299899119352, 0.04189495221478149, 0.005426481837678753]
solution time: 0.013347148895263672
McCormick lower bound: -5.970183432049081

