x_opt: [0.6353508337768886, 0.36464915028639544, 0.6353509595784274, 1.4150858965221615e-5, 0.6353508220126934, 0.1594628102689308, 0.887858471832751, 0.36464951477163016, 0.3646494387819517, 0.36464914406168203, 0.22867139238470144, 0.635350549603052, 0.36464918996413526, 0.11214202336300015, 0.3646490505183054, 0.36464917577911854, 1.4154540752937803e-5, 3.627995916247491e-8, 0.11213954024638616, 0.11213949022334775]
w_opt: [0.6353508223872308, 0.27070166438161625, 1.8081059553766626e-8, 1.0096463134940023e-8, 0.27070139074083693, 0.36464916522164936, 7.269255373061966e-9, 4.519782711817175e-8, 1.4137292129590988e-5, 2.119189591204017e-8, 8.463431150914255e-9, 1.168897356791358e-7, 5.443453981455362e-8, 0.36464910438067377, 0.364649133128191, 0.11214200478810965, 2.854417427655037e-8, 0.3646491326526906, 1.4129733252855813e-5, 0.5232094369749887, 4.804239431016332e-7, 1.202412478709152e-7, 0.27070153487836035, 0.36464913916239966, 3.170143609975917e-8, 3.1394376809546456e-8, 0.11213953398247169, 2.352851971194125e-8, 6.2250389055554164e-9, 3.133333176699518e-8, 1.4139823042338392e-5, 1.4138933059358217e-5, 1.4106672752687384e-5, 5.3276293915277556e-9, 1.8189610202253441e-7, 1.4143983919754838e-5, 8.235715138503598e-9, 1.2288178426434205e-8, 0.36464943180063425, 4.985592460086657e-8, 2.626251447173892e-8, 7.608394007540033e-9, 7.727025877673476e-9, 1.407676923842718e-5, 5.390183009542666e-9, 0.15946278780430334, 0.15946278458320784, 1.4809585528379816e-8, 0.1594627980994881, 0.11214201418588349, 1.2219320673841928e-8, 0.15946280451328007, 7.194884320051798e-9, 2.157354004582356e-8, 0.11213953351566903, 2.2769468603231256e-8, 0.6353505415610449, 0.2525078028604215, 5.006939313288951e-7, 6.864638454585172e-9, 2.7520284006132726e-8, 0.36464942719798954, 9.301542565818663e-9, 0.36464901529529103, 1.4139652939707898e-5, 0.11213952770674109, 1.2348187402088276e-8, 5.14593631593616e-9, 9.203194449662715e-9, 0.3646491847065244, 1.1719984589705923e-8, 7.720000899234753e-9, 9.600568127913055e-9, 1.0895450064000033e-8, 1.214439189394516e-8, 5.626002421664847e-9, 0.3646491366940038, 1.4469698055912896e-8, 0.11213949850522795, 0.2286713872783707, 1.122508317413112e-8, 6.9829890046698814e-9, 5.711787517882389e-9, 1.768433828054406e-8, 7.842361147555116e-9, 0.3646490460221257, 0.36464891987238873, 0.11213947599147575, 1.41346290461559e-5, 1.66589334696977e-8, 0.3646490410696127, 1.4115214299837e-5, 1.1009212881306922e-8, 0.11213952966233112, 0.11213948365937411, 7.934164674312536e-9, 6.443153391037246e-9, 1.4131884942905919e-5, 2.8807356460701216e-8, 0.11213944247306762]
v_opt: [0.36464950686227265, 0.6353509470485792, 0.4036707106367314, 0.13296900898020578, 0.05229129050065833]
solution time: 0.012608051300048828
McCormick lower bound: -9.306809997457558

