x_opt: [0.663814604074523, 0.3361854487395762, 0.6638146076258215, 0.07977348328857041, 0.6638146004025579, 0.15888337572498404, 0.8411166467192327, 0.4365709766203431, 0.3361855438189127, 0.33618538775484935, 0.23887518815734626, 0.6638144571689643, 0.3361853958583385, 0.1588833541095391, 0.336185386586668, 0.33618574191820966, 0.07977348028948196, 9.904901299163348e-9, 0.0797756097736768, 0.07977347347459798]
w_opt: [0.6638146016964211, 0.32762920619101, 3.3076124752345196e-9, 2.6639873918459207e-9, 0.3276290631359063, 0.3361853879820579, 2.053229248912856e-9, 1.0834823383095926e-8, 0.07977347609416051, 5.85214447989828e-9, 2.2086273471321677e-9, 5.7869005809268e-8, 6.104175279558139e-8, 0.33618543678490165, 0.33618538564520994, 0.158883349191243, 8.897668829285216e-9, 0.33618544703004205, 0.07977347755705816, 0.5049312559094313, 0.10038558588509844, 5.756066402735834e-9, 0.3276290723888577, 0.3361857331163933, 7.224806217471684e-9, 8.453018450757519e-9, 0.07977560810356812, 5.205102883202259e-9, 1.5290510952784346e-9, 8.143387373303536e-9, 0.07977348054704111, 0.07977348016451616, 0.07977347150230327, 1.576552640085253e-9, 3.9484488438823055e-8, 0.07977347825163184, 2.0726812140898826e-9, 3.5410683330381085e-9, 0.3361855422708871, 1.1682875106650828e-8, 2.7210015968298358e-9, 2.226369212868245e-9, 4.337769713256486e-9, 0.07977345610047881, 1.4903701904690837e-9, 0.15888336888616555, 0.15888336860069652, 3.6990723207431954e-9, 0.15888337262095428, 0.15888334563270526, 3.4498248871104613e-9, 0.15888337393627533, 2.144417112156572e-9, 5.811471547269906e-9, 0.07977560774662407, 5.0361584065495404e-9, 0.66381445487995, 0.1773021567846626, 3.821745407807236e-9, 4.4770563127306114e-9, 6.5643690030596355e-9, 0.3361855419235665, 2.3834322265698066e-9, 0.33618538097245104, 0.07977347700666383, 0.07977560696747565, 2.902348224700477e-9, 1.6365581852892924e-9, 5.407034333142963e-9, 0.336185394061766, 2.842733346206617e-9, 2.0465108666238277e-9, 2.594435288211053e-9, 3.4396380419974487e-9, 3.602710108705445e-9, 1.5730124695673661e-9, 0.33618538542678567, 3.900900334896615e-9, 0.07977559617677955, 0.23887518656010548, 2.9687772510350917e-9, 1.754787014111648e-9, 1.8344648529870503e-9, 4.807292582959969e-9, 2.027688488740727e-9, 0.3361853845942774, 0.3361853560996505, 0.0797734701914551, 0.07977347430209436, 3.83019731196753e-9, 0.3361853839009154, 0.07977346925979727, 2.871482142667984e-9, 0.07977560662009046, 0.07977347141873285, 1.9436722126708044e-9, 1.887945736818035e-9, 0.07977346441393558, 7.780910224572045e-9, 0.07977347131875152]
v_opt: [0.43657097479698376, 0.663814604910145, 0.44065000278758104, 0.1130208013537624, 0.057061436321561056]
solution time: 0.01373600959777832
McCormick lower bound: -6.5221118441774335

