x_opt: [0.48657314226391263, 0.2629191471413876, 0.8620887677899335, 0.13791494448797822, 0.8620850672167473, 0.13790864680468304, 0.862084828285154, 0.8620919002058979, 0.8620850631857943, 0.13790918841872368, 0.13790806416896192, 0.8172697486105399, 0.13790915549262617, 0.13791485936686182, 0.137908259294778, 0.2629197039983968, 0.13791491060455932, 2.603463622032715e-8, 0.13790846597330886, 0.1379081410440078]
w_opt: [0.48657313882707437, 0.34865821130884017, 4.9105489055609436e-9, 3.0807496081981895e-9, 0.303842893821564, 0.1379091240798976, 3.2831995798001347e-9, 8.903312459596084e-9, 0.1379149049341173, 1.7889094695288695e-8, 2.691369110688561e-9, 0.1250079175910014, 0.12500423018879003, 0.2629191319955104, 0.1379091840675464, 0.13791485354995836, 1.519780694799124e-8, 0.26291914510356257, 0.13791493393091667, 0.7241735983188872, 0.7241806719939953, 1.769726126917442e-7, 0.6793585369250182, 0.26291968532259413, 3.6873414109986954e-6, 2.27676660378036e-8, 0.13790846364522386, 5.01318571298098e-9, 1.6077123972330205e-8, 1.8854654618190143e-8, 0.1379149414337962, 0.13791493881962355, 0.13790917453307985, 2.43783650503585e-9, 1.3330423902036085e-7, 0.13791490839472023, 2.496443780113887e-9, 4.7313032667903695e-9, 0.8620850607770951, 1.2454342611904698e-8, 3.7236311552726526e-9, 4.747935875395567e-9, 5.085585245184169e-9, 0.1379147930781833, 1.9079880937789425e-9, 0.13790863531857062, 0.13790863162028424, 5.484278425894321e-9, 0.13790864124586408, 0.1379086386260539, 4.840876783812728e-9, 0.1379086432953194, 3.821300944247006e-9, 1.821229896314462e-8, 0.13790846329520098, 6.794753777786845e-9, 0.8172697460050748, 1.6786105035877803e-7, 2.743875970705923e-9, 4.200098656160554e-9, 9.951268023892325e-9, 0.8620850599067948, 3.7587203936033504e-9, 0.1379082377395166, 0.13791490757819497, 0.13790846245923344, 7.731867409996203e-8, 3.3806365774998128e-9, 0.6793548173760037, 0.13790914756876582, 2.730646621952235e-9, 4.601059695562186e-9, 3.4318144570334424e-9, 4.4164068084453505e-9, 4.97572091787126e-9, 1.9273945443027097e-9, 0.1379091495801591, 1.2417518012981333e-8, 0.13790843449685425, 0.13790806048105264, 5.253737055564025e-9, 1.8455528974092424e-9, 2.9292792128457234e-9, 6.948111348110672e-9, 2.9960701306423665e-9, 0.13790825482929814, 0.1379091142681555, 0.13790813677116578, 0.1379147583547885, 3.857050966104732e-9, 0.13790825461612222, 0.13790824493004017, 5.834181347903026e-9, 0.1379082413303859, 0.13790813759924642, 2.423491499358145e-9, 3.6007368569765074e-9, 0.13790813148364622, 2.170975674447935e-8, 0.1379081373471518]
v_opt: [0.8620918975602069, 0.8620887650041613, 0.7431908500694729, 0.019019034562438204, 0.01901866229428297]
solution time: 0.013888835906982422
McCormick lower bound: -4.1005387803973

