x_opt: [0.7635846442888143, 0.33857181988922885, 0.7635846452211058, 0.23641528054505426, 0.7635846760149728, 0.19299571009852942, 0.8070042907416277, 0.395507817950424, 0.23641573210296213, 0.23641535505960193, 0.22073612016496313, 0.7635842646711148, 0.2364153545565595, 0.19299570888248035, 0.236415324828418, 0.33857182024000393, 0.19299570755285592, 2.0638580143779663e-9, 0.19299570880215172, 0.1929957074980198]
w_opt: [0.7635846437070373, 0.5271693208232854, 8.60725638431303e-10, 4.775027731625565e-10, 0.5271689094289216, 0.2364153528433717, 4.840627424715155e-10, 1.2814433873110353e-9, 0.19299570643198638, 1.1624925090619263e-9, 4.013974016838195e-10, 0.10215646567001654, 0.10215649841941163, 0.33857181705578326, 0.236415354652671, 0.19299570800824256, 1.3296083343655248e-9, 0.33857181908098516, 0.23641527911977622, 0.5705889362561547, 0.15909246356300383, 1.7628657525399507e-9, 0.5271689115297755, 0.3385718169422422, 1.499475056781613e-9, 1.7111743051312351e-9, 0.19299570840952898, 1.150981293493957e-9, 5.335438473525516e-10, 2.240639447403432e-9, 0.23641527990660002, 0.23641527982256674, 0.23641527836328974, 2.968917911295421e-10, 1.0776112054270353e-8, 0.192995707227143, 4.32738171911766e-10, 6.188185761927879e-10, 0.236415731751907, 3.418025324053181e-8, 3.1540864364699817e-8, 3.7141904556887044e-10, 2.385578186057573e-9, 0.19299570212505343, 2.9463629156241384e-10, 0.19299570902552973, 0.1929957084120342, 1.0982760026463026e-9, 0.19299570929619211, 0.19299570690772988, 5.692669941926535e-10, 0.19299570975408292, 4.2645623465969135e-10, 1.2362536509279023e-9, 0.19299570837182148, 1.3746762353372783e-9, 0.763584264293891, 0.04341967990927922, 9.629604711118378e-10, 1.7341580849912974e-9, 2.8287357685247952e-9, 0.2364157316031968, 5.251787163873914e-10, 0.2364153236092674, 0.19299570684646306, 0.19299570802811894, 1.1086084025686682e-9, 2.887890209016231e-10, 5.103429815018553e-10, 0.23641535415177078, 5.643378808641934e-10, 4.768848074745674e-10, 4.898620742367539e-10, 5.291683901805638e-10, 6.002808766932422e-10, 2.872127815459334e-10, 0.2364153540297386, 1.3084828934100714e-9, 0.1929957062087328, 0.2207361201787872, 5.990690540324168e-10, 3.4892668197104944e-10, 3.0604474621018824e-10, 1.099627762909374e-9, 4.311128792443761e-10, 0.2364153244150807, 0.23641534738769535, 0.19299570659933477, 0.19299570541911434, 8.030493051633919e-10, 0.236415324055383, 0.19299570554060305, 7.350743171374487e-10, 0.19299570810527367, 0.1929957071858828, 4.490327011139692e-10, 3.6331651678304926e-10, 0.19299570482466255, 1.5378559983010081e-9, 0.19299570668064261]
v_opt: [0.3955078173764058, 0.7635846445369898, 0.5830618770517387, 0.05589222492771864, 0.04872444006182041]
solution time: 0.014261960983276367
McCormick lower bound: -6.441754367740415

