x_opt: [0.7733449545169376, 0.3223028903868086, 0.7733449601806276, 0.19695466591213873, 0.7733449686530205, 0.19695460702311016, 0.803045357100003, 0.44832690595244645, 0.2652179115803552, 0.22665504623725385, 0.21593589905285596, 0.7347820837361323, 0.2266550419020278, 0.196954642961605, 0.22665500837972477, 0.3223028997588469, 0.1969546427912682, 3.738078234310213e-9, 0.1969545784917175, 0.19695457299942562]
w_opt: [0.7733449532331452, 0.546689923753503, 2.4761304813699226e-9, 8.066959597625685e-10, 0.5081270390393868, 0.22665503832626593, 7.414983572425642e-10, 3.5626329978268334e-9, 0.1969546410344889, 2.238390679645557e-9, 8.235903439803972e-10, 0.09564785122581919, 0.09564786428071353, 0.3223028846247789, 0.22665504546200654, 0.1969546410784844, 3.975055770372464e-9, 0.32230288961216386, 0.19695466344810872, 0.5763903177995713, 0.2216718667494813, 9.31208387775304e-9, 0.5081270475918975, 0.32230289473869, 2.7064948204401327e-9, 3.2047314393281417e-9, 0.19695457791847723, 1.8922552506122766e-9, 6.227162436319647e-10, 4.922270407856022e-9, 0.19695466500041997, 0.19695466470343304, 0.1969546620426936, 5.319435517869364e-10, 2.025682286080034e-8, 0.1969546422844561, 6.956279604234127e-10, 1.2487881494257146e-9, 0.2652179110644803, 2.0634186517262333e-8, 1.1589989140224266e-8, 7.121784831366997e-10, 2.2052310283939867e-9, 0.19695463084550455, 4.978843057989481e-10, 0.19695460426113612, 0.1969546041763779, 1.5836629026730238e-9, 0.1969546057683929, 0.19695460000809725, 1.4570553787181753e-9, 0.1969546063946635, 8.095052855498882e-10, 2.2375825821000622e-9, 0.19695457780821718, 2.8455726381304327e-9, 0.7347820829918507, 0.029700430981003056, 1.8740501142858544e-9, 3.2633667020917217e-9, 4.782582441623798e-9, 0.26521791087846225, 9.040341352959492e-10, 0.22665500604984992, 0.19695464170451468, 0.19695457731787944, 1.4290160571149925e-9, 6.231501092047938e-10, 2.0601220269748287e-9, 0.22665504121283156, 9.365816310649807e-10, 8.242801469825812e-10, 8.894077307005584e-10, 1.1211065096008072e-9, 1.313769868385136e-9, 4.883438580957477e-10, 0.22665504102357623, 2.1746434364149093e-9, 0.19695457448713194, 0.2159358979003796, 1.2253551015361704e-9, 5.589808022287132e-10, 5.569602360845302e-10, 1.7929380230024618e-9, 8.037643031501811e-10, 0.22665500764961877, 0.22665501879339361, 0.19695457167938635, 0.19695462724482538, 1.5338739759690982e-9, 0.22665500731739022, 0.19695463874346808, 1.1168689451097493e-9, 0.19695457715536624, 0.19695457224761712, 7.746424475309532e-10, 6.928547385593162e-10, 0.19695456848949894, 2.953151637365365e-9, 0.1969545675923622]
v_opt: [0.44832690524389196, 0.7733449591721193, 0.5980626270666425, 0.05137261125753719, 0.04662834152349584]
solution time: 0.01370096206665039
McCormick lower bound: -6.629462011842747

