x_opt: [0.7680054312170198, 0.2850341269165301, 0.7680055151935078, 1.3045381494155813e-5, 0.7680054521858998, 0.23199450757562406, 0.7680055030080276, 0.5903209230203953, 0.4155769675880437, 0.23199447543713467, 0.23199456786605827, 0.5844230259968496, 0.23199453394064473, 0.2319944838476431, 0.2319945019966954, 0.28503417413804916, 1.3032125916408437e-5, 2.3724503188857145e-8, 0.23199446650948677, 0.23199444969287367]
w_opt: [0.7680054269363215, 0.5360108867289765, 6.253208724707847e-9, 5.4817746623851876e-9, 0.35242846156947094, 0.23199451284531597, 8.120850498349752e-9, 2.1163022564348423e-8, 1.3020806245737958e-5, 1.3750690002210639e-8, 3.6569110169647587e-9, 0.05303964741020215, 0.05303961799848482, 0.28503409518898637, 0.23199447039298385, 0.23199447568325354, 1.856447949624497e-8, 0.28503412017465884, 1.302875127326056e-5, 0.5360110217016416, 0.358326444433747, 8.089003650624851e-9, 0.35242855962538894, 0.2850341414886035, 1.615979816940131e-8, 1.8247192687381556e-8, 0.23199446095777898, 1.497555567335902e-8, 5.719846356474608e-9, 3.0421786108488295e-8, 1.3036138993365281e-5, 1.3038825165939205e-5, 1.3015389902102802e-5, 3.6945754881221394e-9, 1.1925305453293156e-7, 1.3026718537729066e-5, 5.175726738820284e-9, 7.324660938577282e-9, 0.41557696365641983, 6.081461057308806e-8, 1.0432692559494212e-8, 4.493289554698321e-9, 8.869703078196104e-9, 1.2969857487101822e-5, 4.14304624201348e-9, 0.23199449772737232, 0.2319944815295246, 1.4183365453908614e-8, 0.23199449867156133, 0.2319944644495631, 5.871035668525976e-9, 0.23199450350918707, 5.126034292150193e-9, 1.4358584448857717e-8, 0.23199446139523808, 1.1762212643661208e-8, 0.5844230216623237, 9.343067316468685e-7, 8.211749470163382e-9, 1.3380455923371303e-8, 4.148628319180156e-8, 0.41557696035940067, 5.886912378331637e-9, 0.23199448588303456, 1.3023801012593521e-5, 0.23199445925986595, 1.058117264461568e-8, 3.049108295325698e-9, 6.258432850687796e-9, 0.2319945294516866, 7.790352636056309e-9, 4.915843181335449e-9, 6.182396736075816e-9, 7.361691211147686e-9, 8.248339718278719e-9, 3.624001327055419e-9, 0.23199446919583014, 1.2940996094822925e-8, 0.23199440116256326, 0.23199456199362922, 6.570052476007729e-9, 4.495961625902959e-9, 4.486354022368451e-9, 9.940259529073384e-9, 4.293309557687412e-9, 0.2319944976733402, 0.23199444886237203, 0.23199444179869666, 1.3009391313337064e-5, 7.4318516387167335e-9, 0.2319944928887643, 1.3005370049946376e-5, 9.484013267241411e-9, 0.2319944584574848, 0.23199444584599768, 4.518199048952901e-9, 4.029766800151131e-9, 1.301917000034352e-5, 1.7267293388597404e-8, 0.23199444296637753]
v_opt: [0.590320916191914, 0.768005509294098, 0.5898323883023292, 0.05382151650358859, 0.05382156350791318]
solution time: 0.014341115951538086
McCormick lower bound: -4.27166449580823

