x_opt: [0.7908458145179343, 0.3148159625442179, 0.7908458261351197, 0.20915366910665753, 0.7908458247119691, 0.20915371793403947, 0.7908462871227152, 0.47072732163471664, 0.2666750870394909, 0.2091541695283545, 0.20915418596486546, 0.733324910707914, 0.20915417234626693, 0.20915371221369103, 0.20915412296718805, 0.3148159698397673, 0.20915365868495542, 4.765766451218689e-9, 0.2091536956562122, 0.20915368792972847]
w_opt: [0.7908458127714558, 0.581691639530341, 1.658531214790563e-9, 1.3492481756451863e-9, 0.5241707257810659, 0.2091541686915817, 8.897322202053463e-10, 3.5297372824258694e-9, 0.20915365704844394, 3.0992871860080405e-9, 6.515534574463483e-10, 0.10566178925707774, 0.10566179477465068, 0.3148159538205327, 0.2091541690321246, 0.20915371086790346, 5.214028113760236e-9, 0.3148159619041316, 0.20915366592818738, 0.5816921137069315, 0.2615731484799699, 2.5931635874123307e-9, 0.5241707409454783, 0.31481596474456935, 3.2467676743417537e-9, 4.229952488305299e-9, 0.20915369511300844, 2.4074448704823386e-9, 6.191765495363153e-10, 8.235119219814581e-9, 0.20915366800371832, 0.20915366805731198, 0.20915366354613743, 5.331792917747689e-10, 3.244592708500521e-8, 0.2091536580613293, 8.086707029491074e-10, 1.4710942221594347e-9, 0.2666750867003233, 1.0530471878368339e-8, 1.3422985293348592e-9, 6.36466093984274e-10, 1.3796836078262617e-9, 0.2091536398368139, 5.488038291992961e-10, 0.20915371565211002, 0.20915371448833842, 1.911307579641876e-9, 0.2091537170578602, 0.20915370612366727, 1.3043219341953004e-9, 0.20915371747254216, 8.91159169181046e-10, 3.2337138482507744e-9, 0.20915369507594392, 3.253541443732397e-9, 0.7333249101885173, 6.254583364403799e-7, 1.9205420723223075e-9, 2.6457792970567327e-9, 5.579928727133135e-9, 0.2666750862974251, 8.437076932984824e-10, 0.2091541207084089, 0.20915365763502292, 0.2091536946595294, 1.5155324524049308e-9, 5.327511660832943e-10, 1.8144161789118203e-9, 0.20915417188570765, 1.088508227556595e-9, 7.543835982340334e-10, 1.0138955723567074e-9, 1.3582256383411619e-9, 1.5624860908628129e-9, 4.548639465927093e-10, 0.20915416851429755, 2.3517310922415343e-9, 0.2091536915728687, 0.20915418550540657, 1.4245692856773126e-9, 5.936466489483367e-10, 5.57142487379499e-10, 1.6545010547713345e-9, 7.374488902885367e-10, 0.2091541225405614, 0.20915416327677402, 0.20915368695417966, 0.20915365431985875, 1.4534511136645768e-9, 0.20915412206476874, 0.20915365417354526, 1.5957124631432399e-9, 0.20915369474036632, 0.2091536873482995, 7.239482275415613e-10, 6.733827163498403e-10, 0.20915365260149388, 4.0924307978309665e-9, 0.2091536869254832]
v_opt: [0.47072732102352766, 0.7908458254044514, 0.6254372789940849, 0.043745468675755066, 0.04374560515208509]
solution time: 0.015995025634765625
McCormick lower bound: -5.085332150660102

