x_opt: [0.7908442878638807, 0.31481883507246256, 0.7908445548038447, 0.20915381893138446, 0.7908442373168392, 0.2091545733145089, 0.79084546849386, 0.4707249324868147, 0.26667857944838375, 0.20915578162257029, 0.20914492389363049, 0.7333212600028742, 0.20915578145798566, 0.20915450196792204, 0.2091544851835076, 0.31481933729284145, 0.20915344576263806, 8.203374235271894e-8, 0.20915354926500615, 0.20915341793135692]
w_opt: [0.7908442284341171, 0.5816885349304998, 7.167144018517997e-8, 1.2339472388626373e-8, 0.5241655624020525, 0.20915569601883915, 2.2359432427790126e-8, 7.111785583910611e-8, 0.2091534138878873, 5.2595261530555494e-8, 1.685446514940501e-8, 0.10566340366996106, 0.10566331409490422, 0.3148187128743462, 0.20915576835500765, 0.20915447340373702, 7.315030492211663e-8, 0.3148188152492941, 0.2091537666701909, 0.5816900327056118, 0.26156950226168585, 3.798740888229861e-7, 0.5241658884518307, 0.3148192389579726, 7.78106805662715e-8, 7.08735043676851e-8, 0.2091535378548901, 6.660268774477429e-8, 1.5267575393472104e-8, 1.0801247054273868e-7, 0.20915379959809555, 0.20915378628755157, 0.20915369156293606, 1.1397247880769425e-8, 4.792143086919906e-7, 0.20915343538000478, 1.5100757718195837e-8, 2.4934091303557725e-8, 0.2666785711381404, 2.2111175400627224e-7, 3.5367499847462564e-8, 1.6935023875825652e-8, 3.0735062971077485e-8, 0.20915320324816908, 1.1726807085611656e-8, 0.2091545298408284, 0.20915449042712167, 3.5367282621565395e-8, 0.2091545494733259, 0.20915437858331123, 2.4015659700891337e-8, 0.20915456174728816, 1.7433555853609175e-8, 5.4791141612710004e-8, 0.20915353656562868, 5.0139503505620854e-8, 0.7333212483381293, 2.492122111185166e-6, 2.7446378933921416e-8, 4.766723658072148e-8, 1.3289457027588607e-7, 0.2666785622118295, 1.8280963533797412e-8, 0.20915443730825445, 0.20915342511699322, 0.20915352834342868, 3.04206179653096e-8, 1.2034691865137435e-8, 5.36263175394131e-8, 0.20915575674428996, 1.9775196341135187e-8, 1.5705542929301262e-8, 1.832156001033006e-8, 2.3734640357875137e-8, 2.7627138826342246e-8, 1.0164372750115448e-8, 0.20915576406787728, 5.221988543067478e-8, 0.20915343342902484, 0.20914491304168922, 2.5125609909523247e-8, 1.2414173766325067e-8, 1.208846300105602e-8, 3.37570660116331e-8, 1.520188385934394e-8, 0.20915447406889592, 0.20915523448299483, 0.2091533944392367, 0.20915336893169878, 2.8796130218657092e-8, 0.20915446472749705, 0.2091533536771176, 2.776927806847649e-8, 0.2091535248425531, 0.20915339727159432, 1.4708984549541051e-8, 1.3606214912517996e-8, 0.2091533108613008, 6.744014539973859e-8, 0.20915334660131057]
v_opt: [0.4707249188372794, 0.7908445376337592, 0.6254361023137022, 0.04374615369868163, 0.043741761211340206]
solution time: 0.01220703125
McCormick lower bound: -5.254798152955854

