x_opt: [0.8185093871812403, 0.2131647346425759, 0.8185093872527559, 0.181490612804221, 0.8185093866015005, 0.1814906125739537, 0.8185093873243948, 0.818509389828809, 0.6129095511318963, 0.18149061241624032, 0.13050062306822427, 0.8004380580543825, 0.1814906127994518, 0.18149061266621078, 0.18149061046523618, 0.2131647346762241, 0.1814906126820173, 3.073422602639761e-11, 0.18149061033893077, 0.18149061017837864]
w_opt: [0.8185093871732814, 0.6370187743508862, 1.369305939077131e-11, 7.392988326556746e-12, 0.618947445242876, 0.181490612763465, 7.2474304591202695e-12, 1.8632373720657545e-11, 0.1814906126674689, 1.7372494908674258e-11, 6.81947432257012e-12, 0.031674121901834856, 0.031674121841067944, 0.2131647346085952, 0.18149061279259848, 0.18149061265185149, 2.2681185125367466e-11, 0.21316473463648272, 0.18149061278309403, 0.6370187745818007, 0.6370187770888985, 7.533878303833842e-11, 0.6189474453367658, 0.213164734637369, 2.3932839394932452e-11, 2.5190361966595792e-11, 0.18149061033361902, 1.3784917307177958e-11, 7.668338432453328e-12, 2.8262055196712873e-11, 0.18149061279668435, 0.1814906127923459, 0.18149061274332312, 5.047921016145822e-12, 1.3596629792184722e-10, 0.18149061267726524, 5.734077891443121e-12, 1.0110326674182726e-11, 0.612909551127823, 4.636953318709122e-11, 1.227008129796461e-11, 6.701299124021096e-12, 1.2549028899356314e-11, 0.1814906125802864, 4.34697920051389e-12, 0.1814906125522174, 0.18149061254992266, 1.3554629781429897e-11, 0.18149061256036897, 0.18149061255260093, 9.926926314416502e-12, 0.1814906125672393, 7.5287812363966e-12, 1.7806085212806478e-11, 0.18149061033324562, 1.6370961523186667e-11, 0.800438058048166, 8.790461238323777e-10, 1.016739877822133e-11, 1.1281643515263506e-11, 2.2726097669977778e-11, 0.6129095511247495, 7.385560391528555e-12, 0.18149061044144224, 0.18149061267392955, 0.18149061032976327, 2.2458818400655032e-11, 6.281686896230555e-12, 0.41334760919596514, 0.18149061279040543, 6.933745581438622e-12, 7.334213248505514e-12, 7.130804517722191e-12, 9.187814519781467e-12, 9.703684853354788e-12, 4.419357599368745e-12, 0.1814906127863183, 2.075154202895678e-11, 0.1814906102930194, 0.13050062306299184, 8.923532051262557e-12, 4.566112942684644e-12, 5.53220699178379e-12, 1.728369101327212e-11, 6.535380897062439e-12, 0.1814906104568241, 0.18149061271026173, 0.1814906101664071, 0.18149061262568175, 1.0329628219459104e-11, 0.18149061045450737, 0.18149061043492937, 9.646500717471218e-12, 0.181490610321091, 0.1814906101725281, 6.153435191158672e-12, 6.4390789108776196e-12, 0.18149061015606505, 2.2613455823493427e-11, 0.18149061017128076]
v_opt: [0.8185093898232061, 0.8185093872444338, 0.6699576321783158, 0.03293884460537988, 0.01703041365114968]
solution time: 0.015583038330078125
McCormick lower bound: -5.149308504181961

