x_opt: [0.6353515695132556, 0.3646484600026819, 0.6353515697948202, 1.0120220633288316e-6, 0.6353515681018329, 0.15945010263830708, 0.887849823375844, 0.3646484786606922, 0.3646484629329872, 0.3646484232571528, 0.22868217498562177, 0.6353515317230446, 0.3646484319575202, 0.11215017963639536, 0.3646484262739268, 0.3646484697816863, 1.009534403188673e-6, 7.450575654101287e-9, 0.11214998546462895, 0.11214973453416503]
w_opt: [0.635351567093121, 0.27070313903025384, 2.188372004197388e-9, 1.7885955416725242e-9, 0.2707031026133412, 0.36464842706744455, 1.4708044786507125e-9, 8.462459363670483e-9, 1.0063247665245695e-6, 4.468690531367484e-9, 1.528302844015633e-9, 3.103832743435861e-8, 3.7212426032162807e-8, 0.3646484501641892, 0.3646484221445758, 0.11215017633045361, 5.319691773367956e-9, 0.3646484585461719, 1.0078673160150862e-6, 0.5232013941892253, 4.95535422365663e-8, 3.727541739011922e-9, 0.27070310647650875, 0.3646484624955282, 5.976239087598877e-9, 6.484987042142848e-9, 0.11214998428561566, 5.269633952906102e-9, 1.2118125654975135e-9, 6.760905805965259e-9, 1.009947935377417e-6, 1.009758168270317e-6, 1.00313096113316e-6, 9.934285627933403e-10, 4.3739142764453645e-8, 1.007993985342579e-6, 1.540371002140578e-9, 2.2569894915970393e-9, 0.3646484617096403, 9.716920908895834e-9, 3.8250037163914895e-9, 1.4433699427284402e-9, 4.763812724042872e-9, 9.934396957987074e-7, 1.0060361415249721e-9, 0.1594500985454801, 0.15945009757582201, 2.9198547858320594e-9, 0.1594501003836324, 0.11215017201083506, 2.185226303112284e-9, 0.15945010156308004, 1.3623143470710504e-9, 4.5737474954828484e-9, 0.11214998422036127, 4.549389583493791e-9, 0.6353515302916372, 0.2524983777505476, 5.154066501280731e-9, 4.48971209936436e-9, 5.9224839290498606e-9, 0.3646484614026548, 1.7193023702342638e-9, 0.3646484224747006, 1.0069379771961936e-6, 0.1121499831742344, 2.486319802815401e-9, 9.6378482278698e-10, 1.7942779281041267e-9, 0.3646484308101906, 2.112903942520526e-9, 1.443587487580054e-9, 1.8203536544498679e-9, 2.067268934139176e-9, 2.248778893952598e-9, 1.014444461308426e-9, 0.3646484220374624, 2.96040417490395e-9, 0.11214997685330469, 0.2286821739982891, 2.1651389483683965e-9, 1.269331756459745e-9, 1.0687374470478298e-9, 3.7028665094201667e-9, 1.4770528989484194e-9, 0.36464842485919535, 0.3646483978592256, 0.11214973190424556, 1.0053415276963042e-6, 3.1214100783249285e-9, 0.36464842425163085, 1.002041471438908e-6, 2.226315342457284e-9, 0.11214998346536162, 0.11214973310091823, 1.4535468813071166e-9, 1.2204621384927245e-9, 1.0002583474137156e-6, 6.000249982455944e-9, 0.11214973256559048]
v_opt: [0.36464847716971893, 0.6353515676344248, 0.4036716241359915, 0.13296847357862776, 0.05229561395928018]
solution time: 0.013113975524902344
McCormick lower bound: -8.080437680135097

