x_opt: [0.6228008712536753, 0.12095935862496078, 0.8790407026036378, 0.017703268726872733, 0.6939403124447268, 0.30605641436192665, 0.879040616828828, 0.8678574070484755, 0.6225628730151922, 0.12095935395618315, 0.13214252936160892, 0.3774371253810173, 0.3060596527264975, 0.12095938431253879, 0.306059425458412, 0.3060594205453401, 0.017703270265463953, 1.1389109665645204e-8, 0.01771064698269516, 0.017710653704330333]
w_opt: [0.6228008694708445, 0.3167411855770644, 3.439596073029685e-9, 4.256490302017868e-9, 0.00023799863501675587, 0.30605964073730263, 3.483823796002514e-9, 1.8407675439819423e-8, 0.01770326553571405, 6.960735792178376e-9, 2.6429054950402918e-9, 6.262718648679638e-8, 1.4438826692712218e-8, 0.12095934066326001, 0.12095934991944544, 0.12095934937234513, 7.48234950438815e-8, 0.12095935664146486, 0.017703260512875612, 0.7580813223618915, 0.7468981125092108, 6.155298616876168e-8, 0.25647783928265794, 0.306059412022479, 9.989584972589804e-9, 9.097788120893193e-9, 0.01771064428032703, 6.299981600293157e-9, 1.5548473128727954e-9, 1.3671107701927238e-8, 0.01770326388154552, 0.01770326522455149, 0.01770322686824513, 3.0651267098106867e-9, 1.1148226479629414e-7, 0.017703264021710595, 2.947884879874761e-9, 7.753972696698266e-9, 0.6225628709563759, 1.0119858280185954e-8, 1.7687320535589005e-9, 4.332853125822522e-9, 3.985974271501673e-9, 0.017703222377442894, 2.9181791807003056e-9, 0.30605640436345644, 0.3060564021391501, 4.505276175577736e-9, 0.30605641132077394, 0.12095937534864519, 5.905767607350352e-9, 0.30605641135960515, 3.639031142264309e-9, 6.4637100201370745e-9, 0.01771064134025209, 5.046829290611956e-9, 0.377437120637586, 0.1851003933531823, 4.361818620933024e-9, 5.826347180977103e-9, 1.011329176469841e-8, 0.6225628702911125, 3.3582102716684174e-9, 0.3060594161003035, 0.017703265191627945, 0.017710644097806483, 2.6796987556071734e-9, 2.5885736538195013e-9, 9.6112207635543e-9, 0.30605965047096195, 5.774460521873142e-9, 2.4872842778492057e-9, 4.111822420007554e-9, 1.6197302676005937e-8, 1.20691246215865e-8, 3.058068327292818e-9, 0.12095935033794224, 3.88853927216607e-9, 0.017710615916001114, 0.13214252632022674, 3.791339396851952e-9, 3.296486211208024e-9, 5.7821734838655965e-9, 4.75896969310025e-9, 2.2985953463078517e-9, 0.30605942351861914, 0.30605934208599134, 0.017710650621364597, 0.01770325712891876, 4.583723800003968e-9, 0.30605941442403156, 0.017703241252714472, 3.4450071646336657e-9, 0.0177106434000818, 0.01771064853962236, 2.3414484807927735e-9, 2.6647951517347973e-9, 0.01770326341484071, 8.741931127437723e-9, 0.017710642076335884]
v_opt: [0.8678574050201425, 0.8790406999290103, 0.48155327038183066, 0.014631286968144131, 0.017461686280866914]
solution time: 0.016743898391723633
McCormick lower bound: -4.491112854205636

