x_opt: [0.6638783879491467, 0.3361216613607349, 0.6638783905537284, 0.07699421397659185, 0.6638783904186799, 0.20136373996553517, 0.8895481929899517, 0.38849038302011685, 0.3361216148677318, 0.33612160889244047, 0.202992027300054, 0.6638783821297958, 0.336121609395585, 0.11045180971797694, 0.3361216025508096, 0.3361216664883673, 0.07699421198469561, 5.960493759093957e-9, 0.11045175940406705, 0.0769942523081831]
w_opt: [0.663878386217895, 0.3277567791889233, 2.1508515856566646e-9, 1.5030274868471905e-9, 0.3277567713789237, 0.3361216048455842, 1.2383670405322624e-9, 4.987444817745975e-9, 0.07699420900463615, 3.411589972491519e-9, 1.3468154821829113e-9, 5.313083198718651e-8, 5.776716922961657e-8, 0.33612165325853594, 0.33612160764527493, 0.11045180684292812, 4.242466613960227e-9, 0.33612165987954956, 0.076994210237238, 0.5534265844044394, 0.05236877452890828, 3.975110841361039e-9, 0.3277567772900205, 0.33612165911549546, 4.5828412149556946e-9, 5.101402243833591e-9, 0.11045175839201941, 3.4768998176752646e-9, 1.1810380334789455e-9, 5.686450866056705e-9, 0.07699421229346441, 0.07699421189800369, 0.07699420765136473, 8.58531121974373e-10, 2.8746306281086067e-8, 0.07699421071988269, 1.2777313032983946e-9, 1.902920711367639e-9, 0.3361216138693853, 1.0564018534547326e-8, 3.1010909124261983e-9, 1.1707723432288918e-9, 2.9931437675893516e-9, 0.07699419714379394, 8.337401401256986e-10, 0.201363736258071, 0.20136373568755184, 2.6067135397920836e-9, 0.20136373774678146, 0.1104518058954046, 1.8794573750369696e-9, 0.20136373898648213, 1.2133671286673555e-9, 3.5715718154667088e-9, 0.11045175838891004, 4.001501837979305e-9, 0.6638783809455598, 0.22566988416817274, 4.55994594840341e-9, 3.285445113855117e-9, 4.33688082188963e-9, 0.336121613668373, 1.4901372861101035e-9, 0.3361215993566978, 0.07699420992417721, 0.11045175730020497, 2.4402691196970154e-9, 8.822896427217682e-10, 1.817706673620437e-9, 0.33612160817257464, 1.6286515580155239e-9, 1.3301780830702051e-9, 1.4675419879863562e-9, 1.623125681159204e-9, 1.811260656496756e-9, 9.385306189585382e-10, 0.33612160712112404, 2.9959352568700584e-9, 0.11045175214390898, 0.2029920265287698, 1.7971609335230952e-9, 1.0118661722191223e-9, 9.810086338053894e-10, 3.920626161363792e-9, 1.3094827638081586e-9, 0.3361216013195409, 0.33612158109423906, 0.07699424979019333, 0.07699420863981896, 2.5700627161801633e-9, 0.33612160066942026, 0.07699420607147489, 1.9030702802527915e-9, 0.11045175743112472, 0.07699425128422296, 1.2921527798651186e-9, 1.0851570516166921e-9, 0.07699420723429244, 4.650420840161836e-9, 0.0769942506069063]
v_opt: [0.3884903816755616, 0.6638783885664735, 0.4407345170808017, 0.11297774197846304, 0.04120576402604992]
solution time: 0.015658855438232422
McCormick lower bound: -7.884285021063538

