x_opt: [0.7908459925168814, 0.3148159454717874, 0.7908459941048598, 0.2091536934051955, 0.790845999361766, 0.20915391192268587, 0.7908460844505913, 0.470727501853573, 0.2666752341013887, 0.20915399946682897, 0.20915389450601715, 0.7333247420526849, 0.20915400101268786, 0.20915388429446408, 0.20915395314792506, 0.3148159563944569, 0.209153619500712, 1.2890752146428524e-8, 0.20915390439918452, 0.20915389696329004]
w_opt: [0.7908459883612133, 0.5816919930667271, 2.0802167234012016e-9, 2.4951591328093576e-9, 0.5241707367642398, 0.2091539871938871, 3.5766727596724382e-9, 1.4630976641476222e-8, 0.209153613769094, 7.96378709783061e-9, 1.809807017381039e-9, 0.10566194222935432, 0.10566198047983945, 0.3148159218789167, 0.20915399752713643, 0.20915388069808974, 1.419241222396124e-8, 0.3148159426219318, 0.2091536829030095, 0.5816920798601726, 0.26157349870197877, 4.786083553270444e-9, 0.5241707493182558, 0.31481593097441546, 1.3974852946290422e-8, 1.0795612185196906e-8, 0.20915390233827844, 1.0075871007381626e-8, 3.0312265358688247e-9, 2.8299550934243106e-8, 0.2091536896083708, 0.20915369003691073, 0.2091536652063499, 1.5187250813552484e-9, 1.2248014827894116e-7, 0.20915361792903225, 2.2007783645207046e-9, 3.941359624607575e-9, 0.26667523295136897, 6.905056716259967e-8, 9.948896669970899e-9, 1.8835733497771255e-9, 5.751376703309903e-9, 0.20915356347574413, 2.0101566891379454e-9, 0.20915390696860928, 0.20915390006219683, 7.870964738348753e-9, 0.20915390869392278, 0.20915386964753907, 3.4845627701611674e-9, 0.20915391043597978, 2.7637403115044866e-9, 8.488836777685041e-9, 0.20915390246012203, 9.818791261500432e-9, 0.7333247405961417, 8.232030888894576e-7, 4.3696670032469835e-9, 1.4135141838892427e-8, 3.664215040977972e-8, 0.2666752313978149, 2.725163141006318e-9, 0.2091539438379517, 0.20915361630214088, 0.20915390095375216, 7.791614112686958e-9, 1.6991872938805536e-9, 2.752776968340883e-9, 0.20915399944881186, 3.5380261577324935e-9, 2.447502829745392e-9, 2.7090178765761165e-9, 3.5707822121856205e-9, 4.428090998481221e-9, 1.3436964282309773e-9, 0.2091539956509182, 1.1631448285650602e-8, 0.20915388592939665, 0.20915389245831953, 4.117142938394472e-9, 1.6981444145277725e-9, 1.663583460038632e-9, 5.316571706348768e-9, 2.1818772539978804e-9, 0.2091539515285621, 0.2091539621455327, 0.20915389350706043, 0.20915360188851145, 3.836995941531667e-9, 0.20915394895859352, 0.20915360187522836, 5.367942987781183e-9, 0.2091539009540305, 0.20915389525223782, 2.2981203865682317e-9, 1.8676430776185285e-9, 0.20915360960498708, 1.0371866780612593e-8, 0.20915389318545774]
v_opt: [0.47072749901680355, 0.7908459918272683, 0.6254374758105293, 0.04374540692479475, 0.04374536338995083]
solution time: 0.01253819465637207
McCormick lower bound: -4.385803205653301

