x_opt: [0.6179679631218478, 0.255220415733857, 0.8884152221430233, 0.01903558274703204, 0.744779704500087, 0.2552202914267569, 0.744779706177805, 0.8531424833090198, 0.617967957234223, 0.11158477729987219, 0.14685751566460217, 0.3820320424491039, 0.25522029162345883, 0.2552202925369141, 0.14685750694346333, 0.2793360060761623, 0.019035582162204506, 1.2670216129408595e-9, 0.14685750649153256, 0.1468575057722884]
w_opt: [0.6179679629198139, 0.36274766769995875, 3.232138318481664e-10, 2.648664007143584e-10, 5.785189979633235e-9, 0.25522029020388115, 5.598209484412912e-10, 1.153013710239945e-9, 0.019035581620370615, 7.515018628661293e-10, 1.651734353487791e-10, 0.14363563811590027, 1.2381194235937194e-7, 0.25522041419199165, 0.1115847770114428, 0.25522029214054776, 1.316128169783785e-9, 0.25522041546052965, 0.019035581798632642, 0.6331949285266517, 0.7415577060574622, 6.280172934846263e-10, 0.2704472656584429, 0.279336004581415, 7.848619439092126e-10, 8.162197552189027e-10, 0.14685750612630807, 0.03527272844796425, 2.8318927009662916e-10, 1.890037179234333e-9, 0.01903558217440706, 0.019035582432805596, 0.019035580779363917, 2.3329737319925014e-10, 5.545138913891705e-9, 0.019035581808169753, 2.7435553171667606e-10, 4.2870287293456895e-10, 0.6179679570436163, 2.752084774928696e-9, 2.915358723071271e-10, 2.5970842042681084e-10, 3.7951907294862275e-10, 0.01903557838344486, 2.5372044134623823e-10, 0.25522029093704707, 0.25522028956755294, 7.991362195202232e-10, 0.25522029087319237, 0.2552202904282799, 3.0648696053338337e-10, 0.25522029117056166, 3.155121858595267e-10, 7.653688494823999e-10, 0.14685750617203205, 4.937773428549118e-10, 0.3820320422032477, 4.059294369484114e-8, 3.503040623334023e-10, 4.680474525854281e-10, 1.8666633423691303e-9, 0.6179679567216566, 3.9743643350428764e-10, 0.1468575057852088, 0.019035581747754788, 0.1468575061717668, 4.913993880387756e-10, 1.7422016135954075e-10, 4.750329865526951e-10, 0.25522029134584295, 4.5971667394670204e-10, 2.512583880014335e-10, 3.55351606183832e-10, 5.351679411345306e-10, 5.67049230417271e-10, 2.2244847897245271e-10, 0.1115847769687582, 6.511255138860255e-10, 0.11158477440654767, 0.14685751505918127, 3.410309767776499e-10, 2.578813042394445e-10, 3.744737772957478e-10, 4.725582206690102e-10, 2.068044698695681e-10, 0.14685750671909836, 0.2552202871368489, 0.1468575054526165, 0.019035579560205244, 3.3112156543903214e-10, 0.1468575064326596, 0.019035580409489886, 5.372686358375245e-10, 0.14685750596195735, 0.14685750551603594, 2.1762162984312514e-10, 2.2504805328111774e-10, 0.019035581516233302, 8.756145053280989e-10, 0.14685750547108392]
v_opt: [0.8531424829683023, 0.8884152218905444, 0.5546968124264158, 0.012451163070181926, 0.021567131391089542]
solution time: 0.015845060348510742
McCormick lower bound: -3.074535542745624

