x_opt: [0.7752617161144923, 0.3182717446216467, 0.7752617440488547, 0.19699843302708298, 0.7752617607317311, 0.19699863881791543, 0.8030013945025095, 0.4540659715199291, 0.2631081197785349, 0.22473825097899117, 0.22473812401930654, 0.7368918242766643, 0.22473824821958457, 0.19699859372580558, 0.22473819585807497, 0.3182717739404094, 0.19699838357016966, 4.681255703057645e-8, 0.19699858908774648, 0.19699852795804398]
w_opt: [0.7752617053691588, 0.5505234844295397, 1.5553706513529712e-8, 1.1676568115326448e-8, 0.5121535498492218, 0.22473820964995686, 1.1815145421706179e-8, 3.963222552543393e-8, 0.19699836028306822, 2.6797530293532957e-8, 8.442330205962331e-9, 0.09353349885370782, 0.09353356249941716, 0.31827168105755066, 0.22473824117442454, 0.19699857469408302, 3.4638023169854696e-8, 0.31827173090277255, 0.19699840159080734, 0.5782631454831821, 0.22932772503639084, 3.025206408335579e-8, 0.51215360452164, 0.3182717125795489, 3.438930133825084e-8, 3.833175469817274e-8, 0.1969985796248025, 2.5404266580301656e-8, 1.0448819618879483e-8, 5.1192600044237016e-8, 0.19699841720204353, 0.19699841842160076, 0.19699837796539418, 7.096489202429942e-9, 2.2192168595459188e-7, 0.1969983747009763, 1.0281619968791822e-8, 1.4825039751715203e-8, 0.26310811173547977, 1.1691693753608252e-7, 2.8292683189603285e-8, 8.80527106750385e-9, 2.152496975667356e-8, 0.1969982643263614, 7.244923971197199e-9, 0.19699861555469222, 0.19699859786037144, 2.409810954050118e-8, 0.19699862329807047, 0.19699855218833714, 1.2986760257887187e-8, 0.196998630872548, 9.897452555401804e-9, 2.7918213046625012e-8, 0.19699857893213243, 2.6718843543133145e-8, 0.7368918152303271, 0.02774035824717159, 1.7886873777004918e-8, 3.897802921881719e-8, 5.170084796997223e-8, 0.26310810815266056, 1.1846523731981127e-8, 0.22473816757818163, 0.19699836679618116, 0.19699857346791622, 2.036853039898156e-8, 6.4533336991502874e-9, 1.1852951522786195e-8, 0.22473823959592917, 1.430402460740394e-8, 1.0187389027428428e-8, 1.196305567626515e-8, 1.369872533272598e-8, 1.5322126279627483e-8, 6.9463118049238736e-9, 0.2247382332472595, 2.459586970668964e-8, 0.1969985244936813, 0.22473811507912309, 1.3564591002674878e-8, 8.567687070232746e-9, 7.810961542650553e-9, 2.1799864038606153e-8, 9.344288679448954e-9, 0.2247381867651926, 0.22473808227761005, 0.19699851085835182, 0.19699834463460644, 1.7150863563939262e-8, 0.22473817953252256, 0.1969983331940289, 1.677062402630646e-8, 0.19699857483540703, 0.19699852039718949, 9.630504179444131e-9, 8.273364616702965e-9, 0.1969983515440164, 3.526336745350366e-8, 0.196998514292389]
v_opt: [0.4540659592764784, 0.775261730410449, 0.601032922438272, 0.05050748054718147, 0.050507414507756684]
solution time: 0.013757944107055664
McCormick lower bound: -5.596111948959507

