x_opt: [0.7994128632970037, 0.2005893706439143, 0.7994129238648328, 0.2005848944476849, 0.799412893063257, 0.20058685326967285, 0.7994132314650308, 0.5470601406479539, 0.28055877374774113, 0.2005871118674272, 0.20058707527431796, 0.7194412079548558, 0.20058710677834005, 0.20058676603236816, 0.20058629915426926, 0.3334228645102654, 0.20058484579688002, 2.3888396078808887e-8, 0.20058487530640706, 0.20058481328681635]
w_opt: [0.7994128554054017, 0.5988257598058087, 8.74336253012198e-9, 7.8319002531274e-9, 0.5188540756926011, 0.20058708483733215, 5.995068859146184e-9, 1.6582706364867783e-8, 0.20058483608097874, 1.4685580685546237e-8, 4.889611510631891e-9, 2.2981132630229372e-6, 2.314128826109633e-6, 0.200589340299868, 0.20058710696362914, 0.2005867557689324, 2.4122441741514315e-8, 0.20058936591027748, 0.20058487979171896, 0.5988261588317514, 0.3464730691285732, 5.6446376531233325e-8, 0.5188541523273059, 0.3334228394987953, 1.8124905373841285e-8, 2.0127817878509225e-8, 0.2005848712933974, 1.2840281559902306e-8, 3.957517949069206e-9, 2.5554325315784583e-8, 0.2005848879653566, 0.20058488676255737, 0.20058486465969208, 3.7752498636470045e-9, 1.0616513549510504e-7, 0.20058484158565787, 4.748638531680035e-9, 8.246076745901453e-9, 0.28055877047935696, 5.062118484405739e-8, 1.0071282973413256e-8, 5.45474643933e-9, 8.276368272109333e-9, 0.20058478386199846, 3.6578285575292787e-9, 0.20058683879366354, 0.20058683325383797, 9.891442128645042e-9, 0.20058684705935162, 0.2005867402924637, 7.889640589838928e-9, 0.2005868490848341, 5.3253587886106675e-9, 1.4772498381124117e-8, 0.2005848706242423, 1.2217158382276385e-8, 0.7194412030600383, 6.060646487986662e-7, 7.483886416506812e-9, 1.0738958004204004e-8, 2.21297249301204e-8, 0.28055876861482376, 5.568245294558165e-9, 0.20058628437182588, 0.2005848386673859, 0.2005848688899663, 7.369375106251206e-9, 3.805278057677745e-9, 1.6199125496981734e-8, 0.20058710091275403, 6.599999317668215e-9, 4.815392997709547e-9, 6.079303966006611e-9, 8.25214898077513e-9, 9.028736219221606e-9, 3.61981339706809e-9, 0.20058710265810759, 1.1254493414779214e-8, 0.2005848439364256, 0.20058707118973118, 7.020649358727457e-9, 4.021703403970377e-9, 4.442842764127101e-9, 1.0229202467518217e-8, 4.591216103803319e-9, 0.20058629515200513, 0.20058702154873354, 0.2005848060699451, 0.20058482699087093, 8.220116753151284e-9, 0.20058629274164594, 0.2005848179234454, 7.487764254153584e-9, 0.200584867887663, 0.2005848078114749, 4.454764320014209e-9, 4.427763006051791e-9, 0.20058479181095742, 1.882772975432875e-8, 0.2005848036258683]
v_opt: [0.5470601362990704, 0.7994129180064935, 0.6390610173131149, 0.04023550570870684, 0.04023517894019067]
solution time: 0.01368403434753418
McCormick lower bound: -5.267674743893856

