x_opt: [0.6596179078731447, 0.34038224840867787, 0.6596179227935426, 7.506741914319584e-7, 0.6596179457382334, 0.13787455119667869, 0.8621254928719745, 0.3984441348383088, 0.34038250142058507, 0.3403820422372962, 0.2893235980805166, 0.6596174944700818, 0.3403820535124894, 0.13787450071150983, 0.3403820483748982, 0.34038228357932976, 7.445797831449338e-7, 1.4158054558098677e-8, 0.13787449883779582, 0.1378744796133984]
w_opt: [0.6596179030480549, 0.3192358554626258, 3.029229988346012e-9, 2.8999897134432842e-9, 0.3192354044326456, 0.3403820435466748, 3.0196184356400435e-9, 1.4880299989822225e-8, 7.390911601974167e-7, 8.740666457244946e-9, 2.0356489522136732e-9, 1.7293663912854625e-7, 2.1064209609645627e-7, 0.3403822268412776, 0.340382040248882, 0.13787449585894787, 1.1831440495639162e-8, 0.3403822458902103, 7.428577841349352e-7, 0.5217434173368924, 0.05806205973938003, 6.735581510341934e-9, 0.31923542682592304, 0.3403822698121491, 1.0886586771378523e-8, 1.2139480845465269e-8, 0.1378744964943003, 1.2790129986454083e-8, 2.1148656862076314e-9, 1.635125654272171e-8, 7.462142640779285e-7, 7.470081885300354e-7, 7.30947786569813e-7, 1.7564679532455445e-9, 7.12059254538996e-8, 7.420547527588765e-7, 2.8085045342964945e-9, 4.188010273835436e-9, 0.34038249934969156, 2.754984333247538e-8, 6.306306229529281e-9, 2.29277468226254e-9, 7.0573320430193425e-9, 7.145637458512944e-7, 1.959065601115786e-9, 0.13787454523192283, 0.13787453825745968, 6.0466083445182455e-9, 0.13787454790725812, 0.137874482230439, 3.610921770432644e-9, 0.1378745493868969, 2.5461972455049443e-9, 8.996058576933922e-9, 0.13787449633907858, 7.248318202934908e-9, 0.6596174920902743, 0.2025080119176509, 4.3788331587997836e-9, 3.120150664074429e-8, 1.165685897260317e-8, 0.34038249876742976, 3.014532466696758e-9, 0.3403820422391409, 7.398362665174848e-7, 0.13787449519654327, 4.561184844741263e-9, 1.5869022681925164e-9, 2.4939585074227522e-9, 0.3403820517840347, 4.4165422519694836e-9, 2.376723589255407e-9, 3.4586146721142983e-9, 4.136741995006949e-9, 4.654308215837351e-9, 1.8185900839939969e-9, 0.3403820395531222, 5.59190616616938e-9, 0.1378744820352517, 0.2893235960603251, 4.095282898313793e-9, 2.346900217287346e-9, 2.0620534943291783e-9, 5.040916779772084e-9, 2.3729459557660206e-9, 0.3403820460000174, 0.3403820026960904, 0.13787447576262576, 7.358522344756769e-7, 4.66966158608833e-9, 0.3403820450056381, 7.294871273553625e-7, 4.6845127159372694e-9, 0.13787449567706953, 0.13787447688890034, 2.383756869631401e-9, 2.0667286902488566e-9, 7.348882118420381e-7, 1.146318816495765e-8, 0.1378744529491093]
v_opt: [0.39844413199612777, 0.6596179196509603, 0.43509587641498176, 0.11586010059694683, 0.08370821573472559]
solution time: 0.01207113265991211
McCormick lower bound: -5.777091613596974

