x_opt: [0.7263788208680725, 0.07477595276134232, 0.9252240512886181, 0.0747759440632284, 0.7021289157868429, 0.29787107318457684, 0.9145656263048704, 0.8836243252111697, 0.5795217964662582, 0.07477594893900032, 0.11637567358520778, 0.42047820441514894, 0.29787107620232744, 0.08543437358564332, 0.27362117248704604, 0.2978710745507343, 0.07477594405893631, 5.790677162696284e-10, 0.0747759475510087, 0.07477594740638206]
w_opt: [0.7263788207791789, 0.42850773668959663, 1.6409979710857303e-10, 1.769208556151213e-10, 0.146857025378759, 0.2978710755652558, 1.846366223497564e-10, 9.691238155906175e-10, 0.07477594383753641, 3.5386564849578736e-10, 1.0995197863157583e-10, 4.119656718429559e-9, 8.171023515890292e-10, 0.0747759520665558, 0.07477594881836895, 0.07477595249250518, 1.4900372727806317e-9, 0.07477595266554228, 0.07477594369234686, 0.8397896777215065, 0.8088483766641509, 5.549062646973829e-10, 0.34570225622744644, 0.29787107412090286, 4.72125416985978e-10, 4.4807809617293824e-10, 0.0747759474163119, 3.314210772221376e-10, 8.085916290829884e-11, 5.579040531471682e-10, 0.07477594384531407, 0.07477594390503615, 0.07477594261278472, 1.3904583506173787e-10, 2.0114274673306733e-9, 0.07477594384204467, 1.3480342161330404e-10, 2.9642990607414724e-10, 0.579521796374566, 5.554897105558698e-10, 8.486054376471732e-11, 1.81970360085781e-10, 1.7982011967279302e-10, 0.07477594238280909, 1.343580207295545e-10, 0.29787107279440733, 0.2978710725619193, 2.3220726079772695e-10, 0.297871073031302, 0.08543437317025027, 2.3191283158347998e-10, 0.2978710730219724, 1.716024496372247e-10, 3.325114343521625e-10, 0.07477594731162661, 2.1997281069080906e-10, 0.42047820422486043, 0.21243670889131283, 1.3680121080875516e-10, 2.467071002850528e-10, 5.093064580551087e-10, 0.5795217963193292, 1.7598688561679675e-10, 0.2736211719898256, 0.07477594384999313, 0.0747759474168091, 1.3761049972807022e-10, 1.1974727700413836e-10, 1.1007992458373004e-9, 0.29787107608182767, 2.4387711453597635e-10, 1.1805372173950132e-10, 1.9334425071850085e-10, 5.518857560489532e-10, 4.4581641380231306e-10, 1.349436509745514e-10, 0.07477594875919741, 2.0132497502467502e-10, 0.07477594499856581, 0.11637567368568956, 1.780649397618764e-10, 1.3965374545252949e-10, 2.8018002820790213e-10, 2.266004252030792e-10, 1.0745187307081324e-10, 0.27362117238695927, 0.29787107109861066, 0.07477594726312742, 0.07477594331808242, 1.8715476967401357e-10, 0.27362117232961103, 0.07477594297549892, 1.814092014432166e-10, 0.07477594737439916, 0.07477594720678278, 1.0592863063450974e-10, 1.2753002622134611e-10, 0.07477594372616797, 4.3650194570051545e-10, 0.07477594725010973]
v_opt: [0.8836243251080997, 0.9252240511665184, 0.49298502109208897, 0.0055914523409630055, 0.013543297551787441]
solution time: 0.018191099166870117
McCormick lower bound: -3.867572854480121

