x_opt: [0.6403708704922012, 0.3596291293930455, 0.6403708718155705, 2.6406260018846664e-8, 0.6403708683375149, 0.1549864393322193, 0.8825284819047942, 0.3716389369730476, 0.3596291339684353, 0.35962912782496825, 0.2412265664310757, 0.6403708650361126, 0.35962913144960723, 0.11747151833587782, 0.3596291308121181, 0.3596291319619636, 2.6265291907060902e-8, 1.2292918508292918e-9, 0.11747138759879712, 0.1174713854161317]
w_opt: [0.6403708702842412, 0.28074173868960256, 3.6252293991337514e-10, 3.7391246589860324e-10, 0.28074173574452455, 0.3596291305041797, 2.963069876068393e-10, 3.213513373329664e-9, 2.5760781716597776e-8, 7.414244345202168e-10, 2.6179536449516795e-10, 1.3894319550574696e-9, 1.7314573485010843e-9, 0.35962912772738354, 0.3596291276100512, 0.11747151771534742, 1.596460908434962e-9, 0.35962912915183304, 2.570550720542941e-8, 0.5228993539492296, 0.01200980901137246, 6.269210260455179e-10, 0.280741737780395, 0.3596291309728558, 1.0352706907843404e-9, 1.0329744303103893e-9, 0.1174713873557561, 7.27794744626762e-10, 1.7792145320354084e-10, 1.0457033451044693e-9, 2.5975488110092964e-8, 2.6058797826894514e-8, 2.451609577523259e-8, 2.2042050983615242e-10, 3.754222986035209e-9, 2.5919041398876257e-8, 2.936159982376297e-10, 5.081027046806974e-10, 0.3596291337394664, 1.2903777009867056e-9, 2.6178871642469944e-10, 3.1885141461448977e-10, 5.243028565564999e-10, 2.369676655694788e-8, 2.281061602670137e-10, 0.15498643852435945, 0.15498643830947048, 4.781933214892199e-10, 0.1549864389947321, 0.11747151743198816, 4.6302800382219935e-10, 0.15498643910322152, 2.8048965952377213e-10, 7.206362375780891e-10, 0.11747138727071704, 5.891208970859982e-10, 0.640370864693655, 0.24215762748684874, 5.521774633150461e-10, 6.615362968534817e-10, 9.295752873774267e-10, 0.3596291337144599, 3.2134335838464543e-10, 0.3596291300993647, 2.575244886843145e-8, 0.11747138725608065, 3.263910580863643e-10, 1.9685410925809437e-10, 3.6745556964408673e-10, 0.35962913124685714, 4.993424015755905e-10, 2.4745225219477104e-10, 3.798344305934752e-10, 5.932861155538974e-10, 6.031655393114082e-10, 2.4005603937848816e-10, 0.3596291276081987, 4.1669426196839506e-10, 0.11747138560934003, 0.24122656615378688, 3.8434569555579483e-10, 2.831292069608243e-10, 3.0754594531219685e-10, 5.8440250342127e-10, 2.462627099142129e-10, 0.35962913057642576, 0.3596291217868506, 0.11747138504929824, 2.5438188063092294e-8, 5.024516180068626e-10, 0.3596291304248728, 2.4606610283484713e-8, 3.736497932907982e-10, 0.11747138725766174, 0.11747138511214616, 2.447945171802354e-10, 2.372233308382151e-10, 2.5634130844745427e-8, 9.655093303269866e-10, 0.1174713851186022]
v_opt: [0.3716389367366414, 0.6403708714896869, 0.410074878129605, 0.12933311082713564, 0.05819026402375502]
solution time: 0.01269388198852539
McCormick lower bound: -6.087691022631886

