x_opt: [0.7409960428458832, 0.25899863234791093, 0.7410040285020455, 0.0813336043689116, 0.7407289702084, 0.25927077900792983, 0.7409976657847474, 0.6986298660640363, 0.4407519520048823, 0.25899579952447915, 0.19287679030830202, 0.5592484928910073, 0.2592709994260142, 0.25900232039582666, 0.25926840833727516, 0.25927209166712384, 0.08133361038914515, 5.2740327044776044e-8, 0.081333747429495, 0.08133370629378453]
w_opt: [0.7409960352535309, 0.4817250206107513, 1.4139379724522592e-8, 1.5943070978858268e-8, 0.3002445435321118, 0.2592709524793073, 9.288904214928572e-9, 0.00026447926220368734, 0.08133359288836398, 3.3475872695823326e-8, 1.0466650851885058e-8, 2.665007128898521e-6, 2.6405099303290198e-8, 0.2589985736414551, 0.2589957936452217, 0.25899846790941095, 9.841568369380179e-8, 0.25899862482792724, 0.08133357552382585, 0.4820017034298794, 0.43963390433334487, 1.243544815269493e-8, 0.300252563592953, 0.25927205708510104, 3.8944660765306715e-8, 4.474078156057824e-8, 0.08133373870796698, 2.6253102643573717e-8, 6.066284024579815e-9, 4.547849686121472e-8, 0.08133358949909156, 0.08133358856925811, 0.08133351298378533, 9.980648957442222e-9, 2.3342861920222394e-7, 0.08133359138863511, 1.0971769596909061e-8, 2.3666943878383597e-8, 0.4407519452671205, 2.298053792564736e-8, 8.148765382657507e-9, 1.166443684027969e-8, 1.3950734839923858e-8, 0.08133346659019132, 9.425069050820305e-9, 0.25927074132932537, 0.25927072595217227, 1.7349643487733398e-8, 0.2592707664701816, 0.25900229930588625, 2.0990945252990972e-8, 0.25927076751821854, 1.311241334401573e-8, 3.147826508321557e-8, 0.08133373230615935, 2.0427269079837525e-8, 0.5592484781416965, 0.00026877185225267274, 9.170979880437048e-9, 2.2490248760365057e-8, 3.737011566792128e-8, 0.4407519421302848, 1.198071879420723e-8, 0.2592683739444648, 0.0813335940402215, 0.08133373643780745, 1.087430880417371e-8, 9.812694772524202e-9, 5.837477082223956e-7, 0.25927098883504746, 1.71767658871026e-8, 9.437742933787662e-9, 1.562002588934374e-8, 3.3415330598082954e-8, 2.9999633455988404e-8, 9.622441000657615e-9, 0.2589957875811548, 1.6598884648425405e-8, 0.08133366113847394, 0.19287678092526703, 1.5928585439959024e-8, 1.0241655092786142e-8, 1.5252302432554315e-8, 1.8803856785081442e-8, 9.444794429058971e-9, 0.2592684015003532, 0.2592707036071265, 0.08133369387069074, 0.0813335700181273, 1.700418965696569e-8, 0.2592683972971267, 0.08133353691440835, 1.4202747428495287e-8, 0.08133373291596681, 0.08133369174671677, 8.869162368058312e-9, 1.0592134508256038e-8, 0.08133355169902239, 4.260074431082984e-8, 0.08133369436485621]
v_opt: [0.6986298588102949, 0.7410040181365433, 0.548679676180463, 0.06707889388347901, 0.0372015329385499]
solution time: 0.013870000839233398
McCormick lower bound: -4.807252131073912

