x_opt: [0.6315615908060243, 0.3684381475903315, 0.6315620210445524, 0.058878182485483904, 0.63156183042117, 0.15474904606185375, 0.8452656931065611, 0.39645692318163833, 0.3684388132499169, 0.36843791094885714, 0.17163321586197888, 0.6315611173085871, 0.3684380975481119, 0.15473433457267657, 0.36843801997821973, 0.3684385117584805, 0.058878094762100826, 4.6838626277805055e-8, 0.05888497966609535, 0.05888459265389219]
w_opt: [0.6315615783563977, 0.263123428865138, 1.386196955991693e-8, 1.2775629682550914e-8, 0.2631227165288131, 0.368438059353304, 1.0105919288661942e-8, 7.206084653756964e-8, 0.05887807559980463, 2.8568758963260682e-8, 1.1426638486563966e-8, 1.7504336000317698e-7, 1.3221850209863166e-7, 0.3684380753644045, 0.36843789921570536, 0.15473430918131578, 4.6159153159080446e-8, 0.36843813748250664, 0.058878153900213524, 0.4768277213564409, 0.02801895077438644, 8.552878195717515e-9, 0.263123175604875, 0.3684384703975347, 4.26323329535611e-8, 4.083454581769421e-8, 0.058884972371312946, 3.723124753066677e-8, 6.407710222839407e-9, 5.276067431430599e-8, 0.05887816921216074, 0.05887816746059148, 0.05887808316208005, 7.242603430438397e-9, 5.431161926343017e-7, 0.0588780826351554, 1.015504971162628e-8, 1.7847156858597936e-8, 0.36843880617421026, 4.500692609543978e-8, 1.1110420434245085e-8, 1.118035928948389e-8, 2.981518178839034e-8, 0.05887795816224267, 7.011261681984001e-9, 0.1547490117035177, 0.1547490123061601, 1.750432749723541e-8, 0.15474903300162765, 0.15473424199548397, 1.723093741108448e-8, 0.15474903860182576, 1.0137921342529892e-8, 2.8268135528688676e-8, 0.05888497044960855, 3.001221899176863e-8, 0.6315611062606952, 0.21370408490758055, 4.222153589887991e-8, 3.917780302642619e-8, 5.6651707281853673e-8, 0.36843880519743033, 1.1066982304738595e-8, 0.36843800188743425, 0.05887807833695953, 0.05888496734678874, 1.322756055146478e-8, 7.475656698700461e-9, 1.5878228273973162e-8, 0.3684380895848534, 1.4484640328610884e-8, 9.31046120943906e-9, 1.2650102881469016e-8, 1.9506060941275046e-8, 1.854005154979853e-8, 7.47577171006372e-9, 0.36843789683794764, 1.7632357712382667e-8, 0.058884906266408604, 0.1716332095491381, 1.4722764864665668e-8, 8.642383878761655e-9, 9.20415534815954e-9, 2.5320647730463038e-8, 9.442138143978062e-9, 0.3684380098066734, 0.3684379186723222, 0.058884577795606664, 0.058878062788629726, 2.1283869501869928e-8, 0.36843799821963735, 0.058878030516940336, 1.3127806214221191e-8, 0.05888496692317072, 0.05888457970539374, 9.262176888854217e-9, 8.586864411691688e-9, 0.058877924411495405, 3.82531760546333e-8, 0.05888456460861656]
v_opt: [0.396456915430328, 0.6315620096254873, 0.3988705081771642, 0.13574660403756922, 0.029458520087258307]
solution time: 0.011674165725708008
McCormick lower bound: -7.109724569376532

