x_opt: [0.7373046136442418, 0.33839751698560294, 0.737304614528548, 0.17210466592882653, 0.7373046136075959, 0.17210469881255586, 0.8278953066219332, 0.40150459921019105, 0.2626953914126293, 0.26269538441298124, 0.2278908712432277, 0.7373046080581684, 0.2626953855202496, 0.1721046935780116, 0.2626953817862441, 0.33839752038695486, 0.17210466493608434, 2.3719168694520062e-9, 0.17210468950681018, 0.1721046666048217]
w_opt: [0.7373046130286538, 0.4746092284233304, 8.879392770870639e-10, 5.898605905025662e-10, 0.4746092221971859, 0.2626953836116497, 5.199649777207532e-10, 1.908623944112905e-9, 0.17210466379814546, 1.3661016312255054e-9, 4.940732010264827e-10, 0.07570213197487238, 0.07570213374543085, 0.3383975139233651, 0.26269538482290966, 0.17210469249143878, 1.7559979495091455e-9, 0.3383975164549482, 0.17210466443699596, 0.5651999214974817, 0.13880921415557973, 1.6595375423916625e-9, 0.4746092244179317, 0.33839751764252307, 1.7373704717026723e-9, 1.999670534689904e-9, 0.1721046890829772, 1.2954855639308707e-9, 4.619556366495789e-10, 2.2157241746814767e-9, 0.17210466523469498, 0.1721046651406856, 0.1721046633163866, 3.558982155011337e-10, 1.043826174343343e-8, 0.17210466446101488, 4.98796146841805e-10, 7.681894817024669e-10, 0.26269539102238576, 4.2234454577624495e-9, 1.1626037973464952e-9, 4.712427810803141e-10, 1.0784632797605864e-9, 0.17210465900496022, 3.460414936872341e-10, 0.1721046974134838, 0.1721046970046395, 1.0473732739987662e-9, 0.1721046979828503, 0.17210469173006537, 7.268493766172738e-10, 0.17210469840451653, 4.982184948080626e-10, 1.4054583415872767e-9, 0.17210468906070522, 1.3850095915959958e-9, 0.7373046075763117, 0.09059072441540388, 1.1087771452654344e-9, 1.244079020689716e-9, 1.9257653617198165e-9, 0.262695390905712, 5.878784491270665e-10, 0.2626953804252722, 0.1721046641312348, 0.1721046887311429, 9.126996111357567e-10, 3.562396058678227e-10, 8.605191942948187e-10, 0.2626953850433319, 6.64633700280312e-10, 5.186129506153672e-10, 5.909298007552615e-10, 6.904069774778991e-10, 7.590844794032483e-10, 3.6185110357325386e-10, 0.2626953845679832, 1.1587617017211337e-9, 0.17210468643337426, 0.22789087079502732, 7.001091882724398e-10, 4.103718540325256e-10, 3.984047925557464e-10, 1.2836780430352328e-9, 4.927576618541793e-10, 0.2626953813063239, 0.262695377637077, 0.17210466570042962, 0.17210466337100214, 9.279164038631848e-10, 0.26269538104960366, 0.17210466248916179, 7.62742785088884e-10, 0.17210468873119342, 0.17210466619404366, 4.922411516095035e-10, 4.3262889802286343e-10, 0.1721046628912437, 1.819643664833607e-9, 0.17210466601446806]
v_opt: [0.4015045986783245, 0.737304613803775, 0.5436180957150414, 0.06900887239335568, 0.05193426261594203]
solution time: 0.013666868209838867
McCormick lower bound: -6.595572295968611

