x_opt: [0.7221700342008956, 0.301707994069316, 0.7221700488298511, 9.298519532458969e-7, 0.7221700655968128, 0.18865035204056463, 0.8113496930055188, 0.514415979193533, 0.3762960226690143, 0.2778299329179729, 0.27782798568207057, 0.6237038920899537, 0.2778299385845911, 0.18865029924411325, 0.27782991668502904, 0.30170802750852316, 9.10838617080079e-7, 3.1592770574825645e-8, 0.18865030771544045, 0.18865025634935786]
w_opt: [0.722170028501573, 0.4443401045914664, 9.395419375888205e-9, 7.985369313882025e-9, 0.34587393205043054, 0.2778299142603088, 8.287178359540721e-9, 3.1300838164687866e-8, 8.963452254501686e-7, 1.8518076969346985e-8, 5.339060146277612e-9, 0.023878048772921392, 0.02387809907217087, 0.30170795059560473, 0.27782992680668567, 0.1886502868723226, 2.6052631636617112e-8, 0.30170798595501747, 9.100819821321863e-7, 0.5335197466676431, 0.2365860343599819, 1.4422977398735088e-8, 0.3458739639838445, 0.30170799187039676, 2.362054850562983e-8, 2.5788308045235766e-8, 0.1886503010584355, 1.7346234312936247e-8, 6.241926091108379e-9, 3.3116794337491263e-8, 9.18218545799493e-7, 9.210550199589869e-7, 8.896190895146903e-7, 4.841600374957944e-9, 1.1791273351306023e-7, 9.041536550922748e-7, 7.113551179425963e-9, 1.0206202601556946e-8, 0.3762960170026002, 7.240773869279529e-8, 1.5816253118303615e-8, 6.058157506262938e-9, 1.4750152228153796e-8, 8.41048704679498e-7, 5.194290779630307e-9, 0.18865033723845084, 0.18865032339547477, 1.56769136945124e-8, 0.18865034286711568, 0.18865027443639446, 8.685213880206364e-9, 0.1886503468431951, 6.534561477961972e-9, 1.901488476501998e-8, 0.18865030045531558, 1.64363541077389e-8, 0.6237038857553154, 0.08918009062551562, 1.0739346292885106e-8, 3.123216010328317e-8, 4.2751263823156105e-8, 0.3762960148981637, 7.937563822398534e-9, 0.27782989834020116, 8.987001196603432e-7, 0.1886502978954383, 1.182660237485949e-8, 4.112003999314663e-9, 6.933441166500007e-9, 0.2778299333700136, 1.1005524806037936e-8, 6.4139717220412395e-9, 8.52217201660451e-9, 1.0183360245219759e-8, 1.1324275344283603e-8, 4.919074124990613e-9, 0.2778299237501389, 1.395756555148135e-8, 0.18865026223839143, 0.27782797956330096, 9.108356405430599e-9, 6.299710517030185e-9, 5.657431156856642e-9, 1.3244504826648263e-8, 5.975848046100276e-9, 0.2778299106849782, 0.277829821126686, 0.18865024612730705, 8.881582809700726e-7, 1.1318845921164494e-8, 0.2778299064999112, 8.751762286735685e-7, 1.1365683439616067e-8, 0.18865029920441287, 0.18865025108568514, 6.202079578463165e-9, 5.39774463952412e-9, 8.943122828219247e-7, 2.39761136085529e-8, 0.18865024807302125]
v_opt: [0.5144159712144281, 0.722170040276223, 0.521530310407501, 0.07718973488010251, 0.07718842130001174]
solution time: 0.012240171432495117
McCormick lower bound: -5.383995315981968

