x_opt: [0.7890593242846268, 0.3231151373045755, 0.7890593521237855, 0.2109406436429303, 0.7890593304950634, 0.2109406562905178, 0.7890593336242445, 0.46073120495241887, 0.2718521096504084, 0.210940669294078, 0.1874480704921766, 0.7281479856672651, 0.21094066907716338, 0.21094066497373778, 0.2109405472073104, 0.3231151932550334, 0.21094063712617653, 3.365888956540883e-9, 0.2109403716620224, 0.21094037248675224]
w_opt: [0.7890593227939513, 0.5781186551985285, 1.715087413607125e-9, 6.48569296615486e-10, 0.5172073107642269, 0.2109406651664133, 7.10633480541191e-10, 2.758877320366425e-9, 0.2109406357860711, 2.2150752799320453e-9, 7.62916004314936e-10, 0.11217448989976984, 0.11217448215190182, 0.32311513203344605, 0.21094066866502004, 0.21094066357458507, 4.3603497692132406e-9, 0.32311513669368774, 0.21094064137728266, 0.5781186861207954, 0.24979055760306182, 2.5447435982230013e-8, 0.5172073416847979, 0.3231151879518293, 4.125762373438328e-9, 2.9472718799725864e-9, 0.21094037125308965, 1.9149990897643536e-9, 4.83666685582835e-10, 5.8927359971885194e-9, 0.21094064300784174, 0.2109406426712401, 0.21094063834729573, 4.138406729845361e-10, 2.0361885914725452e-8, 0.21094063675441707, 5.022287019013626e-10, 1.0524417477489598e-9, 0.27185210932558784, 1.118713562837194e-8, 1.8611364808343821e-9, 6.142197940861437e-10, 1.402546206881296e-9, 0.2109406228255157, 3.916701272095671e-10, 0.21094065359822348, 0.21094065344408777, 1.4216493212560206e-9, 0.2109406553949697, 0.21094065010522486, 1.4853677945340148e-9, 0.2109406557900501, 7.196372957160856e-10, 2.161638894340148e-9, 0.2109403712007514, 2.8078265345104123e-9, 0.728147985060781, 2.428810216965274e-7, 1.2257112521539108e-9, 1.81029782048125e-9, 4.617034328417979e-9, 0.2718521091193502, 7.043749799172339e-10, 0.21094054446875068, 0.2109406364075359, 0.21094037080584474, 1.2924862701360374e-9, 5.706069067638503e-10, 9.843066262768808e-8, 0.21094066809784262, 6.87322276980576e-10, 6.568351307202398e-10, 6.780587782867141e-10, 1.0027440032857568e-9, 1.2005682501025249e-9, 3.4660187857029164e-10, 0.21094066786811766, 2.458495965226102e-9, 0.21094036760569765, 0.18744807004674874, 1.1555022824583107e-9, 3.845402072928433e-10, 4.457075577103868e-10, 1.8252403331910525e-9, 6.657269801431487e-10, 0.21094054665250062, 0.2109406405172322, 0.2109403715242068, 0.21094063214705658, 1.1851542429012724e-9, 0.2109405463661952, 0.21094054001198928, 9.47591422045318e-10, 0.21094037014800504, 0.21094037180011677, 5.869435596888442e-10, 5.98451888009203e-10, 0.21094036600478824, 2.7684312321470515e-9, 0.21094036608750366]
v_opt: [0.4607312044552084, 0.7890593514281834, 0.6226146471844505, 0.0444960249253203, 0.035136826041318396]
solution time: 0.0157470703125
McCormick lower bound: -5.59240239799637

