x_opt: [0.7895299997020385, 0.3209282628123861, 0.7895300313988167, 0.2104697973944632, 0.7895301949233571, 0.210469672920853, 0.7895303210547141, 0.463364926132904, 0.2704874762833817, 0.21047000198460342, 0.1931684099552339, 0.7295125159886866, 0.2104699915840263, 0.2104696753706834, 0.21046977826259763, 0.32092826467739644, 0.21046967609186681, 7.219629955729786e-9, 0.21046966599747416, 0.2104696610653034]
w_opt: [0.7895299957498007, 0.5790601957946032, 4.696241955428129e-9, 1.4259320829487128e-9, 0.5190425173096223, 0.21046998411494147, 1.6726074421698017e-9, 4.336524430349741e-9, 0.21046967236226813, 4.198071968115872e-9, 1.4152316541618848e-9, 0.11045829606335517, 0.11045846913043708, 0.3209282527468457, 0.210470000363978, 0.2104696724897848, 5.091073293291381e-9, 0.32092826043839845, 0.21046979230052884, 0.579060353407097, 0.2528949589633395, 4.048133712192725e-8, 0.5190425540357094, 0.32092825272288733, 4.99560574483969e-9, 5.997079452956923e-9, 0.21046966473071219, 3.999168726980462e-9, 2.277619848219624e-9, 8.318750386783649e-9, 0.2104697954168391, 0.2104697949637452, 0.21046979028739177, 1.0154172227167157e-9, 4.087407289401942e-8, 0.2104696750656074, 1.3822248243104388e-9, 2.145229497856539e-9, 0.27048747525053457, 2.0672492791276733e-7, 1.9151496006390508e-7, 1.3055934116869748e-9, 4.4884890772923724e-9, 0.21046965229777767, 1.0076082166957364e-9, 0.21046966904125755, 0.21046966713396814, 3.4226097255118845e-9, 0.2104696700162168, 0.21046965668326637, 2.0307452379153305e-9, 0.21046967170303418, 1.5507200846669536e-9, 4.412853888636715e-9, 0.2104696646287965, 4.830846457922551e-9, 0.729512514754989, 1.1041300382424167e-6, 3.6443642648189743e-9, 4.691328614618354e-9, 1.2392894683970565e-8, 0.2704874745831258, 1.739317619087724e-9, 0.21046977345374424, 0.2104696739911948, 0.2104696635742136, 4.023244556920054e-9, 1.1082093548756263e-9, 2.686068109425179e-9, 0.21046999008569103, 1.7624645020046924e-9, 1.6522799790332119e-9, 1.6146968388921804e-9, 1.85663524717921e-9, 2.1274072472867663e-9, 9.181404195896954e-10, 0.2104699902544289, 5.762394622789202e-9, 0.2104696569669391, 0.19316840867363602, 2.0971858836613038e-9, 1.0783951878651397e-9, 1.028392560839725e-9, 3.4836252239555604e-9, 1.481964194853009e-9, 0.21046977676157483, 0.2104699653457867, 0.21046965798363942, 0.21046965336878443, 2.6019677507742423e-9, 0.21046977561572877, 0.21046966845959078, 2.518859139337544e-9, 0.21046966339085885, 0.2104696599491014, 1.492428576071093e-9, 1.2959376108081872e-9, 0.21046964779581787, 5.4326369720226075e-9, 0.21046965466368414]
v_opt: [0.4633649243454905, 0.7895300292271149, 0.6233603427967566, 0.04429768317791275, 0.03731408944727071]
solution time: 0.011723995208740234
McCormick lower bound: -5.675437101028484

