x_opt: [0.6538693387154119, 0.2605888457270458, 0.8854844743893258, 0.11451522252467132, 0.7394136588295243, 0.2605853046124422, 0.7394141906297457, 0.8809606349651111, 0.5868948265059709, 0.11451564592499067, 0.11903932164106198, 0.4131051532739148, 0.2605856017533406, 0.2605857177544282, 0.11451561498753215, 0.26058999362728585, 0.11451518749581201, 4.247751513457411e-8, 0.11451559320137655, 0.11451558332540607]
w_opt: [0.6538693314779006, 0.3932830000856939, 1.60646038180191e-8, 5.4903678387047235e-9, 0.06697449693275573, 0.26058554943717854, 1.0232957211356603e-8, 3.399734789203295e-8, 0.11451517485939325, 3.043656439029463e-8, 3.433119955619929e-9, 0.14607332463962108, 2.907192608131468e-6, 0.2605887687531116, 0.11451564019085796, 0.26058570822807803, 8.829951887705012e-8, 0.2605888382854562, 0.11451519238441997, 0.6248986688544697, 0.7664451250509546, 1.3615768810949214e-7, 0.2985896873346133, 0.26058991988606567, 2.5583338717688932e-8, 3.256162507425759e-8, 0.11451558734715096, 8.986414845604661e-8, 4.90899727285521e-9, 1.4964981655426923e-7, 0.11451521219710618, 0.11451521048923405, 0.11451507099853069, 4.4821317718635365e-9, 7.287992685858766e-7, 0.1145151814224981, 5.171340069261715e-9, 1.1126611049454577e-8, 0.5868948233215074, 7.661050256368461e-8, 6.801829515979383e-9, 5.165257728940325e-9, 1.0037298354250336e-8, 0.11451494698077776, 5.270702400547364e-9, 0.26058529075046716, 0.2605852194652769, 2.3308124023419918e-8, 0.26058528623684934, 0.2605852329143227, 1.2944534820399377e-8, 0.26058529948448866, 8.871851469264667e-9, 3.076195163752507e-8, 0.11451558866943454, 2.600496441485191e-8, 0.41310514875109516, 6.018915889826229e-6, 8.413059437096608e-9, 1.2961717888284563e-8, 6.48664674466137e-8, 0.5868948193079154, 1.0566231588871547e-8, 0.11451556417336745, 0.11451517981020397, 0.11451558566399754, 1.3475109954306075e-8, 4.711236694116803e-9, 4.9152708601595056e-8, 0.2605855856404889, 9.716728852172412e-9, 5.833614302863999e-9, 8.367110227158765e-9, 1.4993714642006137e-8, 2.0086111404817418e-8, 3.871197059821724e-9, 0.11451563940556951, 3.744949438576191e-8, 0.11451526820029072, 0.11903931227477657, 1.3139230555106705e-8, 4.190252786439877e-9, 7.026668121922479e-9, 1.333041834609366e-8, 4.888552709839611e-9, 0.11451561042546263, 0.2605851626918127, 0.1145155767014821, 0.11451513610502333, 8.7825129977773e-9, 0.11451560449887162, 0.11451510646298559, 1.6931145916810216e-8, 0.11451556856603785, 0.11451557824641809, 5.3182209016003175e-9, 5.356402546917154e-9, 0.11451517500644263, 3.457571303797828e-8, 0.11451556329887021]
v_opt: [0.8809606286510254, 0.885484469710721, 0.5467326580938806, 0.013114222898076951, 0.014170376789592452]
solution time: 0.014139890670776367
McCormick lower bound: -3.338372349060159

