x_opt: [0.3375165760920363, 0.11452564370520533, 0.8854744657850026, 0.11452559605577982, 0.8854743393260022, 0.1145255419464083, 0.8854743457044322, 0.8854750391891683, 0.8854742826541026, 0.11452556324608733, 0.11452057838576679, 0.7638172911551099, 0.11452557628077552, 0.11452564832501287, 0.11452531228109318, 0.3745356441098145, 0.11452554997434716, 1.0571431239986216e-8, 0.11452496048249897, 0.11452489223376136]
w_opt: [0.33751657411011754, 0.2229909167123337, 3.879177885731512e-9, 2.5889149566014797e-9, 0.10133386911712912, 0.11452556161819404, 2.463631604466957e-9, 1.0187195312777242e-8, 0.11452554640523713, 6.669895280674779e-9, 1.9287453787268058e-9, 1.1073741022643861e-7, 4.0119495854475335e-8, 0.1145256309537917, 0.1145255606976788, 0.11452562168474968, 2.0754451929331856e-8, 0.11452564191097776, 0.11452558940042867, 0.7709488131289979, 0.7709495076077532, 3.994410587001384e-8, 0.6492917693364902, 0.3745356349223275, 3.4163767990229786e-8, 8.676372533646603e-9, 0.11452495878737468, 4.252015633140749e-9, 1.47798345515052e-9, 1.1816708490968227e-8, 0.11452559357048324, 0.11452559254414302, 0.11452552865303856, 1.9083523767893975e-9, 5.826159541345717e-8, 0.11452554833258331, 1.8207535328030245e-9, 3.953080370924735e-9, 0.8854742813647137, 1.3632644044853471e-8, 1.7969863155321756e-9, 2.647645700847231e-9, 3.4329038584488807e-9, 0.11452550497096009, 1.6427992941304132e-9, 0.11452553371165435, 0.11452553148402814, 3.870899445924703e-9, 0.11452553880276159, 0.114525530474893, 4.437238000544846e-9, 0.11452553948304312, 2.8158803055991426e-9, 6.427164435869835e-9, 0.11452495788424137, 4.915291190502089e-9, 0.7638172885709366, 5.703102513942264e-7, 1.976413094209658e-9, 3.7899849841814295e-9, 8.720393524093891e-9, 0.88547428033923, 1.98999183652602e-9, 0.11452530193094158, 0.11452554748603537, 0.11452495833136729, 6.551484354904369e-9, 2.314595166112549e-9, 0.6492915896256097, 0.11452557272289791, 2.730462522927073e-9, 2.0610789705237594e-9, 2.6506831593725874e-9, 6.225150490469881e-9, 5.994419020352672e-9, 1.7037479524673555e-9, 0.11452555719957305, 5.098702414852666e-9, 0.11452494071892717, 0.1145205759146911, 3.209840112961044e-9, 1.6057826740543649e-9, 2.962360841000702e-9, 4.262235529776089e-9, 1.8359088644340624e-9, 0.11452531029530312, 0.1145255246158812, 0.11452488955882387, 0.11452553293548483, 2.9584040733548024e-9, 0.11452530968952036, 0.11452529128073156, 2.95001666761492e-9, 0.11452495687336049, 0.11452488975102659, 1.7040989446310196e-9, 2.2228717256263266e-9, 0.11452488521968882, 8.297758549471499e-9, 0.11452488395238254]
v_opt: [0.8854750376959014, 0.8854744638493023, 0.7840648542647234, 0.013116269533736971, 0.013114967018640162]
solution time: 0.013489961624145508
McCormick lower bound: -4.096802437239021

