x_opt: [0.6559695596450811, 0.34403045902224283, 0.65596956322148, 6.7689540324764865e-6, 0.6559695565099748, 0.13886855946215906, 0.8611314702681225, 0.38896445984846545, 0.3440305180053579, 0.34403043339354533, 0.27065134706323074, 0.6559694785443506, 0.3440304413539471, 0.138868530187408, 0.3440304367133923, 0.34403049152933984, 6.7673798453215086e-6, 7.418561041017535e-9, 0.1388685090757216, 0.13151816713038397]
w_opt: [0.6559695581572166, 0.31193911733846996, 2.1939621187869385e-9, 1.9388347081753753e-9, 0.3119390395161982, 0.3440304356653509, 1.7189960965828168e-9, 9.558491678975052e-9, 6.7642250994834644e-6, 4.419020126358305e-9, 1.434663913207044e-9, 2.3392816118599777e-8, 2.633114612322479e-8, 0.3440304495343173, 0.3440304318884846, 0.13886852687614734, 7.064763430157236e-9, 0.3440304575881691, 6.764588997490895e-6, 0.5171010346846333, 0.044934024392551807, 3.5334031954276487e-9, 0.3119390472294318, 0.34403048481039594, 5.65820596725586e-9, 6.223646135354015e-9, 0.13886850768176562, 4.008565878388714e-9, 1.1909137203060353e-9, 6.6778425429042765e-9, 6.766549550275467e-6, 6.7668273604932225e-6, 6.7590399539093834e-6, 1.1942840041049576e-9, 2.7984424677208238e-8, 6.765601837709382e-6, 1.6390183970669597e-9, 2.644485503786988e-9, 0.34403051674986584, 9.876409636484634e-9, 2.0568806174960543e-9, 1.6118892436883357e-9, 3.2198515805515386e-9, 6.750200986258806e-6, 1.2082635751903781e-9, 0.13886855521849983, 0.1388685535179473, 3.018379884237254e-9, 0.13886855734446218, 0.13886852464581279, 2.370326387934519e-9, 0.13886855817363705, 1.5880229816483361e-9, 4.403960849920616e-9, 0.13886850741657403, 3.627667303196546e-9, 0.6559694768557961, 0.20516200164865783, 2.862872169261187e-9, 4.121362099321721e-9, 5.583517022806981e-9, 0.34403051645066335, 1.823766991721021e-9, 0.34403043250063947, 6.7646415359969925e-6, 0.13886850697062442, 2.217971254389656e-9, 1.0917165944591925e-9, 2.3000063582810725e-9, 0.3440304401311368, 2.478566691689488e-9, 1.4865475555113845e-9, 2.041966266770269e-9, 2.7174892067543607e-9, 2.8878746465371073e-9, 1.2224322489675502e-9, 0.34403043175274994, 2.8221260905431526e-9, 0.13886849834347414, 0.2706513457612873, 2.199528278224889e-9, 1.4556760057352105e-9, 1.4489153528684073e-9, 3.27243112438804e-9, 1.436950017821443e-9, 0.3440304352768745, 0.3440304045080238, 0.13151816483379175, 6.762445787758379e-6, 2.7677206567540056e-9, 0.34403043460683014, 6.7584987093306055e-6, 2.322580560579913e-9, 0.13886850699056644, 0.1315181656652027, 1.4368703811218276e-9, 1.3450638423884026e-9, 6.763464394392207e-6, 5.772603165627152e-9, 0.131518165531342]
v_opt: [0.38896445834765186, 0.6559695612639858, 0.430296236574179, 0.11835700893647554, 0.07325218891163471]
solution time: 0.015371084213256836
McCormick lower bound: -5.881142630048211

