x_opt: [0.7880402778360889, 0.32784782370882126, 0.7880403183073419, 0.21195958909518128, 0.7880403748100224, 0.21195942779397753, 0.7880405135144916, 0.45503047395952645, 0.2748039620596383, 0.21195971495936047, 0.1750706936017987, 0.7251960382212964, 0.21195970573853284, 0.21195946647147507, 0.21195927004586415, 0.327847851396027, 0.21195940718561485, 2.3091559589668148e-8, 0.2119591787201072, 0.21195915000869203]
w_opt: [0.7880402640282828, 0.5760806548638298, 8.601456075645123e-9, 2.89801499988015e-9, 0.5132363207208371, 0.21195968100238988, 4.479674880163456e-9, 1.856650799654683e-8, 0.21195939661427057, 1.5323180259982683e-8, 4.340734517691781e-9, 0.11588814589231648, 0.1158882349644261, 0.32784779253655744, 0.21195971157665822, 0.21195945998933124, 2.1814705560368016e-8, 0.3278478203913315, 0.2119595746456836, 0.5760808338053957, 0.243070795478091, 5.931916253540726e-8, 0.5132363793699335, 0.3278478115607707, 3.843426365083874e-8, 1.9976408587314637e-8, 0.2119591762192447, 1.7313367763892136e-8, 5.253653688727453e-9, 3.788092010665788e-8, 0.21195958511349872, 0.21195958428691253, 0.2119595695179632, 2.192082530925787e-9, 1.1981958178983523e-7, 0.21195940522343967, 3.0090675368476577e-9, 6.016948530174535e-9, 0.27480396026480247, 1.3020212291223914e-7, 8.525550817579472e-8, 3.1568230075301225e-9, 9.487393576089958e-9, 0.21195932811255566, 2.421207500633664e-9, 0.2119594156260527, 0.21195941045557962, 9.624342517040217e-9, 0.21195942211635266, 0.21195940240824676, 7.044733997633346e-9, 0.21195942538665222, 4.07461353189753e-9, 1.58751964341776e-8, 0.2119591761833882, 1.790973735046955e-8, 0.7251960358980605, 4.6942117887165753e-7, 6.941079447965158e-9, 1.1462631215347843e-8, 3.279537320731298e-8, 0.27480395879221986, 4.634582641863575e-9, 0.21195925422531273, 0.21195940304812508, 0.21195917223857846, 1.2939282455117048e-8, 2.6934238608863387e-9, 2.385476346974606e-8, 0.21195970188747543, 4.1978967431239106e-9, 4.178035651848545e-9, 4.26884697650783e-9, 5.023133001573057e-9, 6.320223602595155e-9, 1.874958995159887e-9, 0.21195970253834376, 2.2730209979933697e-8, 0.2119591567292024, 0.17507069122419272, 6.537678170752047e-9, 2.0055013530812252e-9, 2.221170464824244e-9, 1.0590840194776253e-8, 4.066652839127629e-9, 0.21195926698661227, 0.21195958164014062, 0.21195914328392046, 0.2119593743512731, 7.585812879220972e-9, 0.21195926382559319, 0.21195924578197048, 7.810667967790199e-9, 0.21195916969348388, 0.21195914749427172, 3.5749267469351994e-9, 3.2393493017612468e-9, 0.2119591257125503, 1.9239928665914178e-8, 0.21195913749682593]
v_opt: [0.4550304700456011, 0.7880403148060594, 0.6210118005883617, 0.04492703300667431, 0.030650090390944462]
solution time: 0.011325836181640625
McCormick lower bound: -5.3280925486275805

