x_opt: [0.7908435804225815, 0.3148130094052053, 0.7908438238886017, 0.2091500757075235, 0.7908437143042223, 0.2091539432046276, 0.7908463771068935, 0.47073389914858943, 0.26667887711871907, 0.20915626910623275, 0.20915634243166606, 0.7333209732142805, 0.2091563119905038, 0.2091536007829693, 0.20915419309813013, 0.3148140370004453, 0.2091499699423078, 1.3609854623112594e-7, 0.20915026166880848, 0.2091498934413443]
w_opt: [0.7908435361100463, 0.5816873086217212, 3.481350849527827e-8, 3.468319746138969e-8, 0.5241645718609875, 0.20915620864806592, 2.8743650573497034e-8, 1.2815286385546146e-7, 0.2091499234829278, 8.865049172374304e-8, 2.1535586017181476e-8, 0.1056568496926315, 0.10565695843125629, 0.31481283151440154, 0.20915625083167927, 0.20915356259780435, 1.4641938292780092e-7, 0.3148129885933031, 0.20914999771590576, 0.5816902154008067, 0.2615777435012664, 2.1822491903936348e-7, 0.5241649077819155, 0.31481387623428975, 9.420881267101683e-8, 1.1861023590562135e-7, 0.2091502442538024, 5.918464437001892e-8, 1.8360298150844375e-8, 2.0677902747066203e-7, 0.20915004582347918, 0.20915004069624746, 0.20914992849934744, 1.5820668882731e-8, 1.0474198236113917e-6, 0.209149952477875, 2.2420279234138506e-8, 3.804839417259249e-8, 0.26667886412098496, 3.919841457807503e-7, 5.121185698225313e-8, 2.1079740063262334e-8, 4.009530597208864e-8, 0.20914954894564208, 1.6237297029111762e-8, 0.2091538801686983, 0.20915385078413007, 5.00194129830089e-8, 0.20915391246603687, 0.20915345242801622, 3.594826690542778e-8, 0.20915392689627807, 2.3579741066230952e-8, 9.19489451580373e-8, 0.20915024298950807, 7.319557668231367e-8, 0.7333209551799597, 4.145116490848111e-6, 3.5336029297553985e-8, 6.077690487773258e-8, 1.323074851991272e-7, 0.266678853777973, 2.4543853869448437e-8, 0.2091541299594593, 0.20914993870978982, 0.20915023098373584, 3.724092460208732e-8, 1.544110656005334e-8, 6.012298808958636e-8, 0.20915628614939086, 2.9768457921539443e-8, 2.139407274839343e-8, 2.884933390435242e-8, 3.5292634440853246e-8, 4.09415412440227e-8, 1.472322617267409e-8, 0.20915624053160117, 6.116951536284033e-8, 0.20915006169709985, 0.20915632616225846, 3.5487597428413304e-8, 1.7221230974288854e-8, 1.766296549077512e-8, 4.6649594085526366e-8, 2.0788551850906827e-8, 0.20915417686318596, 0.2091560158336834, 0.20914986122187246, 0.20914987780812047, 3.8951589790200486e-8, 0.20915416519202074, 0.20914981240416972, 4.186957446190436e-8, 0.20915022990696394, 0.20914986729960255, 2.006773356732634e-8, 1.9513954238086155e-8, 0.20914982860751988, 1.139860374705799e-7, 0.2091498166798223]
v_opt: [0.47073387927098215, 0.7908437985709479, 0.6254353226484655, 0.043746418451582836, 0.04374650806316693]
solution time: 0.01335000991821289
McCormick lower bound: -5.178955986402325

