x_opt: [0.7954040645292547, 0.20459591278598954, 0.7954040993827605, 0.2045959117192198, 0.7954040792528341, 0.16295636142133066, 0.7954041205568426, 0.8940128124465837, 0.6833558047202588, 0.20459591309993874, 0.07428935403303365, 0.7954033183343551, 0.20459591425414927, 0.2045958796150203, 0.20459589907155132, 0.20459591457058193, 0.20459589716053733, 6.609872724199506e-9, 0.10598718494913555, 0.10598718149398216]
w_opt: [0.7954040629890612, 0.5908081450850987, 2.4060899691089408e-9, 2.0215438927645267e-9, 0.590807384408823, 0.20459590661369875, 1.5347721929904536e-9, 5.7514647311994194e-9, 0.20459589411825785, 3.8115723339168865e-9, 1.895696637631818e-9, 1.3338431127746321e-8, 1.0625222109075972e-8, 0.20459590497267924, 0.20459590927777319, 0.2045958750913869, 6.8558439461025245e-9, 0.2045959111741912, 0.20459590730932606, 0.5908082211096988, 0.6894169131896166, 1.6659409530055257e-8, 0.5908074243643681, 0.20459590805707656, 8.00673016241719e-9, 5.506562917022072e-9, 0.10598718378035613, 3.351339859715337e-9, 1.2552435098582897e-9, 5.642787240295637e-9, 0.20459590999690888, 0.20459590905562097, 0.20459589689462104, 1.28051420528686e-9, 2.6955368364655615e-8, 0.2045958960424788, 1.3511357606866568e-9, 2.7575174670820008e-9, 0.6833558037459366, 8.22310324319282e-9, 1.864959871288872e-9, 1.911168996956868e-9, 3.0924178470344133e-9, 0.2045958755808615, 1.073337751180919e-9, 0.16295635451681262, 0.16295635625710722, 2.607860742498825e-9, 0.16295635878271283, 0.16295635672880754, 2.910862391456773e-9, 0.1629563597706532, 1.8190710961203496e-9, 3.737144210139643e-9, 0.10598718339216978, 3.512809987984727e-9, 0.7954033165370241, 1.7426104050925547e-7, 2.503871007256642e-9, 2.7899653372744605e-9, 4.558264436034347e-9, 0.6833558033062967, 1.7349545974599053e-9, 0.20459589394634997, 0.20459589517045304, 0.10598718300979107, 2.76180767014845e-9, 1.6984107605552816e-9, 0.47875912548389454, 0.20459591246455658, 1.7541969307733959e-9, 1.629019530243828e-9, 1.7471668822673033e-9, 2.7110938630001587e-9, 2.698092553244527e-9, 1.1437738504187125e-9, 0.20459591015051765, 3.3395946393372617e-9, 0.10598717394786038, 0.07428935270105579, 2.0901307122480434e-9, 1.1506821818225355e-9, 1.4802357592003388e-9, 3.779429856959283e-9, 1.507302110756153e-9, 0.20459589722125365, 0.20459587290246758, 0.10598717900368661, 0.2045958733764203, 2.617373851562842e-9, 0.20459589682907806, 0.20459588231626794, 1.897851099721897e-9, 0.10598718175543682, 0.10598717971550346, 1.4189204449183954e-9, 1.5503446020178435e-9, 0.105987176721722, 4.9864964478163766e-9, 0.1059871794991041]
v_opt: [0.8940128112378707, 0.7954040974806125, 0.6326676948039154, 0.041859493838619824, 0.0055189374969611855]
solution time: 0.0158078670501709
McCormick lower bound: -5.823633148142712

