x_opt: [0.8180879743989407, 0.21539083565198214, 0.8180881490117392, 0.18191193168153683, 0.8180880580682587, 0.18191189117382897, 0.818088096101909, 0.818088175337054, 0.6184067096762219, 0.1819118997171033, 0.12122334287343768, 0.7990866179167975, 0.18191189937065655, 0.18191190243427302, 0.18191181778973398, 0.21539083971784137, 0.18191185676866545, 1.905345638119097e-9, 0.18191181586162367, 0.18191180383139793]
w_opt: [0.818087974064104, 0.6361760326685948, 4.371063240119729e-10, 3.299022601732162e-10, 0.6171745926150208, 0.18191189725946152, 3.724127516369044e-10, 9.924297208178195e-10, 0.18191185611436272, 1.2235034218505801e-9, 2.798758494040933e-10, 0.03347898493878268, 0.03347889598606931, 0.2153908337621521, 0.1819118993086789, 0.1819119018218692, 1.8811014860498303e-9, 0.21539083535224698, 0.18191193045782453, 0.6361762453285611, 0.6361763247436206, 4.9712709532188226e-8, 0.6171747690176672, 0.2153908373694574, 8.985953235710648e-9, 1.586191802443442e-9, 0.1819118155959381, 5.933061766480948e-10, 3.514299425054408e-10, 2.777931082067634e-9, 0.18191193131032138, 0.18191193119185076, 0.18191189614575978, 2.4693575319803314e-10, 2.2993681037377746e-8, 0.18191185654126626, 2.7524650581186526e-10, 4.928461420147355e-10, 0.6184067094993486, 2.0260461597715128e-9, 4.1270056896104573e-10, 3.0453505607677974e-10, 5.744951613313856e-10, 0.1819118420006245, 2.1323957375012498e-10, 0.18191189012020575, 0.18191188965795896, 5.995344416260603e-10, 0.18191189064073685, 0.1819118901410548, 5.242980422089564e-10, 0.18191189085189485, 3.777857330052456e-10, 1.2611709666435898e-9, 0.1819118155791297, 9.755939447136347e-10, 0.7990866176472594, 2.81749368551552e-7, 3.740283324130604e-10, 4.990182730335357e-10, 1.2608725544326016e-9, 0.6184067093156681, 3.653869774612519e-10, 0.18191181611804003, 0.18191185640121013, 0.18191181545888288, 3.802859825193436e-9, 2.9285366930502424e-10, 0.4174933282365604, 0.1819118988814714, 3.4118645566330886e-10, 3.2055065951610734e-10, 3.6489134870924213e-10, 5.041227391941469e-10, 5.593294008173944e-10, 2.0564146096379695e-10, 0.18191189856199055, 1.1874891836117254e-9, 0.1819118131633057, 0.12122334252305705, 5.062469749713285e-10, 2.14545884026803e-10, 2.8127489697169603e-10, 6.996938379291937e-10, 2.9610921973981816e-10, 0.18191181741044013, 0.18191189233561458, 0.18191180333889845, 0.18191185459192255, 4.756449049693551e-10, 0.18191181727484138, 0.1819118153362472, 5.832684189364527e-10, 0.181911815123431, 0.18191180355236858, 2.7006188169742455e-10, 3.173152687065051e-10, 0.18191180274387053, 1.5122456989249575e-9, 0.18191180330239903]
v_opt: [0.8180881750512761, 0.8180881486804631, 0.6692681468480435, 0.03309194341569588, 0.014695128486113878]
solution time: 0.01358795166015625
McCormick lower bound: -4.23314975696505

