x_opt: [0.6681750817927737, 0.33182503652114187, 0.6681750766068668, 0.18724343929943052, 0.6681750674070095, 0.18724334380545418, 0.8127566864470409, 0.4866903586721539, 0.33182593117531245, 0.3318249048653109, 0.16757586129886512, 0.6681740792291205, 0.33182493365167837, 0.18724332578040967, 0.33182492106330397, 0.33182506857575667, 0.1872433276002327, 3.6579644803322507e-8, 1.439541039923425e-6, 1.3803655802805124e-6]
w_opt: [0.6681750577698702, 0.3363501538505428, 1.6641831989054717e-8, 7.777527127685171e-9, 0.3363491678206376, 0.3318249040923917, 4.795084998923257e-9, 7.505966072236359e-8, 0.18724331619173956, 2.3561570632963407e-8, 8.440001449412393e-9, 1.1674146887862913e-7, 1.4608175657230762e-7, 0.33182497621809354, 0.3318249005564392, 0.18724331130405403, 3.185124583176097e-8, 0.3318250324012766, 0.18724341953924853, 0.4809317670602768, 0.15486543893614624, 3.689081978008962e-8, 0.3363491884293096, 0.3318250444322106, 1.984293592478491e-8, 3.324234386355012e-8, 1.4362003633133967e-6, 2.417811661545953e-8, 3.427802058850022e-9, 4.115981062515746e-8, 0.1872434331888048, 0.18724342865541452, 0.18724338178408467, 4.255881117385419e-9, 3.0196291251380295e-7, 0.18724332299422577, 5.805993012219794e-9, 1.0231369679944987e-8, 0.33182592801141786, 4.3570913794845754e-8, 9.900463477099369e-9, 5.8764357605656755e-9, 1.993228291779502e-8, 0.1872431955070392, 3.2758544618289307e-9, 0.187243297424151, 0.18724332011624703, 8.025696845015756e-9, 0.18724333631106502, 0.18724328141684551, 1.4103966293549155e-8, 0.18724333956431846, 6.3789077266772025e-9, 2.348879810956812e-8, 1.4351406558120562e-6, 3.136140341035331e-8, 0.6681740738560851, 0.14458244012782523, 1.927605882409325e-8, 1.5109010971655068e-8, 2.552330110583342e-8, 0.33182592714084697, 6.375492396694044e-9, 0.33182490857827196, 0.18724332010398867, 1.4336078904154914e-6, 7.773650078185537e-9, 5.3826546234639e-9, 6.054955025067099e-8, 0.3318249243679855, 6.2105191957585494e-9, 5.468185664528524e-9, 7.749410124372115e-9, 1.325070842654548e-8, 1.256838158908692e-8, 3.3563702623087587e-9, 0.3318248938108222, 1.3470520122017698e-8, 1.4001727291448793e-6, 0.16757585820036683, 1.2265247825434514e-8, 4.2413430112364e-9, 3.876113674405972e-9, 1.1398753935727553e-8, 6.333980709286738e-9, 0.33182491534700176, 0.3318246881456193, 1.371050355934816e-6, 0.18724330186660904, 1.655916792696012e-8, 0.3318249150302391, 0.18724329237811171, 8.121524573789785e-9, 1.4309869756063437e-6, 1.3724681413791907e-6, 5.526239435590438e-9, 6.044938934155731e-9, 1.3186428310108916e-6, 3.2051129033420524e-8, 1.3688859207655224e-6]
v_opt: [0.4866903550734549, 0.6681750704459111, 0.44645807097692014, 0.11010776821662294, 0.028081908583384853]
solution time: 0.014516830444335938
McCormick lower bound: -7.567582146223359

