x_opt: [0.6353827541819139, 0.3646172739073465, 0.6353827608139376, 1.367138464279358e-7, 0.63538274870128, 0.15942159974613407, 0.8878164100130194, 0.36469189532125834, 0.36461725388164706, 0.36461723118931894, 0.22876099708559602, 0.6353827394579624, 0.36461724658837996, 0.11218359225285424, 0.3646172442352051, 0.36461732478060466, 1.337980108065798e-7, 8.115404224714426e-9, 0.11218355582433295, 0.11218353553863242]
w_opt: [0.6353827524210877, 0.2707655039438965, 2.2460839302026647e-9, 2.1915791754391404e-9, 0.2707654949604998, 0.3646172407952713, 1.7358850509492e-9, 1.3525229513819444e-8, 1.3053845830543798e-7, 4.982394237718683e-9, 1.5975679424312669e-9, 3.5936861901822994e-8, 3.5199988115696925e-8, 0.364617260975646, 0.364617229580024, 0.11218358847239644, 1.0029044406211449e-8, 0.36461727225179796, 1.3215234245760436e-7, 0.5231991722008111, 7.465742642618896e-5, 3.8697824936326674e-9, 0.2707655065356334, 0.36461731794683433, 6.828931363786121e-9, 6.986379773798352e-9, 0.11218355440527455, 4.849767293391575e-9, 1.1136389863034756e-9, 8.317232559197019e-9, 1.341686073765329e-7, 1.3451503492638517e-7, 1.2471397949467893e-7, 1.2495015512394743e-9, 3.353824581958422e-8, 1.3187631549771562e-7, 1.7773241626937548e-9, 3.066380417637249e-9, 0.36461725253009236, 1.0641009148341014e-8, 1.7291942063303578e-9, 1.7933558882408542e-9, 3.726928807398755e-9, 1.1721025872145847e-7, 1.3092216870146754e-9, 0.15942159450504026, 0.1594215935618925, 3.0945735253599517e-9, 0.15942159763468935, 0.11218358577056944, 2.9260940358197257e-9, 0.15942159845313889, 1.6833514548756437e-9, 4.9735811160357226e-9, 0.1121835540781476, 4.7181379468181635e-9, 0.6353827375582595, 0.2524337795381744, 4.352410390785337e-9, 7.010811886618488e-9, 8.122897608131668e-9, 0.3646172524073781, 1.965358463465406e-9, 0.3646172403751345, 1.3069731393423178e-7, 0.11218355360349787, 2.193867736790597e-9, 1.1591912118518409e-9, 2.0789200032755716e-9, 0.3646172452712973, 2.917341965729188e-9, 1.5232739690485437e-9, 2.269049444037459e-9, 3.4004380383144415e-9, 3.5329542170405803e-9, 1.37863377395211e-9, 0.3646172296413393, 2.8201726919904517e-9, 0.11218354233962499, 0.22876099586402815, 2.617094125908112e-9, 1.6266841649057844e-9, 1.6686055212431213e-9, 4.205488589493096e-9, 1.548855150540333e-9, 0.3646172426846931, 0.3646171983998476, 0.1121835331598254, 1.2906187926076317e-7, 3.403874500978505e-9, 0.36461724190608874, 1.2365664024177626e-7, 2.4275700755723082e-9, 0.11218355375577921, 0.11218353370787564, 1.537557169235404e-9, 1.4247796180277335e-9, 1.274485009690758e-7, 6.550869450313358e-9, 0.11218353303441161]
v_opt: [0.3646918938644545, 0.635382758784934, 0.4037112416129894, 0.13294572869604393, 0.05233175168726328]
solution time: 0.014539003372192383
McCormick lower bound: -6.522774181866811

