x_opt: [0.7036879471881428, 0.29631618599102694, 0.7036879626803466, 7.181852956774721e-7, 0.7036879508156756, 0.16912650313465025, 0.8308735672568008, 0.4899650152389075, 0.3604116700896966, 0.2963120028621883, 0.296312056494492, 0.6395879377832202, 0.29631202971422893, 0.16912642353402596, 0.2963120108129118, 0.3110065493604969, 7.064476560799326e-7, 2.280397108057901e-8, 0.1691264508766765, 0.16912631455810448]
w_opt: [0.7036879411480366, 0.40737590080605673, 5.8630802676375595e-9, 5.761599882370285e-9, 0.34327588826963673, 0.29631201335475554, 5.511763238248786e-9, 2.900740427162507e-8, 6.978445173295457e-7, 1.4173456803918299e-8, 3.2282166603685613e-9, 4.151633810053792e-6, 4.1670717480726685e-6, 0.2963161510977958, 0.29631199939413716, 0.16912641569761866, 2.3990610542428816e-8, 0.2963161818630005, 7.05613831222045e-7, 0.5345615331194113, 0.1936529818321792, 1.0320239048858524e-8, 0.343275916394887, 0.31100652839915377, 1.68607037027688e-8, 1.9150469496247133e-8, 0.16912644666277443, 1.2995897058655724e-8, 3.3215292257641717e-9, 2.611586948140474e-8, 7.101911234887106e-7, 7.126040208198817e-7, 6.86214467262905e-7, 3.1518690879627853e-9, 1.0487164131716596e-7, 7.019225789551994e-7, 4.790990954735539e-9, 7.333653355896103e-9, 0.3604116665914069, 4.056500030707376e-8, 6.4762073730138756e-9, 3.934183326717803e-9, 1.0737349895270012e-8, 6.572724895196675e-7, 3.5015651214531004e-9, 0.16912649333091095, 0.16912648104802785, 9.660000213035822e-9, 0.1691264980755469, 0.16912639737241913, 6.097624020579399e-9, 0.16912649995396245, 4.35335339083725e-9, 1.4363451646395303e-8, 0.1691264458794896, 1.0737765543433517e-8, 0.6395879334740309, 0.1271861294357558, 6.0079691658169465e-9, 3.7656430814255526e-8, 2.1925900497740265e-8, 0.3604116653535809, 5.084365089836865e-9, 0.2963119989932388, 6.983031805380606e-7, 0.16912644512766814, 6.631222265131834e-9, 2.634064917946403e-9, 4.50764721481721e-9, 0.29631202677600765, 8.293842046164874e-9, 3.8652847004023456e-9, 6.113857051213844e-9, 8.048471917097324e-9, 8.877788814410777e-9, 3.226307360725743e-9, 0.2963119984171079, 8.472589464324288e-9, 0.16912642283852708, 0.29631205270498007, 6.4588956438614356e-9, 4.309619536254505e-9, 3.918845169646714e-9, 7.705917091301754e-9, 3.763329986155893e-9, 0.29631200733193874, 0.2963119621906899, 0.16912630892162858, 6.901069624362449e-7, 7.385125660209044e-9, 0.2963120052459142, 6.811315563655081e-7, 7.695805760702686e-9, 0.1691264459247842, 0.16912631052179522, 3.827823732731826e-9, 3.5078497755327676e-9, 6.94846644572894e-7, 1.8233356255815355e-8, 0.16912630314321847]
v_opt: [0.4899650106454401, 0.7036879578187122, 0.4951772939217739, 0.08780087719871431, 0.08780105118560853]
solution time: 0.015594959259033203
McCormick lower bound: -5.177512504330315

