x_opt: [0.7564655348560777, 0.2435352760509222, 0.7564657187004427, 0.10480215563428043, 0.756465383288161, 0.2435324068744404, 0.7564687168803182, 0.6766942213170078, 0.3921301707020447, 0.24353426709448087, 0.243531545227974, 0.6078697787483016, 0.24353453474634212, 0.24353128084727776, 0.2435343216827043, 0.25485596464781207, 0.10480166633086099, 9.039440663950278e-8, 0.104813100983332, 0.10480389214128166]
w_opt: [0.7564654942352944, 0.5129309253420988, 3.272726798302876e-8, 1.8419574780723256e-8, 0.36433532536504915, 0.24353446219267474, 1.866810609572592e-8, 3.4532265999015953e-7, 0.10480163840844514, 6.112360229641105e-8, 1.5329311133896832e-8, 1.0029400295914581e-6, 8.876634897980067e-7, 0.24353513568165513, 0.24353425726647834, 0.24353125091045394, 1.342454923522435e-7, 0.2435352643987186, 0.10480210375520677, 0.5129344450310416, 0.4331599519549178, 8.577735314983287e-8, 0.36433557641897396, 0.25485587851332464, 7.613225587485542e-8, 8.363584857819448e-8, 0.10481309144677388, 5.8776472462138014e-8, 9.140465419684831e-9, 1.3923772152519644e-7, 0.10480213628115338, 0.10480213522696195, 0.10480200073721388, 1.1299708606643569e-8, 8.214849569102734e-7, 0.10480165282974836, 1.5333544043988013e-8, 2.965729054769352e-8, 0.39213016506720605, 1.5970018165893086e-7, 1.735954996861058e-8, 1.605680511529048e-8, 3.363436125893589e-8, 0.10480140913151885, 1.1562182117812509e-8, 0.24353235717074817, 0.24353233374549046, 3.680393234290818e-8, 0.24353239268838953, 0.24353109727369981, 3.4195683213438934e-8, 0.24353239787127015, 1.7957250665950188e-8, 6.257415704599154e-8, 0.10481308885451848, 5.262332387447548e-8, 0.6078697627244621, 4.7942901694414924e-6, 3.5572718660895505e-8, 4.1959868466599015e-8, 1.2975784499712997e-7, 0.39213015733001766, 1.719578551886805e-8, 0.24353427650681322, 0.10480164472695905, 0.10481308509497528, 2.2747399588489233e-8, 1.115119981891711e-8, 4.2211468113793646e-8, 0.24353452445006427, 2.5622091776724768e-8, 1.4071117480207934e-8, 2.0681117337815367e-8, 3.8887634901033236e-8, 4.0363078757397625e-8, 1.032460596601078e-8, 0.2435342537358805, 3.632596627740947e-8, 0.10481303264982629, 0.24353153707016362, 2.8318223950506536e-8, 1.3143257242680167e-8, 1.3250171246717994e-8, 3.155972372414541e-8, 1.4613359342162478e-8, 0.24353431375109633, 0.24353441779679513, 0.10480387484629282, 0.10480156962267882, 2.9680695875217775e-8, 0.24353430942374724, 0.10480154434305552, 2.4781282561219208e-8, 0.10481308711037172, 0.10480388160894832, 1.3892018224762795e-8, 1.3635651939243622e-8, 0.10480150816727948, 8.011175999271612e-8, 0.10480378604795282]
v_opt: [0.6766942126916603, 0.7564657051385301, 0.5722399399312201, 0.05930898562009941, 0.05930761554591448]
solution time: 0.015582084655761719
McCormick lower bound: -5.268480070540376

