x_opt: [0.6553212452903872, 0.3446787601313084, 0.6553212473472343, 0.010710441625176922, 0.6553212456706349, 0.14402894603733843, 0.8559711005084579, 0.3765522160323443, 0.3446787597987655, 0.34467875255826197, 0.2353545380388695, 0.6553212391522693, 0.34467875367177947, 0.1440288999244394, 0.3446787519642364, 0.3446787639615512, 0.01071044109184957, 2.5982925808731566e-9, 0.14402885008396202, 0.11648653411255998]
w_opt: [0.655321244673579, 0.3106424913775058, 8.263000562452591e-10, 6.867229027564096e-10, 0.3106424849290838, 0.34467875171300283, 5.72282129494326e-10, 2.70485670249255e-9, 0.0107104399180661, 1.5266683991030384e-9, 5.4631995073596e-10, 7.110781594954997e-9, 9.33642055355622e-9, 0.3446787567619154, 0.34467875206550125, 0.14402889869398042, 2.229034619852237e-9, 0.3446787595855756, 0.010710440055834805, 0.5112923473639369, 0.031873462959710316, 1.4946604094184282e-9, 0.31064248735131755, 0.34467876141990494, 2.0122656311403544e-9, 2.1999545591539556e-9, 0.1440288496150793, 1.4576319708844707e-9, 4.430178267478551e-10, 2.338828355598248e-9, 0.01071044082622569, 0.010710440813150588, 0.010710438398532767, 4.0749663874505784e-10, 1.0809462794787825e-8, 0.010710440480417846, 5.672899870354927e-10, 9.07565470618006e-10, 0.3446787593816145, 3.788772018824034e-9, 8.641156785868048e-10, 5.56770918284964e-10, 1.2272956989263142e-9, 0.0107104348351609, 4.02365069836942e-10, 0.1440289444486188, 0.14402894405132943, 1.0695603051449948e-9, 0.14402894521673293, 0.14402889805475014, 8.481711615856436e-10, 0.14402894558762777, 5.529337363701175e-10, 1.5375074236041844e-9, 0.1440288495569923, 1.404978439224806e-9, 0.6553212385912299, 0.20064988676149645, 1.2329237403104217e-9, 1.3885602270414963e-9, 1.8875322221812442e-9, 0.3446787592866554, 6.476873659413659e-10, 0.3446787505044242, 0.010710440145024307, 0.1440288492896475, 8.468253253172699e-10, 3.928843527210481e-10, 8.524152303457564e-10, 0.34467875322401204, 8.074924468958739e-10, 5.46192041912616e-10, 6.878593766126173e-10, 8.62998056218475e-10, 9.309916730079005e-10, 4.2294588858899517e-10, 0.3446787519099155, 1.072198514536484e-9, 0.14402884655716075, 0.23535453762343936, 7.792485195958706e-10, 4.86758812040815e-10, 4.801853516275248e-10, 1.3330434802676516e-9, 5.289492340897662e-10, 0.34467875143406684, 0.34467873985177233, 0.11648653321696306, 0.010710439479346617, 1.0351798446442246e-9, 0.3446787511729039, 0.010710438158071739, 8.048615729536546e-10, 0.1440288492979902, 0.11648653361408744, 5.291954265708693e-10, 4.768664526998211e-10, 0.01071043962112688, 2.019847876751612e-9, 0.11648653351003156]
v_opt: [0.3765522154930373, 0.6553212457694527, 0.42944668134250424, 0.11880368690092596, 0.05539175919654516]
solution time: 0.014703989028930664
McCormick lower bound: -6.6007258155252

