x_opt: [0.7908458949215345, 0.31481598155213536, 0.7908458949578057, 0.2091537657071349, 0.7908459290501332, 0.20915377030974303, 0.790846233677585, 0.47072730925762407, 0.2666750412185372, 0.20915410510960042, 0.2091541034435857, 0.7333249583296942, 0.20915410307508955, 0.20915376528633672, 0.2091540684082978, 0.31481598462287164, 0.20915375677134493, 3.1273734187970197e-9, 0.20915376543332645, 0.20915376200108055]
w_opt: [0.790845892397472, 0.5816918242984742, 1.2636318310960112e-9, 4.309223766740369e-10, 0.5241708536710038, 0.20915410096395565, 4.6342506420912286e-10, 2.3497157131412214e-9, 0.20915375564690616, 2.0464893600393127e-9, 3.5118925604931003e-10, 0.10566187684809837, 0.10566191279425427, 0.3148159765570901, 0.20915410479647337, 0.20915376465263188, 2.509840055100965e-9, 0.31481598118292115, 0.20915376379973635, 0.5816921288731792, 0.26157320455308003, 3.903166740102368e-9, 0.5241708557193692, 0.31481598095655355, 2.6045663390740946e-9, 2.775524576996559e-9, 0.20915376512398443, 1.6886422630813473e-9, 3.92558808041738e-10, 6.082778426370158e-9, 0.20915376511063874, 0.2091537650335619, 0.20915376295466104, 2.5936074081744905e-10, 4.3181117849789056e-8, 0.20915375658860555, 4.412427807136968e-10, 6.989387766080458e-10, 0.26667504098775047, 3.8275858737466277e-8, 3.343917534600437e-8, 2.683519806508616e-10, 1.3258891517493828e-9, 0.20915374210031878, 2.6649996164889365e-10, 0.2091537690449104, 0.20915376862500495, 1.0345666657338263e-9, 0.2091537697961904, 0.2091537600514622, 6.722875813345173e-10, 0.2091537700509162, 4.305900845282706e-10, 2.1915835398165525e-9, 0.20915376502504035, 2.066472149257666e-9, 0.733324958077151, 1.0422610807191179e-6, 1.2811763099432784e-9, 3.5598555251987723e-9, 6.406154339088823e-9, 0.26667504081972015, 5.004048531116735e-10, 0.20915406729621827, 0.20915375618884285, 0.20915376472030886, 1.2081316518550284e-9, 2.6385284942254703e-10, 6.437128243557873e-10, 0.20915410271874849, 5.41998586567469e-10, 4.409389596616714e-10, 5.435318021337432e-10, 5.652714097545663e-10, 7.388669459386365e-10, 1.9569967218225593e-10, 0.20915410283630978, 2.0143695801115533e-9, 0.2091537632928474, 0.20915410318723474, 7.686941978628203e-10, 2.783093010352052e-10, 2.228585227137817e-10, 9.13576885510876e-10, 4.2630305875521524e-10, 0.2091540681066595, 0.20915409884879718, 0.20915376127123342, 0.20915375250844007, 8.644222161060793e-10, 0.20915406782854562, 0.20915375482447512, 1.02028576327827e-9, 0.20915376485983833, 0.20915376143468684, 4.1382179200895126e-10, 3.549836763873836e-10, 0.2091537508372114, 2.6892364350391005e-9, 0.20915375895607785]
v_opt: [0.47072730879162583, 0.7908458945155346, 0.6254373115312566, 0.04374544350947123, 0.043745452937509026]
solution time: 0.0123291015625
McCormick lower bound: -5.707609484597831

