x_opt: [0.6599526948498297, 0.34004788211213766, 0.6599527153301088, 0.07724719237077549, 0.6599520664705243, 0.1584373820988955, 0.8415630201401508, 0.43185677727860555, 0.3401488883859824, 0.34004714242207423, 0.23070061193345617, 0.6598511519632508, 0.3400479034511971, 0.15843698320594954, 0.3400478274653644, 0.34005230692036775, 0.07724716939196179, 1.0244192710205822e-7, 0.07724754536749143, 0.07724659835780005]
w_opt: [0.6599526705580443, 0.31990477372977844, 2.277193452242561e-8, 2.1166740484237715e-8, 0.3198038603034441, 0.34004783894183954, 1.5744682362451457e-8, 6.424620809014947e-7, 0.0772471372872283, 6.697920661735042e-8, 1.7488539199912614e-8, 6.076787583683417e-7, 1.8703584437507775e-7, 0.34004776437548534, 0.34004712460512243, 0.1584369437114591, 1.2045954488160883e-7, 0.34004787014269616, 0.07724714260678331, 0.5015157483272601, 0.09180950498712137, 3.8403184274519456e-8, 0.3198039387827049, 0.340052240669463, 6.155246045410319e-8, 9.142474988176e-8, 0.07724753262869168, 4.0821933258207725e-8, 1.0314976656465965e-8, 9.74745351908785e-8, 0.07724717093773661, 0.07724716970912336, 0.07724706057426198, 1.301063311698815e-8, 9.148229309871617e-7, 0.07724715342585566, 1.7395364386138413e-8, 3.478286000385793e-8, 0.3401488770496468, 8.242227601847187e-8, 1.8967841706419344e-8, 1.8581246943441514e-8, 3.951200120991563e-8, 0.07724685883328848, 1.2091344655021043e-8, 0.15843731206498243, 0.15843732288554652, 2.7479385928724144e-8, 0.15843736061666178, 0.15843690713889363, 3.402745419463693e-8, 0.1584373681197803, 1.786375642598946e-8, 6.680111652467504e-8, 0.07724752815697418, 4.4956085137323734e-8, 0.6598511326400553, 0.18161192895796452, 2.580532614057837e-8, 3.843803760560285e-8, 4.902712876441353e-8, 0.3401488745853563, 1.8605475939200458e-8, 0.34004778369600913, 0.07724714373228028, 0.07724752486284688, 1.981399977711377e-8, 1.347467677625808e-8, 8.071533778160028e-8, 0.34004789076496983, 2.3943946595327004e-8, 1.548288065138059e-8, 2.37952016625413e-8, 3.558392555291062e-8, 3.5925401846474075e-8, 1.2297239631576714e-8, 0.3400471245887613, 2.8003261550472508e-8, 0.07724738508346925, 0.23070059991051955, 2.925188995836225e-8, 1.4112320151942117e-8, 1.510734586509161e-8, 3.143471171326601e-8, 1.6215406564208335e-8, 0.340047812369326, 0.34004743949893446, 0.07724657548600106, 0.07724712212188735, 3.2379362626268776e-8, 0.3400478088615292, 0.07724705134621632, 2.3926459069763615e-8, 0.07724752194048172, 0.07724658051393149, 1.4811195366794607e-8, 1.5811134732367458e-8, 0.07724652185732432, 8.692513651796447e-8, 0.07724657804280174]
v_opt: [0.4318567647230559, 0.6599526962471971, 0.43553697795669005, 0.11563206322783244, 0.05322309961268474]
solution time: 0.01528787612915039
McCormick lower bound: -6.237580483721744

