x_opt: [0.6976573096604733, 0.20931106789306345, 0.7906889390668741, 0.2093110805148419, 0.7906889119712902, 0.14574328354850777, 0.7906889392439711, 0.959397515553315, 0.7906842639161392, 0.20931106894171805, 0.040569311056403656, 0.7906886700036012, 0.20931107064328439, 0.20931106061861818, 0.20931096103732152, 0.2093110807628507, 0.20931107564299478, 7.769063167139994e-9, 0.04060242961367811, 0.04060242529561146]
w_opt: [0.6976573077851275, 0.4883462231082207, 2.675849009276594e-9, 2.2255698526175855e-9, 0.4883459814947471, 0.20931106066340932, 1.7238067992803916e-9, 5.374485840379455e-9, 0.20931107216161, 4.488319656911637e-9, 2.1460990798815613e-9, 8.340816031337317e-9, 1.0815453877178542e-8, 0.209311058989943, 0.20931106054314352, 0.20931105507942593, 7.918382491842454e-9, 0.20931106550210546, 0.20931107529521814, 0.5813778796229356, 0.750086456285788, 1.5384257875494558e-8, 0.5813776177091753, 0.209311072664897, 2.1322538315735346e-8, 6.458033312891355e-9, 0.04060242830507747, 3.6597208429535913e-9, 1.7708509066922305e-9, 6.965071628026864e-9, 0.20931107865755363, 0.20931107737728288, 0.20931105611795364, 1.4597003521047056e-9, 3.8435777944366826e-8, 0.20931107439509888, 1.4894011657565952e-9, 3.0948332346669926e-9, 0.7906842627871328, 8.145005867704041e-9, 2.1984733662788355e-9, 2.1646564945597203e-9, 3.3459180577666504e-9, 0.2093110434905526, 1.19175578498624e-9, 0.14574327519446126, 0.14574327745590548, 2.9570846147502534e-9, 0.14574328035246625, 0.14574327762695746, 3.3402255652590773e-9, 0.14574328157948, 2.1414068303417374e-9, 4.4420749002417055e-9, 0.040602427902996334, 4.195664220924399e-9, 0.7906886680121618, 1.5834802619946098e-7, 2.8120164091076896e-9, 3.0484405738969493e-9, 5.396729208649892e-9, 0.7906842622594836, 1.8676193805195426e-9, 0.20931095415928358, 0.2093110735353031, 0.040602427379061015, 4.036173096936283e-9, 2.1231946401900203e-9, 0.5813729370125051, 0.20931106822021653, 1.9436555182467508e-9, 2.0142700163559638e-9, 1.9433140112437937e-9, 2.989120413944346e-9, 3.0375345874055244e-9, 1.2681574233608716e-9, 0.20931106442976777, 4.366312796633978e-9, 0.04060241618698798, 0.04056930947154551, 2.444211601479227e-9, 1.2287361664851571e-9, 1.6987517969999626e-9, 4.431349944161782e-9, 1.742941073043498e-9, 0.20931095849432982, 0.20931101666463808, 0.040602422400304886, 0.20931105070983003, 2.8828030267692224e-9, 0.2093109585645245, 0.20931094599670652, 2.2159292652308613e-9, 0.04060242547227167, 0.04060242333877959, 1.5944424878120079e-9, 1.829240973559549e-9, 0.04060241941545357, 5.866335661967245e-9, 0.04060242287177522]
v_opt: [0.9593975141937273, 0.7906889369740459, 0.6251889925431786, 0.04381114869975229, 0.0016458712931480624]
solution time: 0.013195991516113281
McCormick lower bound: -5.516037252667215

