x_opt: [0.7019491973507587, 0.29805082250849074, 0.7019491975197631, 0.12578230029780188, 0.7019491972264086, 0.15766717825037255, 0.8423328226767093, 0.43243518984199963, 0.2980508050056711, 0.29805080237655646, 0.22808629705346378, 0.7019491951577479, 0.2980508025651287, 0.15766717736480132, 0.29805080148017893, 0.35017929161424693, 0.1257823000432664, 6.29062237359376e-10, 0.12578233038917402, 0.1257822939043126]
w_opt: [0.701949197177981, 0.40389839468889255, 2.396805012509385e-10, 1.647357183433375e-10, 0.40389839263691807, 0.2980508020527584, 1.2644504415617182e-10, 5.252176519872324e-10, 0.12578229976569857, 3.6752940610720607e-10, 1.456894547782365e-10, 2.0130023717820175e-8, 2.0317025585133186e-8, 0.2980508217590176, 0.2980508022432837, 0.15766717704850022, 5.024047528261975e-10, 0.2980508224007248, 0.12578229992751588, 0.5442820202918487, 0.1343843874651186, 4.199128338311958e-10, 0.4038983931698455, 0.35017929100324824, 4.447536588218879e-10, 5.382229633541613e-10, 0.12578233028626382, 3.2737301485682886e-10, 1.0388618062121355e-10, 5.142782652129804e-10, 0.12578230013314998, 0.12578230008605254, 0.12578229961975795, 9.673706199561495e-11, 2.481153680648525e-9, 0.12578229992503506, 1.2675158581367744e-10, 2.1379939991889333e-10, 0.2980508049098635, 8.248705920488728e-10, 2.0712332198816904e-10, 1.354858495300781e-10, 2.6907331257263163e-10, 0.1257822984770687, 8.967069766248724e-11, 0.15766717780674033, 0.1576671778110046, 2.401771998444117e-10, 0.15766717803410646, 0.1576671768156565, 2.145117804870431e-10, 0.15766717813697934, 1.3477243254390361e-10, 3.6938449333985274e-10, 0.12578233027032254, 3.40301305343534e-10, 0.7019491950201172, 0.14038363264487214, 2.493049847178902e-10, 2.7694823785509666e-10, 4.1020138799094857e-10, 0.29805080488528846, 1.5074629929458966e-10, 0.2980508011212401, 0.12578229984508, 0.12578233020207732, 2.0172070093986517e-10, 1.057071217929653e-10, 4.102597635830577e-10, 0.29805080244114895, 1.6590627074338394e-10, 1.3448939788425752e-10, 1.5595479426119663e-10, 1.963349914800511e-10, 2.0882792503127462e-10, 9.516199533345616e-11, 0.2980508022053291, 2.7454218005070365e-10, 0.12578232957302496, 0.22808629697844396, 1.8773108348144147e-10, 1.045758779260902e-10, 1.0915113029942702e-10, 3.3206434359855753e-10, 1.3149153555792613e-10, 0.2980508013516975, 0.29805080062168493, 0.12578229367685906, 0.12578229967472854, 2.4562372060468046e-10, 0.29805080130690287, 0.12578229939459934, 1.8181555927121022e-10, 0.12578233017271548, 0.1257822937818397, 1.261874255573158e-10, 1.1999143740058856e-10, 0.12578229348969436, 4.904239919363151e-10, 0.12578229376285152]
v_opt: [0.43243518972312295, 0.7019491973380161, 0.4927327015103418, 0.08883433281742965, 0.052023366754150056]
solution time: 0.012437105178833008
McCormick lower bound: -6.848315672591281

