x_opt: [0.6534256126371153, 0.3465744603079131, 0.6534256155419713, 7.054449843343063e-8, 0.6534255592287396, 0.14337584478435617, 0.8686846173493505, 0.38981927877170297, 0.3465744450588198, 0.346574376612731, 0.27384604048721056, 0.6534255540643265, 0.3465744322007423, 0.13131538376650617, 0.34657442892005685, 0.34657491429755044, 7.016742319103734e-8, 6.4535081221116195e-9, 0.13131226435246568, 0.1313097354950791]
w_opt: [0.6534256113473353, 0.3068511728641475, 1.664357542115392e-9, 1.7562350966223798e-9, 0.30685116776939336, 0.3465744275635771, 1.5251184171880258e-9, 4.970949969233315e-8, 6.763338071883616e-8, 3.907087415164895e-9, 1.2105586551543303e-9, 7.675883272999036e-8, 2.722709368044698e-8, 0.3465744518554789, 0.3465743753431548, 0.13131538089615047, 7.220563032750792e-9, 0.3465744590849695, 6.707777908780484e-8, 0.5221102339982401, 0.043244895445102086, 2.9230803453412666e-9, 0.30685117413727014, 0.3465749090796439, 4.973807524462065e-9, 5.431282264606245e-9, 0.13131226310382427, 3.6138834424414736e-9, 9.328051219148218e-10, 5.33829311850189e-9, 6.833120523624538e-8, 6.887117948116347e-8, 6.169240805216682e-8, 1.0526008206639921e-9, 1.6952166558664682e-8, 6.834173507759556e-8, 1.4851486729428783e-9, 2.3602178846503246e-9, 0.34657444390144193, 7.180770600810412e-9, 1.3870330446134653e-9, 1.4716042811706423e-9, 2.591129874970302e-9, 5.7849930056819674e-8, 1.1241062923034713e-9, 0.14337584118216135, 0.14337583951894456, 2.518633853196723e-9, 0.14337584311707063, 0.13131537979740734, 2.113490610200025e-9, 0.14337584368952166, 1.3487586469396412e-9, 3.839128976730751e-9, 0.13131226281966554, 2.969999353059197e-9, 0.6534255524859877, 0.21525912396107766, 2.875684770149352e-9, 3.4245734943907433e-9, 4.510006083538612e-9, 0.3465744437398041, 1.5932265552827212e-9, 0.3465744254062308, 6.760875065791672e-8, 0.13131226260687273, 1.7251104551819757e-9, 9.120673908072111e-10, 1.9075074314052997e-9, 0.3465744311687683, 2.510111345481121e-9, 1.2164497876870959e-9, 1.911788121958407e-9, 2.712598180104394e-9, 2.8358571116209203e-9, 1.1461202381023952e-9, 0.34657437531148694, 2.146768849155352e-9, 0.13131225464558965, 0.27384603936448826, 1.925956068793891e-9, 1.4037391614553622e-9, 1.4607087330586839e-9, 2.8754461584715802e-9, 1.2185458463160693e-9, 0.3465744277873078, 0.3465744154726125, 0.13130973366112092, 6.606486315280433e-8, 2.4332287226774322e-9, 0.3465744272577111, 6.231300222543715e-8, 2.0081734529130426e-9, 0.1313122627100195, 0.13130973413071337, 1.2059839170203305e-9, 1.151406626361077e-9, 6.711437445342162e-8, 5.095810949901387e-9, 0.13130973503317397]
v_opt: [0.38981927751127227, 0.6534256139253337, 0.42696503512419876, 0.12011402393092044, 0.07499259688434978]
solution time: 0.013120889663696289
McCormick lower bound: -5.910002460253577

