x_opt: [0.6353645733116483, 0.3646357319001715, 0.6353646263092999, 1.5304265138902517e-6, 0.6353645899813364, 0.15943790578157543, 0.8878342428706096, 0.3646646870299856, 0.3646354872546779, 0.3646354060942659, 0.22871030455698252, 0.635364468260032, 0.36463541302453484, 0.11216577402323119, 0.3646353081763664, 0.3646357783699969, 1.4874995644157266e-6, 4.01283771162645e-8, 0.11216549542302012, 0.11216260519373214]
w_opt: [0.6353645578685824, 0.2707291691747979, 1.2940145461917326e-8, 8.711667987174656e-9, 0.27072904817198135, 0.36463538557556086, 7.595763028164459e-9, 5.05183741545971e-8, 1.4709093759549631e-6, 2.5177996455217953e-8, 7.67104220196961e-9, 3.6466833865913034e-7, 3.771557775292545e-7, 0.3646356663961654, 0.3646353997596824, 0.11216575738405139, 3.2181799432442826e-8, 0.36463572322310095, 1.5076791899214581e-6, 0.5231988740533035, 2.9318507619915143e-5, 8.21928383727848e-8, 0.27072912361658213, 0.3646357374413476, 3.397319997248148e-8, 3.527509463171307e-8, 0.11216548981852975, 2.909503279212014e-8, 6.00064940578941e-9, 4.15511695744046e-8, 1.5202241939127062e-6, 1.5192632777667229e-6, 1.4848060606762407e-6, 4.949750568549433e-9, 1.656725184201402e-7, 1.4809583764379013e-6, 7.901011015246447e-9, 1.2119286064908118e-8, 0.3646354818407598, 9.695118457618795e-8, 5.297758153639341e-8, 6.792517367222765e-9, 3.305054641720906e-8, 1.400417703960613e-6, 4.963135484451074e-9, 0.15943788233974907, 0.1594378789468277, 1.6113441027299625e-8, 0.15943789460406038, 0.11216570051121379, 1.15978005770458e-8, 0.1594379006408258, 7.2942133165265616e-9, 2.5999883066381675e-8, 0.1121654895334894, 2.7799072152060697e-8, 0.6353644617464661, 0.25247000483361093, 3.0034183742946195e-8, 3.410668661615964e-8, 1.077188561150646e-7, 0.36463548066544127, 8.944174405435245e-9, 0.36463529150485874, 1.4751426750426773e-6, 0.11216548389926778, 1.387905970456005e-8, 4.945707418626214e-9, 8.937777272448844e-9, 0.3646354069714718, 1.054694255190856e-8, 7.488467353522085e-9, 9.455204928827676e-9, 1.1085767678598433e-8, 1.2233800037670154e-8, 5.254744692817114e-9, 0.3646353961944682, 1.743889429790743e-8, 0.11216544805796189, 0.2287102998828934, 1.1940366769864345e-8, 6.055944551547112e-9, 5.6530775500205655e-9, 2.323017713470501e-8, 7.636572159238435e-9, 0.36463530147512796, 0.3646352001003951, 0.11216259207874911, 1.462753733652575e-6, 1.72008148172296e-8, 0.36463529783561205, 1.446631636138244e-6, 1.2336547831875992e-8, 0.1121654851965788, 0.11216259690925073, 7.4288429347496965e-9, 6.260149472872682e-9, 1.4522412786794672e-6, 3.322956519366238e-8, 0.11216256641667564]
v_opt: [0.36466467976794603, 0.6353646161550628, 0.40368820315207415, 0.13295904992622629, 0.05230849389394687]
solution time: 0.01302480697631836
McCormick lower bound: -7.5730413013058095

