x_opt: [0.7907650889090785, 0.31483381250533615, 0.7907650995166097, 0.20909082988556602, 0.7907651173837441, 0.20909078489486052, 0.7909092204591026, 0.4706411122945101, 0.26665659173715894, 0.2092349054482178, 0.20923488231459267, 0.7333433937198651, 0.2092348987065361, 0.20909077935742748, 0.2092347264236758, 0.3148338421535857, 0.20909075990705198, 1.9056457836096692e-8, 0.2090907115166779, 0.20909067815800278]
w_opt: [0.7907650821417906, 0.5815302094512312, 8.076942319607714e-9, 4.617387146830695e-9, 0.5241084866546983, 0.2092348821001524, 4.019836490732329e-9, 1.8400243790653204e-8, 0.20909075088903656, 1.1128180308252875e-8, 3.869875421797967e-9, 0.10559891556755112, 0.10559895223943133, 0.3148337861904548, 0.20923490156374158, 0.20909077111316923, 1.5615263926353664e-8, 0.3148338083132319, 0.2090908175498547, 0.5816743225904005, 0.2614062150763925, 1.973107181382158e-8, 0.5241085097100994, 0.3148338181688742, 1.3304771753210273e-8, 1.6230493808693505e-8, 0.20909070836559984, 1.0719545918442771e-8, 3.486440561766991e-9, 2.1715378312377255e-8, 0.20909082487163533, 0.20909082397260395, 0.20909081021300321, 2.7390685718761777e-9, 9.707816436645703e-8, 0.20909075713597902, 3.7220244431977403e-9, 6.0004853999432356e-9, 0.26665658907285744, 6.231527761262596e-8, 2.9332469985010506e-8, 3.544167012004077e-9, 9.733918110697101e-9, 0.20909070319821102, 2.5893993577648056e-9, 0.20909077308484508, 0.20909077093129474, 8.058229575012593e-9, 0.20909077869856652, 0.2090907410535272, 6.1081974716343945e-9, 0.20909078178663534, 3.985562640610283e-9, 1.1599878954467038e-8, 0.20909070771951915, 1.2470171585806468e-8, 0.7333433902174294, 0.00014434774064936483, 9.088538024248265e-9, 1.0101020301255604e-8, 2.166026645081572e-8, 0.2666565878835905, 4.546742225473531e-9, 0.20923471556098164, 0.20909075419664302, 0.20909070568223317, 7.610437432274778e-9, 2.865303008015665e-9, 7.559786257034002e-9, 0.2092348953444894, 4.879689681804333e-9, 4.088938091609979e-9, 4.515544596931632e-9, 5.466906081642748e-9, 6.1177033806291145e-9, 2.5039682922465204e-9, 0.20923489304960854, 1.0301183966089221e-8, 0.20909068866157857, 0.20923487887315184, 5.755631787678609e-9, 2.988013895332388e-9, 2.8249606523739276e-9, 9.925042737342046e-9, 3.8555924790425875e-9, 0.20923472276969493, 0.20923483226098835, 0.2090906714532688, 0.2090907224664286, 7.3524150655372505e-9, 0.20923472082315203, 0.20909074064117014, 6.092264221194393e-9, 0.20909070530764648, 0.20909067480727744, 3.82091333120327e-9, 3.4136915566971025e-9, 0.20909065743746383, 1.4884395890945431e-8, 0.2090906637815003]
v_opt: [0.47064110843627854, 0.7907650943584092, 0.6253110689656041, 0.04377926089975395, 0.04377935506575353]
solution time: 0.016817092895507812
McCormick lower bound: -6.235678395341217

