x_opt: [0.7147830490356375, 0.2416741114957703, 0.8667713863571254, 0.13322868746087607, 0.7583258865678244, 0.24167397561490017, 0.7583258843139874, 0.8667702009457455, 0.576598525925929, 0.1332295067170002, 0.13322674314382293, 0.5144978385010196, 0.24167399969086018, 0.2416740945876931, 0.13322857007445335, 0.24167411569954175, 0.1332286393327475, 2.7768619295575412e-8, 0.13322856308927544, 0.13322855794366772]
w_opt: [0.7147830430015022, 0.47310893966392814, 8.821862822959537e-9, 6.655777014130477e-9, 0.22928089341294028, 0.24167396074926706, 8.897599239099004e-9, 2.169276066757324e-8, 0.1332286262477177, 1.598651936835199e-8, 4.984568751469531e-9, 0.10844550363223472, 4.075324120857254e-8, 0.24167407864404186, 0.13322949819076496, 0.24167407968764232, 2.638549289026562e-8, 0.24167410532403497, 0.13322866600332947, 0.6250972753234606, 0.7335415971896693, 9.057541087479837e-7, 0.38126925339783646, 0.24167408002254426, 5.0307065864499454e-8, 2.0493310628090968e-8, 0.13322855680755774, 1.3478078500389017e-8, 6.307742124378639e-9, 3.303527132905358e-8, 0.13322867861835244, 0.13322867820466647, 0.13322864371649487, 5.3597098424869375e-9, 1.2883936366955466e-7, 0.1332286341147808, 5.663445593854156e-9, 1.0069152407809483e-8, 0.5765985219802102, 3.904248714548427e-8, 7.977816787623682e-9, 5.9758496160244225e-9, 1.0396630728895262e-8, 0.1332285388792574, 4.901820596688494e-9, 0.24167395986572476, 0.24167394511155788, 1.5053448473253646e-8, 0.24167395833354283, 0.24167395826315505, 8.463891737109274e-9, 0.24167396848070308, 7.74896817489823e-9, 1.6262566502866307e-8, 0.1332285566017924, 1.2922116466769244e-8, 0.5144978325149601, 8.331445651054288e-7, 8.116089532750187e-9, 1.0286927303701544e-8, 2.8312101933170366e-8, 0.5765985170469009, 7.0177106850741834e-9, 0.1332285423460489, 0.1332286312879968, 0.13322855529012403, 1.1760919778934958e-8, 5.406943545448195e-9, 0.09109637410550366, 0.24167399099465778, 7.767383077113796e-9, 6.547921653283933e-9, 7.26081220362375e-9, 1.077534240789651e-8, 1.1177729754194125e-8, 4.7291222761357465e-9, 0.13322949823129307, 1.8496579824841827e-8, 0.13322850159778177, 0.13322673364081652, 8.03266090948436e-9, 4.893995549618526e-9, 7.125820653681659e-9, 1.3676059731505712e-8, 5.4497121823268065e-9, 0.13322856298849592, 0.24167387311903862, 0.1332285489711018, 0.13322860315294374, 8.434295558922455e-9, 0.13322855884887339, 0.13322852312170336, 1.0098692920771663e-8, 0.13322854334088607, 0.13322855024789487, 5.41284952278202e-9, 5.870880323092805e-9, 0.13322853557581613, 1.9437869371034345e-8, 0.13322855197126635]
v_opt: [0.8667701944530926, 0.8667713797362265, 0.5750582284837487, 0.0177502580849807, 0.0177495459735184]
solution time: 0.013406991958618164
McCormick lower bound: -3.655792475533456

