x_opt: [0.6338923857210245, 0.3661075886482316, 0.6338925061063501, 0.06496453937053914, 0.633892449408695, 0.22617409114254472, 0.9350306431951682, 0.3661079962164491, 0.36610778917678455, 0.36610759878604515, 0.17989322743969113, 0.6338921827654864, 0.366107608654272, 0.06496956299995206, 0.3661075576352111, 0.3661075779173602, 0.06496452273025229, 2.6452197783028495e-8, 0.06496571720643761, 0.06496576066037886]
w_opt: [0.6338923722669226, 0.2677848388873765, 7.78388593173319e-9, 6.047824619349537e-9, 0.26778457275570494, 0.3661075917708239, 5.41948088945397e-9, 6.840012698626133e-8, 0.064964509279782, 1.6774275993641387e-8, 7.415241890853526e-9, 9.89395945424495e-8, 1.6041168296360417e-7, 0.3661075104622409, 0.36610758675982613, 0.06496955049495912, 3.603090996672437e-8, 0.3661075718544864, 0.06496451771618256, 0.5689231522893691, 5.053431994309981e-7, 1.1881195738059572e-7, 0.26778471730560327, 0.3661075406053409, 3.308912135240549e-8, 2.44342066978026e-8, 0.06496571428698779, 1.678074549018011e-8, 3.56131571408016e-9, 7.608407732861548e-8, 0.06496453289268217, 0.06496453179681858, 0.06496450019097576, 3.2172204963531666e-9, 6.012014245841482e-7, 0.06496451744990399, 5.178306971538314e-9, 1.0285343861936931e-8, 0.366107786430465, 1.267998052899646e-7, 6.852332309823408e-8, 5.584817596870691e-9, 4.703758185740041e-8, 0.06496433149817249, 2.850755703493488e-9, 0.22617406558760675, 0.22617407539972423, 9.791336844537918e-9, 0.22617408340612977, 0.06496949836273291, 1.1421972871898591e-8, 0.22617408842118197, 5.330932931712553e-9, 1.779520462630477e-8, 0.06496571415997907, 4.203476682397575e-8, 0.6338921786213355, 0.30113893592267726, 2.1211853125927894e-7, 4.681145069126142e-8, 5.491581533533884e-8, 0.3661077849870617, 5.862385844406718e-9, 0.36610754578278437, 0.06496451405436625, 0.06496570874739406, 1.0419448148794644e-8, 3.4963990650583095e-9, 5.914481415527001e-9, 0.3661076052911233, 6.433373831112055e-9, 5.1362129643976225e-9, 5.996810030869159e-9, 8.143344756729176e-9, 9.5942881132453e-9, 3.0876652732233646e-9, 0.36610758723207576, 1.3345791328073306e-8, 0.0649656807311076, 0.1798932255832125, 1.031453308518475e-8, 3.9554868387706975e-9, 3.091147396484557e-9, 1.9842161141697126e-8, 5.423804074461515e-9, 0.366107554020303, 0.3661070395543596, 0.06496575197040777, 0.06496450427471379, 1.7813597381130466e-8, 0.36610754898733566, 0.06496448533123787, 8.067927850269132e-9, 0.06496571214091933, 0.06496575110949421, 5.912288162092638e-9, 4.1491460343359825e-9, 0.06496420574151582, 2.3174464762751854e-8, 0.064965709840434]
v_opt: [0.3661079926867364, 0.6338925007059344, 0.40181965045061896, 0.13403491455239117, 0.0323617361059174]
solution time: 0.012912988662719727
McCormick lower bound: -8.98183423127218

