x_opt: [0.8012311168699953, 0.19876883818413418, 0.8012311778727137, 0.19876882971590945, 0.8012311637353261, 0.19876759500836982, 0.8012312305717358, 0.8937023089451155, 0.6595549038373683, 0.19876882999102355, 0.09446824549528227, 0.7678787220256664, 0.19876883140872145, 0.19876876979704838, 0.19876881906290675, 0.19876885089360116, 0.19876881375379393, 5.88328170170691e-9, 0.10629761235415199, 0.1062976008069457]
w_opt: [0.8012311155541738, 0.6024622816100148, 1.791114732345913e-9, 1.6788718130846938e-9, 0.5691098401435607, 0.19876882510085064, 1.2657011261986383e-9, 5.326223512170561e-9, 0.19876881130448132, 3.5177708730329196e-9, 1.5161284840286923e-9, 1.6951866989724642e-8, 2.2205271258007225e-8, 0.19876883089381414, 0.19876882753372077, 0.19876876621323006, 7.414813197766497e-9, 0.19876883687639377, 0.19876882596789305, 0.6024624094039104, 0.6949334879515229, 1.1776642846641947e-8, 0.5691099060543888, 0.19876884533963823, 5.8738826477855846e-9, 4.971697854296505e-9, 0.10629761140810837, 2.8483334875169236e-9, 1.0122276266669555e-9, 6.447942172150189e-9, 0.19876882830302445, 0.19876882765500373, 0.19876881313245393, 1.0398107587273343e-9, 2.9125729899131735e-8, 0.1987688128565495, 1.1164503688139206e-9, 2.3606602305398305e-9, 0.6595549030661011, 8.889197028828205e-9, 1.5318677458145456e-9, 1.5332442954347187e-9, 2.9191702821133583e-9, 0.1987687925398459, 8.887086622615856e-10, 0.19876758899765246, 0.19876759004278258, 2.107276207567226e-9, 0.1987675930182391, 0.19876759078081616, 2.730639980043524e-9, 0.19876759370522507, 1.527260017567835e-9, 3.4389255326132596e-9, 0.10629761109511926, 3.3857331596799105e-9, 0.7678787206258221, 2.3571520694935751e-7, 2.362979246518149e-9, 2.3576787125978438e-9, 4.077556370062576e-9, 0.659554902701299, 1.25865999071132e-9, 0.19876881446956488, 0.1987688121319311, 0.10629761077987436, 3.6947874985545956e-9, 1.3683994127291724e-9, 0.4274336287012685, 0.19876882990062986, 1.4667121492906522e-9, 1.2972807832660553e-9, 1.4914377035507742e-9, 2.4322616176566885e-9, 2.484053459533047e-9, 9.052261697533168e-10, 0.19876882732245812, 2.8940669150305822e-9, 0.106297603371484, 0.09446824442819486, 1.8495789634354023e-9, 9.42033063450262e-10, 1.1945248742759147e-9, 2.8573504071844437e-9, 1.2465886072800587e-9, 0.19876881753379416, 0.19876878310875856, 0.10629759887219177, 0.1987687607414018, 2.241171628835882e-9, 0.19876881733050153, 0.198768799792072, 1.6345656297481097e-9, 0.10629760991258957, 0.10629759937380266, 1.1466661671774664e-9, 1.2869411235140147e-9, 0.10629759644245855, 4.58668018037571e-9, 0.10629759848737805]
v_opt: [0.8937023079882555, 0.8012311764043838, 0.6419713789480977, 0.03950908574561857, 0.008924252689063262]
solution time: 0.013725996017456055
McCormick lower bound: -5.632146072400905

