x_opt: [0.7969427730550736, 0.20305392373950307, 0.796983179085767, 7.142283926180873e-6, 0.7429264816557178, 0.2570718569873466, 0.7969458794438009, 0.7487465649084138, 0.48845300818674786, 0.20301666960500767, 0.2030571553275794, 0.5115469193426649, 0.257073192499187, 0.20305405093639178, 0.2030576244920294, 0.25707767169256485, 7.039521049695332e-6, 1.0029769586953895e-7, 0.20301669528422228, 0.20301685679881126]
w_opt: [0.796942746375353, 0.5398692641244631, 4.441255228534968e-8, 4.533813464099183e-8, 0.30848970696369044, 0.25707307900202464, 4.5339088057772234e-8, 8.575574005424523e-7, 7.006771985110921e-6, 6.722923106014041e-8, 2.09276413622152e-8, 3.7111876887160585e-5, 4.909677207922772e-7, 0.20305371132465655, 0.20301665295399998, 0.203053429627211, 3.570703917276574e-7, 0.20305390214187943, 7.082263849000859e-6, 0.593929074484287, 0.5457297735553654, 6.659431388020015e-8, 0.30853022202679653, 0.257077559259641, 9.893354929009148e-8, 8.516161393064021e-8, 0.20301667862168704, 1.2619089025913993e-7, 1.2110839462493006e-8, 1.5531861485893206e-7, 7.111074596476911e-6, 7.107753878581914e-6, 6.981939449588414e-6, 1.860518150682224e-8, 5.477806397650222e-7, 7.009266791473069e-6, 1.7474510848403564e-8, 4.240835873361486e-8, 0.48845299970374495, 2.0548146840062212e-7, 2.1903151665878593e-8, 2.7043650321615513e-8, 2.994501467795537e-8, 6.760095043382964e-6, 2.3379508387109572e-8, 0.25707179917685724, 0.2570717038436098, 5.5694671335375914e-8, 0.25707182753346264, 0.20305374798718806, 5.2923255899598676e-8, 0.2570718380772686, 3.057220572341976e-8, 6.297705220857577e-8, 0.20301666545493938, 6.219289637953648e-8, 0.5115468897777671, 0.05401981381984068, 3.102251962193696e-8, 9.844850273755961e-8, 2.718773370980222e-7, 0.48845298356612693, 2.2177854931246447e-8, 0.20305753692104114, 7.007744276393618e-6, 0.2030166735582259, 2.507786282717525e-8, 2.0273926315223003e-8, 1.4104324524569892e-7, 0.2570731714215429, 4.359183348528001e-8, 1.957845031189337e-8, 2.9712386533099395e-8, 9.106635097053626e-8, 9.242491463786718e-8, 2.1515152809161403e-8, 0.2030166455871716, 5.736815438459358e-8, 0.2030161950433825, 0.20305713558113386, 3.465228589017116e-8, 2.3838546969689194e-8, 3.5888002646309264e-8, 3.965081197931238e-8, 1.8748737156156033e-8, 0.2030576158786902, 0.25707200759808185, 0.2030168313920664, 6.88877172102685e-6, 3.4479522401841206e-8, 0.20305760516095883, 6.8360467976841905e-6, 3.2149800437654614e-8, 0.20301667413774835, 0.20301683986616287, 2.0230164048514635e-8, 1.9816275019428145e-8, 6.787194892822544e-6, 8.44014562190662e-8, 0.2030166392070659]
v_opt: [0.7487465520344819, 0.7969831590284598, 0.5519410172110756, 0.04121603613625958, 0.04123227127945221]
solution time: 0.012513160705566406
McCormick lower bound: -4.111549747243765

