x_opt: [0.7111927880962382, 0.3127365925851361, 0.7111928057066621, 0.11586950592803934, 0.7111927878789943, 0.16997411058800055, 0.8300263690835629, 0.40796606853165696, 0.28880732535013853, 0.28880719242573155, 0.22440940576242924, 0.7111926753041028, 0.2888072001244154, 0.16997363595854734, 0.28880711734760867, 0.3127367067436413, 0.11586948381176371, 4.8338402127894876e-8, 0.16996907163722821, 0.11586944883645868]
w_opt: [0.7111927747288855, 0.422385585101705, 1.8285411213787532e-8, 1.2314509248290616e-8, 0.4223854734897005, 0.2888071610774115, 9.959142289222658e-9, 3.9085205962550015e-8, 0.11586946154695917, 2.7976329044259206e-8, 1.0788265180764334e-8, 0.023929406772166407, 0.023929427153633897, 0.31273653222507125, 0.28880718261100247, 0.16997361259012597, 3.660203105705085e-8, 0.31273658330294685, 0.11586947663661402, 0.5412191819499501, 0.11915888226000752, 3.5973519265928565e-8, 0.4223855187087935, 0.31273665510319343, 3.483199329566964e-8, 4.1240567438142095e-8, 0.1699690635320368, 2.6131251362529752e-8, 8.607876730914478e-9, 4.216580394765785e-8, 0.11586949280501625, 0.1158694896258612, 0.11586945391823421, 7.256563672891046e-9, 2.074755299681669e-7, 0.11586947443310835, 9.936957926386032e-9, 1.586569795777711e-8, 0.2888073177574452, 7.217303976847038e-8, 1.8955655556197535e-8, 9.933197337714061e-9, 2.1518966871611413e-8, 0.11586936298371678, 6.855959867130262e-9, 0.16997407901198655, 0.16997407597733863, 1.9568949678422948e-8, 0.1699740936516306, 0.16997359767479922, 1.5678948474982104e-8, 0.16997410216721195, 1.0164218810074657e-8, 2.8536528661632385e-8, 0.169969062707245, 2.7842928798594518e-8, 0.7111926652042041, 0.11883406178089105, 2.1770098701570444e-8, 2.3036528500616144e-8, 3.303994366186211e-8, 0.28880731575696644, 1.1734112832305453e-8, 0.28880708997849713, 0.1158694681464204, 0.16996905652234126, 1.7031469853833824e-8, 7.666805688578063e-9, 2.38475250622869e-8, 0.28880719046713726, 1.2929462211196314e-8, 1.0460414644789824e-8, 1.1951616249056999e-8, 1.4328112394523545e-8, 1.551663416049039e-8, 7.330830930538451e-9, 0.2888071784479931, 2.247986754162338e-8, 0.16996901018275642, 0.22440939812975952, 1.4395748305782948e-8, 8.090555618808724e-9, 8.197118036957975e-9, 2.6327064684216792e-8, 1.0194671483052901e-8, 0.28880710755031214, 0.28880704242807415, 0.11586943063443686, 0.11586945566376439, 1.9175922303320878e-8, 0.2888071033537418, 0.1158694335584741, 1.4690363249978006e-8, 0.16996905537009033, 0.11586943991067003, 9.896268314852249e-9, 9.02607200457734e-9, 0.11586940269238018, 3.753911936893662e-8, 0.11586941839026788]
v_opt: [0.40796605870776237, 0.7111927912146973, 0.5057952316565467, 0.08340959547057814, 0.05035959092089635]
solution time: 0.01435995101928711
McCormick lower bound: -6.938500972912905

