x_opt: [0.6404729676786074, 0.35952723451950475, 0.6404730273470783, 0.06465331831444451, 0.6404729196188135, 0.1558870743760389, 0.8441131229756837, 0.4075432556641255, 0.3595273227729437, 0.35952694079074454, 0.19021040980434714, 0.6404726602011135, 0.3595270690973285, 0.1558868959886363, 0.359527049006747, 0.3595275186580232, 0.06465330865388028, 3.3965891591644946e-8, 0.06465446279367965, 0.0646543546458926]
w_opt: [0.640472958508781, 0.280945892903787, 7.655358725317277e-9, 8.57701201731489e-9, 0.2809456339973114, 0.35952704512302674, 6.546765077204069e-9, 5.0315061873100036e-8, 0.06465329428077081, 2.049657329967159e-8, 7.399453301338907e-9, 2.6713185279490006e-7, 2.6639003243774404e-7, 0.3595271887805637, 0.3595269335644158, 0.15588687887493793, 2.9599190785681e-8, 0.35952722754336924, 0.06465329733341035, 0.4845861553138581, 0.04801628786405206, 4.9018105899699345e-9, 0.2809457126401354, 0.35952748957457925, 3.013108475810426e-8, 2.9562124105854485e-8, 0.06465445750389441, 1.8967880111087633e-8, 4.853170912395732e-9, 4.0006002015292334e-8, 0.0646533091406961, 0.06465330800521608, 0.06465326614127148, 5.004842666200459e-9, 4.504611632058053e-7, 0.0646533011406931, 7.1277052347301124e-9, 1.2316318957324662e-8, 0.3595273176550049, 1.8671882779575447e-8, 5.2757166228343136e-9, 7.305416013729847e-9, 1.380432773494074e-8, 0.0646532051086813, 4.809654003134886e-9, 0.15588704994680858, 0.15588705069199407, 1.2542600989028532e-8, 0.1558870642726746, 0.1558868423470729, 1.2042664418668291e-8, 0.15588706888315088, 6.934745717900687e-9, 2.062176651929836e-8, 0.06465445639469326, 1.8176981374671818e-8, 0.6404726526789026, 0.20364032947667166, 2.717170188725354e-8, 7.0401421149362575e-9, 1.4864250692644437e-8, 0.3595273168335567, 7.660119174891987e-9, 0.35952703332321906, 0.06465329718508707, 0.0646544535247106, 9.402348058687431e-9, 5.069049786273073e-9, 1.1149610339854558e-8, 0.3595270638409852, 9.606052201523978e-9, 6.680821217516226e-9, 8.649397221340454e-9, 1.1181366487870388e-8, 1.1314850456251204e-8, 4.980420661619523e-9, 0.359526935869092, 1.2548358818790079e-8, 0.06465442722534684, 0.1902104049895265, 1.0076501022100474e-8, 5.7345620778779205e-9, 5.7975097338323696e-9, 1.9663963809139057e-8, 6.748265889006325e-9, 0.3595270419890183, 0.35952681169241796, 0.06465434384318784, 0.06465328270196742, 1.3356647394043666e-8, 0.3595270387221262, 0.06465326472202905, 9.43067221579578e-9, 0.06465445298289653, 0.06465434781823778, 6.535489790873127e-9, 6.042094124593933e-9, 0.06465312298645504, 2.7474523531991076e-8, 0.06465434808551887]
v_opt: [0.40754324983581036, 0.6404730185242944, 0.4102062885290573, 0.129260179291819, 0.036180046757978944]
solution time: 0.012826919555664062
McCormick lower bound: -7.175929601550366

