x_opt: [0.7025961774318782, 0.2974039624607876, 0.7025961853864678, 0.09250456101306086, 0.7025961736933145, 0.16926984095448902, 0.830730226736243, 0.4173280390318134, 0.29740388129173795, 0.297403810739218, 0.23269385029153836, 0.7025961172441734, 0.2974038181137792, 0.16926977566921927, 0.29740379141768514, 0.2974040230140238, 0.09250455474242307, 2.101327793107346e-8, 0.16926862173312265, 0.09250456105763534]
w_opt: [0.7025961723631015, 0.40519235578132395, 7.465017439262912e-9, 5.4889378946914266e-9, 0.4051922988518105, 0.2974038012895312, 4.473819776753783e-9, 1.9454107855618597e-8, 0.0925045453455262, 1.2293834314539836e-8, 4.570241736638768e-9, 1.5135075126209623e-7, 1.5984930813297652e-7, 0.2974039363130635, 0.29740380630458346, 0.1692697655442418, 1.738852854166238e-8, 0.2974039585100228, 0.092504548405364, 0.5333264153625161, 0.11992422799181407, 1.3180874029809131e-8, 0.4051923188387666, 0.2974040022569223, 1.543421295679165e-8, 1.7836560509609767e-8, 0.16926861808880517, 1.1273273296952932e-8, 3.566248748469323e-9, 1.819429593347699e-8, 0.09250455503158539, 0.0925045542231263, 0.09250453676926233, 3.2737903395445787e-9, 8.475030147829846e-8, 0.0925045503239276, 4.409128863834881e-9, 7.222194614616181e-9, 0.2974038779191026, 2.9380831209224185e-8, 6.755927384802192e-9, 4.495602321793348e-9, 9.101645503062683e-9, 0.09250450310647568, 3.1340914895492466e-9, 0.16926982738065746, 0.16926982542437294, 8.423591241139198e-9, 0.1692698340431635, 0.16926975958265955, 6.947668532401294e-9, 0.16926983722576255, 4.505996095335682e-9, 1.2382120935082991e-8, 0.16926861759250064, 1.1321409587315719e-8, 0.702596112632, 0.12813429885985553, 9.169937191262794e-9, 9.75645929700724e-9, 1.4644578292189925e-8, 0.2974038770713875, 5.141316693769115e-9, 0.2974037794072844, 0.0925045476679419, 0.1692686153978777, 6.86483854869785e-9, 3.3414996303780868e-9, 9.24301447272254e-9, 0.29740381411473066, 6.004812374058957e-9, 4.460882944106538e-9, 5.38995865532968e-9, 6.77547582567058e-9, 7.257562660926831e-9, 3.3187571362435225e-9, 0.2974038051983457, 9.025785774904682e-9, 0.16926859361353988, 0.23269384684594302, 6.271327477460191e-9, 3.705421034941723e-9, 3.794709071393377e-9, 1.0909667276488484e-8, 4.325029312731551e-9, 0.29740378720540345, 0.2974037327643356, 0.09250455365405136, 0.09250454188475177, 8.202168427557923e-9, 0.2974037853570446, 0.09250453205238289, 6.353497685233412e-9, 0.16926861495530268, 0.09250455701991908, 4.238256477082206e-9, 3.9351265079294865e-9, 0.09250453300182394, 1.6318527234760734e-8, 0.09250455628208111]
v_opt: [0.4173280348312784, 0.7025961793434918, 0.49364138948709957, 0.08844906510260682, 0.05414759150714122]
solution time: 0.01592397689819336
McCormick lower bound: -6.562323358846982

