x_opt: [0.6353532575130802, 0.3646467769566542, 0.6353533148176567, 9.51184988955435e-8, 0.6353532912944251, 0.15944776175310968, 0.8878476850057303, 0.3646507257478791, 0.3646466850776701, 0.3646466475474628, 0.2286873874360711, 0.6353532984547199, 0.3646466862732594, 0.11215231557981957, 0.3646466886892253, 0.36464682251489705, 9.100448352489098e-8, 1.0273074358782225e-8, 0.11215242104903272, 0.1121524077129992]
w_opt: [0.6353532549876969, 0.2707065497393284, 1.7135091332180633e-9, 2.0289812355977922e-9, 0.27070655712217384, 0.3646466810024445, 2.1873764891002023e-9, 1.0205733228010936e-8, 8.774783718599935e-8, 7.0142121495192225e-9, 1.8209614359431395e-9, 9.285472037595013e-8, 9.984879832800405e-8, 0.3646467515881108, 0.36464664673575803, 0.11215231196311218, 1.7870462800804293e-8, 0.3646467742113541, 8.972738406360538e-8, 0.5232010010392442, 4.041561979057437e-6, 8.723641482690523e-10, 0.2707066201455064, 0.3646468134482033, 1.2641426584332161e-8, 9.210180443146097e-9, 0.112152419676419, 1.065299463602194e-8, 1.045856872780567e-9, 1.716975912422793e-8, 9.177360250585302e-8, 9.247702992637554e-8, 7.766924559019736e-8, 1.1345326470489875e-9, 3.761048947280903e-8, 8.937529188592022e-8, 1.9927077801914293e-9, 3.4340814652697175e-9, 0.3646466836197533, 1.850984839422142e-8, 1.4981847287631632e-9, 2.0558118707741207e-9, 4.024341758823495e-9, 7.360757584776423e-8, 1.3866076066025078e-9, 0.15944775658047114, 0.1594477537749878, 3.6610292942574275e-9, 0.15944775980802064, 0.11215230410217733, 3.217378149324619e-9, 0.15944776075037276, 1.5961464969801276e-9, 7.104628427833414e-9, 0.11215241945973972, 7.831097534013331e-9, 0.6353532966828741, 0.25249482240686405, 2.9713285736783216e-9, 1.0946606781435528e-7, 1.1822601286252487e-7, 0.36464668388783017, 2.058576878980432e-9, 0.36464668750364304, 8.72147416946174e-8, 0.11215241860979061, 2.3261233811233878e-9, 9.745130752141011e-10, 1.501985796284339e-9, 0.36464668469519645, 4.1213680721341124e-9, 1.4055831253284298e-9, 2.6727417789715673e-9, 4.2560976307757045e-9, 4.720077284503855e-9, 1.3868478777452025e-9, 0.36464664670909197, 2.998056906396374e-9, 0.11215240685576128, 0.22868738641316036, 3.0368033942436e-9, 1.9342860811255644e-9, 1.4894407192736896e-9, 4.044944101054382e-9, 1.5021314153282768e-9, 0.3646466861651109, 0.36464659416548306, 0.11215240551651015, 8.596031028764913e-8, 4.772203426451833e-9, 0.36464668681463774, 7.794810364398097e-8, 2.9507141340653963e-9, 0.11215241947066538, 0.11215240527003906, 1.535032044680406e-9, 1.3000924617943504e-9, 8.704744735103886e-8, 8.940292166652832e-9, 0.1121524026847138]
v_opt: [0.3646507241848653, 0.6353533128430467, 0.40367383074486435, 0.13296718905559973, 0.05229795258534598]
solution time: 0.01244807243347168
McCormick lower bound: -6.911754889647601

