x_opt: [0.6595612519052036, 0.34046433675643195, 0.6595612534712632, 1.6130288382146226e-7, 0.6595612224813496, 0.13789286669048012, 0.8621534755976945, 0.3983186872506397, 0.3404387628791098, 0.34043873397672897, 0.28912217343905705, 0.6595611470898377, 0.340438751150873, 0.13784653084752382, 0.34043873716031964, 0.3404713021138839, 1.5999634648438536e-7, 1.8578165703641617e-8, 0.13784631395042174, 0.13784263534149124]
w_opt: [0.6595612458788785, 0.31912247626663925, 4.606474853311864e-9, 4.0477217061588815e-9, 0.31912240174036804, 0.34043873967351845, 3.870966747050469e-9, 2.589409631611548e-8, 1.5320055790015137e-7, 1.155837530829538e-8, 2.8356990560334816e-9, 2.5592604049714743e-5, 2.5567849386250307e-5, 0.34046430937305594, 0.34043873132666375, 0.13784652414662965, 1.778900476355825e-8, 0.3404643339410881, 1.525138936998873e-7, 0.5217147315588883, 0.057879943428176026, 7.021734355113075e-9, 0.31912241279252584, 0.34047128546660327, 1.3081867916808165e-8, 1.5954774524448437e-8, 0.13784631075412865, 1.007682582061187e-8, 2.6285576035730823e-9, 1.4351550490857503e-8, 1.5560900716753078e-7, 1.5716296751282988e-7, 1.4296863282723242e-7, 2.3995667937934306e-9, 3.2025866817018224e-8, 1.55946438416123e-7, 3.736511079669289e-9, 5.371515168971682e-9, 0.3404387598763694, 2.5646393671035634e-8, 2.9971839473403374e-9, 3.2105360760172398e-9, 4.9610983347471415e-9, 1.3535282572605942e-7, 2.669889388454814e-9, 0.1378928583878579, 0.13789285281739358, 7.319346925114559e-9, 0.13789286237473172, 0.13784652427788358, 4.905553031445161e-9, 0.13789286417942487, 3.243272598874957e-9, 1.1756012904472604e-8, 0.13784631079896664, 9.421622457774885e-9, 0.6595611436438173, 0.20259247996648108, 1.1001298658367756e-8, 1.3411849841277467e-8, 1.7190032172689432e-8, 0.3404387594176762, 4.060069657267939e-9, 0.3404387287000864, 1.5348629521941985e-7, 0.13784630906884043, 5.234847571631028e-9, 2.0758440121466756e-9, 3.7450520039067466e-9, 0.3404387483660701, 6.287788081378143e-9, 3.0822243611449298e-9, 4.788301253690144e-9, 5.847084816139331e-9, 6.5374722965651566e-9, 2.7918393773174565e-9, 0.3404387307393799, 6.255110373073479e-9, 0.13784628817683625, 0.2891221706206758, 5.338676547406487e-9, 3.4105541626541735e-9, 3.220202064310566e-9, 9.727458702327207e-9, 3.146689389610438e-9, 0.34043873454799795, 0.34043872612412795, 0.137842630406526, 1.500117414259883e-7, 6.515140215956844e-9, 0.3404387329905418, 1.4205629298045322e-7, 5.951424752426912e-9, 0.13784630991943222, 0.13784263223832433, 3.115474121582383e-9, 2.7779104036038494e-9, 1.5172842144492982e-7, 1.5081696816544573e-8, 0.1378426324726145]
v_opt: [0.39831868360297146, 0.6595612490920204, 0.43502102628745315, 0.11589875059381202, 0.08359165258877699]
solution time: 0.015720844268798828
McCormick lower bound: -6.133731031312493

