x_opt: [0.7908460586582498, 0.3148160497143445, 0.7908460629828099, 0.20915393110470432, 0.7908460595284206, 0.2091539250650109, 0.790846075146016, 0.4707273753017498, 0.26667515801707947, 0.20915394126957423, 0.20915365250403092, 0.7333248411103679, 0.2091539411062878, 0.2091539243984194, 0.2091539259973074, 0.3148160501024515, 0.20915391716131368, 7.766893231703773e-10, 0.2091539222761779, 0.2091539215284451]
w_opt: [0.7908460583799968, 0.5816921182572554, 4.3228374501603543e-10, 1.6776325201021768e-10, 0.5241708999177761, 0.20915394024854908, 1.9394087370591452e-10, 6.193519735953561e-10, 0.20915391676605466, 4.6417143635496687e-10, 1.6268256849148703e-10, 0.10566211288979299, 0.1056621106873202, 0.314816048321291, 0.20915394111012586, 0.20915392410766892, 7.343136767358572e-10, 0.31481604946467445, 0.20915393054697692, 0.5816921382253197, 0.26157343843471725, 4.947516653492738e-9, 0.5241709048652097, 0.31481604875205443, 7.069153387034786e-10, 6.697554049479928e-10, 0.2091539221516029, 7.011140264994298e-10, 1.813154306909432e-10, 1.2314346660365968e-9, 0.20915393089415724, 0.20915393090741338, 0.20915393013069522, 1.0834095221141976e-10, 5.880115419592584e-9, 0.20915391706288633, 1.5243770689229968e-10, 2.330887664891677e-10, 0.26667515792300883, 4.3847728997205565e-9, 1.1401683254976584e-9, 1.4166455461462258e-10, 4.2294519311508355e-10, 0.20915391443065962, 1.0880726286805186e-10, 0.20915392464950677, 0.20915392440315955, 4.095464676902833e-10, 0.20915392480782743, 0.20915392286909915, 2.495495795824041e-10, 0.20915392495310034, 1.6950417151854856e-10, 4.966131179317025e-10, 0.2091539221607958, 6.492950287136157e-10, 0.7333248409991333, 6.085524353925683e-8, 4.295121384443666e-10, 6.242206884473991e-10, 1.612483575669035e-9, 0.26667515784967544, 1.905011878709329e-10, 0.2091539254839073, 0.20915391693588162, 0.2091539220377319, 4.524566827760231e-10, 1.0831954626687615e-10, 2.2227758523387589e-10, 0.20915394098562753, 2.0717954863459278e-10, 1.7337784106108906e-10, 1.7844799987156917e-10, 2.2225108741457196e-10, 2.600315709041739e-10, 1.0807294811640979e-10, 0.2091539408616392, 6.278293668732091e-10, 0.20915392124798587, 0.209153652392509, 2.328646358943837e-10, 1.2328432588342119e-10, 1.2125568546670995e-10, 4.808399814874776e-10, 1.5608557865410702e-10, 0.2091539258762313, 0.20915393610430613, 0.2091539212396926, 0.2091539159432998, 3.076636134221739e-10, 0.20915392574338013, 0.2091539161412105, 2.8366986483974516e-10, 0.20915392204331068, 0.20915392141616712, 1.6243144429816905e-10, 1.335983342910427e-10, 0.2091539160546258, 6.196499029016379e-10, 0.2091539205107665]
v_opt: [0.470727375133184, 0.7908460627956762, 0.6254374929198149, 0.043745372271070705, 0.043745285619800574]
solution time: 0.01232290267944336
McCormick lower bound: -5.547956574993295

