x_opt: [0.6699799302298911, 0.33002008256904136, 0.6699799316025449, 0.07781558584704643, 0.6699799305392631, 0.16227261897877687, 0.8377274775400657, 0.4118288690970149, 0.3300200720173638, 0.33002006813370244, 0.20992222123817286, 0.6699799270659398, 0.33002006869256, 0.16227252340089926, 0.33002006565839476, 0.330020085736358, 0.07781558513006721, 2.968536490417988e-9, 0.1146888783147113, 0.0778155964210689]
w_opt: [0.6699799294979071, 0.33995986130284445, 1.0646372158859827e-9, 7.773814416430529e-10, 0.3399598579247686, 0.33002006637063536, 6.271994311941024e-10, 2.599542564303173e-9, 0.07781558369777943, 1.7144595799077227e-9, 6.703028999864392e-10, 1.4748959158884596e-8, 1.6498928421147803e-8, 0.3300200786520367, 0.33002006749068297, 0.1622725219365877, 2.253547008893333e-9, 0.3300200818854332, 0.0778155840118483, 0.5077074095876054, 0.08180880120033195, 2.034753991903655e-9, 0.33995986094647906, 0.33002008244299647, 2.2822132189370266e-9, 2.5284171072143328e-9, 0.11468887779616904, 1.7095527180039425e-9, 5.539521297191872e-10, 2.669628713295514e-9, 0.07781558498653836, 0.0778155848320041, 0.07781558252662663, 4.4843532668293857e-10, 1.2910025511017923e-8, 0.07781558447164799, 6.327537537175887e-10, 9.910258622968736e-10, 0.33002007151076473, 4.584566345846378e-9, 1.1805450690346936e-9, 6.141941873780182e-10, 1.4345208766150155e-9, 0.07781557784367821, 4.3414712288000217e-10, 0.1622726170794579, 0.16227261679333774, 1.2604497765538746e-9, 0.1622726179177543, 0.1622725214397071, 9.667799889601711e-10, 0.16227261846827606, 6.238397686336275e-10, 1.7537281955940115e-9, 0.1146888777668444, 1.8058435880382974e-9, 0.6699799264334884, 0.16774758540584708, 1.8420870946183926e-9, 1.456455877835577e-9, 2.1156240171361228e-9, 0.33002007140969425, 7.476859715790817e-10, 0.33002006401199446, 0.07781558408473921, 0.11468887732148554, 1.100522888473463e-9, 4.5716422410417224e-10, 1.04072784604208e-9, 0.3300200680783448, 8.479400946107258e-10, 6.563419388479716e-10, 7.47377258738121e-10, 8.801999919167239e-10, 9.653556297705705e-10, 4.769904357836932e-10, 0.33002006730115696, 1.3844641475573661e-9, 0.1146888745364368, 0.20992222090085338, 8.947614347517817e-10, 5.24336963978205e-10, 5.208699100821333e-10, 1.7743151837273116e-9, 6.338913968143775e-10, 0.33002006503918657, 0.3300200540815575, 0.07781559524777903, 0.07781558339822638, 1.2481246726072137e-9, 0.3300200647348006, 0.0778155820307943, 9.213722794239759e-10, 0.1146888773340896, 0.0778155958837956, 6.339978752957059e-10, 5.48376568330637e-10, 0.07781558303697945, 2.2966115598154683e-9, 0.07781559567564189]
v_opt: [0.4118288684500323, 0.6699799306594033, 0.4488731173721577, 0.1089132498047258, 0.044067341132763324]
solution time: 0.013664007186889648
McCormick lower bound: -7.389369486413241

