x_opt: [0.6417460006932209, 0.35825616400538046, 0.641745953047228, 0.06548023339746833, 0.6417460604359887, 0.15605201198177177, 0.8439496847725684, 0.40911994413615504, 0.35825482235611417, 0.35825381850879123, 0.19285307777277813, 0.6417451924803643, 0.3582539112558029, 0.15605034681755955, 0.3582539046689051, 0.3582574484816026, 0.06548021847073207, 7.006806419063618e-8, 0.06548236899885976, 0.06547900159922765]
w_opt: [0.6417459340154951, 0.2834920692881217, 1.2717260120129793e-8, 1.1868927097069705e-8, 0.28349120445381637, 0.3582538625851958, 9.990784639655756e-9, 8.378220389104253e-8, 0.06548019719714682, 4.4792254180593615e-8, 1.2957121341656338e-8, 2.1240381840728282e-6, 2.2772096211165992e-6, 0.35825606216021344, 0.35825381155210423, 0.15605032427837898, 4.140837207020145e-8, 0.3582561574469435, 0.06548019890716673, 0.485695644469102, 0.050865903733799345, 3.3172119057992954e-8, 0.28349119448701754, 0.35825740061004135, 4.1056804345167506e-8, 6.377882352493223e-8, 0.0654823622941854, 4.321977491016377e-8, 7.3393594387580125e-9, 6.567887869625879e-8, 0.06548022091051595, 0.06548021635138598, 0.06548014403837504, 6.9773731864955635e-9, 1.0965349950380218e-6, 0.06548020666806967, 1.0613479609873456e-8, 1.5647703343296697e-8, 0.3582548160387866, 5.166074423500455e-8, 1.565893887553455e-8, 1.02811800647736e-8, 4.5217633918813464e-8, 0.06547999219003955, 6.0396045695938e-9, 0.15605196627334034, 0.1560519801091301, 1.5840352771357933e-8, 0.15605199762476912, 0.156050317067246, 1.7661915639681762e-8, 0.15605200483747952, 1.001048309601622e-8, 4.5822993739320036e-8, 0.06548236203066392, 5.5035466117853735e-8, 0.6417451838673991, 0.20220588277244983, 4.494861057071643e-8, 2.543987300587203e-8, 3.820859626455046e-8, 0.3582548146648296, 1.1323409380228892e-8, 0.3582538864306309, 0.06548020412375771, 0.06548235650020923, 1.78892988768171e-8, 7.52402066021724e-9, 4.4824333797552004e-8, 0.35825389898844334, 1.2344786746167634e-8, 1.0168375994644822e-8, 1.394970205606079e-8, 1.8488861306394468e-8, 1.6959481671098637e-8, 6.67389677355286e-9, 0.35825380901481213, 2.373868481302484e-8, 0.06548229289949682, 0.19285307204976518, 2.033207049831398e-8, 7.9140960187178e-9, 7.453385705227536e-9, 2.7400270487145622e-8, 1.1006535355169749e-8, 0.3582538913815074, 0.35825374756467004, 0.06547898462469684, 0.06548019185567966, 2.8809214354252064e-8, 0.358253893447536, 0.06548013381558467, 1.6209084589741197e-8, 0.06548235343525521, 0.06547898468176663, 1.0069900352762114e-8, 9.52500718078823e-9, 0.06547875592397061, 6.112164605544415e-8, 0.06547898803562763]
v_opt: [0.4091199361556651, 0.6417459408787759, 0.41183917284488153, 0.12834589735662452, 0.03719319327451821]
solution time: 0.01335906982421875
McCormick lower bound: -7.636054792530045

