x_opt: [0.7968863877245904, 0.20311364635068757, 0.7968863902604916, 0.1988816886166908, 0.7968863872056764, 0.1988817557451848, 0.8011182476681178, 0.5431811546953111, 0.27977005496175805, 0.20311360860309463, 0.20311360313423604, 0.7202299454144678, 0.20311361011778822, 0.19888175218081622, 0.20311359946640975, 0.33362591602534575, 0.19888168669351766, 4.749134729775055e-9, 0.19888170527262014, 0.1988816866309289]
w_opt: [0.7968863866511365, 0.5937727767826253, 1.6161245917896338e-9, 1.3960568200414588e-9, 0.5171163340258479, 0.2031136059506969, 1.1021999098538268e-9, 4.404188086113799e-9, 0.1988816846412919, 2.799701721937199e-9, 9.623627122676787e-10, 3.8001626807533225e-8, 4.038248696143947e-8, 0.20311364054653977, 0.20311360759187944, 0.19888174999857355, 4.393706303553375e-9, 0.20311364549264332, 0.19888168570214107, 0.5980046384347479, 0.3400675459923819, 3.1469198641313295e-9, 0.5171163398726693, 0.3336259114953473, 3.393650828850112e-9, 3.9554269049098365e-9, 0.19888170441136477, 2.419281206857488e-9, 7.945591179075226e-10, 4.282977304067825e-9, 0.1988816871950247, 0.198881687151525, 0.19888168272075613, 7.871253509326397e-10, 1.8715040487101982e-8, 0.19888168570308204, 1.0026296695518882e-9, 1.701125663491421e-9, 0.27977005421736706, 7.236724434795892e-9, 1.4142233055057885e-9, 1.0504743599542143e-9, 1.855968767837886e-9, 0.19888167454923103, 7.562305276031799e-10, 0.198881752802616, 0.19888175194032137, 1.948845680464134e-9, 0.19888175427699745, 0.19888174744362713, 1.5610748683779584e-9, 0.19888175485277546, 1.0728883512734116e-9, 2.794079238141122e-9, 0.19888170423925175, 2.332541458366468e-9, 0.7202299443382325, 0.004231915709781306, 1.6492177430693284e-9, 2.183933205619552e-9, 3.71688698642043e-9, 0.2797700539432837, 1.1655484672572713e-9, 0.20311359645739485, 0.19888168511684762, 0.19888170394787144, 1.4824361440828064e-9, 7.77017363863368e-10, 2.5464403686067528e-9, 0.20311360916549237, 1.4217906258603112e-9, 9.957201894735853e-10, 1.2600394828924154e-9, 1.7149432261397296e-9, 1.8009768682370143e-9, 7.59200738309096e-10, 0.20311360718935506, 2.0102350090547693e-9, 0.19888169820526796, 0.20311360206461188, 1.4073803394901197e-9, 8.683211691282302e-10, 9.27134360660834e-10, 2.127586048441023e-9, 9.412221588920037e-10, 0.20311359848791372, 0.2031135945700048, 0.1988816851513222, 0.1988816831709874, 1.7180125795518553e-9, 0.203113598075132, 0.1988816811897532, 1.472438510618657e-9, 0.19888170377604908, 0.19888168572291112, 9.262159118814838e-10, 9.06225179375668e-10, 0.1988816812738345, 3.6461698500414736e-9, 0.19888168560113315]
v_opt: [0.5431811537295079, 0.7968863890491117, 0.6350288952426748, 0.041255145352986605, 0.04125540634025904]
solution time: 0.03823399543762207
McCormick lower bound: -5.536532483298573

