x_opt: [0.8147393294277212, 0.1852606713043129, 0.8147393337857504, 0.18526065426775704, 0.8147393244584891, 0.1852606667888615, 0.8147393334508195, 0.8456424738657605, 0.59851414984775, 0.1852606665147821, 0.1543575157728688, 0.7901173962773865, 0.18526067175388283, 0.18526066625618598, 0.1852606628205476, 0.20644986038112526, 0.18526065341305628, 2.062607654667795e-9, 0.1543575253076688, 0.15435752336286676]
w_opt: [0.8147393290476161, 0.6294786541292011, 6.647070868210448e-10, 5.944289913302808e-10, 0.6048567260826034, 0.1852606696623432, 5.408787583069471e-10, 2.288478376583401e-9, 0.18526065260546434, 1.2368844977821941e-9, 4.5751656988757717e-10, 5.373988352085135e-9, 3.061261446808057e-9, 0.18526066900700922, 0.18526066592284512, 0.18526066499897684, 2.7079487433122774e-9, 0.1852606709877917, 0.18526065302957562, 0.6294786676205796, 0.6603818080903758, 1.7161185333082604e-9, 0.604856731884798, 0.20644985875580427, 1.554689461768033e-9, 1.7050452122313151e-9, 0.15435752493334415, 9.616001692070095e-10, 2.9591586752834044e-10, 1.6957727410089689e-9, 0.18526065369086922, 0.18526065362988392, 0.18526065085061294, 4.0216815143449196e-10, 7.207827386895099e-9, 0.18526065298125174, 4.266423865279228e-10, 8.746476683839003e-10, 0.598514149552573, 1.9195444511137966e-9, 3.754039708597834e-10, 5.979825323023567e-10, 7.294410940043247e-10, 0.1852606476314509, 3.570607968045118e-10, 0.18526066514697215, 0.18526066512021383, 7.498988214603565e-10, 0.1852606661082993, 0.1852606637359318, 8.212393286153063e-10, 0.18526066631437407, 5.370355528748868e-10, 1.184858549797229e-9, 0.15435752475239317, 8.740958137043504e-10, 0.7901173957071786, 4.599918674453892e-8, 5.203221547105661e-10, 8.286390811692551e-10, 1.4334099101356445e-9, 0.5985141494179859, 5.285106651706691e-10, 0.18526066132105862, 0.18526065278066536, 0.15435752480189735, 6.19672583543512e-10, 4.3998340096644496e-10, 0.3886315467696559, 0.1852606713113855, 6.141375672894452e-10, 4.305266134280711e-10, 5.822056539826803e-10, 1.0474574902945026e-9, 9.862096848007088e-10, 3.734926625304278e-10, 0.18526066585333417, 7.872333598273745e-10, 0.15435752156836893, 0.15435751525277783, 6.257054126545669e-10, 3.833388773058827e-10, 5.485977405335818e-10, 9.065524046768269e-10, 4.083237703381243e-10, 0.1852606624104372, 0.18526066541550468, 0.15435752277327028, 0.18526065152145027, 7.052444831670868e-10, 0.18526066228021554, 0.1852606499721892, 5.859683251092165e-10, 0.1543575245823824, 0.15435752278709014, 3.8415307272738114e-10, 4.4580925771022566e-10, 0.15435752218223348, 1.5872252617019879e-9, 0.15435752290341026]
v_opt: [0.8456424735227102, 0.8147393333120436, 0.6638002079291647, 0.034321542598106825, 0.02382628679025828]
solution time: 0.015594959259033203
McCormick lower bound: -4.892555970228446

