x_opt: [0.6272511013884948, 0.3727488968594688, 0.6272511284008528, 0.05608902891535074, 0.6272510977584026, 0.15419002664473347, 0.8458102010003017, 0.39110039957147663, 0.3727489269108983, 0.3727488651957531, 0.16264384671307242, 0.6272510664634322, 0.37274889327222516, 0.1541898034161739, 0.3727488855753631, 0.3727489358031666, 0.05608902595392826, 1.4367636492354593e-8, 0.05608911341555202, 0.05608907663664271]
w_opt: [0.6272510983399106, 0.25450220194538126, 4.706617814395243e-9, 4.401930286855291e-9, 0.25450217075385156, 0.3727488817972811, 3.0563053346781483e-9, 1.9843845460063268e-8, 0.05608901953773878, 8.466625310801146e-9, 3.7132261168210114e-9, 2.768966846570551e-8, 3.0630531967133243e-8, 0.37274887752697683, 0.37274886144037866, 0.15418979509352573, 1.4645170181066227e-8, 0.3727488935831339, 0.05608902030282795, 0.47306133189832006, 0.018351530295620484, 1.1824711319357202e-8, 0.2545022063241257, 0.3727489231562536, 1.2033750119817211e-8, 1.2310861174248662e-8, 0.0560891108954214, 8.881832703853475e-9, 2.2091492170752658e-9, 1.233403864665681e-8, 0.056089024630203044, 0.05608902408040333, 0.05608900902845126, 2.453224567784218e-9, 6.748917989696217e-8, 0.05608902250911863, 3.257117881641418e-9, 5.722485293772998e-9, 0.3727489243964247, 1.6370379202697e-8, 3.790424887487412e-9, 3.649630959914306e-9, 7.108788419684999e-9, 0.05608898937514203, 2.3299573205509876e-9, 0.15419001502101462, 0.15419001606697488, 5.408061974204569e-9, 0.15419002192929882, 0.15418979171920572, 5.739626531115377e-9, 0.15419002393682268, 3.279898277929742e-9, 8.354352577034276e-9, 0.056089110187104184, 8.108813377327615e-9, 0.6272510626777053, 0.21855926785926805, 8.104253755380868e-9, 7.51672451165469e-9, 9.931058489014709e-9, 0.3727489241659794, 3.731884756536946e-9, 0.37274887760191544, 0.0560890205228591, 0.056089109072497624, 4.22124795450522e-9, 2.538862412200864e-9, 5.486163938058148e-9, 0.3727488905582692, 4.634395687081989e-9, 3.13712010090488e-9, 4.039321589335303e-9, 5.65568641229115e-9, 5.806084264497188e-9, 2.6429820141735546e-9, 0.37274886187796247, 5.554650204170119e-9, 0.05608909062765322, 0.16264384442130753, 4.542931603790454e-9, 2.843548348610389e-9, 3.0740457501589432e-9, 8.79763111957074e-9, 3.1490873247209547e-9, 0.3727488822736006, 0.37274876219570113, 0.056089071536436386, 0.05608901732898235, 6.515640067798828e-9, 0.3727488806705819, 0.05608900813446475, 4.149811517576422e-9, 0.0560891087016955, 0.056089073211926486, 3.070627661292755e-9, 2.8818702510165965e-9, 0.05608900490808216, 1.1330885704913435e-8, 0.05608907253704077]
v_opt: [0.3911003968574725, 0.6272511240453025, 0.39344432680113933, 0.13894171858808188, 0.026453157062732262]
solution time: 0.014467000961303711
McCormick lower bound: -7.423683733421728

