x_opt: [0.7964641644432519, 0.20353586039253205, 0.7964642033424187, 0.19400802802888534, 0.7964641469646271, 0.2035353238268586, 0.7964647097770455, 0.5559627262450996, 0.2882198322875822, 0.2035358102485801, 0.20353573957831692, 0.7117801696827574, 0.20353582997641645, 0.2035352891700487, 0.20353574050605064, 0.3280289849307976, 0.19400801939481796, 2.1458636518560158e-8, 0.19400807246066393, 0.19400802669331127]
w_opt: [0.796464159910297, 0.5929283146831774, 7.454986074814045e-9, 7.154410667639241e-9, 0.5082443379465816, 0.20353581049536304, 5.344532372389997e-9, 2.6511900100366364e-8, 0.19400801064949638, 1.289328237760184e-8, 4.23247139406565e-9, 6.684219711345642e-8, 4.749347770762236e-8, 0.203535833410115, 0.20353580531997903, 0.20353527884046443, 2.602092731278668e-8, 0.20353585652424935, 0.19400801497645662, 0.5929289167360473, 0.35242693376685247, 2.6670168957354105e-8, 0.5082443911238473, 0.3280289660031577, 1.5386641558690066e-8, 1.7835731586750197e-8, 0.19400806847797705, 1.0472622395616865e-8, 3.1987460424629126e-9, 1.987202434823838e-8, 0.1940080215014995, 0.19400802173334306, 0.194007998809953, 3.7689273868429336e-9, 1.0168108828719025e-7, 0.19400801440180943, 4.577251970945082e-9, 8.413917472493714e-9, 0.2882198290297405, 2.475144727832996e-8, 4.5856017685713364e-9, 5.246365610544316e-9, 7.76916836967157e-9, 0.19400795960442369, 3.609146211147228e-9, 0.2035353099517073, 0.2035353060162307, 8.365401871976858e-9, 0.2035353175360892, 0.20353525821059198, 7.617689697952607e-9, 0.2035353196857586, 5.129360158111906e-9, 1.2638085721666692e-8, 0.194008067341104, 9.995562419310867e-9, 0.7117801644577532, 1.2827881171512663e-6, 6.750831367558269e-9, 9.439486309939512e-9, 1.7834751367186715e-8, 0.2882198277203285, 5.21242456356105e-9, 0.20353572643132092, 0.1940080122200567, 0.19400806687783104, 5.900061044153911e-9, 3.7198577022178587e-9, 1.645363637381549e-8, 0.20353582598352968, 6.9059341017765685e-9, 4.350927092466021e-9, 5.998541219794603e-9, 9.428948948246166e-9, 9.53050688123383e-9, 3.6470229887492057e-9, 0.20353580442533778, 8.40898846623246e-9, 0.19400804117026912, 0.20353573546008585, 6.49615851555303e-9, 4.091520214506247e-9, 4.816746872137056e-9, 8.992842302659995e-9, 4.152386535109114e-9, 0.20353573671794364, 0.20353576851003216, 0.19400802054069702, 0.1940080023604649, 7.571040747557737e-9, 0.20353573483995516, 0.19400799164418436, 6.520217623924189e-9, 0.19400806592283643, 0.19400802187844074, 4.0493538033683645e-9, 4.195721869028557e-9, 0.194007984526503, 1.668342661147188e-8, 0.1940080209186171]
v_opt: [0.5559627223316596, 0.7964641982044987, 0.6343559007672163, 0.04142683717517532, 0.0414269264279724]
solution time: 0.01620793342590332
McCormick lower bound: -5.137932562815051

