x_opt: [0.8336897256590012, 0.16631023151740054, 0.8377120163065418, 0.16228795450269012, 0.7424344681317308, 0.25756549800332784, 0.8336897410238137, 0.7777483606479635, 0.42878764522118584, 0.16228798536508998, 0.16631010143430566, 0.5712123660082232, 0.2575655169496235, 0.16631025792346582, 0.16228800849197111, 0.25756550899775815, 0.16228795421494752, 5.499337788971889e-9, 0.16228796928319256, 0.16228796818213928]
w_opt: [0.8336897247715801, 0.5761241945930446, 1.546385138674917e-9, 1.7783123533090671e-9, 0.4049020926232325, 0.257565511031662, 1.8167923078063158e-9, 6.133357053911414e-9, 0.16228795200892113, 3.315527192595102e-9, 1.0417785234141389e-9, 0.004022248545314183, 7.551464966071995e-9, 0.16631022487378214, 0.1622879841342337, 0.1663102287756111, 9.379558081296138e-9, 0.16631023057331573, 0.16228795091699283, 0.6714017584320825, 0.6154603784357277, 4.95887134819978e-9, 0.4089243872505476, 0.257565504495576, 4.493880838363276e-9, 4.299977970233745e-9, 0.16228796805492018, 3.071188942139999e-9, 8.340814906761597e-10, 5.390917714021645e-9, 0.16228795254460904, 0.16228795293335685, 0.16228794208762254, 1.1960580288586357e-9, 2.0211955596549997e-8, 0.16228795233834595, 1.2413726729936505e-9, 2.512623998810286e-9, 0.42878764435827593, 5.447104010645552e-9, 9.497712971918775e-10, 1.538216333646701e-9, 1.7784795376435372e-9, 0.16228793823974286, 1.1485483465897957e-9, 0.25756549444111265, 0.2575654923737923, 2.299273616034983e-9, 0.2575654964072857, 0.1663102541487966, 2.0481134388512036e-9, 0.25756549653024086, 1.5383296539123198e-9, 3.17668660489258e-9, 0.16228796746304727, 2.2333609431687712e-9, 0.5712123644213057, 0.0912553221188026, 1.4204248499618035e-9, 2.309486522772258e-9, 4.725813592241541e-9, 0.4287876438267302, 1.4256604343047483e-9, 0.16228800397997484, 0.16228795229989174, 0.16228796793229108, 1.4440576740590433e-9, 1.077675932138603e-9, 1.3127100493392272e-8, 0.2575655157806077, 2.064807226059396e-9, 1.1481941361895344e-9, 1.71144792123144e-9, 3.6048111852867507e-9, 3.3013616619451146e-9, 1.1454138509631278e-9, 0.1622879837675069, 2.101881821243315e-9, 0.16228794983631714, 0.16631009986991552, 1.669745738962074e-9, 1.214325961357958e-9, 1.9591787148715298e-9, 2.2609137851125673e-9, 1.0387914266551573e-9, 0.16228800749848615, 0.25756547475767533, 0.16228796671804188, 0.16228794807251873, 1.802968350967608e-9, 0.16228800691363737, 0.16228794397282922, 1.7562073885651107e-9, 0.16228796746484653, 0.16228796655106667, 1.0281412853596523e-9, 1.1739180379202073e-9, 0.16228795058078477, 4.123577291148906e-9, 0.16228796653901773]
v_opt: [0.7777483596161703, 0.837712015088163, 0.5512095202984517, 0.02633742961338124, 0.027660742619776843]
solution time: 0.016752004623413086
McCormick lower bound: -4.045693353645367

