x_opt: [0.4882889902450382, 0.13452982989304085, 0.8654702232377283, 0.13452977704428531, 0.8654701675873213, 0.1345298028467414, 0.8654701726413201, 0.8654702275800734, 0.7873376993650775, 0.13452977701824284, 0.13451312897702616, 0.7751168039964796, 0.13452980292922884, 0.13452982714719097, 0.13452977365334237, 0.3239474948627839, 0.13452977651759854, 3.9992289304458285e-10, 0.13452977294257287, 0.13452977251811588]
w_opt: [0.48828899017224436, 0.3537591579059471, 1.1739651636695558e-10, 9.960067886088428e-11, 0.26340579431457994, 0.13452980243251111, 1.1265378185197623e-10, 3.4695315334828536e-10, 0.13452977635721816, 2.371174531297298e-10, 7.275479184621731e-11, 5.319091504192469e-8, 6.90425267440404e-10, 0.13452982946260578, 0.13452977691130918, 0.13452982696000612, 4.661940720284141e-10, 0.13452982982845815, 0.13452977677864977, 0.7309403959477832, 0.7309404509341897, 4.985769284167005e-10, 0.6405870276121913, 0.3239474944957492, 3.92913131218742e-10, 3.0942942784371424e-10, 0.13452977286165657, 1.7058314765931442e-10, 6.649067494287413e-11, 3.8371082894110985e-10, 0.1345297769271642, 0.13452977692445178, 0.13452977600217697, 7.878815380358627e-11, 1.5031460280817731e-9, 0.13452977644228667, 7.932090296526545e-11, 1.5488118707510333e-10, 0.7873376993118076, 4.147912889780255e-10, 7.779390957716455e-11, 9.889185676548627e-11, 1.3326282921657146e-10, 0.13452977523541135, 7.051543180136445e-11, 0.13452980259841135, 0.13452980246428578, 1.6956655140395132e-10, 0.13452980264607695, 0.13452980259967298, 1.3186267402714918e-10, 0.13452980274922918, 1.0895992057784817e-10, 2.3200086410488144e-10, 0.1345297728382494, 1.604416460982838e-10, 0.7751168039015855, 5.970302675833907e-9, 9.108144728905876e-11, 1.426691268509862e-10, 3.3744234887095425e-10, 0.7873376992621006, 8.804560486987879e-11, 0.1345297732935159, 0.13452977640558228, 0.13452977284635623, 2.9480873255191347e-10, 8.14119723847852e-11, 0.5624545034904839, 0.1345298028246841, 1.1254209879763379e-10, 8.44061514577426e-11, 1.0798207876523403e-10, 1.8762978559173717e-10, 1.8101116191334587e-10, 7.020988977489855e-11, 0.13452977689461454, 1.8611981189974183e-10, 0.13452977209578268, 0.13451312858859532, 1.1514755063960377e-10, 7.042007121973608e-11, 1.1607175795450764e-10, 1.735579726730596e-10, 7.426591603515584e-11, 0.13452977356720458, 0.13452980171877968, 0.1345297724075169, 0.1345297760497394, 1.171129951883168e-10, 0.13452977352917503, 0.1345297730652014, 1.2794067895128305e-10, 0.1345297727685772, 0.13452977241635286, 7.12302908214948e-11, 8.47891178296376e-11, 0.1345297722715368, 2.934511688674757e-10, 0.13452977243541037]
v_opt: [0.8654702275059607, 0.8654702231529772, 0.7490387959277928, 0.018098303947285448, 0.018093787297245093]
solution time: 0.01780104637145996
McCormick lower bound: -3.850443012946588

