x_opt: [0.7892709853273664, 0.3221287884880941, 0.7892723635953226, 0.21072763431312597, 0.7892709276041217, 0.2107290381184786, 0.7892709628385903, 0.4619222254235058, 0.2712405577783367, 0.21072763429741628, 0.1900236429115256, 0.7287595463693939, 0.21072903847003108, 0.21072899541101864, 0.2107276004383177, 0.3221293633179144, 0.21072762586916916, 7.122477061100231e-9, 0.21072758682564838, 0.210727595631041]
w_opt: [0.789270981085144, 0.5785419133539668, 1.579991869288783e-9, 1.0582036836289466e-9, 0.5180305324440448, 0.21072902765537013, 7.192419833091857e-9, 1.062142820777217e-8, 0.21072762369976206, 5.373414591965702e-9, 9.72625157655264e-10, 0.11140115278919273, 0.11139973427024118, 0.32212877612441165, 0.21072763355984947, 0.21072899273158432, 9.610545850669349e-9, 0.32212878791927674, 0.21072762968751754, 0.5785433269333224, 0.25119459038862885, 3.519655106116698e-9, 0.5180319178249265, 0.3221293502076831, 1.662378185184513e-8, 6.3271417513079106e-9, 0.21072758617185638, 9.740496902712531e-9, 9.683276394519899e-10, 1.3264967301769033e-8, 0.21072763312538612, 0.21072763340992443, 0.210727608831579, 6.775535197356339e-10, 5.8096354802772015e-8, 0.21072762509058307, 7.493714732451408e-10, 1.744809706969755e-9, 0.2712405573727688, 1.6166561147420748e-8, 3.4367970606476163e-9, 9.437649713794842e-10, 2.5918529272856266e-9, 0.21072759809833314, 7.624435006744942e-10, 0.2107290346945991, 0.21072902924050646, 4.471779909499041e-9, 0.2107290246544582, 0.2107289924507445, 2.3710227484960318e-9, 0.21072903748175612, 1.2585508448415708e-9, 5.319452199409259e-9, 0.21072758620846446, 4.1052610230351965e-9, 0.7287595454062454, 5.962253889608306e-7, 2.102160628439111e-9, 3.5725841828373107e-9, 1.3938149025318781e-8, 0.27124055681484927, 1.2138559092047522e-9, 0.21072759248730402, 0.21072762478502644, 0.2107275855043981, 3.407083952778865e-9, 7.489006816556523e-10, 1.2148965299253877e-7, 0.21072903773155505, 1.2825078985780096e-9, 1.125467687196108e-9, 1.2926503544214597e-9, 1.914533491281003e-9, 2.9244472658426608e-9, 4.61471387784428e-10, 0.21072763289762161, 8.394288865328225e-9, 0.21072757649148194, 0.19002364219192502, 2.0415314105415952e-9, 5.332646442783054e-10, 8.856293980521234e-10, 3.4751346664161673e-9, 1.0078543646605593e-9, 0.2107275998055702, 0.21072901468148397, 0.21072759467530125, 0.21072761757801625, 1.7245888789461063e-9, 0.2107275986229369, 0.2107275817500411, 2.184010826831623e-9, 0.2107275802645497, 0.21072759497588367, 1.0263138406773407e-9, 9.812861874467559e-10, 0.210727582074351, 6.05792704400004e-9, 0.21072758280243534]
v_opt: [0.461922224541188, 0.7892723629080345, 0.6229486023611545, 0.04440613705159499, 0.03610904546659707]
solution time: 0.015208959579467773
McCormick lower bound: -4.129417057664661

