x_opt: [0.49799313282361934, 0.2639142228939407, 0.8599929973108835, 0.14000702169452303, 0.8599929767325889, 0.14000700894715631, 0.8599929889054817, 0.8599945353296339, 0.8599929682313712, 0.14000701965509918, 0.12603995034988114, 0.8149756522220432, 0.14000701551255182, 0.14000700940927982, 0.14000549835884699, 0.26391423718403134, 0.14000700156499357, 1.8336006617953583e-9, 0.14000549526305187, 0.14000547050553086]
w_opt: [0.4979931324388473, 0.35798610980440904, 5.887897236887325e-10, 4.097610900549762e-10, 0.3129687854010394, 0.14000701294307855, 4.5644238054038053e-10, 1.3617009111914375e-9, 0.14000700081919346, 1.0936575433527855e-9, 3.3294101943210523e-10, 0.12390722050802694, 0.12390723388212012, 0.26391422092996475, 0.14000701914148223, 0.1400070085912147, 2.0836099182853506e-9, 0.2639142225681809, 0.1400070203992756, 0.7199859864912225, 0.7199875331520098, 1.7850470220463593e-8, 0.6749686516382363, 0.2639142350388905, 1.5313776868552649e-9, 1.4514501025087433e-9, 0.14000549493718709, 7.289601698319786e-10, 3.9583987497592626e-10, 2.2362025091505376e-9, 0.14000702124256992, 0.1400070211122449, 0.14000701613364264, 3.255381302337681e-10, 9.264507091816845e-9, 0.1400070012844482, 3.2644649235606115e-10, 6.221326012873476e-10, 0.8599929680025511, 2.973312311086379e-9, 4.790297536227228e-10, 3.9587461854191064e-10, 6.529852597657063e-10, 0.1400069945277393, 2.7298040441943963e-10, 0.14000700771421093, 0.14000700725007945, 8.026651761599696e-10, 0.14000700832093277, 0.14000700715580172, 6.125817861312741e-10, 0.1400070085160221, 4.933198814941343e-10, 1.0935194792669367e-9, 0.14000549488886269, 9.288924837111876e-10, 0.8149756518443174, 5.7215697621005316e-8, 4.3986915019212075e-10, 6.222865069045337e-10, 1.4232352342509893e-9, 0.8599929677895171, 3.898219768104167e-10, 0.1400054964580759, 0.14000700112558756, 0.14000549481761831, 9.734259044198563e-9, 3.877410910341282e-10, 0.6749686217856926, 0.14000701494026238, 4.186475851704239e-10, 4.028342338068357e-10, 4.3538017526955857e-10, 6.923757332023874e-10, 7.193552892036887e-10, 2.735196795164541e-10, 0.14000701480114874, 1.164786565389452e-9, 0.14000549238915314, 0.12603994986644743, 5.317565430824626e-10, 2.6885695464036464e-10, 4.2587786106000855e-10, 9.066148966804323e-10, 3.470955177066931e-10, 0.1400054979101143, 0.14000700939409144, 0.1400054699767359, 0.14000699873093528, 5.305791042190411e-10, 0.1400054977559309, 0.14000549592103181, 5.812457363931719e-10, 0.1400054941135011, 0.14000547011863826, 3.2250232099900636e-10, 3.8831805357208637e-10, 0.1400054688843675, 1.360459609366015e-9, 0.14000546969580546]
v_opt: [0.8599945350008869, 0.8599929969221729, 0.7395881191462734, 0.019602391802092035, 0.01588617770534191]
solution time: 0.016079187393188477
McCormick lower bound: -4.0223262334494905

