x_opt: [0.8171596872719534, 0.2202968136824422, 0.817159692520768, 0.18284031218685634, 0.8171596876880657, 0.18284030451915897, 0.817159692410463, 0.8171596994768155, 0.6305215736619185, 0.18284031152629013, 0.10077726322197185, 0.7961085151183246, 0.18284031121412808, 0.18284030726557907, 0.18284029872731752, 0.22029681396754688, 0.18284030713707444, 4.5325463431394253e-10, 0.1828402985415721, 0.1828402973611157]
w_opt: [0.8171596871475609, 0.6343193750093811, 1.6985478343711203e-10, 1.0251998834392354e-10, 0.6132682025004056, 0.18284031061575545, 1.1161926234334445e-10, 2.6629919066340724e-10, 0.1828403069191998, 2.549283607873591e-10, 9.519674808967026e-11, 0.037456506313342755, 0.03745650189969769, 0.2202968131947908, 0.18284031137630166, 0.18284030707165277, 3.235065889313986e-10, 0.2202968135801776, 0.182840311856322, 0.6343193849958273, 0.6343193921133837, 4.327532395372779e-9, 0.613268208110918, 0.2202968133081865, 4.964485019508681e-10, 3.629175017500295e-10, 0.18284029846180752, 1.9595881836799284e-10, 1.6789534603890747e-10, 4.495757800780377e-10, 0.18284031207733645, 0.18284031201009923, 0.18284031084449187, 7.365466327341438e-11, 2.292567729977544e-9, 0.18284030706776527, 8.140415714836398e-11, 1.4092514481601893e-10, 0.630521573604716, 7.554875917157786e-10, 2.1735495844941939e-10, 9.243002681228848e-11, 1.9444345701237884e-10, 0.18284030544532182, 6.29585607909726e-11, 0.1828403042231307, 0.18284030414703395, 2.1681048880464182e-10, 0.18284030430664724, 0.18284030421086142, 1.388402029926443e-10, 0.18284030441749893, 1.126308555560081e-10, 2.6584622222704233e-10, 0.1828402984613342, 2.511059407520909e-10, 0.7961085150327424, 1.6635807436060984e-8, 1.435966387090334e-10, 1.5927707954952996e-10, 3.740181806531088e-10, 0.6305215735441122, 1.0806889774345179e-10, 0.1828402983274633, 0.18284030702524856, 0.18284029840730556, 9.902362270375664e-10, 9.264260645914384e-11, 0.42663008912403294, 0.18284031105698986, 9.730068218234337e-11, 1.0976875087738772e-10, 1.010682220136656e-10, 1.2978372430388397e-10, 1.3827320126375865e-10, 6.312383211897822e-11, 0.18284031104640575, 3.927170558780767e-10, 0.18284029782741124, 0.1007772631092354, 1.2901492608401613e-10, 6.4185894659647e-11, 8.089362286622188e-11, 2.640035574784326e-10, 9.444602799848608e-11, 0.18284029858456438, 0.18284030993617179, 0.18284029718073025, 0.1828403064523911, 1.4398372043340023e-10, 0.18284029854992773, 0.18284029825640838, 1.495920219127162e-10, 0.18284029813565597, 0.18284029727498755, 8.925284298462865e-11, 9.431330427828036e-11, 0.18284029700642984, 3.2597875873755654e-10, 0.18284029724005085]
v_opt: [0.8171596993801983, 0.8171596924015346, 0.6677499997639453, 0.033430579936868335, 0.01015605716562597]
solution time: 0.015379190444946289
McCormick lower bound: -4.643035334125193

