x_opt: [0.6415871266784575, 0.3584128920606704, 0.6415871496266554, 1.422553647422505e-7, 0.641587104339303, 0.15390518976489978, 0.8812392393396027, 0.3733326659087738, 0.3584128796082156, 0.3584128422776016, 0.2442656590790439, 0.6415870137488148, 0.35841287150574713, 0.11876076246556364, 0.3584128689629493, 0.35841299214596506, 1.3778510745091635e-7, 1.4724067968229596e-8, 0.1187607245877817, 0.11876070566938474]
w_opt: [0.6415871242036063, 0.28317423347894055, 4.028615987723924e-9, 4.6191867855675345e-9, 0.28317414295857174, 0.3584128606359279, 3.997786439580664e-9, 3.137120299955707e-8, 1.3166756681933775e-7, 8.908331310618072e-9, 2.9877533173833552e-9, 4.399752098663523e-8, 2.5606766690517138e-8, 0.35841286776054976, 0.3584128391078108, 0.11876075525773741, 2.109652917872851e-8, 0.3584128881834281, 1.3413870107488598e-7, 0.522826391868617, 0.014919818203570467, 7.426028516262927e-9, 0.2831741742530953, 0.358412979874703, 1.3901246146526806e-8, 1.224080049188839e-8, 0.11876072130242765, 1.1365028636941875e-8, 2.1934405309231695e-9, 1.3112517859825383e-8, 1.3604847067692153e-7, 1.383137320325382e-7, 1.1792683174759953e-7, 2.6556373233272205e-9, 3.6023121585271464e-8, 1.338009492843814e-7, 3.776504928257711e-9, 5.992032024039088e-9, 0.3584128763400106, 1.8674909022270416e-8, 2.9799682122555583e-9, 3.857631120167365e-9, 6.624985399451705e-9, 1.1176220264394942e-7, 3.0346932329713814e-9, 0.15390518105522588, 0.15390517623144465, 6.2346642114241895e-9, 0.15390518588233273, 0.11876074751418925, 5.351691310668469e-9, 0.153905187134865, 3.307973620159196e-9, 8.679230710798135e-9, 0.11876072036459168, 7.514099469952552e-9, 0.6415870094995318, 0.23965230360742984, 6.255585947823386e-9, 1.7337439676914634e-8, 3.03495652006177e-8, 0.35841287635397157, 4.103085368305342e-9, 0.3584128609548086, 1.3035663406106904e-7, 0.1187607202837801, 4.098988570223611e-9, 2.150888648039518e-9, 3.506161154571767e-9, 0.3584128686464672, 7.868456716224367e-9, 2.930371434581751e-9, 4.877802046012784e-9, 7.932014827478284e-9, 8.085185852615125e-9, 3.0983333743627903e-9, 0.358412838810074, 4.909853625349289e-9, 0.118760699056633, 0.24426565632237301, 4.686859699327195e-9, 4.108762970115104e-9, 3.802639962389741e-9, 6.646619373538341e-9, 2.9120345403867287e-9, 0.35841286576759923, 0.35841272736516067, 0.11876070125349267, 1.2753855578950357e-7, 6.529743370504242e-9, 0.35841286374502174, 1.1657432553881101e-7, 4.78003962676865e-9, 0.11876072087301538, 0.11876070195478591, 3.0187818001665168e-9, 2.7455201395214632e-9, 1.303328979720538e-7, 1.153380409520696e-8, 0.1187606972782143]
v_opt: [0.373332662710682, 0.6415871455604937, 0.4116350692260636, 0.1284601385046373, 0.059668183740705365]
solution time: 0.011280059814453125
McCormick lower bound: -6.157411957749576

