x_opt: [0.6375751789852485, 0.36242488091806213, 0.6375753884367636, 6.071116230267586e-7, 0.6375752093377881, 0.15747229380754924, 0.8854922822134059, 0.3677451790445125, 0.362424613698318, 0.3624246138495144, 0.2342398276789967, 0.6375752774818255, 0.36242461025139017, 0.11450773707531578, 0.3624246017908797, 0.362424948632786, 5.625624535380544e-7, 6.573559094172175e-8, 0.11450766829945128, 0.11450772986851407]
w_opt: [0.6375751560473052, 0.2751503969695933, 1.7293263978313283e-8, 1.6363986457365183e-8, 0.27515046548471933, 0.3624245622639498, 1.4825777674100108e-8, 1.723460339425186e-7, 5.345872041718635e-7, 4.202500546427289e-8, 1.1643072334045472e-8, 2.7950967163427147e-7, 4.1642020054775413e-7, 0.36242467531786887, 0.3624246029388643, 0.11450770612302222, 1.3694915437623374e-7, 0.36242485578727124, 5.680999920184963e-7, 0.5230676803163022, 0.005320576107776932, 5.3941277597742514e-8, 0.2751507263061587, 0.3624248742488408, 9.381239905271259e-8, 5.7147049024217567e-8, 0.11450765686345171, 8.10743004647276e-8, 8.173217723396977e-9, 9.690678818671786e-8, 5.807827669938686e-7, 5.90811034383896e-7, 4.90820647544979e-7, 8.961030393525511e-9, 2.0352496832568203e-7, 5.50400992408519e-7, 1.515080389484003e-8, 2.811624050778067e-8, 0.3624246019355794, 2.15644595207396e-7, 1.2980736549712575e-8, 1.2533341629820907e-8, 3.785462049006162e-8, 4.287556518672027e-7, 1.1679942045526615e-8, 0.15747225417891242, 0.15747221017705337, 3.365337281691557e-8, 0.1574722786468795, 0.1145076132216824, 2.483313621909342e-8, 0.15747228567102442, 1.407150631353813e-8, 4.2245722254944943e-8, 0.11450765516289162, 5.549341254205605e-8, 0.6375752634604038, 0.24791890861317872, 4.529522459921239e-8, 3.0520545281816345e-7, 4.0212107590462254e-7, 0.3624246018062332, 1.7407873051845122e-8, 0.36242457281315565, 5.289805098760564e-7, 0.11450764778366719, 2.032808788134757e-8, 7.798035788440008e-9, 1.2178138770752776e-8, 0.36242459829728974, 3.503248159975578e-8, 1.1683078065571591e-8, 2.007082559261029e-8, 3.159994586333863e-8, 3.686531665087133e-8, 1.065074751792923e-8, 0.36242460162371326, 2.5814543244874823e-8, 0.1145075389016892, 0.2342398192679531, 2.245940461785488e-8, 1.5632809215832333e-8, 1.2049995184498719e-8, 3.648143147487581e-8, 1.2365414832122135e-8, 0.36242458969706143, 0.362423818881949, 0.11450771238035018, 5.186771915273252e-7, 3.5306267859875e-8, 0.3624245805176753, 4.556347631530304e-7, 2.2465151485219993e-8, 0.11450765462153291, 0.11450771495964286, 1.2955739609122958e-8, 1.0489272056577621e-8, 5.160590581139144e-7, 5.4782181822815576e-8, 0.11450765168278777]
v_opt: [0.3677451659624912, 0.6375753739453148, 0.40650231551909277, 0.13135199031294825, 0.05486835905426694]
solution time: 0.012068986892700195
McCormick lower bound: -6.716757929006618

