x_opt: [0.732380731243515, 0.3480481380912425, 0.7323807680511045, 0.17170757877464982, 0.7323807011795519, 0.17170937753663798, 0.8282910223700152, 0.38748388334842293, 0.26761927615321984, 0.2676192740262188, 0.20737069671700992, 0.7323807232310505, 0.26761927667372476, 0.1717089834167115, 0.26761919176096194, 0.3480481510959226, 0.17170757430506797, 5.4886681063508666e-9, 0.1717085882125113, 0.1717078248421478]
w_opt: [0.7323807280070014, 0.4647614334739265, 6.393138401156757e-9, 1.4227122423194368e-9, 0.46476145603527624, 0.2676192712070857, 1.506314554405601e-9, 3.226314051185168e-9, 0.17170757121424876, 3.1473749355500427e-9, 1.57745827841189e-9, 0.08042890742192237, 0.08042884696250982, 0.34804812866982787, 0.2676192727362852, 0.17170898066620457, 4.8755428845886044e-9, 0.34804813656276234, 0.17170757479455193, 0.5606717912416558, 0.11986465250526974, 4.5791641189098e-8, 0.46476149663557936, 0.3480481407623452, 5.098315596270843e-9, 4.66831671483377e-9, 0.17170858722277565, 4.612128245827811e-9, 1.3057309200542533e-9, 7.164312784002172e-9, 0.17170757716631588, 0.17170757669644554, 0.17170757231976824, 8.585234978482765e-10, 3.458766873997582e-8, 0.17170757269938436, 1.2139115566982084e-9, 1.903856965320968e-9, 0.2676192752146134, 6.8989090087162885e-9, 5.125869207620018e-10, 1.258636108069795e-9, 1.6130050667416741e-9, 0.17170755915852517, 8.329727996219234e-10, 0.17170937384704285, 0.17170937296146663, 2.8042569126140153e-9, 0.1717093752862633, 0.17170898012467473, 2.0352429418921165e-9, 0.17170937656812826, 1.261670883693505e-9, 3.287782868627509e-9, 0.17170858736156822, 4.74211463171702e-9, 0.732380722118816, 0.09591033375381161, 6.996657163139174e-9, 1.5576238741702273e-9, 2.82302677938836e-9, 0.267619274818637, 1.522534874373146e-9, 0.2676191886124491, 0.17170757237110454, 0.1717085860713875, 3.087108334575044e-9, 8.972417128593935e-10, 2.6384991227545993e-9, 0.26761927495215476, 1.6221304804577288e-9, 1.3893873674331162e-9, 1.4186938576886175e-9, 1.6540721157118004e-9, 1.9080497503628624e-9, 1.081824732534388e-9, 0.267619272770392, 3.910442124936541e-9, 0.1717085821206754, 0.20737069588970733, 1.805009113377082e-9, 1.004754427519289e-9, 1.1945482950051741e-9, 3.3482065958568055e-9, 1.293116471461183e-9, 0.2676191907518043, 0.2676192494831966, 0.17170782235107826, 0.17170757153867058, 2.6710232177091283e-9, 0.26761918996263995, 0.1717075673638481, 1.92068398711508e-9, 0.17170858633580482, 0.17170782324505782, 1.3544172931339401e-9, 1.0623314067380276e-9, 0.1717075715325888, 4.265153571194833e-9, 0.1717078113039344]
v_opt: [0.3874838820343041, 0.732380766163917, 0.5363815794729672, 0.07162012702730665, 0.04300264041320842]
solution time: 0.014098882675170898
McCormick lower bound: -7.2901144707286205

