x_opt: [0.7250532041280157, 0.3006583829951678, 0.7250532061000685, 1.975008640591898e-7, 0.7250532070445738, 0.19137678542284026, 0.808623222439496, 0.5191921365612169, 0.37876749428205275, 0.27494679112963527, 0.2749467775851517, 0.6212324845738865, 0.27494679277267575, 0.19137677607539086, 0.27494678979891174, 0.300658402912723, 1.9508231733312637e-7, 3.905695325825081e-9, 0.19137678118532137, 0.19137676858342167]
w_opt: [0.7250532032961712, 0.4501064117747813, 9.760750266092115e-10, 9.744229015307045e-10, 0.3462856893182015, 0.2749467899727994, 9.547630688673502e-10, 5.009467836324851e-9, 1.9346009305086677e-7, 2.378953322562388e-9, 5.729382799927639e-10, 0.025711589721606705, 0.02571159486854976, 0.3006583771189425, 0.2749467900320253, 0.1913767747161737, 3.673981752076763e-9, 0.3006583821193115, 1.952007162802128e-7, 0.5336764290805943, 0.2442453433703871, 1.4429449551211049e-9, 0.34628569346102395, 0.3006583986793397, 2.8989149834846982e-9, 3.2498593836631473e-9, 0.19137678042756756, 1.9975897321146444e-9, 6.681538150680701e-10, 5.206465158239115e-9, 1.961332513487939e-7, 1.9655138582759025e-7, 1.924084043311946e-7, 5.381897657708946e-10, 2.4321374442405894e-8, 1.9434932768206808e-7, 8.151982796578947e-10, 1.211218522348192e-9, 0.3787674936522387, 9.899890033323044e-9, 1.590935497507111e-9, 6.737977468453755e-10, 1.8712890583696427e-9, 1.8529551093587714e-7, 6.013519029730372e-10, 0.19137678377354175, 0.19137678190373075, 1.8378083494816495e-9, 0.19137678444559056, 0.19137677312437154, 1.0097183186988098e-9, 0.1913767848581658, 7.435738677401593e-10, 2.455148984039109e-9, 0.19137678034569372, 2.0118297786912786e-9, 0.6212324838698572, 0.08357007647690846, 1.1834734459966618e-9, 7.142423736776731e-9, 6.01545011693349e-9, 0.3787674934107331, 8.894165546281501e-10, 0.2749467876623125, 1.9367952593494787e-7, 0.19137678009309056, 1.311880557179934e-9, 4.528842278167244e-10, 7.248950272124996e-10, 0.2749467922189321, 1.3350145542042105e-9, 7.037028534120667e-10, 9.989346755452442e-10, 1.214983666135422e-9, 1.375377673053136e-9, 5.515913778327203e-10, 0.2749467897357217, 1.586371045561023e-9, 0.19137677598671501, 0.2749467768984848, 1.1110952149576023e-9, 7.201817259544883e-10, 6.450314208037415e-10, 1.4552637524387792e-9, 6.643587355126425e-10, 0.27494678916559684, 0.2749467795444744, 0.19137676749471688, 1.9229052289222975e-7, 1.284169178015625e-9, 0.274946788683591, 1.9064124692431733e-7, 1.38690555857107e-9, 0.19137678027942148, 0.19137676795168854, 6.892733446630115e-10, 6.010921020041638e-10, 1.9331795028573853e-7, 3.068156894755599e-9, 0.19137676749716673]
v_opt: [0.5191921356740821, 0.7250532051856701, 0.5257022453337784, 0.07559574083695286, 0.0755957770591624]
solution time: 0.015177011489868164
McCormick lower bound: -5.244203938443076

