x_opt: [0.6553255192630474, 0.3491061304973114, 0.6553255092761179, 2.0994305500948286e-7, 0.655325481971422, 0.13758956848247322, 0.8624139605117305, 0.38576916758238267, 0.34467448735859807, 0.34467442717497865, 0.2706355803998471, 0.6553254965222433, 0.3446744517035893, 0.13758603879714384, 0.34467444210889797, 0.3491066475987956, 2.0526417250646008e-7, 2.1747702528379015e-8, 0.13758611341611393, 0.13758499837711421]
w_opt: [0.655325503200921, 0.3106510034657389, 3.836639633032056e-9, 3.5181808157569538e-9, 0.3106510184387111, 0.34467444027989125, 3.5808195380017803e-9, 2.8734771193709833e-8, 1.9870560401885993e-7, 1.4062618843697943e-8, 2.729142566620966e-9, 0.004431642060136519, 0.004431623379551156, 0.3491061033920318, 0.34467442503093604, 0.13758603277915651, 1.3304622777330796e-8, 0.34910612763402865, 2.01072564867657e-7, 0.5177394718690068, 0.04109467916805385, 5.4604373024319435e-9, 0.3106510171581365, 0.34910662766906875, 1.4818861772465852e-8, 1.937889704040747e-8, 0.1375861107485448, 1.8882121090658345e-8, 2.6024164211528805e-9, 1.91803024419788e-8, 2.0505306367734477e-7, 2.054026408682935e-7, 1.8952349314798855e-7, 2.021812915779646e-9, 6.168807364221256e-8, 2.0178515630897926e-7, 3.5587782492943044e-9, 4.439950734255258e-9, 0.34467448480217233, 2.5007009737455987e-8, 5.897860095127451e-9, 2.9456427610600597e-9, 8.951930738953023e-9, 1.7463734910768737e-7, 2.2571647652391753e-9, 0.13758956109561293, 0.1375895544976121, 8.458703939871508e-9, 0.13758956439536046, 0.13758602469877285, 4.4987948885873116e-9, 0.13758956641289755, 2.8608787615828697e-9, 1.4694226620635663e-8, 0.13758611105343194, 1.0627826612157208e-8, 0.6553254938084864, 0.2070888088416171, 7.165031799104943e-9, 9.350432961725278e-8, 1.002989643304992e-8, 0.344674484273488, 3.828597431551132e-9, 0.34467443491134064, 1.996166893345429e-7, 0.13758610858486492, 6.3930322651516006e-9, 1.8475042832933176e-9, 3.31338368280714e-9, 0.3446744493121232, 5.28014643898923e-9, 2.9336138247311826e-9, 4.529135099226959e-9, 4.757948613468342e-9, 5.399907197759312e-9, 2.389353482677919e-9, 0.34467442460425285, 7.445807655319415e-9, 0.13758609295759794, 0.27063557821109036, 5.4178672540970165e-9, 2.823922805822433e-9, 2.580304828360349e-9, 1.0928861965476215e-8, 3.1644855291271754e-9, 0.3446744395117264, 0.3446744120250851, 0.13758499327942633, 1.9478117253715623e-7, 6.593931767322727e-9, 0.34467443849449914, 1.8781177019673553e-7, 6.511038072058102e-9, 0.13758610972095955, 0.13758499414773473, 2.989681927530892e-9, 2.5471665414378557e-9, 1.9211247561192103e-7, 1.847803967703383e-8, 0.137584979107936]
v_opt: [0.38576916400699074, 0.6553255053676613, 0.42945175934959834, 0.11880047260326287, 0.07324381785626156]
solution time: 0.012516975402832031
McCormick lower bound: -6.674337890150324

