x_opt: [0.6413765357616567, 0.35862350068291204, 0.6413765359214517, 0.06523909179375849, 0.6413765362645569, 0.15600308038569558, 0.8439969392279277, 0.4086676527266336, 0.358623491768261, 0.3586234591168667, 0.19209509033923078, 0.6413765091432989, 0.35862346295389386, 0.1560030610280751, 0.3586234617654674, 0.358623547173903, 0.0652390905162106, 2.515791287795303e-9, 0.06523908536361608, 0.06523905655034033]
w_opt: [0.6413765340976503, 0.28275307238677466, 5.813139967797639e-10, 5.178406706491426e-10, 0.28275304530851575, 0.358623461288231, 3.777996167674547e-10, 2.415925202710263e-9, 0.06523908967928918, 1.5783845431486072e-9, 5.193395511379667e-10, 3.689026643547284e-8, 3.949882152146997e-8, 0.3586234977184613, 0.358623458738721, 0.156003059995322, 1.7498851614071364e-9, 0.3586235003838049, 0.06523909060126745, 0.4853734754436987, 0.050044188936577465, 1.4440683876596414e-9, 0.2827530467479198, 0.35862354538400026, 1.6050300354043325e-9, 2.2550455337227066e-9, 0.06523908507081178, 1.2576251908540063e-9, 2.9299253148682255e-10, 2.1010128721396562e-9, 0.06523909129736004, 0.06523909114796866, 0.06523908890101202, 2.999509630293448e-10, 2.2769029907008183e-8, 0.06523909009996592, 4.2399885997640185e-10, 6.96310312414558e-10, 0.35862349148691164, 1.847371973696268e-9, 4.138254719397525e-10, 4.451953642215941e-10, 1.0220202903019218e-9, 0.06523908411409388, 2.701320126764742e-10, 0.1560030785608091, 0.1560030790300233, 6.763172539950689e-10, 0.156003079746375, 0.15600305843575962, 7.557705427229372e-10, 0.1560030800504222, 4.219964456586965e-10, 1.5819017832264901e-9, 0.0652390850161864, 1.4437870796238676e-9, 0.6413765087158109, 0.2026204305006957, 8.500188582127466e-10, 9.398867172405176e-10, 1.1561892266401669e-9, 0.3586234914331636, 4.630470078187037e-10, 0.35862346080105645, 0.06523908991035239, 0.06523908482061969, 6.029122925470421e-10, 3.387238721290131e-10, 2.704890975719005e-9, 0.35862346258419825, 5.094532001444856e-10, 4.113853122924547e-10, 5.326273980957633e-10, 6.944949139759047e-10, 6.924766808621527e-10, 2.9045983369737503e-10, 0.35862345876748425, 8.307749732339644e-10, 0.06523908192985006, 0.19209509005716302, 7.018461508746989e-10, 3.2537811805115986e-10, 3.264974833630591e-10, 1.0152370522248476e-9, 4.4112412431401984e-10, 0.3586234612832962, 0.3586234505919138, 0.06523905585205668, 0.06523908944301392, 9.238785451342282e-10, 0.35862346127977374, 0.06523908784100987, 5.904844789071239e-10, 0.06523908469544212, 0.06523905610977564, 3.969712725438366e-10, 3.9955462895687735e-10, 0.06523905433378532, 2.1233348286143142e-9, 0.0652390557891618]
v_opt: [0.4086676523975549, 0.6413765353839481, 0.4113638916440008, 0.12861087468828863, 0.03690052442803241]
solution time: 0.012710809707641602
McCormick lower bound: -7.537730669099321

