x_opt: [0.7481413667142356, 0.2518591005262405, 0.7481413751184399, 0.25185832430989447, 0.7481409200843716, 0.2518589476102531, 0.7481413553649884, 0.6823934672950687, 0.34212539716644186, 0.2518585999767073, 0.20077811113375968, 0.6579275493397898, 0.25185901149911577, 0.25185863274926884, 0.25185859391896914, 0.2537065751188465, 0.2518583123280778, 2.137761432712309e-8, 3.2620293896000983e-6, 3.177558706934057e-6]
w_opt: [0.7481413569824169, 0.4962822894496572, 5.775329636821167e-9, 5.1901302683217774e-9, 0.40606891977096654, 0.25185898991598926, 7.61883623508666e-9, 2.8597318055688012e-8, 0.2518583050612274, 1.3961377616729526e-8, 4.372647438761054e-9, 4.779002634251368e-7, 5.557628854118831e-8, 0.25185907343795194, 0.2518585965200496, 0.25185862290317335, 2.4621272931276118e-8, 0.2518590981579347, 0.25185831312346246, 0.4962827331661101, 0.4305348457245073, 1.875561882209998e-8, 0.40606894349702743, 0.2537065563570048, 1.754737645286887e-8, 1.8778017463166847e-8, 3.259442533933791e-6, 1.101512898829116e-8, 2.5669097175121995e-9, 1.9576631516273598e-8, 0.25185832011388526, 0.2518583183196222, 0.25185829759805317, 2.9541536398514812e-9, 1.1707298432386511e-7, 0.2518583087395245, 3.384767042155614e-9, 6.987639920164128e-9, 0.3421253950596422, 1.783795151757968e-8, 4.277308162018515e-9, 4.520973019879307e-9, 6.936904604035633e-9, 0.2518582533043422, 2.840521133805505e-9, 0.25185893154927, 0.2518589306613264, 6.966066170172346e-9, 0.25185894105183176, 0.25185861913964286, 8.351925296402438e-9, 0.2518589445190873, 4.342953928650676e-9, 1.3061175881726371e-8, 3.2584093526332944e-6, 1.0320719446111094e-8, 0.6579275451253161, 1.291911772141835e-6, 4.348434086822194e-9, 9.267463205944082e-9, 1.4952035382278286e-8, 0.3421253938138272, 4.416792498542039e-9, 0.2518585805798921, 0.2518583074560341, 3.2573255672654206e-6, 4.863860863826783e-9, 3.6141639599217703e-9, 5.310081131749554e-5, 0.25185900742077394, 4.931668228448856e-9, 3.891140490209753e-9, 5.055499930781634e-9, 7.258511048953077e-9, 9.04879721434478e-9, 2.7473168541391297e-9, 0.2518585956420808, 9.296189600592632e-9, 3.2398604225664616e-6, 0.20077810840461335, 6.933499778007766e-9, 2.845873794651755e-9, 3.5595419876567643e-9, 8.440536908144125e-9, 3.95744761293781e-9, 0.25185859090094925, 0.25185895669513986, 3.172447247598402e-6, 0.2518582972269344, 6.536046658148578e-9, 0.2518585908167574, 0.25185828047449227, 5.235624410874316e-9, 3.2553647093909108e-6, 3.1739677216089876e-6, 3.6305701617701538e-9, 3.8582496354839645e-9, 3.1631097325438354e-6, 1.7669378840268905e-8, 3.17438511537654e-6]
v_opt: [0.682393464584792, 0.7481413705253898, 0.5597154458354198, 0.06343347693166523, 0.040311961494331576]
solution time: 0.013480901718139648
McCormick lower bound: -5.610261381229218

