x_opt: [0.7620920726745665, 0.3428380664429649, 0.7620920732367192, 0.2379077078079931, 0.7620920764347205, 0.19336270992381963, 0.8066372896882793, 0.38916095180918037, 0.23790842178769403, 0.23790792679335088, 0.21148906535592948, 0.7620915777807118, 0.2379079264261956, 0.19336271030820934, 0.23790792182469783, 0.34283806727531096, 0.19336271057652207, 1.5378851309036712e-9, 0.19336270795028862, 0.19336270489874818]
w_opt: [0.7620920721930758, 0.5241841493759077, 6.715618266922881e-10, 3.719755167609461e-10, 0.5241836508063796, 0.23790792511492082, 3.2917029437152284e-10, 1.1144869670598538e-9, 0.19336270979864886, 8.716887304677068e-10, 3.347559265057778e-10, 0.1049301400211864, 0.10493014441539848, 0.3428380644823844, 0.2379079264964879, 0.19336270959337304, 1.0376136064124844e-9, 0.3428380660372545, 0.23790770680459034, 0.5687293631423758, 0.1512530253195605, 1.2997713153744751e-9, 0.5241836522638174, 0.34283806523563015, 1.079034298038353e-9, 1.2970705652376166e-9, 0.1933627076834534, 8.197735994273038e-10, 3.3287551028117053e-10, 1.4551921506434105e-9, 0.23790770738713732, 0.23790770725018553, 0.2379077062432994, 2.2572904016655578e-10, 7.291369599526238e-9, 0.19336271034956587, 3.1083193005283447e-10, 4.789952227155052e-10, 0.23790842154534228, 5.356750137124079e-9, 3.4256049385161847e-9, 2.956546302344942e-10, 9.149592323231764e-10, 0.19336270646095896, 2.130761336311051e-10, 0.19336270898215382, 0.19336270877895906, 7.00958896267575e-10, 0.19336270931584576, 0.19336270809817593, 4.663663238726922e-10, 0.19336270965438157, 3.250370749819222e-10, 9.097027740969458e-10, 0.1933627076495317, 9.73718970117805e-10, 0.7620915774830412, 0.04454524138977048, 7.167178161211199e-10, 8.204866407680031e-10, 1.5946944678229841e-9, 0.23790842145518534, 3.8055542767855265e-10, 0.2379079209148174, 0.19336271008978126, 0.19336270741880604, 6.788370043323419e-10, 2.4049660234994516e-10, 5.77129015319541e-10, 0.23790792611498374, 3.9136141672977857e-10, 3.5311013299345393e-10, 3.631242411403799e-10, 4.1136241315823255e-10, 4.5533583376489977e-10, 2.126272979431851e-10, 0.23790792599739308, 8.88630203364147e-10, 0.19336270603032085, 0.21148906490720337, 4.5230601845308387e-10, 2.479654107456094e-10, 2.3057396760562652e-10, 8.168348003861844e-10, 3.301013102202312e-10, 0.2379079214901453, 0.23790792145624404, 0.19336270424512814, 0.19336270818072693, 6.043134110304309e-10, 0.23790792131291608, 0.19336270909630787, 4.969624434463554e-10, 0.19336270738774872, 0.19336270464267802, 3.276842143694755e-10, 2.8491056186865313e-10, 0.19336270355370225, 1.167508033705535e-9, 0.19336270437551237]
v_opt: [0.3891609514538413, 0.7620920727420603, 0.5807843337149683, 0.056600187443309684, 0.04472762556559455]
solution time: 0.012994050979614258
McCormick lower bound: -6.802685036366293

