x_opt: [0.3375111050131436, 0.1145247321303974, 0.8854754319848015, 0.1145246807012818, 0.8854753196535643, 0.11452435911654887, 0.8854751122856158, 0.8854753449264212, 0.8854753182133412, 0.11452435550689614, 0.11452459834151843, 0.763818068201778, 0.1145243633801074, 0.11452467764827984, 0.1145243275261347, 0.3745360544213647, 0.11452467640175253, 8.9063043200545e-9, 0.11452433394168474, 0.11452432236144074]
w_opt: [0.3375111035394666, 0.22298642544633593, 2.1680929432891356e-9, 1.3121626089400367e-9, 0.10132917437565936, 0.11452435056686557, 1.5197492728399457e-9, 5.1619606873409165e-9, 0.11452467407044394, 5.998944875838005e-9, 1.0782248777032593e-9, 1.6507360499374062e-7, 9.756989890076829e-8, 0.11452472488642149, 0.11452435350515253, 0.11452467480924078, 9.22759497098361e-9, 0.11452473135594099, 0.1145246760751879, 0.7709505451678654, 0.7709507789655066, 9.889646521395608e-9, 0.6492935099555595, 0.37453604657801903, 1.1411288778427389e-7, 7.499236225759919e-9, 0.11452433291296331, 2.8887823787000632e-9, 2.4918196116363753e-9, 1.0003745018613645e-8, 0.11452467932671877, 0.1145246787006838, 0.11452434829399502, 1.1169400867039833e-9, 7.053121858978053e-8, 0.11452467541631954, 1.048603447922895e-9, 2.1641685473461055e-9, 0.8854753173427669, 8.568153176933854e-9, 1.4240193973974214e-9, 1.9574773619298516e-9, 2.319733552223045e-9, 0.11452461021929404, 9.01769039957773e-10, 0.11452435407249328, 0.1145243511698973, 2.5028846869914936e-9, 0.11452435616913623, 0.11452435456287739, 2.352904839537014e-9, 0.11452435754049989, 1.802312887774119e-9, 5.912497444023866e-9, 0.11452433264414587, 3.0290835328821155e-9, 0.7638180670080404, 4.2376208393337596e-7, 1.089883292019695e-9, 2.046368518234307e-9, 5.6812191157467446e-9, 0.8854753162278993, 2.593156316341804e-9, 0.11452431711283419, 0.11452467511447291, 0.1145243325735521, 2.1912476746825665e-9, 1.6470877212050112e-9, 0.6492933889272715, 0.1145243608913487, 1.293339695340248e-9, 1.974315191564435e-9, 1.4686427191186868e-9, 2.6153803669354033e-9, 2.594296196378638e-9, 8.653196892635786e-10, 0.11452435265448145, 5.0907190240313195e-9, 0.11452430823276298, 0.11452459648950733, 2.055969694742639e-9, 8.12461560929152e-10, 1.4851265410481682e-9, 2.9419174876884747e-9, 1.203085344260446e-9, 0.11452432569013993, 0.11452434288740858, 0.11452432066625692, 0.11452464326558211, 1.6355669461522823e-9, 0.11452432553505094, 0.11452431876886231, 2.199881970808957e-9, 0.11452432119415364, 0.11452432067410218, 1.01071683772345e-9, 1.5486576179259365e-9, 0.11452431738267986, 7.156934574579467e-9, 0.11452432021620634]
v_opt: [0.8854753439384861, 0.8854754308315868, 0.7840665925046961, 0.013115828376189574, 0.013115899281735174]
solution time: 0.01526021957397461
McCormick lower bound: -3.8009655950895174

