x_opt: [0.658378108402345, 0.3429031649996013, 0.6583781106192919, 7.895448084141372e-7, 0.6583781150290025, 0.13779178718382842, 0.8622082303362818, 0.39478182217252134, 0.3416222766459834, 0.34162188399780136, 0.28392418386254226, 0.6583777034353754, 0.341621887082352, 0.13779176741903224, 0.3416218830664932, 0.34290317492626526, 7.853906026050775e-7, 7.473257814084561e-9, 0.13779177612983423, 0.13779173177951104]
w_opt: [0.6583781065533415, 0.3167562233700696, 2.0960455091165228e-9, 1.7122072432565893e-9, 0.31675581320303986, 0.3416218816619039, 1.7785995913663424e-9, 7.012530013829031e-9, 7.819588327808418e-7, 4.379189969894605e-9, 1.2734747642763896e-9, 0.0012812770136608792, 0.0012812869027914102, 0.34290315491420714, 0.34162188261462856, 0.13779176450574415, 5.5990126284423226e-9, 0.3429031630883641, 7.8499454394089e-7, 0.5205863420256513, 0.05315993413908883, 3.238425262404797e-9, 0.31675581931936, 0.34290316638896273, 5.5764080334027384e-9, 6.221449894848982e-9, 0.13779177468350254, 4.141079474376888e-9, 1.4606754170705864e-9, 7.623322116122756e-9, 7.870101548470957e-7, 7.874472774601728e-7, 7.806930296731132e-7, 1.0685208905918308e-9, 3.500891337173107e-8, 7.839120993252996e-7, 1.6207731732687963e-9, 2.281085431479908e-9, 0.34162227534701833, 1.5018517386803748e-8, 4.127629477787241e-9, 1.3585696343350865e-9, 4.003673782533347e-9, 7.689076392405964e-7, 1.1297302755248573e-9, 0.13779178370581527, 0.13779178076327347, 3.562637576961519e-9, 0.1377917849677757, 0.13779176143991917, 2.0043902856501994e-9, 0.13779178602786363, 1.461301542521558e-9, 4.531973485765547e-9, 0.13779177459876446, 4.0506536858036614e-9, 0.6583777020209086, 0.20383024242584413, 2.6148550083387278e-9, 1.2600330708882578e-8, 8.330332387902916e-9, 0.34162227494926983, 1.810227874921661e-9, 0.3416218790211584, 7.826218188376308e-7, 0.13779177378052454, 2.844836243296525e-9, 9.357499898255395e-10, 1.5595081174941746e-9, 0.3416218858996939, 2.389122407414306e-9, 1.4926973529567228e-9, 1.9118845385233802e-9, 2.168535451805318e-9, 2.4356617894922866e-9, 1.088120448229405e-9, 0.3416218822019896, 3.313119143219164e-9, 0.13779176647562633, 0.2839241826897025, 2.1311927212528044e-9, 1.3856820836117256e-9, 1.2025427345076782e-9, 3.205696595225119e-9, 1.4112685982972981e-9, 0.3416218816128322, 0.3416218622886727, 0.13779172928060324, 7.804253522118226e-7, 2.708731562586373e-9, 0.3416218807804158, 7.774057906625235e-7, 2.6032950846690267e-9, 0.13779177414228225, 0.13779173060387687, 1.4581849543437284e-9, 1.2339674828368579e-9, 7.814400480465801e-7, 5.746277160434295e-9, 0.13779172968520648]
v_opt: [0.39478182033869375, 0.6583781085494186, 0.43346174746226135, 0.11670555542804666, 0.08061295207014835]
solution time: 0.015922069549560547
McCormick lower bound: -5.948569318027189

