x_opt: [0.7386056788715996, 0.33584359066065805, 0.7386056998969561, 0.17220704138219534, 0.7386056792454895, 0.17220917227264446, 0.8277911978757959, 0.4052147743502769, 0.26139432055276396, 0.2613943257918269, 0.23332034033462803, 0.7386056653297853, 0.26139432154250447, 0.17220880938586025, 0.2613941882351837, 0.3358436420065533, 0.17220703910668253, 1.0212240719337816e-8, 0.17220816443731216, 0.17220727651141576]
w_opt: [0.7386056750979298, 0.47721135975404705, 7.728906015409467e-9, 2.5315199995135963e-9, 0.4772113467087249, 0.261394311369335, 2.6633088708714e-9, 4.500024388031036e-9, 0.1722070340170506, 5.986266497748479e-9, 2.4086727479342547e-9, 0.074449292455756, 0.07444928425640922, 0.33584357379210256, 0.26139432385720685, 0.17220880450560228, 1.0347100020311002e-8, 0.3358435886892011, 0.1722070342568193, 0.5663968992314945, 0.14382047606826104, 3.0370442836119234e-8, 0.47721137510350425, 0.3358436258487369, 9.65316872604349e-9, 8.711207041153692e-9, 0.17220816268606476, 8.140084864615133e-9, 1.917844360461906e-9, 1.3521337590001022e-8, 0.17220703850364802, 0.17220703786350236, 0.17220702739341384, 1.54576797915864e-9, 4.700948485491822e-8, 0.17220703679404778, 2.163905014152827e-9, 3.636835581471659e-9, 0.26139431913750727, 2.982558384298356e-8, 9.54720339211754e-9, 2.203837528143375e-9, 3.06216442794732e-9, 0.17220701164348484, 1.5637833485074845e-9, 0.17220916569859132, 0.1722091634630616, 5.026721059486756e-9, 0.17220916900528627, 0.17220880335775055, 3.9168628242994534e-9, 0.17220917063665633, 2.355623796823025e-9, 6.1350491851366405e-9, 0.17220816279611084, 8.083921012512622e-9, 0.7386056633885099, 0.0891856462162596, 9.234138713652746e-9, 4.2883938602783865e-9, 3.980827010355873e-9, 0.26139431831163024, 2.662296004998106e-9, 0.2613941827875806, 0.17220703573641444, 0.17220816107050912, 4.612792787053991e-9, 1.6748067273475271e-9, 3.1629464961249213e-9, 0.2613943197197343, 3.0903414327350403e-9, 2.375599961676986e-9, 2.6679634346640154e-9, 3.3773629460062927e-9, 3.802282751145152e-9, 1.8317060695758472e-9, 0.2613943210459178, 6.349334215510533e-9, 0.17220815195962502, 0.233320338851746, 3.3886335634154497e-9, 1.7766691321801601e-9, 2.0534819397299398e-9, 7.553380555850512e-9, 2.2407911563273117e-9, 0.2613941866401494, 0.2613942852654908, 0.17220727285306137, 0.17220703590825984, 4.503772586007243e-9, 0.2613941853112017, 0.1722070257531459, 3.4701533587335837e-9, 0.17220816146512896, 0.17220727347595266, 2.2944466079058025e-9, 1.8914833638100396e-9, 0.172207035603404, 8.102526176110886e-9, 0.17220726675355336]
v_opt: [0.4052147722469173, 0.7386056970731588, 0.5455390832521761, 0.06832710077133143, 0.054438429643501096]
solution time: 0.013936996459960938
McCormick lower bound: -6.427197061120536

