x_opt: [0.7620206943409394, 0.3430417702766838, 0.7620206951367762, 0.23797916534809657, 0.7620207033623272, 0.19338012412593944, 0.8066198759521568, 0.3888576127586408, 0.23797938907053823, 0.23797930517302868, 0.2110479894515772, 0.7620206097368366, 0.23797930470565076, 0.193380123916843, 0.2379792961905312, 0.34304177088540005, 0.19338012373180039, 1.93517125851634e-9, 0.1933801225785627, 0.19338012085503684]
w_opt: [0.7620206937642069, 0.5240413980698094, 8.543698600691432e-10, 4.595700196895442e-10, 0.5240413045275186, 0.23797930306502482, 4.307540642284727e-10, 1.233323554807692e-9, 0.1933801227051196, 1.0907548447399726e-9, 4.041098534481269e-10, 0.10506246589860567, 0.10506247571826982, 0.34304176771600503, 0.23797930475869297, 0.19338012304923669, 1.260641295042659e-9, 0.34304176965214445, 0.23797916404160335, 0.568640571361915, 0.15087830824944753, 1.7355347144463193e-9, 0.5240413064365175, 0.34304176800720965, 1.3833882792040354e-9, 1.6203668892177323e-9, 0.1933801222288196, 1.0604791255975397e-9, 4.699623181289165e-10, 1.954681441888634e-9, 0.23797916479183204, 0.23797916464392938, 0.23797916332098196, 2.8075610377716245e-10, 9.688618550837456e-9, 0.19338012343682962, 3.9675448403877676e-10, 5.899426928252221e-10, 0.23797938875449776, 1.1085463850334253e-8, 8.834550649955613e-9, 3.5962756040727376e-10, 1.3619659953703338e-9, 0.19338011856205842, 2.7038083279089997e-10, 0.19338012302324462, 0.1933801226264533, 9.550254091128552e-10, 0.19338012334687635, 0.19338012168339405, 5.618083519344657e-10, 0.19338012379398606, 4.0539583482632435e-10, 1.1516481430726127e-9, 0.19338012219098147, 1.281781674709934e-9, 0.7620206093739699, 0.04459920957618176, 9.202378271286702e-10, 1.3117801246364444e-9, 2.0841829608751555e-9, 0.23797938862870108, 4.873281308366998e-10, 0.23797929504179585, 0.19338012309892852, 0.1933801218709253, 9.635516793543087e-10, 2.886357981105212e-10, 5.904392340718586e-10, 0.23797930431052766, 5.041498878015883e-10, 4.510629487616002e-10, 4.5488951821910475e-10, 5.01304499124721e-10, 5.624380290486799e-10, 2.676570761022864e-10, 0.2379793041963778, 1.2049744171855937e-9, 0.19338012017576559, 0.21104798905854094, 5.666810156857658e-10, 3.16953344163783e-10, 2.873139893199259e-10, 1.0679492159918112e-9, 4.1345349685018094e-10, 0.23797929577539162, 0.23797929823753647, 0.1933801199993657, 0.19338012142239294, 7.639869702840099e-10, 0.23797929550021807, 0.193380121873511, 6.549871725998891e-10, 0.19338012188301684, 0.19338012054808051, 4.207252764984379e-10, 3.51015648767403e-10, 0.19338011904554722, 1.4533181613384032e-9, 0.1933801201622427]
v_opt: [0.3888576122673314, 0.7620206944937677, 0.5806755624633572, 0.0566341500435798, 0.04454128795069736]
solution time: 0.014751195907592773
McCormick lower bound: -6.735411009527524

