x_opt: [0.65962536872442, 0.34037462832742366, 0.659625376166135, 7.381563840550437e-7, 0.6596253659630728, 0.1378790631822059, 0.8621209528161349, 0.3984601687702432, 0.34038341886758544, 0.34037462195386214, 0.28933160412895936, 0.6596164444708864, 0.3403746324471356, 0.1378790466701947, 0.3403746273950879, 0.3403747194349374, 7.33613375622803e-7, 5.717557780082464e-9, 0.13787904712510665, 0.13787885793469573]
w_opt: [0.6596253677974551, 0.3192507355421626, 1.6163773743688001e-9, 1.5461799378460034e-9, 0.31924181412342384, 0.340374627988341, 1.4155412474327038e-9, 1.3509689266165125e-8, 7.312575351996921e-7, 3.495160683555129e-9, 1.0453084994920726e-9, 5.364916564563641e-9, 1.4277016629494737e-8, 0.34037461912221795, 0.34037462072699676, 0.13787904416761573, 8.781275126373262e-9, 0.34037462705237365, 7.347048460176352e-7, 0.5217463299572463, 0.05808554596967477, 3.2019522421745968e-9, 0.3192418253426785, 0.34037471433080707, 5.086663723783108e-9, 4.769349192996275e-9, 0.137879045984598, 3.4123691626664765e-9, 8.36303522149598e-10, 6.383474083900821e-9, 7.360757472494028e-7, 7.366596653170484e-7, 7.285167454097649e-7, 9.567089685924052e-10, 3.162400202590383e-8, 7.323518827056916e-7, 1.3064510656534907e-9, 2.2918328199734517e-9, 0.34038341786037896, 1.0512369428886686e-8, 1.4446261189772957e-9, 1.304883520343268e-9, 2.7259446243041012e-9, 7.20116475451354e-7, 1.0410112638495746e-9, 0.13787905986554855, 0.13787905704512168, 2.463417827005109e-9, 0.13787906172686532, 0.13787903829850498, 2.0624748287157616e-9, 0.13787906220750007, 1.2783311685322955e-9, 3.4373312736298007e-9, 0.1378790455641403, 3.037735045775138e-9, 0.6596164430872969, 0.2024956526322824, 1.7916622531948622e-9, 6.7332358806699394e-9, 1.1387867577396463e-8, 0.3403834176589544, 1.4358327304433353e-9, 0.3403746239158082, 7.312793699543928e-7, 0.13787904555194358, 1.5735576796376565e-9, 8.286244190486987e-10, 1.377240372066154e-9, 0.34037463158883907, 2.3514902519138947e-9, 1.0983908717368877e-9, 1.687880377363683e-9, 2.69860025434456e-9, 2.9185054815571884e-9, 9.73428508866884e-10, 0.3403746207173196, 2.064584523454859e-9, 0.1378790372245089, 0.28933160308508377, 1.8078591076225406e-9, 1.2565378816374697e-9, 1.1994798308843834e-9, 2.1218600305262923e-9, 1.0690664611863406e-9, 0.3403746262924855, 0.3403745538866163, 0.1378788563357922, 7.29239057145518e-7, 2.2027835370305785e-9, 0.3403746254114576, 7.249328662080567e-7, 1.840538355254778e-9, 0.13787904567208772, 0.1378788567310617, 1.0951531337548635e-9, 1.0291189000397993e-9, 7.30262451798929e-7, 4.515508946428135e-9, 0.13787885326181543]
v_opt: [0.39846016764383385, 0.6596253747776398, 0.4351057501658024, 0.11585489383341444, 0.08371287888158438]
solution time: 0.01657700538635254
McCormick lower bound: -5.508284461300059

