x_opt: [0.7341821527871293, 0.3444384589377274, 0.73418224329078, 0.1717672402815797, 0.7341822421812837, 0.17184053241164274, 0.828161469654021, 0.3927280532557964, 0.2658178993369264, 0.2658178133796659, 0.21507867951099885, 0.7341820205572183, 0.26581779124703103, 0.1718385645493535, 0.26581746626820757, 0.3444385263778175, 0.17176720100233006, 1.3163361688165172e-7, 0.17183812735284582, 0.171837332849188]
w_opt: [0.7341821212815213, 0.46836441978902627, 5.74587482006305e-8, 3.251255384845005e-8, 0.4683642035139908, 0.2658176840048095, 3.050534705596832e-8, 9.123893134363232e-8, 0.17176712934537292, 7.378096872745882e-8, 2.7492743488383515e-8, 0.07862073490485819, 0.07862084778730646, 0.34443827199439336, 0.2658177849882117, 0.1718385045357093, 9.012959413321624e-8, 0.34443841663475144, 0.17176715047998467, 0.5623437322827434, 0.12691032061698546, 1.2506067121948618e-7, 0.4683643683611051, 0.3444383327539733, 1.0156905315800074e-7, 1.0995424158710578e-7, 0.17183810224651813, 7.807786342654419e-8, 3.149047255568293e-8, 1.3837827524713064e-7, 0.17176719869475177, 0.17176719351493805, 0.171767097083626, 1.9503325794685756e-8, 6.586532043005851e-7, 0.1717671710939247, 2.8963724216263365e-8, 4.1550335338344765e-8, 0.265817875743622, 3.137932583088157e-7, 1.1293162380743951e-7, 2.511713191408881e-8, 6.397633786761539e-8, 0.17176686164815644, 1.9401100383458004e-8, 0.17184045885043234, 0.17184042612333403, 6.736450719814947e-8, 0.1718404811284259, 0.17183850054072256, 3.887527249319027e-8, 0.1718405101044836, 2.7676323282397975e-8, 7.774532099944105e-8, 0.1718381040321324, 8.994675157084478e-8, 0.7341819948765193, 0.0939812878118971, 8.498652895815464e-8, 6.448037915127506e-8, 1.1911165486459276e-7, 0.26581786853366984, 3.4491543002604704e-8, 0.26581738972533564, 0.17176715303248502, 0.17183807714748817, 6.52677812275977e-8, 1.902054222104397e-8, 3.860304525265444e-8, 0.2658177599884036, 3.8034652531179355e-8, 3.0805466347626993e-8, 3.293878411657345e-8, 3.562787533722883e-8, 4.02589644661133e-8, 2.1108358846051588e-8, 0.26581775431809657, 7.66807483687165e-8, 0.17183795970113788, 0.21507865710215884, 3.925392182107501e-8, 2.3399154231180768e-8, 2.1996723810373027e-8, 7.898041494369561e-8, 2.8703255164634393e-8, 0.2658174389688398, 0.2658173110346751, 0.17183727461216625, 0.17176712586750023, 5.5054694616493966e-8, 0.26581741917043106, 0.17176706725183533, 4.600692364619644e-8, 0.17183808284521293, 0.17183731160522425, 2.9579343267242948e-8, 2.3907727965455956e-8, 0.1717671365646793, 9.932966047549895e-8, 0.1718372965430709]
v_opt: [0.39272801774264726, 0.7341821977399716, 0.5390284137109436, 0.07065924957354762, 0.04625889372764682]
solution time: 0.01312112808227539
McCormick lower bound: -7.001742941127693

