x_opt: [0.6596153727928661, 0.34038553522035353, 0.6596153737288558, 4.621349860863354e-8, 0.6596153635349981, 0.13787477863224473, 0.8621267453284758, 0.39843907946149065, 0.34038463207249525, 0.34038462300042005, 0.2893167622458371, 0.6596153556418657, 0.34038463063008845, 0.13787325542953932, 0.34038462523201285, 0.3403856537565333, 4.548278107704647e-8, 4.35697088281788e-9, 0.13787322681514122, 0.1378731467894522]
w_opt: [0.659615371648838, 0.31923073698307664, 1.177550477453872e-9, 1.0437776790645182e-9, 0.3192307291593605, 0.3403846277358875, 1.0654574937965642e-9, 6.344616991091234e-9, 4.37603368356751e-8, 2.6476776267653823e-9, 7.28657408425499e-10, 9.0955479361126e-7, 9.022097497320814e-7, 0.3403855282943026, 0.3403846223388004, 0.13787325370351836, 4.036402214437534e-9, 0.3403855344081562, 4.3984128696850134e-8, 0.521742119708169, 0.05805445393325715, 1.8048746351410925e-9, 0.3192307322880127, 0.34038564965834284, 3.2548551681992914e-9, 3.656774960858656e-9, 0.13787322593873466, 2.500816901066355e-9, 7.087627807108665e-10, 3.883469995413045e-9, 4.464580607478528e-8, 4.515217082457084e-8, 4.143830020623448e-8, 6.320525264863535e-10, 1.0877770036439952e-8, 4.440328867828494e-8, 9.797969011537276e-10, 1.3722227047571195e-9, 0.34038463123406404, 5.851127491563317e-9, 7.891465701719218e-10, 8.519220649531879e-10, 1.612591689493562e-9, 3.914544312007578e-8, 7.205604316218136e-10, 0.13787477658147643, 0.13787477476521381, 1.9004191763434667e-9, 0.13787477749593902, 0.13787325296942135, 1.220006699159936e-9, 0.13787477797245218, 8.232930554137467e-10, 2.6896641915567045e-9, 0.13787322598221502, 2.2119005333258396e-9, 0.659615354733582, 0.20251158755504658, 2.163085192227518e-9, 9.6841783338073e-9, 4.950041306533274e-9, 0.3403846311319082, 1.0634896305716408e-9, 0.3403846231089427, 4.3738920115701994e-8, 0.13787322553030473, 1.3625142367245339e-9, 5.244199310340846e-10, 9.38231450818406e-10, 0.34038462983624523, 1.7232559049763074e-9, 7.985075740067538e-10, 1.2182546005347456e-9, 1.482250382989977e-9, 1.6179063225208226e-9, 7.464862717332202e-10, 0.3403846221922574, 1.562303164738629e-9, 0.1378732212929771, 0.2893167615167355, 1.2530009360345418e-9, 9.318028351712445e-10, 8.579889683228405e-10, 2.108802189238376e-9, 7.938504259110776e-10, 0.34038462450974455, 0.34038461885426907, 0.13787314549310722, 4.285432147672946e-8, 1.6470805631505172e-9, 0.3403846241135085, 4.104992549164657e-8, 1.475469512447944e-9, 0.13787322578771669, 0.13787314604278283, 8.081261189991494e-10, 7.048487824923982e-10, 4.3374679807692955e-8, 3.4311190234627937e-9, 0.13787314551268726]
v_opt: [0.39843907845534, 0.6596153725758185, 0.43509246597098117, 0.11586172230715101, 0.08370419980719772]
solution time: 0.013108015060424805
McCormick lower bound: -6.115896316730673

