x_opt: [0.3192447218355348, 0.10679613116663839, 0.8932042430312876, 0.10679611808053377, 0.8932038815038896, 0.1067959259641627, 0.7479331699537659, 0.8932039066114352, 0.8932038802243918, 0.1067957428734244, 0.10679609318624411, 0.7479318025784397, 0.10679592616776064, 0.10679611616676139, 0.10679574274701979, 0.3439766145980844, 0.10679611400308044, 1.587274215461426e-9, 0.10679574336735041, 0.10679574240231583]
w_opt: [0.31924472157001577, 0.21244860353939637, 4.077128696952611e-10, 2.5641195773208127e-10, 0.06717652463660673, 0.10679592375698607, 3.0951756457088743e-10, 9.231917290405355e-10, 0.10679611354100947, 1.0368789225691407e-9, 2.0768469418986487e-10, 3.7438887329982673e-7, 2.4519862343982396e-8, 0.10679612992132928, 0.10679574247492879, 0.10679611505096467, 1.8100555261791717e-9, 0.10679613099481917, 0.10679611717439186, 0.6411374131518146, 0.7864081500849021, 3.2023469232392994e-9, 0.6411360475586106, 0.34397661303208593, 3.5759698055465436e-7, 1.2886533050146496e-9, 0.10679574315405392, 4.859867809600469e-10, 3.97577477628044e-10, 1.7807881154948016e-9, 0.10679611780391826, 0.10679611769624923, 0.10679574174537126, 2.1867622477988222e-10, 1.1080068184786907e-8, 0.10679611380752015, 2.0580986808852268e-10, 4.115796936508038e-10, 0.8932038800556356, 1.1701266589675293e-9, 2.750816429284507e-10, 3.7946754940187457e-10, 4.2519712072086157e-10, 0.10679610265229454, 1.76124871800036e-10, 0.10679592512011249, 0.10679592452039852, 4.802702613181561e-10, 0.10679592509840083, 0.10679592537689746, 4.248069704107769e-10, 0.1067959256509047, 3.394762705253828e-10, 1.0304397172936594e-9, 0.10679574311750874, 5.795332527380309e-10, 0.7479318023490505, 7.074279320375349e-8, 2.09074516863259e-10, 3.84178233881112e-10, 1.03301896725537e-9, 0.8932038797405097, 5.72517435132362e-10, 0.10679574075585975, 0.10679611374421027, 0.10679574309413656, 3.837321181759582e-10, 3.1344761180914274e-10, 0.6411356832447564, 0.10679592566075465, 2.5062140637931133e-10, 3.4407729659781884e-10, 2.9290339300941097e-10, 4.706405118715217e-10, 4.918335233343616e-10, 1.7554331437914468e-10, 0.10679574247865779, 9.660013158695847e-10, 0.10679573422756136, 0.1067960927998984, 3.965238312663458e-10, 1.6457174792534512e-10, 2.970755131280861e-10, 5.782610036607316e-10, 2.282068673025118e-10, 0.10679574239945258, 0.10679592278085152, 0.1067957420718112, 0.10679610847864739, 3.157928143533648e-10, 0.10679574233702413, 0.10679574140242501, 4.3607255806223217e-10, 0.10679574161433555, 0.10679574200183319, 1.9744019932471927e-10, 2.864409970071861e-10, 0.10679574162655045, 1.2336882380305811e-9, 0.10679574216357503]
v_opt: [0.8932039064166953, 0.8932042427965529, 0.7978131911835198, 0.011405385591613406, 0.011405424461008612]
solution time: 0.013775110244750977
McCormick lower bound: -3.6731735049348155

