x_opt: [0.6353504326946068, 0.36464956851607416, 0.6353504340758984, 4.810528826055865e-6, 0.6353504319344094, 0.15945046028682494, 0.8878479260042159, 0.3646495788873612, 0.36464957831705386, 0.36464956605275733, 0.22867666065844633, 0.6353504203250527, 0.36464956813063104, 0.11215207526933701, 0.3646495664065496, 0.36464957033665946, 4.810183107796127e-6, 2.3869969661363333e-9, 0.11214539276565118, 0.11214538084879516]
w_opt: [0.6353504321750953, 0.2707008648039085, 8.323626171223246e-10, 6.560569588022276e-10, 0.27070085348620604, 0.36464956637580614, 5.053209249729913e-10, 3.0309812577368856e-9, 4.8090910949010325e-6, 1.4062686668855422e-9, 5.352842195243534e-10, 3.03222360161493e-9, 4.614188416712719e-9, 0.36464956525377645, 0.3646495655580617, 0.11215207407029898, 2.0993832054619605e-9, 0.3646495679495458, 4.809102268720498e-6, 0.5231983604612992, 1.3361241065059182e-8, 1.676597183227801e-9, 0.27070085617903156, 0.3646495680122204, 1.9991212071042332e-9, 2.0439555793467103e-9, 0.11214539234488727, 1.433483888483089e-9, 3.955442007052767e-10, 2.165309301271331e-9, 4.809795564191118e-6, 4.809768672521238e-6, 4.807478083231271e-6, 3.6946350360019646e-10, 1.0986153637560259e-8, 4.809591540969028e-6, 5.325241643573261e-10, 8.50611416638378e-10, 0.36464957789153424, 3.197164509133093e-9, 9.179372043614936e-10, 5.221356006739204e-10, 1.1860985704683715e-9, 4.804455538820983e-6, 3.6709556607650246e-10, 0.15945045873853955, 0.15945045852962025, 9.572610348381942e-10, 0.1594504595240945, 0.11215207361743665, 8.184551794051952e-10, 0.15945045988478743, 4.99385844540712e-10, 1.4162599238269038e-9, 0.11214539228922486, 1.3853153861324098e-9, 0.6353504197800304, 0.2524975252990365, 1.8602772777437747e-9, 1.2655021680561406e-9, 1.5745286767613727e-9, 0.3646495777971251, 6.033674522039543e-10, 0.3646495649912708, 4.809266825368049e-6, 0.11214539200733144, 7.677202091296958e-10, 3.5880540301024354e-10, 7.053638899746443e-10, 0.3646495677158185, 7.625821611177077e-10, 5.036792169250081e-10, 6.389912132668856e-10, 7.908772180958506e-10, 8.576395761341364e-10, 3.9019416929459696e-10, 0.3646495655867919, 9.517948601717399e-10, 0.11214538956228595, 0.2286766602926358, 7.307605761306594e-10, 4.5669333346491705e-10, 4.279155936256256e-10, 1.2726817227585315e-9, 4.998302667787871e-10, 0.36464956593857134, 0.3646495521016676, 0.11214537999188423, 4.8088020599142784e-6, 1.0362167185842781e-9, 0.36464956564574214, 4.807457439848055e-6, 7.237203045577674e-10, 0.11214539205224655, 0.1121453803814549, 5.003180583210176e-10, 4.3703872909229615e-10, 4.808767873894053e-6, 1.8778442215628436e-9, 0.1121453802149503]
v_opt: [0.36464957839892653, 0.6353504333490981, 0.403670176430915, 0.13296930759154282, 0.052293267561233224]
solution time: 0.014465093612670898
McCormick lower bound: -7.544353108355595

