x_opt: [0.8205397002379681, 0.17946034951767115, 0.8205397180227312, 0.17946027687655075, 0.8205397030089736, 0.17946028578158665, 0.820539711752316, 0.8205398943885892, 0.5793738631431437, 0.17946029011684902, 0.16007678882531715, 0.7961674184044756, 0.1794602930437854, 0.17946028760430327, 0.17946023710217854, 0.2183984551668237, 0.17946027384961122, 2.007927409313108e-9, 0.17946009218539993, 0.17946007338828526]
w_opt: [0.8205396998616469, 0.6410794034979331, 5.285918952268882e-10, 4.258915576530429e-10, 0.6167071189680592, 0.17946029108287276, 4.963959168853822e-10, 1.661390117227814e-9, 0.17946027315349, 1.2800150256340992e-9, 3.530403078708166e-10, 6.779405271691475e-8, 7.327231694407725e-8, 0.1794603471872571, 0.17946028969166652, 0.17946028651048868, 2.4024566516834165e-9, 0.17946034922393006, 0.17946027571833637, 0.6410794300501754, 0.6410796128101254, 9.357872042753918e-9, 0.6167071383454499, 0.2183984533474778, 1.0367507635744512e-9, 1.68762476143743e-9, 0.1794600918801454, 7.807287569678594e-10, 2.791132789444518e-10, 2.2272868722595365e-9, 0.17946027641925566, 0.17946027634531636, 0.1794602740858534, 3.0493788713803645e-10, 1.0212130619014306e-8, 0.17946027356672806, 3.3965533523431343e-10, 6.56137733933955e-10, 0.5793738629206477, 2.2511086773989885e-9, 3.703134655896786e-10, 4.1472318137786007e-10, 6.135655006680114e-10, 0.17946026659803807, 2.7322234177938554e-10, 0.17946028448930337, 0.17946028416521353, 6.764208355539704e-10, 0.17946028516766038, 0.17946028374193249, 6.554776418940196e-10, 0.17946028541697376, 4.52856402803783e-10, 1.24952286423137e-9, 0.17946009180122105, 9.51534726994321e-10, 0.7961674180229058, 7.414023389711927e-8, 4.4118299221865164e-10, 6.771038465131368e-10, 1.3921207977223968e-9, 0.5793738627670538, 3.823774536686768e-10, 0.17946023562083557, 0.17946027337566736, 0.1794600917507334, 1.0845109485628778e-9, 3.48652322246836e-10, 0.37554128493358746, 0.17946029260372143, 4.500303843399925e-10, 3.584191342209932e-10, 4.573255539955495e-10, 7.412191115798819e-10, 7.822861013666746e-10, 2.6743847353065797e-10, 0.17946028951689924, 9.316693529439798e-10, 0.17946008901177957, 0.16007678844907475, 5.868952740480804e-10, 2.811794384237921e-10, 3.8132010169917427e-10, 7.525497503297222e-10, 3.4713236184537996e-10, 0.17946023674585587, 0.17946027535878287, 0.1794600728744054, 0.1794602707531534, 5.635025949267172e-10, 0.1794602366135796, 0.1794602342793304, 5.659130522956639e-10, 0.1794600915508282, 0.17946007301617303, 3.1545570509240296e-10, 3.7851932636288826e-10, 0.17946007197167177, 1.5954493742056263e-9, 0.17946007181945822]
v_opt: [0.82053989408659, 0.8205397176405451, 0.6732855342198059, 0.032206008604993105, 0.025624650771807422]
solution time: 0.012402057647705078
McCormick lower bound: -4.525040147635818

