x_opt: [0.6353592999181037, 0.3646407396102569, 0.6353593090315723, 4.529188099071889e-5, 0.635359301419863, 0.15948211408955057, 0.8878605528374796, 0.36465081074310013, 0.36464073014716686, 0.3646406896126879, 0.22864711177072408, 0.6353592610835237, 0.3646406958227216, 0.11213945478727977, 0.36464067926689087, 0.36464075489979264, 4.5288045465432896e-5, 1.96695611698433e-8, 0.11213908796128041, 0.11212070289111978]
w_opt: [0.635359295275992, 0.2707186053337003, 6.920260101725873e-9, 5.163392809979111e-9, 0.27071856507987585, 0.3646406810443745, 4.1699479852516015e-9, 1.8459668254899446e-8, 4.527859146262112e-5, 1.1400459099227865e-8, 4.348354650224876e-9, 5.244488452403874e-8, 6.71822783131024e-8, 0.3646407130686985, 0.36464068544130424, 0.112139445200166, 1.5070221862392285e-8, 0.36464073479808995, 4.527986745528936e-5, 0.5232198648562161, 1.0123004845111194e-5, 1.2960701621226e-8, 0.27071858487351924, 0.3646407334589744, 1.55672826927707e-8, 1.677987537573752e-8, 0.11213908448843234, 1.1648236624011669e-8, 3.6262937954529384e-9, 1.7785833823732395e-8, 4.528598283051234e-5, 4.5285353218753885e-5, 4.526923951020975e-5, 2.945253330085678e-9, 8.607734781944117e-8, 4.528349135347198e-5, 4.278594962123338e-9, 6.562533691560729e-9, 0.36464072668949227, 3.0602858627053634e-8, 8.397013574968929e-9, 4.043317656137655e-9, 9.828004944822228e-9, 4.5241402306606495e-5, 2.9064613557625144e-9, 0.159482101936518, 0.15948209955715198, 8.366921044119441e-9, 0.15948210729733564, 0.11213944195223378, 6.331572648296594e-9, 0.1594821108004519, 4.059545462406478e-9, 1.1657364732427834e-8, 0.11213908431189927, 1.1978977620573077e-8, 0.6353592568974696, 0.2525015091444448, 1.3270402528215478e-8, 1.0290248052950856e-8, 1.3894942144262795e-8, 0.36464072604880143, 4.969800485115138e-9, 0.36464066766557657, 4.5280807232419824e-5, 0.11213908134545106, 7.190978209374131e-9, 2.90995319638205e-9, 6.081813726009625e-9, 0.36464069203056687, 5.859753041656781e-9, 4.278712597769007e-9, 5.0295694182414876e-9, 5.860568597350415e-9, 6.458105136181783e-9, 3.1292518555261152e-9, 0.36464068475810907, 8.79355495753667e-9, 0.1121390631329848, 0.22864710872121752, 5.931787225863372e-9, 3.574038846625526e-9, 3.361567989208577e-9, 1.1269507404962871e-8, 4.167958028159956e-9, 0.36464067524534594, 0.3646405840020245, 0.11212069524072599, 4.527673871160818e-5, 8.395448704187128e-9, 0.36464067305331443, 4.526723785849596e-5, 6.153690466536685e-9, 0.11213908178506475, 0.11212069936547807, 4.199129006999276e-9, 3.5658246286495765e-9, 4.5276397875886824e-5, 1.5286220154010124e-8, 0.11212069794103455]
v_opt: [0.3646508063934022, 0.6353593026789889, 0.4036814522488309, 0.13296286760657725, 0.0522796451788635]
solution time: 0.0387420654296875
McCormick lower bound: -7.587194813862681

