x_opt: [0.6345369014232947, 0.3654632228331945, 0.6345368959707752, 0.03630390561821254, 0.6345369122340895, 0.19673550979228996, 0.9142134506667645, 0.36546434266357375, 0.36546333221642624, 0.36546310202753923, 0.20141780278476198, 0.6345366697020378, 0.36546311827491007, 0.08578657790663506, 0.3654630726825418, 0.3654633075664609, 0.036303905740881895, 2.7408355314687e-8, 0.08578409563533432, 0.0857829534032117]
w_opt: [0.6345368869384564, 0.26907381784430295, 9.338167570589449e-9, 5.752774160363533e-9, 0.269073576092125, 0.36546310137843113, 4.885370362205078e-9, 2.3718374558814404e-8, 0.03630389458294548, 1.6564888265429904e-8, 5.376780477244705e-9, 1.2313541464203071e-7, 1.6345746016268544e-7, 0.3654631859836127, 0.36546309743624916, 0.08578656736656372, 1.7196391728974216e-8, 0.3654632182086669, 0.03630389004832461, 0.5487503498514342, 1.2423031833279197e-6, 1.6050374736320495e-8, 0.2690735834466596, 0.36546328236910763, 1.8958661290600162e-8, 2.432902138629695e-8, 0.08578409200925045, 1.4812690398962367e-8, 4.207976792361708e-9, 2.8590417372573315e-8, 0.03630389892499371, 0.03630389714453401, 0.03630387224739046, 3.2537557922133076e-9, 4.3015501087732516e-7, 0.036303897788126954, 5.130829434622568e-9, 7.61284982325362e-9, 0.36546332857249186, 5.0119625434190986e-8, 3.4899704053459015e-8, 4.683516471312103e-9, 1.509728790332697e-8, 0.03630383410078541, 3.0922054329583446e-9, 0.19673549458525227, 0.1967354944876866, 9.080392441481928e-9, 0.19673550193337808, 0.08578655937036167, 7.338337704121443e-9, 0.19673550632874634, 4.5840230297076364e-9, 1.7161177751966612e-8, 0.08578409196798956, 1.710092863984982e-8, 0.6345366652939506, 0.27967802938151076, 3.441886108378348e-8, 9.737676822022625e-9, 1.329848188087349e-8, 0.36546332728427305, 5.534863824754759e-9, 0.36546305859496064, 0.03630389773612158, 0.08578408831948944, 8.868435990944176e-9, 3.250516369795247e-9, 1.0237254189490597e-8, 0.3654631148697951, 6.297783494906384e-9, 4.9420568910215356e-9, 5.96905799704419e-9, 6.54564306173102e-9, 7.087294434077714e-9, 3.25381275391177e-9, 0.36546309775107644, 1.0753394552165681e-8, 0.08578407012799247, 0.2014177997620779, 7.798963819489197e-9, 3.911953352960691e-9, 3.4041192245874873e-9, 1.1071318468996395e-8, 5.02186285711381e-9, 0.36546306907605985, 0.3654629878634048, 0.085782944382948, 0.03630389452304042, 1.0722521485656656e-8, 0.3654630659748418, 0.03630388172182374, 7.580398154336821e-9, 0.08578408896616645, 0.08578294781126478, 4.937393602584893e-9, 4.117065223276006e-9, 0.03630389116279565, 2.2716139486481837e-8, 0.08578294800324394]
v_opt: [0.3654643380134182, 0.6345368886558345, 0.4026371158000092, 0.13356330383354098, 0.04057010656081227]
solution time: 0.013157129287719727
McCormick lower bound: -8.125165454192764

