x_opt: [0.6596163299502583, 0.34038398917424867, 0.6596163307375322, 4.9817545855636413e-8, 0.6596163302438666, 0.13787462305252507, 0.8621264371888638, 0.3984414026519838, 0.3403836703814965, 0.3403836638870289, 0.289320433969892, 0.6596163105510575, 0.34038366836990513, 0.1378735628553394, 0.3403836659085304, 0.340384008327647, 4.819037535787348e-8, 5.7252770719103235e-9, 0.13787357317648935, 0.1378735534580355]
w_opt: [0.6596163282683826, 0.31923266100263187, 1.334564883435209e-9, 1.2826235532285097e-9, 0.31923264136319845, 0.3403836649789628, 1.390416768164318e-9, 8.70910072733104e-9, 4.601043280572167e-8, 3.5623616819817896e-9, 9.030050224151981e-10, 3.2073585896307435e-7, 3.25664457793012e-7, 0.3403839783005205, 0.34038366314383656, 0.1378735608281406, 5.636898906362907e-9, 0.3403839878544018, 4.69700910379157e-8, 0.5217427687404156, 0.058057734300611494, 1.980348692701407e-9, 0.3192326447983064, 0.3403840031040793, 4.575560849592899e-9, 4.853279715231673e-9, 0.1378735720458578, 3.496976667465576e-9, 9.020608546553749e-10, 6.263202328200782e-9, 4.757895674420789e-8, 4.847210013886518e-8, 4.332460140609561e-8, 7.630641257708588e-10, 1.5819835514389215e-8, 4.694969199164336e-8, 1.2918668572024608e-9, 1.7242424094379395e-9, 0.3403836692614222, 1.2001065909675693e-8, 1.559753734424231e-9, 1.0201249532100873e-9, 2.780106700670845e-9, 3.9591442386699434e-8, 9.137526349467493e-10, 0.13787462064747327, 0.13787461807394627, 2.50995365364562e-9, 0.1378746217202649, 0.13787355913956836, 1.4845907833846067e-9, 0.13787462229359182, 9.933363539121026e-10, 3.6579607447989483e-9, 0.1378735721078028, 3.0455634789642588e-9, 0.6596163094518978, 0.20251025076496287, 2.238517983714676e-9, 2.4244212012479326e-8, 1.052275461068217e-8, 0.34038366920055074, 1.3443050761131398e-9, 0.34038366338085235, 4.5764354741932595e-8, 0.13787357150506105, 1.7686238303785455e-9, 5.999133881651391e-10, 9.65136697397744e-10, 0.3403836674318914, 2.4418662266097816e-9, 9.717519380652262e-10, 1.5863363484670513e-9, 1.845434044275736e-9, 2.138813372663064e-9, 8.86510657680862e-10, 0.34038366288332955, 1.9486169206678207e-9, 0.13787356611301688, 0.2893204331738928, 1.6351376152903396e-9, 1.2458863766478048e-9, 9.64794789022337e-10, 2.140468297621035e-9, 9.746993120254117e-10, 0.3403836649184537, 0.34038364348778316, 0.1378735518837945, 4.503024913610499e-8, 2.1697015671335895e-9, 0.34038366444790663, 4.227657931747733e-8, 2.0046474064471058e-9, 0.13787357199905337, 0.1378735525042447, 1.0126353943199394e-9, 8.390322099036006e-10, 4.5870472508036695e-8, 4.6010346705491e-9, 0.1378735519229063]
v_opt: [0.39844140130425726, 0.6596163292685351, 0.4350937077293844, 0.11586103928311806, 0.08370634039391493]
solution time: 0.015084028244018555
McCormick lower bound: -6.258179257816773

