x_opt: [0.6354108835279503, 0.36458918391779965, 0.6354108872673319, 1.7654884170722842e-7, 0.6354108915128748, 0.1593966689965466, 0.8877866249360152, 0.36473102406915664, 0.36458909530746336, 0.3645890922271582, 0.22883127713755602, 0.6354108562274414, 0.3645890936330747, 0.11221337370135118, 0.3645890920696393, 0.364589194836014, 1.717532803761069e-7, 1.0803094363942811e-8, 0.11221336887237619, 0.11221336586840483]
w_opt: [0.635410878842388, 0.2708217767280231, 2.5126968098318853e-9, 2.4107751496945167e-9, 0.27082174164086353, 0.36458908574019866, 2.173120165535653e-9, 1.3561811107238529e-8, 1.6728610746731842e-7, 6.572356858583759e-9, 2.1813327579267006e-9, 7.283419793512176e-8, 8.712987111904796e-8, 0.3645891645098091, 0.36458909047028343, 0.11221336982590638, 7.17448772527948e-9, 0.3645891814382888, 1.7079317490670825e-7, 0.5231975137242764, 0.0001419128373088569, 3.8941242343384624e-9, 0.2708217509674118, 0.36458918474403934, 8.131605290999882e-9, 9.369258561653153e-9, 0.11221336717255127, 1.0377981756719673e-8, 1.6692765721890087e-9, 1.06414376193143e-8, 1.7332863650318734e-7, 1.7338671400344296e-7, 1.6174676611443637e-7, 1.4384171116597113e-9, 3.8715394313991765e-8, 1.6970623237486713e-7, 2.2132628903998783e-9, 2.9295509572445425e-9, 0.3645890934607603, 1.3891085689430681e-8, 4.007245333004365e-9, 2.2024244971979854e-9, 7.316155215155478e-9, 1.4748397934793983e-7, 1.353988069357423e-9, 0.15939666336252895, 0.15939666244330372, 3.5617842565333113e-9, 0.15939666612109354, 0.11221336460511898, 2.726015295748888e-9, 0.15939666748396566, 1.933162378987366e-9, 6.713791949558741e-9, 0.11221336714460395, 7.161851326884755e-9, 0.6354108542075383, 0.2523758052164842, 4.3671657382522166e-9, 1.2605692336033503e-8, 1.611302866595009e-8, 0.364589093433444, 2.43347090103057e-9, 0.3645890883846081, 1.67942753023706e-7, 0.11221336620595837, 3.6739833627762918e-9, 1.3167359464044929e-9, 2.299490874891679e-9, 0.3645890916221133, 3.1239969935184222e-9, 1.978656384789479e-9, 2.719901741491959e-9, 3.5003066015779695e-9, 3.381251957247994e-9, 1.604683764197653e-9, 0.3645890903051911, 4.215255861520017e-9, 0.11221335682840258, 0.22883127564888678, 3.217080182372388e-9, 1.968285349162085e-9, 1.745813585433986e-9, 5.183877149848896e-9, 1.987668363943711e-9, 0.3645890892350825, 0.36458903687804767, 0.1122133622012944, 1.6625184494906422e-7, 4.751781602466333e-9, 0.3645890892064957, 1.5854784127882679e-7, 3.2327642875775894e-9, 0.11221336628066039, 0.1122133631640061, 2.028080798291481e-9, 1.7314871364632386e-9, 1.6359141834587786e-7, 8.777257471867065e-9, 0.1122133629600127]
v_opt: [0.3647310219227267, 0.6354108845887194, 0.40374729599027703, 0.13292521779832478, 0.052363885597482306]
solution time: 0.012457847595214844
McCormick lower bound: -7.142720082137248

