x_opt: [0.8212877474644801, 0.17871238597991518, 0.8212884605231592, 0.17871058105918416, 0.8212875939871154, 0.17871220660317047, 0.8212877982452272, 0.8212897391768023, 0.5705832736794069, 0.178711757824662, 0.17868636927822729, 0.8000727448902434, 0.17871224539563563, 0.17871218548677398, 0.17871028359230193, 0.21221081726963217, 0.1787105558533443, 1.0302393849423517e-8, 0.1787102543344344, 0.17871026192044032]
w_opt: [0.8212877429886896, 0.6425753421752465, 5.652699704765979e-9, 1.3562709398473525e-9, 0.6213604941150462, 0.17871222541493434, 4.096491816610879e-9, 1.86152339037272e-8, 0.17871055230154387, 7.336830862998777e-9, 1.7773718304460825e-9, 8.475666048922913e-7, 6.144288834490302e-8, 0.17871236736840032, 0.17871175642120127, 0.17871218064221436, 1.996129158245384e-8, 0.17871238457028257, 0.17871057303131224, 0.6425762597440371, 0.6425782018763806, 2.2395989454091216e-7, 0.6213612199925115, 0.2122107981736, 1.2132857696210185e-8, 8.937594365490515e-9, 0.17871025318743927, 7.522674236073604e-9, 1.2045531954112252e-9, 2.253936188234591e-8, 0.17871057895700326, 0.1787105779572404, 0.17871056270234675, 1.2757513833005282e-9, 7.589777488395359e-8, 0.17871055482034637, 1.4460964368662714e-9, 4.311310037147958e-9, 0.570583272996158, 3.6598472890296174e-8, 2.316619476328873e-9, 1.4808875072179125e-9, 4.269309243699061e-9, 0.1787105165520221, 1.5069112199807393e-9, 0.17871220098238763, 0.17871218957222793, 7.211665848723811e-9, 0.1787122040893152, 0.17871214219169754, 4.2994018646391125e-9, 0.17871220534771767, 2.997537380964582e-9, 6.984634211961791e-9, 0.17871025301586102, 8.129135656825657e-9, 0.8000727432185664, 3.8416998046761006e-7, 2.947975466923282e-9, 8.605719252639122e-9, 2.1992317844060644e-8, 0.5705832720783824, 1.692262090982572e-9, 0.17871027061058684, 0.178710553888744, 0.17871025206514848, 4.939714981065123e-9, 2.4246178696834658e-9, 0.3706560540316939, 0.17871224291040508, 2.517483414715881e-9, 1.8324345549179112e-9, 2.0429118521178004e-9, 4.46578824661132e-9, 5.536884439024331e-9, 1.0141103235211773e-9, 0.17871175637585923, 9.920704340858166e-9, 0.17871024387573553, 0.17868636797021045, 3.811457421556569e-9, 9.900645586829256e-10, 1.885303395894763e-9, 5.728133219266856e-9, 1.8631516345079207e-9, 0.17871028242469042, 0.17871221172003518, 0.17871026010686655, 0.17871053773559836, 2.9883984564918512e-9, 0.1787102810597342, 0.17871026607590224, 3.3063559867646976e-9, 0.17871024841339514, 0.17871026054052316, 1.6797755091167004e-9, 1.8924657468576104e-9, 0.1787102437356361, 8.591132374179799e-9, 0.17871024794858079]
v_opt: [0.821289737869442, 0.8212884593911317, 0.6745136806293829, 0.03193802113931976, 0.03192904031376497]
solution time: 0.015631914138793945
McCormick lower bound: -4.175962008174559

