x_opt: [0.6353516944030406, 0.3646485416116647, 0.635351746375059, 2.4954608117499735e-6, 0.635351599646207, 0.1594525937165528, 0.8878510608941043, 0.36464861932513876, 0.3646486237195157, 0.36464821664345815, 0.22868012976958796, 0.6353503952161771, 0.3646484057886554, 0.11214905940230234, 0.3646483508640915, 0.3646487946588949, 2.4720309433701055e-6, 8.035860195498038e-8, 0.11214883806007597, 0.11214878389377915]
w_opt: [0.6353516660899714, 0.2707033037869705, 1.714036835486733e-8, 1.8035773679894567e-8, 0.2707020996019885, 0.3646483598136002, 1.3918581532327725e-8, 2.9402720659197213e-7, 2.4384173244569497e-6, 5.2604399950486697e-8, 1.3726113972378166e-8, 3.0010172268089463e-7, 4.820441123567607e-7, 0.3646482882922543, 0.36464820285065835, 0.11214902265236906, 1.2550900567259483e-7, 0.36464851836151835, 2.4443974614307136e-6, 0.523202816909318, 3.7422338720128296e-7, 6.318589895065829e-8, 0.2707022069496046, 0.3646487210389087, 8.997178401437448e-8, 7.319443377915503e-8, 0.1121488277940502, 6.229476726593181e-8, 8.174509799479417e-9, 1.5748415832038397e-7, 2.4714392434001027e-6, 2.476340037189586e-6, 2.3278739682809513e-6, 8.9919027734532e-9, 6.038653757207112e-7, 2.4587251897280134e-6, 1.5536943127096388e-8, 2.925776572209059e-8, 0.3646486102630984, 2.2599438117977288e-7, 3.6392325604030034e-8, 1.5286780260668162e-8, 5.98822630738261e-8, 2.1954094482400108e-6, 1.0291445655271142e-8, 0.15945253752483618, 0.15945253479791732, 2.8448982825102397e-8, 0.15945257568366866, 0.11214891032150262, 2.8221275465452112e-8, 0.15945258610022628, 1.4277040576148187e-8, 5.4167447220517105e-8, 0.112148826525859, 7.5359150123294e-8, 0.6353503809766439, 0.25250300824007743, 1.433406931860532e-7, 1.5914301400263073e-7, 1.7234849141320328e-7, 0.3646486098373597, 1.7255135957529604e-8, 0.36464829843895014, 2.439481104023663e-6, 0.11214881693382087, 2.2018667972350377e-8, 8.762263522891144e-9, 1.1158581669711222e-8, 0.36464839814084987, 2.6857071388991867e-8, 1.2964576427248323e-8, 1.9560487999792604e-8, 3.0719670669858874e-8, 3.439933421616933e-8, 9.165105224134328e-9, 0.3646482069968423, 2.8640380611183266e-8, 0.11214873661798386, 0.22868012312091443, 3.050787467578802e-8, 1.4107417971648897e-8, 9.59931856489438e-9, 3.385327631624698e-8, 1.3975717737753942e-8, 0.36464834196519985, 0.36464756217222655, 0.11214876364090198, 2.4317042538346155e-6, 4.549259079868181e-8, 0.36464832708499423, 2.3432738832711017e-6, 2.3265174918681968e-8, 0.1121488241961748, 0.11214876656362874, 1.5146256572704675e-8, 1.1033282241538043e-8, 2.36883564005205e-6, 6.983564574342639e-8, 0.11214871919939201]
v_opt: [0.36464860773697794, 0.6353517303137844, 0.40367170727461094, 0.1329684618982651, 0.05229462127687655]
solution time: 0.013444900512695312
McCormick lower bound: -7.903626439501544

