x_opt: [0.7908452943086033, 0.3148161862860218, 0.7908453072260548, 0.20915372516027764, 0.7908456410738315, 0.20915343780179746, 0.7908465598349383, 0.4707265541285693, 0.26667463498677946, 0.2091547069681002, 0.20915469597536693, 0.7333253583848518, 0.2091547024510355, 0.2091534331168654, 0.20915435917140468, 0.3148161891953756, 0.20915341852783326, 8.4973035373133e-9, 0.20915343255966998, 0.20915342658321276]
w_opt: [0.7908452886488575, 0.5816909362439773, 4.573718118751962e-9, 1.2819310946244186e-9, 0.5241706540506269, 0.20915469538575626, 1.506397339133931e-9, 4.563249202715779e-9, 0.20915341499150336, 5.295944825792966e-9, 1.0323381407297803e-9, 0.10566149487646978, 0.10566183628840886, 0.31481617423044517, 0.209154705796861, 0.20915343084696175, 5.501800014429161e-9, 0.3148161843428251, 0.2091537197242596, 0.5816918678794606, 0.26157186254178855, 2.838891439648483e-8, 0.5241706722950387, 0.31481617648035976, 6.0105763071701825e-9, 7.342209410273938e-9, 0.20915343140569456, 4.916753588512107e-9, 1.5626814865731264e-9, 1.2912470862174178e-8, 0.20915372319224712, 0.20915372295645782, 0.20915371716650674, 8.653095484121805e-10, 1.1603821904281124e-7, 0.20915341784035016, 1.3846276318337374e-9, 2.1095209023019293e-9, 0.26667463407290565, 3.5687373425207164e-7, 3.449925171349721e-7, 9.840583707212502e-10, 7.641760720968411e-9, 0.2091533765689755, 8.690207444395449e-10, 0.20915343436384726, 0.20915343257666202, 3.1451892562221627e-9, 0.20915343579666132, 0.20915341467645687, 1.8172569564661476e-9, 0.20915343684866095, 1.3634490212271994e-9, 5.760890082703363e-9, 0.20915343093186126, 5.235369584632565e-9, 0.7333253574433964, 2.620179511928663e-6, 2.9170895533645375e-9, 9.075836922050694e-9, 1.932821432646326e-8, 0.2666746334841947, 1.608701287255116e-9, 0.20915435537338098, 0.20915341657878309, 0.20915343028532102, 3.734198871101881e-9, 8.820814969118589e-10, 1.7153624509222598e-9, 0.20915470135822914, 1.7729167766268127e-9, 1.43488148957894e-9, 1.622161881227801e-9, 1.7287168050445817e-9, 2.021391554952208e-9, 6.973220654500005e-10, 0.20915470125286573, 5.539477100620729e-9, 0.20915342533309678, 0.20915469495621244, 2.2358427271449795e-9, 9.714327259168258e-10, 7.673537921771112e-10, 2.6085351167077343e-9, 1.3211842961296946e-9, 0.20915435807066743, 0.20915467315279818, 0.20915342420458474, 0.20915339974316022, 2.498286564760242e-9, 0.20915435711616095, 0.2091534124980462, 3.004388090522659e-9, 0.20915343084456284, 0.20915342532384912, 1.3199210449924703e-9, 1.1280160884716653e-9, 0.20915339487418633, 6.914563235498885e-9, 0.20915341750303498]
v_opt: [0.4707265524400844, 0.7908453054770306, 0.6254368885170365, 0.04374575136801083, 0.043745699675753355]
solution time: 0.015627145767211914
McCormick lower bound: -5.603301426479769

