x_opt: [0.6581231502297771, 0.1617385417245985, 0.8382624643601638, 0.16173759952808717, 0.8382623986891398, 0.16173591485918107, 0.8382624226768682, 0.9446437481934371, 0.8382623950027274, 0.16173750409869017, 0.05535624012143934, 0.8382623930297886, 0.1617374910431385, 0.16173757392902532, 0.16063379641227613, 0.1617385834717987, 0.16173758116661247, 1.0586519516017887e-8, 0.16063373348457285, 0.055356269028153306]
w_opt: [0.6581231476945516, 0.4963855504933292, 3.4244657489554365e-9, 2.3714036020734223e-9, 0.4963855455254713, 0.16173747627157478, 2.1861435843883787e-9, 6.17225147618053e-9, 0.16173757698320967, 6.1655259060062145e-9, 2.260741764757563e-9, 1.007838372786225e-6, 9.530141763510611e-7, 0.1617385319712583, 0.16173750080114058, 0.16173756904296815, 8.161359927169988e-9, 0.1617385401622531, 0.1617375929067458, 0.6765248885276799, 0.782906215012553, 1.2671291876005436e-8, 0.676524868340662, 0.16173857257355426, 5.179363411451215e-8, 8.74646112925643e-9, 0.16063373189547364, 3.912466828621388e-9, 2.917730774992451e-9, 8.436302297853439e-9, 0.16173759739958343, 0.16173759554636094, 0.16173749387299358, 1.731439490705564e-9, 4.314197018276986e-8, 0.1617375796468699, 1.7171993282488007e-9, 3.3707378509892625e-9, 0.838262393569675, 9.566065605499086e-9, 2.8372984029575512e-9, 2.465203769152117e-9, 3.8822934647217665e-9, 0.1617375410202234, 1.364837148337489e-9, 0.1617359064499411, 0.16173590720457617, 4.121710085146236e-9, 0.16173591063799408, 0.161735908560459, 3.454654343008509e-9, 0.16173591229879622, 2.646851372178825e-9, 6.173460095527224e-9, 0.16063373157324448, 4.628416100592872e-9, 0.8382623905987111, 2.531652090026206e-7, 2.6498011060263235e-9, 3.1429441840337623e-9, 6.704454848053447e-9, 0.8382623927905913, 2.6166668602970553e-9, 0.16063378649650323, 0.16173757892796473, 0.160633730927681, 2.2602200598723482e-8, 2.629808267709987e-9, 0.6765247920263776, 0.16173748690663436, 1.995140169802998e-9, 2.4882486967389434e-9, 2.271968945907803e-9, 3.246362011876796e-9, 3.3145655704260505e-9, 1.500960765072539e-9, 0.16173748739466573, 6.739254185593217e-9, 0.1606337178818477, 0.05535623787626989, 2.9627322975932126e-9, 1.348291677738057e-9, 2.1162315133477204e-9, 5.4973880637656105e-9, 2.0858384691993536e-9, 0.16063379320857912, 0.1617374622837519, 0.05535626561965218, 0.16173755913094834, 2.9781873175299726e-9, 0.16063379322667762, 0.16063378677403106, 2.9582509449189195e-9, 0.16063372400418646, 0.055356266865210856, 1.8251627102754315e-9, 2.3064075812362335e-9, 0.05535626173515359, 7.937570271353916e-9, 0.05535626720219778]
v_opt: [0.9446437465169919, 0.8382624620217405, 0.702683963256583, 0.02615979092225651, 0.0030643183720163187]
solution time: 0.014251947402954102
McCormick lower bound: -4.704081842665745

