x_opt: [0.7905998434284045, 0.209400101706628, 0.798366046440323, 4.583692418858612e-6, 0.745054003149175, 0.2549455663691654, 0.7906005955917356, 0.7483943292372388, 0.48799708184149304, 0.20163388500598028, 0.2094001143664523, 0.5120027408724297, 0.2549458702539889, 0.20939939673044214, 0.20163463900883338, 0.25494826665080395, 4.546070298473389e-6, 5.5644828865998363e-8, 0.20163403676926472, 0.2016340417130649]
w_opt: [0.7905998338701662, 0.5356538508030323, 1.58598941056731e-8, 1.682072365958857e-8, 0.302602590891535, 0.2549458215135001, 2.120447939857977e-8, 7.804266238249329e-8, 4.529232491387602e-6, 3.787151398447123e-8, 8.056710795772218e-9, 0.007766153935525145, 1.9505250000749805e-7, 0.20940001142285639, 0.20163387686690576, 0.2093993057260309, 1.4071830141215647e-7, 0.20940009237508547, 4.549694227604643e-6, 0.5889666497016913, 0.5467603906030178, 3.241151211634457e-8, 0.31036884268886933, 0.254948217330758, 5.7380761738786434e-8, 4.560410750367989e-8, 0.20163402778836875, 1.6977132024608572e-7, 6.535421565492368e-9, 1.0282331757788302e-7, 4.565124020067864e-6, 4.570698677216687e-6, 4.394586657873443e-6, 9.814044881616097e-9, 2.845519453797116e-7, 4.5307792360204215e-6, 1.0189398817313897e-8, 2.032500025952665e-8, 0.4879970770326955, 7.407774567267959e-8, 7.290484975699174e-9, 1.0474499200419459e-8, 1.3470774018516805e-8, 4.38414968799471e-6, 9.967640501178534e-9, 0.2549455386452168, 0.25494547228512743, 2.5822540529183785e-8, 0.25494555377469813, 0.2093992904959315, 1.959358078614525e-8, 0.2549455572848384, 1.3790643530932027e-8, 3.752936238278166e-8, 0.20163402496819474, 2.9341119750131378e-8, 0.5120027317791346, 0.045548473569733676, 1.7351619775154343e-8, 3.074252082276784e-8, 7.520710612047591e-8, 0.4879970710083779, 1.1993032228769389e-8, 0.20163459950100815, 4.530049802489646e-6, 0.20163402610651038, 1.3628045320799222e-8, 7.707125306404118e-9, 4.395389209556581e-8, 0.254945861422359, 2.0523013477575386e-8, 9.195705901228273e-9, 1.4870134306327913e-8, 3.543034008725928e-8, 3.988228594960423e-8, 9.260910492996029e-9, 0.20163387737779837, 2.527987774367243e-8, 0.20163331447601274, 0.20940010312719462, 1.6996393521194988e-8, 1.120535124930099e-8, 1.4322625322880415e-8, 1.695942855156192e-8, 8.961524143033072e-9, 0.20163463392669467, 0.25494501553583654, 0.20163403161182913, 4.493294617151041e-6, 1.67766947990796e-8, 0.20163462757165795, 4.436935647781227e-6, 2.0177727334521395e-8, 0.20163402633773447, 0.20163403299906224, 8.822907198198092e-9, 9.238013911832543e-9, 4.499995902071624e-6, 4.637334893358741e-8, 0.20163399122782352]
v_opt: [0.7483943213483993, 0.7983660387746704, 0.5551055144078371, 0.04065627422630909, 0.04384851014029931]
solution time: 0.014773130416870117
McCormick lower bound: -3.7662277294171576

