x_opt: [0.8025292231112635, 0.1974707765355647, 0.8025292247153722, 0.19747077567406118, 0.8025292231537242, 0.19747075560893118, 0.802529226692305, 0.8901356455054715, 0.6520252476628281, 0.1974707764098241, 0.10492954786238409, 0.7708384171495317, 0.1974707764982304, 0.19747077335038143, 0.19747077429084212, 0.19747077672479393, 0.19747077449102857, 5.830253710690065e-10, 0.10986435057738275, 0.10986435033855732]
w_opt: [0.8025292229626594, 0.6050584464397875, 2.6486714743702643e-10, 1.725816312425943e-10, 0.573367640402856, 0.19747077585939127, 1.3016865100869977e-10, 4.861457650525194e-10, 0.19747077421232453, 3.335761916254279e-10, 1.6972595484960354e-10, 1.379407738696e-9, 1.0643847913779845e-9, 0.1974707758302863, 0.19747077614942304, 0.19747077294933263, 5.34224374355044e-10, 0.19747077639047758, 0.1974707752846675, 0.6050584515262187, 0.6926648703496435, 1.499677020360872e-9, 0.5733676424514653, 0.19747077610299402, 6.267577820862393e-10, 4.900610086216714e-10, 0.10986435047723396, 3.0527793583040125e-10, 1.131569024260892e-10, 5.035911661872549e-10, 0.19747077552534034, 0.19747077543106278, 0.19747077462772317, 1.055061550704331e-10, 2.5063550809874274e-9, 0.1974707743958421, 1.1790413396865394e-10, 2.2847356939818776e-10, 0.6520252475760782, 8.411888338864676e-10, 2.1813375269883837e-10, 1.5850940979263757e-10, 2.809983038376652e-10, 0.1974707726164681, 8.965676966797463e-11, 0.19747075502293532, 0.1974707551670799, 2.344628693255862e-10, 0.19747075535714942, 0.19747075517930254, 2.4509876483297537e-10, 0.19747075547203757, 1.5226324363748746e-10, 3.317231100760983e-10, 0.10986435045299553, 3.3889290480271026e-10, 0.7708384170024147, 1.625210791983593e-8, 2.5086487060561996e-10, 2.5306296481792413e-10, 3.999518300668107e-10, 0.652025247540561, 1.5189886930611457e-10, 0.19747077386517403, 0.1974707743159109, 0.10986435039600578, 2.103906011351105e-10, 1.395475920370123e-10, 0.4228636650169857, 0.1974707763456031, 1.4902864135844935e-10, 1.4530968441777272e-10, 1.4843219125228414e-10, 2.107573306643072e-10, 2.1645102529598541e-10, 9.46582837487769e-11, 0.1974707761700704, 3.158705806317234e-10, 0.10986434968764852, 0.10492954778793957, 1.8368345208476252e-10, 9.783970376361766e-11, 1.1471801245215275e-10, 3.4497446739554135e-10, 1.352645956562939e-10, 0.19747077413153574, 0.19747077284999182, 0.10986435010075096, 0.19747077277109082, 2.3969108286972144e-10, 0.1974707740962321, 0.1974707730858618, 1.6860109744800508e-10, 0.10986435029184316, 0.10986435019808387, 1.2798574826586504e-10, 1.3228476421032987e-10, 0.10986434990293466, 4.4135694480382435e-10, 0.10986435012612579]
v_opt: [0.8901356453949263, 0.8025292245476827, 0.6440531860223513, 0.03899472399076843, 0.011010283959830636]
solution time: 0.013629913330078125
McCormick lower bound: -6.356516370805384

