x_opt: [0.7391370494548279, 0.26086282219531537, 0.7391372613465911, 0.07920416064979864, 0.7391356870629879, 0.26086366579833775, 0.7391371813387259, 0.6998423758657304, 0.44602484421526967, 0.26086275619797383, 0.18546011842179858, 0.553975125768196, 0.260864201525348, 0.26086282050527143, 0.26086399743026517, 0.2608640264352147, 0.07920415978649595, 1.85745829254784e-8, 0.07920418108025726, 0.0792041903674278]
w_opt: [0.7391370451296153, 0.4782727384482644, 6.86528767247752e-9, 5.8760143210981105e-9, 0.2931121772925171, 0.2608641850714412, 5.831632151362707e-9, 1.1622519738051023e-6, 0.07920415426825865, 1.2770358433949752e-8, 4.87730118228528e-9, 8.533744486265365e-8, 1.3919672641421188e-8, 0.2608627865784994, 0.2608627529222462, 0.2608627975607839, 8.394699433684145e-8, 0.2608628199125874, 0.07920414916047898, 0.47827444568558103, 0.43897964064106315, 2.8375034594923204e-8, 0.29311240993658455, 0.26086401382962016, 1.5517777488890588e-8, 1.6352837708127887e-8, 0.07920417858233986, 9.13537150945742e-9, 1.7835698735207887e-9, 3.2256397210065235e-8, 0.07920415574040836, 0.07920415428017691, 0.0792041176330389, 3.339665639112224e-9, 1.6377894096688162e-7, 0.0792041549033597, 3.499620551355129e-9, 1.0374797876672844e-8, 0.4460248426948713, 1.4517422959675325e-8, 2.467854994120211e-9, 5.251677555195917e-9, 5.759158247456635e-9, 0.07920408106198325, 3.313366736598038e-9, 0.26086364749794166, 0.26086364426836206, 6.8022745825554575e-9, 0.26086366156577023, 0.26086280101782894, 1.1167556713624241e-8, 0.260863662597501, 5.494278377424844e-9, 1.206201069844516e-8, 0.07920417673555234, 1.2172686417814233e-8, 0.5539751209058651, 1.6479319438165443e-6, 7.170462259985764e-9, 1.2029464084636164e-8, 1.7987094766931223e-8, 0.44602484150854743, 3.973683747303203e-9, 0.260863986585636, 0.07920415430748338, 0.07920417746987926, 3.707814979933882e-9, 3.802760772490634e-9, 2.8133813862568738e-8, 0.26086419807990935, 6.493613908437414e-9, 3.1603507219826763e-9, 5.112511171353363e-9, 1.9895131760682206e-8, 1.8166663619438134e-8, 3.42347092191749e-9, 0.26086275354750116, 7.77903334292385e-9, 0.07920415065230928, 0.18546011610886978, 6.948591875127088e-9, 3.852089638019023e-9, 4.86554308502998e-9, 6.992524689951305e-9, 3.3180652909701387e-9, 0.2608639956778744, 0.26086376700183045, 0.07920418623886734, 0.07920414445589485, 6.948506400992147e-9, 0.26086399198454885, 0.07920412368765627, 5.096907981799611e-9, 0.07920417776736341, 0.07920418624970704, 3.267933005681389e-9, 3.8423153368808255e-9, 0.07920410523496545, 1.6163236007051754e-8, 0.07920416848962036]
v_opt: [0.6998423740759991, 0.739137257982547, 0.5463216144115653, 0.0680494265185852, 0.03439555104568828]
solution time: 0.012146949768066406
McCormick lower bound: -4.966578063710878

