x_opt: [0.6331070526923153, 0.3668929058255307, 0.6331071191567058, 6.775379536029221e-7, 0.6331069374594827, 0.13903385548812255, 0.8609669477676601, 0.37280781010554187, 0.36689324867147444, 0.36689286535565857, 0.220856137211893, 0.6331067434674309, 0.3668930522321115, 0.1390330564516722, 0.36689301970135274, 0.36689324408617724, 6.623375442823926e-7, 1.0903166473533155e-8, 0.1071471368891793, 0.10714710023590349]
w_opt: [0.6331070513154891, 0.26621399206058344, 2.335166544656817e-9, 3.4437401826099115e-9, 0.26621379813965074, 0.3668930434039077, 2.7311506810991147e-9, 7.740356083265932e-8, 6.57645258002253e-7, 6.5161028714017705e-9, 2.553705897225618e-9, 2.661594966085895e-8, 2.6935014780291906e-8, 0.366892889675221, 0.36689286262944043, 0.1390330502486546, 1.431322280667883e-8, 0.3668929033917432, 6.703855296987809e-7, 0.49407406907762635, 0.005914931253647277, 3.90545102249283e-9, 0.2662138713572159, 0.3668932353803694, 1.0749528294967467e-8, 9.137059099135585e-9, 0.10714713470265766, 8.411269916333058e-9, 1.5761311861422523e-9, 1.2734524895122272e-8, 6.734895528234454e-7, 6.739066807431377e-7, 6.4866370735995e-7, 2.105394754899934e-9, 1.0015475000637634e-7, 6.587639839033681e-7, 2.7040091917315607e-9, 5.480651694383686e-9, 0.3668932466213164, 8.567361404616296e-9, 2.2998107615692946e-9, 3.110160773853262e-9, 3.921103510673863e-9, 6.300557342910963e-7, 2.140768839332013e-9, 0.13903384720562628, 0.1390338459196175, 4.293951705483716e-9, 0.1390338523934338, 0.13903303471199946, 4.502301324210678e-9, 0.13903385332189042, 2.7209296230863254e-9, 6.266791052491633e-9, 0.1071471336851809, 5.612522901667762e-9, 0.6331067401312777, 0.2278601006584034, 7.109347356515455e-9, 7.840817099455798e-9, 1.2279253963309175e-8, 0.3668932463711336, 2.9322945517986974e-9, 0.3668930133097748, 6.575725694367524e-7, 0.1071471337934194, 2.9055042909075104e-9, 1.910156347559461e-9, 3.0933810505651065e-9, 0.3668930503831047, 4.527925601440739e-9, 2.308667430992923e-9, 3.460585250703631e-9, 6.141861283710299e-9, 5.678310172646351e-9, 2.179171014913531e-9, 0.3668928628476913, 3.790150159074744e-9, 0.10714711183061042, 0.2208561352558045, 3.428295580375376e-9, 2.596899872533401e-9, 2.8238876723987216e-9, 4.952799564972157e-9, 2.247054555392824e-9, 0.36689301763961907, 0.36689299570578376, 0.1071470968378946, 6.538786494541508e-7, 4.794355623978997e-9, 0.3668930152217046, 6.412269525369903e-7, 3.2486973535973623e-9, 0.10714713366082476, 0.10714709711196604, 2.282606772801992e-9, 2.2191913742844897e-9, 6.376107171450589e-7, 8.517371586947952e-9, 0.1071470934555505]
v_opt: [0.3728078080367925, 0.6331071162479105, 0.4008244146320197, 0.13461037803019885, 0.04877760995104357]
solution time: 0.013444185256958008
McCormick lower bound: -6.079954043400405

