x_opt: [0.7908455541685774, 0.31481614650712686, 0.7908455566690129, 0.20915355401537541, 0.7908455588057033, 0.2091535347660913, 0.7908464533621892, 0.47072686742308023, 0.2666750491039887, 0.2091544450827116, 0.20915412977083947, 0.7333249483032352, 0.20915444349870588, 0.20915354646636333, 0.20915441421271225, 0.31481615293074694, 0.2091535460570869, 3.921525418729068e-9, 0.20915351554700276, 0.20915350567952307]
w_opt: [0.7908455518747399, 0.5816911137276293, 2.2389221001283927e-9, 8.681529841297168e-10, 0.5241705034272435, 0.20915443937481207, 8.959706964789361e-10, 3.688480595289323e-9, 0.2091535443024662, 2.354194408264942e-9, 8.93373998612236e-10, 0.10566170383171446, 0.10566171098443596, 0.3148161407622891, 0.20915444436114441, 0.20915354458910032, 3.6485815429071412e-9, 0.3148161458471027, 0.20915355143086833, 0.5816920105216039, 0.26157242470473124, 5.402896463652076e-9, 0.5241705086304537, 0.31481614711653727, 3.4058040502850386e-9, 3.4071077595146607e-9, 0.2091535149759184, 3.253363487631947e-9, 6.160843625028184e-10, 4.8180431789026305e-9, 0.20915355314197903, 0.20915355290349333, 0.20915354880622788, 5.321854839601794e-10, 2.1371732919470644e-8, 0.20915354559423707, 7.197201929061579e-10, 1.3438921723292773e-9, 0.2666750486864734, 1.2344612673199252e-8, 3.984590871944068e-9, 7.339809107126315e-10, 1.7840113694028455e-9, 0.20915353557688598, 5.274192559665505e-10, 0.2091535320961005, 0.20915353146941063, 1.8564764464728596e-9, 0.20915353366592193, 0.20915352950135754, 1.4151087390470109e-9, 0.209153534192611, 8.628686005472233e-10, 2.4199050041092917e-9, 0.20915351493367254, 2.9508567587173927e-9, 0.7333249475959802, 9.451357427501552e-7, 1.8074099923436188e-9, 2.6171466974291177e-9, 5.156766731592702e-9, 0.26667504836642786, 9.003384215250231e-10, 0.209154411819289, 0.20915354502958028, 0.20915351440143884, 1.642351067827419e-9, 6.72335639329555e-10, 2.5055399094619536e-9, 0.20915444280723564, 9.557137199778231e-10, 8.407126444185584e-10, 9.004973333059272e-10, 1.1907510553580473e-9, 1.3447127903242079e-9, 4.6507286295550666e-10, 0.20915444260781338, 2.592985890699799e-9, 0.20915351084626113, 0.20915412930292385, 1.2484318286009486e-9, 5.449239910846092e-10, 5.477901968603784e-10, 2.1775627572982047e-9, 8.20412170621515e-10, 0.20915441359200726, 0.20915443100756725, 0.20915350447664788, 0.20915353844495835, 1.6005311181392668e-9, 0.20915441317949104, 0.2091535414111295, 1.226882722406148e-9, 0.20915351411923644, 0.20915350459828347, 7.769191255431255e-10, 7.05438192011678e-10, 0.20915350072038974, 3.182895532290988e-9, 0.20915350198720825]
v_opt: [0.47072686677546227, 0.790845555828545, 0.6254367575395454, 0.04374558336340319, 0.04374547026838762]
solution time: 0.014374971389770508
McCormick lower bound: -6.317635539198394

