x_opt: [0.7900400340258402, 0.3185601042547246, 0.7900400348940091, 0.2099599610740975, 0.7900400349297809, 0.2099599604152181, 0.7900400382856527, 0.46621757097581656, 0.2690105423315767, 0.20995996595678235, 0.19936156837058258, 0.7309894571829264, 0.20995996569726486, 0.20995996127205555, 0.20995995812730928, 0.3185601067193913, 0.2099599572046303, 7.340770551127809e-10, 0.20995995269670828, 0.2099599513598402]
w_opt: [0.7900400337748663, 0.5800800690763857, 4.1075680150784246e-10, 1.2220593378448034e-10, 0.5210294913564086, 0.2099599649820912, 1.7064361323694705e-10, 5.217007020791236e-10, 0.20995995687696103, 4.303487974587654e-10, 1.3864003276612938e-10, 0.10860013928990923, 0.10860014144457412, 0.31856010341027335, 0.20995996578051426, 0.2099599610098605, 5.352031418556183e-10, 0.31856010410020397, 0.20995996060858446, 0.5800800732797327, 0.2562576060137621, 2.5155693828417057e-9, 0.5210294926745488, 0.31856010585225547, 9.281774639341862e-10, 6.098785322198953e-10, 0.2099599525720024, 4.6338493207872674e-10, 1.5608448007087516e-10, 7.347544635823701e-10, 0.2099599608839418, 0.20995996085681823, 0.2099599600326928, 1.07236448973204e-10, 4.650342630909634e-9, 0.20995995709763823, 1.3747578047190948e-10, 2.2165518181127064e-10, 0.2690105422320473, 2.0182170205288013e-9, 8.939928938852169e-10, 1.4658951165018572e-10, 2.950081202077093e-10, 0.20995995479822152, 1.0226087926821214e-10, 0.2099599600124473, 0.20995995994314084, 2.71632698249629e-10, 0.20995996012986937, 0.20995995982563714, 2.0567510753354344e-10, 0.2099599602850235, 1.5493062222527412e-10, 4.464422404258665e-10, 0.20995995256095354, 3.7276677197512866e-10, 0.7309894570523336, 6.387876801018217e-8, 1.9993244216897124e-10, 3.103305767322898e-10, 8.81648112248139e-10, 0.2690105421697071, 1.6563142020716004e-10, 0.2099599576665402, 0.20995995700428208, 0.20995995248753663, 2.725779127298444e-10, 1.1364524456775897e-10, 4.1676518318977515e-10, 0.20995996554937718, 1.7502724941444496e-10, 1.5423368622993275e-10, 1.68410730136187e-10, 2.037979538729099e-10, 2.2193357408345925e-10, 9.841152576004203e-11, 0.20995996550718177, 4.266190241306241e-10, 0.209959951453736, 0.19936156822769988, 2.0366735437521672e-10, 1.097290316049709e-10, 1.1761899844572013e-10, 3.0384863899338373e-10, 1.4000200450113365e-10, 0.2099599579720669, 0.20995996234944525, 0.20995995109907636, 0.20995995611124296, 2.3368670597393977e-10, 0.20995995789888605, 0.20995995609028412, 2.3528874244121233e-10, 0.20995995243280535, 0.20995995123721586, 1.3646040724466193e-10, 1.3277716167636195e-10, 0.2099599507614786, 5.588929425455642e-10, 0.20995995085001157]
v_opt: [0.4662175708234249, 0.7900400347057076, 0.6241632580639268, 0.04408318787419115, 0.03974504246666485]
solution time: 0.01392507553100586
McCormick lower bound: -5.243525448259982

