x_opt: [0.29189995425111037, 0.11796896551157725, 0.9023369053951465, 0.11796892839516471, 0.8820310782562807, 0.09766375052665636, 0.7330975609873656, 0.882032123518654, 0.8820310749992141, 0.09766298229265467, 0.11796783429477946, 0.7330975509550196, 0.09766373554592546, 0.11796892172413093, 0.09766008024196704, 0.34879987856735695, 0.11796888925549397, 2.754434350817993e-8, 0.09766016018343637, 0.09766008279345009]
w_opt: [0.29189994658623614, 0.17393103343183974, 1.1279638263260953e-8, 2.841646918318505e-9, 0.02499750780291085, 0.09766367892298894, 4.591297992860955e-9, 1.292589299349905e-8, 0.1179688849735672, 2.139854342828212e-8, 2.3675154209921824e-9, 0.020305872495730966, 1.89842182439839e-7, 0.1179689506166883, 0.09766297766467881, 0.11796891104214566, 2.6183832657352483e-8, 0.11796896366485272, 0.11796891726234965, 0.6354344674891147, 0.7843690341948147, 7.426047748782953e-8, 0.6354344847274744, 0.34879985312113526, 0.020305803775641257, 2.447498897453729e-8, 0.09766015892360286, 6.544720580020078e-9, 1.3510290153639931e-8, 3.122420834455665e-8, 0.11796892674483443, 0.11796892033426476, 0.09766296689377559, 2.3468840339213705e-9, 2.5773291644665705e-7, 0.117968888051309, 1.6133612741242158e-9, 4.546322357974014e-9, 0.8820310737973394, 2.1167969214576807e-8, 4.4590408664653785e-9, 1.0223859261669618e-8, 6.142548591373581e-9, 0.11796877138081815, 1.8685418920986116e-9, 0.09766373787808394, 0.09766372881934664, 6.276399047005816e-9, 0.0976637290747376, 0.0976637394702915, 7.246860400025663e-9, 0.09766374761223692, 4.4131441845022725e-9, 2.1073446078369734e-8, 0.09766015866322426, 9.811646279763331e-9, 0.7330975482303597, 1.2749211078507072e-6, 2.5490287395090505e-9, 4.872117875417253e-9, 1.851273324604437e-8, 0.8820310694359651, 4.339043973125786e-9, 0.09766003591601256, 0.11796888775821088, 0.09766015739850774, 6.075190144811275e-9, 4.771051351826791e-9, 0.6151286305417377, 0.09766372006778883, 2.2412057515852274e-9, 1.0154692424299339e-8, 3.2269797020169193e-9, 5.3775525040812445e-9, 6.6086930096665e-9, 1.6113788012720933e-9, 0.097662979584462, 2.21521342271721e-8, 0.09766013876300075, 0.11796783018507782, 5.27828935938289e-9, 1.209424301961605e-9, 2.7507132602916237e-9, 9.19679362474886e-9, 2.9191557266545117e-9, 0.09766007598499062, 0.09766366560046133, 0.09766007915307717, 0.11796884555955305, 3.818708816243315e-9, 0.09766007580238939, 0.09766006274777378, 6.367805116504513e-9, 0.09766006342540842, 0.09766007522672027, 2.120342227406527e-9, 3.6845987755950294e-9, 0.09766007165699207, 2.4476160448233595e-8, 0.09766007671022492]
v_opt: [0.882032122009157, 0.9023369033086679, 0.7779789924246349, 0.00953815869151427, 0.013916443704631873]
solution time: 0.014050006866455078
McCormick lower bound: -3.7791547923287485

