x_opt: [0.635351506902453, 0.3646484961190653, 0.6353515182631752, 3.7838852913689476e-7, 0.6353515148490593, 0.15944966858952747, 0.8878497325322936, 0.36464850042201147, 0.3646484904438994, 0.3646484814641751, 0.22868290049769577, 0.6353514963853288, 0.36464848630398317, 0.11215028230588518, 0.3646484696228725, 0.3646484994620223, 3.765967651837485e-7, 7.392456944236414e-9, 0.11215020554524655, 0.1121502008463315]
w_opt: [0.6353515040831882, 0.2707030228584214, 2.627258773605008e-9, 1.9496664690226904e-9, 0.27070300445799994, 0.3646484814494508, 1.719235534076742e-9, 1.0901244107253255e-8, 3.735376496829004e-7, 4.612467725582017e-9, 1.7445088646274846e-9, 1.5515419059996113e-8, 2.3005031122558223e-8, 0.36464848179321296, 0.3646484794814624, 0.11215027906496013, 6.160807760951807e-9, 0.36464849284663536, 3.7426084915011766e-7, 0.5232012517494851, 1.974609398214626e-8, 6.7098657510657804e-9, 0.27070301947377906, 0.3646484930342279, 7.801515782985021e-9, 6.5821641230015304e-9, 0.112150204515768, 9.0121701442363e-9, 1.0503994741108742e-9, 8.332573182781384e-9, 3.761201669985826e-7, 3.7583332478982777e-7, 3.6459167732900036e-7, 9.523651019416077e-10, 5.551096994047002e-8, 3.746595358405873e-7, 1.5844570413275047e-9, 2.2638596424987014e-9, 0.3646484892433534, 1.1652773429539542e-8, 4.636353517597508e-9, 1.6786897668183529e-9, 4.361305204294649e-9, 3.568895754159998e-7, 9.863535907351205e-10, 0.15944966469289062, 0.15944966246815018, 2.810639311569554e-9, 0.1594496666415598, 0.11215027334802304, 2.132829903618651e-9, 0.15944966772170568, 1.373292547255714e-9, 4.642050420372227e-9, 0.11215020442913881, 5.278785982562975e-9, 0.6353514949469613, 0.25249844830397805, 1.632945357639752e-8, 5.425740133494373e-9, 1.0222006285104003e-8, 0.36464848866097527, 1.7144645598532163e-9, 0.3646484644379527, 3.737443308114957e-7, 0.11215020362297293, 2.4215264779909835e-9, 9.296624623982841e-10, 1.2576987987060384e-9, 0.3646484856613088, 2.3238920559951844e-9, 1.345200811657861e-9, 1.890637077557295e-9, 2.4956680633501083e-9, 2.4992663840252435e-9, 1.077699845599587e-9, 0.3646484794803211, 2.780164568819644e-9, 0.11215019784546776, 0.22868289971184208, 2.3517230931910094e-9, 1.4076252206594526e-9, 9.290172752605583e-10, 2.9648870901890647e-9, 1.39778833051515e-9, 0.36464846871222306, 0.364648442951667, 0.11215019834078004, 3.7267630539234033e-7, 3.6543762432193714e-9, 0.3646484675969274, 3.6718561067742366e-7, 2.150889848454452e-9, 0.11215020413694422, 0.1121501980456074, 1.4628842198549394e-9, 1.1451031838517018e-9, 3.720228361684243e-7, 6.209595453401504e-9, 0.11215019254186893]
v_opt: [0.3646484990811491, 0.6353515164647372, 0.40367154782697784, 0.13296851516944738, 0.05229602697283379]
solution time: 0.012507915496826172
McCormick lower bound: -8.168273971157603

