x_opt: [0.6441775353282913, 0.35582244727972884, 0.6441775884109205, 0.06705297825743968, 0.6441775767081247, 0.15636319014987674, 0.8436384778784412, 0.41215057021983365, 0.35582242549494114, 0.35582241818265153, 0.1979357061460114, 0.644177546612947, 0.35582241571851364, 0.15636153551217508, 0.3558224046718222, 0.3558224915412947, 0.06705296037751794, 2.3879624018142267e-8, 0.06705403395730333, 0.06705394891630004]
w_opt: [0.6441775301434125, 0.2883551166979055, 6.126012907847321e-9, 7.205036672635179e-9, 0.28835508710857405, 0.3558223958488898, 5.327885096635143e-9, 1.6044763057656047e-8, 0.06705294899371816, 1.3957830427269164e-8, 6.14732591005291e-9, 4.0528006077932986e-8, 8.988997148152544e-8, 0.355822412415343, 0.35582241141539495, 0.15636152247036864, 2.231631710940742e-8, 0.3558224406630987, 0.06705296227151582, 0.48781607039293995, 0.056328162570524934, 1.948955814515901e-8, 0.2883551546958824, 0.35582246856252747, 2.0298883843056036e-8, 2.0262943829025006e-8, 0.06705402962407721, 1.8210320833038532e-8, 4.078698625863654e-9, 2.3687377517400477e-8, 0.06705297073436806, 0.06705296951331029, 0.06705293971683818, 4.11156066613974e-9, 2.7677168322155706e-7, 0.06705295359741467, 5.467763455836015e-9, 9.296889264435747e-9, 0.3558224212490343, 3.1058665921781794e-8, 7.448213648164653e-9, 5.8672891374938274e-9, 1.1697120527126775e-8, 0.06705288601054075, 3.878747601239722e-9, 0.15636317152895188, 0.15636317179332318, 9.654005793099401e-9, 0.15636318182961836, 0.15636151561246953, 9.033055738695514e-9, 0.15636318557571605, 5.559964710376496e-9, 1.3901133715753606e-8, 0.06705402876803411, 1.5112632142601543e-8, 0.6441775405880297, 0.19946119389575964, 1.9648441716270175e-8, 1.2397101183660934e-8, 2.493784343129787e-8, 0.35582242074975584, 6.345670206929001e-9, 0.35582239243417685, 0.06705295126421405, 0.06705402642574346, 7.942065106689706e-9, 4.183034346312778e-9, 7.0457751243565335e-9, 0.35582241054430086, 7.608744874826107e-9, 5.432185691940422e-9, 6.596354741646354e-9, 9.19143138772022e-9, 9.348487170119664e-9, 4.62697226869191e-9, 0.3558224133462117, 1.0246993546655185e-8, 0.0670539975745442, 0.19793570215844503, 7.587293701203207e-9, 4.7337812701399505e-9, 5.233212926380723e-9, 1.5880815525904227e-8, 5.269116900979486e-9, 0.35582239785235026, 0.3558222341382092, 0.06705393974421192, 0.06705294495496437, 1.1166591800402125e-8, 0.35582239479210054, 0.06705292654955704, 7.1942725139983186e-9, 0.06705402575609794, 0.06705394295103771, 5.280415390358815e-9, 4.77854432521918e-9, 0.06705293608433444, 1.86605484122852e-8, 0.06705393422437375]
v_opt: [0.4121505653450207, 0.6441775809864991, 0.414965270738358, 0.1266104101849073, 0.03917977551033499]
solution time: 0.012253046035766602
McCormick lower bound: -7.1146636776752015

