x_opt: [0.7898386483325702, 0.31949543253694185, 0.789838665252257, 0.21016133251537633, 0.7898386478696667, 0.21016130244413803, 0.7898386953174056, 0.4650909429903704, 0.26959394673277387, 0.21016135168292654, 0.19691541251694145, 0.7304060531052258, 0.2101613514174818, 0.21016130344443704, 0.21016131072773747, 0.31949543332783664, 0.21016129505330008, 1.3279888083138601e-9, 0.21016129679308482, 0.21016129614760398]
w_opt: [0.7898386480040447, 0.5796772963094193, 3.5356315475818105e-10, 1.766603255108752e-10, 0.5202447015992306, 0.2101613500518537, 2.1431247648487132e-10, 1.1017725599396123e-9, 0.2101612945025694, 8.403280429567845e-10, 1.685603193082254e-10, 0.1093340980105817, 0.10933408505832236, 0.3194954301392775, 0.2101613515070715, 0.21016130306203756, 1.3443427456430292e-9, 0.3194954321364968, 0.21016133151169597, 0.5796773606784233, 0.2549296084219862, 1.773125502778325e-8, 0.5202447198188942, 0.3194954303839518, 1.0508338878477364e-9, 1.1691114758329816e-9, 0.21016129663958766, 9.63630298090901e-10, 2.7765353043951164e-10, 2.638202011753037e-9, 0.21016133225387743, 0.21016133225575506, 0.2101613297477926, 1.3299537209431554e-10, 1.1386135279485516e-8, 0.21016129494483912, 1.956008903675586e-10, 4.0180571212577807e-10, 0.26959394663904984, 6.118157713357532e-9, 4.415818911463871e-10, 1.402257323395557e-10, 4.2183289359443914e-10, 0.21016128936606307, 1.3675700505789938e-10, 0.21016130184566756, 0.21016130145564835, 5.459567425190404e-10, 0.2101613020751539, 0.21016130036430983, 3.606020146090531e-10, 0.21016130231589508, 2.604912402360103e-10, 8.904461456038386e-10, 0.2101612966377753, 1.156635676071213e-9, 0.7304060529807892, 1.2264272357146896e-7, 5.673713605780017e-10, 1.1406372217485638e-9, 4.214994781520739e-9, 0.26959394651518515, 2.5278733222159393e-10, 0.2101613097896902, 0.2101612947999097, 0.21016129645099535, 7.269384834455408e-10, 1.6924414093724854e-10, 6.002592902779878e-10, 0.2101613511856583, 2.566329760209794e-10, 2.313824878568712e-10, 2.441905564828584e-10, 3.152635547232628e-10, 4.091496352696333e-10, 1.011168172745268e-10, 0.21016135080088896, 1.3110424623037049e-9, 0.21016129482617668, 0.19691541237751958, 3.7881132696218767e-10, 1.215406022311263e-10, 1.27893145704314e-10, 4.457218019157802e-10, 2.2267523713835191e-10, 0.2101613105725016, 0.21016134511974563, 0.21016129574111678, 0.21016129261295458, 4.276115111010012e-10, 0.21016131038657523, 0.21016129344980158, 4.673494551185273e-10, 0.21016129643383333, 0.2101612960071075, 2.1364036844808788e-10, 1.917561685937465e-10, 0.21016129208721215, 1.1248689692260553e-9, 0.21016129500637587]
v_opt: [0.46509094278809276, 0.789838665073099, 0.6238452414254396, 0.04416779499295721, 0.03877571130555173]
solution time: 0.012797832489013672
McCormick lower bound: -5.02572933258619

