x_opt: [0.28265980888575476, 0.0957414067602461, 0.9042609445393737, 0.11201931501298923, 0.8879807773192906, 0.09573915871663069, 0.7173401908961689, 0.9042606122904869, 0.8879807732906885, 9.689472032251232e-8, 0.09573924664256613, 0.7173401871818939, 0.09573916119982649, 0.0957413566647221, 0.09573907382446428, 0.2890967989644319, 0.11201915544944642, 1.367579124438161e-8, 0.09573910905147413, 0.09573907104464248]
w_opt: [0.2826598067746693, 0.1706405867643866, 2.7914326164738683e-9, 1.487716736578235e-9, 2.099967766243694e-9, 0.09573910260615603, 3.5086579233423854e-9, 8.574819808987166e-9, 0.11201915320943229, 1.0123939741396698e-8, 9.342645010562172e-10, 2.3523687875645636e-6, 5.017899526113454e-8, 0.09574139922016436, 9.448517665196985e-8, 0.09574134923623734, 1.5854896809214328e-8, 0.09574140548592999, 0.11201930821940748, 0.6216011364353609, 0.8085216136102029, 3.0766932788409167e-9, 0.6216011478118892, 0.28909678709682674, 0.016280104853687583, 8.748029798060446e-9, 0.09573910752162268, 2.1770050649958065e-8, 9.34931583547736e-8, 2.3269098019360453e-8, 0.11201931325349279, 0.11201931335324561, 8.930734910194234e-8, 1.65636153489915e-9, 1.1059530399604114e-7, 0.11201915430119058, 1.15829803114877e-9, 2.5754542123627907e-9, 0.8879807722742935, 1.545334135266306e-8, 1.7125594728041316e-9, 1.521710956775405e-9, 2.3540474486198973e-9, 0.11201907486707632, 1.3654243276766665e-9, 0.09573915489969617, 0.09573913320463122, 4.611854157164662e-9, 0.09573915318711018, 0.0957391511230284, 2.602964253339053e-9, 0.09573915636586917, 2.729186786526317e-9, 1.0356231937031053e-8, 0.0957391050297791, 3.117319920631428e-9, 0.7173401848587796, 9.423413546683684e-7, 1.4529654767162393e-9, 2.180682259596814e-9, 1.1435958446587855e-8, 0.8879807706169183, 2.9285869522635624e-9, 0.09573903137063686, 0.11201915414196449, 0.09573910771046794, 9.038330408712413e-9, 1.603273035065727e-9, 0.6053209635703205, 0.09573915617729589, 1.5952061557235877e-9, 2.5136921534588976e-9, 1.995120825834956e-9, 3.959467150116747e-9, 3.898608501785754e-9, 1.1757143212568692e-9, 9.15451748550523e-8, 5.911994395942095e-9, 7.646625815220931e-8, 0.0957392116285817, 2.3012065276773507e-9, 1.0163554811248731e-9, 4.399061762749339e-9, 3.3693344542882765e-9, 1.2270983321137337e-9, 0.09573907001024196, 0.09573910596495935, 0.09573906877363567, 0.09573869016152142, 1.5454861257947235e-9, 0.09573907072655011, 0.09573906468895432, 4.4421662897319285e-9, 0.09573906961885115, 0.09573906827774754, 1.0649941372006644e-9, 1.8322432577361091e-9, 0.09573906593574584, 1.0793759202840393e-8, 0.09573906969371565]
v_opt: [0.9042606111191472, 0.9042609435996087, 0.7885100483478562, 1.5152536090939827e-8, 0.009166004297554148]
solution time: 0.01366114616394043
McCormick lower bound: -2.767126650364979

