x_opt: [0.2875746086848224, 0.11369844644649435, 0.9043763641359844, 0.1136984409811844, 0.8863015600800634, 0.09562365407173475, 0.7124253956938689, 0.9043759533144495, 0.88630156005547, 2.2000236896959125e-8, 0.09562404505175241, 0.7124253923145811, 0.09562365360020923, 0.11369835010298993, 0.09562363862746763, 0.2850380094590132, 0.11369834864599368, 2.5585539491707043e-9, 0.09562364217154491, 0.09562363851675673]
w_opt: [0.2875746081802446, 0.17387616979899048, 7.216847202721539e-10, 4.276918170924366e-10, 1.888903571208199e-9, 0.09562364738628994, 8.73714542684897e-10, 1.8272521613243546e-9, 0.11369834783017833, 1.5667763585295497e-9, 2.944313430415799e-10, 0.018074810963387977, 2.1864968371514296e-8, 0.11369844443428569, 2.1216409410483625e-8, 0.113698349173485, 2.424019171380082e-9, 0.11369844609439844, 0.11369843925282233, 0.616801760158752, 0.8087523205351652, 1.472478732220955e-9, 0.616801759107486, 0.28503800687760295, 0.01807471389674285, 1.4952163381515904e-9, 0.09562364168817475, 4.804279828408388e-9, 3.98837170538481e-9, 2.8724592888682368e-9, 0.11369844039330249, 0.11369844033816986, 1.9825322932437755e-8, 4.446120606169372e-10, 9.985034060987203e-9, 0.11369834824450037, 3.7460515574777607e-10, 7.23480821613429e-10, 0.8863015597016459, 3.334609473192581e-9, 5.023606166483591e-10, 4.3210153561416806e-10, 6.687400270891004e-10, 0.11369833790094748, 3.6971959593772027e-10, 0.09562365305264091, 0.09562365101076895, 1.1539494197331863e-9, 0.0956236524605693, 0.0956236530475351, 5.775146796840135e-10, 0.09562365341977783, 6.783208509097449e-10, 1.5633147649625085e-9, 0.09562364139745294, 7.473395708875329e-10, 0.712425391771961, 4.0783028860470646e-8, 4.418346415290809e-10, 5.912948081541577e-10, 2.5917301530949858e-9, 0.8863015591973813, 7.563248341613661e-10, 0.09562363379710616, 0.11369834819253606, 0.09562364172464434, 1.5237622648881712e-9, 4.6142840544111387e-10, 0.5987269532666538, 0.09562365239854936, 4.848483407534487e-10, 5.036424201293336e-10, 5.544436850181018e-10, 9.343819402535778e-10, 8.899297296790741e-10, 3.452284028799393e-10, 2.0895889378181363e-8, 1.5467110286587553e-9, 1.591045770412044e-8, 0.09562404235955842, 5.977401626024826e-10, 3.146958782897007e-10, 8.647395469616369e-10, 9.069134751011985e-10, 3.608637021677396e-10, 0.09562363778293255, 0.09562364765478222, 0.09562363787807077, 0.1136983199906533, 4.676812568074117e-10, 0.09562363772059725, 0.09562363613117665, 9.094696426767451e-10, 0.09562363743315584, 0.09562363749217277, 3.3486623455469226e-10, 4.832553022924322e-10, 0.09562363716095926, 1.7360251845243552e-9, 0.09562363806103802]
v_opt: [0.9043759529156461, 0.9043763637859391, 0.7855304632255745, 6.218264375638613e-10, 0.009143958346860584]
solution time: 0.016785144805908203
McCormick lower bound: -2.8501918566635385

