x_opt: [0.7770153824236506, 0.22298460600456638, 0.8475551165190309, 0.15244469274538172, 0.7770152817360978, 0.2229846154539172, 0.7770154072704204, 0.8475333771549661, 0.5581813499558754, 0.15244490983095288, 0.15246430580140244, 0.6161910379798179, 0.22298471428608266, 0.22298458366128412, 0.15244465055782236, 0.22298547110602038, 0.15244468382512, 1.612823209314172e-8, 0.15244463253237583, 0.1524446261901112]
w_opt: [0.7770153794142209, 0.5540306662044154, 5.278880502319091e-9, 3.562613928714931e-9, 0.393206423207796, 0.22298469576896762, 6.6910533560376176e-9, 1.2956263947867324e-8, 0.15244467762172922, 9.81522092460215e-9, 2.6375408928886764e-9, 0.07053972478343493, 3.783319973716041e-8, 0.22298458587870273, 0.15244490616565656, 0.22298456710237713, 2.079003065680927e-8, 0.2229846031622058, 0.15244468175148645, 0.6245705262720118, 0.6950884980257023, 3.421909520182397e-8, 0.46374617066988877, 0.22298545395324676, 1.8830089209125892e-8, 1.2778963930474146e-8, 0.15244462952018545, 1.117219210545155e-8, 2.511597933752733e-9, 1.856183813728453e-8, 0.1524446881593072, 0.15244468804517972, 0.152444671628638, 2.810170801146305e-9, 8.537215168811215e-8, 0.15244468043564816, 3.0438096294685702e-9, 5.893855707022097e-9, 0.5581813479546552, 1.651790087453065e-8, 3.573207697086091e-9, 3.7204302595838157e-9, 5.026914065356548e-9, 0.15244461247600982, 2.5962422724365636e-9, 0.22298460639363962, 0.22298459933501727, 6.8960607340167725e-9, 0.22298460856257238, 0.22298453338953206, 5.052310470927737e-9, 0.22298461185183482, 4.0518663076711845e-9, 9.65800898614982e-9, 0.15244462892532504, 7.1034001446805886e-9, 0.6161910345700765, 6.567818794925592e-7, 3.8234746206922635e-9, 5.892016932609125e-9, 1.2882631834473098e-8, 0.5581813460966393, 3.816140012034847e-9, 0.15244463577086406, 0.15244467943416545, 0.15244462873255143, 5.759487528052792e-9, 2.8847858790683454e-9, 0.1743724036394065, 0.22298471024604014, 4.3467068537495725e-9, 3.1273432658633388e-9, 4.105072954104641e-9, 6.840917378662497e-9, 7.2652402746666356e-9, 2.537328808340102e-9, 0.15244490548861173, 8.443457860463536e-9, 0.15244459936307111, 0.1524643017909598, 4.566931562162061e-9, 2.6096843217793464e-9, 3.946096437980572e-9, 6.664559834085098e-9, 2.823949560599187e-9, 0.15244464758953494, 0.2229846887809894, 0.1524446219765305, 0.15244466752463526, 4.591699386416999e-9, 0.15244464591563714, 0.15244460694308914, 5.142753845754231e-9, 0.15244462518462973, 0.15244462247454968, 2.735976447441698e-9, 3.140108318828014e-9, 0.15244460874754132, 1.219184703898785e-8, 0.15244462239135845]
v_opt: [0.8475333743071312, 0.8475551133437182, 0.6037565683514899, 0.023239926996201855, 0.023245390375606235]
solution time: 0.016249895095825195
McCormick lower bound: -3.945369523851644

