x_opt: [0.6353479981301315, 0.3646520019796948, 0.6353479983308511, 2.665590233985377e-8, 0.6353479982275188, 0.1594357330281904, 0.8878313944609809, 0.3646520107385513, 0.3646520022776119, 0.36465200162904676, 0.22867274217880657, 0.6353479975297162, 0.36465200189059016, 0.11216860564029102, 0.3646520017629382, 0.3646520022017175, 2.6617282545916225e-8, 2.874875981873208e-10, 0.11214475456678065, 0.11214475360986653]
w_opt: [0.6353479980722584, 0.2706959962401387, 9.042581576002361e-11, 7.955964696140907e-11, 0.2706959957163452, 0.36465200168259665, 6.026126522896412e-11, 3.5742212691461587e-10, 2.648804057853865e-8, 1.6939146319036062e-10, 6.441517884041862e-11, 3.4465498933842275e-10, 5.403448782400835e-10, 0.364652001595142, 0.3646520015795335, 0.11216860549548455, 2.4996013314467826e-10, 0.3646520019179799, 2.648820120125244e-8, 0.5231793928215992, 9.111211756205557e-9, 1.5935523835621516e-10, 0.2706959960573953, 0.36465200193277936, 2.349606691646068e-10, 2.4655851861509953e-10, 0.11214475451654796, 1.7284208199010283e-10, 4.668565300654203e-11, 2.4707716840795437e-10, 2.6567566155141037e-8, 2.6565646372109608e-8, 2.6293246018755773e-8, 4.4426011682485604e-11, 1.1637092116649569e-9, 2.6546036083176733e-8, 6.426271674785884e-11, 1.020649295445314e-10, 0.3646520022253902, 3.561722380359867e-10, 9.784615673485992e-11, 6.315536141253252e-11, 1.4739629409964147e-10, 2.5972198575629608e-8, 4.426035613834656e-11, 0.15943573284314883, 0.15943573281865803, 1.1332767557004381e-10, 0.15943573293796331, 0.11216860544484965, 9.823219732496062e-11, 0.15943573298054767, 5.955201764916032e-11, 1.698403905074238e-10, 0.11214475450901575, 1.6191818108171976e-10, 0.6353479974619777, 0.25248339984152024, 1.7425237284531468e-10, 1.5344127085602969e-10, 2.0347685259075205e-10, 0.3646520022116994, 7.232751966405426e-11, 0.36465200160627487, 2.6506201546413358e-8, 0.1121447544768389, 9.006778070579508e-11, 4.2887021895647333e-11, 8.079328633002096e-11, 0.36465200184097035, 9.265360789128815e-11, 5.992995197177214e-11, 7.738328033223846e-11, 9.573700280069975e-11, 1.0353581023649547e-10, 4.7118801575320983e-11, 0.3646520015822524, 1.110205036475638e-10, 0.11214475419293259, 0.22867274213542985, 8.782945293166036e-11, 5.541860814929465e-11, 5.2149486317179404e-11, 1.5459805838602867e-10, 5.986616412093397e-11, 0.36465200170469514, 0.3646520000303551, 0.11214475350751592, 2.645444689691028e-8, 1.2423180566696748e-10, 0.36465200167675943, 2.629470206454022e-8, 8.627244945178761e-11, 0.11214475448225984, 0.11214475355346382, 5.978398211997408e-11, 5.244047444074032e-11, 2.6457884146802867e-8, 2.2645695300250424e-10, 0.1121447535419183]
v_opt: [0.3646520106831295, 0.6353479982270114, 0.40366708719195976, 0.13297109657984274, 0.05229245241277154]
solution time: 0.016865968704223633
McCormick lower bound: -7.643722251237802

