x_opt: [0.6353521783374034, 0.3646478203514046, 0.635352185806481, 8.903599405827273e-8, 0.635352178049094, 0.15944884702001882, 0.887848881977057, 0.36464940309420724, 0.36464782480167607, 0.36464781538007407, 0.22868478445895424, 0.6353521563028032, 0.3646478193354876, 0.11215112009439018, 0.3646478172547971, 0.3646478244186863, 8.791419824180978e-8, 4.914758439070338e-9, 0.11215110215364374, 0.1121511009205817]
w_opt: [0.6353521774058135, 0.27070435720211194, 1.3773188015198174e-9, 1.4297382791093298e-9, 0.2707043354727048, 0.3646478158225987, 1.1391811843851389e-9, 8.25809122797903e-9, 8.585963940438212e-8, 2.9845849102643766e-9, 1.003241589842179e-9, 6.91991047041362e-9, 1.3015415263126164e-8, 0.36464781222674975, 0.3646478143438332, 0.11215111774100243, 6.756239293543137e-9, 0.3646478191855029, 8.619451735617188e-8, 0.5232010686197356, 1.5897040003561946e-6, 2.878939188595273e-9, 0.2707043457895916, 0.36464782018305136, 4.753185628768385e-9, 4.190403327593029e-9, 0.11215110122923211, 3.491887789278538e-9, 7.043320914789669e-10, 5.530892998154667e-9, 8.730381498512691e-8, 8.767505975295244e-8, 8.116580607808036e-8, 7.961607681706601e-10, 1.8509647321240913e-8, 8.667631657527048e-8, 1.1721965657543507e-9, 1.9489765962970654e-9, 0.3646478238875723, 7.059689317456085e-9, 1.157593476472519e-9, 1.1505793787172084e-9, 2.3643288545978043e-9, 7.74067911364181e-8, 8.563344134702511e-10, 0.15944884389595587, 0.15944884300798068, 1.972311979469701e-9, 0.15944884570969112, 0.11215111595249623, 1.842007329501954e-9, 0.159448846219592, 1.0412257187997672e-9, 2.9833939677934458e-9, 0.11215110100494056, 2.944985135801963e-9, 0.6353521550829925, 0.25249680615766096, 3.2577121894701027e-9, 3.9066534482688626e-9, 5.171317964159074e-9, 0.3646478238298637, 1.272383589245616e-9, 0.3646478145011221, 8.579706517888397e-8, 0.11215110071833952, 1.3667135588324547e-9, 7.022762733459335e-10, 1.1472599063629367e-9, 0.3646478185353399, 2.020499273263044e-9, 9.573678924797534e-10, 1.4828705790513822e-9, 2.1952265379406722e-9, 2.3445842431772947e-9, 8.912907498165516e-10, 0.36464781441046157, 1.7104742560214843e-9, 0.11215109500069961, 0.2286847836768496, 1.558274073376222e-9, 1.097580917414079e-9, 1.044653219427464e-9, 2.425508982599313e-9, 9.785562599736972e-10, 0.3646478163731765, 0.3646477719605585, 0.11215109944004983, 8.489372517965212e-8, 2.2166386524621303e-9, 0.3646478154278155, 8.116942227364797e-8, 1.53693483190406e-9, 0.1121511009085795, 0.11215109972439412, 9.773650904699314e-10, 8.86524893161773e-10, 8.534043866566307e-8, 3.94318242946145e-9, 0.11215109876902739]
v_opt: [0.3646494021223156, 0.6353521844755547, 0.40367240358452827, 0.13296804312600127, 0.05229674772914327]
solution time: 0.013178825378417969
McCormick lower bound: -6.727575953970061

