x_opt: [0.6353514886046687, 0.36464855738553004, 0.6353514906758659, 2.657388597337917e-7, 0.6353514823582274, 0.15944910510550644, 0.8878490895063051, 0.36464851969485274, 0.3646485178796486, 0.3646484913424123, 0.2286826616317673, 0.63535147298417, 0.3646485015832931, 0.11215092414870101, 0.3646484866422198, 0.36464858637084013, 2.644161635700263e-7, 1.4935135074063854e-8, 0.11215032221845535, 0.11215025762874335]
w_opt: [0.6353514788317824, 0.27070297253818987, 3.5168993473333595e-9, 3.021096524254673e-9, 0.2707029635181496, 0.36464849143347117, 3.570091464725623e-9, 2.1510283265952364e-8, 2.593012112102044e-7, 9.867465502408604e-9, 3.503719016257073e-9, 4.98769702305641e-8, 6.672633912607458e-8, 0.36464852172423395, 0.36464848973689856, 0.11215091900936769, 1.037408110417371e-8, 0.3646485547431784, 2.579236231899208e-7, 0.5232005815702916, 1.1773284364725432e-8, 4.390639862734619e-9, 0.2707029726689461, 0.3646485753860164, 1.7339902648413843e-8, 1.3735564814774695e-8, 0.11215032077710274, 2.727657272177506e-8, 1.7378926302332637e-9, 1.9097075198176788e-8, 2.6196488618157685e-7, 2.6011276224450514e-7, 2.3124505965452065e-7, 1.5058489115724952e-9, 1.1470454975327045e-7, 2.6119986543758693e-7, 2.6128955115517127e-9, 3.672244372864512e-9, 0.36464851607761717, 1.9453847701636206e-8, 8.052615320643243e-9, 3.5133000741613438e-9, 1.4837527069399628e-8, 2.2370474440708438e-7, 1.4191940486670985e-9, 0.15944909807201252, 0.15944909274248573, 4.680859465671383e-9, 0.15944910200489762, 0.11215090545176369, 3.3764477770752754e-9, 0.15944910389794628, 2.386700278419995e-9, 9.956669404112118e-9, 0.11215032091170057, 1.1310867770159025e-8, 0.6353514707803595, 0.252498073987233, 1.790169955676798e-8, 9.258154058556465e-9, 1.5595481172447993e-8, 0.36464851522299063, 2.834844806629795e-9, 0.36464848169365566, 2.601476921082733e-7, 0.1121503196295379, 4.676781017964903e-9, 1.6269409223342914e-9, 2.7739508042812087e-9, 0.3646485003554913, 3.6294825003360758e-9, 2.2487237358264286e-9, 3.2678180454689815e-9, 4.665159875673815e-9, 4.2208726183510525e-9, 1.587587717427832e-9, 0.36464848652698895, 5.593987589751265e-9, 0.11215030999057886, 0.22868266044952038, 4.655055537574799e-9, 2.265762275191236e-9, 1.7200858789075337e-9, 6.993465005332676e-9, 2.441068806145056e-9, 0.36464848472426464, 0.36464844874374586, 0.11215025338966318, 2.568396078864636e-7, 7.0502031961476665e-9, 0.36464848347569917, 2.47627991084018e-7, 3.962245987590959e-9, 0.11215032046278893, 0.11215024955407946, 2.515639245544576e-9, 1.9594575482748725e-9, 2.5570927717927963e-7, 1.3189260287151359e-8, 0.11215024830453256]
v_opt: [0.36464851760918177, 0.6353514880958948, 0.4036715073751973, 0.13296857619651936, 0.052295776826447225]
solution time: 0.012289047241210938
McCormick lower bound: -7.838649767722969

