x_opt: [0.731269799596603, 0.2687303981853384, 0.7312698238065183, 0.15767840944007272, 0.7312697677727631, 0.15773125943169558, 0.8422687804781412, 0.4376730584563163, 0.26873310303122605, 0.26873017077639927, 0.23452516848410812, 0.7312669204742512, 0.2687302092492549, 0.157731220434189, 0.26873012836725185, 0.3524295007117055, 0.15767838709680054, 5.785064381566844e-8, 0.15767862266567564, 0.15767814543144076]
w_opt: [0.7312697854758843, 0.4625395772507677, 2.115906437676317e-8, 1.5545944542510952e-8, 0.4625367311100479, 0.2687301609081709, 1.2177759022267905e-8, 6.153393580344498e-8, 0.1576783629581875, 3.426320546882328e-8, 1.2999823278533487e-8, 2.3059909379386422e-7, 2.4017026891406817e-7, 0.26873033002012425, 0.2687301582565969, 0.1577311914193029, 5.4652266055237286e-8, 0.26873038862027065, 0.15767837576859217, 0.5735386136042421, 0.1689428922162843, 3.95539097239481e-8, 0.4625367899744414, 0.35242945026534683, 4.128979152966527e-8, 4.914721288343396e-8, 0.15767861286477228, 2.9412440579400242e-8, 8.794035285993244e-9, 4.725230250976856e-8, 0.15767839364181693, 0.1576783911199202, 0.15767834025687738, 9.51497063219564e-9, 2.1923161128965028e-7, 0.15767837573440327, 1.1962291757099788e-8, 2.1218105380873747e-8, 0.26873309423436004, 6.938382209912308e-8, 1.5429084423891205e-8, 1.344080201903077e-8, 2.3834842392939098e-8, 0.15767824151772805, 8.843678292035533e-9, 0.15773121791723047, 0.15773121728136125, 2.14168015806174e-8, 0.15773124131643343, 0.15773116070634047, 2.0693773914423375e-8, 0.15773124848364273, 1.2954361772897564e-8, 3.38098910699562e-8, 0.1576786103547245, 2.837574130814659e-8, 0.7312669067312643, 0.11099961472546085, 1.974589416454001e-8, 2.5363235700609107e-8, 3.865661471075514e-8, 0.2687330918285444, 1.3911883195906543e-8, 0.26873009397348485, 0.15767836848310549, 0.157678606746705, 1.6523242904761246e-8, 1.010194439369087e-8, 4.5911761613298653e-8, 0.26873019850087354, 1.642871636361463e-8, 1.201818844997179e-8, 1.5227938544855567e-8, 2.1133080427681395e-8, 2.1794982786380602e-8, 9.184554464311985e-9, 0.2687301560255667, 2.2875211417532076e-8, 0.15767854020588168, 0.23452515869175689, 1.7374321323500696e-8, 1.0205250739302954e-8, 1.1058938267627253e-8, 2.678601442495231e-8, 1.177501900332438e-8, 0.26873011687307274, 0.2687299837615317, 0.1576781266933609, 0.15767835030686916, 2.1764729608940092e-8, 0.2687301131057353, 0.1576783215804977, 1.6597730564288864e-8, 0.1576786036320949, 0.15767813285528695, 1.1235075361046644e-8, 1.1310588422307164e-8, 0.1576781077496845, 4.522519016030216e-8, 0.15767813243015474]
v_opt: [0.4376730480708983, 0.7312698084315213, 0.5347562563445019, 0.07221590825167008, 0.05500284576496198]
solution time: 0.0157930850982666
McCormick lower bound: -6.144774195049353

