x_opt: [0.6386466148276824, 0.36135340863641685, 0.6386466619925614, 3.3048820647854236e-6, 0.6386456532962542, 0.13879201952200484, 0.861208278999123, 0.37816579002396294, 0.3613548456974668, 0.3613532891036698, 0.23515791957075624, 0.6386451358558417, 0.3613543150825564, 0.1387917245120726, 0.36135429244121486, 0.3613544703922289, 3.3006519017616405e-6, 4.546878644045831e-8, 0.1135651986673487, 0.1135650779652778]
w_opt: [0.6386466074347319, 0.27729227533715545, 1.2219097941117985e-8, 1.348526692938912e-8, 0.27729175825670477, 0.3613542806256592, 1.0369924724038842e-8, 9.718921261027883e-7, 3.2830287397214738e-6, 2.779404379543961e-8, 9.422976247111311e-9, 7.65929513144486e-8, 4.661714545836812e-8, 0.3613533514899118, 0.3613532796687333, 0.13879170216628534, 6.055320979581713e-8, 0.3613534008418829, 3.2796718263439235e-6, 0.4998549492012473, 0.016812459748556195, 2.1125109508511383e-8, 0.2772918312393561, 0.3613544366080881, 3.66085542890827e-8, 3.8529153730155754e-8, 0.11356519025730702, 2.4817930606219947e-8, 6.0990211768121065e-9, 3.8011551331955066e-8, 3.290058761640218e-6, 3.292436728705333e-6, 3.231519447346663e-6, 8.019755195389563e-9, 1.6250579284208937e-7, 3.288387232015838e-6, 1.0393494322271722e-8, 1.8643829125803292e-8, 0.3613548379322011, 3.3671511952717974e-8, 9.120512948145314e-9, 1.1690594775180087e-8, 1.8869133476934025e-8, 3.198448686979949e-6, 8.066755941055209e-9, 0.13879198940475285, 0.1387919836635542, 1.6420079265292684e-8, 0.1387920076687679, 0.13879168728754002, 1.7021644390954566e-8, 0.1387920111470957, 1.0208170884086439e-8, 2.6910758482942126e-8, 0.11356518675849946, 2.0140096166187544e-8, 0.6386451233267767, 0.22256302689133836, 1.4924545120058225e-8, 2.2156743998608215e-8, 3.1580450142266304e-8, 0.36135483689811915, 1.123926177720506e-8, 0.3613542673236408, 3.283076986846562e-6, 0.11356518702032514, 1.1066627974301311e-8, 7.3069132540491584e-9, 1.6308978082812933e-8, 0.3613543079436452, 1.7132077758633736e-8, 8.762517616530181e-9, 1.3677183488522295e-8, 2.2209701059395107e-8, 2.2124622858122382e-8, 8.352207385887598e-9, 0.361353279549177, 1.4521608373202085e-8, 0.11356512853235969, 0.23515791081985318, 1.3914267059592795e-8, 9.815907674220726e-9, 1.0794313689434974e-8, 1.8649566336356557e-8, 8.770730262453595e-9, 0.3613542840354337, 0.3613540824533114, 0.11356506531966049, 3.2698578661101643e-6, 1.733925566979905e-8, 0.3613542803413352, 3.237810341948942e-6, 1.309635370122585e-8, 0.11356518638999781, 0.11356506660501035, 8.565664604870781e-9, 8.642654598504311e-9, 3.2735727029307263e-6, 3.6123364176854056e-8, 0.11356506890569257]
v_opt: [0.3781657820388537, 0.638646650779487, 0.4078687065558633, 0.13057620575975554, 0.055299430599578175]
solution time: 0.014479875564575195
McCormick lower bound: -5.895107065501797

