x_opt: [0.6429544877366287, 0.35704615078544855, 0.6429544619541531, 0.06626021172041592, 0.6429544651282939, 0.15621439784088545, 0.8438054942917209, 0.4106250542482207, 0.3570467161735496, 0.3570454166354624, 0.1953836198022412, 0.6429532776010642, 0.357045522227488, 0.15619470613592118, 0.3570453937472536, 0.35704641536540027, 0.0662601395115248, 1.3597870894287293e-7, 0.06626335607982584, 0.06626336218960976]
w_opt: [0.6429544345335194, 0.28590896727195025, 4.1443305560617416e-8, 2.4987958629803518e-8, 0.28590778532951044, 0.35704543974689407, 2.1694663130588213e-8, 2.0322608238407658e-7, 0.0662600883098495, 8.859389305667949e-8, 2.4495620095477747e-8, 6.278913553383393e-7, 7.644034817555399e-7, 0.35704589128132674, 0.35704539972210986, 0.15619464973135036, 1.559671017387302e-7, 0.35704613360264237, 0.0662601345950275, 0.48675996922396453, 0.05357952940133924, 4.483937604094865e-8, 0.2859078476470518, 0.35704628297055263, 1.192405724323262e-7, 1.2551740356643542e-7, 0.06626334232640589, 7.644796271744129e-8, 1.3361202180782614e-8, 2.393459703727294e-7, 0.06626018681377548, 0.06626018515245269, 0.06626005216060002, 1.3666169620822385e-8, 1.7087995655885173e-6, 0.0662601206072044, 2.138028630618673e-8, 4.024887548104714e-8, 0.35704670509713243, 2.814247193506307e-7, 4.306800766232288e-8, 2.032624738420663e-8, 5.473342506880684e-8, 0.06625966327024012, 1.3740008564134291e-8, 0.15621430052918805, 0.15621431598746768, 4.837769988492571e-8, 0.15621436888523715, 0.15619459069953828, 5.0614155763823725e-8, 0.15621438533261084, 2.2249053046336008e-8, 9.355003994507751e-8, 0.06626334140718448, 1.055631380603979e-7, 0.6429532575872393, 0.2008561847994532, 2.248521531667551e-7, 7.55040249702532e-8, 7.665782067133066e-8, 0.35704669945934264, 2.4524881343520797e-8, 0.3570453398741284, 0.06626010597425182, 0.06626332531872005, 3.796771749834968e-8, 1.484315836010361e-8, 3.455404071003097e-8, 0.35704551011463387, 2.9775894730550062e-8, 2.1657201933441552e-8, 2.7667227148494162e-8, 3.611852229568768e-8, 4.226738246188169e-8, 1.3810365632736282e-8, 0.3570454045313626, 5.6754234690678456e-8, 0.06626319159608055, 0.19538360991590892, 4.4429095706413045e-8, 1.5368208884958804e-8, 1.570588504599413e-8, 9.244099366446019e-8, 2.3126828371767754e-8, 0.35704537902422, 0.3570449250637209, 0.06626333042456417, 0.06626006436932409, 5.441009892615674e-8, 0.35704536871625125, 0.06626000535008589, 3.644724161759815e-8, 0.06626332878700043, 0.06626333333521629, 2.2244794588014102e-8, 1.813804964966018e-8, 0.06625954025455566, 1.1973594131901244e-7, 0.06626333445679147]
v_opt: [0.4106250395037828, 0.6429544390573714, 0.41339045733379093, 0.12748143274510143, 0.038174960225313456]
solution time: 0.013810157775878906
McCormick lower bound: -7.469092374520158

