x_opt: [0.810234653997732, 0.18976534602640052, 0.8102346541407701, 0.1897653458037766, 0.8102346539659551, 0.18976534580745438, 0.8102346541429885, 0.8623896959974117, 0.61772979938176, 0.18976534601702555, 0.13761030347461486, 0.7832652638937706, 0.18976534590422253, 0.18976534584787155, 0.18976534575847487, 0.202493416644681, 0.18976534576988704, 4.351770456742371e-11, 0.137610304143343, 0.13761030398589927]
w_opt: [0.8102346539895448, 0.6204693079640177, 1.3515552802787767e-11, 1.191749935182471e-11, 0.5934999178994801, 0.18976534585730423, 1.1071616778786148e-11, 4.297807129723352e-11, 0.18976534575290047, 2.59760251733929e-11, 9.28891462826307e-12, 1.715590788080313e-10, 8.767392073272864e-11, 0.18976534597942527, 0.18976534584550062, 0.18976534582404328, 5.291993284701397e-11, 0.18976534601980974, 0.1897653457771847, 0.6204693082899794, 0.672624350146723, 3.3451738196781027e-11, 0.5934999180719969, 0.2024934166090776, 3.6064125219237655e-11, 3.567063080652866e-11, 0.1376103041354934, 1.929772895270264e-11, 6.533195047560137e-12, 3.6296967071271e-11, 0.1897653457919508, 0.18976534579015347, 0.1897653457137477, 8.370994704398509e-12, 1.540336489604764e-10, 0.18976534576177748, 8.706290792830573e-12, 1.7683092456005736e-11, 0.6177297993758237, 4.256398839777607e-11, 8.083895093661059e-12, 1.2066005515225501e-11, 1.5413879877837798e-11, 0.18976534564259376, 7.317984319148259e-12, 0.18976534577414225, 0.18976534577190743, 1.611588193126096e-11, 0.1897653457925622, 0.18976534576525483, 1.6491688696190053e-11, 0.18976534579725915, 1.1393770829102196e-11, 2.504361966072685e-11, 0.1376103041321526, 1.8183030249652505e-11, 0.783265263882438, 9.535858645069258e-10, 1.0535476516743137e-11, 1.6490692999905203e-11, 3.0634819241030865e-11, 0.6177297993724349, 1.0753125547317548e-11, 0.1897653457253429, 0.18976534575736434, 0.13761030413280417, 1.8142459674723115e-11, 9.400526108923241e-12, 0.40099506328968604, 0.1897653458941436, 1.2145836092119904e-11, 9.114718685554914e-12, 1.1873344909841752e-11, 2.0752197156291435e-11, 1.9715334266815862e-11, 7.60504549679143e-12, 0.18976534584198665, 1.7694251095456046e-11, 0.13761030406420127, 0.13761030347346534, 1.2963949827492354e-11, 7.667940094019634e-12, 1.1410613607137672e-11, 1.9320550618323982e-11, 8.509886488511935e-12, 0.18976534574940412, 0.18976534577394594, 0.1376103039734273, 0.1897653457163372, 1.4142974528132681e-11, 0.18976534574672407, 0.1897653456543042, 1.253365553533589e-11, 0.13761030412741346, 0.13761030397444157, 7.955095136083163e-12, 9.411731262204332e-12, 0.13761030396055962, 3.3189123159422734e-11, 0.13761030397736204]
v_opt: [0.8623896959901186, 0.8102346541297298, 0.6564801978255125, 0.03601088726416094, 0.018936602594726664]
solution time: 0.015455007553100586
McCormick lower bound: -4.658188139649669

