x_opt: [0.8212247376488387, 0.17877538737228033, 0.8212247726561207, 0.17877517917234934, 0.8212247010367179, 0.1787752635256343, 0.8212247366108971, 0.8212253358358237, 0.5713325873757646, 0.17877524533548225, 0.17710021276503302, 0.7997426618748339, 0.17877527662514903, 0.17877526026940094, 0.17877474356721815, 0.21273815457987727, 0.17877517295320858, 8.7650276240974e-9, 0.17877468152192438, 0.17877466363718028]
w_opt: [0.8212247358569776, 0.6424494400270099, 2.8411769369879607e-9, 2.106000810343906e-9, 0.6209674012541555, 0.17877526721444065, 2.757641476547756e-9, 6.376810215165404e-9, 0.17877516921539696, 5.113892966710332e-9, 1.7297073776925128e-9, 1.6158025657605252e-7, 1.0204709374256084e-7, 0.17877537764371212, 0.17877524309052398, 0.1787752561835297, 7.97154454824737e-9, 0.1787753859038854, 0.17877517348282282, 0.6424495107143708, 0.6424501107671314, 2.2894498662739727e-8, 0.6209674424270111, 0.21273814569774105, 5.386965965619346e-9, 7.100336733967315e-9, 0.17877467990643386, 3.927187250057198e-9, 1.5804307744510808e-9, 8.086695946371082e-9, 0.17877517677766325, 0.17877517634954465, 0.1787751649043615, 1.521615165896576e-9, 3.480733627857633e-8, 0.17877517133124882, 1.7267054462580788e-9, 3.0940331904103613e-9, 0.571332586176062, 9.718325847170189e-9, 2.1318560547126995e-9, 2.0624608793173995e-9, 3.119166967599428e-9, 0.17877514677903508, 1.3754683930363282e-9, 0.17877525795242413, 0.1787752561721008, 3.686503020358525e-9, 0.17877525976498532, 0.17877525036990835, 2.8271470942259104e-9, 0.1787752616453885, 2.1536265855096923e-9, 5.126855926153283e-9, 0.17877467963536486, 4.011564512239684e-9, 0.7997426599627043, 2.2175590621141103e-7, 2.351103249583157e-9, 3.306028127681216e-9, 6.797757902157479e-9, 0.5713325853315868, 1.7834108747705385e-9, 0.17877473693864723, 0.17877517047393862, 0.17877467919258389, 4.9044681510556e-9, 1.6484935743823433e-9, 0.3710752520215176, 0.1787752745084229, 2.2846473575155872e-9, 1.89628964922379e-9, 2.2260063925089514e-9, 3.1856843653372262e-9, 3.2680967964736738e-9, 1.376379822954183e-9, 0.1787752430127658, 4.383060291706778e-9, 0.17877466641969283, 0.17710021081287933, 2.5359467368793826e-9, 1.4468767813920395e-9, 1.870370189706927e-9, 4.0808404700777926e-9, 1.7276420838039168e-9, 0.17877474167578736, 0.17877525014028567, 0.1787746608669715, 0.17877516377471608, 2.7989022216879504e-9, 0.17877474083310807, 0.17877473343847836, 2.7670947782273602e-9, 0.1787746777547062, 0.17877466176309448, 1.6404683553487944e-9, 1.7851957382420522e-9, 0.17877465821431898, 6.557062048096632e-9, 0.1787746618650776]
v_opt: [0.8212253342698562, 0.8212247706260769, 0.6744100377508333, 0.031960599489844074, 0.031365923378253086]
solution time: 0.01332712173461914
McCormick lower bound: -4.602778347646262

