x_opt: [0.6353642836031836, 0.3646357448663233, 0.635364426942335, 2.352086402051593e-7, 0.6353644069588746, 0.15943816046425344, 0.8878361965702969, 0.3646659267051728, 0.364635559740709, 0.36463555776209977, 0.22871497019775208, 0.6353644026711267, 0.36463556658424995, 0.11216379211467181, 0.3646355750780087, 0.3646358405627006, 1.8940382283122152e-7, 2.2825566315515573e-8, 0.11216418411183664, 0.11216418698430418]
w_opt: [0.6353642803676302, 0.270728694695806, 5.956588691849946e-9, 7.267714346476674e-9, 0.27072869058750565, 0.3646355481684809, 6.236184030033468e-9, 1.891062759956621e-8, 1.7850775450832187e-7, 1.3496484106439708e-8, 4.950061728564217e-9, 1.7608392174637018e-7, 2.139527342837004e-7, 0.3646356770298194, 0.36463555364829264, 0.1121637789665431, 3.432768445520041e-8, 0.3646357347173439, 2.2120884850691238e-7, 0.5232006279552702, 3.0357266171729142e-5, 3.2008912052805077e-9, 0.2707288507448417, 0.3646358134067712, 2.704284716267015e-8, 1.9104673239121467e-8, 0.11216417887209444, 2.4982619669715468e-8, 3.781686579780724e-9, 3.166269349006762e-8, 2.2500920701609914e-7, 2.2878940813651074e-7, 1.9808971408618774e-7, 3.967940219228651e-9, 7.006003512032585e-8, 1.8450201938357136e-7, 5.969544434398584e-9, 9.735696536772201e-9, 0.3646355541468959, 5.6050040565235795e-8, 4.0628523928543314e-9, 5.804605446497253e-9, 1.4697386287717306e-8, 1.4770983748917305e-7, 5.065354873883289e-9, 0.1594381442235459, 0.15943811831987298, 1.2057552013930652e-8, 0.1594381538234202, 0.1121637249006518, 9.804548976683981e-9, 0.1594381564997817, 5.2789699833622554e-9, 1.3501192293355188e-8, 0.11216417810967441, 1.7739540354070463e-8, 0.6353643963819342, 0.25247336016512034, 6.225890059287413e-9, 3.922468869407532e-7, 4.1383326262009495e-7, 0.36463555544019666, 7.077477562830961e-9, 0.3646355700856892, 1.7683223825875967e-7, 0.11216417565562607, 7.991239625856752e-9, 3.352092353508028e-9, 5.5637081812677066e-9, 0.36463555872018766, 1.3081845730016435e-8, 4.984861049398518e-9, 7.506852322658244e-9, 1.1641076493517172e-8, 1.2693498749187433e-8, 4.846943796985955e-9, 0.3646355536772797, 9.764801414898695e-9, 0.11216413337907137, 0.22871496621734433, 7.80434574784604e-9, 6.5154924099237e-9, 5.433955699634957e-9, 1.3131984996718343e-8, 4.958371925751669e-9, 0.36463556591431273, 0.364635392792451, 0.11216417918628528, 1.759575282929226e-7, 1.3409794125375097e-8, 0.36463556714145773, 1.55117319531956e-7, 7.94117975949407e-9, 0.11216417791131875, 0.11216418121257031, 5.334402461491173e-9, 4.3276348319822636e-9, 1.5772674663996327e-7, 1.7802751784206516e-8, 0.11216417327664033]
v_opt: [0.36466592102634365, 0.6353644197970638, 0.40368822787420167, 0.13295921209181571, 0.05231056323201301]
solution time: 0.012856006622314453
McCormick lower bound: -7.046129868663106

