x_opt: [0.7923169707412905, 0.20768242233786316, 0.7923175941089767, 0.20768242264271106, 0.7923175748135951, 0.16200846917252862, 0.7923176146402102, 0.9009737724501289, 0.7002920012825774, 0.2076824130341365, 0.05200784389466027, 0.7923175327196385, 0.20768241262625498, 0.2076823850609715, 0.20768233982149598, 0.20768242530779182, 0.20768240930927206, 3.475546706860964e-9, 0.09902624660104123, 0.09902622214195392]
w_opt: [0.7923169698512741, 0.5846345461864515, 1.1866557230639697e-9, 9.196953125766937e-10, 0.5846345042990723, 0.20768240821170542, 7.696062142051973e-10, 2.2266749412651965e-9, 0.20768240770776003, 1.9907525651253556e-9, 8.961875764869118e-10, 1.717853608058802e-8, 7.972536506313546e-9, 0.20768241840728718, 0.2076824115188594, 0.20768238303746814, 3.085235005710785e-9, 0.2076824214743185, 0.207682420275745, 0.584635209358432, 0.6932913673708805, 9.8787315832602e-9, 0.5846351306811197, 0.2076824213091876, 5.781379966449018e-9, 2.8850058481833973e-9, 0.09902624602766753, 1.6031906805126645e-9, 7.804878301578084e-10, 3.22951657845279e-9, 0.20768242183200175, 0.20768242123596936, 0.2076824081141355, 6.108301219552148e-10, 1.703340609477463e-8, 0.20768240878752464, 6.546376694307913e-10, 1.2676879135708607e-9, 0.7002920008323426, 3.763722340981468e-9, 1.0871346256810612e-9, 8.576153553362571e-10, 1.561979476483688e-9, 0.20768239582619683, 5.0418647302105e-10, 0.16200846588182644, 0.16200846647815537, 1.4321229156973506e-9, 0.16200846768532776, 0.16200846681894848, 1.3579973125596214e-9, 0.16200846833520002, 9.154445693145884e-10, 2.007541615060345e-9, 0.0990262459147261, 1.9429504717378577e-9, 0.7923175319118623, 1.3002471415617392e-7, 1.2580526933343162e-9, 1.3242712787236718e-9, 2.4470570657906474e-9, 0.7002920005321549, 8.507500286253116e-10, 0.20768233692496638, 0.20768240840799976, 0.09902624558808786, 7.414847900426587e-9, 8.687900812570471e-10, 0.4926095353365134, 0.20768241150265476, 7.844872139332639e-10, 8.468314808367317e-10, 8.410170507431394e-10, 1.1786066705916767e-9, 1.2303059622580317e-9, 5.457510139282727e-10, 0.207682411195682, 2.199186607720178e-9, 0.09902624133202716, 0.05200784320074543, 1.0694735783100008e-9, 5.201903599584896e-10, 7.054623589024996e-10, 2.2675424343341403e-9, 7.881542349085237e-10, 0.20768233876875616, 0.20768239484993123, 0.09902622081050828, 0.20768238188305044, 1.250632485666895e-9, 0.20768233865991806, 0.2076823323574352, 1.032758282992307e-9, 0.09902624473539771, 0.0990262213795822, 7.090787688758821e-10, 7.91356112015435e-10, 0.09902621947736183, 2.617010153767105e-9, 0.09902622106051788]
v_opt: [0.90097377181627, 0.7923175931826415, 0.627767166434752, 0.043131985071500546, 0.0027049322837742204]
solution time: 0.01408696174621582
McCormick lower bound: -5.481236122248118

