x_opt: [0.800772738624198, 0.19922722097104464, 0.800772810106814, 0.19922720028393248, 0.8007727871938672, 0.19922570770851755, 0.8007729023820148, 0.8949613641894587, 0.6622131242386214, 0.1992271962399589, 0.09077462037862395, 0.7668334730050301, 0.19922719302682487, 0.19922709676934353, 0.19922717816694963, 0.199227233277844, 0.19922712830424594, 4.943748229782708e-9, 0.10503817597002922, 0.10503812985705575]
w_opt: [0.8007727377601652, 0.6015455264573187, 1.433322363857998e-9, 1.1569526814936187e-9, 0.5676062124311624, 0.1992271883459335, 9.781929406959238e-10, 6.7694092818991035e-9, 0.19922712673416781, 3.188019091157505e-9, 9.32486694953013e-10, 3.163738791358182e-8, 3.747001403238792e-8, 0.19922721548151653, 0.199227195243161, 0.19922709257053126, 7.029070112441816e-9, 0.1992272202593389, 0.19922719770228964, 0.6015457131638051, 0.6957341751136897, 1.2831742588999457e-8, 0.5676062879394544, 0.1992272295712949, 1.4028884227432848e-9, 4.272997568409814e-9, 0.10503817531024037, 1.745874262972748e-9, 6.97003611662033e-10, 4.859847714918022e-9, 0.1992271992944545, 0.19922719893046467, 0.19922717085119604, 7.586306286424374e-10, 2.4482816296744297e-8, 0.19922712791776007, 7.97256832346818e-10, 1.6666267801929198e-9, 0.6622131237351009, 1.6082428090294495e-8, 1.1009180653639424e-9, 1.032218596591062e-9, 2.1265719083917843e-9, 0.19922711070862018, 6.281528634929741e-10, 0.19922570313381682, 0.19922570390276953, 1.140508796978209e-9, 0.19922570649020255, 0.19922570450156582, 1.977178889371521e-9, 0.19922570707807502, 1.0848629540148911e-9, 3.1147238993286683e-9, 0.10503817504609328, 2.272712783334823e-9, 0.7668334721708615, 3.499997749863227e-7, 1.1038581221200443e-9, 1.5405008280928271e-9, 2.860235950408467e-9, 0.6622131234502121, 9.380638452588054e-10, 0.19922717477355342, 0.19922712720855357, 0.10503817498903176, 4.4595439953967086e-9, 9.58041581914352e-10, 0.4290465999865385, 0.19922719191716112, 1.0294473508754135e-9, 8.362248515437024e-10, 1.1375180264209348e-9, 2.0548808334227315e-9, 2.0725959240745723e-9, 5.483525115292376e-10, 0.19922718216924853, 1.8948631011169775e-9, 0.10503817038761182, 0.09077461958236797, 1.5198355754661773e-9, 6.617964856472377e-10, 7.625568562398205e-10, 9.297178339781329e-10, 8.444645967911911e-10, 0.19922717698660036, 0.19922715616748032, 0.10503812863644353, 0.1992270781793605, 1.4641325130721502e-9, 0.19922717677815796, 0.19922708026442187, 1.2018650668652306e-9, 0.10503817447364384, 0.105038128846402, 7.480233306246519e-10, 9.475073035417489e-10, 0.10503812670819625, 4.022103900569887e-9, 0.10503812310421155]
v_opt: [0.8949613635609559, 0.8007728091931328, 0.6412372822268366, 0.03969149879434255, 0.008240130238966742]
solution time: 0.01304006576538086
McCormick lower bound: -5.023146588037431

