x_opt: [0.6526619823191256, 0.35452540999876414, 0.6526619931322393, 1.422629494160192e-6, 0.6526620052856488, 0.13741039035896918, 0.862589825413294, 0.3778969515365062, 0.3473380772691854, 0.3473379902613687, 0.25903010058413584, 0.6526618967753475, 0.34733799873513244, 0.13741017242355597, 0.34733796627971675, 0.35452547132525747, 1.405672065340673e-6, 3.772621509406795e-8, 0.13741019048765984, 0.13740978233327994]
w_opt: [0.6526619700808902, 0.30532399387186726, 1.1294725035496144e-8, 8.808755984334107e-9, 0.30532388649420394, 0.34733797122555116, 8.612593161235774e-9, 3.407199187646739e-8, 1.3875181079544337e-6, 2.1848826775613356e-8, 6.926478195969416e-9, 0.0071874107871964, 0.00718745508017893, 0.3545253579736333, 0.3473379831761084, 0.1374101569239613, 2.6528567650803964e-8, 0.35452539944773886, 1.399534953851352e-6, 0.5152518238980218, 0.030558951205313108, 1.8571088494858846e-8, 0.30532391696829125, 0.3545254247785923, 2.8534874489958244e-8, 3.1711649470720664e-8, 0.13741018341485037, 2.1859206913303737e-8, 7.764305356409462e-9, 3.721871029768289e-8, 1.4104636015831448e-6, 1.4112819996238592e-6, 1.3809624828241021e-6, 5.313878980377448e-9, 1.5054439981816066e-7, 1.3980996497873918e-6, 8.235329621351209e-9, 1.1404155779531436e-8, 0.34733807062563643, 7.699539622131064e-8, 2.368248672014727e-8, 6.855757414733775e-9, 1.836333810021931e-8, 1.3231676377211026e-6, 5.518049107326254e-9, 0.13741037174680484, 0.13741036040034643, 1.807617203817732e-8, 0.1374103782095261, 0.13741014497019802, 1.0355135062827163e-8, 0.1374103845049026, 7.36522109341638e-9, 2.289456512808228e-8, 0.13741018353570172, 2.2464898287705855e-8, 0.652661889670335, 0.2099283820465267, 1.5948991035604103e-8, 5.531887229495181e-8, 4.322435550391158e-8, 0.34733806890568286, 9.295946933293686e-9, 0.34733794621269776, 1.3918347323675439e-6, 0.13741017772606431, 1.5629976341720527e-8, 4.856676731111662e-9, 8.35909553767475e-9, 0.3473379920421181, 1.1460220718941279e-8, 7.847550376259216e-9, 9.506617041314893e-9, 1.0346837063802668e-8, 1.1679580566956389e-8, 5.5656766658811484e-9, 0.3473379797642571, 1.7941755172356905e-8, 0.13741014356629352, 0.25903009440331853, 1.0910227521938002e-8, 6.794209548173156e-9, 5.9646633087775685e-9, 1.954853525481944e-8, 7.567771054364376e-9, 0.34733795887337604, 0.3473378649756161, 0.13740976837976762, 1.3823995963577845e-6, 1.4576648532685057e-8, 0.3473379543958258, 1.3673260910346643e-6, 1.3117988592134093e-8, 0.13741017979605752, 0.1374097763632424, 7.687680190467428e-9, 6.361462307284543e-9, 1.3843368203784744e-6, 2.9103606307951885e-8, 0.1374097701901605]
v_opt: [0.37789694205426777, 0.6526619817147663, 0.42596973140677113, 0.1206436926678243, 0.06709717617911552]
solution time: 0.01388096809387207
McCormick lower bound: -6.607719598873879

