x_opt: [0.7422942625587878, 0.3286151421417112, 0.7422942640985437, 0.17250504284180748, 0.7422942656457377, 0.17250531135951025, 0.827494724840666, 0.4157165289084613, 0.2577057561321572, 0.25770573575769273, 0.2486906671955759, 0.7422942393226586, 0.2577057359889587, 0.1725052743014716, 0.25770572799694447, 0.3286151514697015, 0.1725050379318757, 6.507688109664854e-9, 0.17250526781475187, 0.17250524251085747]
w_opt: [0.7422942602714657, 0.48458852922258355, 2.0909569224747055e-9, 1.3954279963796466e-9, 0.484588503105574, 0.2577057309791168, 1.4508469196931687e-9, 5.918501453026206e-9, 0.17250503497214278, 3.8360542000046946e-9, 1.1667818453498989e-9, 0.07090940741118293, 0.07090941470756369, 0.3286151336108178, 0.2577057345187161, 0.17250527168840712, 4.8444791428246085e-9, 0.32861514066647085, 0.17250503878780732, 0.5697889898385126, 0.15801079412218577, 3.8792283137431984e-9, 0.4845885082222671, 0.3286151441423017, 4.753642835089878e-9, 5.472743662886032e-9, 0.17250526664893015, 3.511800497006509e-9, 1.2255380710653153e-9, 6.776953905380941e-9, 0.17250504086826296, 0.17250504089643529, 0.17250503541913914, 9.293449617349147e-10, 3.373171113581065e-8, 0.17250503670119616, 1.3652328502983524e-9, 2.0137878161927976e-9, 0.25770575510022486, 1.3800225393922466e-8, 4.5126444274001605e-9, 1.1909639186908282e-9, 3.0409221988136433e-9, 0.17250502190555136, 9.320152235691082e-10, 0.17250530803695513, 0.17250530634865716, 2.85063236873506e-9, 0.1725053093623081, 0.1725052687701876, 1.8102863402159378e-9, 0.1725053103260021, 1.2972794855814376e-9, 3.985422444409138e-9, 0.17250526656597254, 3.5575313717504163e-9, 0.7422942381084935, 0.0852004919863904, 2.3835272209698076e-9, 4.1956031158809455e-9, 6.90346076371248e-9, 0.2577057547335639, 1.5384527918403222e-9, 0.2577057244342034, 0.17250503575299533, 0.17250526583019246, 2.42027225483444e-9, 8.734669549285337e-10, 1.6979801658856587e-9, 0.25770573488552007, 1.8591074841840584e-9, 1.320100257091546e-9, 1.6139006652986585e-9, 1.8557895769619208e-9, 2.054475634525234e-9, 9.307654965376568e-10, 0.2577057338647545, 3.026819123467648e-9, 0.17250525973390282, 0.24869066612541582, 1.867460114543968e-9, 1.10886156043512e-9, 1.0453712014777677e-9, 3.0666875497560536e-9, 1.2621005477760354e-9, 0.2577057268110847, 0.2577057155178537, 0.1725052403088109, 0.17250503316921648, 2.3397195468129514e-9, 0.25770572606700515, 0.17250503122165678, 2.1848022470463035e-9, 0.17250526594158544, 0.17250524143207185, 1.2588960423763882e-9, 1.110234339211142e-9, 0.1725050335759291, 5.054115601035819e-9, 0.17250524009518478]
v_opt: [0.41571652745301496, 0.7422942623191379, 0.55100231151984, 0.06641234333766045, 0.06184707290726825]
solution time: 0.012275218963623047
McCormick lower bound: -6.00190526046464

