x_opt: [0.6961455835356191, 0.34221833307105753, 0.6961455836518027, 0.0839785335636423, 0.6961455840556076, 0.15448491056834898, 0.8455150903705305, 0.3958630271027203, 0.30385441859878937, 0.30385441622386505, 0.2533408941597648, 0.6961455811497443, 0.3038544163018958, 0.15448490962793976, 0.3038544159587016, 0.3422183336376174, 0.08397853344552066, 3.4037974333697697e-10, 0.15448490927548655, 0.1544848594664413]
w_opt: [0.6961455834522745, 0.39229116729288943, 1.0727454879358312e-10, 8.16196653664092e-11, 0.3922911647524106, 0.30385441604140456, 7.721817898746892e-11, 2.9518462631790555e-10, 0.08397853328518015, 1.9785022029658834e-10, 6.452136686328087e-11, 0.03836391678620987, 0.03836391712814417, 0.34221833262500195, 0.30385441616861114, 0.1544849094832698, 2.524106979726512e-10, 0.34221833299122745, 0.08397853335141273, 0.5416606740691757, 0.09200861081364749, 1.9448495355701546e-10, 0.39229116505362605, 0.3422183332489409, 2.5159285455814365e-10, 2.8550350110150573e-10, 0.1544849092125483, 1.856834252954751e-10, 6.636972778078804e-11, 3.317031589348871e-10, 0.0839785334571084, 0.0839785334586987, 0.08397853317163301, 5.011246258890879e-11, 1.5304493333506125e-9, 0.08397853337320417, 7.270486857013389e-11, 1.0793930984599755e-10, 0.3038544185414687, 6.375916984976739e-10, 1.671567093314752e-10, 6.500338843868221e-11, 1.5758570352340471e-10, 0.08397853262876336, 5.046200824731875e-11, 0.15448491038880754, 0.1544849102998958, 1.5453910468618899e-10, 0.15448491045854743, 0.15448490937904932, 9.791894129356184e-11, 0.15448491051253344, 6.92865089452304e-11, 2.039468405887792e-10, 0.1544849092102562, 1.9086075640078575e-10, 0.6961455810826408, 0.14936951148155314, 1.431063452477167e-10, 2.620034250835411e-10, 2.86282199637679e-10, 0.3038544185243126, 8.341486203500696e-11, 0.3038544157693524, 0.0839785333251935, 0.15448490916634589, 1.2955644693670227e-10, 4.696200368482062e-11, 9.113418867621543e-11, 0.30385441624139636, 1.0086562261549238e-10, 7.143087125646665e-11, 8.569978362322115e-11, 9.89907366009373e-11, 1.0972951721146013e-10, 5.140562798727157e-11, 0.3038544161449629, 1.5787520600466164e-10, 0.15448490883323582, 0.2533408941515712, 9.880357056790632e-11, 6.072206187326987e-11, 5.6854979321340205e-11, 1.717140768255207e-10, 6.760161106120944e-11, 0.30385441589083956, 0.30385441516283845, 0.15448485934453632, 0.08397853323004517, 1.2841002259143533e-10, 0.3038544158536468, 0.08397853308756914, 1.1306231968276012e-10, 0.15448490917452104, 0.15448485941008755, 6.86746887813532e-11, 5.930304170805754e-11, 0.08397853325186805, 2.6131346848419416e-10, 0.15448485937241557]
v_opt: [0.3958630270236585, 0.6961455835513648, 0.48461870455709455, 0.09232751845180442, 0.06418161248239182]
solution time: 0.013278007507324219
McCormick lower bound: -6.275450879483402

