x_opt: [0.7450345195684127, 0.2549654960150056, 0.7450345198715747, 0.0865837969139721, 0.7450345015479104, 0.25496525935529757, 0.7450347509025662, 0.6949490004666529, 0.42677626607271957, 0.2549654783844986, 0.21293173609768523, 0.5732237350856931, 0.2549654964515377, 0.2549652489574041, 0.2549654864920795, 0.254966141993139, 0.08658379343422623, 3.4787833972177893e-9, 0.086583704286283, 0.08658369153641259]
w_opt: [0.7450345185140866, 0.4900690219721059, 1.076655374066501e-9, 6.191083888643476e-10, 0.3182582551016928, 0.2549654939120214, 4.818724372888252e-10, 1.8394762406559626e-8, 0.08658379237003071, 2.233172998405788e-9, 5.297922481497653e-10, 1.6222506652146608e-8, 1.034661103893662e-8, 0.2549654926533961, 0.25496547782437085, 0.254965247695677, 3.357478924633998e-9, 0.25496549563462606, 0.08658379508964703, 0.49006927119461496, 0.43998352076458014, 1.7004626683669282e-9, 0.31825825746692893, 0.2549661398902094, 1.8175908605028673e-9, 3.0894004880377167e-9, 0.08658370386192189, 1.0878724189278233e-9, 3.319784970189344e-10, 2.912830751129726e-9, 0.08658379620006866, 0.08658379614913035, 0.08658379357239061, 4.4760808228012294e-10, 4.98953798250497e-8, 0.08658379304222431, 5.696640753010271e-10, 1.1923661614082088e-9, 0.42677626571474103, 2.1892757257609296e-9, 6.527248060507378e-10, 5.901069476467183e-10, 1.1990466619285355e-9, 0.08658377175054716, 3.888057685943364e-10, 0.25496525723750807, 0.25496525800862585, 7.905349716314216e-10, 0.25496525863975145, 0.2549652466404979, 1.00286652833862e-9, 0.25496525888249755, 5.913520651051723e-10, 2.203603182223462e-9, 0.0865837037110601, 1.5453789735622124e-9, 0.5732237345019858, 3.7086998614009617e-7, 6.613138969621669e-10, 1.2982516077114841e-9, 1.513441885571464e-9, 0.42677626562617105, 6.021135321899047e-10, 0.25496548508426536, 0.08658379263312886, 0.08658370362817204, 6.639136026122504e-10, 4.731963885174428e-10, 3.2417078779481603e-9, 0.25496549607180713, 7.36242518182479e-10, 5.110225391408028e-10, 7.636578687448163e-10, 1.2651192356600342e-9, 1.1578782230254926e-9, 3.9543841357352797e-10, 0.2549654778173291, 9.278317147679146e-10, 0.08658369922721854, 0.2129317356945789, 1.0218087793060746e-9, 4.583890338414294e-10, 5.119652918457383e-10, 9.32539728748857e-10, 5.304738726846856e-10, 0.2549654859524096, 0.2549654865042965, 0.08658369081163396, 0.08658379180864423, 1.0252855506107125e-9, 0.2549654859159373, 0.0865837883660184, 7.85035325761405e-10, 0.0865837035037122, 0.08658369092419563, 4.79956994089895e-10, 5.428499877944674e-10, 0.08658369022982802, 2.953785864690463e-9, 0.08658369088991628]
v_opt: [0.6949490000561576, 0.7450345192515627, 0.5550764102909719, 0.06500740255411541, 0.04533992868719443]
solution time: 0.013283967971801758
McCormick lower bound: -5.831931589982144

