x_opt: [0.7277695701592342, 0.33914202340469257, 0.727769572329768, 3.243440287287099e-8, 0.7277695769710864, 0.22017397887147383, 0.779826031228831, 0.4106068636244039, 0.2722304260333472, 0.2722304238954769, 0.272229791984026, 0.5685081449353043, 0.2722304238417156, 0.22017396750771456, 0.2722304217193636, 0.33914202555440665, 2.9706862388829394e-8, 3.866251669852607e-9, 0.22017397360780444, 0.22017397155167864]
w_opt: [0.7277695696454052, 0.4555391477270928, 1.0002072671791109e-9, 1.1306324870387207e-9, 0.2962777158083519, 0.27223042096213546, 1.1176854629460473e-9, 3.3437682455815405e-9, 2.7882180860509065e-8, 2.2542600922844195e-9, 6.367247344669514e-10, 0.06691159652450498, 0.06691160571479614, 0.3391420173673542, 0.27223042316463886, 0.22017396600788583, 3.2586484222518604e-9, 0.33914202204025984, 3.002672546901472e-8, 0.5075956041653252, 0.13837643675591005, 1.4782339950291166e-9, 0.2962777200562565, 0.33914202074624433, 3.009623870220844e-9, 3.1140652577433563e-9, 0.22017397269157116, 2.3497693881822683e-9, 8.348012268929772e-10, 4.1615852820395345e-9, 3.075953760167467e-8, 3.1389724424776425e-8, 2.7580492962311806e-8, 5.943224088846914e-10, 1.0322155086531742e-8, 2.8854247881746985e-8, 9.306375792656871e-10, 1.2420230766159674e-9, 0.27223042522732105, 1.0929596868702743e-8, 2.35533140855606e-9, 7.366420881295619e-10, 2.148546589323931e-9, 2.3009079671716834e-8, 6.83611439467283e-10, 0.22017397716738454, 0.22017397501506109, 2.1871887951056523e-9, 0.2201739777554093, 0.2201739645610909, 1.0448849751666295e-9, 0.22017397825158502, 7.863238870414585e-10, 2.3388045389975e-9, 0.220173972687521, 2.1703922427324737e-9, 0.5685081441511429, 0.05205650005732285, 1.4088207160141585e-9, 7.803589787729315e-9, 9.77346216090587e-9, 0.27223042498802985, 1.0349983018885374e-9, 0.27223041949941457, 2.800870666562413e-8, 0.22017397228539998, 1.6128283004067665e-9, 4.746145667075549e-10, 7.464150864385996e-10, 0.2722304231046094, 1.6073730930120553e-9, 7.899706608920524e-10, 1.0961407899973347e-9, 1.266896335410835e-9, 1.4448273804455637e-9, 6.312292189840936e-10, 0.27223042255484375, 1.7395084553010592e-9, 0.22017396799580757, 0.2722297920444644, 1.1358438835949185e-9, 8.720300202520636e-10, 6.994427505737379e-10, 1.6237650798159789e-9, 7.397988038847041e-10, 0.2722304209816247, 0.27223040772909607, 0.22017397025690266, 2.6991881105695222e-8, 1.4783037636741567e-9, 0.2722304203778832, 2.5536142752389526e-8, 1.4966837584601374e-9, 0.2201739726198313, 0.22017397092038787, 7.885320839868513e-10, 6.485042075637268e-10, 2.776974041618966e-8, 2.907794223597829e-9, 0.2201739702478597]
v_opt: [0.41060686246019196, 0.7277695712034319, 0.5296487672908351, 0.07410959107462209, 0.07410906125801103]
solution time: 0.014273881912231445
McCormick lower bound: -5.5388166338913765

