x_opt: [0.7728735303219826, 0.22712731439450196, 0.7728743023751192, 1.811907560431043e-6, 0.7728734941251374, 0.22712644169605856, 0.7728736386535776, 0.6269306416852215, 0.41957344219033194, 0.2271256643112099, 0.22712642671319208, 0.5804265396274534, 0.22712649038838442, 0.22712632180756417, 0.2271257664113214, 0.2951919639696268, 1.7186228129755424e-6, 3.71710089689804e-8, 0.22712566506755305, 0.22712566900346115]
w_opt: [0.7728735207996028, 0.5457470277368516, 1.2011747078273836e-8, 9.919383037478095e-9, 0.35330007545210923, 0.22712645001086154, 1.9741587975050625e-8, 6.514939387231174e-8, 1.70485337062677e-6, 2.3310795731336228e-8, 5.355883521167366e-9, 1.6219752229689117e-6, 8.644210592484356e-7, 0.22712725471153364, 0.227125659091592, 0.2271263113795988, 5.0528848456087875e-8, 0.22712730915326254, 1.7882829988413246e-6, 0.5457479455674794, 0.3998049540336384, 2.4526323557276023e-8, 0.35330087614795114, 0.2951919095029184, 4.83291664001129e-8, 3.00406809850378e-8, 0.22712565857967731, 4.714782866355778e-8, 6.116148477963812e-9, 5.294466399908179e-8, 1.7993164647856793e-6, 1.8021851984714342e-6, 1.7420716155907748e-6, 5.340208069233502e-9, 1.8125971380742245e-7, 1.710696389452257e-6, 6.182013146944311e-9, 1.134628036448173e-8, 0.4195734387468922, 8.916522068814393e-8, 1.1597667054883161e-8, 7.42663529508021e-9, 1.1887172956318509e-8, 1.6377482188049047e-6, 6.809325059397344e-9, 0.22712642760537724, 0.22712639135386045, 2.4253234195344115e-8, 0.22712642840345965, 0.22712628178126498, 1.2322765378069098e-8, 0.22712643675787128, 8.291585687608835e-9, 2.3186730533297854e-8, 0.2271256588469834, 2.0448591949967487e-8, 0.5804265332990631, 2.1744943524233326e-6, 1.184202247030727e-8, 2.351954362349759e-8, 6.772912387305685e-8, 0.41957343377083856, 8.153853703625218e-9, 0.22712573831022229, 1.708390295508272e-6, 0.2271256565328591, 1.3414240775554154e-8, 4.900316768458815e-9, 1.3273969061111796e-8, 0.22712648552109652, 1.3133200157024265e-8, 6.901666197422281e-9, 9.717838958889342e-9, 1.5377478349403347e-8, 1.8055697150126e-8, 5.26028643020773e-9, 0.22712565752755046, 2.3599689150421414e-8, 0.22712549129016973, 0.2271264195771963, 1.1830980007998878e-8, 6.647561851206242e-9, 7.735731477964136e-9, 1.3794145029110955e-8, 6.309019871050245e-9, 0.2271257624967364, 0.22712637638053368, 0.22712566064075018, 1.6643535644966122e-6, 1.0504130649823502e-8, 0.22712575687231928, 1.6534092664666631e-6, 1.4092468616491697e-8, 0.22712565535759408, 0.2271256642744827, 6.720975943534312e-9, 5.828542026778892e-9, 1.6854356608280867e-6, 2.9776438681836418e-8, 0.22712563203138478]
v_opt: [0.6269306348507526, 0.7728742956137776, 0.5973335168120664, 0.05158607990006394, 0.051586427559928205]
solution time: 0.012907981872558594
McCormick lower bound: -3.895498580390812

