x_opt: [0.732332344457518, 0.34814482876757663, 0.7323323478634042, 0.17170515458429544, 0.7323323462246314, 0.17170553630408406, 0.828294492642765, 0.3873438791719223, 0.26766774357905837, 0.26766765572445633, 0.2071654309584911, 0.7323322527769563, 0.2676676533052517, 0.1717055074777493, 0.2676676425467087, 0.3481448409070202, 0.1717051227655411, 5.132750665301939e-9, 0.17170489165107441, 0.17170482811491986]
w_opt: [0.732332341797283, 0.4646646915993675, 2.225631121155643e-9, 1.17368969657666e-9, 0.46466459832639495, 0.2676676489665184, 1.0222897500406308e-9, 4.0259722357612084e-9, 0.17170512042566785, 3.04523371300299e-9, 1.178424141402266e-9, 0.08047717751221403, 0.08047718023045607, 0.34814482168322164, 0.26766765471392634, 0.17170550506907234, 4.164417850746168e-9, 0.3481448277097228, 0.1717051513729023, 0.5606268412050043, 0.11967622783482829, 8.223254072054818e-9, 0.46466460527270714, 0.34814483452814876, 3.233281937186105e-9, 4.440428456650996e-9, 0.1717048908734798, 2.4970355985013246e-9, 8.695273816853399e-10, 5.687891807515174e-9, 0.17170515332245093, 0.17170515290342006, 0.1717051502717577, 7.133740098432719e-10, 3.158896341856655e-8, 0.17170512220315398, 9.801618752064157e-10, 1.6362067251918454e-9, 0.26766774283397105, 1.4543900217489509e-8, 5.575335379332369e-9, 9.6315423012155e-10, 3.4151188148978795e-9, 0.17170510758281962, 6.55851145165451e-10, 0.17170553264266272, 0.17170553303741168, 1.921313249546261e-9, 0.17170553456917098, 0.17170549178220013, 1.7659940899305423e-9, 0.17170553546268646, 1.0483148009861696e-9, 3.1089697066487754e-9, 0.17170489067095754, 3.7348787908806525e-9, 0.7323322518345744, 0.09596227650762587, 2.54559606811367e-9, 5.233727232846996e-9, 6.8884353621140675e-9, 0.26766774265419807, 1.202122772176469e-9, 0.26766763999251747, 0.17170512126984994, 0.1717048900619912, 1.9405254280678213e-9, 7.994960699759514e-10, 1.827188789190471e-9, 0.26766765236916606, 1.2509455174766752e-9, 1.0967276137031128e-9, 1.1879808624133623e-9, 1.4135433612234458e-9, 1.5938477060854291e-9, 6.749771457983456e-10, 0.2676676523416136, 2.6780003430835146e-9, 0.1717048868668497, 0.20716543023173173, 1.593482722781348e-9, 7.782582305806902e-10, 7.370046827786506e-10, 2.665032730883119e-9, 1.0790878683443927e-9, 0.26766764149582617, 0.26766763993879517, 0.17170482625849764, 0.1717051179243492, 2.1074948234263497e-9, 0.267667641143431, 0.17170511827582005, 1.5110570063356355e-9, 0.17170489006766643, 0.17170482698053074, 1.042969988786887e-9, 9.311668303732685e-10, 0.17170481790136968, 4.066320289521527e-9, 0.17170482431107226]
v_opt: [0.3873438781867766, 0.7323323463586078, 0.5363106753151367, 0.07164606173421585, 0.042917524038879974]
solution time: 0.012859821319580078
McCormick lower bound: -7.276894833399021

