x_opt: [0.7491701466010717, 0.2508300547015825, 0.7491701465890362, 0.2508298475587948, 0.7491701442958337, 0.25082984839469485, 0.7491701507133808, 0.6978186781386853, 0.36508862897440897, 0.2508298527199663, 0.1871940649452713, 0.6604450073741103, 0.25082985407601743, 0.2508298488878532, 0.2508298428454326, 0.2508302908149457, 0.2508298464026715, 1.762826157393748e-9, 6.607098048316651e-8, 3.736935276215056e-8]
w_opt: [0.7491701455570494, 0.49834029144436703, 7.459565074301729e-10, 4.261281341783645e-10, 0.4096151543250018, 0.2508298523745059, 3.778796591131454e-10, 1.3136339199988269e-9, 0.2508298456988581, 1.0559099790299763e-9, 4.065594877836228e-10, 2.0153959626343038e-7, 2.0077453265802622e-7, 0.2508300527410008, 0.25082985237485633, 0.2508298480053711, 1.4455698120946879e-9, 0.2508300544582655, 0.25082984655967483, 0.4983402975483872, 0.4469888250097436, 1.4712409772770188e-9, 0.40961515542362914, 0.25083028918598294, 1.381341565520909e-9, 1.5229753688536475e-9, 6.581946357766318e-8, 9.064206848134289e-10, 2.648908224983409e-10, 1.4066084527989996e-9, 0.2508298471696848, 0.250829846976938, 0.250829844942061, 2.634065819450967e-10, 6.85564834561468e-9, 0.2508298461238635, 3.2022934170164307e-10, 5.779569378093287e-10, 0.36508862874966586, 2.0103284121133205e-9, 4.926980445429542e-10, 3.9631178601698407e-10, 6.745451978200201e-10, 0.2508298418626763, 2.3012203720018017e-10, 0.25082984699743033, 0.2508298471877784, 6.227196799647955e-10, 0.2508298476630978, 0.25082984598233204, 6.288930580118911e-10, 0.2508298480785778, 3.8478229997943453e-10, 1.0454075458789999e-9, 6.576307984829235e-8, 8.824195915974355e-10, 0.6604450070035025, 3.545908038095362e-8, 5.048212207806095e-10, 6.863032870209367e-10, 1.0658614586458315e-9, 0.36508862865739117, 3.8928416797523835e-10, 0.25082984175693446, 0.2508298459428351, 6.561804412652944e-8, 5.13012775522313e-10, 3.3610890320787306e-10, 0.025533637110523293, 0.25082985372695454, 3.9980129353117113e-10, 3.628564390102763e-10, 4.1108759349176707e-10, 5.40656204636292e-10, 5.785615278661984e-10, 2.368689671388956e-10, 0.25082985230328514, 8.291725490150478e-10, 6.402323617898881e-8, 0.1871940646821512, 5.194526527722453e-10, 2.483799887953542e-10, 2.8623915960753673e-10, 8.531713158338229e-10, 3.623349994698478e-10, 0.25082984249821316, 0.2508298493522383, 3.679189218164371e-8, 0.25082984482428666, 6.116227988321249e-10, 0.25082984240991446, 0.25082983990525715, 4.73686004418409e-10, 6.540106456042314e-8, 3.70302330360384e-8, 3.2597520012368446e-10, 3.4611365301388476e-10, 3.614757229411752e-8, 1.3931518000900205e-9, 3.7013210972398994e-8]
v_opt: [0.6978186778551859, 0.7491701461511975, 0.5612559072484848, 0.0629156153468289, 0.03504170665235296]
solution time: 0.013057947158813477
McCormick lower bound: -6.323926882517626

