x_opt: [0.6687823327829103, 0.33121865589833077, 0.6687823595897794, 0.08299249057690421, 0.6687818668687753, 0.15952202588891823, 0.8404786886509175, 0.44274907434162775, 0.3312205772462928, 0.33121750894217, 0.24922548247695614, 0.6687794760677439, 0.33121808524830487, 0.15952133425715248, 0.33121795326634773, 0.33122093528804547, 0.08299246668047118, 1.6512460503406985e-7, 0.08299269890488824, 0.08299202511056399]
w_opt: [0.6687822986468399, 0.3375642156271385, 3.298770462254934e-8, 2.8755120116779606e-8, 0.3375618265923611, 0.33121798398966446, 2.259351948094769e-8, 5.397726281327889e-7, 0.0829924155826792, 1.0921386162927283e-7, 2.3817737077300016e-8, 1.0297436891587918e-6, 7.75808136659187e-7, 0.3312184246828151, 0.3312174886904798, 0.15952128395512455, 2.8234422991312795e-7, 0.331218639911759, 0.08299240691846621, 0.5092610660594964, 0.11153145091011456, 6.535783019114712e-8, 0.3375619707284105, 0.3312208192724224, 9.952194542123914e-8, 1.477007413452191e-7, 0.08299268107936661, 6.196621055756417e-8, 1.4007229688077803e-8, 2.2170013422738593e-7, 0.08299245925455609, 0.08299246090684112, 0.08299230061129893, 1.7877820477059747e-8, 1.0274103693704403e-6, 0.08299244404238786, 2.377989471222306e-8, 5.390077428882446e-8, 0.3312205629991331, 2.3165891967207373e-7, 2.6720135668693082e-8, 2.364204916750596e-8, 6.059923498893458e-8, 0.08299190679652296, 1.7324276161302574e-8, 0.15952191676445798, 0.15952192649344196, 4.441558299563777e-8, 0.15952199875394396, 0.1595212306585018, 5.655272646667843e-8, 0.15952200841990885, 2.6942715516537788e-8, 1.0483634824238117e-7, 0.08299267703899071, 8.883402435607875e-8, 0.6687794517041437, 0.17169877641543224, 5.391189203305985e-8, 6.017806745340737e-8, 8.040325615424752e-8, 0.33122055862050254, 2.7711984533036376e-8, 0.33121788853296735, 0.08299242943252648, 0.08299266741427723, 3.056449079201343e-8, 1.8344365300446394e-8, 1.011522701126272e-7, 0.33121806779296215, 3.772180555153328e-8, 2.220135861973569e-8, 3.679624847252083e-8, 5.8742027549572674e-8, 6.324201521887084e-8, 1.5955298480101774e-8, 0.33121748816417984, 4.421382236449234e-8, 0.08299242742182977, 0.24922546687364558, 5.1754517729514733e-8, 2.0126818899319875e-8, 1.9893980994175864e-8, 4.975112187169489e-8, 2.446012847404859e-8, 0.33121793424237084, 0.33121768282852215, 0.08299199390918112, 0.08299240117925695, 5.390210019870466e-8, 0.3312179278865383, 0.08299225314041019, 3.9992033101400636e-8, 0.08299266767584533, 0.08299200367091551, 2.2109125148107105e-8, 2.3046434215385436e-8, 0.08299189154890506, 1.4402168642277094e-7, 0.08299199292280152]
v_opt: [0.44274905713448304, 0.6687823352421652, 0.44726929539719507, 0.10970538206598772, 0.062114303810099414]
solution time: 0.013200998306274414
McCormick lower bound: -6.013049326319404

