x_opt: [0.6913041388073302, 0.2526083404922106, 0.8734449485965471, 0.12655505436017922, 0.7473921817278267, 0.25260763040132544, 0.7473923317380285, 0.8452664993818076, 0.5355456161051034, 0.12655504843955384, 0.1547328663164383, 0.46445432155014604, 0.25260765397392815, 0.2526076414666541, 0.12655507930221752, 0.25260837838650146, 0.12655502363128224, 1.6538446835478004e-8, 0.12655507259217239, 0.12655507263204946]
w_opt: [0.6913041355523489, 0.438696322387899, 5.293166414109934e-9, 3.239738064707683e-9, 0.1557584633241752, 0.2526076320950432, 6.3525163784821425e-9, 1.3700034509493932e-8, 0.12655501619512155, 9.937462653060774e-9, 2.222832951210501e-9, 0.12605329275183486, 6.23016413983063e-7, 0.2526083179438417, 0.12655504433707437, 0.2526076353725158, 1.655346633200507e-8, 0.25260833665457777, 0.1265550410159387, 0.6208372826829222, 0.7187114550450664, 4.901850070737745e-9, 0.33789928711890704, 0.25260835066927884, 1.5481908634339682e-8, 1.1611813634476708e-8, 0.12655506871461863, 3.220959044584256e-8, 4.041018540412138e-9, 3.115758845856284e-8, 0.12655504851578353, 0.12655504953479205, 0.126555018618006, 2.7219536481587775e-9, 1.4551245038524073e-7, 0.1265550200907335, 3.207518797029201e-9, 5.224159668428158e-9, 0.5355456139065526, 3.5610048729793795e-8, 5.136087281608893e-9, 3.20823263315674e-9, 5.424727942502884e-9, 0.1265549559008361, 2.8066097313628503e-9, 0.25260762359493993, 0.2526076059639767, 1.0920378465408145e-8, 0.2526076206478141, 0.25260761698118017, 4.3023454194770945e-9, 0.2526076271389775, 4.091367718287342e-9, 1.0267607720197837e-8, 0.12655506927967347, 8.06784041552741e-9, 0.4644543187208758, 9.674029712241564e-7, 5.097607145464886e-9, 6.320308435758613e-9, 2.4245711847160798e-8, 0.5355456099913573, 4.796748298925324e-9, 0.12655506230728947, 0.12655501897101104, 0.12655506810332887, 6.707473980424957e-9, 2.413979983550241e-9, 1.015408669810234e-8, 0.25260764876546565, 4.767365352113257e-9, 3.4580551308327202e-9, 4.084064093075315e-9, 5.6240779459950285e-9, 6.563313718081844e-9, 2.4542252325649483e-9, 0.12655504441988283, 1.3743073393303966e-8, 0.12655499631814207, 0.1547328601081666, 4.581362354280817e-9, 2.7142235142206976e-9, 3.743132231067761e-9, 7.205283332222506e-9, 2.839848328620526e-9, 0.1265550760145749, 0.2526075540455193, 0.1265550680629579, 0.12655499875547865, 4.483728456454728e-9, 0.1265550721197163, 0.12655499399296322, 6.874860583056766e-9, 0.12655506270881153, 0.12655506920980072, 2.9383462848431486e-9, 2.9435221797113305e-9, 0.1265550095966551, 1.1677339967630062e-8, 0.12655506403018552]
v_opt: [0.8452664950583592, 0.8734449452088053, 0.5585951569414845, 0.016016187076192637, 0.023942286950923382]
solution time: 0.018303871154785156
McCormick lower bound: -3.3138746814879423

