x_opt: [0.7124015026414977, 0.2875986923914586, 0.7124015081792898, 0.19320736004491226, 0.7124015075865384, 0.19320731461548546, 0.8067926677894399, 0.48687577340746846, 0.28759866034786147, 0.28759849018562833, 0.2071389128812311, 0.7124013457175298, 0.28759849245296015, 0.1932073345243441, 0.2875984570280742, 0.2875987323748764, 0.19320733890097153, 1.9301195499787702e-8, 0.08617453536049324, 0.030465650404394348]
w_opt: [0.7124014969536074, 0.4248030138849492, 8.188366557369422e-9, 5.092068054656156e-9, 0.4248028525819871, 0.2875984760956875, 3.820571237715132e-9, 1.5024320883045796e-8, 0.19320733003760251, 1.1142080476015967e-8, 4.780106280453014e-9, 2.0395246476138374e-7, 2.1869899941534768e-7, 0.28759866935026634, 0.2875984866627214, 0.19320732438473873, 1.4683220519912599e-8, 0.2875986887860171, 0.19320734839433154, 0.5191941788634175, 0.19927728475353398, 1.529829738007074e-8, 0.42480286958387786, 0.2875987123317386, 1.3545288639239227e-8, 1.6535971664727354e-8, 0.08617453224984832, 1.0114157366567624e-8, 3.3492308234565193e-9, 1.580699240625626e-8, 0.19320735516660237, 0.19320735304218725, 0.19320734022826538, 2.961956908526632e-9, 7.893709061002346e-8, 0.19320733581659363, 3.839748546115006e-9, 6.508190318542783e-9, 0.287598657437447, 2.961145547859423e-8, 9.470378030798528e-9, 4.159721273160174e-9, 8.98613414432901e-9, 0.19320728877386123, 2.6898472208441513e-9, 0.19320730004324502, 0.19320730132278569, 7.48439029663669e-9, 0.19320730734037106, 0.19320729647674195, 6.726554501858089e-9, 0.19320731105026318, 4.196607843476575e-9, 1.127523582471644e-8, 0.08617453182714982, 1.1109601400374031e-8, 0.7124013415332937, 0.09439139115897528, 8.616736047638985e-9, 8.454231227057341e-9, 1.2468862180173721e-8, 0.287598656641543, 4.679762072332587e-9, 0.28759844576796034, 0.19320733297937248, 0.08617452935765747, 6.62035903750531e-9, 3.4102440773138294e-9, 1.3822696174839353e-8, 0.2875984885196936, 4.853563785199332e-9, 4.306910898973687e-9, 4.673982556922092e-9, 5.770299832118984e-9, 6.166394113977829e-9, 2.8325678696125268e-9, 0.2875984845257029, 9.195150796286064e-9, 0.08617451073774787, 0.20713890986850636, 5.803309755374478e-9, 3.1103756992364644e-9, 3.164138934608966e-9, 1.0594551800700492e-8, 4.189913947619303e-9, 0.28759845274977347, 0.2875984198918618, 0.030465642826863985, 0.1932073142488518, 7.758062325710184e-9, 0.2875984514015558, 0.19320731962396545, 5.570978795214003e-9, 0.08617452808848654, 0.03046564667179526, 3.997479342446368e-9, 3.771646350319409e-9, 0.03046563806344458, 1.4970110750860638e-8, 0.030465645902265037]
v_opt: [0.48687576970171925, 0.7124015022799389, 0.5075160586692333, 0.08271304016600638, 0.04290653354286754]
solution time: 0.013952016830444336
McCormick lower bound: -7.189238953345293

