x_opt: [0.27573297953272097, 0.12467784142292795, 0.907772823012686, 0.12466709521399576, 0.8753330175886262, 0.09222593175465348, 0.7242671435130451, 0.87538138359841, 0.8753329921420145, 0.09222590732366952, 0.12461861807575997, 0.7242671038136509, 0.0922258992711101, 0.12466696822656843, 0.09222578586009339, 0.35162500555111875, 0.12466699830665606, 4.265124913644357e-8, 0.09222592904201848, 0.09222578337006108]
w_opt: [0.27573296688266036, 0.15106599954074051, 2.1942436177250266e-8, 4.852404906221021e-9, 9.181020047563807e-8, 0.09222580502893264, 7.733921531371415e-9, 2.302021115284686e-8, 0.12466698938039807, 2.9721109880933248e-8, 5.0539474567062484e-9, 0.0324506684753539, 1.0897100360907032e-5, 0.12467781589867775, 0.09222589724387836, 0.12466695775403774, 3.1678244490904204e-8, 0.12467783675332776, 0.12466707584334105, 0.6320399691553528, 0.7831542168792421, 1.6733565086934995e-8, 0.6320399623611769, 0.35162496727955805, 0.032439838527589644, 3.664434522915484e-8, 0.0922259258810663, 1.672544079429217e-8, 1.206948644915785e-7, 4.178612864254208e-8, 0.12466709113707815, 0.12466707731731841, 0.09222588507264531, 4.1785386484863785e-9, 3.1026610244302733e-7, 0.1246669953638262, 3.6558461016992626e-9, 8.280656247084609e-9, 0.8753329884749619, 4.822860247289893e-8, 8.724771798589846e-9, 1.5461400747712567e-8, 1.0840314982003979e-8, 0.12466684721045487, 3.345702265552942e-9, 0.09222591152880572, 0.09222589373087654, 1.4521649691682658e-8, 0.09222588044084687, 0.09222591730576422, 1.0660911231001648e-8, 0.09222592554315008, 7.643167905937135e-9, 3.0256188958746267e-8, 0.09222592443153298, 1.4520713424859966e-8, 0.7242670975504142, 2.3124776039481446e-6, 5.453031842686685e-9, 8.267416988011103e-9, 3.1572348357982704e-8, 0.8753329858918447, 1.3694175168246806e-8, 0.0922257162257104, 0.12466699447973181, 0.09222592316451171, 1.024352378515273e-8, 6.342016645977974e-9, 0.5996001050149282, 0.09222587074864459, 4.352087824731823e-9, 1.529646617437378e-8, 5.651722641894565e-9, 8.343271939167938e-9, 1.0088480238032985e-8, 3.102069302742475e-9, 0.09222588839764631, 4.479033365025614e-8, 0.09222583336270745, 0.12461861030819113, 8.46879421460632e-9, 2.4262926838896223e-9, 5.205787076862809e-9, 1.767771410906534e-8, 5.4075891006067974e-9, 0.09222577390979987, 0.09222580606126085, 0.09222577581043344, 0.12466688406552336, 6.765823382408207e-9, 0.09222577615030632, 0.09222575581960582, 1.1334862288773904e-8, 0.09222575820138093, 0.09222577481673712, 4.030037265580714e-9, 6.718728663812509e-9, 0.09222576063035104, 3.573695606502285e-8, 0.09222577465681824]
v_opt: [0.8753813801368756, 0.9077728182765544, 0.7662115479528645, 0.008505899688803487, 0.015529815903890075]
solution time: 0.01541590690612793
McCormick lower bound: -3.7622420287642084

