x_opt: [0.772748585653009, 0.31882951183048147, 0.7727486049856501, 0.19503854267982632, 0.7727485994229079, 0.19503864286135883, 0.8049613797916658, 0.4513786115634855, 0.26253324138669165, 0.22725140638582458, 0.22724976154964885, 0.737466750292299, 0.22725140516905362, 0.19503861449064358, 0.22725136727252748, 0.3188296012247113, 0.19503845364003938, 2.7047345110833783e-8, 0.19503856808369058, 0.19503850310756624]
w_opt: [0.7727485754337926, 0.5454971890981232, 1.0454897928902626e-8, 5.919921056927459e-9, 0.5102153408245733, 0.22725138405167655, 5.755227664304087e-9, 2.3079222122268877e-8, 0.19503844211511837, 1.6110809686754216e-8, 4.635422890653454e-9, 0.09157812127713215, 0.0915781562629513, 0.31882947774226705, 0.22725140070385377, 0.19503860420616057, 2.1107540840095005e-8, 0.3188295065067088, 0.1950385265654879, 0.5777099885386417, 0.22412722131897123, 3.442491091197693e-8, 0.5102153755610435, 0.3188295726767317, 1.7538150528551507e-8, 2.2785857567295685e-8, 0.19503856338847317, 1.1440169231453513e-8, 4.711897544549554e-9, 2.651994179147194e-8, 0.19503853492065631, 0.1950385349940961, 0.19503851420074306, 3.853522621877921e-9, 1.7728471968347843e-7, 0.1950384489876666, 5.372039395912625e-9, 8.387277330617543e-9, 0.2625332373579325, 5.401657943914853e-8, 1.492863819062021e-8, 4.89663767651545e-9, 1.0881854182321616e-8, 0.19503838030648118, 3.772843193539744e-9, 0.19503862894823307, 0.19503862312167183, 1.0505633676618346e-8, 0.19503863502850313, 0.19503858591967624, 7.424632484589191e-9, 0.19503863851156114, 5.35231671719069e-9, 1.6578233640306228e-8, 0.19503856271573078, 1.327890041496746e-8, 0.7374667452416214, 0.03221311646842238, 8.349900169193921e-9, 1.3908969322481744e-8, 3.294161426671444e-8, 0.2625332357474414, 6.074460929121471e-9, 0.22725135242662753, 0.1950384451839954, 0.19503856044937157, 8.931996073709726e-9, 3.6627377960171107e-9, 9.32818631481185e-9, 0.227251400610873, 7.352162831970816e-9, 5.266580324368116e-9, 6.530301633595649e-9, 7.801852439738338e-9, 8.485766463901541e-9, 3.6852012979720386e-9, 0.2272513960999009, 1.1849113346005043e-8, 0.1950385361917177, 0.22724975701359212, 7.599506911869468e-9, 4.447767641010956e-9, 4.252003842783651e-9, 1.028075735474113e-8, 4.984560080865858e-9, 0.2272513624180248, 0.2272512837799614, 0.1950384947071121, 0.19503843148000785, 9.025305896518883e-9, 0.22725135984738873, 0.1950384267697717, 8.61717047020248e-9, 0.19503856044059525, 0.19503849874766951, 4.9554548645286075e-9, 4.573045859473325e-9, 0.19503841831145094, 2.1122122543246872e-8, 0.19503848893047634]
v_opt: [0.4513786060075481, 0.7727485981080595, 0.597140890151557, 0.05164321494449743, 0.05164341722308336]
solution time: 0.0166928768157959
McCormick lower bound: -5.665546868695024

