x_opt: [0.7994138156861915, 0.2005861875368466, 0.7994138177343767, 0.20058609565210658, 0.7994138049796862, 0.2005861934229872, 0.7994138156128369, 0.5470593841303784, 0.28055780519812396, 0.20058618196030292, 0.20058453860545783, 0.7194421992189631, 0.20058619428747126, 0.2005861842231531, 0.20058616357787498, 0.3334252100352211, 0.20058609533515848, 8.427697448305462e-10, 0.20058609304951294, 0.20058609276385175]
w_opt: [0.7994138155404749, 0.5988276207632804, 2.5737606806938843e-10, 1.9049709599266895e-10, 0.5188560150239182, 0.20058619349743426, 4.1912283471116343e-10, 8.82789448612734e-10, 0.20058609505973626, 5.39195139697023e-10, 1.6215541482294254e-10, 5.364034176141731e-9, 1.2651589772741055e-9, 0.2005861864387494, 0.20058618180718812, 0.20058618370085196, 1.6544518885519258e-9, 0.20058618743419163, 0.2005860951272292, 0.5988276334642207, 0.3464732020212002, 3.6401667380590267e-10, 0.5188560177328755, 0.33342520939632103, 5.258561202157413e-10, 7.236799019916748e-10, 0.20058609292876683, 3.3954670759559705e-10, 1.0345458499772995e-10, 1.1265433835613114e-9, 0.2005860954535117, 0.20058609542864306, 0.20058609391940457, 1.3323109809809123e-10, 8.927670489953959e-9, 0.20058609513140405, 1.4749988226583675e-10, 3.375463710760752e-10, 0.2805578051171352, 8.250467964097226e-10, 2.0631911511183818e-10, 1.866414953889811e-10, 2.375154582907887e-10, 0.2005860912612291, 1.257998426336395e-10, 0.20058619286660548, 0.20058619283134366, 2.7247002476455834e-10, 0.20058619316393383, 0.20058618385465535, 3.186482218447363e-10, 0.20058619328935862, 1.8702781062940244e-10, 5.307871723109478e-10, 0.20058609287911933, 3.9298325278593213e-10, 0.7194421990351724, 3.64841744233284e-8, 1.9741528495170538e-10, 4.1076162652586206e-10, 6.028945983951422e-10, 0.280557805048835, 1.714101593232912e-10, 0.2005861631076167, 0.20058609512712783, 0.20058609287685233, 1.8851376949884957e-10, 1.35823752980601e-10, 5.626005527959016e-9, 0.20058619414584067, 2.2008222032617127e-10, 1.470208464673751e-10, 2.1791892663462478e-10, 3.7833373450691853e-10, 4.0254689861098163e-10, 1.2450155963621264e-10, 0.20058618180731058, 3.3389726143416993e-10, 0.20058609150696077, 0.20058453847479513, 2.7087568966809526e-10, 1.331177066886864e-10, 1.768321407695519e-10, 2.9555845396668226e-10, 1.4322254634066612e-10, 0.20058616347056224, 0.20058619244693746, 0.2005860925680947, 0.20058609471108138, 2.5413736435530935e-10, 0.2005861634170335, 0.20058609432139057, 2.3578493443411494e-10, 0.2005860928459647, 0.20058609260134294, 1.3765867595868342e-10, 1.5061974570701158e-10, 0.20058609128882302, 6.981257497130182e-10, 0.20058609205364192]
v_opt: [0.5470593840253956, 0.7994138175855456, 0.639062471097395, 0.04023482634502783, 0.04023415996691093]
solution time: 0.015469074249267578
McCormick lower bound: -4.772362713479561

