x_opt: [0.7252176800269879, 0.27478235517567967, 0.7252176827051131, 0.23283022932122494, 0.7252176702601308, 0.23283029379394238, 0.7671696913256236, 0.6263784820602353, 0.3379592915809338, 0.2747823161488711, 0.19512715096812097, 0.6620407262642609, 0.2747823239854041, 0.23283030941958416, 0.2747823140010541, 0.27478244503785715, 0.23283021692586062, 9.473697312429276e-9, 1.8525290567780286e-7, 1.401934101267055e-7]
w_opt: [0.725217676909551, 0.450435351863826, 4.273558190946069e-9, 2.8008657466728703e-9, 0.3872584082052827, 0.27478231581825635, 1.7907557364368188e-9, 1.3980731065775577e-8, 0.23283021320140568, 5.778680417827607e-9, 2.510876958285982e-9, 3.91157215719458e-8, 3.7726930897728864e-8, 0.2747823434354261, 0.27478231399370645, 0.23283030392406132, 1.098428238728933e-8, 0.27478235376071497, 0.2328302239536868, 0.4923873755731705, 0.35159616620431877, 7.78289231955328e-9, 0.387258417254507, 0.2747824375521668, 6.687437701998284e-9, 8.233152410704135e-9, 1.8385170436524673e-7, 4.801415986469593e-9, 1.2353247230777833e-9, 7.871975340655814e-9, 0.2328302270640131, 0.2328302261355367, 0.23283021665199313, 1.566036594960727e-9, 4.5256779694481716e-8, 0.23283021535387222, 1.8656517370257306e-9, 3.646651665801815e-9, 0.3379592902483643, 1.0640087679760662e-8, 2.324165791357827e-9, 2.3857200083839676e-9, 4.3044909728282594e-9, 0.23283018974687616, 1.3608734628184192e-9, 0.23283028375595535, 0.23283028735279446, 3.0687382314257083e-9, 0.23283029084104703, 0.23283027968386877, 4.352446293131952e-9, 0.23283029196271798, 2.171851943043116e-9, 5.541811387633683e-9, 1.8328402766773405e-7, 5.085732070455225e-9, 0.6620407238300063, 0.04195215793666515, 3.2935220346955707e-9, 4.134194490897592e-9, 5.807783686687071e-9, 0.33795928997550745, 2.2232865266651264e-9, 0.2747823085714065, 0.23283021409784196, 1.8285039559508398e-7, 2.328290651508718e-9, 1.943946862374107e-9, 2.2318614457367727e-8, 0.27478232210832293, 2.4861699790748992e-9, 1.9442316135695358e-9, 2.474111338278865e-9, 3.767905529434579e-9, 3.874834953376908e-9, 1.459539826675708e-9, 0.2747823136110586, 3.5686742049209e-9, 1.738658114330472e-7, 0.19512714948850954, 3.1011249068115652e-9, 1.551016307881306e-9, 1.758633496460299e-9, 4.362197293645752e-9, 2.0298962888148413e-9, 0.27478231202856407, 0.2747822872954061, 1.372251164553236e-7, 0.23283020735639803, 3.78641055301362e-9, 0.2747823117434655, 0.23283020541315338, 2.4183710474621657e-9, 1.8203222459524152e-7, 1.3765951285892662e-7, 1.8306023176609502e-9, 1.965898597248258e-9, 1.3381232941075215e-7, 7.59540002724302e-9, 1.3795797773547587e-7]
v_opt: [0.6263784806112981, 0.7252176802271931, 0.5259407664763112, 0.07550542096758538, 0.0380746167303137]
solution time: 0.013375997543334961
McCormick lower bound: -6.972299599158658

