x_opt: [0.6472473933434459, 0.3527525520370917, 0.6472474742566572, 0.06904161825229203, 0.6472474605733626, 0.1567568208554094, 0.8432437953959738, 0.41596876417381107, 0.35275259809165216, 0.35275253170229853, 0.20433620053949292, 0.6472473654188543, 0.35275253111634397, 0.15675621433666528, 0.35275251829646503, 0.35275265268477096, 0.06904159214202979, 2.000829243702308e-8, 0.06904247322091009, 0.06904241434503108]
w_opt: [0.6472473886835178, 0.29449485747293036, 5.724118737912694e-9, 6.023246506413119e-9, 0.2944947628361714, 0.3527525140487811, 4.513333037532664e-9, 1.8866147176196044e-8, 0.06904158317839061, 1.1965375011815182e-8, 4.9700909877672396e-9, 2.986233456731924e-8, 3.327118816754931e-8, 0.3527525214333548, 0.3527525261551848, 0.15675620339488824, 1.9903397946018436e-8, 0.35275254725827887, 0.06904160545167445, 0.4904912730100309, 0.06321624173105403, 1.9692568296385442e-8, 0.29449485632099537, 0.35275263394364337, 1.7799085909562643e-8, 1.717664040711536e-8, 0.06904246974333393, 1.6785484717446498e-8, 3.0914458495241875e-9, 2.2228901328333785e-8, 0.069041612164927, 0.06904161162394772, 0.06904158332645562, 3.3824230635002826e-9, 1.6494265099862752e-7, 0.06904158704464242, 4.465400153175085e-9, 7.737977529957554e-9, 0.35275259481617827, 2.2338526995964606e-8, 6.276388257330992e-9, 4.9137119415841885e-9, 1.073871914180487e-8, 0.06904153618939537, 3.259145490221231e-9, 0.15675680523771293, 0.15675680489400112, 8.191935797018035e-9, 0.15675681452115175, 0.1567561794378217, 7.765622236080546e-9, 0.15675681721426601, 4.640085877831129e-9, 1.1921459771839571e-8, 0.06904246893568064, 1.2975052884888384e-8, 0.6472473603514973, 0.1959966866721643, 1.517771440617996e-8, 1.159639207038808e-8, 1.8497625219699674e-8, 0.3527525941910576, 5.190861069472433e-9, 0.3527525075773579, 0.06904158476404283, 0.06904246747144391, 6.265692550887047e-9, 3.4483387995319226e-9, 6.961436234064398e-9, 0.3527525274447246, 6.450433438236785e-9, 4.3441871431118205e-9, 5.518845904514567e-9, 8.354707146755572e-9, 8.29954859221541e-9, 3.6759046091086006e-9, 0.3527525283550259, 8.468633976896902e-9, 0.06904243846244011, 0.20433619734623548, 6.4651801749188315e-9, 3.917215062888656e-9, 4.3258768157814106e-9, 1.222263379114731e-8, 4.266243818684079e-9, 0.35275251403485863, 0.35275237780588325, 0.0690424074821028, 0.06904157857780584, 9.172355993662862e-9, 0.35275251031114213, 0.06904156494557084, 5.899840110175344e-9, 0.0690424669529297, 0.06904240905389344, 4.247859316982034e-9, 3.913955800170095e-9, 0.06904152792379069, 1.5927939578662363e-8, 0.06904240023908605]
v_opt: [0.41596876043982894, 0.647247468688496, 0.4189304288784384, 0.12443493181395371, 0.04175371294749665]
solution time: 0.02794504165649414
McCormick lower bound: -6.7738684867050285

