x_opt: [0.7490592203426497, 0.2509423075071673, 0.7490592209050965, 0.2509407625195557, 0.7490592153356401, 0.25094076352464806, 0.7490592348545342, 0.6953405637817848, 0.3608462307305067, 0.25094077909194906, 0.1904876715204279, 0.6602828757822223, 0.2509407811247708, 0.2509407648723643, 0.2509407572869792, 0.25094665388973636, 0.2509407604666975, 3.0804041240144593e-9, 9.979940727221982e-8, 6.190577980827186e-8]
w_opt: [0.7490592191507964, 0.4981184356805352, 1.4541854336579565e-9, 7.732996780335398e-10, 0.40934209678141237, 0.2509407782824365, 6.190255872659469e-10, 2.144696297324267e-9, 0.25094075917410585, 1.8222971468581688e-9, 7.34324613826947e-10, 1.5288819622007573e-6, 1.524799934191201e-6, 0.25094230391666883, 0.25094077840828644, 0.2509407633457981, 2.6272086030158323e-9, 0.25094230705773024, 0.25094076069212934, 0.4981184562109343, 0.44439978519546885, 2.8949264735721603e-9, 0.40934209941273025, 0.2509466508941749, 2.2238168787493166e-9, 2.6481208241411508e-9, 9.934129983207608e-8, 1.4268028446125406e-9, 4.962822160348e-10, 2.7090234623488037e-9, 0.2509407618202918, 0.2509407614603205, 0.2509407585683932, 4.677868356926121e-10, 1.3095401340056621e-8, 0.2509407599788804, 5.650632540254214e-10, 1.024685769607935e-9, 0.3608462303269543, 3.5592958568533384e-9, 9.247614559901749e-10, 6.891925693762821e-10, 1.2131755453126698e-9, 0.250940751615762, 4.0838669190635147e-10, 0.25094076096365375, 0.2509407614124469, 1.1097252025575264e-9, 0.2509407623705075, 0.25094076025957385, 1.1466937546296979e-9, 0.25094076294859713, 6.82873222531731e-10, 1.8117135925233275e-9, 9.924909309500844e-8, 1.6604823912582903e-9, 0.6602828751278926, 7.461283618897778e-8, 9.833067474199366e-10, 1.228449728309865e-9, 1.852062311411738e-9, 0.3608462301725488, 7.00612074299531e-10, 0.2509407553909014, 0.2509407596410192, 9.895610922976801e-8, 9.338506679370276e-10, 5.911763567338285e-10, 0.021129107733879434, 0.2509407804739104, 7.031885139948242e-10, 6.545013185119578e-10, 7.166918132042147e-10, 9.356631252516844e-10, 1.0162490642838952e-9, 4.236855148473717e-10, 0.25094077824624067, 1.4864416204360159e-9, 9.603321347878209e-8, 0.19048767183103488, 9.394579057042869e-10, 4.4838596742825533e-10, 5.055259367174737e-10, 1.5447252118269556e-9, 6.499009145504584e-10, 0.2509407566414504, 0.25094077431544215, 6.085495948475336e-8, 0.25094075793510806, 1.1029140657013372e-9, 0.250940756481387, 0.2509407525744535, 8.444702968009619e-10, 9.859611573983371e-8, 6.12815835001115e-8, 5.913783215311407e-10, 6.122087414000119e-10, 5.976739978284897e-8, 2.4115164999629838e-9, 6.110298694758673e-8]
v_opt: [0.6953405632607504, 0.7490592200945686, 0.5610897118235776, 0.06297127510352647, 0.03628563042508792]
solution time: 0.015249013900756836
McCormick lower bound: -6.425168305962968

