x_opt: [0.7908460721930093, 0.314815927893308, 0.7908460728467822, 0.20915378194429035, 0.7908460676365582, 0.209153924990161, 0.7908460708192485, 0.4707275613088827, 0.26667518645826455, 0.20915392715967143, 0.2091539095278997, 0.7333248042489143, 0.20915393073588104, 0.20915391855401605, 0.20915392433986701, 0.31481593220564436, 0.20915375867773803, 3.6158592154932175e-9, 0.20915391742336711, 0.20915391585091295]
w_opt: [0.7908460709573598, 0.5816921402331767, 1.5223009028345861e-9, 4.607704445225659e-10, 0.5241708771656813, 0.20915392693881532, 1.268436757931727e-9, 5.754625151084688e-9, 0.209153757095312, 2.172543033892209e-9, 4.78312886011623e-10, 0.10566200148812917, 0.10566200371779753, 0.3148159222394677, 0.20915392651252263, 0.20915391753032164, 3.4714202325139652e-9, 0.3148159270018526, 0.20915377922347378, 0.5816921440877524, 0.2615736350532719, 3.4772137112672014e-9, 0.5241708803035973, 0.3148159260024451, 3.9100911858121874e-9, 2.8623355416652484e-9, 0.20915391672149022, 2.9841496643125946e-9, 9.009184687790122e-10, 7.203500693247659e-9, 0.20915378072680987, 0.2091537807884132, 0.20915377317118988, 4.668525809962098e-10, 2.5510632599816678e-8, 0.20915375820015888, 6.452737881193982e-10, 1.0362801271345037e-9, 0.2666751860357252, 1.5598092359374237e-8, 2.3131094460929992e-9, 5.828644996133667e-10, 1.6473817321900965e-9, 0.2091537474009647, 6.042758377277493e-10, 0.20915392367898175, 0.20915392190091944, 2.076949165500629e-9, 0.20915392377316205, 0.20915391509352016, 9.461747962490967e-10, 0.20915392450374692, 7.170754601416487e-10, 2.281461620421032e-9, 0.20915391674151165, 2.120741806805774e-9, 0.7333248037749864, 9.447357803748225e-8, 1.0371681908031564e-9, 2.8395629621950607e-9, 9.506879486810737e-9, 0.2666751854700396, 7.995991747982008e-10, 0.20915392170552666, 0.2091537576947226, 0.20915391643767695, 1.903734310535225e-9, 4.115569250034101e-10, 7.926896299695406e-10, 0.20915393020207607, 1.0506440543839948e-9, 6.850784831678037e-10, 8.359726664001266e-10, 1.0280196568865348e-9, 1.2619179491343434e-9, 4.1558402007482143e-10, 0.20915392630785998, 2.7904371892463618e-9, 0.20915390793161168, 0.20915390878534781, 1.0547656173156e-9, 5.383324051022697e-10, 5.272714408529144e-10, 1.2214542306937251e-9, 5.910234761778876e-10, 0.20915392378673336, 0.20915391809550987, 0.20915391482677392, 0.20915375330069622, 1.005869734640361e-9, 0.20915392306293537, 0.2091537524946602, 1.4938126583035838e-9, 0.2091539163824399, 0.2091539153266043, 6.324623193421119e-10, 5.334013212020613e-10, 0.20915375560371866, 2.765871947441472e-9, 0.20915391463488256]
v_opt: [0.4707275604200324, 0.7908460721439584, 0.6254376305197926, 0.043745418519237425, 0.04374536618765025]
solution time: 0.01337289810180664
McCormick lower bound: -4.073185560026919

