x_opt: [0.7994127829506569, 0.20059059126990858, 0.7994130109510944, 0.2005856824598827, 0.7994121984216332, 0.20058730779317593, 0.7994130827909087, 0.5470588463684202, 0.2805604777900219, 0.20058722917140007, 0.20058136931536752, 0.7194393620692829, 0.2005875835982333, 0.2005867935968083, 0.20058576977892859, 0.3334249620401899, 0.20058550108937837, 8.875419958308698e-8, 0.20058563085692246, 0.20058562704241045]
w_opt: [0.7994127444911636, 0.5988249868978991, 3.567099755346675e-8, 1.6783271891746946e-8, 0.5188521581008906, 0.2005874634496612, 5.796019642265922e-8, 9.930829586189135e-8, 0.20058546861789778, 5.7509607436887306e-8, 1.395199031634716e-8, 3.6140342431500733e-6, 2.9537703446042957e-6, 0.2005904561630173, 0.20058721742894134, 0.2005867659218016, 1.1031663963741192e-7, 0.20059058141891972, 0.2005856276634234, 0.5988261027115361, 0.346471876590922, 3.1855650278870073e-7, 0.5188524635106846, 0.3334248347074696, 1.0218882760008099e-7, 7.698577127191368e-8, 0.20058561931312516, 8.970726894816335e-8, 1.4115162627580312e-8, 1.2239060764029095e-7, 0.20058566201689448, 0.20058566400955685, 0.20058549979965268, 1.1807469228228768e-8, 3.3864278436170446e-7, 0.20058548978467997, 1.4802774977603464e-8, 3.065010444860382e-8, 0.28056047229618286, 2.744386565220352e-7, 2.4250979236972608e-8, 1.2598574810991148e-8, 3.290361011537325e-8, 0.20058526505403465, 1.368382665386246e-8, 0.20058726840774177, 0.20058718907687126, 5.3327271415354e-8, 0.20058728591733488, 0.20058671138035306, 2.9212612438883935e-8, 0.2005872977974701, 2.226516997411457e-8, 5.8106164973773895e-8, 0.2005856193667028, 5.713438027893387e-8, 0.7194393499890933, 1.4125350572730868e-6, 2.69797797237196e-8, 5.400624722665647e-8, 1.4624210492136266e-7, 0.2805604623131577, 1.811055055422687e-8, 0.20058569441786492, 0.20058548182444774, 0.20058561188722754, 3.596210597761382e-8, 1.5423237881802953e-8, 7.86739517363451e-8, 0.20058757367795993, 2.433786900727603e-8, 1.6863196379966863e-8, 2.0132664173127894e-8, 3.2889963652184635e-8, 3.743368487982107e-8, 1.065231493859465e-8, 0.20058721007809274, 6.850637069582511e-8, 0.20058554972216766, 0.20058135685700484, 2.803240164660189e-8, 1.2070045929776902e-8, 1.4971989674331303e-8, 3.985561970484561e-8, 1.6129570815851734e-8, 0.20058576009546047, 0.20058722310829072, 0.20058560762402092, 0.20058539484418716, 2.5908705308033443e-8, 0.20058574877392396, 0.20058535559478716, 3.129138417463546e-8, 0.2005855940026015, 0.2005856150328293, 1.5515547298111343e-8, 1.5177365098051374e-8, 0.20058534131545938, 7.426322590726681e-8, 0.2005855441254328]
v_opt: [0.5470588337308478, 0.7994129969983275, 0.6390600819652321, 0.04023523750945882, 0.04023289242869051]
solution time: 0.01368093490600586
McCormick lower bound: -4.3175702318936295

