x_opt: [0.6338508040359051, 0.36614919530436935, 0.633850806247782, 3.029547767192002e-7, 0.6338508038851323, 0.15365296362089867, 0.8801298865703526, 0.3661492010901855, 0.3661491985803661, 0.36614919476978824, 0.22422735189051105, 0.6338507995588496, 0.366149196358722, 0.11987011515099037, 0.3661491949437832, 0.36614919594701534, 3.0266210827267585e-7, 2.0570197719611394e-9, 0.10972458473167841, 0.10972458341369676]
w_opt: [0.6338508036165974, 0.26770160778484725, 6.956571790994953e-10, 6.360033625296647e-10, 0.26770160402450155, 0.3661491948072373, 4.5025900025870006e-10, 2.857126726627352e-9, 3.0167003770192906e-7, 1.2035820144327163e-9, 5.23566669017803e-10, 1.9496790668608827e-9, 3.2668544322221693e-9, 0.3661491922909715, 0.36614919415342345, 0.11987011397608033, 1.9607244085809272e-9, 0.36614919471047985, 3.016956850364037e-7, 0.5139806931739644, 7.681769646331347e-9, 2.091602338705677e-9, 0.2677016073999159, 0.36614919393879486, 1.891580661889942e-9, 1.7594472657233834e-9, 0.109724584350489, 1.3878548814500957e-9, 3.4743066198195437e-10, 1.8325797660579272e-9, 3.0228168674500815e-7, 3.022557159465153e-7, 3.001550739779102e-7, 3.4123120504129747e-10, 8.458250324340578e-9, 3.0211941017269047e-7, 4.853069679007646e-10, 7.981919141274546e-10, 0.36614919817228886, 2.700383651347813e-9, 7.241550460568722e-10, 4.994352296005471e-10, 1.1080858446216137e-9, 2.978281692916101e-7, 3.404758679568993e-10, 0.15365296211609597, 0.15365296205172965, 8.467103575489729e-10, 0.15365296292079875, 0.11987011359642578, 7.891531984409431e-10, 0.15365296325345995, 4.5503814713154954e-10, 1.201526891499923e-9, 0.10972458428325053, 1.2765913194412487e-9, 0.6338507990311752, 0.24627910914366097, 2.1928806521545716e-9, 1.2213581523975096e-9, 1.480599958034847e-9, 0.3661491981115608, 5.612374894433538e-10, 0.36614919357961556, 3.01778752637758e-7, 0.1097245840296826, 6.73692264073183e-10, 3.325152257599812e-10, 6.044298744174684e-10, 0.36614919596624695, 7.271975297139418e-10, 4.6148846317678796e-10, 5.806134377832078e-10, 7.458085145876573e-10, 8.054239901484974e-10, 3.6726093742626276e-10, 0.3661491943208367, 8.23430636163495e-10, 0.10972458190618249, 0.22422735156884022, 6.57496430399872e-10, 4.3411211241010027e-10, 3.989707764991604e-10, 1.201431220395698e-9, 4.570158457341676e-10, 0.3661491945183719, 0.3661491808273322, 0.10972458261686205, 3.014616523736256e-7, 1.011019678748242e-9, 0.36614919412011593, 3.0015167924742833e-7, 6.226824241381036e-10, 0.1097245840836456, 0.10972458296601974, 4.674314532882483e-10, 3.9682458061634015e-10, 3.014334831567966e-7, 1.6100472021800334e-9, 0.10972458267680063]
v_opt: [0.3661492006491817, 0.6338508055465273, 0.40176684457577283, 0.13406523563895503, 0.0502779129258719]
solution time: 0.01444387435913086
McCormick lower bound: -8.396283963650323

