x_opt: [0.6590838439557674, 0.34091616286411275, 0.6590838439970929, 0.076709271034082, 0.6590838403255935, 0.15827595916041315, 0.841724051764723, 0.43068963092590273, 0.3409161849989162, 0.3409161538460881, 0.22901475836533533, 0.6590838151077483, 0.3409161594453443, 0.15827594838504866, 0.3409161591051307, 0.34091618155733433, 0.07670927089930098, 5.692465956018468e-10, 0.07670928102892927, 0.07670927040816922]
w_opt: [0.6590838438100106, 0.31816768441804744, 3.864097691854915e-11, 7.605822951558816e-11, 0.3181676591164046, 0.34091615916810847, 7.512861949302595e-11, 3.1117770772540834e-9, 0.07670927074149467, 3.836581654789991e-10, 7.447801029157575e-11, 6.900546247782506e-9, 4.235110101793653e-9, 0.34091616214905446, 0.34091615460858155, 0.15827594823124427, 6.010999265924045e-10, 0.3409161628294637, 0.07670927076126398, 0.500807895812549, 0.08977347497275212, 4.8636706969179604e-11, 0.3181676594821255, 0.340916181166751, 3.7218822969806906e-10, 5.171019735720592e-10, 0.07670928097960573, 2.17078649679488e-10, 4.376998426004639e-11, 7.130680641314548e-10, 0.07670927093833647, 0.0767092709431758, 0.07670927020075441, 5.023614041264711e-11, 6.703500497575705e-9, 0.07670927081965477, 7.723197488164737e-11, 1.521183768592369e-10, 0.3409161849580525, 2.4445129215293987e-10, 3.7446602180165056e-11, 7.099654548626813e-11, 1.8388797704473634e-10, 0.07670926941090071, 5.0599391936255054e-11, 0.15827595886424217, 0.15827595888310067, 1.426965091261787e-10, 0.15827595907426895, 0.15827594808330842, 1.5815068796649133e-10, 0.15827595911027303, 7.66098626465561e-11, 3.7213544654205015e-10, 0.07670928097082128, 2.6929148601524706e-10, 0.6590838150351426, 0.18264022069309857, 2.4608486070693893e-10, 2.0840284444201579e-10, 2.547719764156296e-10, 0.3409161849423536, 8.139099514308307e-11, 0.34091615894700167, 0.0767092707863561, 0.07670928093288265, 9.929365111682773e-11, 4.966209032207561e-11, 2.4121388290619253e-10, 0.34091615940210007, 1.1050327739840707e-10, 6.847801236250164e-11, 1.1502176928340073e-10, 1.4421764522036701e-10, 1.6589564875536809e-10, 4.595142030169009e-11, 0.3409161546312254, 1.2964364542018044e-10, 0.07670928033661821, 0.2290147582815565, 1.5891279806658142e-10, 5.964800409941745e-11, 5.430917538989048e-11, 1.721070842928353e-10, 7.613073561385972e-11, 0.3409161590499291, 0.3409161581161181, 0.0767092703076108, 0.0767092706516421, 1.5965602368810253e-10, 0.34091615904311157, 0.07670927017816405, 1.2824124636764598e-10, 0.07670928094543072, 0.07670927035065297, 6.796667216957644e-11, 6.704093257790757e-11, 0.07670926977947733, 5.065389343152563e-10, 0.07670927020019562]
v_opt: [0.43068963087511086, 0.6590838439209746, 0.43439153209898645, 0.11622382509516406, 0.052447762541220196]
solution time: 0.012311220169067383
McCormick lower bound: -6.412928402481063

