x_opt: [0.6353520461226345, 0.36464797578776054, 0.6353520482760789, 1.3873151765342773e-6, 0.6353520363384385, 0.15945015493192274, 0.8878497562540419, 0.36464922892794327, 0.3646479917723848, 0.3646479529335487, 0.22868329861343015, 0.6353520062237121, 0.3646479628738719, 0.1121502468927816, 0.36464795493103336, 0.3646479933204623, 1.3858993079506055e-6, 5.9151848290564095e-9, 0.11215013308026588, 0.11215001918978108]
w_opt: [0.6353520443827362, 0.27070408341820346, 1.7887397146236418e-9, 1.433841608201675e-9, 0.2707040533790827, 0.36464795928092986, 1.187859435344642e-9, 8.886297616804928e-9, 1.3834548292786068e-6, 3.548742068155174e-9, 1.1534556554843805e-9, 2.5001370630055153e-8, 2.0817148941063585e-8, 0.3646479666876459, 0.36464795186863525, 0.11215024429988975, 4.42622501220528e-9, 0.36464797509798674, 1.3840766563942846e-6, 0.5232018053805868, 1.278114948328183e-6, 3.6645219360736954e-9, 0.2707040584273701, 0.36464798832957585, 4.3895136463441425e-9, 5.122118503077685e-9, 0.11215013211482798, 3.2194866871571593e-9, 9.23180380930786e-10, 5.24059370652685e-9, 1.3855280598533458e-6, 1.3856383672042729e-6, 1.3804453862343398e-6, 8.141113432392459e-10, 3.937903836316408e-8, 1.384346732185226e-6, 1.2448339000343782e-9, 1.882708054750083e-9, 0.3646479908040177, 6.241181190955138e-9, 2.738990141059334e-9, 1.141953198906695e-9, 1.065284038708679e-9, 1.3743632018938033e-6, 8.225750750211526e-10, 0.1594501513392366, 0.15945015084173825, 2.207924834142381e-9, 0.1594501532332277, 0.11215024183907644, 1.7495520409518082e-9, 0.15945015405290855, 1.1009835596971326e-9, 3.6282027426978402e-9, 0.11215013214489213, 3.320211840630626e-9, 0.6353520050411671, 0.2524978831893777, 3.725711609932914e-9, 1.7890851577789258e-9, 2.305759444224411e-9, 0.364647990432496, 1.3588898286733494e-9, 0.3646479514017543, 1.3838090031875034e-6, 0.11215013134807433, 1.8108453654986697e-9, 7.621442659743376e-10, 1.714102026642982e-9, 0.3646479618609461, 1.7126066298766856e-9, 1.111949216868192e-9, 1.4833151969063531e-9, 1.7287145800904047e-9, 1.8908042490079175e-9, 8.653780968703104e-10, 0.36464795176163267, 2.144180181560414e-9, 0.11215012574139417, 0.22868329778660557, 1.720011026506604e-9, 1.0422692005211934e-9, 9.487171004814505e-10, 2.919972476269613e-9, 1.1269449017728645e-9, 0.3646479542300094, 0.364647933947339, 0.11215001726810497, 1.3831015457163175e-6, 2.4323944610273853e-9, 0.36464795338073897, 1.3799985459740714e-6, 1.7577999372790605e-9, 0.11215013151935382, 0.11215001816570719, 1.1159035127286442e-9, 9.748949426073868e-10, 1.3846725056833559e-6, 4.7453443336777084e-9, 0.11215001766021132]
v_opt: [0.3646492277691368, 0.6353520465969201, 0.40367224865886603, 0.13296820842393584, 0.05229625812788704]
solution time: 0.012069940567016602
McCormick lower bound: -7.441609352454241

