x_opt: [0.8196212222619164, 0.18040747623317982, 0.8196212240666464, 0.18037877723937668, 0.8196212222457906, 0.1803787719772301, 0.8196212257676865, 0.8553079902886681, 0.6309775888721584, 0.1803787773797801, 0.13408849633811568, 0.8153071672851325, 0.18037877730911367, 0.18037877409348585, 0.1803787342148042, 0.18040747729161288, 0.18037877504630465, 5.052519744181536e-10, 0.18037870627138233, 0.1446920075118611]
w_opt: [0.8196212221351697, 0.6392424445906223, 2.0164664850425706e-10, 1.1915655330567053e-10, 0.6349283896570961, 0.18037877674573655, 1.1050708903817623e-10, 3.2590824581762637e-10, 0.1803787748239696, 2.939247304650719e-10, 1.0970850238649585e-10, 2.8700392853106484e-5, 2.8699171610372916e-5, 0.1804074756810157, 0.18037877724110066, 0.180378773848872, 3.9473787926215064e-10, 0.18040747614195354, 0.18037877691166904, 0.6392424499075794, 0.6749292144582862, 1.8178494898777777e-9, 0.6349283918320814, 0.18040747670846086, 1.0957786302123261e-9, 4.211162205601514e-10, 0.18037870618941484, 2.2151061070196327e-10, 1.1114373388196106e-10, 4.562344466374715e-10, 0.1803787771215722, 0.18037877705712285, 0.18037877618220552, 8.056533781227994e-11, 2.3334596848870142e-9, 0.1803787749726703, 9.133202062180845e-11, 1.6551868827933386e-10, 0.630977588808213, 7.431149048650337e-10, 1.7677145110931832e-10, 1.0790710415542308e-10, 2.0172696059423372e-10, 0.18037877339628064, 6.956428972296087e-11, 0.1803787716069265, 0.18037877159661198, 2.0162285777745037e-10, 0.18037877177461992, 0.1803787716457934, 1.6686346077369107e-10, 0.1803787718708811, 1.201426323151072e-10, 2.9774549168411874e-10, 0.1803787061786321, 2.7350093491865637e-10, 0.8153071671850117, 1.8136850274329762e-8, 1.557834503579404e-10, 1.866610384213365e-10, 3.495388023026376e-10, 0.6309775887650255, 1.1498174712293812e-10, 0.18037873383755787, 0.18037877491841256, 0.18037870613071974, 4.2746424866764137e-10, 1.0268222572764534e-10, 0.4462847563587436, 0.18037877717507494, 1.1136361455405451e-10, 1.1351590024653929e-10, 1.1534564830632441e-10, 1.5445241839567084e-10, 1.6203855190278336e-10, 6.994404742312013e-11, 0.18037877710779626, 3.04294494281426e-10, 0.18037870550447058, 0.13408849623816774, 1.4759725162825265e-10, 7.259735029513796e-11, 8.828228952933888e-11, 2.591188060802745e-10, 1.043934580757438e-10, 0.1803787340869715, 0.18037877551400577, 0.14469200733096152, 0.18037877342793326, 1.6833756419363463e-10, 0.18037873405424923, 0.18037873363646448, 1.5090381703235516e-10, 0.18037870604226797, 0.14469200741637298, 9.641986304121572e-11, 1.036187620509947e-10, 0.1446920071491478, 3.82395937189215e-10, 0.1446920073732016]
v_opt: [0.8553079901953149, 0.8196212239377255, 0.6717789515046868, 0.03253650353285115, 0.017979738555293213]
solution time: 0.01455998420715332
McCormick lower bound: -5.269190577488612

