x_opt: [0.7908459330662119, 0.3148163773958613, 0.7908459604719063, 0.2091538690318433, 0.7908457761338127, 0.20915415460695785, 0.7908459025063341, 0.47072719891187975, 0.26667608426933676, 0.2091540190682839, 0.2091514509061412, 0.7333239022835806, 0.20915419782683478, 0.20915406878717954, 0.20915400063891565, 0.3148167091658981, 0.20915386393342755, 1.1166811651745411e-8, 0.20915398233010085, 0.20915395071835294]
w_opt: [0.7908459302499761, 0.5816917102401452, 3.2141871136882674e-9, 1.9900822742604105e-9, 0.5241698366756394, 0.20915418825805526, 7.178527625512033e-9, 5.424134991362788e-9, 0.20915386042261538, 7.169779140152662e-9, 1.1638995008673228e-9, 0.10566233906954584, 0.10566220479723146, 0.3148163640704807, 0.20915401842193626, 0.20915406724428967, 8.412125297427056e-9, 0.31481637631064063, 0.20915386359238064, 0.5816918639859127, 0.26157316144020093, 2.141981125108782e-9, 0.5241698706347699, 0.3148166969522636, 1.0144159798136232e-8, 9.464088690571522e-9, 0.20915398083256437, 6.16104744739603e-9, 1.639323500100325e-9, 1.0104878219459584e-8, 0.20915386645243184, 0.20915386704785574, 0.20915385926618227, 1.155142140169899e-9, 1.0834227266632579e-7, 0.2091538624194027, 1.6389635953158423e-9, 2.459247353343981e-9, 0.26667608332063897, 2.5552345496319667e-8, 3.194840370520413e-9, 1.424983645789429e-9, 2.5026794011421806e-9, 0.20915381952228135, 1.2594355209286486e-9, 0.20915415133214044, 0.2091541477493275, 2.93002927332704e-9, 0.20915415114584981, 0.20915406158051972, 2.0936232236993377e-9, 0.20915415355364247, 1.8219687244943595e-9, 7.47501790666731e-9, 0.20915398093318036, 4.212040982597405e-9, 0.7333239011683396, 3.639765288264655e-7, 1.4817549851941016e-9, 3.2580023891898736e-9, 1.3827379055349666e-8, 0.2666760822814028, 1.731845088805039e-9, 0.20915399459649206, 0.20915386164836144, 0.20915398028509652, 3.322169560830208e-9, 1.122360292320853e-9, 5.691756182075056e-9, 0.20915419663172097, 2.4026281442410476e-9, 1.5789251352510443e-9, 2.137574250804615e-9, 2.6262436051785855e-9, 3.0050151211584654e-9, 1.0738786043754806e-9, 0.20915401842855114, 5.481860034977052e-9, 0.20915396817777246, 0.20915144956438872, 2.7607622626137584e-9, 1.3050121131171403e-9, 1.3546843220018477e-9, 2.7298858268876368e-9, 1.4709933737204421e-9, 0.2091539994426824, 0.20915417961108965, 0.20915394857484146, 0.20915384956414543, 2.316690598712802e-9, 0.20915399859957878, 0.20915384871466303, 3.9794629766311e-9, 0.20915397936785726, 0.20915394961397382, 1.4543438455566014e-9, 1.4382952339666573e-9, 0.2091538490943704, 9.148605503749851e-9, 0.20915394608558624]
v_opt: [0.4707271971164909, 0.7908459588373683, 0.6254371814711797, 0.04374541636496009, 0.043744334570172]
solution time: 0.012755155563354492
McCormick lower bound: -4.087120636559476

