x_opt: [0.6581246589843471, 0.16173730550538243, 0.838262921568104, 0.16173708055479422, 0.8382629193341503, 0.16173705399170407, 0.8382629205463366, 0.944644356088668, 0.8382629188096224, 0.1617370784617716, 0.055355642571032544, 0.8382629121031298, 0.16173707780652374, 0.16173707943929008, 0.1606345861766748, 0.1617373063607396, 0.16173708025995798, 2.3394175239544336e-10, 0.16063458244090156, 0.0553556453619785]
w_opt: [0.6581246589262806, 0.4963875780642675, 7.441089292140339e-11, 5.395886106863709e-11, 0.4963875711390943, 0.16173707748870506, 5.1799221458687936e-11, 1.445882074618607e-10, 0.16173708016017507, 1.3561354830647715e-10, 4.9975123793882535e-11, 2.2711300180732993e-7, 2.249149224324627e-7, 0.1617373052698506, 0.16173707839450846, 0.161737079333518, 1.8882640171694917e-10, 0.16173730547153115, 0.16173708039792872, 0.6765258421450018, 0.7829072777100846, 5.58583788371887e-10, 0.6765258339145249, 0.16173730608796402, 2.5406800047677896e-9, 1.911026253076449e-10, 0.16063458240267686, 9.443782231260606e-11, 5.325536309200598e-11, 2.1356058979798448e-10, 0.16173708050328567, 0.16173708046868968, 0.16173707821532157, 3.902854726357856e-11, 1.028349064861465e-9, 0.16173708022558017, 3.998520710328044e-11, 7.607824929714078e-11, 0.8382629187794266, 2.442303228484534e-10, 7.004152179169104e-11, 5.612969858723569e-11, 7.756592918094813e-11, 0.16173707938358886, 3.007932178649199e-11, 0.16173705381425224, 0.1617370538070928, 1.2156973151137878e-10, 0.16173705384928763, 0.16173705372576783, 7.813386336070356e-11, 0.1617370539365242, 5.954124086146779e-11, 1.3715838104404523e-10, 0.1606345823969986, 1.1343056192729909e-10, 0.8382629120379558, 6.173106585512477e-9, 8.242373990099054e-11, 6.607887026972165e-11, 1.6582022676352986e-10, 0.8382629187569518, 4.8190850738540226e-11, 0.16063458596719427, 0.1617370802063691, 0.16063458237994815, 1.678879344630822e-9, 5.418510343206613e-11, 0.6765258310170891, 0.16173707772453688, 4.364127456256007e-11, 5.636470060084523e-11, 5.198740473955336e-11, 7.351975991927807e-11, 7.609921472746973e-11, 4.113441700253536e-11, 0.16173707768297552, 1.6218862354107944e-10, 0.16063458219681365, 0.05535564251438156, 6.674006475666445e-11, 3.18541222934238e-11, 5.343565129611885e-11, 9.534800842926189e-11, 4.7322002927278466e-11, 0.16063458611684883, 0.16173707722931033, 0.05535564528207864, 0.16173707793218375, 7.045777388898549e-11, 0.1606345861081504, 0.16063458600955183, 6.947414852723826e-11, 0.1606345823134313, 0.05535564531584945, 4.289800467522783e-11, 5.054505547694944e-11, 0.05535564518944931, 1.7294010474140595e-10, 0.05535564530806722]
v_opt: [0.9446443560487955, 0.8382629215079408, 0.7026847241977069, 0.026158906586423416, 0.003064248799075054]
solution time: 0.017508983612060547
McCormick lower bound: -4.662369177285908

