x_opt: [0.7159645622072298, 0.28403601584229166, 0.7159645442246476, 0.22543633733002347, 0.7159645806177886, 0.22543627787393947, 0.7745636744897384, 0.6037183295752178, 0.33696648633260773, 0.2840354169286196, 0.19065094110921854, 0.6630339210993773, 0.28403542001658455, 0.22543632323124171, 0.28403535791569445, 0.28403768541150143, 0.22543630452218275, 3.2032583215151294e-8, 8.202305618566404e-7, 4.5007806176839533e-7]
w_opt: [0.71596453228072, 0.43192914798034965, 1.0353570182746104e-8, 8.041697829894334e-9, 0.37899848907590084, 0.2840353942892987, 5.462242430119106e-9, 5.170895935779769e-8, 0.22543629305342494, 2.009508476478799e-8, 7.484152432123028e-9, 5.638340172496516e-7, 6.164466541691861e-7, 0.2840359791116418, 0.2840354111271683, 0.22543630619422028, 3.0312035631484114e-8, 0.2840360119358392, 0.22543632089730214, 0.49052822317159367, 0.3196828782094097, 3.075012980234632e-8, 0.3789984901267322, 0.28403765982515, 2.2184413150515582e-8, 2.835352877525826e-8, 8.16034477149082e-7, 1.5302240651370518e-8, 3.9100910846585335e-9, 2.5439026467776415e-8, 0.22543633061058516, 0.22543632807358635, 0.22543630392638006, 4.574088705371643e-9, 1.3015219042256847e-7, 0.2254363000282432, 5.738923590298387e-9, 1.0818212851622026e-8, 0.33696648241015165, 4.567966176855096e-8, 9.370107886472762e-9, 6.9600844000365e-9, 1.731964754826496e-8, 0.22543622859877815, 4.064574821672192e-9, 0.22543624916452523, 0.22543625840720513, 9.805428477454425e-9, 0.2254362687162487, 0.2254362399136353, 1.2469001718805203e-8, 0.22543627255535786, 6.492014763352968e-9, 1.9611860429147733e-8, 8.145341655101634e-7, 1.4499256690766385e-8, 0.6630339140818666, 0.05859947904031631, 7.989012426402841e-9, 1.3569478949516794e-8, 2.233031893649951e-8, 0.3369664814949009, 6.69389814914187e-9, 0.28403534026854543, 0.22543629608061688, 8.126386731056899e-7, 7.442770884054688e-9, 5.651656682061971e-9, 4.2290158583440235e-7, 0.2840354148157455, 7.384969679391644e-9, 6.006342993084275e-9, 7.536563170613479e-9, 1.0060299796392128e-8, 1.0872022790050864e-8, 4.208225272842126e-9, 0.28403540775605063, 1.1841271103148996e-8, 7.839161724656056e-7, 0.1906509370241127, 9.55923797651653e-9, 4.518833114145411e-9, 4.980047091497406e-9, 1.0051089998796483e-8, 6.356941701455525e-9, 0.2840353521476636, 0.28403537943623636, 4.4116577566310583e-7, 0.22543624773168108, 1.0978695786454025e-8, 0.284035351322699, 0.22543627116622916, 7.699447858960033e-9, 8.099769144499725e-7, 4.4360602722503233e-7, 5.6204086993533065e-9, 6.00201511950026e-9, 4.309560296546686e-7, 2.6216384190063014e-8, 4.2705124175019946e-7]
v_opt: [0.6037183251201044, 0.7159645367492298, 0.5126058473513303, 0.08067613724891796, 0.03634782710418906]
solution time: 0.013133049011230469
McCormick lower bound: -7.090359508526854

