x_opt: [0.8016250665073872, 0.19837435470868506, 0.8016257881597433, 0.19837425577377116, 0.8016256976727574, 0.19834630391030378, 0.8016264550436019, 0.8926032375580016, 0.6572533488200297, 0.1983742969613766, 0.09767077211553139, 0.7688055323083539, 0.19837426486331242, 0.19837353924340423, 0.19837407571559607, 0.19837439551994693, 0.19837405649797696, 3.7956549288127606e-8, 0.10739309014711221, 0.10739235980121646]
w_opt: [0.8016250579074848, 0.6032507701521265, 1.0811318458185339e-8, 9.754905167568313e-9, 0.570430606522264, 0.19837422145650455, 8.156157268672959e-9, 3.4388787398457665e-8, 0.1983740414562775, 2.3105323193714716e-8, 9.0005618427495e-9, 1.486894598432602e-7, 2.653452941373684e-7, 0.1983743071764479, 0.1983742796603058, 0.19837351728172745, 4.100615973211801e-8, 0.1983743455727826, 0.19837423222359227, 0.603252248985967, 0.6942290331022736, 1.1835978961543967e-7, 0.5704313609054112, 0.19837435751419857, 7.233412077575071e-8, 3.207133957542737e-8, 0.10739308427815028, 1.80208894602246e-8, 6.998775970552453e-9, 3.9379825718917176e-8, 0.19837424703400267, 0.1983742432097186, 0.19837413053682088, 6.4932648652254105e-9, 1.8767223959523346e-7, 0.19837405134164704, 6.913972671050347e-9, 1.3567129249033718e-8, 0.65725334416083, 8.559761494936395e-8, 9.79119544801553e-9, 8.982853090151693e-9, 1.7461785107364777e-8, 0.19837393063282344, 5.386211770587513e-9, 0.19834626767888544, 0.19834627052857806, 1.2809721717195225e-8, 0.19834629103477328, 0.1983462810277914, 1.5483187633395406e-8, 0.19834629599020281, 9.716436730188761e-9, 2.2697982602690673e-8, 0.1073930826777336, 2.323181898211094e-8, 0.7688055243749374, 1.952718036298738e-6, 1.2353871227694779e-8, 1.4847640993200651e-8, 2.740139187756643e-8, 0.6572533413790763, 6.580232492165964e-9, 0.19837404479151996, 0.19837404672904999, 0.10739308059303429, 5.262881360502192e-8, 8.903245866725933e-9, 0.42605890878806696, 0.19837425573608705, 8.809871317393283e-9, 7.94508167189684e-9, 9.124819288309596e-9, 1.5373413724753396e-8, 1.556207677823508e-8, 5.3816112787869515e-9, 0.1983742329501307, 2.0538620764816562e-8, 0.10739303431352244, 0.09767076516928963, 1.1837934553941418e-8, 5.5985616403031e-9, 7.175182883706928e-9, 1.5860274617136425e-8, 7.751152064181126e-9, 0.19837406575841035, 0.1983739337828344, 0.10739234806876125, 0.198373473050044, 1.3692101699983353e-8, 0.19837406447344755, 0.19837375687123865, 1.0577059711107378e-8, 0.10739307428691232, 0.10739235135923615, 7.050633972013989e-9, 8.198310051525733e-9, 0.1073923262009567, 2.9732315404215738e-8, 0.10739232464082567]
v_opt: [0.8926032315172094, 0.8016257792622815, 0.6426052958606666, 0.039352736396626405, 0.009539608729615368]
solution time: 0.012436151504516602
McCormick lower bound: -5.2824457799120905

