x_opt: [0.7898450462332002, 0.31946581199961005, 0.7898450475485518, 0.21015494528673123, 0.7898450451698116, 0.21015494997492365, 0.7898450497128736, 0.46512663827892214, 0.2695755101486456, 0.21015495321660127, 0.19699276782793534, 0.7304244927500456, 0.21015495391118508, 0.21015494998872727, 0.21015493753078987, 0.3194658235793919, 0.2101549438210668, 1.5411997666065213e-9, 0.21015492817207548, 0.21015492643439557]
w_opt: [0.7898450458489644, 0.5796900916461594, 6.688273748595845e-10, 3.7822079198574753e-10, 0.5202695393134735, 0.21015495239398846, 3.757430393878761e-10, 1.031642150087906e-9, 0.21015494311669083, 8.86591097213295e-10, 3.3205286282635893e-10, 0.10931085983448009, 0.1093108587941811, 0.31946581022511145, 0.21015495281214555, 0.2101549492776415, 1.1969656688135486e-9, 0.31946581172342764, 0.2101549442892133, 0.5796900974932989, 0.25497168613780435, 1.7857384110885377e-9, 0.5202695416371932, 0.31946582184549754, 1.106765872431302e-9, 1.2787821713173215e-9, 0.210154927903101, 7.49336761585478e-10, 3.0146450201105774e-10, 1.3920448263129242e-9, 0.21015494488251418, 0.21015494474824206, 0.21015494337762888, 2.4756513638864656e-10, 6.501514772835321e-9, 0.21015494355466452, 3.000080252514785e-10, 5.134634725517384e-10, 0.26957550992996077, 2.2273815935445633e-9, 5.535328811551559e-10, 3.4317709542389825e-10, 6.024414285057121e-10, 0.21015493937791188, 2.255156044686159e-10, 0.2101549489598236, 0.2101549487833163, 6.563363179214064e-10, 0.2101549493329118, 0.2101549481408836, 4.934095869985204e-10, 0.21015494966820547, 3.558332898778006e-10, 9.019319559144218e-10, 0.2101549278755258, 8.056553884040793e-10, 0.730424492430344, 4.1251953534143654e-8, 5.0615405436105e-10, 6.247804737269489e-10, 1.1730566911212648e-9, 0.26957550980891254, 3.710020638572939e-10, 0.21015493648343844, 0.2101549433779705, 0.21015492771778396, 5.628116490450797e-10, 2.7746017652730013e-10, 3.3812329122276738e-9, 0.21015495355453817, 3.825020952593015e-10, 3.456435062292217e-10, 3.7184251118127434e-10, 4.779153949263427e-10, 5.071315583056103e-10, 2.263221368242271e-10, 0.21015495274294937, 8.341964827924835e-10, 0.21015492578093872, 0.19699276753768571, 4.4957958887801144e-10, 2.4514671555497623e-10, 2.749521053903113e-10, 7.842014678195229e-10, 3.172766576127187e-10, 0.21015493718597075, 0.2101549492386721, 0.21015492586468149, 0.21015494254702807, 5.37400825426085e-10, 0.21015493704042712, 0.21015493558047776, 4.788796643984593e-10, 0.21015492753334897, 0.2101549261369251, 3.051781139427436e-10, 3.049299717343659e-10, 0.210154925385307, 1.1591700761789655e-9, 0.21015492603792094]
v_opt: [0.4651266379681006, 0.7898450471298063, 0.6238552125969563, 0.04416511321583904, 0.03880616447508613]
solution time: 0.016961097717285156
McCormick lower bound: -5.455640022049119

