x_opt: [0.7994097489744914, 0.20063715039519214, 0.7994097552166153, 0.200590311657339, 0.7994095669690751, 0.20059030411403986, 0.7994097301708745, 0.5470254217138718, 0.28055269129530236, 0.20059026727487891, 0.20058543599404272, 0.7194473334788697, 0.20059034154341748, 0.20059023631405895, 0.20059002796069988, 0.3334177512932207, 0.2005902426169881, 5.001889965671015e-8, 0.20058953690052397, 0.20058942041573974]
w_opt: [0.7994097267671735, 0.5988193222700642, 2.7838850736862734e-8, 6.5927961018522305e-9, 0.5188570913269994, 0.20059029330962064, 1.2007160971051998e-8, 4.8214905167888056e-8, 0.2005902238286064, 3.1465448397032355e-8, 9.762687897696803e-9, 4.6912441599423343e-5, 4.685278466676115e-5, 0.20063709308848726, 0.20059025802072455, 0.20059021826091178, 4.653257067434547e-8, 0.20063714354389417, 0.20059028337696105, 0.5988194914180933, 0.3464351852317757, 1.1377949565807676e-7, 0.5188571312276513, 0.3334176975544137, 4.471886474027514e-8, 4.2890125264097474e-8, 0.20058952997906648, 3.094464210780881e-8, 7.434906166660366e-9, 5.4410809491928564e-8, 0.20059030078684614, 0.20059029910009885, 0.20059023714038746, 6.563194378830052e-9, 2.630152236266059e-7, 0.20059023580966776, 8.234736352374827e-9, 1.5034523791227762e-8, 0.28055268581010967, 9.113910483754855e-8, 1.382272800334403e-8, 9.903691460203401e-9, 1.760406253210659e-8, 0.200590076702987, 6.478397669484463e-9, 0.20059027642346772, 0.20059027806716184, 1.6951581645988374e-8, 0.20059028613553226, 0.20059019866768432, 1.5577713009225195e-8, 0.20059029680140453, 9.827058328995483e-9, 3.173862653691638e-8, 0.20058952897575888, 2.4731541337470117e-8, 0.7194473254458289, 6.64165638292137e-6, 1.1226799993785863e-8, 2.2566170379335764e-8, 5.6472404801600284e-8, 0.28055268259340194, 9.968942284039849e-9, 0.20058999724235843, 0.20059023098209763, 0.2005895249688684, 1.4965786664667913e-8, 7.292891467208087e-9, 8.903764308997923e-8, 0.20059033179734592, 1.106811220273756e-8, 9.215049282766583e-9, 1.0938495004266304e-8, 1.4830080859145843e-8, 1.654673593818215e-8, 5.876336477602009e-9, 0.2005902585596157, 2.65742962591848e-8, 0.2005894650850343, 0.20058542898171094, 1.373711168048617e-8, 6.312077918547885e-9, 7.55796470779314e-9, 2.1653705950400962e-8, 8.804557676846703e-9, 0.20059001990303374, 0.20059011937467972, 0.20058940660984081, 0.20059019937955203, 1.5133111194326947e-8, 0.20059001609903307, 0.20058996182249142, 1.4430083124842109e-8, 0.2005895209823444, 0.20058941223139456, 8.182674813569187e-9, 8.426468769621656e-9, 0.2005893860322711, 4.006712516307461e-8, 0.20058938992543665]
v_opt: [0.5470254136387063, 0.7994097453968558, 0.6390559745765793, 0.04023655960665787, 0.04023506422545771]
solution time: 0.012511014938354492
McCormick lower bound: -5.207992810671992

