x_opt: [0.531306689345404, 0.26680942421748494, 0.8538816979132178, 0.14611830506791915, 0.8538816949193764, 0.146118276142057, 0.8538816977207971, 0.8538817691390079, 0.8538816943543542, 0.14611830310542426, 0.09142597378200716, 0.8082810650490612, 0.1461183025394414, 0.14611830189006608, 0.1461182720687268, 0.2668094244658439, 0.14611830227644432, 4.245215317633982e-10, 0.14611827211213557, 0.14611826917362897]
w_opt: [0.5313066892329844, 0.38518838436398295, 1.402236934017706e-10, 9.434266817284448e-11, 0.3395877544954381, 0.1461183019183631, 9.999180127343208e-11, 2.445799858244553e-10, 0.14611830208012364, 2.384082989140025e-10, 8.688093946359205e-11, 0.120691122226386, 0.12069111969974247, 0.2668094237853925, 0.1461183028506733, 0.14611830170773912, 2.997213661123425e-10, 0.2668094241300162, 0.14611830476317733, 0.7077633956948236, 0.7077634671662367, 1.2362088661012855e-9, 0.6621627634089999, 0.2668094238817213, 5.788834148599496e-10, 3.380597861121027e-10, 0.14611827203904212, 1.6879532967324397e-10, 2.0007562972783335e-10, 4.011829404630734e-10, 0.14611830497032915, 0.14611830490194566, 0.14611830254181749, 7.037545949535154e-11, 1.8941023701720357e-9, 0.1461183022122332, 7.371121753521002e-11, 1.3360224400614953e-10, 0.8538816942997249, 5.294905241023988e-10, 1.6568222136680735e-10, 8.6950704650963e-11, 1.73355849563478e-10, 0.14611830065087325, 5.827264724882423e-11, 0.1461182758546734, 0.14611827579766334, 1.9355770167529013e-10, 0.14611827595910176, 0.1461182759117976, 1.2888137883609527e-10, 0.1461182760406228, 1.088308310767531e-10, 2.4609088437125137e-10, 0.14611827203451525, 2.0925520551461698e-10, 0.8082810649685721, 1.1510365201445851e-8, 1.178640339038572e-10, 1.3682973922550202e-10, 3.242947207585373e-10, 0.8538816942476136, 9.800076761490514e-11, 0.14611827167644503, 0.14611830217791288, 0.14611827199348731, 3.8514478326350714e-8, 9.42317576240585e-11, 0.6621627595545299, 0.1461183023718967, 8.694647402914236e-11, 1.0540122365725844e-10, 9.324347024154659e-11, 1.2380424570650542e-10, 1.2883980115116666e-10, 5.886855419089132e-11, 0.14611830240645027, 3.616561257101645e-10, 0.14611827143813522, 0.09142597437369225, 1.1895782506982842e-10, 5.793868404757281e-11, 7.953196502188389e-11, 2.4305424412311916e-10, 8.679170986136684e-11, 0.14611827192536261, 0.14611830138162912, 0.14611826901541328, 0.14611830126953496, 1.261071378393093e-10, 0.14611827190723015, 0.14611827166676442, 1.3578894276906675e-10, 0.14611827162956312, 0.14611826909493608, 8.041420633283214e-11, 9.096273842962952e-11, 0.14611826885229723, 3.0265174832289144e-10, 0.1461182690848562]
v_opt: [0.8538817690549052, 0.8538816978081718, 0.7291139536782424, 0.02135055969340072, 0.008358709750191935]
solution time: 0.015070915222167969
McCormick lower bound: -4.444477119002544

