x_opt: [0.7908341733920936, 0.31481748512135715, 0.7908343251775286, 0.2091424532194797, 0.7908342850980128, 0.20914544829093853, 0.7908546983520863, 0.47071756090714756, 0.26667454620993647, 0.20916566730767847, 0.209165541728073, 0.7333254144701715, 0.20916568493433743, 0.20914527158645801, 0.2091652467286219, 0.3148176164721592, 0.2091424268792408, 8.634057863618754e-8, 0.20914506216734455, 0.2091445285293337]
w_opt: [0.7908341366683957, 0.5816684691198944, 2.4322046895168512e-8, 2.1746669821121845e-8, 0.5241596008024378, 0.209165609635798, 1.639009439854004e-8, 9.992557147386771e-8, 0.20914239377758634, 5.446476245849813e-8, 1.2538360105926683e-8, 0.10565182096026886, 0.10565189332135838, 0.31481734421844604, 0.2091656553411128, 0.2091452436298652, 9.843181113069906e-8, 0.3148174732297127, 0.20914239725534253, 0.5816890335165525, 0.2615518995729286, 9.04594311948841e-8, 0.524159813559003, 0.3148175094070726, 6.795780218175601e-8, 7.40468065250903e-8, 0.2091450493835579, 5.96227987960794e-8, 1.1702077507410332e-8, 1.4843925771870928e-7, 0.20914243079197253, 0.2091424321676793, 0.20914233490582668, 1.0299968234260874e-8, 6.497161387914132e-7, 0.20914241400486913, 1.4564859653091205e-8, 2.622923476045111e-8, 0.266674537083805, 2.425499393950801e-7, 4.313010926557867e-8, 1.2841426288886859e-8, 3.171908233759459e-8, 0.20914217006568625, 1.1067056940989885e-8, 0.20914540775347923, 0.20914537424018276, 4.128121356896269e-8, 0.20914543066466293, 0.20914514450434254, 2.6923812286334025e-8, 0.20914543772515187, 1.6566385564532396e-8, 5.533317641177187e-8, 0.20914504893661692, 5.304645586539135e-8, 0.7333254016474654, 2.329056745925415e-5, 3.1013289723273285e-8, 5.50891864292735e-8, 1.1562107447126881e-7, 0.2666745314305905, 1.6823288869662363e-8, 0.20916519723197305, 0.2091424040009545, 0.20914504090101096, 2.811239166848761e-8, 1.0479558124660562e-8, 2.5072914985328977e-8, 0.20916567438192304, 2.274032132321846e-8, 1.4732175406967053e-8, 1.8912626160986485e-8, 2.615624802078292e-8, 3.034198162273913e-8, 9.628806500888107e-9, 0.20916564764864032, 4.767788827577569e-8, 0.20914498036395132, 0.20916553029832383, 2.530088391025138e-8, 1.1689811172991587e-8, 1.176690483410537e-8, 3.286716440094634e-8, 1.440531085895638e-8, 0.2091652363196435, 0.20916546836442626, 0.2091445089578588, 0.2091423520765631, 2.6627356865473316e-8, 0.20916522777595936, 0.20914232496299456, 2.8112741608818876e-8, 0.20914504232036296, 0.20914451486448032, 1.4345564592111296e-8, 1.3210905349847898e-8, 0.20914234945525922, 7.083612022847848e-8, 0.20914450068504944]
v_opt: [0.47071754663581566, 0.7908343103189373, 0.6254195082379636, 0.04375027829216292, 0.04375023568468327]
solution time: 0.013827085494995117
McCormick lower bound: -5.167741963127336

