x_opt: [0.6258614902122227, 0.37413854741913016, 0.625861620338363, 0.05728425653827173, 0.6258615735668563, 0.18659794417442196, 0.8872518879327274, 0.37413899983700316, 0.37413863407488746, 0.3741383933224753, 0.16130475312905787, 0.6258613309489983, 0.3741384212009368, 0.11274816276865902, 0.3741384054222641, 0.3741386068916411, 0.05728421082784542, 4.3759560612675615e-8, 0.057284681242517045, 0.05728465052710358]
w_opt: [0.6258614693138018, 0.2517230707140561, 1.1538942223000253e-8, 1.1782119509329673e-8, 0.25172282961093195, 0.37413838499504654, 1.0193297650024819e-8, 7.181085290264328e-8, 0.057284192683142145, 2.7227095807321194e-8, 1.3435653074568546e-8, 1.7507383160671093e-7, 2.2776402710754589e-7, 0.37413846472469525, 0.37413838464491683, 0.11274813971690197, 3.776506383842358e-8, 0.3741385364469127, 0.057284230140937406, 0.5131135137803424, 6.260862659854952e-7, 6.98620255272085e-8, 0.2517229877194075, 0.3741385611593125, 4.4822235186397496e-8, 3.945037704473328e-8, 0.05728467573780154, 4.371288372664811e-8, 6.659611458027693e-9, 5.4371151889876426e-8, 0.057284246176302095, 0.057284242545210105, 0.05728418084764744, 6.0016768150444095e-9, 4.4989723791525103e-7, 0.05728420273129507, 9.150290875219377e-9, 1.4872425785692312e-8, 0.3741386287301975, 7.03930838960285e-8, 2.4826269155922682e-8, 1.0683028216560106e-8, 4.278392192157031e-8, 0.057284065394377304, 5.700401198325317e-9, 0.186597910178742, 0.1865979167929973, 1.6647238975875784e-8, 0.18659793090531657, 0.11274806854777894, 1.5647828964935745e-8, 0.18659793841269082, 8.952266450269875e-9, 2.7557478695520696e-8, 0.05728467488811808, 4.3352630810115426e-8, 0.6258613228422822, 0.2613906401188754, 6.303556911490672e-8, 3.651350324140683e-8, 7.217222843720365e-8, 0.37413862753135624, 1.0173584797154163e-8, 0.3741383879617539, 0.05728419750019011, 0.05728466960300908, 1.6177232556444684e-8, 6.640882883222359e-9, 1.523337463503947e-8, 0.37413841398471076, 1.1641612188296762e-8, 8.951904026291766e-9, 1.0866998113182164e-8, 1.4899775107160135e-8, 1.4818788617173928e-8, 6.231644668504771e-9, 0.3741383829128636, 2.0211711334373727e-8, 0.057284623854483845, 0.16130474878911713, 1.4502169645188739e-8, 7.416385795362573e-9, 6.680062484267084e-9, 2.9155274172569768e-8, 9.234209853694126e-9, 0.3741383965772752, 0.3741381165039786, 0.05728463457704449, 0.057284184057529476, 2.4811280695808032e-8, 0.3741383926514537, 0.05728415644917288, 1.2433876522497003e-8, 0.057284670980139375, 0.05728463238293858, 9.045874000860182e-9, 7.609535057172084e-9, 0.05728413384190182, 3.733794716323363e-8, 0.057284595913085434]
v_opt: [0.3741389933748646, 0.6258616092235991, 0.39170272704982506, 0.13997960854928326, 0.026019262198533954]
solution time: 0.01335906982421875
McCormick lower bound: -8.619143029778211

