x_opt: [0.820405901851909, 0.20314173052459852, 0.8204063627506072, 0.1795936404711682, 0.8204058972746082, 0.1795940961616701, 0.8204059003533323, 0.8204063759293866, 0.5881581380473225, 0.17959365689925708, 0.17227248346477653, 0.8065213569771498, 0.17959409640967677, 0.1795940967937178, 0.17959361836340496, 0.2031417454376841, 0.17959363603000486, 2.4432491374480305e-9, 0.17959361779290897, 0.1795936171885609]
w_opt: [0.8204059013264811, 0.6408117994803787, 7.210249007256028e-10, 5.373411528767808e-10, 0.6269272593410821, 0.1795940934246117, 9.9980468527705e-10, 1.6021026416285853e-9, 0.17959363488435598, 1.3940556563688683e-9, 4.2362109051347684e-10, 0.023548093822770774, 0.02354763149900416, 0.20314172775023764, 0.17959365489175214, 0.17959409585550823, 1.8852962676682695e-9, 0.20314173004327452, 0.179593638675524, 0.6408122634649014, 0.6408127393979038, 1.949668433855634e-8, 0.6269277220255541, 0.20314174207118596, 2.4165316900566e-9, 1.8738194886845806e-9, 0.17959361729665513, 1.1432812369452902e-9, 5.738495483872624e-10, 2.7352917776079046e-9, 0.17959363976584133, 0.17959363966585873, 0.17959363707341816, 4.1023933829135213e-10, 1.1542736710000733e-8, 0.1795936355851148, 4.691397572178554e-10, 7.826526759476669e-10, 0.5881581377170281, 3.200865996988024e-9, 8.617614343887681e-10, 5.133267159611606e-10, 9.047237747587707e-10, 0.17959362775906998, 3.774336304800206e-10, 0.17959409487275474, 0.17959409382035327, 1.2801028968027718e-9, 0.1795940945359987, 0.17959409374232632, 6.781856804820142e-10, 0.1795940956395131, 6.03001993834e-10, 1.4440763358320272e-9, 0.17959361731610368, 1.1731078642567776e-9, 0.80652135651301, 8.583719219711506e-8, 7.003175677989721e-10, 8.740287576148297e-10, 2.293498171603713e-9, 0.5881581373424921, 5.845715477798537e-10, 0.17959361626504444, 0.1795936353640736, 0.1795936170949583, 1.1515986002993703e-9, 4.2365428298568394e-10, 0.39467949576116773, 0.17959409571395785, 6.095037606699714e-10, 5.540948313360236e-10, 5.856513837365778e-10, 7.674821334298553e-10, 8.202262690899821e-10, 3.6425863078363787e-10, 0.17959365496572174, 1.7113970496991077e-9, 0.17959361304018137, 0.17227248279645127, 6.822914977924247e-10, 3.8714471558247493e-10, 4.943657442121222e-10, 1.1992263118338252e-9, 4.685039204701739e-10, 0.17959361776296856, 0.17959408891969303, 0.17959361636889457, 0.17959363349585156, 7.268567863523118e-10, 0.17959361739655133, 0.17959361540126997, 8.767598995799607e-10, 0.17959361609929625, 0.179593616632192, 4.624017903920558e-10, 4.790344839903659e-10, 0.1795936154347362, 1.7313088667479134e-9, 0.17959361639683807]
v_opt: [0.8204063753574125, 0.820406362161008, 0.6730658461121914, 0.032253884210416126, 0.02967814136029509]
solution time: 0.014992952346801758
McCormick lower bound: -3.985131582036998

