x_opt: [0.7414587279619412, 0.17179693087073453, 0.8282031046728099, 0.07022225158189294, 0.741457460140203, 0.2585411677003904, 0.7432820634715348, 0.8374975938785245, 0.5161597645750728, 0.17179691040688658, 0.16250167438825627, 0.48384023882071603, 0.2585425062395549, 0.25671793597942816, 0.25854132405512426, 0.2585413430223903, 0.07022224679033355, 1.201504736266033e-8, 0.07022228867748034, 0.07022228797402089]
w_opt: [0.7414587258875089, 0.4829161907400126, 3.8108947553002215e-9, 4.128948030645808e-9, 0.2252989688580295, 0.25854249369205307, 3.69484624331813e-9, 8.190361672574032e-8, 0.07022224217574978, 7.391903173443062e-9, 2.7922597383264206e-9, 3.700476436778357e-8, 1.4263410591783865e-8, 0.17179691549129597, 0.17179690732704603, 0.1717969212306743, 3.163313539458678e-8, 0.17179692887574993, 0.07022224400287562, 0.5714851708173755, 0.665700701435466, 2.1602956595944387e-8, 0.31204335467309186, 0.25854133424568715, 9.745384954117882e-9, 9.808702963191194e-9, 0.07022228616311663, 6.439169990958102e-9, 1.6335820780493963e-9, 1.1775478901438543e-8, 0.07022224736307475, 0.07022224771142195, 0.07022222386233913, 2.865705721917445e-9, 5.004106236028491e-8, 0.0702222423010724, 2.832008065531217e-9, 6.508821124329238e-9, 0.5161597626744059, 1.0325360319800023e-8, 1.898773941468736e-9, 4.174483880317165e-9, 3.941124782170669e-9, 0.07022221236279377, 2.6839521421695442e-9, 0.2585411577668155, 0.25854115532856453, 4.626072633069974e-9, 0.258541164253242, 0.2567179251887782, 5.734863255166573e-9, 0.25854116443099684, 3.570724646562011e-9, 6.9322767747520995e-9, 0.07022228397203856, 5.117519196460329e-9, 0.48384023444318114, 0.0018246907330251028, 3.423961131877551e-9, 5.92919839954765e-9, 9.903795393459061e-9, 0.5161597618329925, 3.2678510367770195e-9, 0.2585413147692651, 0.07022224229168468, 0.07022228579767084, 2.8370814318955512e-9, 2.691052022606927e-9, 2.5311149338264022e-8, 0.25854250371137094, 4.973627129421682e-9, 2.5260161500768343e-9, 3.99934789130107e-9, 1.1003260669419157e-8, 9.158554442930581e-9, 2.8274779138001375e-9, 0.17179690687412483, 4.2943407016649836e-9, 0.0702222610108184, 0.16250167109671654, 3.909311289274636e-9, 2.9584670384997575e-9, 4.923046900416418e-9, 4.959394114957703e-9, 2.388560465194448e-9, 0.25854132204575403, 0.25854126448268794, 0.07022228475997613, 0.0702222347377368, 4.409242870789465e-9, 0.2585413202119986, 0.07022222536616746, 3.5377438792913814e-9, 0.07022228496037619, 0.07022228353619911, 2.3552617757747412e-9, 2.7363641745531466e-9, 0.0702222342900278, 9.324589056823083e-9, 0.07022228262836047]
v_opt: [0.8374975918894904, 0.8282031019127735, 0.5497592296846479, 0.029514183431607385, 0.026406889845291256]
solution time: 0.016897916793823242
McCormick lower bound: -4.516635008543447

