x_opt: [0.7746945309285965, 0.2253054678853507, 0.8485844826841004, 0.15141551789948954, 0.7746945322023023, 0.22530546752831843, 0.7746945319795531, 0.8485844745065951, 0.5602034295140335, 0.151415519649988, 0.14574526070423188, 0.6063161147116642, 0.22530546763875284, 0.22530546776579755, 0.15141551706385872, 0.2253054683970213, 0.15141551747326842, 3.4923987063952266e-10, 0.15141551692665903, 0.15141551691266625]
w_opt: [0.7746945308553974, 0.5493890623349292, 1.0742088498585039e-10, 8.323677298530031e-11, 0.3810106457125067, 0.22530546718166006, 1.1778704431248535e-10, 2.6802344050229187e-10, 0.15141551730985, 2.0083366555570915e-10, 6.226719196112253e-11, 0.07388995064217099, 8.971215929506448e-10, 0.22530546747213862, 0.1514155196382342, 0.2253054675313924, 3.24924802354805e-10, 0.22530546780933863, 0.15141551763436095, 0.6232790147222779, 0.6971689573065103, 2.5910499256781488e-9, 0.45490059774289227, 0.2253054679569023, 5.314846021673676e-10, 2.608555522824189e-10, 0.15141551684892685, 2.0750363402158939e-10, 7.753083744489891e-11, 4.0563262179331647e-10, 0.15141551778827134, 0.1514155177849891, 0.15141551737931613, 6.568587240737353e-11, 1.59240604489883e-9, 0.15141551740144538, 7.097828668634107e-11, 1.250871314670142e-10, 0.5602034294641355, 4.699119676073676e-10, 1.0346916954449033e-10, 8.187832043169077e-11, 1.288769739294388e-10, 0.15141551625519933, 6.067243594938843e-11, 0.22530546733334117, 0.22530546715785701, 1.8538059857471013e-10, 0.22530546733485843, 0.22530546720415956, 1.051845162820098e-10, 0.22530546743850566, 9.435207647652735e-11, 2.0398963322835776e-10, 0.15141551684684526, 1.6285622856666097e-10, 0.6063161146372397, 1.0225239110355576e-8, 1.025659503518106e-10, 1.3062692588232238e-10, 3.480484279344151e-10, 0.5602034294066215, 8.888161247183916e-11, 0.15141551673486775, 0.1514155173707751, 0.151415516828296, 1.40955932184616e-10, 6.538847521976808e-11, 0.1665195443327743, 0.22530546753740135, 9.812489393588473e-11, 8.090409578068494e-11, 9.066810276966112e-11, 1.3245693448386605e-10, 1.3791879086855046e-10, 5.858710415369428e-11, 0.15141551964133274, 2.2107072844634604e-10, 0.15141551609316048, 0.14574526060496965, 1.0061736299222478e-10, 6.153981436119476e-11, 8.586848969898352e-11, 1.692302601870894e-10, 6.75849224954396e-11, 0.15141551697907354, 0.22530546567278176, 0.15141551680024512, 0.15141551704828715, 1.0685980981707683e-10, 0.15141551692687108, 0.15141551637913092, 1.2606676288957204e-10, 0.15141551670595518, 0.1514155168171422, 6.77237883276972e-11, 7.2138831535299e-11, 0.15141551660664315, 2.456076838937893e-10, 0.1514155167763647]
v_opt: [0.8485844744254505, 0.8485844826003813, 0.6001516186274594, 0.022926660678841054, 0.021241685389953153]
solution time: 0.015141963958740234
McCormick lower bound: -3.765908046413016

