x_opt: [0.8189183743925614, 0.21100325994340857, 0.8189183931457148, 0.1810816137149082, 0.8189183728138912, 0.18108160171923743, 0.8189183877563189, 0.8189185245677827, 0.607572228552045, 0.18108160713057078, 0.1395082705759505, 0.8017500444781671, 0.18108160877519858, 0.18108160998786035, 0.18108153886909062, 0.2110033340373027, 0.1810816035415879, 5.093114296461394e-9, 0.181081521024397, 0.18108147599045432]
w_opt: [0.818918373314038, 0.6378367479966843, 1.6203972328517872e-9, 1.2324262226117506e-9, 0.6206684198944231, 0.18108160286909178, 1.3204096001822306e-9, 3.6523050761121107e-9, 0.1810816013933395, 2.9643639798011456e-9, 1.020901805564204e-9, 0.02992165393292322, 0.02992163874936865, 0.21100325453018945, 0.1810816057823671, 0.18108160774935045, 4.5200273068901305e-9, 0.21100325911471984, 0.18108161039480797, 0.6378367816964621, 0.6378369189292062, 4.695050883833008e-9, 0.6206684423430707, 0.21100332885456938, 4.757884355367218e-9, 4.1137579031404344e-9, 0.1810815201115009, 2.189476953207839e-9, 9.58338851999111e-10, 4.574610726569233e-9, 0.18108161240301093, 0.181081612026207, 0.1810815985334236, 8.896376295206933e-10, 1.999290494381568e-8, 0.1810816027043243, 9.599042297728533e-10, 1.7802660226471386e-9, 0.6075722278909282, 5.839743705190582e-9, 1.25031183897968e-9, 1.195044333184492e-9, 1.852075391285007e-9, 0.18108158751232284, 7.801527969276594e-10, 0.18108159833455684, 0.18108159752478428, 2.1088065180483353e-9, 0.18108159961705342, 0.18108159782639827, 1.6517419169891939e-9, 0.18108160057384107, 1.278906375718005e-9, 2.9604287063237667e-9, 0.18108151994002777, 2.283252067789988e-9, 0.8017500433787091, 1.2013529458336286e-7, 1.289910647645757e-9, 1.8282234190055697e-9, 3.881858840281799e-9, 0.6075722273682306, 1.198990652730127e-9, 0.18108153480302064, 0.1810816021930484, 0.1810815197020149, 3.6116493548194184e-9, 1.0263523181020108e-9, 0.4093222746211009, 0.1810816074180232, 1.241549605090649e-9, 1.1126416788608152e-9, 1.2516493999331052e-9, 1.8226931236756783e-9, 1.8516011849644315e-9, 7.864977520436624e-10, 0.18108160516013438, 2.6812164097513267e-9, 0.1810815118873646, 0.13950826940346292, 1.4607826789755413e-9, 8.002741735574961e-10, 1.097721286955302e-9, 2.4465518024032125e-9, 9.963423417769878e-10, 0.18108153766744267, 0.18108159403953342, 0.18108147436901342, 0.18108159688073225, 1.5745769264335607e-9, 0.18108153726768553, 0.18108153307460745, 1.5694767720291974e-9, 0.18108151872948522, 0.1810814749102494, 9.39535623199979e-10, 1.0587004003928514e-9, 0.18108147272546107, 3.77707075159765e-9, 0.18108147498440083]
v_opt: [0.8189185236227148, 0.8189183919489511, 0.670627326763932, 0.03279056902634874, 0.01946268798318638]
solution time: 0.01747298240661621
McCormick lower bound: -4.508862386408916

