x_opt: [0.8034588866929788, 0.19654131797539426, 0.8034591625861213, 0.19654055343052196, 0.803458722468257, 0.196539746578313, 0.8034595820240233, 0.8875767134733477, 0.6466297283281566, 0.1965409919196636, 0.11242298818916502, 0.7729596152364598, 0.19654109536085784, 0.19654040987225238, 0.1965405306217681, 0.1965427965856957, 0.19654045484428811, 6.719327804795259e-8, 0.11242195039198691, 0.11242172772973237]
w_opt: [0.8034588727374414, 0.6069176169407783, 1.7849247855514592e-8, 1.41972761541425e-8, 0.5764185119118198, 0.19654103580942855, 1.1322055149171887e-8, 8.16116713480635e-8, 0.19654043472909216, 4.4785431374566614e-8, 1.1718028921097397e-8, 4.873226544987175e-7, 2.9914918716855113e-7, 0.19654123899347323, 0.19654098156355995, 0.196540390343731, 9.964136742525426e-8, 0.19654131064382294, 0.19654051936860084, 0.6069187527934469, 0.6910358857093968, 2.1293540390611762e-7, 0.5764188412585295, 0.1965427475559511, 5.965195943958675e-8, 5.93441518377488e-8, 0.11242194228806955, 2.304732088897924e-8, 7.258841446707393e-9, 8.122577549640807e-8, 0.19654054100702456, 0.19654053757721118, 0.19654040432571956, 9.140530370722609e-9, 5.162332489593518e-7, 0.19654044728055547, 1.0126429895671447e-8, 2.203990633490315e-8, 0.6466297220059353, 7.224915113448259e-8, 9.81025401438667e-9, 1.3447745028067314e-8, 2.037111043897045e-8, 0.19654012996654904, 7.747029041961346e-9, 0.19653968722076848, 0.1965396984399844, 1.7901963844869514e-8, 0.19653973074567316, 0.19653968407746944, 2.6432220685814902e-8, 0.196539736102287, 1.350834291416596e-8, 4.427189895146879e-8, 0.11242193940640721, 3.462398568928294e-8, 0.7729596032859608, 5.334514826566808e-6, 1.4875389375905427e-8, 2.196572027981534e-8, 3.7039888613896535e-8, 0.6466297185025006, 1.420211711639245e-8, 0.19654048854823036, 0.19654044086821207, 0.11242193768426169, 2.2630803056582052e-8, 1.159655046640472e-8, 0.41958941070133216, 0.19654108132402148, 1.339000383115108e-8, 1.0435335024999646e-8, 1.4321900356321398e-8, 2.664082014599136e-8, 2.656735247857111e-8, 7.752732209919233e-9, 0.19654096541560198, 2.4890764630700652e-8, 0.11242187961010852, 0.11242297903856317, 2.005806572485316e-8, 8.167004842015797e-9, 1.0869462317058989e-8, 2.264229390054362e-8, 1.0728106750237889e-8, 0.1965405205402195, 0.19654059958770193, 0.11242171245286474, 0.19654029519004967, 1.9849701598336222e-8, 0.1965405176615312, 0.19654010851926867, 1.5540649071874204e-8, 0.1124219327539685, 0.11242171595468577, 9.477985022150387e-9, 1.1892723548828024e-8, 0.11242168407355951, 5.6306396617750984e-8, 0.11242166057774546]
v_opt: [0.8875767056695816, 0.8034591512392826, 0.6455470395802372, 0.038628557207378386, 0.012639554392264689]
solution time: 0.019156932830810547
McCormick lower bound: -5.219723958071357

