x_opt: [0.33751172158249537, 0.1145245927995699, 0.8854754302433773, 0.11452457937263438, 0.8854754036749779, 0.11452456884122614, 0.8854754129061543, 0.8854754965191126, 0.8854754009481796, 0.11452456881564399, 0.1145242981680806, 0.7638181067004763, 0.11452457022198424, 0.11452458588729865, 0.11452451447175604, 0.3745361726684656, 0.11452457186882052, 2.072765955514061e-9, 0.11452450997030285, 0.11452450407850909]
w_opt: [0.3375117211948614, 0.2229871254763897, 6.161536162382963e-10, 5.11120777305376e-10, 0.10132982866604358, 0.11452456758403746, 5.462208772852528e-10, 1.6945927701812694e-9, 0.11452457105259634, 1.2264468997165607e-9, 3.8905202446848997e-10, 2.334624019910809e-8, 4.292762344637703e-9, 0.11452459065995826, 0.1145245681994904, 0.11452458489128536, 2.2975538263458135e-9, 0.11452459248108425, 0.11452457802643452, 0.7709508434920478, 0.770950927344518, 1.2806841427385134e-9, 0.6492935389157499, 0.37453617079982343, 3.9280480087780895e-9, 1.6278733635876045e-9, 0.11452450957639158, 8.531779384106577e-10, 3.4214916584109545e-10, 1.8774459944171934e-9, 0.11452457881278108, 0.114524578736887, 0.11452456573115392, 4.0030007954488057e-10, 7.605711542771942e-9, 0.11452457152307559, 3.968845496085804e-10, 7.872103891908801e-10, 0.8854754006729522, 2.1557011210607648e-9, 4.121142493085447e-10, 5.163139774400288e-10, 7.011357571538916e-10, 0.11452456513453983, 3.482290888734673e-10, 0.11452456747705275, 0.11452456698329982, 8.373924995968691e-10, 0.11452456797846372, 0.11452456753973762, 6.932973019752896e-10, 0.11452456832851231, 5.61449762309524e-10, 1.1981335139391081e-9, 0.11452450944906786, 8.24992529292684e-10, 0.7638181062155069, 4.00688915900141e-8, 4.4849136701240734e-10, 7.140894314463506e-10, 1.6562334733438716e-9, 0.8854754004367749, 4.921674155814283e-10, 0.11452451260839704, 0.11452457132130574, 0.11452450948094645, 1.529137262386118e-9, 4.466054330147376e-10, 0.649293508347656, 0.11452456965294794, 5.449296244119991e-10, 4.446962517344637e-10, 5.427671170971719e-10, 9.404273950360836e-10, 8.910439757120899e-10, 3.5040346402604857e-10, 0.11452456792797706, 9.771835275207225e-10, 0.1145245053118866, 0.1145242975980482, 5.934311115016363e-10, 3.4383147588502876e-10, 5.735139329980789e-10, 9.165511586067937e-10, 3.8838683792447493e-10, 0.11452451400020934, 0.11452456424209712, 0.11452450349599771, 0.11452456927618539, 5.9944923844064e-10, 0.11452451384469167, 0.1145245118655736, 6.398984887701168e-10, 0.11452450904098517, 0.11452450356025785, 3.641504176504138e-10, 4.4591769726749626e-10, 0.11452450282079543, 1.5304200350351382e-9, 0.11452450369027982]
v_opt: [0.885475496155397, 0.8854754298006866, 0.7840677435660618, 0.013115888078884487, 0.013115817837581771]
solution time: 0.014657020568847656
McCormick lower bound: -3.9800435828672756

