x_opt: [0.6466311242266312, 0.3533689054789165, 0.6466311260489657, 0.06864291176680451, 0.6466311291834701, 0.15667757617805794, 0.8433224378708507, 0.4152025934129726, 0.3533688982859014, 0.3533688715262034, 0.20305076351914297, 0.646631103186436, 0.3533688717425298, 0.15667756293758847, 0.35336886496031356, 0.3533689350841088, 0.06864290909341786, 7.336721952703724e-9, 0.06864281231601972, 0.0686427325586047]
w_opt: [0.6466311222925356, 0.2932622547185022, 2.6159300414970566e-9, 1.9994533860624426e-9, 0.2932622288941365, 0.3533688659686893, 1.4240956733551947e-9, 6.514016018733702e-9, 0.06864290591891122, 4.305634461070746e-9, 1.7994762134826185e-9, 3.267458656165701e-8, 4.15744435124671e-8, 0.3533688967318873, 0.3533688699692675, 0.1566775590380993, 6.087649083861151e-9, 0.353368904227642, 0.06864290757508028, 0.4899535650483544, 0.061833720601255804, 4.423490761040247e-9, 0.29326223488505254, 0.3533689284018365, 5.331451929371145e-9, 6.328380450663751e-9, 0.06864281114582246, 3.9150274413129115e-9, 1.1409337279709441e-9, 5.741146814463867e-9, 0.06864290987244269, 0.06864290929794523, 0.06864290372367295, 1.1329799714453228e-9, 2.7977243712491208e-8, 0.06864290771300333, 1.493572717762785e-9, 2.5621680431493082e-9, 0.3533688971541418, 1.063659550916403e-8, 3.025437017924765e-9, 1.6411983255373783e-9, 3.629854535751661e-9, 0.06864289135973227, 1.0465902517126132e-9, 0.15667757061268706, 0.15667757122589845, 2.6685360355479544e-9, 0.1566775736902741, 0.15667755659552873, 2.6387016209779345e-9, 0.15667757486257045, 1.563194507109852e-9, 4.292596022544352e-9, 0.06864281090316102, 3.965354955915628e-9, 0.6466311015104118, 0.19669139143223327, 2.9736061087721437e-9, 3.328000899477166e-9, 4.579385054160555e-9, 0.3533688969486722, 1.7586614026627314e-9, 0.3533688609217803, 0.06864290673544018, 0.0686428101570425, 2.2112598135028624e-9, 1.2544736501871633e-9, 4.469653611279377e-9, 0.3533688703602691, 1.9641174634044242e-9, 1.5534191710933748e-9, 1.846950382736053e-9, 2.3606713501116734e-9, 2.491194327253728e-9, 1.1357940829269722e-9, 0.35336886929774153, 2.9924539027800568e-9, 0.06864280291912997, 0.2030507624198839, 2.2175842069931472e-9, 1.236970605446389e-9, 1.2724868162083355e-9, 3.914176654387209e-9, 1.5522506682339468e-9, 0.35336886340416696, 0.35336884213723607, 0.06864272992312423, 0.06864290499850886, 2.9828240424284803e-9, 0.3533688629903995, 0.06864290143410874, 2.048492585143361e-9, 0.06864280982343748, 0.06864273105875915, 1.4775269535984894e-9, 1.4101870570236881e-9, 0.06864272807740314, 5.77845920047884e-9, 0.0686427308865993]
v_opt: [0.41520259208485344, 0.6466311238980031, 0.418133440316364, 0.12486961405802292, 0.04122989620975854]
solution time: 0.01599717140197754
McCormick lower bound: -7.387177825920368

