x_opt: [0.6646624085221857, 0.33533773944547307, 0.6646624171914394, 0.08032132528685583, 0.6646622207067564, 0.15899232593096801, 0.8410084022666661, 0.4376264705908381, 0.3353384916036964, 0.33533750545353824, 0.24064465118617073, 0.6646614822568621, 0.3353377361224906, 0.15899160805318124, 0.3353377215616807, 0.33533782129974177, 0.08032128466141396, 4.8525342210737075e-8, 0.08032443850376485, 0.08032366824743283]
w_opt: [0.664662393929676, 0.32932463512110244, 1.0787669326539302e-8, 1.1208792296267274e-8, 0.32932389894334463, 0.33533769920741596, 9.724826213206306e-9, 1.6850012470545455e-7, 0.08032126636374765, 3.0269878064527684e-8, 9.4160281058366e-9, 1.629130399447323e-7, 4.051073654120697e-8, 0.33533767427392774, 0.33533749704193494, 0.15899158743031744, 4.562889062205307e-8, 0.3353377314475215, 0.0803212971242129, 0.5056708261726061, 0.1022888946893325, 1.617440657696508e-8, 0.32932393536646165, 0.3353377804737628, 3.903963329654883e-8, 4.250219387584009e-8, 0.08032443129738195, 3.698616400074565e-8, 6.203743872752287e-9, 5.3021489275155936e-8, 0.08032131230348855, 0.08032131201617293, 0.08032124548704922, 6.9153122191520035e-9, 3.811494191241145e-7, 0.08032127327424528, 9.526002932132034e-9, 1.67731343939177e-8, 0.3353384853831954, 4.473058213788931e-8, 1.0819239076470862e-8, 9.583170136520001e-9, 2.2601451975015853e-8, 0.08032116626563741, 6.851567909981913e-9, 0.15899229609275414, 0.15899229115045807, 1.6883449234179365e-8, 0.15899231414965329, 0.15899156215485763, 1.636111673709901e-8, 0.1589923188965494, 9.612822339145167e-9, 3.025174395242046e-8, 0.08032442986638025, 2.5562252776259813e-8, 0.664661472347325, 0.1763474993543185, 2.361316458650348e-8, 2.1413897977197565e-8, 3.371016192323836e-8, 0.33533848343347566, 1.0490102413422702e-8, 0.33533769907729793, 0.08032126968787824, 0.08032442686043742, 1.2877338928322202e-8, 6.783842428274697e-9, 2.0044189446686717e-8, 0.33533772944318596, 1.3739863590284796e-8, 8.772409129323636e-9, 1.2222444500703725e-8, 1.7792622579711213e-8, 1.8006648502152277e-8, 6.759671344555136e-9, 0.3353374971624395, 1.835725007452048e-8, 0.08032436803708423, 0.24064464492393361, 1.45029869050117e-8, 7.934368704923306e-9, 8.161680692674409e-9, 1.998541669957922e-8, 8.809160497319322e-9, 0.33533771311861665, 0.33533755991179687, 0.0803236553467425, 0.0803212571227188, 1.7905808059730375e-8, 0.33533771002968027, 0.0803212256475385, 1.3350513997062717e-8, 0.08032442634727828, 0.08032365847146009, 8.615831253132373e-9, 8.161165566474961e-9, 0.08032125701825593, 3.9910789278343624e-8, 0.08032365287010615]
v_opt: [0.43762646314073034, 0.6646624066343602, 0.44177586834013005, 0.11245162220386404, 0.05790992836445643]
solution time: 0.014957904815673828
McCormick lower bound: -6.190780654715532

