x_opt: [0.4025180598640486, 0.1838573219712952, 0.8961787436050894, 0.1038212566873929, 0.8161426779777478, 0.15820480973519038, 0.8161426780089772, 0.8961787434049497, 0.8161426774520417, 0.10382125627110703, 0.10382125718216131, 0.5974819402090324, 0.15820480973538742, 0.18385732178869968, 0.10382125651109593, 0.34163942337439684, 0.10382125652053267, 8.534600691422561e-11, 0.1038212565063973, 0.10382125647321729]
w_opt: [0.40251805984882055, 0.2186607378493721, 2.457319893592958e-11, 1.871120689099415e-11, 9.050792894477439e-11, 0.15820480961247554, 3.148531066772279e-11, 7.672099529240432e-11, 0.10382125648624425, 5.054351458277729e-11, 1.2545463711075056e-11, 0.08003606559078932, 3.439566164280608e-10, 0.18385732188040124, 0.10382125625152541, 0.18385732175467803, 9.653130812760071e-11, 0.18385732195643428, 0.10382125662536064, 0.7123214216291822, 0.7923574870507469, 4.115676600788344e-11, 0.49366068389680084, 0.34163942328575597, 1.8981915723529072e-10, 5.764035119273481e-11, 0.10382125648590283, 1.2280260300156757e-10, 1.642814878983388e-11, 1.009453056708983e-10, 0.10382125665885265, 0.10382125666418109, 0.10382125613423385, 1.7049263234449148e-11, 3.3915155107974707e-10, 0.10382125650362757, 1.6818081363445607e-11, 3.081677993674739e-11, 0.8161426774407821, 1.2660530354384688e-10, 1.7686146586370142e-11, 1.9562168135891654e-11, 2.667264306117381e-11, 0.10382125622485257, 1.6018103965510398e-11, 0.1582048096944529, 0.15820480963025074, 4.3652530286818104e-11, 0.15820480968899886, 0.15820480968912048, 2.348753211558457e-11, 0.15820480971419162, 2.3780764818245352e-11, 5.030411960311489e-11, 0.1038212564838949, 3.158741710012188e-11, 0.5974819401910827, 1.1539913326012034e-9, 1.8167611020984122e-11, 2.7953388950660695e-11, 9.393108528457958e-11, 0.81614267742283, 2.988353755502074e-11, 0.10382125641679406, 0.10382125649730975, 0.10382125648660329, 2.484981056885061e-11, 1.5284280066089676e-11, 0.4136246176870776, 0.15820480971079257, 2.4869823731307273e-11, 1.7526789364303852e-11, 2.2966211564286474e-11, 3.986485778951661e-11, 3.9138876967616575e-11, 1.501627611986965e-11, 0.10382125624633527, 4.5330319350092947e-11, 0.10382125594740589, 0.10382125653762678, 2.3287706915162423e-11, 1.5167702283495103e-11, 2.896939519373154e-11, 3.429183615100972e-11, 1.449964582669079e-11, 0.10382125649261245, 0.15820480947241902, 0.10382125645168079, 0.10382125634467441, 2.1741681333376278e-11, 0.10382125647973364, 0.10382125629257506, 3.159475251490757e-11, 0.10382125645132845, 0.1038212564498454, 1.434079629438101e-11, 1.7157171504412796e-11, 0.10382125640037265, 5.925981001037847e-11, 0.10382125645367203]
v_opt: [0.8961787433870144, 0.8961787435881777, 0.6660890035304575, 0.010778857048799939, 0.010778858300167548]
solution time: 0.018136024475097656
McCormick lower bound: -3.1179348147436357

