x_opt: [0.6454320879084737, 0.35456791264940263, 0.6454320891422819, 1.2233058735550626e-8, 0.6454320858040095, 0.1504864450083662, 0.8771632501695005, 0.37868760522906136, 0.3545679147772858, 0.35456791003505644, 0.25387457961478366, 0.6454320817165573, 0.3545679135654068, 0.12283675004434999, 0.3545679131345932, 0.354567926389552, 1.2041855150896749e-8, 1.195377502224161e-9, 0.1228367459381264, 0.12283674464830086]
w_opt: [0.6454320877111752, 0.2908641737247027, 3.249113606746718e-10, 3.6172980560813906e-10, 0.2908641698172443, 0.3545679126872379, 3.0222099178121545e-10, 3.175182663101224e-9, 1.1573102432647985e-8, 7.312210598014023e-10, 2.3168250223171648e-10, 1.95262166919427e-9, 2.0753734602142027e-9, 0.35456791080315836, 0.3545679099849836, 0.12283674947808235, 2.0154583503540845e-9, 0.35456791240866087, 1.1586037708387931e-8, 0.5225953395459746, 0.024119694584750415, 5.268147664458908e-10, 0.290864171774533, 0.3545679254334778, 1.0615235037531552e-9, 1.0030051664420576e-9, 0.1228367456903128, 7.55941022157748e-10, 1.6256867018484163e-10, 1.1412223581957889e-9, 1.1773274382605706e-8, 1.1931109284063432e-8, 1.0285243340966837e-8, 2.0904938165889577e-10, 3.145782312827714e-9, 1.1713751906960996e-8, 2.893437908156041e-10, 4.950961903290738e-10, 0.3545679145356448, 1.41850507113503e-9, 2.2065447903214425e-10, 3.0473367063738904e-10, 4.915024825583746e-10, 9.860605054679611e-9, 2.3839457690277334e-10, 0.15048644428482566, 0.15048644387919333, 4.852634874831232e-10, 0.15048644471281303, 0.12283674911156278, 4.544279940477566e-10, 0.1504864448011515, 2.65450543649784e-10, 7.067251061591448e-10, 0.12283674560702879, 5.979927411981398e-10, 0.6454320813823344, 0.23173117881598038, 5.242459510103979e-10, 1.1614595928832165e-9, 1.367203094483703e-9, 0.3545679145304585, 3.142255901218847e-10, 0.3545679124912298, 1.1495326322757672e-8, 0.12283674560982806, 3.0422212307876287e-10, 1.7451841256694005e-10, 2.893089443235262e-10, 0.354567913373422, 5.984472207251361e-10, 2.267565463252769e-10, 3.880113022637735e-10, 6.654768681292814e-10, 6.875551254652264e-10, 2.406982185532509e-10, 0.3545679099819045, 3.8570211803357657e-10, 0.12283674378698159, 0.2538745796764101, 3.836203008640746e-10, 3.073627072110881e-10, 3.193689659533316e-10, 5.687567603277017e-10, 2.2988533684089823e-10, 0.3545679129157507, 0.35456790313307035, 0.12283674431933467, 1.1241523161560264e-8, 4.965696319818659e-10, 0.35456791273806454, 1.0308523094181838e-8, 3.759901533512053e-10, 0.12283674564685552, 0.12283674435706594, 2.3140184159876866e-10, 2.2030443898110548e-10, 1.1436882644904384e-8, 9.522871699249634e-10, 0.12283674427225005]
v_opt: [0.37868760499780396, 0.6454320888405166, 0.4165825932993844, 0.12571841068904954, 0.06445244218586135]
solution time: 0.012517929077148438
McCormick lower bound: -5.928588051812591

