x_opt: [0.7179068411649439, 0.30326222807232606, 0.7179068540399653, 4.113800235333496e-7, 0.7179068739932001, 0.18462554692854571, 0.8153745649197718, 0.5073242236967268, 0.3726062889047398, 0.2820930802214605, 0.2820929942307061, 0.6273425796939232, 0.2820931183474403, 0.18462542137166751, 0.28209309591082393, 0.3032722370845455, 4.014297677035669e-7, 2.5551758114143763e-8, 0.1846254569937274, 0.18462462823505843]
w_opt: [0.7179068311311568, 0.4358137179217564, 5.070561331820712e-9, 6.119225172131758e-9, 0.34524942416272647, 0.28209310123230186, 6.0298335171474276e-9, 3.1071297215774833e-8, 3.9249724985672356e-7, 1.6280109048406354e-8, 3.22303166287272e-9, 0.021169085159935205, 0.02116913016532316, 0.3032621923728564, 0.28209307678471407, 0.18462541321066922, 2.432147744103164e-8, 0.30326222401411995, 3.9882868314792866e-7, 0.5332814221485931, 0.2252310817883005, 8.846369934789148e-9, 0.345249449986814, 0.303272213649063, 1.876673879853224e-8, 2.1844467141574563e-8, 0.1846254525836566, 1.5073113117462987e-8, 3.443015296581322e-9, 2.6054432331335077e-8, 4.031544263306938e-7, 4.060341241980038e-7, 3.8105157194999004e-7, 3.1427980493801933e-9, 7.359839648831209e-8, 3.9705586314276535e-7, 4.929046539719665e-9, 7.0967509956681914e-9, 0.3726062851686911, 4.7042420340516423e-8, 7.547002121404136e-9, 4.0084392179574025e-9, 9.819209077090805e-9, 3.552326693273361e-7, 3.7125330273566776e-9, 0.18462553711087173, 0.18462552324400952, 1.1270282274074224e-8, 0.18462554162098982, 0.1846254021472906, 6.361747139604632e-9, 0.18462554378441323, 4.386028461626649e-9, 1.6785083929275384e-8, 0.18462545236146252, 1.1522946828101793e-8, 0.6273425753337201, 0.09746797880027444, 7.106547649048667e-9, 4.9637332390215184e-8, 1.9750351124419615e-8, 0.3726062839838593, 5.283216429347367e-9, 0.28209308197807675, 3.929363441914106e-7, 0.18462545101009234, 7.237303201887723e-9, 2.56906857722202e-9, 4.64025424341677e-9, 0.2820931153502716, 8.774321566476202e-9, 3.962652379920881e-9, 6.3636957494259744e-9, 8.177997360078998e-9, 9.131402233352104e-9, 3.2710231245521523e-9, 0.28209307542566703, 9.300108811475383e-9, 0.18462542044232697, 0.2820929907249129, 6.941193196226426e-9, 4.4343412295145005e-9, 3.9775276249585265e-9, 8.131137847300665e-9, 3.859589120955591e-9, 0.28209309258167414, 0.2820930384708769, 0.1846246225157991, 3.833728445584257e-7, 7.589816612039377e-9, 0.2820930901912363, 3.729413221486899e-7, 8.54062945594852e-9, 0.18462545190421625, 0.18462462435603405, 3.9343124301908096e-9, 3.5570121250696562e-9, 3.8946829561332905e-7, 2.0845800837115663e-8, 0.18462462125467802]
v_opt: [0.5073242188671833, 0.7179068492034679, 0.5153906906936213, 0.07957651930010493, 0.0795780154609694]
solution time: 0.012485027313232422
McCormick lower bound: -5.0879058719645025

