x_opt: [0.7728734983673229, 0.22712653032236058, 0.7728735028483927, 2.0433658276076483e-6, 0.7728734938198978, 0.22712595137543615, 0.7728741214371724, 0.626928866681088, 0.41957212363042423, 0.22712649971269366, 0.22712642020121068, 0.5804278685264558, 0.22712649880372582, 0.22712587843472232, 0.227126443068806, 0.295192651290682, 2.0326123546395806e-6, 6.969054710978464e-9, 0.22712570988148467, 0.2271253082871216]
w_opt: [0.7728734958797849, 0.5457469931954179, 2.780233496402349e-9, 2.625627102815225e-9, 0.35330136814118934, 0.2271264916773781, 2.0548811221798764e-9, 5.713258212570067e-9, 2.029619063650254e-6, 4.26055471707264e-9, 1.3375192646442516e-9, 3.4272964395669e-8, 3.961372774935241e-8, 0.22712651952216714, 0.2271264985018712, 0.22712587532663486, 8.60486087934933e-9, 0.22712652898723076, 2.0389787907068336e-6, 0.5457476253036354, 0.39980237094943183, 5.173746362021242e-9, 0.353301377791759, 0.2951926428668955, 6.516051380672968e-9, 5.863897344093346e-9, 0.227125708654685, 6.237527621211036e-9, 1.1359251126518122e-9, 7.922503747491814e-9, 2.041176688084685e-6, 2.0413943044951587e-6, 2.0324978421210537e-6, 1.1079208412400493e-9, 2.4354911660365047e-8, 2.031249828718173e-6, 1.4512748774929656e-9, 2.519288148343696e-9, 0.41957212272038824, 1.7390634314692588e-8, 2.112102636503913e-9, 1.5347185176663062e-9, 2.617996471557141e-9, 2.0150602814971065e-6, 1.2740381307529102e-9, 0.22712594768982772, 0.2271259438857735, 3.854953802188156e-9, 0.22712594945774459, 0.22712586996436607, 2.4302977996454984e-9, 0.22712595026946308, 1.7642253439755774e-9, 4.252128885117658e-9, 0.2271257084538148, 4.091391947068699e-9, 0.5804278669946017, 7.217482374617208e-7, 2.9351269957999775e-9, 4.049598343738157e-9, 7.930328326373353e-9, 0.41957212194642396, 1.754305970400171e-9, 0.22712643816039754, 2.03025642452573e-6, 0.2271257080495251, 2.565329857528386e-9, 1.1924843982608203e-9, 2.6075042532924246e-9, 0.2271264977396812, 2.552437333933269e-9, 1.4693769156981286e-9, 1.9097377551033704e-9, 3.0489993131725778e-9, 3.1724099505736706e-9, 1.1600114337163703e-9, 0.22712649689050957, 3.619217305114258e-9, 0.22712569953907483, 0.22712641904849978, 2.2447473917388547e-9, 1.3376216642918789e-9, 1.451661324005084e-9, 3.5634704028701526e-9, 1.4098324057589673e-9, 0.2271264421123012, 0.22712644777537405, 0.22712530626447153, 2.0238263686849785e-6, 2.566615621511648e-9, 0.22712644109854022, 2.0233132778723706e-6, 2.4283880186991704e-9, 0.22712570799422346, 0.22712530705624406, 1.4000470597531628e-9, 1.2861884442379463e-9, 2.028266328315997e-6, 5.554196853271445e-9, 0.22712529928138717]
v_opt: [0.62692886531949, 0.7728735013197221, 0.597333493669298, 0.05158645063564235, 0.051586439761026746]
solution time: 0.013458967208862305
McCormick lower bound: -4.983655300595382

