x_opt: [0.818269109286295, 0.2144340601511869, 0.8182691533612435, 0.1817308884133153, 0.8182691063030241, 0.18173087336607713, 0.8182691125138941, 0.818269228267773, 0.6160439048467942, 0.18173088652218544, 0.12521071596000535, 0.7996673410338005, 0.18173088621711914, 0.18173088277248925, 0.1817307238834833, 0.2144340656766645, 0.18173085955134705, 3.55766468494505e-9, 0.18173072266276666, 0.18173071461588086]
w_opt: [0.8182691078129628, 0.6365382159465809, 9.029303844433755e-10, 5.867627449423963e-10, 0.6179364510237774, 0.18173088200095194, 9.921875512022467e-10, 2.5578289748059618e-9, 0.18173085821405016, 2.326618490252673e-9, 6.783788649411785e-10, 0.0327032141077284, 0.03270317037879301, 0.21443405609576857, 0.18173088586130232, 0.1817308815210544, 3.2344766358746684e-9, 0.2144340596388528, 0.18173088612191118, 0.636538266201855, 0.6365383822705959, 4.2448888917118256e-8, 0.6179364981403088, 0.21443406011527827, 1.624181122197271e-8, 3.0530231266480205e-9, 0.18173072226699374, 1.6855019717549976e-9, 8.791918288826678e-10, 4.448378623750042e-9, 0.18173088782561728, 0.181730887620578, 0.1817308767769871, 4.0824129315062547e-10, 1.924660936140667e-8, 0.1817308592276017, 4.712398697278366e-10, 9.715445030816704e-10, 0.6160439045897629, 8.042235296575e-9, 2.0700783095518266e-9, 7.00260605677781e-10, 1.4954954696318822e-9, 0.18173084636976622, 4.178484677456443e-10, 0.18173087136222957, 0.18173087040013683, 1.7025201295284946e-9, 0.18173087207048758, 0.18173087050641853, 1.1527685525486182e-9, 0.18173087288001202, 7.583257380902433e-10, 2.41099099584549e-9, 0.18173072226558373, 2.26910797892987e-9, 0.7996673405839692, 1.879857048263996e-7, 9.493556940200268e-10, 1.3062518445123187e-9, 3.4596269715999674e-9, 0.6160439042306955, 7.500484099750825e-10, 0.18173072058107312, 0.18173085895811047, 0.18173072183000308, 6.884436747133634e-9, 6.160394503266608e-10, 0.4157112468548497, 0.18173088512842336, 6.232625807594739e-10, 7.000453243143744e-10, 6.582317305181746e-10, 9.164507618416533e-10, 1.0612470989051335e-9, 3.358650020457604e-10, 0.18173088490995634, 3.4466548439734443e-9, 0.1817307192548114, 0.12521071547362816, 9.736076130402244e-10, 3.30120929768891e-10, 4.432543434440612e-10, 2.182874466242066e-9, 6.618933940544494e-10, 0.18173072325525896, 0.18173087710784344, 0.1817307136348509, 0.18173085405777992, 1.0402748754929393e-9, 0.18173072280960845, 0.18173072075096208, 1.1646304056109171e-9, 0.18173071962408527, 0.18173071414111744, 5.571756161385247e-10, 5.878731852840972e-10, 0.18173071173772695, 2.901491669388236e-9, 0.18173071361948276]
v_opt: [0.8182692277352337, 0.8182691527804429, 0.66956433117988, 0.03302611897279102, 0.01567773622433852]
solution time: 0.013643026351928711
McCormick lower bound: -4.608128060174783

