x_opt: [0.28064462163467135, 0.11212899775874981, 0.8953389174746673, 0.10466112598902466, 0.8878709715939648, 0.11212892004461449, 0.8878709502850494, 0.8953388868446108, 0.887870960372993, 0.009938730951072538, 0.10466110531829917, 0.7193553804332364, 0.11212892056286226, 0.11212899520106497, 0.10466110975507507, 0.33704396400371994, 0.1046611080956162, 5.699520767309118e-9, 0.10466110942664522, 0.10466110688044737]
w_opt: [0.2806446207170008, 0.16851559384048928, 1.5721178220423453e-9, 1.201523625385164e-9, 3.278535100890061e-9, 0.11212891198473497, 2.5137390085415048e-9, 6.003290176106604e-9, 0.10466110596670844, 3.4391625891904277e-9, 7.490054073606293e-10, 0.007467916082148509, 2.367119780139153e-8, 0.11212899187946264, 0.009938729414876644, 0.11212899246076456, 7.798850688188952e-9, 0.11212899679308787, 0.10466112188913405, 0.7832098687251785, 0.7906778083193696, 2.0755999072097407e-9, 0.6146943032601171, 0.3370439586042155, 2.910684446493788e-8, 3.432791306385169e-9, 0.1046611079171157, 2.6596960466004252e-8, 1.028313886865621e-9, 7.149024804836652e-9, 0.10466112389782972, 0.1046611245987576, 0.009938722244664475, 1.2016472281541243e-9, 2.1491393738685403e-8, 0.10466110692316949, 1.1294029563127926e-9, 2.1001487382230483e-9, 0.8878709596089659, 9.794408168803806e-9, 1.030357768251807e-9, 1.2527555375216185e-9, 1.6241194402084325e-9, 0.10466108851122828, 1.1692339376474668e-9, 0.11212891759299937, 0.11212891181280171, 2.9444533309901334e-9, 0.1121289175439643, 0.11212891686015572, 1.4871638117494765e-9, 0.11212891861269954, 1.6275042504005255e-9, 3.3844232497662776e-9, 0.10466110770782512, 1.8835595358351705e-9, 0.7193553792288698, 1.1337202161028437e-7, 1.0710534327362424e-9, 1.7772351777430302e-9, 7.0983572439630645e-9, 0.88787095818847, 1.7222427240114452e-9, 0.10466110269406016, 0.10466110655499453, 0.10466110822101225, 2.1427424148619263e-9, 9.708510345565799e-10, 0.6072263425007467, 0.11212891898001338, 1.795440522460108e-9, 1.0956411064111776e-9, 1.6042090379094289e-9, 3.2309000154383456e-9, 3.0364575053537843e-9, 1.0626044853486782e-9, 0.00993872870578064, 2.734077799602912e-9, 0.009938713303384862, 0.1046611006943639, 1.5133152726603553e-9, 1.060517048611188e-9, 2.6509051532980092e-9, 2.0561305247517773e-9, 8.988950224295432e-10, 0.10466110862786435, 0.11212890291071861, 0.10466110561400101, 0.10466108514008192, 1.3286811045406665e-9, 0.10466110771052684, 0.10466109221410105, 2.1893761878725245e-9, 0.10466110608534294, 0.10466110527613544, 8.930179685212589e-10, 1.120684217563181e-9, 0.10466110162297096, 3.915661845941156e-9, 0.10466110571012241]
v_opt: [0.8953388856723862, 0.8953389164952704, 0.7883151026560077, 9.881195733313806e-5, 0.010953948138262094]
solution time: 0.014067888259887695
McCormick lower bound: -2.8269572375963095

