x_opt: [0.772873581471393, 0.22712681439810134, 0.7728736502992938, 2.64872144856598e-7, 0.772873588590251, 0.22712636771565436, 0.772873677346398, 0.6269299189324449, 0.4195736011195916, 0.22712634762811854, 0.22712637430529778, 0.580426368394585, 0.22712640087985989, 0.22712631634271715, 0.22712636036766354, 0.2951924904752131, 2.5810696983014257e-7, 1.988299875219105e-8, 0.2271262747913495, 0.2271262611604448]
w_opt: [0.7728735782244408, 0.5457471727263812, 5.079273866174833e-9, 5.628148664489019e-9, 0.35329995313318663, 0.2271263838790161, 6.926540859798705e-9, 2.8742989138757782e-8, 2.497545991922789e-7, 1.1896093363002596e-8, 3.0753428797910094e-9, 4.6797692859412644e-7, 4.5801065549374133e-7, 0.22712678617217988, 0.22712634374528182, 0.22712630885713672, 2.254624365256427e-8, 0.2271268100335646, 2.5237091995918644e-7, 0.5457473309663434, 0.3998035742963493, 1.381615544298132e-8, 0.353300033947705, 0.2951924698555523, 1.4415167890854922e-8, 1.5392080031694658e-8, 0.22712626990026466, 1.1929608054640278e-8, 3.6377525065908144e-9, 2.3098467611278994e-8, 2.5629957258255635e-7, 2.5987356609493786e-7, 2.3565434276653506e-7, 3.3846764190578406e-9, 5.984476802865218e-8, 2.529191746004676e-7, 4.586576348078115e-9, 6.917072715846898e-9, 0.4195735976085977, 3.900137964049412e-8, 5.084042119482826e-9, 4.244518075677068e-9, 7.1657686956852375e-9, 2.1677499956282865e-7, 3.982778591770865e-9, 0.22712635898095918, 0.22712634152509176, 1.0443272185563416e-8, 0.2271263619525365, 0.22712629898046544, 5.5384069308031525e-9, 0.2271263641934479, 4.436297674016111e-9, 1.2002783859060589e-8, 0.22712626956054963, 9.0130193291958e-9, 0.5804263641184063, 5.272252766310425e-7, 6.123119695218269e-9, 1.3443585278850209e-8, 3.5368484117931694e-8, 0.4195735954745473, 5.057393074680129e-9, 0.2271263469401007, 2.5038122950978906e-7, 0.22712626933509217, 6.5767960309947035e-9, 2.624758449274568e-9, 4.993098677411696e-9, 0.22712639753446467, 8.353091345530873e-9, 3.84654435479699e-9, 5.857249402830765e-9, 8.385180422424989e-9, 9.139047708161815e-9, 3.507517654275938e-9, 0.22712634278381563, 8.296671728342226e-9, 0.2271262207074451, 0.22712636917941728, 5.746880386708041e-9, 4.471591959515628e-9, 4.726712089163083e-9, 7.57123521106874e-9, 3.4926014997331852e-9, 0.2271263571223391, 0.22712629449960037, 0.22712625556668645, 2.3867426701385224e-7, 6.401370892079904e-9, 0.22712635395433653, 2.3255675574354928e-7, 7.509589808098956e-9, 0.2271262694158295, 0.2271262574148031, 3.6472292288379842e-9, 3.458440570217033e-9, 2.4845968227758233e-7, 1.4866774212574377e-8, 0.22712625436302328]
v_opt: [0.626929914019758, 0.7728736457234194, 0.5973339986567198, 0.05158637916224035, 0.051586394522943356]
solution time: 0.012624025344848633
McCormick lower bound: -4.227888439698191

