x_opt: [0.749521312218434, 0.3458752120304967, 0.7495213069163942, 9.610918402300635e-7, 0.7495213658921932, 0.2504772275936307, 0.7495229605385672, 0.4046698467487533, 0.2504786953662034, 0.25047866425172166, 0.2504786744482745, 0.5311625825214307, 0.25047866425857856, 0.25047699232153775, 0.2504785951995959, 0.3458752384463321, 8.740103151337624e-7, 1.6043583126874184e-8, 0.25047704174493524, 0.25047709173316385]
w_opt: [0.7495213011549307, 0.4990426785336351, 2.7246245547091374e-9, 3.140307276042064e-9, 0.28068389642735125, 0.25047865315453777, 3.497957744966687e-9, 3.599419201843171e-8, 8.686930283208903e-7, 1.0803086552829674e-8, 2.870730159528633e-9, 0.09539652065183557, 0.09539659400647228, 0.34587518422155394, 0.2504786620405804, 0.2504769885883851, 1.5453611494349676e-8, 0.34587520990161796, 9.514321469450154e-7, 0.49904426887171793, 0.15419115591866253, 6.657845336442465e-9, 0.2806839007974652, 0.3458752167547673, 1.6683924207116134e-8, 1.4042156600763065e-8, 0.25047703969562884, 2.4958080467327403e-8, 2.3540658129982767e-9, 3.88972474571255e-8, 9.563711673375036e-7, 9.565155224659658e-7, 9.371730428701243e-7, 1.5641932332302725e-9, 1.7007596590944723e-7, 8.722979445392757e-7, 2.7487199001295782e-9, 4.045487323058102e-9, 0.2504786936990613, 8.439731904448332e-8, 3.246064331477768e-8, 2.2610593883852215e-9, 1.3446253555042576e-8, 8.277357094644218e-7, 1.79846876456811e-9, 0.25047722237526976, 0.2504772071872394, 1.0567344947967427e-8, 0.25047722494466695, 0.25047697786293843, 3.471252962287489e-9, 0.2504772261244507, 2.3854489085821977e-9, 1.142219344054932e-8, 0.2504770386803927, 9.894646255364244e-9, 0.5311625806289267, 3.388770903848897e-6, 5.4307042910556505e-9, 8.642395114317397e-8, 1.1418252070709867e-7, 0.2504786927462081, 2.9212391416437316e-9, 0.25047859009861556, 8.698975261719134e-7, 0.2504770381580474, 6.522524336338366e-9, 1.2858052039382597e-9, 1.7033513843996962e-9, 0.2504786631845862, 4.37337010379524e-9, 2.240247587365986e-9, 3.3372474606886085e-9, 3.805804977353835e-9, 4.875152089195016e-9, 1.6614098233120663e-9, 0.250478658902349, 8.808463510467152e-9, 0.2504770230933114, 0.2504786727729819, 4.012798260244791e-9, 2.0564668210465703e-9, 1.7057423192837351e-9, 5.057262894415336e-9, 2.121076193558421e-9, 0.25047859351605056, 0.2504786313481186, 0.2504770886446332, 8.619170102462213e-7, 4.70115452268048e-9, 0.2504785923464583, 8.585626709640015e-7, 6.119058057668758e-9, 0.25047703941296334, 0.25047708843613115, 2.244133544747372e-9, 1.8205248936476923e-9, 8.585927135052694e-7, 1.363278372797448e-8, 0.2504770311034224]
v_opt: [0.4046698438368601, 0.7495213046967214, 0.5617822788418649, 0.06273956276146704, 0.06273956703971674]
solution time: 0.013808965682983398
McCormick lower bound: -5.108062950963185

