x_opt: [0.6353515061565085, 0.36464839566155277, 0.6353519337198064, 2.909279970667125e-6, 0.6353515630306285, 0.15945221097742834, 0.8878512670909554, 0.3646488716758325, 0.36464870147804873, 0.36464806548428835, 0.22868046730100824, 0.6353510056066488, 0.3646484183461175, 0.11214892952070393, 0.3646483332046997, 0.364648548276897, 2.8570026058980683e-6, 9.074842517823526e-8, 0.11214865961887734, 0.11214840099677988]
w_opt: [0.63535145191346, 0.2707030817369364, 1.384107047876699e-8, 2.369679291568088e-8, 0.2707025259614065, 0.36464835965583675, 2.202749979449872e-8, 3.131841005304088e-7, 2.8196641582823035e-6, 5.922231404832376e-8, 2.151103210421729e-8, 3.4500494061785697e-7, 4.796428845250547e-7, 0.36464821020566396, 0.36464804317102595, 0.11214888533337322, 8.44513701168755e-8, 0.36464835442334365, 2.8537292626791425e-6, 0.5232032122467918, 8.177716770074654e-7, 1.985755589702834e-7, 0.27070299976576795, 0.36464847285939467, 1.1890017436724885e-7, 8.132832467403834e-8, 0.11214864770417363, 1.643041506375908e-7, 1.0960574753156753e-8, 1.5981517045154597e-7, 2.8834353056242928e-6, 2.8764659601485455e-6, 2.664568853875104e-6, 1.1848852361757007e-8, 1.1823484362004805e-6, 2.8405565339476225e-6, 1.891329577800641e-8, 3.126334005611527e-8, 0.36464868917073845, 8.677385756798429e-8, 5.104646796620997e-8, 2.1898551950293982e-8, 9.698675714609043e-8, 2.5045719261327535e-6, 1.2127423146911657e-8, 0.15945215421653927, 0.15945213705235758, 3.845565966546478e-8, 0.15945218892306398, 0.11214867415631305, 3.036502049479759e-8, 0.1594522005758259, 1.6861794101902897e-8, 5.923808539208174e-8, 0.11214864438897566, 8.579032870162677e-8, 0.6353509886539137, 0.25250564944658865, 2.2074457169348034e-7, 1.2300120540440398e-7, 3.273971505075494e-7, 0.36464868799267786, 2.103065597033277e-8, 0.36464827274077544, 2.8237534195942737e-6, 0.11214863753809029, 2.729801531335895e-8, 1.1545310884719734e-8, 1.6511674012549036e-8, 0.3646484109047642, 2.6920653053021607e-8, 1.6392469968349095e-8, 2.3128168151079305e-8, 3.812120920731869e-8, 3.278916310757885e-8, 9.58377272163258e-9, 0.364648058326898, 3.6906739778098184e-8, 0.11214853989274412, 0.22868045747704038, 2.8420453414864708e-8, 1.6238347264440117e-8, 1.0907533794798603e-8, 4.5023089498131445e-8, 1.711843746584175e-8, 0.3646483201290835, 0.36464753030644864, 0.1121483727116584, 2.7973906982047563e-6, 5.485102878066465e-8, 0.36464828275459676, 2.6863252271241803e-6, 2.502246003094251e-8, 0.11214864048303429, 0.1121483448181896, 1.7684936753284487e-8, 1.4144200326513329e-8, 2.7667983687767863e-6, 7.778446269212638e-8, 0.11214828385670636]
v_opt: [0.3646488571759791, 0.6353519155599611, 0.4036716174681156, 0.132968470906526, 0.05229579245533942]
solution time: 0.012616157531738281
McCormick lower bound: -7.954539172606818

