x_opt: [0.6733322799355923, 0.32666788581007006, 0.6733322807547614, 6.767241073257919e-8, 0.6733322086583902, 0.14666539201702777, 0.8533347804201183, 0.42764100694210255, 0.34362839111750415, 0.3266677031143766, 0.30009637936232225, 0.6563716069904283, 0.32666778935501894, 0.14666521978776648, 0.3266677846563402, 0.32790323664984444, 6.684693102771749e-8, 7.1673477576101855e-9, 0.14666522364807555, 0.14655106739017013]
w_opt: [0.6733322784486261, 0.34666448940215194, 1.6657085008862988e-9, 1.6993056003726009e-9, 0.32970388800645667, 0.32666778444144656, 1.614276061938132e-9, 6.977430687132958e-8, 6.420827103678092e-8, 4.3868933117402395e-9, 1.1749072329497528e-9, 1.6763964851055306e-7, 1.0164777010807322e-7, 0.32666787738279834, 0.326667701888298, 0.14666521701503088, 6.896360038164942e-9, 0.3266678847105798, 6.399623994226926e-8, 0.5266670627633747, 0.10097328954156064, 2.18364390277112e-9, 0.3297038928869545, 0.32790323101772173, 4.9210548242130646e-9, 6.035201847332243e-9, 0.14666522235023263, 3.518272616753805e-9, 1.0083235314686574e-9, 5.815750264252121e-9, 6.540872552228267e-8, 6.595225167791985e-8, 5.8734168332371734e-8, 1.0714860756039303e-9, 1.9787780807527477e-8, 6.508742609732021e-8, 1.5176618497735507e-9, 2.3450941457747365e-9, 0.34362838997439993, 6.159684848480886e-9, 1.5885790791448362e-9, 1.4349278977709479e-9, 2.5749198779417673e-9, 5.350017677374363e-8, 1.131354843694816e-9, 0.14666538854114022, 0.14666538646169688, 2.6887493109417926e-9, 0.14666539030227227, 0.14666521590411297, 2.039336776236766e-9, 0.14666539089432953, 1.3943687913105645e-9, 4.344705454678358e-9, 0.14666522212381786, 2.9924595516228503e-9, 0.6563716054755997, 0.18000265198778884, 2.3370771584581636e-9, 6.1279165217185354e-9, 3.8304128970875925e-9, 0.3436283897621056, 1.6066022804385877e-9, 0.3266677808778187, 6.435420713835286e-8, 0.14666522187371694, 1.8524921623328522e-9, 9.242606278286678e-10, 2.217893598498164e-9, 0.326667788356021, 2.4222850198894403e-9, 1.2557780034147639e-9, 1.962488102403449e-9, 2.6333383361004265e-9, 2.7715357256602866e-9, 1.1026819720877874e-9, 0.326667701798281, 2.330791478463202e-9, 0.14666521356897141, 0.3000963782241737, 2.010603894766688e-9, 1.3719425498587388e-9, 1.352877325696883e-9, 2.5394138229042705e-9, 1.2452711052152424e-9, 0.32666778346126946, 0.32666777606948855, 0.14655106553371994, 6.228406901533377e-8, 2.3430861995991227e-9, 0.32666778318836914, 5.8825726978725936e-8, 2.2032835508982157e-9, 0.14666522194070597, 0.14655106607362436, 1.2201718758046897e-9, 1.1906262621364416e-9, 6.364112752153631e-8, 5.677844232473006e-9, 0.1465510660187766]
v_opt: [0.4276410057586651, 0.673332279587638, 0.4533772452009152, 0.10671257114272241, 0.09005886778618442]
solution time: 0.014256954193115234
McCormick lower bound: -5.428977352684511

