x_opt: [0.6467321900596809, 0.2621108541301852, 0.8877826103576035, 0.11221728462633802, 0.7378888896002347, 0.26211056682695294, 0.7378892311754832, 0.8877827533792334, 0.5967015250600766, 0.11221744815635026, 0.1122172085500264, 0.40329844187790675, 0.26211057762367035, 0.2621107439222099, 0.11221731397081468, 0.26211104311607303, 0.1122172509050083, 2.7681475245211695e-8, 0.11221723742538783, 0.11221725166310753]
w_opt: [0.6467321817170388, 0.38462108784388294, 1.2999994095001576e-8, 6.568806191188063e-9, 0.050030635586785166, 0.26211053246186516, 1.0017487840983037e-8, 4.157688288150459e-8, 0.1122172414623293, 1.8722983908806603e-8, 4.885001796047107e-9, 0.14989346741481183, 1.2965333490205125e-7, 0.26211081031316447, 0.11221744283846302, 0.2621107185558658, 6.341974004352874e-8, 0.2621108483638245, 0.11221726191446245, 0.6256718456230526, 0.7755653735366416, 7.107727593060449e-8, 0.291081087668315, 0.2621110056708707, 2.8358758427696282e-8, 2.2961129359974875e-8, 0.11221723305432424, 2.8968678237547157e-8, 4.289828367034125e-9, 5.209770691494089e-8, 0.11221727716727739, 0.11221727618702693, 0.11221721898648455, 5.149785078808691e-9, 2.704280026723194e-7, 0.11221724589951719, 5.049195929134872e-9, 1.2939145790823077e-8, 0.5967015233326961, 5.4410096168135034e-8, 5.788816284057734e-9, 7.007123804102671e-9, 1.0471716099180826e-8, 0.11221711013853115, 5.739230722352566e-9, 0.2621105508525941, 0.2621105265876145, 1.662505574830863e-8, 0.262110556872263, 0.26211049274836234, 1.1663839202205653e-8, 0.262110561275259, 9.02739390315411e-9, 1.8230757863416647e-8, 0.11221723172081269, 1.5267216935259756e-8, 0.4032984356535844, 2.3717243147461018e-6, 7.478415054011856e-9, 1.590944292089642e-8, 4.477691296066144e-8, 0.5967015183423287, 7.977751602119608e-9, 0.11221727834510796, 0.11221724458118112, 0.11221723157315272, 1.0625929916719287e-8, 5.7391523697509165e-9, 4.915884035412994e-8, 0.26211057085738326, 9.145990841290287e-9, 5.652107679017524e-9, 7.283525408343359e-9, 1.7317617350304753e-8, 1.881341219113858e-8, 4.634866328650721e-9, 0.11221744284384594, 1.9350066799439012e-8, 0.11221708883062058, 0.11221720175212213, 9.080874934831744e-9, 4.494518358964728e-9, 9.492481729358962e-9, 1.3962460477867061e-8, 4.931971933227531e-9, 0.11221731058413591, 0.2621103422013591, 0.11221724568241273, 0.1122172066686681, 7.936468607478824e-9, 0.11221730708359218, 0.1122171417221837, 9.757224766207202e-9, 0.1122172269068468, 0.1122172467005522, 4.931823165014486e-9, 5.5538428057060846e-9, 0.11221717036958624, 2.2853648218441348e-8, 0.11221722282845074]
v_opt: [0.8877827497084799, 0.8877826061697436, 0.5444800318848517, 0.012592825500113713, 0.01259271838845873]
solution time: 0.01435995101928711
McCormick lower bound: -3.6579106239403996

