x_opt: [0.555797303521729, 0.2150610581126431, 0.999999901659144, 0.3040253500812536, 0.6959746311013695, 0.21506103381698882, 0.44420271489130225, 0.9219698362504977, 0.6959746080867789, 3.6003123124942645e-8, 0.07803016446821655, 0.4442026975625122, 0.21506103339299146, 0.21506105376662535, 0.07802868189697965, 0.21506117260631336, 0.0780286761339226, 1.9112472711493605e-9, 0.07802868244229356, 0.07802868204153604]
w_opt: [0.5557973030181241, 0.25177193495522565, 8.626110668175431e-10, 2.6279616930349124e-10, 1.702660961457473e-9, 0.2150610283273292, 1.541446497850785e-9, 2.879510382844631e-9, 0.07802867563168361, 1.3424661992984907e-9, 1.6303436316770427e-10, 0.2150609600050541, 3.678926929450356e-8, 0.2150610561701169, 3.5611807765432416e-8, 0.21506105336315962, 5.085142662099669e-9, 0.21506105783099802, 0.30402534858079133, 0.444202616764075, 0.9219698211664299, 8.539052630303009e-10, 0.4442026017487785, 0.21506116958698981, 0.07802857906056056, 8.087567634696621e-10, 0.07802868202428134, 0.07802858450028098, 3.460449931860051e-10, 9.216815178005628e-9, 0.3040253495270787, 0.30402534974887424, 3.3783855677787066e-8, 2.79379891591771e-10, 2.1825421453818062e-8, 0.07802867588429263, 2.542085494626383e-10, 4.683760803671531e-10, 0.6959746079289681, 1.1801239403468032e-8, 2.9948904500569964e-10, 2.8745854096162173e-10, 4.0146957239221234e-10, 0.07802866271553502, 2.8950098911540266e-10, 0.21506103332129262, 0.21506102498272087, 1.2697396527919973e-9, 0.2150610324168179, 0.2150610327260485, 4.027221072277746e-10, 0.21506103348970856, 4.5704473444871225e-10, 1.3355370963014e-9, 0.07802868207310676, 6.345951801701369e-10, 0.44420269716377586, 9.80119854038631e-8, 2.851121306862632e-10, 4.4637673896145635e-10, 1.0537704055358073e-8, 0.6959746071409336, 1.1642738601591131e-9, 0.07802867423042763, 0.07802867578742217, 0.07802868217211816, 4.565779469514348e-10, 2.0761793496211363e-10, 0.14017730725056482, 0.21506103274989546, 4.286156928291299e-10, 2.460401527334495e-10, 3.9624543451421315e-10, 9.544048206145583e-10, 9.980694912420308e-10, 2.442378869319477e-10, 3.550858772382739e-8, 1.3498836376012796e-9, 2.219602835541912e-8, 3.954934029307154e-8, 4.2424420941131966e-10, 2.284810719979394e-10, 9.346133560859282e-10, 5.20721007733198e-10, 1.9321297138495697e-10, 0.07802868165173325, 0.21506102227844487, 0.07802868179018839, 3.610520722292012e-8, 2.905192835212682e-10, 0.07802868126061556, 0.0780286695964792, 8.885180132994967e-10, 0.07802868013517125, 0.07802868126744447, 2.0247735879756366e-10, 2.759979031880331e-10, 0.0780286751467237, 1.3852862681211134e-9, 0.0780286812502073]
v_opt: [0.9219698359649678, 0.9999999014836374, 0.4843806880785235, 7.162694037283794e-9, 0.006088726566520238]
solution time: 0.013726949691772461
McCormick lower bound: -2.446595746343599

