x_opt: [0.7480388229241675, 0.25196118069626555, 0.7480388238534693, 0.2497490853661918, 0.7480388177364472, 0.25196117644481936, 0.7480388254379637, 0.6839479744680049, 0.34259714070010167, 0.2519611748318828, 0.2042314370490684, 0.657402885559967, 0.25196118214314484, 0.25196117449660466, 0.25196117844918897, 0.2519626102209845, 0.24974908491390613, 1.7778786002586979e-9, 3.068692078628318e-8, 2.7192250495295134e-8]
w_opt: [0.748038822538192, 0.4960776398485158, 6.895983692128787e-10, 5.314200456888221e-10, 0.40544170881039504, 0.25196118060104633, 3.783751710720735e-10, 4.114702638431316e-9, 0.24974908422149208, 1.068750450937904e-9, 4.279292433635303e-10, 4.72755254778707e-9, 2.5220232216235353e-9, 0.25196117864218104, 0.25196117556914976, 0.25196117343104474, 2.1698859248258547e-9, 0.2519611804375157, 0.24974908436783813, 0.49607764955991956, 0.4319867986235998, 1.1052288617492304e-9, 0.40544171079427627, 0.2519626088783897, 1.2231856170230594e-9, 1.5181703699990878e-9, 3.039387363746886e-8, 8.762189269260567e-10, 2.3442749426750437e-10, 1.3602144090216875e-9, 0.2497490848948394, 0.24974908480991984, 0.2497490831826763, 3.191651142603571e-10, 6.5119091166476995e-9, 0.24974908453481653, 3.708871806827437e-10, 7.28882568204438e-10, 0.342597140437856, 1.5293783218063667e-9, 3.554893476401697e-10, 5.001502256170137e-10, 6.762306740971316e-10, 0.24974908035767637, 2.852298768442846e-10, 0.25196117487551395, 0.25196117517246097, 5.940364858784862e-10, 0.2519611758992595, 0.25196117273055774, 7.464730941755905e-10, 0.25196117608408003, 4.2392386949189727e-10, 1.0248461945082303e-9, 3.025265480436169e-8, 7.710062075539236e-10, 0.6574028850676482, 3.5084156728698324e-8, 4.918348568717531e-10, 7.519494196636692e-10, 1.0872179755131908e-9, 0.34259714037614053, 4.2661523263983647e-10, 0.25196117735703727, 0.2497490843465362, 3.0240142411330764e-8, 4.2516319799864436e-10, 3.567760380488834e-10, 2.6777892574954803e-8, 0.25196118181216515, 5.221872974524961e-10, 3.6303814739360585e-10, 4.952584444213477e-10, 7.776030990748692e-10, 7.852937515747867e-10, 3.044325955703059e-10, 0.25196117553896763, 6.281111597736061e-10, 2.8139461270798223e-8, 0.2042314367503766, 5.475595806305853e-10, 3.209787848855725e-10, 3.9332498073234714e-10, 7.795105676577531e-10, 3.6387315077564114e-10, 0.2519611781130729, 0.2519611768477398, 2.6677556484239048e-8, 0.2497490838391924, 6.467036987013965e-10, 0.2519611780441343, 0.24974908274019722, 4.753080108820174e-10, 3.009667732521052e-8, 2.672265936652717e-8, 3.383886373230432e-10, 3.720838834691406e-10, 2.6201699433686883e-8, 1.398402063773125e-9, 2.6799031290048308e-8]
v_opt: [0.6839479741797865, 0.7480388233714228, 0.5595620771852544, 0.06348443491681012, 0.041710931224165027]
solution time: 0.014285087585449219
McCormick lower bound: -6.05023996637402

