x_opt: [0.6814597340554645, 0.31854027271625324, 0.6814597354849151, 0.08480494203238256, 0.681459730861035, 0.17311590140751051, 0.8268841024514801, 0.48050315915854663, 0.3425457777099607, 0.3185402632779219, 0.2483792981465444, 0.6574542231685084, 0.31854026780565364, 0.1731158976683351, 0.3185402644186941, 0.3185421145301305, 0.08480494093974503, 3.5274988300730273e-9, 0.08480496181102277, 0.08480493723573126]
w_opt: [0.6814597333003203, 0.3629194655141729, 1.1159052929544191e-9, 9.772490131787435e-10, 0.33891395787420336, 0.3185402649275328, 7.530636518597351e-10, 4.015255273893555e-9, 0.08480493949732265, 2.099922224997283e-9, 7.797854167276918e-10, 8.707683601034716e-9, 8.753433898620438e-9, 0.3185402685296061, 0.31854026250326, 0.1731158959038656, 3.5682297463452072e-9, 0.31854027213406627, 0.0848049400094499, 0.508343838519121, 0.16196289524890622, 2.1077508945266813e-9, 0.338913961386969, 0.3185421115939051, 2.573559188841286e-9, 2.9960311176945158e-9, 0.08480496120363415, 1.8179170404043452e-9, 5.176817555335673e-10, 2.8590326594313585e-9, 0.08480494103576054, 0.08480494095358013, 0.08480493757287408, 5.899572752317643e-10, 1.2789798606855596e-8, 0.08480494020457978, 7.48748184131802e-10, 1.3278051754113593e-9, 0.34254577716174733, 3.776857598769118e-9, 8.779859741727529e-10, 8.401450200687478e-10, 1.4645354861398272e-9, 0.08480493236031457, 5.562488528700496e-10, 0.17311589891349807, 0.17311589880322925, 1.2902744664820064e-9, 0.17311590035338706, 0.1731158942144001, 1.2767877873018518e-9, 0.17311590074324154, 7.905792630034539e-10, 2.0602803393541648e-9, 0.08480496102527572, 1.6784056070346422e-9, 0.6574542223012605, 0.14542440872255533, 1.2001284868227287e-9, 1.5765378165360648e-9, 2.353748259375744e-9, 0.34254577702935174, 8.516019547629172e-10, 0.3185402623451297, 0.08480493976282345, 0.08480496086014576, 9.631637189239545e-10, 6.060790975706476e-10, 2.3102426961453004e-9, 0.3185402671806638, 1.0576742901814843e-9, 7.190468057672866e-10, 9.611311242877945e-10, 1.3708972141686541e-9, 1.4015492122732693e-9, 5.738710184064024e-10, 0.3185402624388731, 1.3164974551065968e-9, 0.08480495666649075, 0.24837929755013563, 1.0624789149249376e-9, 6.481220529592472e-10, 6.986242977703871e-10, 1.5478526789960837e-9, 7.126161418789546e-10, 0.3185402637195159, 0.31854025588104284, 0.08480493613736328, 0.08480493868144882, 1.3288387621326342e-9, 0.31854026350627845, 0.08480493678302968, 1.0150266583316565e-9, 0.084804960703543, 0.08480493644118806, 6.789444480388246e-10, 6.88903871120709e-10, 0.08480493445780139, 2.7689924739498284e-9, 0.0848049364881629]
v_opt: [0.4805031585323151, 0.6814597345663266, 0.4643873872601487, 0.10146792057910424, 0.06169236017486406]
solution time: 0.015691041946411133
McCormick lower bound: -6.080557239593278

