x_opt: [0.7908030445866358, 0.3150143772919607, 0.7908030759324924, 0.20919664504665017, 0.7908030351541827, 0.2091968555408384, 0.7908031055583624, 0.4704890871902695, 0.2667997233369653, 0.209196953838086, 0.20863381863600727, 0.7332002827888292, 0.20919696086928904, 0.20919686620738634, 0.2091963692934741, 0.3150145589818666, 0.20919635509944484, 1.912829596125648e-8, 0.20919631121286503, 0.20919624253983496]
w_opt: [0.7908030339294756, 0.5816060823566915, 8.186944184341724e-9, 2.199990555947897e-9, 0.5240033304038102, 0.2091969433163439, 4.376437702832651e-9, 1.3039069895205346e-8, 0.2091963479327569, 1.17983500513601e-8, 3.2458419092652457e-9, 0.10581745590713779, 0.10581744891970896, 0.3150143548273543, 0.20919695015043707, 0.2091968611554193, 1.4835257827131279e-8, 0.3150143739406355, 0.2091966346470984, 0.581606183569981, 0.26129216657389315, 5.445608720891204e-8, 0.5240033739346515, 0.31501453652239864, 2.9052901755843776e-8, 1.6305520632880618e-8, 0.20919630851655313, 1.836999884006007e-8, 3.4639855227621054e-9, 1.7645422936421763e-8, 0.2091966407303733, 0.20919664116025588, 0.20919661869631812, 2.3631288653855585e-9, 6.265717320103723e-8, 0.20919635299116088, 3.1384193864105618e-9, 4.815478266079268e-9, 0.26679972124007634, 5.97291154169226e-8, 9.871643847517883e-9, 3.3476172365708675e-9, 6.566359518058462e-9, 0.20919630171726755, 2.421338369399561e-9, 0.20919684716327328, 0.20919684452969903, 6.1807152512223515e-9, 0.2091968494440269, 0.20919682562415956, 4.622010300946951e-9, 0.2091968529491027, 3.6136782036783714e-9, 1.2247407640395433e-8, 0.20919630814486664, 9.43289827262209e-9, 0.7332002802790359, 2.7206481908453026e-7, 3.1123948932286873e-9, 7.465919876461962e-9, 2.7509829892530714e-8, 0.2667997196302693, 3.6293559569740796e-9, 0.2091963584623718, 0.20919635074081855, 0.20919630697731587, 6.555096626779948e-9, 2.442580077063472e-9, 1.3525500000055313e-8, 0.2091969582963048, 4.138699838949533e-9, 3.3480436915031084e-9, 3.9870697087614345e-9, 4.975552449164992e-9, 5.385741763659102e-9, 2.1473380424475618e-9, 0.20919694629773183, 1.0093366082509454e-8, 0.20919628147853633, 0.20863381582606125, 4.972292169322791e-9, 2.537060529868129e-9, 2.606495065641533e-9, 6.237769373668161e-9, 3.1388567642440806e-9, 0.20919636621344176, 0.20919691274531185, 0.2091962370689242, 0.20919632566121085, 5.2634365507806e-9, 0.20919636456280785, 0.20919632097139274, 6.104175387056959e-9, 0.20919630590682503, 0.20919624006828563, 3.0100581956926667e-9, 3.0001634889487003e-9, 0.2091962324046478, 1.5409020728041642e-8, 0.2091962386874064]
v_opt: [0.47048908393905264, 0.7908030722228669, 0.6253696614158605, 0.043763440977732736, 0.043528356421771636]
solution time: 0.014679193496704102
McCormick lower bound: -4.779990341291988

