x_opt: [0.6512929925980324, 0.3487070853184922, 0.6512929859247316, 0.07166135673060182, 0.651293012210735, 0.15727981155747386, 0.8427296619173069, 0.4209977692348857, 0.3487072482633034, 0.3487069653347433, 0.2127716143530954, 0.6512927356468119, 0.34870698409251916, 0.15727040201254147, 0.348706966033757, 0.34870716653247674, 0.07166131452144058, 3.5351250781588525e-8, 0.07166420733551697, 0.0716641093957671]
w_opt: [0.6512929738440567, 0.3025860083302868, 6.727900160671549e-9, 5.2223506984190755e-9, 0.30258573297259145, 0.3487069672969982, 5.503318195061955e-9, 3.4814798134253524e-8, 0.07166130325509908, 2.2620113299314193e-8, 6.251466560918496e-9, 7.46011273035142e-8, 1.211840376439532e-7, 0.3487070294833995, 0.34870696234680826, 0.15727039214510619, 2.8092678198631458e-8, 0.3487070821249815, 0.07166133761311627, 0.49402265095694103, 0.0722907586193569, 1.5612310622761738e-8, 0.30258574785271236, 0.34870713987708507, 2.2201563917497597e-8, 3.2320457053613563e-8, 0.07166420414901994, 1.6979459004156e-8, 3.726058965274897e-9, 4.7340186439089e-8, 0.07166135016976591, 0.07166134880479894, 0.07166132305752103, 3.2936655273371617e-9, 5.287996734098292e-7, 0.0716613070078669, 4.8133901303839835e-9, 8.908995965125883e-9, 0.3487072455995175, 5.928733515691488e-8, 8.306229532847045e-9, 4.976809090528751e-9, 1.842019863521124e-8, 0.07166121125924778, 3.185369788394286e-9, 0.15727979147328872, 0.15727979596689012, 9.263925449826894e-9, 0.1572798046876901, 0.15727036529670887, 9.306207857817795e-9, 0.1572798083432993, 5.118600445504231e-9, 2.3293046208325348e-8, 0.071664204182866, 2.7399396458926024e-8, 0.6512927315878662, 0.19143680608027794, 6.980309516308588e-8, 1.4216311662323797e-8, 3.314871509849029e-8, 0.34870724434178535, 5.6349572951823265e-9, 0.3487069569220358, 0.07166130710786255, 0.07166420039661384, 9.543589838153065e-9, 3.457902524454894e-9, 1.128447788789291e-8, 0.34870698030547476, 6.371646132172939e-9, 5.024450914882851e-9, 6.82638259133037e-9, 8.137860782352358e-9, 8.802308818129305e-9, 3.719712172090159e-9, 0.34870696216398467, 1.1643909551889911e-8, 0.07166417947692622, 0.21277161205982598, 1.1097930532060962e-8, 4.076470366640184e-9, 3.9437108896370425e-9, 1.796444106141026e-8, 5.494044970330342e-9, 0.3487069612738681, 0.3487067472213912, 0.07166410077570977, 0.07166130449052117, 1.286351854232113e-8, 0.34870696104472537, 0.07166128285504686, 9.037933080909566e-9, 0.07166420179568916, 0.07166410387797058, 5.262561005578117e-9, 4.436017573308847e-9, 0.07166123093539854, 3.140695633513034e-8, 0.07166409569954788]
v_opt: [0.4209977655303562, 0.6512929795131113, 0.424182618295387, 0.12159668261751698, 0.04527206498532121]
solution time: 0.013768911361694336
McCormick lower bound: -7.289689589283436

