x_opt: [0.8010697890566799, 0.1989302038608648, 0.8010697973871158, 0.19893020335003525, 0.8010697942127724, 0.19893018516867667, 0.8010697995643334, 0.8941463442385101, 0.6604913929585908, 0.198930203261876, 0.09316673609834962, 0.7675094031549141, 0.19893020397777889, 0.19893020037488982, 0.1989302022537422, 0.1989302049606485, 0.19893020141739867, 8.874044323052706e-10, 0.10585364928094566, 0.105853648482991]
w_opt: [0.8010697888799173, 0.6021395834223635, 2.83975084225572e-10, 2.6921838188952893e-10, 0.5685791923908399, 0.19893020297830535, 2.106128574129313e-10, 9.094356462115847e-10, 0.1989302010509018, 5.264858705477862e-10, 2.2368481175150565e-10, 1.3818583165726346e-9, 1.3695740868563812e-9, 0.19893020282940505, 0.19893020293554825, 0.19893019973096482, 1.1857384238769298e-9, 0.19893020369175463, 0.19893020278684273, 0.6021395971163901, 0.6952161418153867, 1.192952379388814e-9, 0.568579201415444, 0.19893020420466778, 9.854948211000183e-10, 7.349576459569366e-10, 0.1058536491216438, 4.248328587146432e-10, 1.398961704836339e-10, 7.770675789978439e-10, 0.19893020311140397, 0.19893020304327916, 0.19893020075578613, 1.792922794686526e-10, 3.628937961714851e-9, 0.19893020125925936, 1.8259418329842477e-10, 3.892043057768375e-10, 0.6604913928322227, 9.403218105844713e-10, 1.790448540292271e-10, 2.7259972292051383e-10, 3.576686326178715e-10, 0.19893019854130745, 1.5213071146713182e-10, 0.19893018430849504, 0.19893018444298974, 3.290655507142616e-10, 0.19893018486493672, 0.19893018449063354, 3.935734393158579e-10, 0.19893018493935208, 2.4594243809877354e-10, 5.072381131026458e-10, 0.10585364904565155, 4.179444499672739e-10, 0.7675094029027989, 2.4000573922963274e-8, 2.643694012637899e-10, 3.6273718954052973e-10, 6.152594548658668e-10, 0.6604913927712242, 2.2275637850251127e-10, 0.1989302015544655, 0.1989302011511381, 0.10585364905160918, 3.7113874644361227e-10, 2.1934513203035006e-10, 0.42800079653071343, 0.1989302037577048, 2.514300495872425e-10, 1.9904165436597743e-10, 2.4686007302950455e-10, 4.4793928081747376e-10, 4.23121904991139e-10, 1.6111534880827275e-10, 0.1989302028873525, 3.8109293300991296e-10, 0.10585364767290718, 0.0931667359031203, 2.776114406353314e-10, 1.6097830204514892e-10, 2.3268166017164124e-10, 4.319972337406435e-10, 1.8756083277491126e-10, 0.19893020203738374, 0.19893019822946936, 0.10585364820388933, 0.19893019926847702, 3.235553354330746e-10, 0.19893020198575767, 0.19893019934874853, 2.512394766982819e-10, 0.10585364891815066, 0.1058536482225729, 1.7474217796357972e-10, 2.048228864895381e-10, 0.1058536478856115, 6.78718802969726e-10, 0.10585364825800875]
v_opt: [0.8941463440888753, 0.8010697971668995, 0.6417128241649623, 0.03957323083655084, 0.00868004340836353]
solution time: 0.014962196350097656
McCormick lower bound: -5.120306199098151

