x_opt: [0.8211871875458006, 0.1788128370734347, 0.821187198049858, 0.17881277113582353, 0.8211871744455627, 0.17881279558502577, 0.8211872025286353, 0.8212314126159279, 0.571705110987384, 0.1788128045001308, 0.17636111128965504, 0.7995809191846573, 0.17881281304232613, 0.17881279610226802, 0.1788127527405028, 0.21296430666869795, 0.1788127661005221, 7.916130143962108e-9, 0.17876851390054208, 0.1787685030260674]
w_opt: [0.8211871858805648, 0.6423743632335089, 2.8486979041671813e-9, 2.1202795822330157e-9, 0.6207681082822119, 0.17881280496434354, 2.0027560230655457e-9, 6.5903234710627046e-9, 0.17881276281541963, 4.662737957699042e-9, 1.7407707500731536e-9, 3.6328336194177625e-8, 2.3919769843650428e-8, 0.17881282824647204, 0.17881280249045214, 0.1788127918602131, 8.017534958308397e-9, 0.17881283580854754, 0.17881276623394018, 0.6423744019031477, 0.6424186123119241, 7.927773632118269e-9, 0.6207681242342558, 0.21296429954173618, 5.885149052852448e-9, 6.555439295521675e-9, 0.17876851250091289, 3.672595311185233e-9, 1.278401262616863e-9, 6.7046398727848005e-9, 0.17881276902099483, 0.17881276854073022, 0.1788127594583248, 1.4193926717986407e-9, 2.968824531051845e-8, 0.178812764618585, 1.580711528597017e-9, 3.007960274351343e-9, 0.5717051098766565, 8.484512337360831e-9, 1.7620417600593124e-9, 2.0510426815281503e-9, 2.9049954849260664e-9, 0.17881274335960234, 1.258921487276535e-9, 0.17881278968016506, 0.17881278934639805, 3.0446598080634915e-9, 0.17881279266759412, 0.17881278579638654, 2.8750004616463807e-9, 0.17881279385278273, 1.9688366722995876e-9, 4.575707578157641e-9, 0.1787685120902431, 3.6254001309510748e-9, 0.7995809172667109, 1.860683223929159e-7, 2.1729999095387497e-9, 3.1117425269077194e-9, 5.578608424720565e-9, 0.5717051093053231, 1.9104677464660987e-9, 0.17881274707603195, 0.17881276378465769, 0.1787685118261284, 2.76324812234607e-9, 1.6025766018308702e-9, 0.37128603255826204, 0.1788128112482794, 2.1308860561153465e-9, 1.7066215912872439e-9, 2.073799949417871e-9, 3.1622444845693516e-9, 3.1602279131795974e-9, 1.2991474622013487e-9, 0.17881280221233792, 3.4848837506291664e-9, 0.17876850079378345, 0.17636110968639923, 2.3584622382789248e-9, 1.3536258902287834e-9, 1.7498941118778869e-9, 3.718665464128452e-9, 1.5966872500219829e-9, 0.1788127510694728, 0.17881278915595722, 0.17876850053884177, 0.1788127588735372, 2.7067444414044514e-9, 0.17881275050092935, 0.17881273881129756, 2.3204173214451877e-9, 0.1787685109156166, 0.17876850117626067, 1.5063143061776955e-9, 1.6617651159345391e-9, 0.178768498219849, 6.033699692886784e-9, 0.17876850123476776]
v_opt: [0.8212314112123067, 0.8211871961085875, 0.6743484233394954, 0.031974024250409405, 0.031103492381518626]
solution time: 0.03868699073791504
McCormick lower bound: -5.079428651363985

