x_opt: [0.7491665427145856, 0.2508335343927483, 0.7491665422589521, 0.2508325090072717, 0.7491665348408366, 0.25083246456150504, 0.7491674957664147, 0.6977552462860566, 0.36498523208372846, 0.2508334551579387, 0.18727014956293536, 0.6604396423531422, 0.2508334625015511, 0.2508325037878405, 0.2508334500001095, 0.2508357339692322, 0.2508324991516179, 7.442396391945943e-9, 9.677796501648165e-8, 4.853035379539055e-8]
w_opt: [0.7491665390563941, 0.49833307782059016, 3.02592897178351e-9, 1.9922492547310692e-9, 0.40960618642656715, 0.25083345632950854, 1.2889386546833083e-9, 7.863266165710992e-9, 0.25083249643651634, 4.546726679595438e-9, 1.9108512286328853e-9, 7.754005035570123e-8, 7.529283078782617e-8, 0.25083352627208916, 0.2508334536804795, 0.2508324995215894, 7.237389025268219e-9, 0.2508335334861846, 0.25083250516484673, 0.4983340391533353, 0.4469217896035311, 5.31915840179168e-9, 0.4096061905957042, 0.25083572839715257, 4.686838256064203e-9, 6.551011886305978e-9, 9.578370579428574e-8, 3.3441989545408673e-9, 9.21538565084589e-10, 5.3034206460524034e-9, 0.25083250741522595, 0.2508325067067923, 0.25083250128677015, 1.1506104271895886e-9, 2.4045162277203476e-8, 0.25083249812712377, 1.3813825458714618e-9, 2.6020763264422132e-9, 0.3649852311416573, 6.551554440439889e-9, 2.027246791479717e-9, 1.81181381831767e-9, 3.0912636578017887e-9, 0.250832481447921, 9.776800635509078e-10, 0.2508324568863571, 0.25083246014418475, 2.214052667682382e-9, 0.2508324622388182, 0.2508324573781957, 3.1210825006552264e-9, 0.2508324631945799, 1.6099656062886917e-9, 4.435308948469118e-9, 9.534784394752173e-8, 3.213905591259594e-9, 0.6604396405865942, 1.1326156621095385e-6, 1.9944492801182016e-9, 2.8736320400489336e-9, 3.645921101862286e-9, 0.36498523093227186, 1.6141195462006681e-9, 0.25083344590948675, 0.25083249715093237, 9.501976031627622e-8, 1.6947130328372182e-9, 1.4913888788862742e-9, 0.025424883374445144, 0.25083346132080303, 1.7426289100835272e-9, 1.4500085616272328e-9, 1.8235536210100437e-9, 2.4904852594025797e-9, 2.633043079662064e-9, 1.0424988731302642e-9, 0.2508334533699459, 2.632529093266381e-9, 8.866066783627757e-8, 0.18727014857000568, 2.2342798256925526e-9, 1.0991149179854681e-9, 1.2431446982345002e-9, 3.0455654981118627e-9, 1.5322716101775085e-9, 0.25083344854911993, 0.2508334433135534, 4.636149967880361e-8, 0.25083248911163114, 2.6215124905938252e-9, 0.2508334484534722, 0.25083249173211514, 1.8029580315434866e-9, 9.397176478555861e-8, 4.6850072601783844e-8, 1.3500971876241109e-9, 1.4901827572261406e-9, 4.3175341281908533e-8, 6.033657763706623e-9, 4.6729922534875925e-8]
v_opt: [0.6977552452513454, 0.7491665404485461, 0.5612504969715357, 0.06291754157972744, 0.03507019076977435]
solution time: 0.01570606231689453
McCormick lower bound: -7.199504462398716

