x_opt: [0.6257540787403268, 0.3742459207236222, 0.625754080980652, 0.0571816466916051, 0.6257540786497664, 0.18606836829982812, 0.8866126334691169, 0.37424659360377893, 0.3742459219495519, 0.37424591940816115, 0.16105638371918987, 0.6257540773261275, 0.3742459204767267, 0.11338736827489931, 0.3742459194583089, 0.3742459212560025, 0.05718164630995211, 1.8318569237091025e-9, 0.05718167085474751, 0.05718166948639478]
w_opt: [0.625754078346887, 0.2515081577663087, 6.508554722967276e-10, 5.287930553574258e-10, 0.25150815645769575, 0.37424591907514315, 3.7822966320072035e-10, 2.1857345400233195e-9, 0.057181645415125895, 1.066085274753806e-9, 4.77533973719618e-10, 2.065177850411463e-9, 3.5064210226545284e-9, 0.3742459179274306, 0.37424591894090936, 0.11338736724808997, 1.7067674662359237e-9, 0.37424592019984915, 0.057181645518961564, 0.5123667147386821, 6.748649959985894e-7, 1.6328197352528322e-9, 0.2515081598317175, 0.37424591937951146, 1.6205514326341191e-9, 1.5782382740070908e-9, 0.05718167054345812, 1.179859641039305e-9, 3.080726680713083e-10, 1.9027753253672373e-9, 0.05718164615492886, 0.0571816460515824, 0.05718164430848593, 2.888677013035036e-10, 1.2215004865902587e-8, 0.057181645882084076, 4.0882852983499896e-10, 6.946519703061571e-10, 0.37424592162825243, 2.5332656733364225e-9, 6.188663556936364e-10, 4.2304456011164774e-10, 1.0144202034540316e-9, 0.05718164084689281, 2.758743962808669e-10, 0.18606836684454936, 0.18606836700212148, 7.262375016119672e-10, 0.18606836765281878, 0.1133873669523693, 7.07426866856699e-10, 0.1860683679804781, 4.006278472273694e-10, 1.072232855321488e-9, 0.05718167049571037, 1.3191735067519717e-9, 0.6257540768950888, 0.26085858011938917, 2.1945105388338123e-9, 9.99199496692009e-10, 1.470731510409379e-9, 0.37424592159963244, 4.770794581312694e-10, 0.37424591845347155, 0.057181645617526436, 0.05718167023545815, 6.254490051965089e-10, 3.021272647236859e-10, 6.203665439782196e-10, 0.3742459200796733, 5.561498274811038e-10, 4.107294358765827e-10, 4.859728757187267e-10, 6.152595623250326e-10, 6.636253137108494e-10, 3.1271115682961073e-10, 0.37424591895915343, 7.86864542197511e-10, 0.05718166828138618, 0.16105638345085727, 5.987961997809647e-10, 3.440995784318561e-10, 3.418405363969076e-10, 1.2109756753506304e-9, 4.117907136313096e-10, 0.3742459190292566, 0.3742459055417756, 0.05718166875179977, 0.05718164523011115, 9.009286948869234e-10, 0.3742459188181188, 0.057181644141921256, 5.464494719563932e-10, 0.05718167025252704, 0.057181669110150636, 4.098134763742164e-10, 3.5322133547036426e-10, 0.05718164504309203, 1.4495193127294663e-9, 0.05718166871340875]
v_opt: [0.3742465932342759, 0.625754080368594, 0.39156820859910646, 0.14006010037216873, 0.025939200013183304]
solution time: 0.013559103012084961
McCormick lower bound: -8.431229648890646

