x_opt: [0.7728731891837329, 0.2271273033758179, 0.7728732541290266, 5.000270941160542e-7, 0.7728731323105998, 0.22712640489459632, 0.7728739819504814, 0.6269295217570918, 0.4195733947830114, 0.2271267512424421, 0.22712681043075725, 0.5804265074093699, 0.22712675469046206, 0.22712601090202789, 0.22712662175755613, 0.2951922920456851, 4.0651839605584114e-7, 3.008796775685643e-8, 0.22712565174286362, 0.22712560908454577]
w_opt: [0.7728731768770477, 0.5457463230468386, 9.678308930667175e-9, 1.3876719329455674e-8, 0.3532997006975668, 0.2271267289546803, 1.061776894358593e-8, 9.2247334981135e-8, 3.972396057889796e-7, 2.065216691506736e-8, 5.576116935767183e-9, 5.605940135454231e-7, 5.749089909966575e-7, 0.22712724919899757, 0.22712674789141654, 0.22712600024682303, 4.7362291097782325e-8, 0.22712729672866053, 4.854004773493261e-7, 0.5457472394319057, 0.3998027819098618, 6.279449783645684e-8, 0.3532997879721952, 0.2951922574578736, 3.795482429675979e-8, 2.5564646260836137e-8, 0.22712564794581408, 4.88541608370762e-8, 3.599550212379666e-9, 4.697236237714102e-8, 4.912941006074696e-7, 4.908072583325632e-7, 4.440808531786092e-7, 4.7408305904739844e-9, 1.0451903961991636e-7, 4.018755899069239e-7, 5.12244494803673e-9, 9.87648119805556e-9, 0.419573392440748, 6.744862791678217e-8, 6.981609241076622e-9, 7.449445277114031e-9, 1.1789218969795567e-8, 3.5191117331666364e-7, 5.971233232532444e-9, 0.2271263919486855, 0.22712636534514904, 1.895015226070773e-8, 0.2271263981437186, 0.22712595519855172, 1.079629662340876e-8, 0.22712640171240878, 6.941914843584083e-9, 2.039837839212582e-8, 0.22712564693723367, 1.9533278505738064e-8, 0.5804265019401779, 8.382377620564381e-7, 1.1938918349555442e-8, 2.980419260600954e-8, 6.075046753736655e-8, 0.4195733884439474, 7.311994684298474e-9, 0.22712660640493648, 3.977914630421499e-7, 0.22712564517708064, 9.620541049180705e-9, 4.019343426232327e-9, 9.345060626787865e-9, 0.22712675038999805, 1.2444047182740278e-8, 5.380410383413855e-9, 8.378349405428237e-9, 1.7767068361639987e-8, 1.722989332705877e-8, 4.9746604494888735e-9, 0.2271267455682984, 1.6753733045692693e-8, 0.2271256302231355, 0.22712680735432825, 9.494750732251916e-9, 6.17827802095314e-9, 7.293374466897621e-9, 1.1848776489223662e-8, 5.5581405141791985e-9, 0.22712661950406754, 0.22712663398200272, 0.2271256031284077, 3.4527660484449835e-7, 1.1049024174251091e-8, 0.22712661680025165, 3.638796975959266e-7, 1.0612919111339584e-8, 0.2271256465633566, 0.2271256038825628, 5.409555605978048e-9, 4.599888027764829e-9, 3.813675030150918e-7, 2.5786135817306568e-8, 0.2271255694164554]
v_opt: [0.6269295171451622, 0.772873248667643, 0.5973329072971183, 0.051586563217122586, 0.051586595275239906]
solution time: 0.015060186386108398
McCormick lower bound: -4.502357828314925

