x_opt: [0.6503372184273976, 0.34966279899951586, 0.6503372293947145, 1.6368441400981904e-7, 0.6503372127606157, 0.14612539583608644, 0.8719634282099843, 0.3855189030568679, 0.349662778052079, 0.3496627751330215, 0.26613221260235936, 0.6503370402168793, 0.3496627786041778, 0.12803657228384668, 0.3496627724865874, 0.3496629020749451, 1.6001047640119847e-7, 5.3229247277943355e-9, 0.12803651648465095, 0.12803652919052552]
w_opt: [0.6503372175728993, 0.3006744320570515, 1.4864083337687687e-9, 1.3691793980731967e-9, 0.3006742595716448, 0.34966277471102547, 1.6416402473591111e-9, 4.229300523720558e-9, 1.5772441871029943e-7, 3.2294164057139675e-9, 1.0990924080951453e-9, 2.924021329219052e-8, 7.01134598480445e-8, 0.3496627789882986, 0.34966277407619795, 0.12803656967840776, 1.0594132968090312e-8, 0.34966279634233366, 1.604502734638648e-7, 0.5223006586121236, 0.03585613329638491, 7.013947837593803e-9, 0.30067427434137267, 0.34966289643343607, 6.699935202117893e-9, 4.421980176330467e-9, 0.12803651526904453, 4.372185407692115e-9, 8.419112355438715e-10, 1.2357353082358144e-8, 1.611372227139799e-7, 1.6205943633977745e-7, 1.5189408176030715e-7, 9.053997186365551e-10, 3.915959252047077e-8, 1.5858376385334517e-7, 1.3843820286067283e-9, 2.519699085559187e-9, 0.34966277681959435, 7.312487840525616e-9, 7.415940144721177e-10, 1.4240103216342489e-9, 2.867272779561455e-9, 1.4582110723693794e-7, 1.1160766874012827e-9, 0.1461253921852809, 0.1461253899533352, 2.4021718280360187e-9, 0.14612539434731797, 0.12803656027305066, 2.0892628489927272e-9, 0.14612539493082527, 1.1979807072286394e-9, 3.259941457479413e-9, 0.128036515258002, 3.8190613138019625e-9, 0.6503370387889524, 0.2216262385911683, 2.364741139071979e-9, 7.142254030676303e-8, 1.0921248525156373e-7, 0.34966277687537445, 1.4851503305054578e-9, 0.34966277048221817, 1.5727563819022253e-7, 0.12803651471566965, 1.6655661942992967e-9, 7.345251159541621e-10, 1.3386165751051357e-9, 0.34966277705110244, 3.043518188950084e-9, 1.0683558507261274e-9, 1.7623469144854869e-9, 2.8318645039744043e-9, 2.679107600219522e-9, 1.16278624462289e-9, 0.34966277376275356, 2.0342803159002893e-9, 0.1280365010064962, 0.26613221166515366, 1.701744995791463e-9, 1.4702135438023562e-9, 1.4164996068035784e-9, 3.131868325152022e-9, 1.0693185963605974e-9, 0.3496627711897587, 0.349662642657954, 0.12803652753617834, 1.5636905637393146e-7, 2.865767091531779e-9, 0.34966277027077586, 1.5013021076171868e-7, 1.8960241355634545e-9, 0.1280365151564049, 0.12803652783836303, 1.1229237340567662e-9, 9.712426952940294e-10, 1.5635719708097842e-7, 4.1944786874462006e-9, 0.12803650878885878]
v_opt: [0.3855189017925957, 0.650337227754517, 0.4229387613382864, 0.12226421382443553, 0.07082703174079945]
solution time: 0.011542081832885742
McCormick lower bound: -6.173124877709507

