x_opt: [0.7696022264093217, 0.31952904851055663, 0.7696022437191189, 0.19258514135184449, 0.7696022263754398, 0.19258537440625664, 0.8074146556707282, 0.44801309563135633, 0.26181456815521453, 0.23039776371800813, 0.23039045993770507, 0.7381854234849905, 0.2303977680640376, 0.1925853411869323, 0.23039766219902122, 0.31952912383987475, 0.1925851030179884, 4.4821448501987166e-8, 0.19258519247915393, 0.19258513569213204]
w_opt: [0.7696022145732256, 0.539204459975708, 1.588573167716572e-8, 1.1619880845881507e-8, 0.5077876583980054, 0.23039773098896485, 1.0347955819405647e-8, 4.171649260980873e-8, 0.1925850831969975, 2.613769725393033e-8, 8.556325495870051e-9, 0.08913129969417416, 0.08913132658410416, 0.31952899252829275, 0.23039775455147335, 0.1925853219023249, 3.7711653457102454e-8, 0.3195290398268272, 0.19258511368125927, 0.5770169062583982, 0.21761534780321454, 3.3466432471864984e-8, 0.5077877018439704, 0.3195290780458867, 3.163552075821224e-8, 3.73309236995512e-8, 0.192585184182137, 2.277780788096092e-8, 7.93505558329848e-9, 4.191054524232005e-8, 0.1925851277030974, 0.19258512775406564, 0.19258508808027472, 7.044343616807442e-9, 2.0680868118377461e-7, 0.19258509403973162, 9.599625575025127e-9, 1.5110912113580405e-8, 0.26181456104397455, 7.949382633162665e-8, 1.767739453522919e-8, 9.154012543708997e-9, 1.7885374917755478e-8, 0.19258499000349064, 6.889221073869322e-9, 0.19258534908610586, 0.19258533865447783, 1.9057244924009807e-8, 0.19258536063724796, 0.19258529271159744, 1.365264043294855e-8, 0.1925853664686046, 9.669210053823401e-9, 2.6522127212719495e-8, 0.19258518300480004, 2.2586568307089304e-8, 0.7381854140674482, 0.03781300445576805, 1.5824399969962893e-8, 2.3089965594260954e-8, 3.874505320544783e-8, 0.26181455833963413, 1.0851741588413599e-8, 0.23039763533348556, 0.19258508799895624, 0.19258517941040898, 1.4985148163907002e-8, 6.752424993994046e-9, 1.8163581557093422e-8, 0.23039775993130876, 1.3260963753449157e-8, 9.2997067900339e-9, 1.1820533285159889e-8, 1.4726258702812739e-8, 1.5795379788472082e-8, 6.814021559036884e-9, 0.23039774615448635, 1.971763135338344e-8, 0.19258512931651336, 0.23039045191018045, 1.3094979569100102e-8, 8.035009387111845e-9, 8.046401263241733e-9, 1.9813806269369943e-8, 8.903620338758055e-9, 0.23039765376758703, 0.23039761350647903, 0.1925851210166142, 0.19258506916511958, 1.602561857508934e-8, 0.23039764899318144, 0.19258505349139093, 1.4597598341070651e-8, 0.19258517880454787, 0.19258512746472858, 8.718657291508078e-9, 8.242168752783668e-9, 0.19258505067068765, 3.446159128960579e-8, 0.19258512402201003]
v_opt: [0.44801308621507446, 0.7696022317713574, 0.5922877009864224, 0.053083634677002826, 0.053079843040629814]
solution time: 0.013245820999145508
McCormick lower bound: -5.609296195544026

