x_opt: [0.6695160779714535, 0.3304849093907251, 0.6695160858840828, 8.04865690444699e-7, 0.669515863869307, 0.14432658481962748, 0.855673556726515, 0.4135936678118974, 0.3304864840451239, 0.3304838215755997, 0.3090449598798629, 0.6576519676341573, 0.33048413497411255, 0.1443264331114391, 0.33048412258440674, 0.330487167642641, 7.918381298794238e-7, 3.1819185539334436e-8, 0.14432651752066195, 0.14432621671581086]
w_opt: [0.6695160707661422, 0.33903194617812826, 6.9351805126055114e-9, 6.931812631630677e-9, 0.3271680502061424, 0.330484113780058, 7.964291790656116e-9, 2.200462784106824e-7, 7.798341640180181e-7, 1.9757434509562913e-8, 4.7270687636566885e-9, 9.995717817220106e-7, 8.247140240421346e-7, 0.33048486608029226, 0.3304838164969393, 0.14432642145911914, 3.243971666013568e-8, 0.3304849030559005, 7.878964023075371e-7, 0.5251896472661203, 0.08310975919090251, 8.016235951435624e-9, 0.32716807418248883, 0.33048713988330747, 2.48196583335603e-8, 2.6703938761878348e-8, 0.14432651134810737, 1.9157507899059243e-8, 4.617288255846633e-9, 3.181044053056055e-8, 7.929148444105322e-7, 7.97404488373299e-7, 7.564336077994226e-7, 4.559370300002065e-9, 1.1173535781506091e-7, 7.853894382823325e-7, 6.974659569997913e-9, 1.026152606687896e-8, 0.3304864783874746, 2.9314844621275385e-8, 9.88505127867683e-9, 6.070226263776252e-9, 1.4133174127450448e-8, 7.338565256272881e-7, 5.354545172796531e-9, 0.1443265713060253, 0.14432655408381373, 1.3832426367576288e-8, 0.14432657754697242, 0.14432640599800683, 8.621767704642243e-9, 0.14432658028992104, 6.062336269587027e-9, 1.976245954255516e-8, 0.14432650946906445, 1.436782405890333e-8, 0.6576519611708075, 0.18615801252433836, 8.261230712411027e-9, 9.391881226347697e-8, 3.374393533678912e-8, 0.33048647726514985, 7.266461156359546e-9, 0.3304841058793747, 7.791901412466638e-7, 0.14432650940432185, 8.841138964724493e-9, 3.6852109643916206e-9, 5.334066185959173e-9, 0.3304841312766627, 1.2883185293614802e-8, 5.42097096655366e-9, 8.862459239424683e-9, 1.1890025628077452e-8, 1.2913309807565984e-8, 4.747618632633415e-9, 0.33048381677515126, 1.0668589546215071e-8, 0.14432647395379367, 0.3090449542896514, 9.133816169347954e-9, 6.6839807890585505e-9, 5.6647625680022735e-9, 1.0153057392120661e-8, 5.3369129434958305e-9, 0.3304841170981607, 0.330483967911737, 0.14432620868324406, 7.695153431032053e-7, 1.0619134014550898e-8, 0.3304841142747872, 7.527974943463433e-7, 1.0648581877928362e-8, 0.1443265107666352, 0.14432621098131967, 5.470262974215189e-9, 4.9174993635725315e-9, 7.777303441442304e-7, 2.540223432683019e-8, 0.14432620653333153]
v_opt: [0.41359366126726727, 0.6695160788714754, 0.44825153540778656, 0.10921964445390726, 0.09550884401804147]
solution time: 0.014461040496826172
McCormick lower bound: -5.361436092363296

