x_opt: [0.6496717971990634, 0.3503283181714861, 0.6496718038774131, 2.350667809446769e-5, 0.6496717418356486, 0.1405877990897474, 0.8594128031954007, 0.37259508635453686, 0.35032838332522354, 0.3503281795059165, 0.23840033688039639, 0.6496716071487687, 0.3503282214928009, 0.14058719816289444, 0.3503282135110008, 0.3503284628435477, 2.3493417436452673e-5, 1.6981413273012616e-8, 0.14058663723370005, 0.12053829241464455]
w_opt: [0.6496717931317725, 0.29934354184999523, 4.838601171928249e-9, 4.318417314674596e-9, 0.2993434074912373, 0.3503282087573394, 3.6425221384085864e-9, 3.0713296638540373e-8, 2.3486133360507504e-5, 1.0106717921623706e-8, 3.4775646961250873e-9, 1.247160333594527e-7, 8.163452624402879e-8, 0.3503282954129641, 0.350328176243804, 0.14058719046370163, 1.4551974806968496e-8, 0.35032831487021077, 2.3496890322343865e-5, 0.5090846096709563, 0.022266892988473695, 6.883911862301688e-9, 0.2993434235605545, 0.35032844680796515, 1.3038371901197511e-8, 1.4482621442278134e-8, 0.1405866342885798, 1.0315147478402171e-8, 2.7231992875960723e-9, 1.534628229515292e-8, 2.3501613634453787e-5, 2.3501593185139454e-5, 2.348525923862629e-5, 2.5659504822801803e-9, 6.185469761189457e-8, 2.3489693972775856e-5, 3.6225130411682222e-9, 5.696155329209341e-9, 0.35032838051722887, 1.8171219767322155e-8, 4.3551203063763964e-9, 3.5454445691323616e-9, 7.240160919198462e-9, 2.3454823362814028e-5, 2.5454039618886496e-9, 0.14058778894431057, 0.14058778660024612, 6.6733725422389896e-9, 0.14058779404424124, 0.14058717940130527, 5.404967337854232e-9, 0.1405877962765922, 3.4789305682098827e-9, 1.0164003994964441e-8, 0.14058663385246306, 9.056703960430232e-9, 0.6496716034606741, 0.20974122236845347, 6.8103119543444606e-9, 8.871541432854513e-9, 2.0121349035276666e-8, 0.35032837999593747, 4.074424979904614e-9, 0.35032820478217996, 2.348741196463481e-5, 0.14058663235281216, 5.260814815571864e-9, 2.461791118375907e-9, 4.907160820370127e-9, 0.35032821867318387, 5.199466147086201e-9, 3.401367510812152e-9, 4.456589461953733e-9, 5.637480486278922e-9, 5.995558689966259e-9, 2.6876037858230707e-9, 0.35032817630246366, 6.711783969825614e-9, 0.1405866149345127, 0.2384003342051719, 5.0279191038318475e-9, 3.1086626286970592e-9, 3.0817275664037483e-9, 8.399668549532168e-9, 3.3541171900091363e-9, 0.3503282100515509, 0.3503281464526363, 0.12053828684998602, 2.3482482632383945e-5, 6.636533368764299e-9, 0.3503282087680608, 2.347383016376714e-5, 5.155957550376492e-9, 0.1405866323795972, 0.12053828890365137, 3.3214380766288814e-9, 3.0290648383145173e-9, 2.3477470559029505e-5, 1.3372166589578807e-8, 0.12053828400946]
v_opt: [0.372595082994247, 0.6496717992244654, 0.42207400219553365, 0.12272986706020135, 0.05683479456492032]
solution time: 0.012948989868164062
McCormick lower bound: -6.583870723329987

