x_opt: [0.7349107908653776, 0.3430906206266136, 0.7349107914571212, 0.17191249518224563, 0.7349107922718899, 0.1719124967029578, 0.8280875039853053, 0.39468642809946053, 0.26508921905034355, 0.265089208718542, 0.21791219062749376, 0.734910780619426, 0.26508920846043793, 0.17191249604585554, 0.26508920513840933, 0.34309062262512297, 0.17191249316160928, 1.9116869317431274e-9, 0.17191249199549924, 0.17191248755042512]
w_opt: [0.7349107902983861, 0.46982158348243896, 7.648954675114544e-10, 4.764088470740885e-10, 0.4698215719033382, 0.26508920687462745, 4.0287804632166757e-10, 1.4489902839815222e-9, 0.1719124922335435, 1.093719079154527e-9, 4.222398384924539e-10, 0.078001412504811, 0.07800141475772351, 0.34309061822071246, 0.26508920805990405, 0.17191249513609846, 1.3598846554448906e-9, 0.34309062019576547, 0.17191249397674613, 0.5629982957414218, 0.12959721992713893, 1.476552964593785e-9, 0.46982157362276983, 0.34309062035066085, 1.3624985753384217e-9, 1.6198607595574649e-9, 0.17191249166747122, 1.0266824176582335e-9, 3.765981976880533e-10, 1.7297217826410096e-9, 0.17191249465879752, 0.1719124945094228, 0.1719124932001144, 2.8459191649780664e-10, 8.472890673558717e-9, 0.1719124928407499, 3.903610415148216e-10, 6.127271204662765e-10, 0.2650892187478369, 3.9427740468005804e-9, 1.579182495025042e-9, 3.806244504074287e-10, 8.815369334080255e-10, 0.17191248823646318, 2.6907973559355816e-10, 0.1719124954955852, 0.1719124953005947, 8.270375458765312e-10, 0.1719124959858157, 0.1719124939531844, 5.993092889537468e-10, 0.17191249636740327, 4.0430590527454753e-10, 1.1277770011584436e-9, 0.1719124916340166, 1.1524662075912936e-9, 0.7349107802341975, 0.0931767381026491, 8.287117211874963e-10, 1.0191047185509043e-9, 1.645792093391704e-9, 0.2650892186520896, 4.705510197071948e-10, 0.26508920402973835, 0.17191249254661967, 0.1719124913620006, 7.556127232183271e-10, 3.018052038865833e-10, 7.697970033248263e-10, 0.26508920807832503, 4.998954313098062e-10, 4.2832279229969595e-10, 4.6214171640442995e-10, 5.368516745459601e-10, 5.886657836863271e-10, 2.786738702604427e-10, 0.2650892078081697, 9.90683910423148e-10, 0.17191248957712607, 0.2179121902766644, 5.655077779500633e-10, 3.15000531067479e-10, 3.061625652614613e-10, 1.04891343498621e-9, 4.0766294030845946e-10, 0.26508920472923897, 0.26508920231237265, 0.17191248677935914, 0.1719124916276429, 7.557493446001515e-10, 0.26508920454211693, 0.17191249126683777, 6.001097894550948e-10, 0.17191249131999817, 0.17191248721858404, 4.0114031619437186e-10, 3.55982992781945e-10, 0.17191248605888387, 1.465753572271439e-9, 0.17191248704483195]
v_opt: [0.3946864276822048, 0.7349107908848991, 0.5400938789651961, 0.07027228899284664, 0.0474857288431302]
solution time: 0.014528036117553711
McCormick lower bound: -6.876318851168561

