x_opt: [0.8020856826669489, 0.19791354733461364, 0.8020865146525716, 0.1979135194168821, 0.8020863771675025, 0.19791330269154897, 0.8020865464706479, 0.8913525588924707, 0.6545940134562537, 0.19791353342048432, 0.1013612885414362, 0.7698284689469368, 0.19791355662981772, 0.19791345038029795, 0.19791346780084607, 0.19791357455098252, 0.1979134670878536, 2.8367451113036864e-8, 0.10864727307025097, 0.10864725811237601]
w_opt: [0.8020856770114377, 0.6041720645609211, 8.97845698451103e-9, 8.482644405163642e-9, 0.5719141572957541, 0.19791352329911527, 7.0522196747842475e-9, 2.7981935481950307e-8, 0.19791345535196575, 1.674615045529577e-8, 6.873774412704826e-9, 6.614585290009785e-8, 4.654815030207764e-8, 0.19791351447170885, 0.19791352197236575, 0.19791343002413933, 3.808552317489304e-8, 0.19791354176715284, 0.19791350111076964, 0.6041730663918369, 0.6934390799582065, 6.682514976157029e-8, 0.5719150117327448, 0.19791354994724492, 3.468055168920247e-8, 2.3272506649685978e-8, 0.10864726784932192, 1.3498562626475871e-8, 4.491721340628296e-9, 2.510866055219862e-8, 0.19791351164526266, 0.1979135097105958, 0.1979134513215327, 5.819935682010267e-9, 1.1034113035474877e-7, 0.19791346195478893, 5.8684980941455316e-9, 1.2464200259989705e-8, 0.6545940094462718, 3.0643893391702395e-8, 5.788425550958118e-9, 8.727281846253342e-9, 1.1089087165500866e-8, 0.19791337601040918, 4.967368583998121e-9, 0.1979132767900578, 0.19791327862851238, 1.0806823276367149e-8, 0.19791329293622645, 0.19791327715259127, 1.2263684405145654e-8, 0.19791329531903742, 7.995099797297424e-9, 1.616618507942744e-8, 0.10864726539799094, 1.3005962252347578e-8, 0.7698284609512359, 7.626811531182611e-7, 8.093806897621941e-9, 1.1488694632571067e-8, 2.0640384380531902e-8, 0.6545940072624556, 7.012153572818825e-9, 0.19791344449804554, 0.1979134586118983, 0.10864726578641372, 1.3310675740882161e-8, 6.966963146331093e-9, 0.4244225016942903, 0.19791354938080946, 8.130126528923941e-9, 6.377139066399819e-9, 7.946752315433096e-9, 1.4541523418500863e-8, 1.378433865653113e-8, 5.211411724751421e-9, 0.19791352027417589, 1.2450711040115924e-8, 0.10864721932192804, 0.10136128214939508, 8.810538791836975e-9, 5.180651050751332e-9, 7.7576212538529e-9, 1.370585986180488e-8, 5.9266075263923056e-9, 0.197913461052987, 0.1979133710479547, 0.10864724935409803, 0.19791340306900637, 1.0047935192617397e-8, 0.19791345921175588, 0.1979133938159898, 8.204906312599087e-9, 0.10864726149239329, 0.10864724988343755, 5.554647196936076e-9, 6.548696138091646e-9, 0.10864723987408968, 2.1553441712540652e-8, 0.10864725078147006]
v_opt: [0.8913525540447782, 0.8020865077457803, 0.643342658834542, 0.03917027077599017, 0.0102750206811486]
solution time: 0.03147387504577637
McCormick lower bound: -4.859065410443192

