x_opt: [0.8193528800210083, 0.20870612382908124, 0.8193528858388527, 0.18064711525214927, 0.8193528799471037, 0.18064710024814878, 0.8193528942156213, 0.8193533399546775, 0.6018989276281265, 0.1806471190102975, 0.14908219907961207, 0.8031439448406699, 0.18064711501801434, 0.1806471035995641, 0.18064644328113957, 0.20870613425925752, 0.18064710250352362, 2.8861874164026478e-9, 0.18064640863754883, 0.1806463736670916]
w_opt: [0.8193528790609133, 0.6387057602482833, 8.996851865471849e-10, 4.3150499693378493e-10, 0.6224968253081179, 0.18064711228500402, 5.163686885760993e-10, 1.5254410276587694e-9, 0.18064710157318997, 1.9219459746692927e-9, 4.3037636028948616e-10, 0.02805901002030382, 0.02805900702891585, 0.20870612095200808, 0.18064711857191984, 0.18064710273068552, 2.248246915866286e-9, 0.2087061234164728, 0.18064711373664594, 0.6387057803176001, 0.6387062262331334, 7.095923999735238e-9, 0.6224968332066395, 0.20870613098106905, 4.212449660254611e-9, 2.5113526933746804e-9, 0.18064640832327278, 1.017349566972631e-9, 4.6246123360400977e-10, 3.167866977039729e-9, 0.18064711478487006, 0.18064711463949104, 0.1806471082550222, 3.108209447434296e-10, 1.6935399403788207e-8, 0.18064710223181693, 3.7025425413142155e-10, 6.869995808285521e-10, 0.6018989274069051, 6.756515303968361e-9, 1.0752002793246908e-9, 4.425356282210238e-10, 8.568642506582534e-10, 0.18064709140459537, 2.9010181953575016e-10, 0.1806470987322881, 0.18064709831603157, 8.329022854123376e-10, 0.18064709963134631, 0.18064709762009795, 7.719604110357499e-10, 0.18064709989620725, 5.077562606338993e-10, 1.962867676096957e-9, 0.18064640830805306, 1.4232723004011145e-9, 0.8031439444974436, 1.2550459307954226e-7, 5.966479740237318e-10, 8.426969886986108e-10, 2.412909182085717e-9, 0.6018989271914158, 4.4839680622291205e-10, 0.18064644132716623, 0.18064710201609246, 0.1806464080423945, 4.122845310978469e-9, 4.0131087612849356e-10, 0.4050428754746668, 0.1806471143798701, 4.6309966840172965e-10, 4.517007713758387e-10, 5.097347299919303e-10, 6.539537807057564e-10, 7.499485375933623e-10, 2.5576341453014194e-10, 0.18064711458661517, 1.7157672721338342e-9, 0.18064640554783012, 0.1490821987162831, 7.487252335618019e-10, 2.703338900023649e-10, 3.257711470330766e-10, 1.0968824504656692e-9, 4.499712171414039e-10, 0.1806464428412898, 0.18064710638471046, 0.18064637299549882, 0.18064709591373865, 7.223663820998735e-10, 0.18064644266517008, 0.18064644001948998, 8.160853921345542e-10, 0.18064640774139976, 0.18064637333778485, 3.8839239827500673e-10, 4.3488977563162795e-10, 0.18064637148518636, 2.3929012859805032e-9, 0.18064637220400978]
v_opt: [0.8193533395773098, 0.8193528853879082, 0.671339228975171, 0.03263341079783847, 0.022225565029167144]
solution time: 0.013072013854980469
McCormick lower bound: -4.801042874337449

