x_opt: [0.7479073657133077, 0.2520926350828917, 0.7479073657586314, 0.25209260629153707, 0.7479073653301884, 0.25209262057941256, 0.7479073797530678, 0.6817137273479091, 0.3430159510240046, 0.25209263420269945, 0.19755754769840644, 0.6569840794207322, 0.2520926345317847, 0.2520926202471209, 0.2520926339691215, 0.25501907184214473, 0.2520926062003707, 2.517818464839219e-10, 3.6751642639519545e-9, 2.6814418913869086e-9]
w_opt: [0.7479073656261837, 0.49581473102315393, 1.1321273897344412e-10, 7.078945613988556e-11, 0.40489144517600806, 0.2520926343174168, 4.5787975558948977e-11, 4.567142312800535e-10, 0.2520926061125175, 1.6015143191930973e-10, 5.875373131741282e-11, 8.724831275295597e-10, 7.71198468667728e-10, 0.25209263477470706, 0.25209263416614913, 0.25209262011275607, 3.5741080601248445e-10, 0.2520926350502813, 0.2520926061549223, 0.4958147455507907, 0.4296210931446537, 1.7840375456358406e-10, 0.40489144539861194, 0.25501907165893495, 1.8149647822137792e-10, 2.2092115579938277e-10, 3.6411498799810835e-9, 1.1767738907524155e-10, 2.87266290067226e-11, 2.3029182644580108e-10, 0.25209260623520907, 0.25209260622211244, 0.25209260589566335, 4.024835556010628e-11, 1.23587530748124e-9, 0.252092606155955, 4.7206252454817213e-11, 9.867070944038139e-11, 0.34301595099307697, 2.6669483453925106e-10, 4.49818852611798e-11, 6.219919156562787e-11, 9.533205655818005e-11, 0.25209260549297824, 3.4019818445933883e-11, 0.25209262031588864, 0.2520926203953069, 7.512718430105399e-11, 0.25209262051099934, 0.2520926198752367, 1.1041785203312956e-10, 0.2520926205351502, 5.716838576333164e-11, 1.5359337684555567e-10, 3.62206133406597e-9, 1.2409641208760446e-10, 0.6569840793612336, 1.812773398372289e-8, 7.342251920808913e-11, 9.637817507382325e-11, 1.3465786401478729e-10, 0.3430159509855151, 5.483417143408393e-11, 0.2520926338238484, 0.25209260613167617, 3.6193733724443878e-9, 5.2456109501058596e-11, 5.0508548926378726e-11, 3.126431816602139e-8, 0.25209263448754937, 6.106119518162761e-11, 4.5307522435125256e-11, 6.406103430165819e-11, 1.0858554120164767e-10, 1.1145384806815613e-10, 3.601326661282738e-11, 0.2520926341398485, 8.415012163489982e-11, 3.3909306018741015e-9, 0.19755754767096811, 8.380651852733908e-11, 3.885394468882026e-11, 4.6961444689840085e-11, 9.868594831791308e-11, 4.863960469532058e-11, 0.2520926339268977, 0.25209263396851533, 2.6150867692773293e-9, 0.25209260605646766, 9.346925902813816e-11, 0.25209263392007153, 0.25209260593115473, 6.249142532584619e-11, 3.595108104679185e-9, 2.623042015500256e-9, 4.312272879229616e-11, 5.036531146545395e-11, 2.4827728466127163e-9, 2.0656012913029043e-10, 2.6078627282187308e-9]
v_opt: [0.6817137273145523, 0.747907365703923, 0.5593654394319074, 0.06355070297738075, 0.03902899200333703]
solution time: 0.013231992721557617
McCormick lower bound: -6.330905323944663

