x_opt: [0.7320808079409737, 0.2679192669396085, 0.7320808096011677, 0.15778898032898242, 0.7320808069159859, 0.1579570710738947, 0.842042937333975, 0.43947191974223876, 0.2679192203744897, 0.26791918951197313, 0.23767583170110196, 0.7320807801021224, 0.2679191914092031, 0.15795706288941894, 0.2679191833641041, 0.3506683816649967, 0.15778897854986632, 5.042925434623028e-9, 0.15795672388808274, 0.15778897522228832]
w_opt: [0.7320808066618104, 0.4641616156316406, 1.836893519940495e-9, 1.3076637306021501e-9, 0.46416158902978255, 0.2679191872973829, 1.0685117552421647e-9, 4.576857393145299e-9, 0.15778897635244848, 2.9592941743103556e-9, 1.0870003482535216e-9, 7.734471019069577e-8, 7.893749859023e-8, 0.26791926083809786, 0.2679191884489198, 0.15795706048040833, 4.252993768569565e-9, 0.26791926605929745, 0.1577889773329324, 0.574123747701956, 0.17155273020783313, 3.262629731399396e-9, 0.4641615936168594, 0.3506683768311864, 3.6014150235064384e-9, 4.278001604904408e-9, 0.1579567230241279, 2.616898641508228e-9, 8.31672546510414e-10, 4.297264147250411e-9, 0.15778897892760976, 0.15778897871884717, 0.1577889745543185, 7.907270704728228e-10, 1.9993350492665317e-8, 0.1577889775380814, 1.0419004073107463e-9, 1.7382447424373853e-9, 0.2679192195925896, 6.876699231515501e-9, 1.553298175060319e-9, 1.0855284619753717e-9, 2.092024590048072e-9, 0.15778896605365708, 7.490850053992192e-10, 0.15795706778020754, 0.15795706736784057, 1.9762908481475736e-9, 0.15795706944457796, 0.15795705859772086, 1.6744025926401356e-9, 0.15795707016617008, 1.0891686634329887e-9, 2.9699005613717614e-9, 0.15795672288695592, 2.617578415003351e-9, 0.7320807789919338, 0.10996219023085715, 1.934204106952688e-9, 2.268418885663776e-9, 3.497576082374953e-9, 0.26791921937029356, 1.2151124847217548e-9, 0.26791918043837903, 0.15778897690974433, 0.15795672242197492, 1.590590068961835e-9, 8.180024489027476e-10, 2.699392987091548e-9, 0.267919190461048, 1.4109920817892591e-9, 1.0580623215363291e-9, 1.2893033815383411e-9, 1.656382051080687e-9, 1.7582883325616596e-9, 7.807053994556499e-10, 0.2679191881664225, 2.1393588095125956e-9, 0.15795671704992398, 0.23767583081432248, 1.497421297893542e-9, 8.740462684197248e-10, 9.089829502555314e-10, 2.4822952262523007e-9, 1.0265187838657945e-9, 0.26791918237298923, 0.267919175451482, 0.15778897350259602, 0.15778897539928238, 1.9077947340224998e-9, 0.26791918196491665, 0.15778897310669707, 1.505751828660416e-9, 0.15795672225112475, 0.15778897423550517, 9.951045662467696e-10, 9.511747911167974e-10, 0.15778897058684435, 3.919971874544285e-9, 0.1577889740974487]
v_opt: [0.4394719187692354, 0.7320808082076918, 0.5359423220960849, 0.07178080642242979, 0.05648992243326475]
solution time: 0.015516042709350586
McCormick lower bound: -6.3040434007240265

