x_opt: [0.63601601610835, 0.3639839844699826, 0.636016016473883, 4.466591934422456e-9, 0.636016014098781, 0.15885852220027522, 0.8871451095626538, 0.3655739115784874, 0.3639839836338774, 0.3639839834243285, 0.23034379656360918, 0.6360160155964398, 0.3639839835256629, 0.11285489052566236, 0.3639839833979772, 0.3639839846686181, 4.334220008574245e-9, 4.839472177854975e-10, 0.11285489032046628, 0.11285488983401756]
w_opt: [0.6360160160098092, 0.27203203251513797, 1.4660860440935134e-10, 1.353365293353456e-10, 0.2720320318038533, 0.3639839831676322, 1.1941612738407018e-10, 5.620557553337589e-10, 4.104475049926793e-9, 2.826805156610923e-10, 1.0030780935436361e-10, 1.0292136397990382e-9, 1.5712939075378197e-9, 0.3639839837128083, 0.36398398332131854, 0.11285489029455163, 4.341902514480601e-10, 0.36398398430681816, 4.176615164551904e-9, 0.5231611261181439, 0.001589928131320804, 2.63851260717936e-10, 0.27203203243563373, 0.3639839841363793, 4.036143017481132e-10, 4.0553748181264117e-10, 0.11285489021973451, 3.281802180516974e-10, 9.112431751069446e-11, 4.4797055146645373e-10, 4.2864598087470715e-9, 4.320632246782405e-9, 3.870935966348124e-9, 7.657356797020616e-11, 1.2986230416181163e-9, 4.214303040349686e-9, 1.1595217363337693e-10, 1.6904916918759715e-10, 0.36398398353274886, 8.628127636737934e-10, 1.6094136369684461e-10, 1.049208468263383e-10, 2.606246276957085e-10, 3.481346013208037e-9, 8.330582281936673e-11, 0.15885852192785027, 0.15885852178493912, 2.3078426418756572e-10, 0.15885852204642, 0.1128548901827345, 1.5701152083676702e-10, 0.15885852211893797, 1.0111969111001581e-10, 2.8757755029348616e-10, 0.11285489021739531, 2.980059728257957e-10, 0.6360160154845177, 0.25112910019255913, 2.5906096047478127e-10, 5.27997437579873e-10, 6.141475733589432e-10, 0.3639839835257553, 1.3318829096879317e-10, 0.3639839831514331, 4.118649306135054e-9, 0.11285489014910569, 1.7949123044187664e-10, 6.743021731477589e-11, 1.148970319497469e-10, 0.3639839834116691, 1.9067976351661214e-10, 1.0355617415599869e-10, 1.3783159438259684e-10, 1.6641986367163319e-10, 1.8574949054055147e-10, 8.774990587001794e-11, 0.36398398329058934, 2.0342111813863035e-10, 0.1128548896421856, 0.23034379647795955, 1.499323067728701e-10, 1.0822276643757836e-10, 9.378755589495887e-11, 2.7015942592027653e-10, 1.0116649246080509e-10, 0.3639839832848672, 0.36398398012214, 0.11285488965390188, 4.045779437752266e-9, 2.1958057501045676e-10, 0.36398398322885417, 3.812767708274985e-9, 1.6428059584494684e-10, 0.11285489018370698, 0.11285488974293668, 1.056318490309682e-10, 8.687718528133507e-11, 4.076625134794289e-9, 3.729645420925774e-10, 0.11285488967207412]
v_opt: [0.3655739114540689, 0.6360160163133098, 0.4045163772121328, 0.13248434366292153, 0.0530583669073526]
solution time: 0.01613306999206543
McCormick lower bound: -7.21146427477338

