x_opt: [0.8132868895633554, 0.18671322363625883, 0.813287002805557, 0.18671236035643426, 0.8132867218995024, 0.18671229228667763, 0.813287619850617, 0.851039043337316, 0.604711389010533, 0.1867129855730253, 0.1489520029089158, 0.787907578972168, 0.18671315430209826, 0.18671236986696635, 0.18671285222780357, 0.20517727777873263, 0.18671227509013857, 5.023371839782023e-8, 0.1489608047501213, 0.14896049887848165]
w_opt: [0.8132868788157768, 0.6265736192741749, 1.8135395218203278e-8, 1.3460535996567956e-8, 0.6011944776375696, 0.18671310568310506, 1.109142235234834e-8, 4.768792349913659e-8, 0.18671225604042188, 2.983454900432128e-8, 1.06010190926785e-8, 2.331450616106825e-7, 6.991521424927903e-8, 0.18671317116555652, 0.18671297455654973, 0.18671234565695122, 5.946198567530504e-8, 0.18671321707038652, 0.18671233186660757, 0.6265746311306403, 0.6643260560151635, 4.1607389065177245e-8, 0.6011946232602285, 0.20517723876390737, 3.896676586988868e-8, 4.194023547663507e-8, 0.14896079627630623, 2.18468155853517e-8, 7.133523946882653e-9, 3.618904360389614e-8, 0.18671234736140463, 0.18671234515847848, 0.1867122918472917, 9.003508996121689e-9, 2.635430362316196e-7, 0.1867122668084665, 1.0027879857529843e-8, 1.9223593024618688e-8, 0.6047113821581227, 5.4544136726255425e-8, 9.516573143028698e-9, 1.3337149280428416e-8, 1.788828451994001e-8, 0.18671211855050746, 7.901955629127322e-9, 0.18671225677806824, 0.186712257966441, 1.709497848932789e-8, 0.18671227724148032, 0.1867122199637225, 1.8296859250436898e-8, 0.186712282590378, 1.212951070802375e-8, 2.8613213825494036e-8, 0.14896079281543353, 2.015514719595222e-8, 0.7879075664114679, 2.847814860357548e-6, 1.1301925138848357e-8, 1.8509021619155542e-8, 3.1529970943529815e-8, 0.6047113789540838, 1.3904276131953524e-8, 0.1867128176845996, 0.18671226050278744, 0.14896079273995708, 1.892667181605648e-8, 1.0069804106137484e-8, 0.39261912457691167, 0.18671314363124844, 1.370531178913653e-8, 1.0095048868290709e-8, 1.3636264467305002e-8, 2.2031376963552634e-8, 2.098035383104703e-8, 8.336837884162148e-9, 0.18671296912281954, 1.9007696575751776e-8, 0.14896074556278663, 0.14895199313898658, 1.462372137062446e-8, 8.591847756764927e-9, 1.1723193486611644e-8, 2.1199058523240166e-8, 9.851808176107877e-9, 0.18671284215730866, 0.1867128052751758, 0.14896048492592173, 0.18671219697852984, 1.6297299261753665e-8, 0.18671283999653632, 0.18671221290133516, 1.403568668201148e-8, 0.14896078778803895, 0.148960486292507, 9.015141721050257e-9, 1.0523217762425269e-8, 0.14896047246656421, 3.876092037028158e-8, 0.14896048763895026]
v_opt: [0.8510390352668056, 0.8132869912976632, 0.6614353307951907, 0.03486196122541368, 0.022190377995170842]
solution time: 0.046389102935791016
McCormick lower bound: -5.049876230907651

