x_opt: [0.7519132220746635, 0.2480867963561747, 0.7519132247990391, 0.24801454229568867, 0.7519132146341542, 0.2480145823423674, 0.7519854178524074, 0.6809564843377413, 0.3328976102684535, 0.24808677539179425, 0.2233859145018515, 0.6671023933086012, 0.24808677980683536, 0.2480145822794332, 0.24808676819759007, 0.24808697583091704, 0.24801453872436902, 6.2670228879656154e-9, 0.008637429493902624, 0.008637409251002348]
w_opt: [0.751913220494455, 0.5038264377720212, 2.545582190335967e-9, 1.7014470750669384e-9, 0.41901561662000003, 0.24808677434932422, 1.3257272149228714e-9, 6.536834387502255e-9, 0.24801453607236373, 3.6982842563600162e-9, 1.4703441516126041e-9, 2.2099756805632605e-8, 1.9292805149463378e-8, 0.24808678888292626, 0.24808677396695186, 0.2480145790308037, 6.0096900068603045e-9, 0.2480867953069843, 0.2480145385878522, 0.5038986436499959, 0.43286971023485254, 4.879818383473682e-9, 0.4190156232362343, 0.24808697022294343, 4.490513459245227e-9, 5.322839393087846e-9, 0.00863742843369401, 3.251206432693308e-9, 9.628908910681038e-10, 5.177821366310854e-9, 0.2480145406041285, 0.2480145402440694, 0.24801453487460712, 1.0474100512069577e-9, 2.3779551630341463e-8, 0.2480145375577803, 1.294483996205124e-9, 2.3346545204811688e-9, 0.3328976093204317, 7.000009507918307e-9, 1.6212446884960042e-9, 1.4877302146843086e-9, 2.6116959743959604e-9, 0.24801452259578152, 9.625088827048188e-10, 0.2480145775895159, 0.248014577743401, 2.325847622570723e-9, 0.24801458031523702, 0.24801457236307514, 2.3285376130444914e-9, 0.24801458112335933, 1.4372402725287201e-9, 3.6469682751378436e-9, 0.008637428153571497, 3.1531154187751095e-9, 0.6671023917969736, 7.226983843867528e-5, 2.1939912481807728e-9, 2.7742073930949664e-9, 4.232846714568131e-9, 0.3328976090489359, 1.5261076947428035e-9, 0.24808676435429333, 0.2480145367247675, 0.008637427746954241, 1.821768329770745e-9, 1.1461580230958289e-9, 6.035921800101518e-9, 0.2480867786050697, 1.760602720319982e-9, 1.3331435703132709e-9, 1.6480902270055857e-9, 2.3162733637424935e-9, 2.3877306397844143e-9, 9.972895305397698e-10, 0.2480867737228886, 2.578153030477328e-9, 0.00863742047919078, 0.22338591344371242, 1.901953134705133e-9, 1.1006967828967442e-9, 1.2046424538331045e-9, 2.9714624738941906e-9, 1.29857903549282e-9, 0.2480867669304612, 0.24808675436912897, 0.008637407167067533, 0.24801453364290213, 2.4016740232400158e-9, 0.24808676647820221, 0.24801453157768633, 1.7927434399286095e-9, 0.0086374273335652, 0.008637407849938269, 1.2392693746860682e-9, 1.2546772240906493e-9, 0.008637405480969664, 4.887255227521634e-9, 0.008637407669181058]
v_opt: [0.6809564832168916, 0.7519132231010216, 0.5653742082017486, 0.06154715036817458, 0.04990128169755229]
solution time: 0.014964818954467773
McCormick lower bound: -6.1840390018081255

