x_opt: [0.7495214429139836, 0.34587540846049236, 0.7495217085556602, 3.358745413625889e-7, 0.7495217512979985, 0.2504779286206654, 0.7495223171126411, 0.4046695554712161, 0.2504782792889745, 0.2504782703930449, 0.2504784949531032, 0.5311613226407786, 0.25047826420642494, 0.25047762724986355, 0.250478162213286, 0.3458754394826281, 2.7854240777911885e-7, 3.279853084641746e-8, 0.2504778227431506, 0.2504778431496746]
w_opt: [0.7495214376472006, 0.4990431971455797, 5.140712256009614e-9, 8.71823168212048e-9, 0.28068276920141644, 0.25047824296397847, 1.056918750558008e-8, 3.6622179398167196e-8, 2.6675395735926e-7, 2.1762764570157754e-8, 3.0805348162378236e-9, 0.0953971221466303, 0.09539723791370484, 0.34587533497306117, 0.2504782664327773, 0.25047761927835094, 3.228177569961634e-8, 0.34587539196130385, 3.1890504700567493e-7, 0.4990440290311367, 0.1541912698157483, 1.1386996711070878e-8, 0.2806830551960468, 0.34587538954360436, 2.3431059224052677e-8, 2.733425704711346e-8, 0.2504778165247353, 1.7156770496706167e-8, 5.783787132942207e-9, 4.84977341318289e-8, 3.2103866494312676e-7, 3.307191709896385e-7, 2.9862464725083793e-7, 3.375605139992907e-9, 1.1632244517149543e-7, 2.736615544768513e-7, 5.891530432129316e-9, 8.237263466849777e-9, 0.250478274895811, 1.985356042494426e-7, 2.6569946655276462e-8, 3.89817495286783e-9, 1.5522691593665425e-8, 2.205963319373296e-7, 4.979486602529764e-9, 0.2504779181096831, 0.25047787089786194, 2.0686237676211406e-8, 0.2504779212580292, 0.25047760368637156, 6.4647683051128655e-9, 0.25047792530283663, 4.978156160350236e-9, 2.34570196492964e-8, 0.25047781710059513, 1.7133180084686238e-8, 0.531161318696418, 1.5777002713450905e-6, 1.7309884580617888e-8, 1.6876713905067744e-7, 2.728037115967328e-7, 0.25047826995099337, 6.8473648903965395e-9, 0.2504781453373323, 2.666946507833202e-7, 0.25047781422971327, 1.3856621000219029e-8, 2.4915314759603724e-9, 4.001157028805418e-9, 0.2504782592658873, 1.2304473814872692e-8, 4.637993005278702e-9, 7.222655080840643e-9, 9.142520165583636e-9, 1.2128928164958997e-8, 3.6932562660800025e-9, 0.2504782610274932, 1.6529999831517685e-8, 0.25047777052681236, 0.2504784896116281, 7.742447876762398e-9, 6.026903596526868e-9, 4.332185801776478e-9, 1.050199437248949e-8, 4.206658596158421e-9, 0.25047815857970407, 0.25047800463904135, 0.25047783507158494, 2.53508316857572e-7, 9.505257225457708e-9, 0.25047815265706785, 2.409381013083087e-7, 1.3866543076821082e-8, 0.2504778168257519, 0.2504778399118997, 4.6241562685633225e-9, 3.697071687347149e-9, 2.570972603357387e-7, 2.6733910384151118e-8, 0.2504778069871288]
v_opt: [0.40466954691576124, 0.7495217031095353, 0.5617828987506044, 0.06273937967189228, 0.06273950273972294]
solution time: 0.012174129486083984
McCormick lower bound: -4.609611093453986

