x_opt: [0.7470191715251654, 0.2926669621907448, 0.7470191750727713, 3.406427039381513e-7, 0.7470191781218187, 0.21215023934962207, 0.7878497683695038, 0.5555724646750356, 0.3975971824501151, 0.252980822605858, 0.25298078537023216, 0.6024028028508537, 0.252980823466883, 0.21215022970773992, 0.2529808172167598, 0.292666967675721, 3.364188636696777e-7, 6.320821218772114e-9, 0.2121502318980417, 0.21215022372786005]
w_opt: [0.7470191701911467, 0.4940383506913375, 1.9356474622449035e-9, 1.5617148026209347e-9, 0.3494219755683425, 0.25298081848231124, 1.6586730159374402e-9, 5.802508042217418e-9, 3.334159676322086e-7, 3.6819455260962665e-9, 1.0753070018437692e-9, 0.039686138525068144, 0.039686148351530164, 0.2926669534868722, 0.2529808219302719, 0.21215022723760962, 4.955873460557356e-9, 0.29266696042426477, 3.3653951259672724e-7, 0.5348689443840227, 0.3025916410329656, 3.3400536575808243e-9, 0.3494219826136144, 0.29266696000547254, 4.682161552322587e-9, 5.143492353018704e-9, 0.21215023056985874, 3.4511314142805316e-9, 1.3324367785842381e-9, 6.8901188056461916e-9, 3.3834676976863813e-7, 3.388178942079783e-7, 3.3278740383969357e-7, 9.618698467658322e-10, 2.6475195495160806e-8, 3.351128272446565e-7, 1.4034410596093237e-9, 2.0144985519314704e-9, 0.3975971813296225, 1.581226381729126e-8, 4.140661736324646e-9, 1.1893057251709776e-9, 3.0176231298997757e-9, 3.2174002414769804e-7, 1.0182286373752069e-9, 0.2121502363879032, 0.21215023361226487, 3.244547837799494e-9, 0.21215023743395464, 0.21215022461727204, 1.71687578631601e-9, 0.21215023830397325, 1.3136294965868278e-9, 3.810695587270009e-9, 0.2121502304766959, 3.4015800006507924e-9, 0.6024028016151315, 0.040830689142261685, 2.201320564289659e-9, 6.174174507570976e-9, 8.956171036562381e-9, 0.39759718086201634, 1.5931667802350243e-9, 0.2529808134841582, 3.3404128964189905e-7, 0.2121502298729787, 2.5459921150260705e-9, 8.288467840827792e-10, 1.4130397376458138e-9, 0.25298082238447556, 2.1071092340402407e-9, 1.3142200847412655e-9, 1.6583894261509314e-9, 1.9479237021775885e-9, 2.1783767677560178e-9, 9.639822119671208e-10, 0.252980821050102, 3.001964098829756e-9, 0.21215022293182112, 0.25298078414660624, 1.8172550640165762e-9, 1.2233865292218943e-9, 1.0992605026974376e-9, 2.738392331746653e-9, 1.203849418162138e-9, 0.25298081601014244, 0.25298080046394245, 0.21215022159577457, 3.318379985801327e-7, 2.2654161504026354e-9, 0.25298081509124504, 3.294266211380294e-7, 2.2937175089783055e-9, 0.21215023013474046, 0.21215022270167394, 1.260536061444293e-9, 1.0815836764840586e-9, 3.3298853379296704e-7, 4.756557703319432e-9, 0.21215022196396158]
v_opt: [0.5555724630214139, 0.747019173315743, 0.5580379199859913, 0.06399930093220067, 0.06399937385017777]
solution time: 0.015844106674194336
McCormick lower bound: -5.378950959812467

