x_opt: [0.6353514664572927, 0.3646486301528941, 0.6353514772803275, 2.4311391312456117e-6, 0.6353514920204835, 0.15945168184929057, 0.8878508103534729, 0.3646486438008845, 0.3646486422236468, 0.3646485217718289, 0.2286808575759697, 0.6353511644787809, 0.36464854500710236, 0.11214925820927486, 0.36464849237859537, 0.3646487001414326, 2.4271279923892387e-6, 2.5804189500086222e-8, 0.11214870130281593, 0.11214870956733353]
w_opt: [0.6353514504391202, 0.2707029604693356, 7.069058201661201e-9, 3.6205458203407623e-9, 0.2707026332394472, 0.36464853349114457, 4.219182773348305e-9, 8.137535976273205e-8, 2.417465696076446e-6, 1.7757152509144345e-8, 5.078927576159416e-9, 1.0990029323949285e-7, 2.0397876079285958e-7, 0.3646485506198582, 0.36464851945594073, 0.11214924990635114, 3.4249860146763494e-8, 0.36464862550910426, 2.4158440839603775e-6, 0.5232022895427507, 1.2250824253856041e-7, 2.0504152501118064e-8, 0.27070266242336744, 0.3646486723795301, 3.035302949541886e-8, 2.445416977556046e-8, 0.11214869954693121, 1.6507130218410382e-8, 2.042231848015456e-9, 5.606685761691885e-8, 2.426349674202808e-6, 2.4255179104427813e-6, 2.390702498887013e-6, 1.90258984930895e-9, 3.07841836300645e-7, 2.4238240909386407e-6, 3.655442656533825e-9, 6.979258477213772e-9, 0.3646486399515252, 9.231702988460054e-8, 4.2945794165159924e-8, 4.256350761023429e-9, 3.01955391715965e-8, 2.3114053543701756e-6, 1.9029405841060106e-9, 0.15945166598292257, 0.1594516659229649, 7.334885308923205e-9, 0.15945167740422347, 0.11214921042499261, 7.567000988732041e-9, 0.15945168054701583, 3.309006060687547e-9, 1.890887230649158e-8, 0.11214869950558688, 3.250599539167412e-8, 0.6353511616489277, 0.25250023530104726, 7.334055463253577e-8, 4.4156295355963e-8, 5.658827461554683e-8, 0.3646486384779482, 3.936897486327829e-9, 0.36464848603437716, 2.4205676773748753e-6, 0.1121486963959062, 7.210278740323689e-9, 1.9113822611160253e-9, 2.5266339417384526e-9, 0.36464854399732516, 5.04528375079101e-9, 3.15356630073251e-9, 4.839650077001274e-9, 6.719739713058609e-9, 8.015544874841208e-9, 1.8973873372756516e-9, 0.36464851947251586, 8.438993635935053e-9, 0.11214868556162355, 0.22868085659786658, 9.919274254643593e-9, 2.8350712896879196e-9, 1.8159492850246195e-9, 1.048603685025746e-8, 3.4957854938739763e-9, 0.36464849005621763, 0.36464820463632674, 0.11214870389491248, 2.4169008343157984e-6, 1.409490035198989e-8, 0.36464848822305257, 2.3909289601841427e-6, 6.593166091135046e-9, 0.11214869883817244, 0.11214870257016711, 3.875599178339395e-9, 2.5427429184252934e-9, 2.404080709523655e-6, 2.3787638066826437e-8, 0.11214868432414773]
v_opt: [0.3646486414670052, 0.6353514745001007, 0.40367154123606414, 0.1329685500799806, 0.052295038981398305]
solution time: 0.014325857162475586
McCormick lower bound: -8.47900336788402

