x_opt: [0.337519331236727, 0.11452626279907009, 0.8854737849947815, 0.11452625451962692, 0.8854737301837975, 0.11452622058859198, 0.8854737351186637, 0.8854747596205338, 0.8854737228944642, 0.11452620381950707, 0.11451786301175376, 0.7638165675490504, 0.11452622692058974, 0.1145262568438669, 0.11452544525597445, 0.3745355146736378, 0.11452623189147909, 1.354960156230324e-8, 0.11452535458233404, 0.11452522678699352]
w_opt: [0.3375193286725392, 0.2229930632544711, 4.136945152745734e-9, 3.2877199189188426e-9, 0.10133590124262824, 0.1145262100343359, 3.4243898599368586e-9, 1.1172156504359415e-8, 0.11452622677983905, 8.121093702659401e-9, 2.5032845847340318e-9, 4.9677549171419466e-8, 3.007411472011464e-8, 0.11452624895883279, 0.11452620018577292, 0.11452624960107925, 1.5733187943239495e-8, 0.11452626069566495, 0.11452624602473933, 0.7709475223142505, 0.7709485481668339, 8.33335994021989e-9, 0.6492903653530414, 0.37453550285629794, 2.844469572499164e-8, 1.0820238543767098e-8, 0.11452535214081834, 5.41679885590523e-9, 2.181394265559769e-9, 1.2139825976973944e-8, 0.11452625103076657, 0.11452625043322918, 0.11452618139211145, 2.548458081498914e-9, 4.954405919436522e-8, 0.11452622967429288, 2.5376138175323696e-9, 5.067442495684439e-9, 0.8854737211105008, 1.493400312382145e-8, 2.6170517010526447e-9, 3.814270145564316e-9, 4.468400836665111e-9, 0.11452618883771722, 2.2133103939180265e-9, 0.11452621157140166, 0.11452620873477984, 5.265987129752049e-9, 0.1145262152239243, 0.11452621036532565, 4.627049119996085e-9, 0.1145262173506017, 3.5835038217219993e-9, 7.91084182415512e-9, 0.11452535127342754, 5.368077662444682e-9, 0.7638165643756518, 2.884373270652419e-7, 2.782068672913956e-9, 4.613400706117619e-9, 1.041661004093948e-8, 0.8854737197366038, 2.5035014482260363e-9, 0.11452543330072508, 0.11452622844411024, 0.11452535151432525, 1.429183012814531e-8, 2.8513558136888013e-9, 0.64929029510399, 0.11452622314270508, 3.4679591178559246e-9, 2.8733068145732156e-9, 3.5099385990997826e-9, 6.200887327120608e-9, 5.885966269862407e-9, 2.2216607820194255e-9, 0.11452619899553218, 6.208768435347385e-9, 0.11452532620935639, 0.11451785949263689, 3.873425898452166e-9, 2.1704692532304584e-9, 3.684480377966684e-9, 5.869524936807434e-9, 2.499894439550346e-9, 0.11452544233935917, 0.11452618786149903, 0.11452522313729928, 0.11452621369003395, 3.8483475141541975e-9, 0.11452544139862268, 0.11452542847456307, 4.0687187906494755e-9, 0.114525349119966, 0.11452522358023781, 2.3112438759297754e-9, 2.879896913361374e-9, 0.11452521875973364, 1.0201629949626642e-8, 0.11452522460032254]
v_opt: [0.8854747573837173, 0.8854737822315505, 0.7840639732906582, 0.013116255009403808, 0.013114384821809407]
solution time: 0.014434099197387695
McCormick lower bound: -4.041893673072281

