x_opt: [0.7907172881871959, 0.3154137971621566, 0.7907172918524991, 0.20928257762757566, 0.7907172998101728, 0.209282546300766, 0.7907174513059643, 0.47000729100467675, 0.2670479678984181, 0.20928270997737808, 0.20759041614257887, 0.7329520310684312, 0.2092827086009838, 0.2092825484360776, 0.20928268326660315, 0.31541380293638077, 0.2092825489731929, 7.95134554419246e-9, 0.20928253061313878, 0.2092825190141982]
w_opt: [0.7907172858434589, 0.5814345894314304, 3.6219577157741348e-9, 1.8884054397639057e-9, 0.5236693210485465, 0.2092827015253291, 1.7797230295089746e-9, 5.78030588779393e-9, 0.20928254499977922, 4.520018816563785e-9, 1.7129726165093055e-9, 0.10613109075217163, 0.10613110544560352, 0.3154137871018738, 0.2092827081681273, 0.2092825447976894, 5.57015313653233e-9, 0.315413795181158, 0.2092825723718045, 0.5814347443047229, 0.2607245843381416, 8.114151581001717e-9, 0.5236693295137395, 0.3154137924425177, 5.75927733081837e-9, 6.6595687593899215e-9, 0.20928252920823354, 4.291355976369967e-9, 1.7306663651027028e-9, 7.688593250940885e-9, 0.2092825754307823, 0.20928257479030285, 0.20928256894901934, 1.1923849990109289e-9, 3.7278445986487496e-8, 0.2092825477360757, 1.60481600526263e-9, 2.5158491626098075e-9, 0.2670479666677762, 2.259157269937809e-8, 1.1687702106284102e-8, 1.567889811688756e-9, 3.872454837577627e-9, 0.2092825272731811, 1.1343570611723092e-9, 0.20928254148293948, 0.20928254019654316, 3.672491821671989e-9, 0.20928254317967387, 0.20928253739738736, 2.416002229067382e-9, 0.20928254487413006, 1.7208511464341508e-9, 4.700995567636726e-9, 0.20928252905905267, 4.851014000060317e-9, 0.7329520295201226, 3.249919215550413e-7, 3.5605759622274244e-9, 4.064121474699993e-9, 7.4701575185944e-9, 0.26704796613105714, 1.9681271498584775e-9, 0.20928267837472322, 0.20928254648823563, 0.20928252794173835, 3.4611554777932995e-9, 1.2677371364874057e-9, 3.4503357915224366e-9, 0.2092827069352755, 2.0407404635483506e-9, 1.8232820172912046e-9, 1.8937639873717987e-9, 2.1981378628545747e-9, 2.4211304325580614e-9, 1.1239404141980505e-9, 0.2092827062034596, 4.645516064089231e-9, 0.20928251965732456, 0.2075904149761022, 2.3353782954469536e-9, 1.290218565359086e-9, 1.2487805942659737e-9, 4.169697937520395e-9, 1.683077067370834e-9, 0.2092826815377081, 0.20928268276906234, 0.20928251572086895, 0.20928253728038435, 3.0295174056796038e-9, 0.20928268059432292, 0.20928254057796197, 2.591194741509492e-9, 0.20928252760535593, 0.20928251764581923, 1.6731394911827122e-9, 1.48776329188809e-9, 0.20928251269471373, 6.008233653795491e-9, 0.2092825166829038]
v_opt: [0.47000728918185725, 0.7907172894070496, 0.6252338568681005, 0.04379925823011259, 0.04309395163809152]
solution time: 0.014261960983276367
McCormick lower bound: -6.317849647358329

