x_opt: [0.6738847936846535, 0.3261152074613815, 0.6738847940846268, 0.08367187574250913, 0.6738847934950511, 0.16132160165777185, 0.8386784018721124, 0.43480222712326844, 0.3261152083284247, 0.3261152057846992, 0.24143454136467643, 0.6738847914651954, 0.3261152062936012, 0.16132159822459607, 0.32611520577611625, 0.3261152089104101, 0.08367187561930718, 6.545037179703029e-10, 0.09993435154163777, 0.0836718807652422]
w_opt: [0.6738847935484904, 0.34776958723771945, 2.1098998944837338e-10, 1.7758680163449909e-10, 0.34776958527314755, 0.32611520577740133, 1.473367645844199e-10, 7.788790696222612e-10, 0.08367187533357551, 3.8725206203381126e-10, 1.3768091775835315e-10, 1.6266156751522126e-9, 1.876019895558908e-9, 0.3261152066215183, 0.3261152056590865, 0.1613215979112187, 6.177295722124964e-10, 0.326115207333734, 0.08367187535119874, 0.5125631960443219, 0.10868702129568755, 3.8754378169858434e-10, 0.3477695860229103, 0.3261152083068696, 5.055365353101033e-10, 5.522750299996204e-10, 0.09993435142164443, 3.609848230232377e-10, 1.0606569445599917e-10, 5.796779029388081e-10, 0.08367187553905908, 0.08367187554245815, 0.0836718748901379, 1.0688671374973809e-10, 2.5660237604351925e-9, 0.08367187546027029, 1.4653907614171383e-10, 2.386841460568128e-10, 0.3261152082181153, 8.666149371092358e-10, 1.7809449290019805e-10, 1.4727726958101334e-10, 2.8562199113704326e-10, 0.08367187404577388, 1.0527225858742765e-10, 0.16132160124572073, 0.16132160114746794, 2.63048666435485e-10, 0.16132160145860394, 0.1613215977365076, 2.215654498022668e-10, 0.1613216015403302, 1.433813338373509e-10, 3.880508551389193e-10, 0.0999343514006169, 3.352932651787274e-10, 0.6738847913119582, 0.16479361607260887, 2.909050382421009e-10, 3.1526534792923694e-10, 4.764041928801961e-10, 0.326115208194119, 1.6354442304040613e-10, 0.3261152053991128, 0.08367187538094224, 0.09993435135023941, 1.993972834563555e-10, 1.0261354776582478e-10, 2.338187154764669e-10, 0.3261152061785345, 2.1038710991409573e-10, 1.360772884127777e-10, 1.8159985647369836e-10, 2.3798588985077043e-10, 2.5205128758382387e-10, 1.1107266690225241e-10, 0.3261152056438353, 2.579812333625669e-10, 0.09993435060386512, 0.2414345412645252, 1.9809796159364666e-10, 1.2617806393384558e-10, 1.3028943638218382e-10, 3.242118791175067e-10, 1.3371252441610735e-10, 0.3261152056461982, 0.3261152024281112, 0.08367188055049747, 0.08367187519571442, 2.5588132442732183e-10, 0.32611520558500623, 0.08367187484423588, 2.026446729781525e-10, 0.09993435134448206, 0.08367188063097752, 1.310610454091765e-10, 1.2366204030780673e-10, 0.08367187522999717, 5.109950133178974e-10, 0.08367188061950202]
v_opt: [0.4348022269924962, 0.6738847938801947, 0.4541207162861461, 0.10635112787360897, 0.05829065218544494]
solution time: 0.013010978698730469
McCormick lower bound: -6.233231605229337

