x_opt: [0.7908441553768932, 0.31481709432415916, 0.790844194120656, 0.20915337249339017, 0.7908445923093373, 0.20915287527997833, 0.790847139310676, 0.47072452237545676, 0.26667447468656674, 0.20915582575363195, 0.20915424318185963, 0.7333253007467379, 0.20915579056778885, 0.20915281988599388, 0.20915533054081928, 0.3148171144210603, 0.20915278248441405, 5.3699470924468694e-8, 0.2091528060046408, 0.20915292806548405]
w_opt: [0.7908441287075018, 0.5816887538513772, 2.113131550786728e-8, 9.952799377380173e-9, 0.5241694667409685, 0.20915574115488075, 1.3404903194249059e-8, 4.7485740037400226e-8, 0.20915275598605237, 3.319070004737846e-8, 1.0207507891114388e-8, 0.10566129969521833, 0.10566179990025568, 0.31481698940695285, 0.20915581695511948, 0.20915280351358587, 5.488444427360011e-8, 0.3148170785804134, 0.20915333295537603, 0.5816913393207317, 0.2615687260683098, 5.996842696657289e-8, 0.5241695489502759, 0.31481700554237524, 4.5634965002091884e-8, 4.6803139715784954e-8, 0.20915279811975118, 4.54343896744387e-8, 1.0854722221125201e-8, 1.1620228294206863e-7, 0.20915335849805117, 0.20915335725498876, 0.2091533021476695, 6.581124241508361e-9, 4.2965001222887574e-7, 0.20915277736204146, 9.329451393125208e-9, 1.4855546359468876e-8, 0.26667446906175957, 5.612217112652292e-7, 4.202856417003691e-7, 8.647192526950519e-9, 4.674950798552964e-8, 0.20915257013339522, 6.991695514760497e-9, 0.20915284959172048, 0.20915283194861775, 2.7456165467495557e-8, 0.20915286122960022, 0.20915270285485932, 1.616173965522251e-8, 0.20915286880848272, 1.0402736437092412e-8, 3.565595978141706e-8, 0.2091527970616612, 4.862455961166503e-8, 0.7333252942786967, 5.8682049225398936e-6, 2.8192184820739798e-8, 6.913364358310687e-8, 2.0288339972820166e-7, 0.2666744636342903, 1.2247946031771922e-8, 0.2091553063446159, 0.20915276787472414, 0.20915279091324088, 3.1040415238103465e-8, 6.426394901208626e-9, 1.1191452492151457e-8, 0.20915578420141256, 1.3575271215371618e-8, 1.0643942336219882e-8, 1.1393338762301472e-8, 1.4031406486611103e-8, 1.736506434295045e-8, 5.95856892796745e-9, 0.20915578203212143, 4.246217829054483e-8, 0.2091527434407118, 0.20915423654716186, 1.756496320737538e-8, 7.688263917788822e-9, 6.632437175532226e-9, 2.3901002266625568e-8, 9.619710603875209e-9, 0.2091553237012951, 0.2091554235590079, 0.20915291139167486, 0.20915259850966492, 2.0088722580484794e-8, 0.20915531577339927, 0.2091527141533141, 2.005932028824431e-8, 0.2091527939870311, 0.2091529166115607, 1.0540040614085467e-8, 8.04154205396478e-9, 0.20915271832696924, 4.394661551138928e-8, 0.20915274787386906]
v_opt: [0.47072451182486, 0.790844181897963, 0.6254356179205005, 0.043746316281748514, 0.043746063409027994]
solution time: 0.011651039123535156
McCormick lower bound: -5.489576062116726

