x_opt: [0.8187854019628207, 0.18122092061653094, 0.8187854842872135, 0.18121458909454907, 0.8187853916825105, 0.1812142115461925, 0.8187855824880934, 0.8592529535382396, 0.6462392849265022, 0.18121456053892354, 0.11289555272786869, 0.8141404245555004, 0.1812145550059561, 0.18121440837960293, 0.18121314297228272, 0.18122094811547268, 0.18121446252036258, 2.8603553672994572e-8, 0.18121300798491222, 0.14074705861778497]
w_opt: [0.8187853946385621, 0.6375707984724094, 1.096415832174251e-8, 6.91460042447784e-9, 0.6329258331323598, 0.18121452064053384, 6.638354390763903e-9, 1.7882072388194985e-8, 0.18121444934312317, 1.6242880020573355e-8, 6.370202900521862e-9, 6.410586673063199e-6, 6.3442953408140664e-6, 0.18122088971090217, 0.18121455238970322, 0.18121439484138116, 2.1723145573959992e-8, 0.18122091509587207, 0.1812145696761982, 0.6375710710514855, 0.6780384442542012, 6.450068170255794e-8, 0.6329259366826081, 0.18122091375889837, 2.2052372821971483e-8, 2.3436484481609918e-8, 0.1812130030966452, 1.249312728259387e-8, 7.238820068321835e-9, 2.5679835679177473e-8, 0.18121458220464567, 0.1812145781284152, 0.18121451651569287, 4.769329213906111e-9, 1.226137948011955e-7, 0.18121445814085585, 5.268019270280783e-9, 9.538113652516783e-9, 0.6462392812178318, 3.869143669963937e-8, 9.995447453038495e-9, 6.289623624476411e-9, 1.1631266138989046e-8, 0.18121436690652706, 4.070344710498462e-9, 0.1812141906747506, 0.1812141893272793, 1.226577123241634e-8, 0.1812141994771702, 0.18121419340003614, 9.405300666684175e-9, 0.18121420510328068, 7.10934814021473e-9, 1.654385565129996e-8, 0.18121300255428413, 1.469021402689228e-8, 0.8141404186671964, 8.02801862545044e-7, 8.872429355208662e-9, 1.0318216209396831e-8, 2.058820900100682e-8, 0.6462392783826519, 6.818995965286884e-9, 0.1812131203694689, 0.18121445516552218, 0.18121299974594843, 2.9651201296000924e-8, 6.077178762276256e-9, 0.4603797188184232, 0.18121454640344, 6.388034735940468e-9, 6.761027519878008e-9, 6.633998258936593e-9, 8.807532697071936e-9, 9.199391148006505e-9, 4.148361181714406e-9, 0.18121454386846733, 1.8662945366482435e-8, 0.18121296310934887, 0.11289554673195658, 8.29847620222854e-9, 4.218531053429269e-9, 5.316768205772982e-9, 1.5903620496668336e-8, 6.020054529175742e-9, 0.1812131350362257, 0.18121447019612483, 0.1407470478944594, 0.18121437817760294, 9.437418195504774e-9, 0.1812131332242158, 0.18121311355355876, 8.801174226892515e-9, 0.1812129927351797, 0.1407470530638989, 5.6307128855745016e-9, 6.067023849813546e-9, 0.14074703820621248, 2.1067061595236147e-8, 0.1407470525966968]
v_opt: [0.8592529479608717, 0.8187854767265931, 0.6704095624265308, 0.03283872145532475, 0.012745460623399252]
solution time: 0.013544797897338867
McCormick lower bound: -5.055277939813441

