x_opt: [0.7232297101220165, 0.2767703768758652, 0.723229724313031, 5.979627544773656e-7, 0.6878991604779879, 0.16249624304453408, 0.8375054870519393, 0.5221967742477057, 0.3821173195168316, 0.2767702579332632, 0.2667323648786688, 0.6178822676013715, 0.31210082598277983, 0.1624945131428463, 0.3121008199898387, 0.3121011504215808, 5.829628803434873e-7, 1.4168864905345576e-8, 0.16248404351657297, 0.1624840414613908]
w_opt: [0.7232297081292274, 0.4111288724940208, 3.843293794771465e-9, 3.3452646828907893e-9, 0.34111197977569213, 0.3121008144418249, 3.808101749529396e-9, 0.03533053997012483, 5.780706970565762e-7, 8.847936264707471e-9, 2.6582100652144865e-9, 1.0276894482503507e-7, 2.1350263860864615e-8, 0.2767703525649857, 0.2767702555197806, 0.1624945061031227, 3.7681417708283004e-8, 0.276770374437966, 5.901441922412391e-7, 0.5607352140672226, 0.24542650115501935, 3.4399884928949662e-9, 0.3411120039211345, 0.3121011395401744, 1.2055179788986122e-8, 1.1914142089176458e-8, 0.1624840407104556, 1.1130906218880671e-8, 1.6624936369619027e-9, 1.338159012138038e-8, 5.926771823374421e-7, 5.943828691110428e-7, 5.69157413295124e-7, 2.5917064707912153e-9, 7.870731248980166e-8, 5.788683369419277e-7, 3.259238635991187e-9, 6.423833431221762e-9, 0.3821173170921995, 7.010572034005744e-9, 1.4759540571001136e-9, 4.015407208924135e-9, 3.872521480094907e-9, 5.631214759848336e-7, 3.013238604434967e-9, 0.16249623356087428, 0.16249622720418674, 5.704168246923508e-9, 0.16249623981096853, 0.16249448735265604, 5.946935431445188e-9, 0.16249624056956197, 3.309370091019433e-9, 8.518753397166075e-9, 0.1624840390925732, 7.023048905628832e-9, 0.6178822633453632, 0.14960650812617524, 6.698434452557836e-9, 7.888008976143281e-9, 2.172423879254822e-8, 0.3821173166379652, 3.4650783438125725e-9, 0.312100809829159, 5.772999198836669e-7, 0.16248404019743776, 3.1885712146680748e-9, 2.1968749638678025e-9, 6.259522382512619e-9, 0.31210082366443154, 6.700652307230751e-9, 2.5032660307045073e-9, 4.643471279593408e-9, 1.0899130270902093e-8, 1.0041409616593728e-8, 2.7948215439710657e-9, 0.27677025383499265, 4.563425186450463e-9, 0.16248401561602868, 0.26673236240988846, 4.528533245786611e-9, 3.6523193633527765e-9, 3.6496262734436125e-9, 4.370981121853796e-9, 2.559216540451517e-9, 0.3121008179140087, 0.3121007873733355, 0.16248403789680868, 5.63601319046712e-7, 5.583800139982162e-9, 0.31210081756961533, 5.633044624312267e-7, 4.291983118764942e-9, 0.1624840402432716, 0.16248403758165392, 2.5465876282773682e-9, 2.6920945348056895e-9, 5.523666235746044e-7, 1.1389612576998268e-8, 0.1624840298230551]
v_opt: [0.5221967718734464, 0.7232297213162884, 0.4732052718380803, 0.07660178150911369, 0.0711466886038549]
solution time: 0.014835834503173828
McCormick lower bound: -5.0635156978114715

