x_opt: [0.6976586140728226, 0.20931201698748006, 0.7906880364201672, 0.20931203823224567, 0.7906879567366376, 0.14574373063741725, 0.7906880058055005, 0.9593978639856982, 0.7906862333966637, 0.20931202044178188, 0.0405634455462079, 0.7906872103961297, 0.20931201481990305, 0.20931199187358904, 0.2093113252190929, 0.20931201984113235, 0.20931201232344507, 1.6257893689333433e-8, 0.04060189476894406, 0.04060187681142399]
w_opt: [0.6976586085776769, 0.48834657242519297, 5.014763184575483e-9, 3.3564360259659278e-9, 0.48834582721834296, 0.20931199399898706, 2.869189784912603e-9, 1.1210238535751187e-8, 0.20931200657148846, 1.0633775247496832e-8, 3.344253708748113e-9, 5.556911347602677e-8, 3.6661260358882225e-8, 0.20931199989468077, 0.20931201469819705, 0.20931198304672935, 1.7903524291820724e-8, 0.2093120132682169, 0.20931202841608237, 0.5813760438951753, 0.7500859027831505, 7.326732971160934e-8, 0.5813752664140981, 0.2093119999824897, 6.075968490674426e-8, 1.4366735527049606e-8, 0.040601893134378675, 8.197088128931278e-9, 3.8378258003577276e-9, 2.129857199719024e-8, 0.20931203587295014, 0.2093120334451511, 0.2093119902339334, 2.196110923191285e-9, 1.2610648685412343e-7, 0.20931201095551663, 2.225713194570301e-9, 5.286881006456593e-9, 0.7906862321585202, 3.0091467128106614e-8, 4.049932136175546e-9, 3.0230082604365363e-9, 7.25120896615615e-9, 0.20931191397027624, 1.751340417155173e-9, 0.14574371379838547, 0.1457437188367387, 5.8319047316013136e-9, 0.14574372583894094, 0.14574372033575234, 6.99387068223175e-9, 0.1457437281988766, 3.6785659757528448e-9, 1.0847381971649682e-8, 0.040601892712943836, 1.0327585116401268e-8, 0.7906872080047807, 4.3911542164381163e-7, 4.927912390429651e-9, 5.9641737479199365e-9, 1.29979500189542e-8, 0.7906862311324169, 3.060456180046308e-9, 0.2093113081552397, 0.2093120095964884, 0.04060189070707556, 4.103229545920343e-8, 3.919057610554284e-9, 0.5813734520935527, 0.2093120091231053, 2.9753562147138403e-9, 3.417447465530281e-9, 3.200205148333162e-9, 4.758825154250202e-9, 6.124634430182715e-9, 1.7284465446278175e-9, 0.20931200832007338, 1.1179291372193424e-8, 0.040601874953495085, 0.040563443624356134, 5.2472316177070434e-9, 1.5436861119467988e-9, 2.2769590300717323e-9, 1.24501520603846e-8, 3.0936328313746197e-9, 0.2093113216323229, 0.20931189488459456, 0.04060187252806451, 0.20931198067669593, 5.212795802872672e-9, 0.20931132108088854, 0.20931126931697244, 4.3497056153551106e-9, 0.040601887400841946, 0.04060187458077352, 2.492257890075652e-9, 3.2259021143923757e-9, 0.04060186338350216, 1.3700210510088036e-8, 0.04060186852723608]
v_opt: [0.9593978620486975, 0.7906880335641446, 0.6251875971906771, 0.043811574020439024, 0.0016453978194164724]
solution time: 0.01721501350402832
McCormick lower bound: -5.44970012000752

