x_opt: [0.2809941155475268, 0.09848839081267144, 0.9015137213316585, 0.10949317782752739, 0.8905068050065243, 0.09848656259467857, 0.7190092016546694, 0.9015136099093085, 0.8905060948811011, 5.996916090502218e-7, 0.0984863326209227, 0.7190058858536653, 0.09848656974454875, 0.0984883626381875, 0.0984863781521858, 0.2889789989711186, 0.09848637180023219, 2.0665508072925616e-8, 0.09848637510757068, 0.09848636351773239]
w_opt: [0.28099411183675793, 0.17150092235415956, 6.662242924991598e-9, 3.6373543343927076e-9, 6.469863399046417e-9, 0.09848653326444075, 1.0964765575562925e-8, 2.9171313946560047e-8, 0.09848636520594864, 1.3412294206251063e-8, 2.264477110030595e-9, 2.114811082766868e-6, 8.689878006722963e-8, 0.09848836924168441, 5.94786832466015e-7, 0.09848835604895317, 4.167156033513867e-8, 0.09848838738080516, 0.10949316308192952, 0.6205229259980022, 0.8030273749877676, 1.108020889276434e-8, 0.6205196301222706, 0.2889789773101279, 1.0930188504196616e-7, 1.1444446596637021e-8, 0.09848637011136968, 9.484795934226435e-8, 4.051378779426836e-9, 4.2505276851913436e-8, 0.10949317102212597, 0.10949317322342488, 5.675890390607221e-7, 3.940289949895606e-9, 1.098789945727978e-7, 0.09848636831812431, 3.530799476611747e-9, 6.7410818368382936e-9, 0.8905060926008985, 5.7279968995647456e-8, 3.202326609091224e-9, 3.6613603022929872e-9, 5.134334499241185e-9, 0.09848627628341085, 3.862570322875819e-9, 0.09848655498275034, 0.09848651513474455, 1.1043720996386951e-8, 0.09848655514935499, 0.09848654903631403, 5.155747419094014e-9, 0.09848655793016932, 5.627161437364592e-9, 1.3156530689940475e-8, 0.09848636821543683, 6.533849641916301e-9, 0.7190058820205922, 4.042188115132537e-7, 3.300402362416108e-9, 5.77961459088925e-9, 3.847874706508222e-8, 0.8905060873425475, 6.049073934426369e-9, 0.09848633351544564, 0.09848636712796152, 0.09848637143872123, 1.2173360981285494e-8, 3.067371913627054e-9, 0.6095119874478288, 0.09848656355631535, 5.624787392028415e-9, 3.36471741717218e-9, 5.26654965328125e-9, 1.1969812963448653e-8, 1.202350494298958e-8, 3.349309760250473e-9, 5.915924110942554e-7, 1.0313572168705119e-8, 4.717960404386609e-7, 0.09848627749100342, 5.20064773212611e-9, 3.2249253825576892e-9, 1.1026110418210061e-8, 6.617992853671473e-9, 2.7765143131635352e-9, 0.09848637417063211, 0.09848649687707359, 0.0984863595666937, 0.09848580057082207, 4.000078908131685e-9, 0.09848637127381622, 0.09848629689041943, 8.047319874483735e-9, 0.09848636067166269, 0.09848635805027622, 2.7273485986616983e-9, 3.7008804540062478e-9, 0.09848634919228971, 1.4594160527430928e-8, 0.09848635779506655]
v_opt: [0.9015136062588756, 0.901513718465113, 0.79300494564614, 3.734733365464224e-8, 0.009699575619915832]
solution time: 0.014036178588867188
McCormick lower bound: -2.660271239533385

