x_opt: [0.8183245367708559, 0.21413422708205646, 0.818324780648915, 0.18167538006084474, 0.8183245690216152, 0.1816752161105112, 0.8183246617660714, 0.8183279548895876, 0.615303269828053, 0.1816753104043463, 0.12645876982637771, 0.7998458996785598, 0.18167531266211284, 0.18167531542531162, 0.18167198431544676, 0.21413436164939365, 0.18167522242568948, 3.8505209563150997e-8, 0.1816718953368388, 0.18167174578961157]
w_opt: [0.8183245279101362, 0.6366491115638494, 1.2200260703010619e-8, 8.849544714640497e-9, 0.6181704444371017, 0.18167526632327724, 9.629502119881163e-9, 2.5536745174791602e-8, 0.1816752057530733, 2.242425786105155e-8, 7.507012434877256e-9, 0.03245901476746664, 0.03245884261682302, 0.2141341857991833, 0.18167530010479607, 0.18167529929487267, 3.1748112208920766e-8, 0.21413422031045962, 0.1816753540702558, 0.6366494480609138, 0.6366527448351273, 1.174451218000544e-7, 0.6181707175420899, 0.21413431689582962, 6.005728239165905e-8, 3.113975799319665e-8, 0.1816718886133507, 1.6637383663817132e-8, 8.3721666396844e-9, 3.732346448575776e-8, 0.1816753705540016, 0.18167536699778286, 0.18167523747306202, 6.395667463362395e-9, 1.684124584333836e-7, 0.18167521644789456, 7.049322431773274e-9, 1.2634215139455205e-8, 0.6153032650216875, 4.8121943530170724e-8, 1.1012194730398901e-8, 8.297310710934364e-9, 1.4393567396452481e-8, 0.1816750920149962, 5.5708468104594555e-9, 0.18167519124320614, 0.18167518404929536, 1.6570845077446754e-8, 0.18167519982634334, 0.18167518838521018, 1.2097194910965983e-8, 0.18167520773335538, 9.4916008518695e-9, 2.26909945008391e-8, 0.181671887912471, 1.860943816269137e-8, 0.7998458920534056, 1.024750139450511e-6, 1.0311062328955547e-8, 1.3516455774182009e-8, 3.01581801820698e-8, 0.6153032607535579, 8.821751056609695e-9, 0.18167195230112554, 0.1816752127456969, 0.1816718850991858, 4.518823159667816e-8, 7.607744623759584e-9, 0.4151491956758989, 0.1816753017791024, 8.77838650971613e-9, 8.520938254242009e-9, 9.046484887435674e-9, 1.2470434796083377e-8, 1.301970185669359e-8, 5.5570672499588995e-9, 0.18167529250033335, 2.3865972414755097e-8, 0.18167183188389469, 0.1264587611084068, 1.0955536282881416e-8, 5.682270288052993e-9, 7.550964198047461e-9, 1.9255861613400133e-8, 7.613854550438753e-9, 0.18167197468179264, 0.18167519519441994, 0.18167173300498582, 0.1816751651330417, 1.1772042272715758e-8, 0.18167197153255732, 0.18167194306702106, 1.2206005323083713e-8, 0.18167187487961062, 0.18167173822570049, 7.100733868963229e-9, 7.884338879608989e-9, 0.1816717185182151, 2.856065949038056e-8, 0.18167173693577837]
v_opt: [0.8183279475359766, 0.818324771527453, 0.6696557557501034, 0.03300593203278623, 0.015991827501850752]
solution time: 0.013561010360717773
McCormick lower bound: -4.500592484992473

