x_opt: [0.7561031791366811, 0.324239865721217, 0.7561031797531856, 0.18274737952706016, 0.7561031794683435, 0.18274754329679416, 0.8172524887141651, 0.43182354386504784, 0.2599384009102, 0.2438968198674899, 0.23878479769360583, 0.7400615939357236, 0.24389682098673734, 0.1827475124017333, 0.24389679547344606, 0.32423988949308324, 0.18274727272104757, 1.1226527207366467e-8, 0.18274741648352408, 0.18274729055010708]
w_opt: [0.7561031735903803, 0.512206360376992, 3.997789378310799e-9, 2.0999371075927194e-9, 0.4961647750633359, 0.24389681145663164, 2.200670472282474e-9, 1.0998914819035958e-8, 0.18274726792566112, 6.8915169193003865e-9, 2.078715738556227e-9, 0.08034304723045779, 0.08034305744281528, 0.3242398500093096, 0.24389681800607096, 0.1827475078577279, 9.3919224072345e-9, 0.32423986369119273, 0.18274737272741917, 0.5733556699806672, 0.18792672536623506, 8.954480211147684e-9, 0.49616478262146035, 0.3242398760242486, 8.364058340601993e-9, 9.669066295407081e-9, 0.1827474148141138, 6.531716476116142e-9, 1.8234557410369568e-9, 1.30013652639272e-8, 0.18274737671673752, 0.1827473765477965, 0.1827473667076119, 1.439616213526777e-9, 6.329514107308088e-8, 0.1827472711332538, 1.990547572921857e-9, 3.454776459242548e-9, 0.2599383994585543, 2.738823318760891e-8, 9.304980636134558e-9, 1.9349776997588197e-9, 9.816051855980321e-9, 0.18274724038055093, 1.5136825517651324e-9, 0.18274753721330692, 0.18274753472945074, 4.837705705018515e-9, 0.18274754022516382, 0.18274749203975998, 3.4440215118932884e-9, 0.18274754169297042, 2.166837404059775e-9, 6.987357484074462e-9, 0.18274741439943362, 6.8611518229740115e-9, 0.7400615920807225, 0.0611494593572829, 7.608493095774203e-9, 7.243673398255483e-9, 1.3975126790911858e-8, 0.2599383989136335, 2.4416904144463225e-9, 0.2438967893822426, 0.18274726955835874, 0.18274741328326283, 4.0476472837841375e-9, 1.498810630493157e-9, 4.135546637797824e-9, 0.24389681918880718, 2.8665241435229986e-9, 2.1917542402165438e-9, 2.5780009319469265e-9, 3.1257753386322087e-9, 3.5766181660857506e-9, 1.337508611675444e-9, 0.24389681646958153, 5.702279469076622e-9, 0.18274740416381524, 0.23878479614879244, 3.314754796552829e-9, 1.6371240850037133e-9, 1.5306356302478752e-9, 4.830061240872642e-9, 2.1179133028208794e-9, 0.2438967936680133, 0.24389679102057826, 0.18274728716912148, 0.18274723551733932, 4.067868029684357e-9, 0.24389679259774472, 0.18274726122328538, 3.4206987536948326e-9, 0.18274741321240107, 0.18274728861607614, 2.0672106769848473e-9, 1.8186846872127481e-9, 0.18274724576663126, 9.005549877847685e-9, 0.18274726435897282]
v_opt: [0.43182354178193594, 0.7561031771061968, 0.5716931934813477, 0.0594856839758139, 0.05701874045786956]
solution time: 0.014925003051757812
McCormick lower bound: -6.103140928497582

