x_opt: [0.7728796884584777, 0.2271210239464832, 0.7728803687800376, 4.7776344496716985e-5, 0.7728796505463676, 0.22712032989858308, 0.7728797805072746, 0.626912303996201, 0.4195414918346537, 0.22711963273789806, 0.22712030215305512, 0.5804584949739291, 0.22712034026290875, 0.22712021629050666, 0.22711968270795332, 0.2952008524339282, 4.7763441040322464e-5, 1.4055586828284757e-8, 0.22711965839708786, 0.22711964434507106]
w_opt: [0.772879685597321, 0.5457593408358109, 3.7893766915710306e-9, 2.548136303145569e-9, 0.35333818589457194, 0.22712032648227656, 1.0174119374623142e-8, 1.3218546987547324e-8, 4.775720596896394e-5, 8.23269703894245e-9, 2.1377706641839997e-9, 1.3954655554954771e-6, 7.53652970297879e-7, 0.2271210058601462, 0.22711962951477893, 0.2271202109034742, 1.3132117557079662e-8, 0.2271210205204656, 4.776654415100754e-5, 0.5457601514798233, 0.3997926769017654, 2.0605090717637548e-8, 0.35333887522837454, 0.2952008355951971, 1.1426670009769871e-8, 1.0581921237389361e-8, 0.22711965505763404, 2.351358856351749e-8, 3.0200762492013226e-9, 1.7018977466391717e-8, 4.777088564844774e-5, 4.777255986785321e-5, 4.7748319182708276e-5, 2.382466521326436e-9, 4.583335650657137e-8, 4.7759608872485065e-5, 3.0639129262262185e-9, 4.687542665016315e-9, 0.4195414896473227, 2.701699727967593e-8, 3.5591156166271536e-9, 2.7936427969647934e-9, 4.701933705712124e-9, 4.7725131819793994e-5, 2.5562689281549926e-9, 0.22712032377432148, 0.22712031393779258, 7.953868187395151e-9, 0.22712032561194737, 0.22712020783873568, 3.727241776707605e-9, 0.2271203272909213, 3.2576076413210357e-9, 8.439779985257482e-9, 0.2271196552087428, 6.355311296713679e-9, 0.5804584922155647, 4.1232237948544753e-7, 4.781569628697706e-9, 6.4174650073892936e-9, 1.8908631570584275e-8, 0.41954148756969045, 3.48841554109646e-9, 0.22711967219893095, 4.775871084852865e-5, 0.22711965451457736, 5.3637976752478354e-9, 1.953865784021669e-9, 5.584573929457346e-9, 0.22712033749262497, 4.7569074664754446e-9, 2.87264320079422e-9, 3.81760901512949e-9, 5.139098942385685e-9, 5.620381570788635e-9, 2.3009857472165602e-9, 0.22711962948182557, 7.199546392950819e-9, 0.22711953783199235, 0.2271202982332826, 3.9203510442590604e-9, 2.734671525609754e-9, 3.1765812793383814e-9, 5.687659673397041e-9, 2.485537850434712e-9, 0.22711968022802684, 0.22712026770019275, 0.2271196402120647, 4.7747273744387295e-5, 4.207855470377841e-9, 0.2271196777071761, 4.7743977173859455e-5, 5.4544293005498004e-9, 0.22711965375478113, 0.2271196418381189, 2.590462954651402e-9, 2.5032916105619976e-9, 4.775448417816946e-5, 1.018500334245229e-8, 0.22711964027178905]
v_opt: [0.6269123004308347, 0.7728803655844234, 0.5973443427783239, 0.051583387012808075, 0.05158378760317321]
solution time: 0.012984991073608398
McCormick lower bound: -3.868707715608923

