x_opt: [0.6447073975063791, 0.35529276629538686, 0.6447073982199852, 3.4571816943313694e-8, 0.6447073978619169, 0.15113062266849556, 0.877931258902756, 0.3776780123433149, 0.35529260378797956, 0.35529260091986203, 0.25206310347823035, 0.6447073941736433, 0.3552926015721115, 0.1220687414555146, 0.35529260038851007, 0.35529277210691457, 3.404578492684756e-8, 2.0204668924999856e-9, 0.12206873925837293, 0.12206860369262686]
w_opt: [0.6447073970271268, 0.2894147957652667, 6.169457453246791e-10, 5.133713908525714e-10, 0.28941479206817494, 0.3552926001111629, 4.557772617555362e-10, 2.0395284997755667e-9, 3.3117288997292705e-8, 1.1735324481772134e-9, 3.9800601199468955e-10, 1.6487827467351832e-7, 1.6643364964534656e-7, 0.3552927634470593, 0.35529260053129647, 0.12206874055535867, 1.6323623879101836e-9, 0.35529276581560637, 3.339408613509869e-8, 0.5226386574300705, 0.022385410902726274, 1.015809040433251e-9, 0.289414793857501, 0.3552927699380263, 1.578134738121043e-9, 1.7093376450917666e-9, 0.12206873888008425, 1.1997320106313469e-9, 3.667095599098563e-10, 1.8525371008421127e-9, 3.391876139208629e-8, 3.397438696071388e-8, 3.224762924791952e-8, 2.985220872812624e-10, 6.53813752781116e-9, 3.359059334782281e-8, 4.5197822141315604e-10, 6.543253831358651e-10, 0.3552926034193545, 3.404241502031408e-9, 7.227101656373204e-10, 4.0328914005465767e-10, 9.862335693597905e-10, 2.991055956329205e-8, 3.111112356957933e-10, 0.15113062156834556, 0.15113062108252873, 8.946861046246228e-10, 0.1511306220376751, 0.12206874013642424, 6.117880871329155e-10, 0.1511306223437853, 4.0519813677123344e-10, 1.2035005856665565e-9, 0.12206873887312114, 1.1747861242754368e-9, 0.6447073937517317, 0.23322388830949298, 1.0388216360447803e-9, 1.590727308628928e-9, 1.7281966989504952e-9, 0.3552926033604685, 5.090548852492719e-10, 0.355292599317209, 3.326891412561293e-8, 0.12206873859796598, 7.24766109331052e-10, 2.745149769589536e-10, 4.96615994883128e-10, 0.35529260119913636, 6.627071578647497e-10, 4.1666752293728536e-10, 5.384708105536996e-10, 6.229290146540907e-10, 6.923311904061924e-10, 3.28626800900641e-10, 0.3552926004316832, 8.546232887168535e-10, 0.12206873660812022, 0.2520631031580739, 6.037934889130107e-10, 3.892083802196065e-10, 3.572763464072526e-10, 1.1129202079290613e-9, 4.109278986545962e-10, 0.35529259999157164, 0.3552925926683257, 0.12206860297320331, 3.285757522612427e-8, 8.258216407683704e-10, 0.355292599778538, 3.191666021401218e-8, 6.691792233452687e-10, 0.12206873868927884, 0.12206860333894241, 4.141048632627128e-10, 3.5324306200409267e-10, 3.2943205709321545e-8, 1.5722515588011048e-9, 0.12206860318707498]
v_opt: [0.3776780118766273, 0.6447073976080058, 0.41564763223041806, 0.12623284092482953, 0.06353582883942106]
solution time: 0.01421499252319336
McCormick lower bound: -6.911878474871755

