x_opt: [0.6541873091753899, 0.3458126914730835, 0.6541873091990639, 0.07353745003436314, 0.6541873091924678, 0.15764743150192698, 0.8423525686892678, 0.4246000129873357, 0.34581269102370826, 0.3458126907978631, 0.21880563036105358, 0.6541873089868855, 0.3458126908089049, 0.15764743132145387, 0.34581269070475207, 0.345812691832433, 0.07353745000312795, 8.379473396799445e-11, 0.0735374547959364, 0.07353744966953725]
w_opt: [0.6541873091526413, 0.30837461835743396, 3.0992687747777757e-11, 2.2294939250889744e-11, 0.30837461817954237, 0.34581269074173143, 1.655799479359316e-11, 7.257208942813105e-11, 0.07353744996551231, 4.878292637218429e-11, 2.0144192477940548e-11, 6.861288165714237e-10, 7.216303975494074e-10, 0.34581269137142756, 0.3458126907641675, 0.15764743127801314, 6.587526825409553e-11, 0.3458126914579268, 0.07353744998512494, 0.4965398779012601, 0.07878732219989279, 5.490831953868606e-11, 0.3083746182512885, 0.34581269175010637, 6.070411629899392e-11, 7.200621336080455e-11, 0.07353745478234631, 4.501914609640405e-11, 1.3922541596830847e-11, 6.80848468666956e-11, 0.0735374500124612, 0.07353745000555598, 0.07353744994451587, 1.277178473649659e-11, 3.3376393973673164e-10, 0.07353744998721883, 1.70571175764631e-11, 2.849009885000554e-11, 0.345812691010614, 1.0864922132805488e-10, 2.8844825818648413e-11, 1.810023294299267e-11, 3.826953748050746e-11, 0.07353744979679819, 1.1860256702302025e-11, 0.1576474314412464, 0.1576474314443081, 3.1932754501210175e-11, 0.15764743147239102, 0.15764743125266223, 2.9026170668314942e-11, 0.15764743148700538, 1.7797949288811563e-11, 4.914268343921148e-11, 0.0735374547803039, 4.718594981356597e-11, 0.654187308968261, 0.18816526048199014, 3.6746650832318096e-11, 3.8078419092719073e-11, 5.4029410798724076e-11, 0.3458126910079554, 2.0270225808902343e-11, 0.3458126906579898, 0.07353744997618987, 0.07353745477026667, 2.7287713782722946e-11, 1.403518279815113e-11, 4.658956687695632e-11, 0.3458126907918858, 2.2181379673882767e-11, 1.8105145604315342e-11, 2.078506867016432e-11, 2.569399144074321e-11, 2.7471745446411724e-11, 1.2881689835997011e-11, 0.34581269076047666, 3.6628187533725134e-11, 0.07353745468963226, 0.21880563034349387, 2.5210441610513058e-11, 1.3994545099397178e-11, 1.4411927784343655e-11, 4.699637561318819e-11, 1.7871625672309822e-11, 0.3458126906870587, 0.34581269048602037, 0.07353744963809333, 0.07353744995579439, 3.4076974316003956e-11, 0.34581269068123655, 0.07353744991737128, 2.412754479743538e-11, 0.0735374547669354, 0.07353744965326407, 1.7160816499235787e-11, 1.5979252803760377e-11, 0.07353744961115363, 6.552106056894037e-11, 0.07353744964992999]
v_opt: [0.4246000129713769, 0.6541873091739696, 0.42796103602257923, 0.11958641726665362, 0.04787590670186446]
solution time: 0.01932978630065918
McCormick lower bound: -7.347612157571855

