x_opt: [0.28266025517861404, 0.09574434884453226, 0.9042612669677808, 0.11201762488347247, 0.887982345675274, 0.0957436218806371, 0.7173398438576599, 0.9042564238892572, 0.8879823307845558, 2.1163966286140898e-7, 0.09574347292784481, 0.7173397525000454, 0.09574362898552152, 0.09574430999422005, 0.09574354123376118, 0.28909839583917674, 0.11200051392109259, 4.052922577270697e-8, 0.09574355419672759, 0.09574354215342296]
w_opt: [0.2826602471372881, 0.1706426039240128, 1.195465340225837e-8, 6.3984753128631645e-9, 2.131126458177177e-8, 0.09574352347617135, 2.379714892287238e-8, 4.975059563087942e-8, 0.11200050199797322, 2.616393991936052e-8, 3.968860268545227e-9, 5.620943863917597e-6, 2.5094116208248537e-7, 0.09574431332644162, 2.0152441036427068e-7, 0.09574429761263858, 7.495464727282808e-8, 0.09574434187457773, 0.1120175943063711, 0.6216011162251631, 0.9042512659027893, 2.7759341262077788e-8, 0.6216010674245844, 0.289098350253892, 0.01626180408466773, 1.7658565092706482e-8, 0.09574354491254293, 4.8273394542185045e-6, 1.5523317132983204e-8, 6.887408489435064e-8, 0.11201761294937908, 0.11201761513938018, 1.7553884510098543e-7, 7.797049865101092e-9, 1.8904531834579493e-7, 0.11200050742758888, 6.117224443710685e-9, 1.2766915149328501e-8, 0.887982325724439, 5.8820816783003916e-8, 6.476918212308139e-9, 7.0469151153678656e-9, 1.0207375951059357e-8, 0.11200032452295172, 7.597279335256228e-9, 0.09574360813655264, 0.09574353125522121, 2.2204696666459355e-8, 0.09574360565585267, 0.09574359369250542, 9.717440127338951e-9, 0.09574361179330601, 1.2354821343600232e-8, 2.523032328832115e-8, 0.09574353811725018, 1.2447056047312028e-8, 0.7173397431315324, 5.695543533166678e-7, 6.478479348271219e-9, 1.0796628449826152e-8, 7.050297449752936e-8, 0.8879823094931125, 1.2112196459004103e-8, 0.09574341587442979, 0.11200050641006257, 0.09574354770954517, 1.964813291819128e-8, 6.8739747000889015e-9, 0.6053220954361409, 0.0957436130238835, 9.595813540911705e-9, 6.471884312290694e-9, 9.409215753078532e-9, 2.488372770755877e-8, 1.860196760883337e-8, 5.963906320214985e-9, 1.898872156683941e-7, 2.0437203429110446e-8, 1.3393404494624458e-7, 1.8997697007162593e-7, 1.0187283986888547e-8, 5.549491554146755e-9, 2.9651704765989303e-8, 1.2803345172331731e-8, 5.203821848653411e-9, 0.0957435316685688, 0.09574352762682754, 0.09574353457309664, 2.6549041529151306e-7, 6.748026855199844e-9, 0.09574352703388575, 0.09574349490653922, 1.6088379053951846e-8, 0.0957435130187937, 0.09574352641521398, 5.030842168907141e-9, 7.675419213544383e-9, 0.0957435189018117, 2.7523026832778166e-8, 0.09574352613597224]
v_opt: [0.9042564175118114, 0.9042612620493914, 0.7885129091031143, 2.9180855074414788e-8, 0.009167057192868498]
solution time: 0.01481008529663086
McCormick lower bound: -2.5299550075617265

