x_opt: [0.6424919552642798, 0.35750811456167964, 0.642491961775389, 0.0659649795127283, 0.6424919797717106, 0.15614727846219717, 0.8438528871880172, 0.41005596281545104, 0.35750814596311026, 0.3575080147184517, 0.1944175217506255, 0.6424918560522586, 0.35750801744623345, 0.15614711667619258, 0.35750800245749076, 0.35750818894634173, 0.0659649736011248, 2.226082516868573e-8, 0.06595925743486186, 0.0659589200716815]
w_opt: [0.6424919474936412, 0.2849839388960052, 7.255482470416201e-9, 5.602006487120768e-9, 0.2849838155243986, 0.3575080010646668, 3.966202058107994e-9, 1.7411458263445527e-8, 0.06596496460940486, 1.3254637859072305e-8, 5.195966376168733e-9, 7.956560249292479e-8, 1.228496434706027e-7, 0.35750808756838554, 0.35750801032582225, 0.15614710563847112, 1.779618275066533e-8, 0.357508110831143, 0.06596496682170006, 0.486344852133285, 0.05254792769175853, 1.4539416599653741e-8, 0.28498383473215855, 0.357508170363875, 1.5865753343371085e-8, 1.9444370966141626e-8, 0.06595925419094986, 1.1243749012926564e-8, 3.1436264191508143e-9, 1.8392940639884494e-8, 0.06596497412264608, 0.065964972371079, 0.06596495326830758, 3.2107154246975055e-9, 3.0876969243901344e-7, 0.06596496919591478, 4.354715393400078e-9, 7.528524914439725e-9, 0.3575081428258955, 2.4578795499664572e-8, 6.330769761817808e-9, 4.628977479794498e-9, 1.1368707091164088e-8, 0.06596490343715289, 2.9248126545014263e-9, 0.1561472611714187, 0.1561472647553888, 7.253565826481232e-9, 0.15614727158088249, 0.15614709768045743, 7.645582252355858e-9, 0.15614727480659588, 4.436599318586763e-9, 1.3282535288923714e-8, 0.06595925350640197, 1.2756184771105725e-8, 0.6424918513846158, 0.20136117302714635, 9.427419503642687e-9, 9.548447763934258e-9, 1.2740970395955906e-8, 0.3575081423166391, 4.943297987587879e-9, 0.3575079916902514, 0.06596496696155563, 0.06595925140018223, 6.212095540725343e-9, 3.5636095273767047e-9, 1.2583326289600054e-8, 0.3575080133561685, 5.504659328348559e-9, 4.375171876476834e-9, 5.422062242153035e-9, 6.960890949644593e-9, 7.1369673084340435e-9, 3.217528447131277e-9, 0.35750800977528013, 8.386948381820884e-9, 0.06595922812417765, 0.19441751876302438, 6.777427959723702e-9, 3.482174739224407e-9, 3.6374916760959437e-9, 1.1473634546938938e-8, 4.500549684644913e-9, 0.35750799730540656, 0.35750787195252, 0.06595891267075138, 0.06596496005918195, 9.033767588963358e-9, 0.3575079968803447, 0.06596494868603246, 5.935744486369732e-9, 0.06595925045699595, 0.0659589156079014, 4.187941247971339e-9, 4.049928347246977e-9, 0.0659588949476143, 1.802754381681038e-8, 0.06595891489094766]
v_opt: [0.4100559591694259, 0.6424919557774816, 0.41279658015670195, 0.12781300249893976, 0.03779822103204147]
solution time: 0.015291213989257812
McCormick lower bound: -7.503483230143028

