x_opt: [0.6302532487490243, 0.3697467560758835, 0.6302532687425944, 0.0003436505790665853, 0.630253233678375, 0.14013919383987042, 0.8619122516627643, 0.3697469438691073, 0.3697468606637927, 0.36974673741683134, 0.21331089897836236, 0.6302531159885892, 0.3697467653501536, 0.13808777872270978, 0.36974673990007867, 0.3697467729756327, 0.0003436463177234144, 3.048490067784683e-8, 0.10367274334819084, 0.10367271065577156]
w_opt: [0.6302532416870962, 0.26050648840817076, 1.09058733251567e-8, 8.88158042786913e-9, 0.26050637104534136, 0.3697467422340571, 6.578723384742381e-9, 4.105350976870152e-8, 0.0003436318052331095, 1.7855936826750185e-8, 7.516693887028541e-9, 3.0674306852341196e-8, 5.571044869924277e-8, 0.3697467123441087, 0.36974672901607986, 0.13808776204000825, 2.7380291722920083e-8, 0.3697467476386875, 0.00034363184476817886, 0.4921655253976583, 2.1756682727646106e-7, 2.5812095311022518e-8, 0.2605064081828014, 0.3697467427377613, 2.6833741299978837e-8, 2.6151278212640597e-8, 0.10367273794931113, 2.0134183855943518e-8, 5.112527494659845e-9, 2.8107487830539582e-8, 0.00034364111443392316, 0.0003436402192736745, 0.0003436085325101149, 4.854233926294366e-9, 1.778635005443421e-7, 0.0003436385428095004, 6.939474912097981e-9, 1.1267010481762768e-8, 0.3697468550560424, 4.0560600167042434e-8, 1.3902715362131083e-8, 7.0656084520524405e-9, 1.645469388064988e-8, 0.0003435689136046531, 4.791347752542309e-9, 0.1401391724238756, 0.14013917107890025, 1.240287687220916e-8, 0.1401391835820837, 0.13808775414761718, 1.116711528171623e-8, 0.14013918858198862, 6.582314841998033e-9, 1.7899033269719333e-8, 0.10367273713354228, 1.9065082318013575e-8, 0.6302531086621189, 0.2316594064778839, 3.755816115713406e-8, 1.591108124867894e-8, 1.937624098496011e-8, 0.36974685349952113, 7.990472002516253e-9, 0.36974672122136987, 0.0003436341316586536, 0.10367273328914552, 1.0105050723059193e-8, 4.812931933829566e-9, 9.072135769007462e-9, 0.3697467597161778, 9.978164654490666e-9, 6.722563302421626e-9, 8.30981591286998e-9, 1.0497437250857422e-8, 1.1285676567034509e-8, 5.174332555797558e-9, 0.36974673055823887, 1.2509186793232835e-8, 0.103672703032325, 0.21331089436130188, 9.629374741825238e-9, 6.011140817577236e-9, 5.632068769347692e-9, 1.7355986079429577e-8, 6.6510550252714816e-9, 0.3697467336532875, 0.36974654539979684, 0.10367269905921492, 0.00034362851326721607, 1.4326231013359182e-8, 0.36974672911956225, 0.0003436096398850443, 9.188704865795153e-9, 0.10367273386784594, 0.10367270412207191, 6.741838538622656e-9, 5.7533254292153275e-9, 0.00034362773409262306, 2.400134187318794e-8, 0.10367270113963359]
v_opt: [0.3697469375459081, 0.6302532588883536, 0.39721915551814085, 0.13671283392734745, 0.045502785698320065]
solution time: 0.02090907096862793
McCormick lower bound: -8.097243825026643

