x_opt: [0.7370403292391131, 0.262959512444889, 0.7370405603541602, 0.07658134912450798, 0.7370396094261723, 0.26296008707145, 0.7370404441917101, 0.7015805603156652, 0.45286564874085955, 0.26295942624361535, 0.17569639337344412, 0.547134362649124, 0.26296038419377166, 0.2629595556224892, 0.2629603034943372, 0.26296043979511285, 0.07658134020832892, 1.6234638543705072e-8, 0.07658131760925861, 0.07658132518382751]
w_opt: [0.7370403254858962, 0.47407994027764816, 5.466639990042277e-9, 5.6273834708289425e-9, 0.28417469399954015, 0.2629603663759491, 5.25471807981868e-9, 6.596012815200387e-7, 0.07658133551455257, 1.0943272891417502e-8, 3.6729363375784848e-9, 7.422737524063481e-8, 2.7995727811006357e-8, 0.2629594885809419, 0.2629594240831885, 0.26295951067685996, 4.723191407490936e-8, 0.2629595104425587, 0.07658134006186003, 0.47408100679570764, 0.43862112305055334, 9.51643492753557e-9, 0.2841749396194277, 0.2629604277454287, 1.656287097488735e-8, 1.466254639084919e-8, 0.07658131578250676, 1.2771114842657909e-8, 1.5608958888797625e-9, 2.081965393246777e-8, 0.07658134562585987, 0.07658134287272607, 0.07658130663590756, 2.790212179797912e-9, 1.196369606816861e-7, 0.07658133657815332, 3.0613959093084443e-9, 7.73583449065481e-9, 0.45286564759002373, 1.7435250139967857e-8, 2.7915376181291265e-9, 5.328030594287166e-9, 5.744597798706088e-9, 0.07658128821914215, 2.6884163817129005e-9, 0.2629600718952713, 0.2629600617675246, 5.892029406914744e-9, 0.26296008353995226, 0.26295955035804475, 8.341382413576771e-9, 0.2629600844241723, 4.619223439094136e-9, 1.0495049020353019e-8, 0.0765813140591313, 9.544660545378026e-9, 0.5471343589000938, 1.0846282727141663e-6, 4.8175604238235786e-9, 9.756729753084072e-9, 1.3765689648166157e-8, 0.4528656463744936, 3.4138021320753094e-9, 0.2629602917038938, 0.0765813360502354, 0.07658131469062382, 3.016958038983725e-9, 3.60098416757344e-9, 1.3673489894698968e-7, 0.2629603804796187, 4.468712325476062e-9, 2.6993170011202557e-9, 4.3760417744201764e-9, 1.1608691455409804e-8, 1.0627140437084073e-8, 2.3330264234897393e-9, 0.26295942300301234, 6.334956497283285e-9, 0.07658129842603024, 0.17569639119990646, 5.9267527348873975e-9, 2.6915495382814313e-9, 3.7199957246441157e-9, 6.0275248529488635e-9, 3.0377712321911004e-9, 0.2629603018326751, 0.2629602245982955, 0.0765813214257384, 0.07658132629651196, 6.152606869922837e-9, 0.26296030027806555, 0.07658132093311565, 4.159609918784966e-9, 0.07658131276472531, 0.07658132211028362, 2.755593469566645e-9, 3.2505407272360645e-9, 0.07658128968505583, 1.4209989943445817e-8, 0.07658130722396242]
v_opt: [0.7015805589063505, 0.7370405577708796, 0.5432274439093773, 0.06914766172897373, 0.030869256254251295]
solution time: 0.013042926788330078
McCormick lower bound: -5.342027363024921

