x_opt: [0.8021517958572786, 0.19784821135773725, 0.8021518277185335, 0.1978481700976373, 0.8021518182613698, 0.19784417476048688, 0.8021522230079161, 0.8911704506983845, 0.6542126814755184, 0.19784818458667952, 0.10189120615228174, 0.7699817603374319, 0.19784817847880745, 0.1978477766218437, 0.19784814917690235, 0.19784821808611444, 0.19784811809014455, 6.575682337140451e-9, 0.10882898138254231, 0.10882895846949617]
w_opt: [0.8021517941877468, 0.604303615004636, 2.0247593062801448e-9, 1.6381314507630915e-9, 0.5721335574938815, 0.1978481713740452, 1.2023063527100098e-9, 1.1571856079064384e-8, 0.19784811559597315, 4.084751150100746e-9, 1.422061495680141e-9, 3.9996947092890375e-8, 5.0591258840129036e-8, 0.19784820320981905, 0.19784818276958044, 0.19784777340696966, 7.826224445405498e-9, 0.1978482100140978, 0.19784816625044055, 0.6043040516720909, 0.6933222795359544, 2.1981059165209507e-8, 0.5721335950369838, 0.19784821173741496, 4.716413412168631e-9, 5.659847757446759e-9, 0.10882898044077191, 2.841979793493341e-9, 1.0673947396673046e-9, 6.84218986222758e-9, 0.1978481686897104, 0.19784816808650071, 0.19784814499359213, 1.0388142332997145e-9, 3.216451051530996e-8, 0.19784811734686558, 1.140197655837966e-9, 2.364134997868806e-9, 0.6542126807201036, 2.2596380611226176e-8, 2.217803022615886e-9, 1.277165315483994e-9, 4.218709868660765e-9, 0.197848091906034, 8.753372289478088e-10, 0.1978441683256351, 0.19784416951824207, 1.886032097168157e-9, 0.19784417306933677, 0.19784417033801965, 2.789263626465264e-9, 0.19784417358274833, 1.544591041611053e-9, 4.03163987920885e-9, 0.10882898014859323, 3.4562966141292903e-9, 0.7699817591177354, 5.386108350128476e-7, 1.9862780209834195e-9, 2.501099566241041e-9, 4.232562506342275e-9, 0.6542126803176526, 1.2787949988921258e-9, 0.19784814422346977, 0.19784811647065725, 0.10882897980062864, 6.657017706657896e-9, 1.3686021242194755e-9, 0.424194449192975, 0.19784817677337188, 1.4609620661930144e-9, 1.295757578607312e-9, 1.5457684887048819e-9, 2.4419349208489455e-9, 2.5753739757191272e-9, 8.18187725524024e-10, 0.1978481723392585, 3.0977641251754387e-9, 0.10882897329802285, 0.10189120510262249, 2.041435262033508e-9, 9.236319655625031e-10, 1.0804068877361336e-9, 2.5109815673615136e-9, 1.2765823783411472e-9, 0.19784814758497726, 0.19784813282972405, 0.1088289565904405, 0.19784774345110193, 2.220494601989831e-9, 0.1978481473007973, 0.19784808238538348, 1.7174117271117399e-9, 0.10882897882365242, 0.10882895707498752, 1.1527603178337213e-9, 1.341704671991628e-9, 0.10882895408413995, 5.256794447827536e-9, 0.10882895467414157]
v_opt: [0.8911704497395487, 0.8021518262966997, 0.6434475898437708, 0.03914402351082845, 0.010381826628851997]
solution time: 0.014277935028076172
McCormick lower bound: -5.528322968470075

