x_opt: [0.7908445865388785, 0.3148154268826611, 0.7908447106792248, 0.209152595851316, 0.7908446387241296, 0.2091528595904692, 0.7908471538188767, 0.47072685507292755, 0.26667507922250366, 0.20915530334156265, 0.2091553546593559, 0.7333248120087454, 0.20915530093177107, 0.20915283001786059, 0.2091551907915038, 0.31481621979979646, 0.20915251024572662, 4.5179761616682514e-8, 0.20915258106476486, 0.20915254530964256]
w_opt: [0.7908445707575049, 0.5816892318184682, 1.2545692369557887e-8, 1.5276780372189382e-8, 0.5241694075212847, 0.20915525634019927, 1.092593398169178e-8, 4.612132652770241e-8, 0.20915248991499585, 2.6984212401451345e-8, 8.744188481962285e-9, 0.10566014531801442, 0.10566017929963553, 0.31481536160949297, 0.2091552943480439, 0.2091528100718258, 4.529315334725625e-8, 0.31481541743483876, 0.20915256658938888, 0.5816918709710236, 0.26157157423919936, 6.012057979457246e-8, 0.5241695635165824, 0.3148161641126393, 3.8821953530222895e-8, 3.7947437890355095e-8, 0.20915257320218122, 3.115297138556658e-8, 7.857241564043504e-9, 5.379544038588385e-8, 0.20915258289843652, 0.20915258252807467, 0.20915253476532278, 6.867295679390651e-9, 2.245307875581639e-7, 0.20915250341100816, 9.14614544498912e-9, 1.559695740472876e-8, 0.2666750730128183, 1.3564247418088276e-7, 2.381056116707346e-8, 8.937870789385065e-9, 2.0627748008033926e-8, 0.20915238342125397, 6.919177580653782e-9, 0.20915283371075943, 0.20915281742140576, 2.1198569920632912e-8, 0.20915284628678238, 0.20915271689465736, 1.4842743883679421e-8, 0.20915285206131456, 1.0407814191130427e-8, 2.740461555601922e-8, 0.20915257166825374, 2.800984322989788e-8, 0.7333248032802323, 3.1181321666449985e-6, 1.4469483687340317e-8, 3.1019058893812135e-8, 9.371082922990428e-8, 0.26667506927416484, 1.1047812782794141e-8, 0.2091551609924648, 0.20915249609038755, 0.20915256818806705, 1.7191914715499707e-8, 7.332885303704785e-9, 1.7403308615399896e-8, 0.20915529311955847, 1.3295307716749343e-8, 9.536406571876072e-9, 1.1417273736594714e-8, 1.5563245743034223e-8, 1.7164632997657584e-8, 6.426777351250938e-9, 0.20915527951670132, 2.5309072202550487e-8, 0.20915252340565932, 0.20915534688835635, 1.37130689412567e-8, 7.547576124729512e-9, 7.696301832987803e-9, 1.9949516331326527e-8, 8.98200923327437e-9, 0.20915518294305785, 0.20915508406161012, 0.20915253108913606, 0.20915245770661242, 1.6645290088706473e-8, 0.2091551774629224, 0.20915245634384702, 1.4939826718706295e-8, 0.20915256711843255, 0.2091525359133405, 8.92082723573795e-9, 8.298358192392245e-9, 0.20915245057966195, 3.5330744665186764e-8, 0.2091524948603841]
v_opt: [0.47072684599692904, 0.790844700051814, 0.6254369319066813, 0.043745985998888376, 0.04374620487047395]
solution time: 0.011947870254516602
McCormick lower bound: -5.413500870360534

