x_opt: [0.7485311771302621, 0.25146942164709446, 0.7485311809113424, 0.2514613734143112, 0.7485311801707697, 0.2514613408246432, 0.7485386397369039, 0.6834671334890238, 0.34046528182818536, 0.2514688193649197, 0.20638718005433224, 0.6595347259575631, 0.2514688199064354, 0.2514613611556416, 0.25146878804578926, 0.251469481242311, 0.2514613619413589, 1.2771195353312657e-8, 1.2033135565433636e-6, 7.317924504040092e-7]
w_opt: [0.74853117335168, 0.4970623597006777, 5.675850760708474e-9, 3.395509613903181e-9, 0.4080659058577442, 0.2514688087666412, 2.5616880335362478e-9, 9.741653802998173e-9, 0.2514613561613033, 7.371131658706374e-9, 3.15259079686084e-9, 6.047191537833986e-7, 6.139155752052467e-7, 0.25146940657212247, 0.25146881647343927, 0.2514613543755645, 1.0073847638482082e-8, 0.251469419377674, 0.2514613656857713, 0.49706982258907184, 0.43199831654293824, 1.071039108575483e-8, 0.4080659174225617, 0.2514694682873736, 8.952018575342443e-9, 1.0915537085380132e-8, 1.2012493720864088e-6, 6.552849020923422e-9, 2.181539153412117e-9, 1.0455183858872137e-8, 0.2514613701951183, 0.2514613687941757, 0.2514613599714979, 2.002131053413321e-9, 5.16184353339435e-8, 0.2514613599137911, 2.55134299523999e-9, 4.369914765643912e-9, 0.3404652799307413, 1.9890040956086945e-8, 6.278181589770294e-9, 2.8246823513234436e-9, 5.6312291014613414e-9, 0.2514613281325827, 1.8012288335701466e-9, 0.25146133096077056, 0.251461331921451, 4.9205827842118825e-9, 0.25146133604498694, 0.25146133044457636, 4.531118428957635e-9, 0.2514613383971542, 2.8347839852520075e-9, 7.429728020486935e-9, 1.2009173014814355e-6, 7.093071929372374e-9, 0.6595347231321849, 7.651921273485869e-6, 5.217215451270936e-9, 5.477467966272346e-9, 8.238709334877654e-9, 0.34046527936053245, 3.0942475880352367e-9, 0.2514687803850086, 0.25146135807203973, 1.1994541226281735e-6, 4.246670499807519e-9, 2.329617505484413e-9, 1.2420413139874327e-8, 0.25146881728040194, 3.2152733372159034e-9, 2.847448111124095e-9, 3.1358420366063404e-9, 3.938527626709921e-9, 4.191591484932352e-9, 1.875104408865585e-9, 0.25146881468844734, 6.037624627437793e-9, 1.186841127456201e-6, 0.206387176108177, 3.846119760610588e-9, 2.0588168173893746e-9, 2.1350224027346883e-9, 6.711583319819044e-9, 2.779928984874701e-9, 0.2514687852410386, 0.25146877680318125, 7.269339517137097e-7, 0.2514613487106521, 5.013729333196514e-9, 0.2514687843573988, 0.25146134887256216, 3.6917905054976594e-9, 1.1984582602840688e-6, 7.292503216369362e-7, 2.620145972691542e-9, 2.5434910993487254e-9, 7.236373205182351e-7, 9.903540832900394e-9, 7.288043881596318e-7]
v_opt: [0.683467131083855, 0.7485311771131347, 0.5602993023141003, 0.06323659209292652, 0.042595667453428146]
solution time: 0.014616966247558594
McCormick lower bound: -6.8783268971173275

