x_opt: [0.6588617299342927, 0.3411488292658427, 0.6588617317491593, 9.649204338494141e-8, 0.6588616975362824, 0.1385353275364403, 0.8629155393251507, 0.3973739863742175, 0.34113828903770843, 0.34113824039412166, 0.2874141269183897, 0.658861690001326, 0.3411382814891646, 0.13708445746659062, 0.3411382643759142, 0.34114933066202324, 9.210945920576637e-8, 1.55312431744847e-8, 0.13708445150343196, 0.1370833872366189]
w_opt: [0.6588617246194987, 0.31772342932211556, 3.5993445311661044e-9, 3.128771441503732e-9, 0.31772342213359883, 0.341138271541535, 3.3286323711569646e-9, 2.712851534822135e-8, 8.646097050984927e-8, 9.704454054812188e-9, 2.193819484300016e-9, 1.0562640655441524e-5, 1.0537662112854125e-5, 0.34114880284166854, 0.34113823885766553, 0.1370844513397192, 1.5485815476123123e-8, 0.3411488272135647, 8.948395229571526e-8, 0.5217772728502962, 0.056235719815054604, 9.837586813699493e-9, 0.31772343147984217, 0.3411493150561736, 1.2662300366538275e-8, 1.3545416677805856e-8, 0.13708444899737407, 1.1207477029677029e-8, 2.091492407791757e-9, 1.359943454297287e-8, 9.169703176518631e-8, 9.308347559450605e-8, 8.049754086206173e-8, 1.8215809682508726e-9, 2.9255860434858353e-8, 8.914338871618708e-8, 3.0214095788152387e-9, 4.116705527891008e-9, 0.34113828646462413, 2.2971665179683062e-8, 2.696814366702246e-9, 2.6858551921782415e-9, 5.213152810119652e-9, 7.183066326418582e-8, 2.301540323497485e-9, 0.13853532088322862, 0.13853530355653704, 7.056810551619573e-9, 0.1385353235425955, 0.1370844379531522, 4.39038565740098e-9, 0.1385353257448434, 2.557617076657477e-9, 9.956735675098791e-9, 0.1370844492090838, 8.436426393737502e-9, 0.6588616873304244, 0.2040541464096148, 7.338375569461302e-9, 4.520909835691499e-8, 1.2632077350452806e-8, 0.34113828614792985, 3.428662248996527e-9, 0.34113825722610974, 8.652776003249668e-8, 0.13708444740975953, 4.800613472325361e-9, 1.5776408409699156e-9, 3.0190239523247007e-9, 0.34113827931093205, 5.796899206197955e-9, 2.4896319628177745e-9, 3.913357237542887e-9, 4.772646496669798e-9, 5.5726219660750714e-9, 2.1034191690066413e-9, 0.3411382386503137, 5.785650229188849e-9, 0.1370844325078902, 0.28741412493210416, 4.704470310195639e-9, 2.8584485221995066e-9, 2.553680322684568e-9, 7.57025236643198e-9, 2.587929333917438e-9, 0.3411382623330834, 0.3411382595003867, 0.13708338312578552, 8.337903309055564e-8, 5.6821920145347735e-9, 0.341138261345335, 7.668005140583974e-8, 5.0613777808978845e-9, 0.13708444847076667, 0.13708338430881015, 2.651654135971107e-9, 2.157649098043292e-9, 8.184002997719782e-8, 1.2781353553110235e-8, 0.13708338073134171]
v_opt: [0.3973739832620857, 0.6588617277594757, 0.43409876143674386, 0.11637532377276838, 0.0826073512589878]
solution time: 0.01399993896484375
McCormick lower bound: -6.3500642753349

