x_opt: [0.7359627259657825, 0.34091555196686757, 0.7359628128526303, 0.17187542979822906, 0.7359627561841482, 0.1719776943808956, 0.8280238336598652, 0.39784478945470864, 0.2640373367065271, 0.26403725779653714, 0.2225802286146985, 0.7359626138795553, 0.2640372453572851, 0.1719761817041109, 0.26403705567444036, 0.34091572294800915, 0.1718753296969314, 8.797331406457024e-8, 0.17197595626465037, 0.17197319275921205]
w_opt: [0.7359626777689515, 0.471925495766181, 4.3065403185077653e-8, 1.7419009166689677e-8, 0.4719253578039322, 0.26403718062679865, 1.8648336883937508e-8, 6.597527594223617e-8, 0.17187528848862896, 5.150487913842114e-8, 1.6285138647683585e-8, 0.07687838172178776, 0.07687841575399956, 0.34091542589321094, 0.26403724311078214, 0.17197614854903776, 5.853876833888581e-8, 0.3409155292506804, 0.1718753741079101, 0.5639866575009599, 0.1338076162599201, 1.887063147667748e-7, 0.4719254931437545, 0.3409156061674461, 6.104446018593373e-8, 7.554902507409799e-8, 0.1719759420693851, 4.7478555697584424e-8, 1.773123703919575e-8, 1.0073343320721953e-7, 0.17187540524210243, 0.171875402293412, 0.1718753402827233, 1.1295833580333298e-8, 9.423738051185586e-7, 0.1718753111853151, 1.7430762910643695e-8, 2.522537693694121e-8, 0.2640373237477911, 1.9839792413374742e-7, 5.9238847456613644e-8, 1.4583017917420993e-8, 4.020899068370974e-8, 0.17187510900903516, 1.1225382256585777e-8, 0.1719776503441159, 0.17197763332163477, 3.748794695015659e-8, 0.1719776667640496, 0.1719761085511433, 2.3351892881338597e-8, 0.17197768190501403, 1.6447970797119023e-8, 5.4751977524972e-8, 0.1719759431036863, 5.705141380638233e-8, 0.7359625998416587, 0.09206234088721742, 5.149491903679961e-8, 7.101109139228125e-8, 8.841169209125415e-8, 0.26403731891309634, 1.9832295534310104e-8, 0.2640370141406966, 0.17187530230099582, 0.17197592826532382, 3.902522797339108e-8, 1.1118206393211422e-8, 2.5370303785292916e-8, 0.2640372289093171, 2.247597304334334e-8, 1.773003847960063e-8, 1.990311838153156e-8, 2.1477145571123913e-8, 2.4260462243990006e-8, 1.2125434238711342e-8, 0.2640372230129812, 4.734818908045908e-8, 0.171975867553293, 0.22258021658056712, 2.549239436341277e-8, 1.3590232845582697e-8, 1.2892069803094029e-8, 4.733611491936903e-8, 1.6908366094494148e-8, 0.26403704064189826, 0.2640369010966899, 0.17197316113098407, 0.1718752835333296, 3.278090950396197e-8, 0.2640370313851938, 0.1718752463668178, 2.936313596320399e-8, 0.17197593259174124, 0.17197317699051007, 1.7175955497106143e-8, 1.4064936785168642e-8, 0.1718752705937775, 6.959434494821467e-8, 0.17197309919737475]
v_opt: [0.39784476974944644, 0.7359627879004397, 0.5416416954390827, 0.06971569602592444, 0.04954196960111496]
solution time: 0.018342971801757812
McCormick lower bound: -6.742643750466321

