x_opt: [0.7302125647265427, 0.26978748373268274, 0.7302125647355657, 0.15746034996969968, 0.7302125647205572, 0.1574603500208912, 0.8425396499942164, 0.4352279199179075, 0.2697874361688939, 0.2697874329952136, 0.23034926531496844, 0.7302125638473967, 0.2697874352655018, 0.157460350006322, 0.2697874351806027, 0.3546272324117607, 0.15746034993747737, 5.1038860319066465e-11, 0.1574603497434051, 0.15746034483301202]
w_opt: [0.7302125647093196, 0.46042512945766745, 1.945302306515186e-11, 1.2935375909294349e-11, 0.46042512858413226, 0.2697874352238702, 1.0217211403635514e-11, 4.248504272153977e-11, 0.15746034991545546, 2.9876992680089934e-11, 1.134089264765389e-11, 4.8476356377912045e-8, 4.850096363192283e-8, 0.26978748367288224, 0.26978743524095866, 0.15746034998166844, 4.0469041818032795e-11, 0.26978748372417044, 0.15746034993995459, 0.5727522147373243, 0.1654404846619264, 3.393708426945531e-11, 0.46042512862279417, 0.3546272323628884, 3.485086504695425e-11, 4.3627109050239836e-11, 0.15746034973513087, 2.5645259453835583e-11, 8.303142865017383e-12, 4.154672650478662e-11, 0.1574603499565219, 0.15746034995298283, 0.15746034991578828, 7.75834123863062e-12, 2.1641477267079955e-10, 0.1574603499287086, 1.0147300430976794e-11, 1.7045812651081403e-11, 0.2697874361613563, 6.986205222607521e-11, 1.802877134972745e-11, 1.0742040765739183e-11, 2.149106311121391e-11, 0.15746034981001214, 7.179622974204751e-12, 0.15746034998601044, 0.15746034998543587, 1.922782336842871e-11, 0.15746035000385603, 0.1574603499497857, 1.6937961272131152e-11, 0.15746035001178404, 1.082654975184353e-11, 3.007652132869874e-11, 0.15746034973367443, 2.6776184497525878e-11, 0.7302125638365218, 0.11232708584612153, 1.8422486496578002e-11, 2.2662518628678535e-11, 3.370012898419611e-11, 0.26978743615916345, 1.1971232195706486e-11, 0.2697874351515452, 0.157460349921864, 0.15746034972868214, 1.608373158511347e-11, 8.444959704546588e-12, 3.917317572299531e-11, 0.269787435255904, 1.3202604582552384e-11, 1.0690579773703433e-11, 1.254923703385962e-11, 1.581569705012993e-11, 1.6770904848792143e-11, 7.421454021061865e-12, 0.26978743523705057, 2.211501136154531e-11, 0.15746034967777228, 0.23034926530999883, 1.5034934402749397e-11, 8.314766863565102e-12, 8.518710228503815e-12, 2.470023865938834e-11, 1.0465294022960002e-11, 0.26978743517029197, 0.26978743511166436, 0.15746034481521, 0.15746034990071228, 1.917605138613955e-11, 0.26978743516674997, 0.15746034988569538, 1.4774819622185573e-11, 0.15746034972618034, 0.15746034482322963, 9.967172338955055e-12, 9.624616844748627e-12, 0.15746034480260415, 3.9896502023759363e-11, 0.1574603448196096]
v_opt: [0.4352279199084356, 0.7302125647214163, 0.5332103918487775, 0.07278526031692048, 0.0530607844086042]
solution time: 0.036583900451660156
McCormick lower bound: -6.560895342540371

