x_opt: [0.7431578562030111, 0.32694248329288084, 0.7431578570719911, 0.17258275073497936, 0.743157858336266, 0.1725828073764033, 0.8274171952384887, 0.4181552312936634, 0.25685644554600884, 0.2568421424364006, 0.25222988156397513, 0.7431435527795558, 0.2568421430945352, 0.17258280310984336, 0.256842136038747, 0.3269425151202504, 0.17258274459738637, 6.297026494461624e-9, 0.17258279436629587, 0.1725827419104718]
w_opt: [0.7431578531711296, 0.4863157155832862, 2.434093008873315e-9, 1.2490135888576872e-9, 0.4863014101159524, 0.25684213810635365, 1.301821881690919e-9, 6.439225741642361e-9, 0.17258274199714205, 3.776803495473899e-9, 1.138003564152546e-9, 0.07010034131163537, 0.07010034847200065, 0.32694247545526306, 0.2568421412251895, 0.17258280057488415, 4.9924494840005025e-9, 0.32694248222668876, 0.1725827471041386, 0.5705750531681194, 0.16131308939643693, 6.16406154724328e-9, 0.48630141450558073, 0.326942508722112, 4.390039048609905e-9, 5.39108928745976e-9, 0.17258279334404142, 3.3404816319912757e-9, 1.009085167243328e-9, 5.98218847040413e-9, 0.17258274903941562, 0.17258274896502943, 0.17258274356028544, 8.83060062556159e-10, 3.021010069495354e-8, 0.17258274354007663, 1.2265908067872657e-9, 1.945313751876691e-9, 0.25685644466266816, 1.2532477882925604e-8, 4.170374753063637e-9, 1.1677973150253872e-9, 3.0923223356112775e-9, 0.1725827295297341, 8.674718990233845e-10, 0.1725828039665758, 0.1725828027137764, 2.4849574609075056e-9, 0.17258280558620825, 0.17258279481636846, 1.8625467614122392e-9, 0.1725828063980235, 1.2441939629850222e-9, 3.868652824483674e-9, 0.17258279315867767, 3.23285456412172e-9, 0.7431435515936012, 0.08425952154490736, 2.020420839940475e-9, 3.839557882367249e-9, 6.767774248120558e-9, 0.2568564443297901, 1.400848775520416e-9, 0.25684213263875544, 0.17258274268779134, 0.17258279266930965, 2.0260371932939687e-9, 8.754766033414407e-10, 2.4488252433612228e-9, 0.25684214210643, 1.6863830203268864e-9, 1.2116997734625866e-9, 1.5118553848676546e-9, 1.877942344885526e-9, 2.034627378291741e-9, 8.299573141388043e-10, 0.2568421403602999, 2.726739959561876e-9, 0.17258278617257666, 0.2522298806102553, 1.8229064979036207e-9, 1.004228783127863e-9, 9.610808563749387e-10, 2.515352074766787e-9, 1.1772694401429045e-9, 0.25684213492546254, 0.2568421232099435, 0.17258274000665497, 0.1725827398763217, 2.160727475749826e-9, 0.25684213441337905, 0.17258273790491996, 1.9318201684783928e-9, 0.17258279260573275, 0.17258274080405067, 1.1479975889214177e-9, 1.0682796765324917e-9, 0.17258273519502426, 4.992324141875286e-9, 0.1725827383981788]
v_opt: [0.4181552301123163, 0.7431578555310064, 0.5522836213215659, 0.06596788648049909, 0.06362013042144449]
solution time: 0.01495504379272461
McCormick lower bound: -5.909759398021488

