x_opt: [0.7755996606393574, 0.3181968668764362, 0.7755996617542196, 0.1972620410012504, 0.775599663521466, 0.19726213648207494, 0.802737866909147, 0.4544272097256613, 0.2631854097200767, 0.22440033788784483, 0.22440033888551233, 0.7368145824774214, 0.22440033739016804, 0.19726213322600902, 0.22440033144266677, 0.31819686907011385, 0.19726203569187237, 1.6760502367571874e-9, 0.19726213076131638, 0.19726213010944035]
w_opt: [0.7755996598256253, 0.5511993243144738, 6.075432740272298e-10, 5.375110669191655e-10, 0.5124142434478339, 0.22440033596660225, 4.1813603761653253e-10, 1.3610846355173143e-9, 0.1972620348959131, 9.860105462202898e-10, 3.011890236132962e-10, 0.09379652894179352, 0.09379653234541863, 0.31819686433224126, 0.2244003376656205, 0.19726213260485476, 1.278157871411383e-9, 0.31819686641869893, 0.1972620399098171, 0.5783375289072923, 0.23002687179422723, 1.522175360873654e-9, 0.5124142455027538, 0.31819686662787844, 1.2489176820499379e-9, 1.3906185985092715e-9, 0.19726213045013932, 1.2991983508711503e-9, 3.5365345209561636e-10, 1.968457556939884e-9, 0.1972620404591262, 0.19726204050266458, 0.19726203892145489, 2.379826976919176e-10, 8.593233012404693e-9, 0.19726203542509793, 3.4494813582382e-10, 4.955022205168867e-10, 0.2631854094593329, 6.395643794361264e-9, 3.616744480933591e-9, 2.8045450707358205e-10, 1.0512159211286958e-9, 0.19726203153971875, 2.384215747909154e-10, 0.19726213569642204, 0.1972621349049169, 8.346199683484121e-10, 0.19726213597306202, 0.1972621311880129, 4.5831452752331243e-10, 0.19726213622559666, 3.442099428127116e-10, 1.0258000546579818e-9, 0.19726213041136403, 9.715084373265938e-10, 0.736814582185838, 0.027138243559055954, 8.432612643219948e-10, 1.6029272675621614e-9, 1.5872202034203855e-9, 0.2631854093018069, 4.053948403711051e-10, 0.2244003303871183, 0.19726203511530868, 0.197262130242892, 7.544367118295065e-10, 2.1966971440937567e-10, 4.5733619771306566e-10, 0.22440033705766574, 5.105139415364817e-10, 3.5278430086119823e-10, 4.134553362959984e-10, 4.865152492261178e-10, 5.473245085075864e-10, 2.261666991446291e-10, 0.2244003369091983, 9.568718548651715e-10, 0.19726212907318028, 0.22440033860609523, 4.819895765540757e-10, 2.941813156210932e-10, 2.5324650401511634e-10, 6.025446961136781e-10, 3.2008960467314793e-10, 0.22440033115152896, 0.22440033256259975, 0.1972621294655288, 0.19726203323305344, 6.028819660749417e-10, 0.2244003309387098, 0.19726203389507843, 6.012557518576205e-10, 0.1972621302908564, 0.19726212980869526, 3.367525897386877e-10, 2.8098555306084176e-10, 0.1972620345690811, 1.288442699572194e-9, 0.1972621258739588]
v_opt: [0.45442720931183533, 0.7755996612879809, 0.6015548448074093, 0.050355566047005876, 0.05035553009878369]
solution time: 0.015197992324829102
McCormick lower bound: -5.492082411011165

