x_opt: [0.7994132241199001, 0.2005875056763299, 0.7994133156180973, 0.20058658443811336, 0.7994129832944412, 0.20058660563977043, 0.7994133072846552, 0.5470574264460363, 0.28055999022523237, 0.20058677612446493, 0.20057724517339628, 0.7194399989100831, 0.20058682692954746, 0.2005866597771707, 0.20058654775145515, 0.33342808556028775, 0.20058650651338356, 4.329241037018894e-8, 0.2005863294213379, 0.2005863524778309]
w_opt: [0.7994132080230216, 0.5988262129870477, 2.1095057023168243e-8, 7.703279884893135e-9, 0.518853230581226, 0.20058677459742624, 9.36227325824163e-9, 4.68810102322186e-8, 0.20058648897729917, 2.7670883087478078e-8, 8.47446992331962e-9, 8.277504521700463e-7, 5.994621271707825e-7, 0.20058744139430373, 0.20058676789491112, 0.20058664415198105, 5.036880777023793e-8, 0.20058749945348162, 0.2005865561065096, 0.5988266285354866, 0.34647075052981263, 1.2514304695976176e-7, 0.5188533571250445, 0.3334280232024138, 4.066628904978271e-8, 3.665146477073134e-8, 0.2005863227260679, 2.857507687193364e-8, 6.9772553302858885e-9, 6.009936405419733e-8, 0.20058657364139018, 0.2005865726185284, 0.20058650201150477, 6.23372987455294e-9, 1.9065082232810694e-7, 0.200586500269343, 7.485691251177856e-9, 1.386962026089065e-8, 0.28055998510626917, 9.82944357891138e-8, 1.0812025772163284e-8, 8.629645328453173e-9, 1.6311875361728322e-8, 0.20058637578164237, 6.3607286498064995e-9, 0.20058657976367406, 0.20058656434773758, 1.9972230509635427e-8, 0.20058659278597155, 0.20058652728393744, 1.5584833152645654e-8, 0.20058659860468797, 9.637523776168226e-9, 2.7557035995712092e-8, 0.20058632186116818, 2.6624425559775773e-8, 0.7194399913373423, 1.0300748662158746e-6, 1.1966037214038613e-8, 2.3833988985257114e-8, 6.863881042628287e-8, 0.2805599817490305, 9.798406279814128e-9, 0.20058651632146338, 0.20058649531398864, 0.20058631841231497, 1.576569320587277e-8, 6.790752357102756e-9, 4.7128627279131524e-8, 0.20058681939323617, 1.1013880771183777e-8, 8.58414657825044e-9, 1.0009162997527977e-8, 1.4736663198473084e-8, 1.7328872876418302e-8, 5.457939071003316e-9, 0.20058676738708506, 2.813968984069134e-8, 0.2005862671169306, 0.20057723792486265, 1.3882500463219653e-8, 6.177011891111453e-9, 7.380318062095859e-9, 1.955645099477721e-8, 8.100041281853518e-9, 0.20058654076128085, 0.20058654875968376, 0.2005863409803489, 0.2005864576589481, 1.4251217840137907e-8, 0.20058653579179422, 0.20058641511374753, 1.3482303552936532e-8, 0.20058631421416634, 0.20058634528161254, 7.86380784804458e-9, 7.720090310434625e-9, 0.20058629506334738, 3.4331754502651506e-8, 0.20058629086840957]
v_opt: [0.5470574188990389, 0.7994133069966687, 0.6390611955871289, 0.04023505656911741, 0.04023140303550629]
solution time: 0.03662896156311035
McCormick lower bound: -4.834852996339

