x_opt: [0.63009996758677, 0.3699000337499575, 0.630099979712447, 1.0366591364133594e-6, 0.6300999462284673, 0.13916527310445237, 0.8608350962075556, 0.3699002881517429, 0.36990009789585615, 0.36990001865475447, 0.21309035149402294, 0.6300998938981122, 0.3699000506419039, 0.13916490821832242, 0.3699000449559591, 0.3699000586092813, 1.0339010521380693e-6, 8.082815035663737e-9, 0.10366137744020403, 0.10366136362134178]
w_opt: [0.6300999660273294, 0.26019991526596475, 2.3949334493358753e-9, 2.447471536120064e-9, 0.2601998629938052, 0.3699000443621094, 1.8259493337159129e-9, 2.449280662467906e-8, 1.030319460014386e-6, 4.815663279993891e-9, 1.8788102290594394e-9, 1.4789846407316187e-8, 1.4962299306494847e-8, 0.36990002159903107, 0.36990001669107525, 0.139164903867134, 9.0986238965123e-9, 0.3699000319250033, 1.0316303821015236e-6, 0.49093507735122804, 2.692411812026646e-7, 5.1881531014287865e-9, 0.26019988003388106, 0.36990005152161276, 7.553552349679558e-9, 6.876149830533142e-9, 0.10366137594242089, 5.086330181219658e-9, 1.2184117444932695e-9, 8.717771238566726e-9, 1.0339970122740655e-6, 1.0341629515191577e-6, 1.0230905613422322e-6, 1.3941715690160915e-9, 5.574966136214787e-8, 1.0317235708265978e-6, 1.8922137002657284e-9, 3.3620300128527756e-9, 0.369900096436373, 8.643505422926263e-9, 1.7874882278106342e-9, 2.025399448390878e-9, 3.6322072592863925e-9, 1.0112906491624874e-6, 1.3930130380149698e-9, 0.13916526707565563, 0.1391652666840071, 3.2193271239946044e-9, 0.13916527069879786, 0.13916490068844867, 3.2005160933501458e-9, 0.13916527163252107, 1.8479954027273464e-9, 4.744858994100811e-9, 0.10366137552601498, 4.571004097435295e-9, 0.630099891751435, 0.2307352316500949, 6.374984856534484e-9, 5.577582968940673e-9, 6.588156379466144e-9, 0.36990009624482056, 2.119332583938142e-9, 0.3699000400952014, 1.0306086687052358e-6, 0.10366137504016049, 2.3163503460369718e-9, 1.3252184213897893e-9, 2.430381427967243e-9, 0.3699000492990782, 2.9487898510272744e-9, 1.7048913628185453e-9, 2.369755288775315e-9, 3.4807065656199574e-9, 3.594749210022047e-9, 1.4892665202891075e-9, 0.36990001696058133, 2.9790192982317833e-9, 0.10366136442415334, 0.21309035015533254, 2.5624806883328683e-9, 1.7181962287940535e-9, 1.7867093363831386e-9, 4.632453853088823e-9, 1.6921809217426733e-9, 0.36990004340392374, 0.36989998315708056, 0.10366136096635566, 1.0286336893606737e-6, 3.6205609967173226e-9, 0.369900042090397, 1.0224332988417306e-6, 2.418966827049295e-9, 0.10366137505726458, 0.10366136171497141, 1.6936787053419095e-9, 1.5697497774597483e-9, 1.023542030529896e-6, 6.3696817671206075e-9, 0.10366136117965512]
v_opt: [0.36990028659091906, 0.6300999774172528, 0.3970259571045919, 0.1368260412922376, 0.04540810004562829]
solution time: 0.013932228088378906
McCormick lower bound: -6.817480944496664

