x_opt: [0.7495224774340812, 0.34587521343800753, 0.7495225018146305, 4.392481239407314e-6, 0.7495225240853397, 0.25047730640265775, 0.749522735394538, 0.40467024970903287, 0.25047843516382146, 0.2504775029305579, 0.2504766946914247, 0.5311647412261168, 0.2504775036902111, 0.2504772359039786, 0.2504774553306424, 0.3458752246305538, 4.350578096237409e-6, 3.371828094599416e-8, 0.2504772791565982, 0.25047726243075086]
w_opt: [0.7495224689314668, 0.499045006388572, 1.0143086207967005e-8, 6.6076375800626764e-9, 0.2806872250418552, 0.2504774764357907, 1.019271840263428e-8, 2.958052866441602e-8, 4.333641745382855e-6, 1.949141276903753e-8, 5.281833598020809e-9, 0.09539772364393485, 0.09539778511609796, 0.3458751647838928, 0.25047749615734066, 0.25047722433603636, 2.4307937408229135e-8, 0.34587520020478674, 4.369019753587937e-6, 0.4990452420162264, 0.15419275924622336, 2.1530956264847173e-8, 0.2806872680140923, 0.345875173488588, 2.3863399750183357e-8, 2.6637215375941744e-8, 0.2504772714784297, 2.018005559100914e-8, 8.736547239169658e-9, 4.567432200672297e-8, 4.3791571901509305e-6, 4.382937666810922e-6, 4.3522646950409254e-6, 4.939960485414654e-9, 1.9593791533879677e-7, 4.343984023886282e-6, 7.475973764379566e-9, 9.991147376418004e-9, 0.25047842917140967, 1.2736873882024906e-7, 4.151515804920772e-8, 5.960803008120541e-9, 1.731662270726031e-8, 4.26427595612122e-6, 5.551239660398953e-9, 0.25047729260275986, 0.2504772703566396, 2.0610096995651232e-8, 0.25047729545266373, 0.25047721179788673, 8.203294976535833e-9, 0.25047730105793203, 6.860855030521166e-9, 2.0740384489408995e-8, 0.250477271751415, 1.875582173697941e-8, 0.5311647352833412, 1.0440769393816604e-5, 1.1774904151144063e-8, 4.354176437597704e-8, 7.606336102711582e-8, 0.250478425461875, 8.491467153903709e-9, 0.2504774350186898, 4.338040699467584e-6, 0.25047726788889757, 1.6966294340002865e-8, 4.078107952479585e-9, 6.534325549936113e-9, 0.2504774977036437, 1.1183887903263246e-8, 7.0552077175394395e-9, 8.598775858799731e-9, 9.488240019347777e-9, 1.0889066183545383e-8, 4.927238345805308e-9, 0.250477490924043, 1.8917934715895025e-8, 0.2504772200234809, 0.25047668746751817, 9.420896126370257e-9, 6.4006369366515695e-9, 5.607534066787181e-9, 1.4476851645066802e-8, 6.257206896040878e-9, 0.25047744908660335, 0.25047738243124146, 0.2504772503311459, 4.323987387372147e-6, 1.1362094671418787e-8, 0.25047744224130886, 4.314836247035119e-6, 1.366020378207767e-8, 0.2504772694102678, 0.2504772574384893, 6.685017011457992e-9, 5.525315949881563e-9, 4.33265023367826e-6, 2.4842332135749462e-8, 0.2504772496386274]
v_opt: [0.4046702389950946, 0.7495224925404843, 0.5617842904687727, 0.06273919743147773, 0.06273864042316488]
solution time: 0.012337207794189453
McCormick lower bound: -4.874733027235133

