x_opt: [0.6301601684917881, 0.3698397845717024, 0.6301602467213906, 2.2255043544725093e-6, 0.6301601455539882, 0.13933398115341572, 0.8610608491608625, 0.3698728962195548, 0.3698398307252304, 0.3698397645911323, 0.21326204767125584, 0.6301601535907891, 0.36983982630299683, 0.13893916726685807, 0.3698398002910077, 0.36983981082583145, 2.224562282228066e-6, 1.752665277881383e-8, 0.1037502722253951, 0.10375026593774683]
w_opt: [0.6301601656302301, 0.26032031727253935, 4.9183914222240506e-9, 5.357775179198322e-9, 0.26032032547520767, 0.369839812250324, 4.147757869317948e-9, 2.8604511171221725e-8, 2.216707690120732e-6, 1.0391932671434371e-8, 4.200122829358821e-9, 3.438458331107785e-8, 3.723444064884665e-8, 0.3698397575767586, 0.36983975948480546, 0.13893915761788148, 1.953415067623297e-8, 0.36983977930786416, 2.2144963372669673e-6, 0.4912210990351033, 3.314586818423221e-5, 2.126105964931036e-8, 0.2603204146101647, 0.3698397949625622, 1.5519848662477823e-8, 1.4833989819556309e-8, 0.10375026884838968, 1.2307275942728437e-8, 2.7515434033145545e-9, 1.787435600577797e-8, 2.219565844877078e-6, 2.219735460184729e-6, 2.19475879686273e-6, 3.06189498419741e-9, 1.2698861366541913e-7, 2.2194460812245307e-6, 4.143476177713669e-9, 7.429706679611346e-9, 0.36983982748893246, 2.0051622340972867e-8, 4.25100192020635e-9, 4.457011518104992e-9, 8.828677631232178e-9, 2.181238872494691e-6, 3.0907718609687857e-9, 0.13933396810312315, 0.1393339666235974, 7.136222523521554e-9, 0.1393339757339719, 0.13893915657671282, 6.812676252672809e-9, 0.1393339779010627, 4.087162096643085e-9, 1.028245539126475e-8, 0.10375026807562451, 1.057315985167519e-8, 0.6301601489296864, 0.23090088068100004, 2.0084890507171296e-8, 1.0532265719834109e-8, 1.264951728162109e-8, 0.36983982714196, 4.718218647328148e-9, 0.3698397905706882, 2.2174112148008573e-6, 0.10375026678054046, 5.402418820177293e-9, 2.946268613602401e-9, 5.47298515983348e-9, 0.36983982283462663, 6.4045192804509965e-9, 3.7903186316115196e-9, 5.1532536797989455e-9, 7.766242818773661e-9, 7.76484406509885e-9, 3.3925984137094172e-9, 0.3698397606668397, 6.806743069811238e-9, 0.10375023809235875, 0.21326204471108762, 5.647674629197968e-9, 3.825127616213167e-9, 4.331499945912617e-9, 1.1064654814530926e-8, 3.7241654924210228e-9, 0.36983979633574815, 0.3698396569370959, 0.10375025985181574, 2.213491779231213e-6, 8.266548678184406e-9, 0.3698397931813229, 2.201257981691368e-6, 5.371704873164875e-9, 0.10375026676342837, 0.10375026135580225, 3.754423040552752e-9, 3.445252294425464e-9, 2.2121801523056575e-6, 1.3778421894678218e-8, 0.1037502534557404]
v_opt: [0.36987289267458945, 0.6301602415289453, 0.3971036362619442, 0.13678163176015248, 0.04548073010786236]
solution time: 0.012451171875
McCormick lower bound: -6.77616007654283

