x_opt: [0.6143263642206506, 0.2620316506648448, 0.893798449718391, 0.10620175697535558, 0.7379683469325816, 0.26203094112990494, 0.7379686326680349, 0.8937958810244108, 0.6143261367152498, 0.10619850911472703, 0.10620412301427491, 0.38567366988860186, 0.26203099591961465, 0.26203125841799, 0.10620212571600207, 0.27264003822860344, 0.1062016162953169, 2.0077297567644126e-8, 0.10620209870853488, 0.10620200158628113]
w_opt: [0.6143263616959002, 0.35229471244697147, 6.990291140830704e-9, 3.0786314514278856e-9, 3.727823225133248e-8, 0.2620309713436314, 8.067636567685306e-9, 2.4028359347710374e-8, 0.1062016112819362, 1.4430620708491408e-8, 1.7152136154519847e-9, 0.15583010230469715, 1.0088864963137812e-7, 0.2620316271926256, 0.10619850566362697, 0.262031254706575, 4.300224618233681e-8, 0.2620316460684376, 0.10620174155366237, 0.6317670844177633, 0.7875943411733896, 5.227176354189084e-9, 0.2794721392836613, 0.2726400164957376, 7.901790021776193e-8, 1.4672555354293357e-8, 0.10620209553303107, 4.6210689821594726e-7, 2.2124407386125165e-9, 4.942214880708797e-8, 0.10620175130621148, 0.10620175244273913, 0.10619849745270941, 2.9708498928010115e-9, 2.661989188058483e-7, 0.10620161336253929, 2.83989757088196e-9, 6.003783007750132e-9, 0.6143261352908147, 5.612688247684639e-8, 2.228001458121269e-9, 2.4765497037165655e-9, 3.722835311206648e-9, 0.10620152530846605, 2.6162264563886057e-9, 0.2620309350653329, 0.2620309116957401, 8.891763165048405e-9, 0.2620309305718566, 0.2620309144303385, 4.924014847844401e-9, 0.26203093886815754, 4.226269733391193e-9, 1.4073620771786625e-8, 0.1062020951859164, 6.8750789560703856e-9, 0.38567366746539444, 4.3365110663814325e-7, 2.897161527475151e-9, 5.910498882761232e-9, 2.79993014614385e-8, 0.6143261320263155, 1.0654713120599455e-8, 0.10620210059520116, 0.10620161248960552, 0.10620209551123622, 9.179991976795338e-9, 2.2908487680637e-9, 7.782401202782383e-9, 0.26203099006397984, 4.801758765684857e-9, 2.6579733184372895e-9, 4.1390796262526286e-9, 8.17402239666149e-9, 1.2092445325215613e-8, 2.6478669388497755e-9, 0.10619850407344238, 1.2643711119204324e-8, 0.10619836880125269, 0.10620411631949452, 4.952122400525964e-9, 2.5594291582985144e-9, 5.861628885746201e-9, 5.611050487448667e-9, 2.3323077239591056e-9, 0.106202123653783, 0.2620309790889014, 0.10620199881860891, 0.10620156522857006, 3.691565735516859e-9, 0.10620212099764943, 0.10620159111858761, 7.594259514172823e-9, 0.1062020928685746, 0.10620199976287341, 2.3621326583853532e-9, 2.8713935042123687e-9, 0.10620161105667847, 1.614149159785816e-8, 0.1062019933511713]
v_opt: [0.8937958782864004, 0.893798447460327, 0.5445975090266594, 0.011278134484935998, 0.011279755622962639]
solution time: 0.013415098190307617
McCormick lower bound: -3.002992775703422

