x_opt: [0.6689261121189886, 0.17399543566165598, 0.8260046589299589, 0.17399545089163904, 0.8260045398847197, 0.15792412913615364, 0.8260047035198319, 0.9485609291052604, 0.8260044794403772, 0.17399538653939312, 0.05143881444900797, 0.8260045244524449, 0.17399536607010005, 0.1739952903199098, 0.17399499066082427, 0.17399544779692622, 0.17399534805058128, 2.8036176173464887e-8, 0.1292055461206536, 0.05143909232069292]
w_opt: [0.6689261051113132, 0.49493065696898547, 9.517246564470873e-9, 7.282446187319379e-9, 0.49493064326840036, 0.17399532831766534, 6.21319488577717e-9, 1.816336082992186e-8, 0.17399533541061013, 1.5944916060981238e-8, 7.057985943018047e-9, 9.993379336749685e-8, 4.903886076093185e-8, 0.17399540610037303, 0.1739953765782268, 0.17399527413518306, 2.3578698050892696e-8, 0.17399542988279257, 0.17399543186631378, 0.6520093668866851, 0.774565594419637, 6.774047352585528e-8, 0.6520092129336308, 0.17399541693176712, 3.5591867601598334e-8, 2.3051640012283253e-8, 0.1292055414286452, 1.2120392384254125e-8, 7.487201136429976e-9, 2.3872100384225324e-8, 0.17399544440973508, 0.1739954394181428, 0.17399534794077415, 5.038734585013811e-9, 1.1546388510010771e-7, 0.1739953437373314, 5.141168334947046e-9, 1.0129640992115798e-8, 0.826004475684569, 3.158092633627848e-8, 8.543560449798151e-9, 6.946541249395463e-9, 1.1902241216767798e-8, 0.17399524696170585, 4.069332236775198e-9, 0.15792410362996032, 0.15792410772262783, 1.1293406675887112e-8, 0.15792411723553673, 0.15792411203237325, 1.04754874752682e-8, 0.15792412202078132, 7.549041121832786e-9, 1.5949516021689654e-8, 0.12920554043280583, 1.4067089861281942e-8, 0.8260045178808788, 7.038899152428411e-7, 8.574341858169413e-9, 9.887653913981182e-9, 1.9150197040953682e-8, 0.8260044732286524, 6.9513759936314384e-9, 0.17399496660605784, 0.17399534101503517, 0.12920553831058984, 3.5067616970384704e-8, 7.309827869727539e-9, 0.652009014819979, 0.17399535643656647, 6.252667851111675e-9, 7.111130475682948e-9, 6.643943059827699e-9, 9.570985226401993e-9, 9.677027156307708e-9, 4.506142902302525e-9, 0.17399535642465885, 1.7706553370784458e-8, 0.12920550138332143, 0.05143880842441945, 8.342053033327606e-9, 4.1453406421941566e-9, 5.983641806537034e-9, 1.6908991468651474e-8, 6.123756133236007e-9, 0.173994981878434, 0.17399523804080236, 0.05143908184420563, 0.17399526101121662, 9.434083117966603e-9, 0.1739949813476543, 0.17399495957113914, 8.192844754690013e-9, 0.12920553041994848, 0.05143908601032637, 5.580483328649405e-9, 6.464618815417008e-9, 0.05143907122362947, 2.0716185279048898e-8, 0.05143908658436223]
v_opt: [0.9485609240525382, 0.8260046515706702, 0.6822835312312369, 0.030274436397527273, 0.0026459627484820528]
solution time: 0.014019012451171875
McCormick lower bound: -5.150610489837339

