x_opt: [0.7680040864968154, 0.2850319918725991, 0.7680049070571238, 1.1255073249708924e-6, 0.7680040771719674, 0.23199589254595054, 0.7680041135747552, 0.5903293283591358, 0.4155862321169192, 0.23199498457700124, 0.231995843481899, 0.5844137603110282, 0.23199589935602552, 0.23199587688364365, 0.23199553257748817, 0.2850320575770672, 1.1178210806471543e-6, 1.7288280622113167e-8, 0.2319955159535035, 0.23199549703365024]
w_opt: [0.7680040836479783, 0.5360081658089269, 4.256702498988764e-9, 3.7018444115783174e-9, 0.3524178497997366, 0.23199588291177858, 7.892245387452343e-9, 1.442938412090664e-8, 1.1098727830462262e-6, 1.0093514805388038e-8, 2.3533226308699254e-9, 0.05303690283419083, 0.05303610691029395, 0.28503196939425546, 0.2319949807888156, 0.23199587142371092, 1.4174950935046642e-8, 0.28503198723506373, 1.112991987226356e-6, 0.5360090232108116, 0.35833424126759394, 3.599917514645753e-9, 0.3524186809441578, 0.285032033476142, 1.1178086016891018e-8, 1.2314917030510423e-8, 0.23199551138872812, 4.146208760088491e-7, 4.3746328501803096e-9, 2.4819431398112295e-8, 1.1180350603646712e-6, 1.1210684834077789e-6, 1.1025156648981015e-6, 2.788050566383146e-9, 7.382218224226946e-8, 1.1132901903771408e-6, 3.751131650206833e-9, 5.300908918744331e-9, 0.4155862293367411, 4.0724699214726885e-8, 5.586544622671809e-9, 3.2186767876902026e-9, 5.6587992824935314e-9, 1.0734891139161794e-6, 3.149205428542767e-9, 0.23199588602136184, 0.2319958708166587, 1.143976335896064e-8, 0.23199588522710107, 0.23199586361540428, 4.015244187102178e-9, 0.23199588949117003, 3.8382944845326165e-9, 1.054132453088036e-8, 0.23199551225623632, 7.751492158894023e-9, 0.5844137572234622, 6.91006361201534e-7, 6.277535012098151e-9, 7.2111570746813444e-9, 2.7071044046001637e-8, 0.4155862258358854, 4.24971558735676e-9, 0.23199551962248932, 1.1119147221718784e-6, 0.2319955110074122, 7.736417194985199e-9, 2.161594164475269e-9, 4.926668541136331e-9, 0.23199589594673423, 5.958844345761149e-9, 3.4788911996064135e-9, 4.576264286493812e-9, 5.706820947987649e-9, 6.3675910719949615e-9, 2.7242719183047037e-9, 0.23199498074870217, 9.61427617247591e-9, 0.2319949552564957, 0.2319958379106296, 4.6604394781241e-9, 3.3654862985000686e-9, 3.6931844578136958e-9, 6.792966558289245e-9, 2.93868827055003e-9, 0.2319955295588116, 0.2319958365828884, 0.23199549198737154, 1.0963205963778594e-6, 4.901624461478438e-9, 0.23199552538180793, 1.0973552850740182e-6, 7.4052101407065455e-9, 0.23199550969211877, 0.2319954941545349, 3.122641801658996e-9, 2.8970064183509206e-9, 1.1088389812660964e-6, 1.2211375868944564e-8, 0.2319954928130117]
v_opt: [0.5903293230840986, 0.7680049031734082, 0.5898309755124937, 0.053821852422122646, 0.05382207651793361]
solution time: 0.012129068374633789
McCormick lower bound: -3.596055195856118

