x_opt: [0.63511533382698, 0.36488467022040444, 0.6351153386027034, 0.010380405922943944, 0.6351153325567805, 0.17009882161118242, 0.8953721786709148, 0.36488488688781984, 0.3648846970482075, 0.3648846644557441, 0.22087813487327718, 0.6351152995097246, 0.36488466848673873, 0.10462782648626116, 0.36488466420243, 0.3648846722430416, 0.010380405509513812, 4.103298504625096e-9, 0.10460608319076081, 0.10460606682629509]
w_opt: [0.6351153329184919, 0.270230667626917, 1.4479832206683405e-9, 1.14066509944308e-9, 0.2702306341855945, 0.36488466543724657, 8.715663322337778e-10, 4.810346541276406e-9, 0.010380403520120582, 2.395132083523932e-9, 9.78184260663209e-10, 9.702817852922939e-9, 1.4315580156949798e-8, 0.36488466417190063, 0.3648846633961857, 0.1046278243276655, 3.373952831708863e-9, 0.36488466897010313, 0.010380403312584097, 0.5304875179137967, 2.2617063042560105e-7, 5.6346187545182364e-9, 0.2702306412101981, 0.36488466805847597, 3.5845902811067535e-9, 3.52157432568618e-9, 0.10460608247117432, 2.7339787936773256e-9, 7.196667975095962e-10, 4.0607274197951284e-9, 0.0103804046456856, 0.010380404517897159, 0.010380400102672558, 6.348005977961341e-10, 4.583928557409092e-8, 0.010380404452322746, 9.249532508290062e-10, 1.4832234154266827e-9, 0.36488469630928677, 6.0462331556841245e-9, 3.002771396171954e-9, 9.003730111551207e-10, 2.4210879384876672e-9, 0.01038039419999001, 6.221710440019079e-10, 0.17009881881601577, 0.17009881859722756, 1.6855179550693867e-9, 0.1700988202095038, 0.10462782359946746, 1.4123759198077716e-9, 0.17009882091925604, 8.688663006736937e-10, 2.424365859896436e-9, 0.10460608239540571, 2.640088062904641e-9, 0.6351152985784649, 0.2602568997949614, 6.034973803837545e-9, 2.2326737301955345e-9, 2.544430312778229e-9, 0.36488469607312296, 1.0567144458892465e-9, 0.3648846614499293, 0.010380403910262131, 0.10460608181334748, 1.4363946438332375e-9, 6.284251124957102e-10, 1.2054842452205698e-9, 0.36488466774121653, 1.2744944521849e-9, 9.018042656407629e-10, 1.0824661205825837e-9, 1.3209723568014787e-9, 1.4252208946196869e-9, 6.619465086952671e-10, 0.36488466356645743, 1.745080520081458e-9, 0.10460607752239721, 0.22087813425573719, 1.2709701826823906e-9, 7.779721658518533e-10, 7.074772314281625e-10, 2.2517598985344085e-9, 8.861251117187279e-10, 0.3648846634443731, 0.36488463776160085, 0.10460606521853456, 0.010380403249120557, 1.917313724501029e-9, 0.36488466264382097, 0.0103804007131408, 1.250471551844158e-9, 0.10460608190303369, 0.10460606600354067, 8.994090198559759e-10, 7.582131296700415e-10, 0.010380402892732779, 3.225606434455261e-9, 0.10460606486917355]
v_opt: [0.364884886021663, 0.635115337254846, 0.40337148685406293, 0.13314082604461752, 0.04878753816067278]
solution time: 0.013073921203613281
McCormick lower bound: -8.065389711993394

