x_opt: [0.7505702855632637, 0.24942971201297687, 0.750570289698715, 0.24942970635214542, 0.7505702831227195, 0.2494297075663237, 0.7505702911375414, 0.729419236096983, 0.41934532406169134, 0.24942971128215077, 0.1449001973350513, 0.6624549757086037, 0.2494297158533458, 0.24942970889087088, 0.24942971263059782, 0.24942971293639907, 0.24942970568140255, 1.5494641825625052e-9, 1.7594485126222188e-6, 1.7589832582582125e-6]
w_opt: [0.7505702852526916, 0.501140568610249, 5.296496576622803e-10, 5.026573213312769e-10, 0.41302526158895464, 0.2494297143138523, 3.674283886566871e-10, 2.1430670207623785e-9, 0.24942970503416512, 9.183402437206656e-10, 4.2327756828979865e-10, 2.0609213904304194e-9, 1.9991547958108066e-9, 0.24942971016699209, 0.24942971075103532, 0.24942970766362688, 2.0316552525161326e-9, 0.24942971173537526, 0.24942970540534767, 0.5011405812918569, 0.4799895261652617, 2.096091911477848e-9, 0.4130252669445239, 0.2494297116762111, 1.4144794406458083e-9, 1.304389117276924e-9, 1.7591741780263802e-6, 8.084253491942058e-10, 2.2756772270799788e-10, 1.2548673008743425e-9, 0.24942970592397498, 0.24942970581277737, 0.24942970344115456, 3.0753231548227995e-10, 5.696277439460624e-9, 0.24942970535982617, 3.329336105078134e-10, 6.986400732466178e-10, 0.41934532382087997, 1.4293241434981973e-9, 3.2480433667440085e-10, 4.927881493316423e-10, 6.429542451760521e-10, 0.24942970126348613, 2.6794306152905183e-10, 0.2494297059898895, 0.24942970637060283, 5.59261512322355e-10, 0.2494297070242802, 0.24942970573906412, 7.209424283163198e-10, 0.24942970718478352, 4.124364033464063e-10, 8.792288027829277e-10, 1.759033563988199e-6, 7.446795029804275e-10, 0.6624549752411457, 3.786726211954994e-8, 5.037768582622786e-10, 6.92317093089082e-10, 1.029755966589399e-9, 0.4193453237507635, 4.0078119004862464e-10, 0.2494297115491936, 0.2494297051762794, 1.759031978864958e-6, 4.0854612334714115e-10, 3.644091188449715e-10, 0.08180030028826402, 0.24942971552082832, 4.693846206502125e-10, 3.474129734377274e-10, 4.438535048348791e-10, 7.741434165247594e-10, 7.389884316613906e-10, 2.8748790815888063e-10, 0.2494297108376764, 6.075415642426206e-10, 1.756814812661585e-6, 0.14490019612272775, 4.934024236845722e-10, 2.970758662208806e-10, 3.8383283886685783e-10, 7.58662998172244e-10, 3.37107569583278e-10, 0.24942971229156008, 0.24942970381437085, 1.758481189197055e-6, 0.24942970414891513, 6.176756803347539e-10, 0.24942971216700946, 0.24942970311443227, 4.2813736299335525e-10, 1.7588490738087314e-6, 1.7585093336565692e-6, 3.1668319850719084e-10, 3.522088883802755e-10, 1.7580089959749642e-6, 1.2008880070168302e-9, 1.7584886153394384e-6]
v_opt: [0.7294192358356816, 0.7505702893390487, 0.5633557521656665, 0.06221544647735975, 0.020996070307938923]
solution time: 0.014261960983276367
McCormick lower bound: -5.849322557820406

