x_opt: [0.7728768074017407, 0.22712472893883393, 0.7728771253416016, 3.7435278476292966e-5, 0.7728754759396854, 0.22712406674247923, 0.7728774810422652, 0.6269208352518856, 0.41955187993944076, 0.22712285207913008, 0.22712157671409067, 0.5804480288625267, 0.22712406589516715, 0.2271225098508767, 0.22712355838173157, 0.29519513810832626, 3.73960306550566e-5, 1.0825846438621439e-7, 0.2271146843880167, 0.22711385522795416]
w_opt: [0.7728767701450199, 0.5457522958946582, 3.039722830279793e-8, 2.8696704670944215e-8, 0.35332485329401153, 0.22712396964201714, 2.71803013352299e-8, 6.042126862664864e-7, 3.73562264664966e-5, 6.819988460956625e-8, 1.782698119023635e-8, 1.8678240700012744e-6, 6.481855398293377e-7, 0.2271245570606645, 0.22712283364854816, 0.22712246676904266, 1.3523456826218065e-7, 0.22712471185362978, 3.73689300449437e-5, 0.5457546216022003, 0.3997979802736631, 9.671639287750244e-8, 0.353325246902793, 0.29519503200884234, 7.772731965445642e-8, 9.178402586871962e-8, 0.22711466684718906, 8.973652548315268e-8, 1.4200675034019167e-8, 1.3546923902785142e-7, 3.740244004993374e-5, 3.7402566875605774e-5, 3.7266892360383224e-5, 1.605845634422184e-8, 8.912134343421711e-7, 3.736922065869367e-5, 2.0926242384893878e-8, 3.5380376585275656e-8, 0.41955186621324175, 1.1262271703152098e-7, 1.828736636716921e-8, 2.106562558687808e-8, 3.369292315127971e-8, 3.705264876274804e-5, 1.627981120678238e-8, 0.22712401176439975, 0.2271239481074053, 4.158232331642376e-8, 0.22712403911192863, 0.22712238542091678, 3.29180261900906e-8, 0.2271240510160312, 2.353476903041387e-8, 6.741883665297306e-8, 0.22711466464817817, 5.6225098269745345e-8, 0.5804480076126688, 2.6500763217080376e-6, 3.683191889401783e-8, 5.284383989209652e-8, 1.254605548448105e-7, 0.419551858853979, 2.3135673354126642e-8, 0.22712349665977288, 3.736240955042584e-5, 0.22711466124681395, 2.9722600936346046e-8, 1.5523037370014168e-8, 5.771424307513954e-8, 0.2271240501151689, 3.3157496693520597e-8, 1.890843220600141e-8, 2.7487712886367836e-8, 4.656427001727258e-8, 4.716094285431397e-8, 1.5422002465582087e-8, 0.22712283282963275, 4.676982044857734e-8, 0.22711454752579707, 0.2271215592594961, 3.2994763689247226e-8, 1.8578227290685057e-8, 2.047388956706775e-8, 3.709391148503327e-8, 1.8306027878393334e-8, 0.22712354446872685, 0.2271236951998034, 0.22711382886222067, 3.731610338249876e-5, 3.559964782161504e-8, 0.2271235340208676, 3.7270729628352474e-5, 3.346742437336288e-8, 0.22711466118038112, 0.22711383344099917, 1.8452099904617212e-8, 1.8173812157746884e-8, 3.732519536387639e-5, 8.774839620091752e-8, 0.2271137333171237]
v_opt: [0.6269208174659223, 0.7728771042907476, 0.59733837386608, 0.05158485763512636, 0.05158424386588929]
solution time: 0.012491941452026367
McCormick lower bound: -4.85106228697632

