x_opt: [0.6190753661454467, 0.3809246191754755, 0.6190753942848313, 0.05079306386299091, 0.6190753855576816, 0.1531405722754328, 0.8468595992835531, 0.38093262963416746, 0.38092461099454483, 0.38092460590584365, 0.14559773330416723, 0.6190753860328527, 0.3809246091742137, 0.15314040455217437, 0.3809246067738849, 0.38092462527923837, 0.05079306196572277, 4.268354931572774e-9, 0.05079308917507002, 0.05079308797073823]
w_opt: [0.6190753647201448, 0.2381507524823306, 1.1089480563395794e-9, 1.1658465112217681e-9, 0.23815075313577058, 0.38092460536283806, 8.648562992689646e-10, 6.2489296463902964e-9, 0.050793060140950565, 2.5660982028832864e-9, 1.2721530335204807e-9, 1.4146154455588346e-8, 1.6159134892163752e-8, 0.38092461194024796, 0.38092460485440194, 0.1531404020235535, 3.5581020931400843e-9, 0.3809246180332989, 0.05079306117113584, 0.4659349942101113, 8.024476939944654e-6, 6.002340303426252e-9, 0.23815078413665283, 0.38092462141973327, 3.245804089962554e-9, 3.750909372567924e-9, 0.050793088572584494, 3.4411197273617426e-9, 6.16835681996593e-10, 4.3852024522387925e-9, 0.05079306279696924, 0.05079306228693514, 0.050793055904793626, 6.395772499222942e-10, 4.932674839158644e-8, 0.050793061092765095, 8.780257195799205e-10, 1.440014344070755e-9, 0.3809246103750473, 4.1815560757350635e-9, 1.123943164601976e-9, 1.0257933427688912e-9, 3.798029599026959e-9, 0.05079304842798768, 5.654730041108137e-10, 0.15314056802405757, 0.15314056960988714, 1.3703601009231491e-9, 0.15314057091033872, 0.15314040171974616, 1.5713431913830592e-9, 0.1531405715876255, 8.915499326111252e-10, 2.54893098285467e-9, 0.050793088456805226, 4.009868928437782e-9, 0.6190753851290477, 0.22778431337151792, 4.76182810878837e-9, 2.3105810762853907e-9, 3.971384331117401e-9, 0.38092461033700575, 1.0170461523726343e-9, 0.3809246051333866, 0.05079306062511528, 0.050793088024349634, 1.350082349437654e-9, 7.266089193678549e-10, 2.054102633622307e-9, 0.38092460776270204, 1.105964189904481e-9, 9.012779107649485e-10, 1.0890997955555249e-9, 1.6200385258177938e-9, 1.4984418341119059e-9, 6.738944740786951e-10, 0.38092460481945484, 1.8141294801108182e-9, 0.05079308326221739, 0.14559773275627627, 1.4210399381331067e-9, 7.231007730530877e-10, 7.672968581545473e-10, 3.1045205421475866e-9, 9.194576341235827e-10, 0.3809246055344546, 0.38092458014475494, 0.05079308638428423, 0.050793059490928515, 2.4217021895144082e-9, 0.38092460545581963, 0.05079305709256275, 1.142427222173134e-9, 0.050793087846423446, 0.05079308647790269, 8.917106131063255e-10, 8.144534596672826e-10, 0.05079305726912667, 3.5150587163990666e-9, 0.05079308128549113]
v_opt: [0.3809326289318723, 0.6190753930800456, 0.3832543580142644, 0.14510355880926648, 0.02119875165662442]
solution time: 0.012723922729492188
McCormick lower bound: -8.565339971395076

