x_opt: [0.7688648985588584, 0.2311351001896116, 0.7688649063328816, 0.23113509671546137, 0.7688648982555008, 0.23113498401487675, 0.7688649114842795, 0.8029627973996517, 0.5311091397619282, 0.2311351006029179, 0.10519786540258554, 0.7000503135301412, 0.23113510097186932, 0.23113508872633107, 0.2311350948727219, 0.23113511029706718, 0.23113509459162476, 2.527294279864438e-10, 0.03684462851515743, 0.036844629168617186]
w_opt: [0.7688648984649356, 0.5377297968827613, 1.2884385061428886e-10, 1.0950413670359336e-10, 0.4689152121724259, 0.23113510059052658, 7.388155144088476e-11, 7.875463911897666e-10, 0.23113509442993008, 1.2568680753218426e-10, 1.0831061981583266e-10, 6.582987053609436e-9, 3.4732143600951756e-9, 0.23113509975108887, 0.23113510003697968, 0.23113508845365005, 3.533929763351827e-10, 0.2311350998798266, 0.2311350964878425, 0.5377298178777715, 0.5718277037993278, 7.1022602747504325e-9, 0.4689152202153809, 0.23113510993374442, 1.6561539595079617e-9, 1.9947730004994412e-10, 0.036844628455434125, 1.9689453665729582e-10, 6.43790731757105e-11, 2.932909587245459e-10, 0.23113509662614506, 0.23113509657482506, 0.2311350955371583, 6.441312063154622e-11, 1.4385138936409856e-9, 0.2311350945339994, 6.964039172604435e-11, 1.4887474589354373e-10, 0.5311091397100539, 3.6425297788093274e-10, 1.289888123879797e-10, 9.229121980119702e-11, 2.481779648739809e-10, 0.2311350933456157, 5.527424916668012e-11, 0.23113498365385937, 0.23113498374466107, 1.1733767403852332e-10, 0.23113498387939596, 0.23113498338651645, 1.525020961259392e-10, 0.2311349839375268, 9.112277726039143e-11, 1.2683762974739304e-10, 0.03684462843646777, 2.47374891126315e-10, 0.7000503134445255, 1.7942108893276854e-8, 2.6811016999783315e-10, 1.8456928104180918e-10, 2.724787743697404e-10, 0.5311091396899246, 8.787091952105952e-11, 0.23113509460201223, 0.23113509448352815, 0.03684462840424034, 1.1326147884155843e-10, 8.471332464614086e-11, 0.23115945381389286, 0.23113510088344028, 9.026423982249399e-11, 8.316549256582968e-11, 8.36734029227842e-11, 1.4654171633244536e-10, 1.4010686262632814e-10, 5.8001138102035033e-11, 0.2311351005519994, 1.7980623417303477e-10, 0.03684462794494542, 0.1051978653385581, 9.236951686395822e-11, 6.040631978112506e-11, 7.083727528981937e-11, 1.481850847242308e-10, 7.372387413268668e-11, 0.2311350947809595, 0.23113508975773492, 0.036844629026920206, 0.2311350878663238, 1.611742139317761e-10, 0.23113509475071695, 0.23113509001182067, 9.01827682499641e-11, 0.03684462833833909, 0.036844629076548834, 7.59803886500138e-11, 7.431812811079512e-11, 0.036844628861240576, 1.757641891886852e-10, 0.0368446281101996]
v_opt: [0.8029627973364909, 0.7688649062289207, 0.5911532444082058, 0.05342344150620817, 0.011066615731696502]
solution time: 0.016469955444335938
McCormick lower bound: -6.388384344486561

