x_opt: [0.7897709636532769, 0.31980997626858126, 0.7897709639312097, 0.21022903515541852, 0.7897709642662503, 0.2102290362014983, 0.7897709637136899, 0.4647120669787303, 0.26979015420510455, 0.21022903624482447, 0.19609270666930687, 0.7302098459287225, 0.21022903648035118, 0.21022903617618582, 0.21022903439924562, 0.3198099769823052, 0.21022903475585386, 1.2529965733479233e-10, 0.2102290342482273, 0.21022903416766736]
w_opt: [0.7897709636159398, 0.5795419269772405, 4.727589264514902e-11, 2.3785295088996576e-11, 0.5199808096068056, 0.21022903634370207, 3.95141801745649e-11, 1.0347822049680227e-10, 0.21022903470108364, 7.482392028304512e-11, 2.2309953710302593e-11, 0.1095809402232083, 0.10958093979326296, 0.31980997611635714, 0.21022903619632616, 0.21022903612885988, 1.0544297708587169e-10, 0.3198099762464233, 0.21022903507118537, 0.5795419276617103, 0.2544830309375089, 2.3115101775219828e-10, 0.5199808099706292, 0.31980997681715573, 1.1803919189149659e-10, 1.0251660485718049e-10, 0.21022903422649694, 6.510628440090233e-11, 2.515539213841024e-11, 1.462801105669462e-10, 0.21022903512250943, 0.2102290351184569, 0.21022903496369955, 1.850858562698799e-11, 6.46769873982202e-10, 0.21022903473533158, 2.292662609968679e-11, 3.9774414136996345e-11, 0.26979015418914565, 2.8681533901004634e-10, 4.368569582434197e-11, 2.4628670131035146e-11, 4.742984107735252e-11, 0.21022903436115126, 1.8060663273741686e-11, 0.21022903613577443, 0.2102290360982323, 5.915583571396708e-11, 0.21022903614837124, 0.21022903599132006, 3.545277613844534e-11, 0.21022903617926372, 2.802012415434649e-11, 7.656075406489728e-11, 0.21022903422611924, 6.725056639890809e-11, 0.7302098459065685, 5.177747831437619e-9, 3.669322284129931e-11, 5.228470425428005e-11, 1.409212754871287e-10, 0.26979015417650637, 2.7842291233317034e-11, 0.2102290343068947, 0.21022903472290583, 0.21022903421377978, 4.95715099630525e-11, 1.9985503326033544e-11, 1.8347148492095285e-10, 0.21022903645375685, 3.0119709876492056e-11, 2.597554769684646e-11, 2.8684593504666155e-11, 3.7212954684211135e-11, 4.061979046178175e-11, 1.6876235095454913e-11, 0.2102290361957686, 7.978390752704611e-11, 0.2102290340345784, 0.19609270666918663, 3.562280029248113e-11, 1.826436512315086e-11, 2.1562833276632876e-11, 5.885644451489634e-11, 2.356798897587233e-11, 0.21022903437413462, 0.21022903610351582, 0.21022903412797705, 0.210229034614015, 3.82063325411096e-11, 0.21022903435849438, 0.21022903421265354, 4.201860183348284e-11, 0.21022903418898828, 0.21022903414527197, 2.2635302629064524e-11, 2.2852516908101684e-11, 0.2102290340719044, 9.488334949964198e-11, 0.21022903413470043]
v_opt: [0.46471206695313766, 0.7897709639028366, 0.6237381754498817, 0.04419624809576011, 0.038452350967878676]
solution time: 0.015564918518066406
McCormick lower bound: -4.608742815609864

