x_opt: [0.7899540966243872, 0.3189592231564429, 0.7899540971318721, 0.2100458929804177, 0.7899541035375678, 0.21004586832583105, 0.7899541316124378, 0.4657367895084301, 0.2692594595142859, 0.2100459035984864, 0.19831778821404722, 0.7307405398439314, 0.21004590293316347, 0.21004586789360905, 0.21004589362669232, 0.3189592234384682, 0.21004586649375026, 1.0140123084961977e-9, 0.2100458670628214, 0.21004586683668966]
w_opt: [0.7899540961461892, 0.5799082003196072, 6.327799179119583e-10, 1.8240315604988307e-10, 0.520694636687421, 0.2100459019222185, 2.268573830632174e-10, 7.246431481065863e-10, 0.2100458659847108, 5.96373809140833e-10, 2.146447995688452e-10, 0.10891332053857829, 0.10891332811678431, 0.3189592216994622, 0.21004590339239093, 0.21004586748323806, 7.54530933161532e-10, 0.3189592228504544, 0.21004589228800807, 0.5799082288730543, 0.2556908868278415, 1.4736199759046408e-9, 0.5206946378766683, 0.3189592217426501, 7.80934003860132e-10, 8.482209249198761e-10, 0.21004586689468113, 7.323951482526163e-10, 3.0234013941095664e-10, 1.2800200285520532e-9, 0.21004589271277987, 0.21004589266858317, 0.210045891407332, 1.3544723625190122e-10, 7.285863887523805e-9, 0.210045866351127, 1.9038458232891962e-10, 2.971818854547198e-10, 0.2692594593729525, 9.076197240540305e-9, 7.523911370515243e-9, 1.7818136899440025e-10, 6.693184598498259e-10, 0.21004586325382413, 1.399922453255047e-10, 0.210045867782359, 0.21004586755138294, 4.5957317884935413e-10, 0.21004586791410684, 0.2100458664943268, 3.0492181521391277e-10, 0.2100458681662378, 2.1005323430661973e-10, 6.302791386435101e-10, 0.21004586687478952, 7.13064202886389e-10, 0.7307405396788124, 1.5144865788729808e-7, 4.511213132309119e-10, 6.675711321520773e-10, 1.6096218739727515e-9, 0.2692594592942739, 2.4649242665141604e-10, 0.2100458929788775, 0.2100458662047155, 0.21004586672838563, 5.836625085876175e-10, 1.4920526107322727e-10, 3.653011393566467e-10, 0.21004590272648724, 2.489234701561919e-10, 2.3040207163761978e-10, 2.2850972921898962e-10, 2.6237369246097264e-10, 3.0611015288353583e-10, 1.2375622861832915e-10, 0.210045902700686, 8.090231580553966e-10, 0.21004586578768925, 0.19831778804244307, 2.963461939138757e-10, 1.4397175754595473e-10, 1.392996609609943e-10, 5.025702244891849e-10, 2.0899236510939402e-10, 0.2100458934280487, 0.21004589963480721, 0.21004586640687922, 0.21004586509876724, 3.8311210052132746e-10, 0.2100458932715461, 0.21004586551232285, 3.522778241542013e-10, 0.21004586670422376, 0.21004586666699118, 2.0835908240806993e-10, 1.7484101495998706e-10, 0.21004586475033363, 7.768306153463542e-10, 0.21004586576726744]
v_opt: [0.4657367892635738, 0.7899540968548286, 0.6240274973118638, 0.04411928206576184, 0.039329998186582615]
solution time: 0.012928962707519531
McCormick lower bound: -5.897849758198304

