x_opt: [0.7699063799797108, 0.23009357885017592, 0.7699066843455706, 9.80840819290965e-7, 0.7456222073303855, 0.2543777739287175, 0.7699063993040987, 0.7088885887790856, 0.46401235636379934, 0.2300933032778869, 0.23009353363404011, 0.5359876465010167, 0.25437778343836714, 0.23009359688201136, 0.2543776607703428, 0.25437944964498593, 9.814904651891258e-7, 4.468355185904318e-9, 0.15613682932639947, 0.15613682359429548]
w_opt: [0.769906379398452, 0.5155285877362256, 1.0831852852610494e-9, 1.2417543483196478e-9, 0.30589402714151354, 0.25437777941276835, 1.443824617695534e-9, 0.024284078456043856, 9.7993082599184e-7, 2.7835696533481753e-9, 7.41349329314019e-10, 2.6362875472977544e-7, 1.5117997723534755e-8, 0.23009357138499725, 0.23009330271684958, 0.23009356946409265, 1.3222903882843175e-8, 0.23009357811136286, 9.784492273710798e-7, 0.5398130844511323, 0.47879527406493555, 2.128790187476553e-9, 0.3058943345653181, 0.25437944617651703, 2.7920823257156796e-9, 3.6832223280360994e-9, 0.15613682846916516, 1.6143382386066656e-9, 5.513703305641764e-10, 2.9395184699803274e-9, 9.794116691120025e-7, 9.79753164781383e-7, 9.763487775868512e-7, 8.032541381157396e-10, 3.056288005703374e-8, 9.793733501800974e-7, 9.410977168303276e-10, 1.7651497232439102e-9, 0.4640123557088309, 5.618607294948383e-9, 7.542726063186331e-10, 9.200372116887399e-10, 8.459404094574146e-10, 9.700466880134873e-7, 8.155946968049275e-10, 0.25437777141385337, 0.2543777699669262, 1.5929631543658432e-9, 0.2543777725333498, 0.23009359166678314, 1.6043022401032937e-9, 0.2543777731308352, 1.0446688825708172e-9, 2.660503050369152e-9, 0.15613682788918373, 1.817442330204258e-9, 0.5359876453015929, 0.024284196370521993, 8.106559992955913e-10, 3.019135241810925e-9, 1.3847528083992622e-8, 0.46401235542516256, 9.72646116898181e-10, 0.25437765778582055, 9.799341197565371e-7, 0.15613682832196907, 9.682357520095516e-10, 7.097540433150874e-10, 7.83557453766206e-9, 0.25437778270843286, 1.7061177282296245e-9, 7.943520703368997e-10, 1.3574876354047696e-9, 2.8551813532342386e-9, 2.751398417072201e-9, 8.640867561445911e-10, 0.23009330224091265, 1.5146504522886955e-9, 0.15613682406489515, 0.23009353292018078, 1.3254829560791203e-9, 9.596013294656312e-10, 1.3413027024862724e-9, 1.662703280779055e-9, 7.775942618785362e-10, 0.25437766025964587, 0.25437777095711395, 0.15613682252650063, 9.754185511407083e-7, 1.4317658496167356e-9, 0.2543776598895803, 9.75265020091037e-7, 1.3156509959772797e-9, 0.15613682823304897, 0.15613682248438643, 7.60852285001616e-10, 8.484599152382978e-10, 9.70865253540914e-7, 3.5488206643371485e-9, 0.1561368176504441]
v_opt: [0.7088885880633593, 0.7699066834475996, 0.5559524795440481, 0.05294305073127408, 0.05294304425733753]
solution time: 0.013401985168457031
McCormick lower bound: -4.544398348176511

