x_opt: [0.79062391191943, 0.31584529993154664, 0.7906239280221845, 0.20937526240244952, 0.7906238888867426, 0.20937512140294676, 0.7906248316084531, 0.4694875608063181, 0.26731722550047393, 0.20937609896413625, 0.2064622509717936, 0.7326827675175979, 0.20937609855938943, 0.20937516601435815, 0.20937557101035015, 0.31584530513448633, 0.20937516885579938, 7.9057923113024e-9, 0.20937507185847215, 0.20937503771842422]
w_opt: [0.7906239082427607, 0.581247801900216, 1.1339084032505465e-8, 1.3336208639719702e-9, 0.5233066810808502, 0.20937609105507252, 1.664401069416957e-9, 4.460223060360517e-9, 0.20937516534730571, 4.783109036327558e-9, 1.569031438615179e-9, 0.10646922924641235, 0.10646921389537306, 0.31584528962770186, 0.20937609729797202, 0.2093751632965058, 6.555296819728982e-9, 0.31584529784553145, 0.20937525775763585, 0.5812487606481911, 0.2601114901998867, 3.3563882656232626e-8, 0.5233067023964669, 0.31584529490221397, 6.69654463884695e-9, 6.713347861163088e-9, 0.20937507064178768, 4.9317922115869515e-9, 1.3761559065588709e-9, 7.334700715250135e-9, 0.20937526050965902, 0.20937526000136725, 0.20937525539569343, 1.055980308254968e-9, 4.026497013576328e-8, 0.20937516786985577, 1.406754570468921e-9, 2.370640526959472e-9, 0.267317224486647, 1.356618739722205e-8, 3.5928776116542057e-9, 1.2890345827279e-9, 2.624559560663142e-9, 0.20937514430640516, 1.031297040165154e-9, 0.2093751169278991, 0.20937511595278507, 2.791299744152042e-9, 0.2093751190398151, 0.20937511498171324, 2.406930748649601e-9, 0.20937512016243787, 1.6131595008990548e-9, 4.943939570401527e-9, 0.20937507048311438, 4.192489972601243e-9, 0.7326827661876519, 1.298798674758641e-6, 2.203304653953065e-9, 3.4960379912629404e-9, 7.223579648976203e-9, 0.2673172239500232, 1.6430838634918862e-9, 0.20937556621020062, 0.2093751667271706, 0.20937506955513832, 2.91883834137583e-9, 1.1499984639701532e-9, 5.541792554211008e-9, 0.20937609700729407, 1.8834705115994583e-9, 1.649465075433902e-9, 1.7922097799338072e-9, 2.1281587764791377e-9, 2.2487208287723224e-9, 9.701928735832741e-10, 0.20937609599706666, 4.793763827666998e-9, 0.2093750631087557, 0.2064622498031092, 2.1574238535252826e-9, 1.105941129309659e-9, 1.103631796179211e-9, 3.1859140871195077e-9, 1.5449125430943912e-9, 0.2093755695842731, 0.2093760778388773, 0.20937503510371555, 0.20937513896025736, 2.6461518020231297e-9, 0.20937556885285197, 0.20937515905136014, 2.479129164049364e-9, 0.209375069521505, 0.209375036252641, 1.4832694999095021e-9, 1.3804347556234404e-9, 0.2093750330885928, 6.210161351373608e-9, 0.20937502675422054]
v_opt: [0.4694875592850879, 0.790623926097384, 0.6250861753253043, 0.04383847975851647, 0.042626876853891355]
solution time: 0.012790918350219727
McCormick lower bound: -5.821119603530662

