x_opt: [0.7994084700202408, 0.20059161509184853, 0.7994085095315184, 0.20057725978126226, 0.7994084960469803, 0.200588170070441, 0.7994117686551975, 0.5470670470345567, 0.2805656383831023, 0.2005915138459449, 0.20059134513570132, 0.719434360343482, 0.2005915104804752, 0.2005882308328397, 0.20059107049260028, 0.33341842219289036, 0.20057719578672584, 2.61049838484742e-8, 0.2005772176806346, 0.20057713626961726]
w_opt: [0.7994084633477844, 0.5988169701646155, 1.1224699705898322e-8, 1.0720494851358398e-8, 0.5188428356030828, 0.20059148450002315, 5.75036212472777e-9, 2.40409339164556e-8, 0.20057718428960464, 1.5493958108958506e-8, 5.4416184879800954e-9, 1.286749419411152e-7, 1.4511874387233426e-7, 0.2005915782734232, 0.20059150791438202, 0.20058821977931024, 3.1041883574707825e-8, 0.20059161021980562, 0.20057724251551234, 0.5988202825021778, 0.3464755617868496, 3.9994729909567145e-8, 0.5188428945601805, 0.33341839561923253, 1.976709971167156e-8, 2.1758907678495053e-8, 0.20057721285424043, 1.3902328945324728e-8, 4.209977956444966e-9, 2.7526877677000542e-8, 0.20057725207244023, 0.2005772517078082, 0.20057722598166308, 4.5686108952347675e-9, 1.1637844570936798e-7, 0.20057719123398327, 5.527274323102341e-9, 1.0118396726089393e-8, 0.2805656345858683, 5.6324252208133025e-8, 8.898172833837094e-9, 5.259353192723942e-9, 9.910326917116115e-9, 0.20057711732147926, 4.363002781430144e-9, 0.20058815176359937, 0.20058814792766683, 1.0664254133138217e-8, 0.20058816337284532, 0.200588162708459, 9.852592389675368e-9, 0.20058816497330123, 6.3983853945686155e-9, 1.550697483225052e-8, 0.20057721183145763, 1.4158450949316468e-8, 0.7194343543086009, 3.442014355306615e-6, 9.900525312498831e-9, 1.2903174468915311e-8, 2.3583857849970317e-8, 0.2805656326963212, 6.601430096856066e-9, 0.20059105267522587, 0.20057718737046554, 0.2005772104252555, 8.166385247320825e-9, 4.684503781995629e-9, 1.37480346133204e-8, 0.2005915052297175, 8.092013864037463e-9, 5.662184340135444e-9, 7.156667709231644e-9, 1.0917522799543627e-8, 1.145991025282098e-8, 4.215126970716297e-9, 0.20059149795009643, 1.204939425210144e-8, 0.20057717831117333, 0.20059134020731015, 8.284148084119455e-9, 4.793609371067976e-9, 5.43742336691487e-9, 1.1631566738555736e-8, 5.30940294127615e-9, 0.20059106578414782, 0.20059138115845346, 0.20057712819058426, 0.2005771742851675, 9.808944279214605e-9, 0.20059106303561067, 0.2005771636334521, 8.228785893417214e-9, 0.20057720904917492, 0.20057713065952254, 5.224579472951199e-9, 5.222660639129773e-9, 0.20057711698450542, 2.0261731605592165e-8, 0.20057712891444318]
v_opt: [0.5470670421432251, 0.799408503026509, 0.6390546152102526, 0.04023711527484009, 0.04023696919063828]
solution time: 0.013125896453857422
McCormick lower bound: -5.250030746727843

