x_opt: [0.7171987715994996, 0.3322158104187858, 0.7171987734604695, 0.1383677753346053, 0.7171987718759361, 0.1704702861285637, 0.8295298923447465, 0.39219711883239095, 0.28280123090797404, 0.282801227464564, 0.2065932198000469, 0.7171987678234937, 0.28280122776970473, 0.1704701129506099, 0.28280121368144834, 0.3322158200629741, 0.13836777339891337, 3.4971531891737913e-9, 0.17046967069564425, 0.13836792509090803]
w_opt: [0.7171987706774531, 0.4343975440349005, 1.1744301017370008e-9, 7.233084013178095e-10, 0.4343975400779529, 0.28280122524004425, 6.228145214722393e-10, 2.429610739589482e-9, 0.1383677718116519, 2.075518288482981e-9, 6.59046002741648e-10, 0.049414584497994594, 0.0494145856385556, 0.3322158054674543, 0.28280122687741654, 0.17047011154128747, 2.4420667430478913e-9, 0.3322158097468143, 0.1383677732515735, 0.546728666232339, 0.10939589277862805, 3.498254973246856e-9, 0.4343975439605603, 0.3322158154808493, 2.476439143066253e-9, 3.048304059706829e-9, 0.17046967018116643, 2.1631255845323756e-9, 6.120910592440966e-10, 3.972899661488616e-9, 0.13836777447299517, 0.13836777430643318, 0.13836777204517098, 4.320179489719817e-10, 2.687852038097225e-8, 0.13836777268815412, 6.550195748602618e-10, 1.016461580095297e-9, 0.2828012304177183, 8.315919845274325e-9, 2.6589339986956715e-9, 5.676998568321942e-10, 1.3887266833084388e-9, 0.13836776356463398, 4.1573908687845026e-10, 0.17047028415419513, 0.17047028391167213, 1.3693721560907187e-9, 0.17047028500972766, 0.17047011126226153, 9.718844738001542e-10, 0.17047028564052596, 6.34541949366976e-10, 2.1892066688146477e-9, 0.17046967020582995, 2.459586736226126e-9, 0.7171987672515721, 0.1123311744830093, 6.2182395524973866e-9, 1.9723924833356926e-9, 1.8063765919285112e-9, 0.28280123029608417, 7.623067948968406e-10, 0.28280121216868537, 0.1383677723743139, 0.1704696696063213, 1.359865412045206e-9, 4.5169688371947156e-10, 1.0949540383080075e-9, 0.2828012270887435, 8.21115904645903e-10, 6.846933811092469e-10, 7.626392974719945e-10, 8.324008208546121e-10, 9.39141936594467e-10, 4.896858488634072e-10, 0.2828012265740499, 1.7158529567665216e-9, 0.1704696668777146, 0.2065932193520337, 1.001435174961471e-9, 4.99853154328722e-10, 5.261444319348235e-10, 2.3264226372715767e-9, 6.748036990034026e-10, 0.2828012130839008, 0.2828012048384434, 0.13836792380285637, 0.1383677719221342, 1.361728566538915e-9, 0.2828012127961266, 0.13836777012260115, 1.0626285359044462e-9, 0.17046966967259444, 0.13836792458806182, 6.613805727795182e-10, 5.578922750035957e-10, 0.13836776844722418, 2.814027134756437e-9, 0.13836792431818337]
v_opt: [0.3921971181388052, 0.7171987724640599, 0.5143741173456572, 0.07997656335180744, 0.04268077052054237]
solution time: 0.012274026870727539
McCormick lower bound: -7.498185697003231

