x_opt: [0.5763020706279964, 0.25343411613176187, 0.8494352959034823, 0.1505647078316001, 0.8494352922513533, 0.15056470423811874, 0.8494352923020159, 0.8494352999018508, 0.8042222639967753, 0.15056470413570808, 0.1188908043112459, 0.8102071289452293, 0.1505647043014304, 0.15056470742717715, 0.1505647015661833, 0.2534341183518151, 0.15056470462798038, 1.5351767903638722e-10, 0.15056470127705457, 0.1505647005405308]
w_opt: [0.5763020705996114, 0.425737361476725, 4.3279263579350605e-11, 3.0497183548374147e-11, 0.3865091995995622, 0.15056470410974693, 3.728313291471253e-11, 1.0882761283768014e-10, 0.15056470457051616, 9.460859579573161e-11, 2.4528458007559597e-11, 0.10286941205780911, 0.10286940717940177, 0.2534341159675172, 0.1505647041090138, 0.15056470737148356, 1.5132733709450357e-10, 0.2534341161090395, 0.15056470773311714, 0.6988705882256321, 0.6988705958448714, 2.148104104025288e-10, 0.65964242500382, 0.2534341181814074, 6.850171389335382e-10, 1.2368687351483097e-10, 0.15056470125187538, 6.410176157797916e-11, 2.5960357613895917e-11, 1.6869552319005506e-10, 0.15056470779579867, 0.1505647077891842, 0.15056470379814793, 2.435702450104547e-11, 7.941939550047257e-10, 0.15056470460670862, 2.5544119195544982e-11, 4.795989379757506e-11, 0.8042222639802196, 1.926964789174737e-10, 3.4743877549513565e-11, 2.963861762257163e-11, 5.0423501460964533e-11, 0.15056470402515826, 2.1445947112583502e-11, 0.15056470415092033, 0.15056470409277883, 6.359776265832814e-11, 0.15056470415847184, 0.15056470413016368, 4.524694979102428e-11, 0.1505647042071479, 3.7196552239473606e-11, 9.455792641634196e-11, 0.15056470124827623, 7.013865989290012e-11, 0.8102071289177823, 5.082344836779265e-9, 3.2291466870650665e-11, 5.065515244562567e-11, 1.288150398921462e-10, 0.804222263962228, 2.9150524850659374e-11, 0.15056470141633216, 0.150564704593554, 0.15056470124246873, 5.048189220647587e-10, 2.8347648525846157e-11, 0.6144293930610255, 0.15056470426225524, 3.3243477842403156e-11, 2.9665874556194327e-11, 3.414160143094733e-11, 5.2893765272664715e-11, 5.57607356056971e-11, 2.04927032217554e-11, 0.15056470405336037, 9.305267722735526e-11, 0.15056470102216216, 0.11889080428966926, 4.1880800014488597e-11, 2.0638253702604665e-11, 3.152440571560014e-11, 6.654890275944144e-11, 2.6708668720587622e-11, 0.15056470153332832, 0.15056470389350007, 0.15056470050017368, 0.1505647044567537, 4.057893069511075e-11, 0.15056470152021895, 0.15056470139741082, 4.784250698886149e-11, 0.15056470119675938, 0.15056470051087636, 2.4707971836387556e-11, 2.9740638277237866e-11, 0.15056470043884834, 1.169084937999034e-10, 0.15056470050157558]
v_opt: [0.8494352998760571, 0.8494352958734597, 0.7215403370317999, 0.022669731674542625, 0.014135023992817278]
solution time: 0.0166628360748291
McCormick lower bound: -3.9540692947596368

