x_opt: [0.7692087887217097, 0.23078978295755295, 0.7692102199528825, 2.0016965952494057e-7, 0.7384802892873981, 0.2615196943587031, 0.769210218094956, 0.7169281382906556, 0.4827274332232356, 0.23078978010867163, 0.196092621252368, 0.5172725666392427, 0.26151970849562906, 0.23078978193146452, 0.2615197010336481, 0.26151970286651277, 2.0015778016873315e-7, 1.4188616200822676e-9, 0.14726681235456662, 0.14726681230792735]
w_opt: [0.7692087885196707, 0.5076890782059715, 3.8273571673408645e-10, 4.4484488246143857e-10, 0.2864813555797157, 0.26151970721156037, 3.8627332984659925e-10, 0.030728495287038256, 1.996329838919533e-7, 8.8413601051334e-10, 2.8773457689026156e-10, 3.076650024979633e-9, 1.5678794371671266e-9, 0.23078978098543418, 0.23078977978024767, 0.23078977901064565, 4.34817878916505e-9, 0.23078978273084633, 1.993196346016871e-7, 0.5384204383416857, 0.48613835854002135, 9.360200722650947e-10, 0.2864827878606011, 0.26151970182614953, 1.1348395952890394e-9, 1.1702154947556393e-9, 0.14726681206735315, 7.670558460903887e-10, 1.7667912278153922e-10, 1.4612372557862303e-9, 1.9965887212238934e-7, 1.9979078005887407e-7, 1.9696131662438678e-7, 3.0312401556570704e-10, 5.814925723624901e-9, 1.9966960925665114e-7, 3.3219425590758743e-10, 7.540206889552327e-10, 0.4827274329983997, 1.1397708728580704e-9, 2.154933045832761e-10, 4.196008393840657e-10, 4.726653728992565e-10, 1.9620935640978308e-7, 3.0200057088704103e-10, 0.2615196933120261, 0.2615196929044132, 5.347171011789229e-10, 0.26151969401365655, 0.23078978082200602, 6.401347582028459e-10, 0.2615196940421783, 3.912351603591415e-10, 8.341849030225912e-10, 0.1472668118291691, 6.374378574762891e-10, 0.5172725661824761, 0.030729940033383998, 4.322930132190717e-10, 6.91415628265029e-10, 1.165583404973746e-9, 0.4827274329253929, 3.607796553781025e-10, 0.2615197000297005, 1.9961005702219832e-7, 0.14726681202525987, 3.164294571778529e-10, 2.7105086504040016e-10, 9.733479613922084e-10, 0.26151970825810195, 6.366117918304198e-10, 2.7304207292699104e-10, 4.720832583964756e-10, 1.337393625861253e-9, 1.121120233424313e-9, 3.0640486034671134e-10, 0.2307897797014812, 4.5759664298357727e-10, 0.14726680892700242, 0.1960926209383134, 4.678115114470141e-10, 3.479587036332975e-10, 4.980869632736707e-10, 5.482385602016931e-10, 2.6698455725857196e-10, 0.26151970081602177, 0.26151969133578246, 0.14726681195384522, 1.9888883902191759e-7, 5.186025953952396e-10, 0.2615197005762511, 1.973745895298488e-7, 4.2122751193774387e-10, 0.14726681196846503, 0.14726681185737467, 2.6138107978707465e-10, 2.959729950482581e-10, 1.9942312354036834e-7, 1.124751644065743e-9, 0.14726681150642992]
v_opt: [0.7169281380599359, 0.7692102196468587, 0.5453531445903711, 0.0532639373006011, 0.038452317463344]
solution time: 0.012799978256225586
McCormick lower bound: -4.674193706724031

