x_opt: [0.7907742587300549, 0.3151492963562812, 0.7907742610952658, 0.20922569538854832, 0.7907742818672606, 0.20922561984595503, 0.790774380550738, 0.4703258717991992, 0.2668829284965123, 0.20922574036897132, 0.2082822389280792, 0.7331170686152099, 0.209225739444542, 0.20922561864631792, 0.2092257159284273, 0.3151492973262033, 0.20922561657577807, 4.040318644852008e-9, 0.2092256169277805, 0.2092256144998259]
w_opt: [0.7907742576337016, 0.5815485412816683, 1.8064969867584834e-9, 9.371778312994564e-10, 0.5238913282799619, 0.20922573590354587, 9.605851960008297e-10, 2.5157127683830546e-9, 0.20922561439211584, 2.2706477798696345e-9, 8.017083702021765e-10, 0.10592355854812763, 0.10592358289699126, 0.31514929095673744, 0.20922573943979145, 0.2092256169189856, 2.626157652362652e-9, 0.31514929491106314, 0.20922569255879447, 0.5815486422172772, 0.26110013369380763, 4.249350869465819e-9, 0.523891333019078, 0.3151492908325554, 2.9059841591726038e-9, 3.3337768000446023e-9, 0.20922561616134613, 2.205491611419172e-9, 1.129413894971706e-9, 4.362195861276205e-9, 0.20922569417495923, 0.2092256939457769, 0.20922569100312813, 5.920949209319495e-10, 2.092765815510696e-8, 0.20922561592713132, 8.32843689796959e-10, 1.2219607678679685e-9, 0.26688292783374407, 2.7719931460436377e-8, 2.29437103654142e-8, 7.434379525052394e-10, 2.451323699847977e-9, 0.2092256055040601, 5.808277021020117e-10, 0.20922561768135886, 0.2092256165234804, 2.1427860422485366e-9, 0.209225618214994, 0.209225614389166, 1.1302150675538028e-9, 0.20922561914565507, 8.573200867087398e-10, 2.4098683629667993e-9, 0.20922561610019713, 2.6353971022780526e-9, 0.7331170678713218, 2.1552723307750774e-7, 1.8539884161905933e-9, 2.7681185751229005e-9, 5.202482160866919e-9, 0.2668829275050125, 1.0254813037825078e-9, 0.20922571342994245, 0.2092256152492285, 0.2092256154429013, 2.164957226779655e-9, 5.91582457428788e-10, 1.1922460830927228e-9, 0.20922573860146704, 1.0707005822023245e-9, 9.472405045617488e-10, 9.526021266835688e-10, 1.0491613214571326e-9, 1.1820076298739399e-9, 5.614631504148682e-10, 0.20922573834063538, 2.687651025206907e-9, 0.20922561147044963, 0.20828223779354754, 1.1723611766125326e-9, 6.694591216805665e-10, 6.100550729114507e-10, 2.162514474900856e-9, 8.480658258153844e-10, 0.20922571505501258, 0.20922572569408318, 0.2092256127158221, 0.20922561199739237, 1.5364932278919675e-9, 0.20922571438979817, 0.20922561255427613, 1.4297664517718112e-9, 0.20922561546841614, 0.2092256138728008, 8.74470732600834e-10, 7.283730748227541e-10, 0.20922561002429532, 2.990553328375315e-9, 0.20922561302955667]
v_opt: [0.4703258707043289, 0.7907742597866823, 0.6253239694856028, 0.04377541061169116, 0.04338149184134908]
solution time: 0.015167951583862305
McCormick lower bound: -6.154705563091947

