x_opt: [0.7728738934759575, 0.22712632323076834, 0.772875258069555, 2.4451147350749593e-7, 0.772872116582838, 0.227127294200745, 0.7728738937658994, 0.6269361710076831, 0.41957713927727336, 0.22712471459127237, 0.22712610336083194, 0.5804228387908493, 0.22712747998245655, 0.2271261055684539, 0.22712514088519997, 0.2951902563386916, 2.374311809965263e-7, 7.026791503520612e-9, 0.22712475561524606, 0.22712474361508111]
w_opt: [0.7728738925700227, 0.545746010617282, 2.225494777233138e-9, 1.3944088461116038e-9, 0.3532967330268214, 0.2271274732134691, 6.237513005500486e-9, 4.747837906698267e-9, 2.3538250143861383e-7, 4.631204910106669e-9, 6.878959649473655e-10, 1.5819595461168972e-6, 4.805756289191453e-9, 0.227126310772169, 0.22712471356603675, 0.2271261036191061, 1.4006955235480212e-8, 0.22712632240168965, 2.402760710929756e-7, 0.5457491526231273, 0.39981143045976136, 2.346659973335613e-9, 0.35329810317182425, 0.29519024831542356, 5.180819753475965e-9, 5.8813150246181815e-9, 0.2271247544816944, 1.2838284148197993e-8, 7.486900122981022e-10, 1.2606481953542733e-8, 2.423955798782645e-7, 2.4299455191322717e-7, 2.328656686353195e-7, 8.606213562792598e-10, 6.25281772652584e-8, 2.3579866432187522e-7, 1.171204403699413e-9, 2.4106336165441118e-9, 0.41957713858250856, 1.0724212416374992e-8, 6.890062839651526e-10, 9.469336430557357e-10, 1.5114345656411828e-9, 2.080685226357225e-7, 8.926351675138492e-10, 0.22712729174154728, 0.2271272862999458, 2.794227088004481e-9, 0.22712729311719834, 0.22712610307587183, 1.5904993263919601e-9, 0.22712729339841364, 1.2596362631412034e-9, 4.680790849532879e-9, 0.22712475452712486, 2.8870802401866977e-9, 0.5804228377960264, 1.9542731053255845e-6, 1.6100600970256208e-9, 2.9144997557276783e-9, 6.296830317058314e-9, 0.4195771379962154, 1.155748301206312e-9, 0.22712513662699757, 2.3570635649089742e-7, 0.22712475426470585, 1.4223998622911896e-9, 7.224475407614176e-10, 3.1168415467977446e-9, 0.2271274791491377, 1.910901738418923e-9, 9.135675090224976e-10, 1.6132369301475672e-9, 2.5384996952952165e-9, 3.5423992087476743e-9, 8.575630540146208e-10, 0.22712471349446947, 3.2115447297710455e-9, 0.22712458852740539, 0.22712610230568114, 1.989251208492259e-9, 9.737052161292771e-10, 1.1825747607966499e-9, 1.8633837395543903e-9, 8.937995343376124e-10, 0.22712514023108848, 0.22712745281466945, 0.22712474250679915, 2.3196426507255846e-7, 1.5792404516886977e-9, 0.2271251395168396, 2.3049746320804565e-7, 2.327919805861756e-9, 0.227124754439178, 0.2271247427548904, 8.840167297799449e-10, 9.715557247324267e-10, 2.3416113898355526e-7, 5.810123298315693e-9, 0.22712474014239534]
v_opt: [0.6269361700012469, 0.7728752571239601, 0.5973313564843223, 0.05158573804586748, 0.05158634767742739]
solution time: 0.013824939727783203
McCormick lower bound: -3.9656295875036953

