x_opt: [0.7994132999865079, 0.20058678312087186, 0.7994133295927991, 0.20058510448987552, 0.7994132127999043, 0.20058633142568016, 0.7994136604924376, 0.5470604630996352, 0.28055842339977033, 0.20058668576509847, 0.20058621563536047, 0.7194415498314033, 0.20058674075129385, 0.2005863398062212, 0.20058658458133277, 0.3334240427368463, 0.20058509398854485, 1.3191186310705491e-8, 0.20058509523230525, 0.20058508544831097]
w_opt: [0.7994132968456443, 0.5988265149708556, 5.4357313878170526e-9, 5.17984736149574e-9, 0.5188548524877107, 0.2005867270337031, 2.935078397593809e-9, 1.3630854679799498e-8, 0.2005850880552469, 7.761673085839158e-9, 2.921531976696748e-9, 1.1486759088375428e-7, 4.2961945231062723e-8, 0.20058676536021977, 0.20058668248407788, 0.20058633348240637, 1.5068597511571777e-8, 0.2005867803675923, 0.20058509571858701, 0.5988269923935988, 0.3464737954716163, 2.3742081006511094e-8, 0.518854891634195, 0.3334240290614177, 1.0411919871444303e-8, 1.088091422003352e-8, 0.20058509268535837, 7.56632871198363e-9, 2.2355897931408588e-9, 1.3355106756994765e-8, 0.20058510041626415, 0.20058510027100498, 0.2005850855095762, 2.437454694060375e-9, 5.639149578394399e-8, 0.20058509136649422, 2.8788149196916675e-9, 5.2270296622386514e-9, 0.2805584213465062, 1.7656501465735375e-8, 3.0809137061248094e-9, 3.1078127219175353e-9, 5.167027065017403e-9, 0.20058505598244689, 2.300343263665118e-9, 0.20058632200759677, 0.2005863194060708, 5.661892832285356e-9, 0.20058632766820855, 0.20058630909949896, 5.045902176663828e-9, 0.20058632868131057, 3.368606705832087e-9, 7.682811965882846e-9, 0.2005850920819108, 6.949107227828552e-9, 0.7194415465507334, 6.7027680283363e-7, 5.048095823818878e-9, 6.312112738924961e-9, 1.2488811418650749e-8, 0.28055842039706225, 3.4955973227838886e-9, 0.20058657511024933, 0.20058508950553602, 0.20058509148455594, 4.223961419420635e-9, 2.4885141879876077e-9, 9.627345682301839e-9, 0.20058673800045276, 4.224487868792898e-9, 2.9662588289059503e-9, 3.691024641503034e-9, 5.680810926058324e-9, 5.902071071697119e-9, 2.2827517332442266e-9, 0.20058668191228837, 6.169010263832039e-9, 0.20058507325614439, 0.20058621292017909, 4.106051074047855e-9, 2.5534647141197653e-9, 2.958473846737453e-9, 6.196442492320748e-9, 2.7335724542450413e-9, 0.2005865820149316, 0.20058668326186696, 0.2005850811668189, 0.20058508272556033, 5.033908777747215e-9, 0.20058658064991458, 0.2005850763643311, 4.157074141410198e-9, 0.2005850906459725, 0.20058508247975557, 2.720172790441355e-9, 2.729771011080503e-9, 0.20058506941806453, 1.0050368757989957e-8, 0.20058507446790996]
v_opt: [0.547060460507234, 0.7994133261324211, 0.639061536159264, 0.040235164911298804, 0.04023493759950973]
solution time: 0.012209892272949219
McCormick lower bound: -5.223579139410658

