x_opt: [0.6754450492563441, 0.3245564351853569, 0.6754450512685543, 5.1256550786463027e-8, 0.675445044781325, 0.14819050835325756, 0.8518095031071841, 0.42266914435058534, 0.3245550256869458, 0.32455494638522453, 0.320868915258682, 0.6564774058301934, 0.3245549552513954, 0.1481904959700741, 0.32455495390267086, 0.32455646969778523, 4.935232826425946e-8, 3.92217787526674e-9, 0.14819050140169412, 0.14819048022426135]
w_opt: [0.6754450481018329, 0.35089009399841375, 1.010052359125939e-9, 9.158071185908919e-10, 0.3319224555655611, 0.3245549525147283, 1.0588763798918234e-9, 1.043696756268217e-8, 4.771626526025668e-8, 2.356191063710828e-9, 6.2246859997432e-10, 1.4866148088646773e-6, 1.4848734570811294e-6, 0.32455642964137427, 0.32455494560360826, 0.14819049448506427, 3.6962062402019195e-9, 0.32455643424304687, 4.904269790255471e-8, 0.5272545555964835, 0.0981141960417109, 1.4955962406173752e-9, 0.3319224575421121, 0.32455646590297327, 3.0072934888179873e-9, 3.213736717741087e-9, 0.14819050054235522, 2.2296310366629247e-9, 6.765682092789224e-10, 3.787655777142088e-9, 4.9663969540245985e-8, 5.029429135050862e-8, 4.6012351436010214e-8, 5.999348691075734e-10, 1.0662521028350453e-8, 4.848684803250004e-8, 9.158127863425313e-10, 1.2820402754238227e-9, 0.32455502493399746, 6.93911508208915e-9, 1.277336020654166e-9, 7.674465927857372e-10, 1.7856957214049465e-9, 4.2375323666929365e-8, 6.899553829341846e-10, 0.14819050662568684, 0.1481905046528927, 1.8538976719964494e-9, 0.14819050735730138, 0.1481904930523336, 1.0701898732552221e-9, 0.14819050774024403, 7.783841079850192e-10, 2.386256297058995e-9, 0.1481905004302007, 1.8790331067092152e-9, 0.6564774050073733, 0.17636451518578344, 1.2048256201222651e-9, 7.695508234812604e-9, 6.443810021492617e-9, 0.32455502474744297, 9.779299401251118e-10, 0.32455495176496235, 4.76934885769877e-8, 0.14819050026059094, 1.2618076523549645e-9, 4.742940824776359e-10, 7.306551188454474e-10, 0.3245549547678796, 1.646439993858763e-9, 7.337624336141109e-10, 1.1292086110289189e-9, 1.4144608271621113e-9, 1.5654255187209742e-9, 6.401262824506125e-10, 0.3245549454462957, 1.4460828980297575e-9, 0.14819049558201491, 0.3208689145548029, 1.1282942679883034e-9, 8.768594432143765e-10, 7.446544878301312e-10, 1.451673319237231e-9, 7.03451670868027e-10, 0.3245549531737061, 0.3245549372726767, 0.14819047910175837, 4.662992352798404e-8, 1.395576132151079e-9, 0.324554952730184, 4.478498405026161e-8, 1.4001182916074154e-9, 0.14819050047849636, 0.14819047954963233, 7.322495770588273e-10, 6.426593676980763e-10, 4.7541836947055776e-8, 3.0318004291668768e-9, 0.14819047926939136]
v_opt: [0.4226691433856274, 0.675445049924865, 0.45622607776894, 0.10533602157805369, 0.1029568939230399]
solution time: 0.03128194808959961
McCormick lower bound: -5.384664439496941

