x_opt: [0.6347890173653883, 0.3652107451604173, 0.6347894806550113, 0.06097178782955615, 0.6347888762100283, 0.15515893543863535, 0.8448450813797674, 0.40047381733692894, 0.3652112095213977, 0.36521044660191815, 0.1783596538926521, 0.6347887428191347, 0.3652109324270382, 0.15515497285195115, 0.3652108703508624, 0.3652114819575587, 0.060971730089405186, 9.526504995812473e-8, 0.0609727014805786, 0.060972617221443065]
w_opt: [0.6347889882306463, 0.26957790674822996, 2.1629558516732794e-8, 2.1255225027096885e-8, 0.26957777513510744, 0.36521085956730875, 1.814448243204957e-8, 1.1770744038834305e-7, 0.06097169531474663, 6.053011673754793e-8, 2.1321335049107457e-8, 2.3825330338709937e-7, 1.5992957246500506e-7, 0.3652105586968385, 0.36521042840415585, 0.1551549247532357, 1.0496885593613716e-7, 0.3652107282727098, 0.060971731652520386, 0.47963457580558977, 0.03526331019879832, 5.410317746512699e-8, 0.2695783049073419, 0.3652114129310381, 7.639325228592963e-8, 8.415528243802347e-8, 0.06097268851008312, 8.060371298938757e-8, 1.07195533691573e-8, 1.2947750055556648e-7, 0.060971761935652694, 0.06097175896636125, 0.06097155592949089, 1.3727628894564535e-8, 1.0275873248696761e-6, 0.0609717084260071, 1.983070140301117e-8, 3.50798244416692e-8, 0.3652111968797256, 6.76357294677515e-8, 1.961411425234665e-8, 2.0394533205271624e-8, 5.8746498665362666e-8, 0.06097136541995045, 1.22847621907361e-8, 0.1551588551795194, 0.1551588765653406, 2.6191794968486084e-8, 0.1551589138230708, 0.15515490627239245, 3.145580978191383e-8, 0.1551589220005524, 1.9618734045488237e-8, 5.97035316981617e-8, 0.06097268503634323, 6.699378756669063e-8, 0.6347887244284499, 0.21005851248929108, 7.423489942208566e-8, 5.859688047427648e-8, 6.437419465814519e-8, 0.3652111951871763, 1.974195503094345e-8, 0.3652108326621952, 0.06097169913378984, 0.060972681673487926, 2.3109719068241805e-8, 1.3499224842119547e-8, 3.178438167428216e-8, 0.3652109182074706, 2.5784106746845124e-8, 1.6473897684134922e-8, 2.571896910360154e-8, 5.0476697935791884e-8, 3.869293483033945e-8, 1.3797566489496187e-8, 0.36521042828763545, 3.2130330458403845e-8, 0.06097251014029348, 0.17835964233661858, 3.0227892237734596e-8, 1.6698090605515178e-8, 1.669663876925382e-8, 3.9242362341034964e-8, 1.703761322439165e-8, 0.36521085374113904, 0.36520996399342837, 0.06097259091960351, 0.060971679506821794, 4.570954772984001e-8, 0.3652108378692563, 0.06097156608696063, 2.5042508749252665e-8, 0.06097267948650713, 0.06097259217537374, 1.6762447627846266e-8, 1.6626035640158544e-8, 0.060971623586066954, 8.04923437290857e-8, 0.06097254008715921]
v_opt: [0.4004738040733236, 0.6347894616431786, 0.40295713323201143, 0.13337917329052218, 0.03181380415833831]
solution time: 0.01306295394897461
McCormick lower bound: -6.665598228632959

