x_opt: [0.6495592753526794, 0.35044073785787666, 0.6495592773338746, 1.0831659819097517e-7, 0.6495592667779718, 0.14681673713174068, 0.8727879015600488, 0.38443549448594283, 0.3504407420333612, 0.3504407200709052, 0.264188177126316, 0.6495592524440671, 0.3504407315706222, 0.1272120995201735, 0.350440729328551, 0.3504408444664245, 1.0716413729560035e-7, 3.3781645581695443e-9, 0.12721190686968364, 0.12721190306810107]
w_opt: [0.6495592745722191, 0.29911854257476994, 8.867883409610545e-10, 8.118118629694389e-10, 0.29911852826200924, 0.3504407292871788, 6.764328259809799e-10, 1.033614810297017e-8, 1.0592434807633877e-7, 2.1475835082771514e-9, 5.584192439904232e-10, 1.5589901052073475e-8, 1.5341938919549098e-8, 0.35044073173811785, 0.35044071950964356, 0.12721209817994436, 5.685696809544749e-9, 0.3504407372869959, 1.0653926413408519e-7, 0.5223471793920325, 0.03399477230173869, 1.3597558488922953e-9, 0.29911853244061437, 0.3504408417465462, 2.9594204851374142e-9, 2.9328073366843256e-9, 0.12721190631857632, 1.8364356719497618e-9, 3.967765343941898e-10, 3.925092436538434e-9, 1.0729971619481932e-7, 1.0753466727833407e-7, 1.0305585851245883e-7, 4.790410175825945e-10, 1.543097504215293e-8, 1.0643076908767942e-7, 6.910737992331735e-10, 1.2263922687461037e-9, 0.3504407415348827, 5.236561982946191e-9, 5.841940859104121e-10, 6.616136439821912e-10, 1.3663220732013058e-9, 9.949087485255073e-8, 5.13787219798944e-10, 0.14681673506950021, 0.14681673469045436, 1.1780549098666947e-9, 0.14681673640412155, 0.12721209711731152, 1.1792922867521258e-9, 0.14681673665579112, 6.538599936629516e-10, 2.1504627694798392e-9, 0.12721190618860065, 1.9063616341372014e-9, 0.649559251726705, 0.22322868723418693, 1.8375583408967255e-9, 3.1453620784501094e-9, 3.600143084255686e-9, 0.3504407414588234, 7.45732877226389e-10, 0.35044072777128493, 1.0594820374486782e-7, 0.1272119060670735, 8.024164025762539e-10, 4.218842458562676e-10, 7.090898985188608e-10, 0.3504407311462058, 1.2367156089286885e-9, 5.61215264291101e-10, 9.486104452510666e-10, 1.5792763305698401e-9, 1.6324825389014184e-9, 5.230654165261704e-10, 0.35044071948944755, 1.0778740841493593e-9, 0.12721190050068948, 0.26418817664405814, 1.087401391186656e-9, 6.483629889642461e-10, 6.81673080873479e-10, 1.7143061805324297e-9, 5.719554176489e-10, 0.35044072884829874, 0.35044069845634607, 0.12721190223329332, 1.0523727624966336e-7, 1.3190288071668874e-9, 0.35044072848556607, 1.0259768093691133e-7, 9.944632161840378e-10, 0.12721190614129985, 0.12721190239620933, 5.712939837174923e-10, 5.427963091821811e-10, 1.0484061496637945e-7, 2.791471437789961e-9, 0.1272119022686069]
v_opt: [0.3844354939406821, 0.6495592766182794, 0.42192726157716026, 0.1228087387171005, 0.06979541333002168]
solution time: 0.01421499252319336
McCormick lower bound: -5.9618870461154465

