x_opt: [0.6353515923274878, 0.3646484082658148, 0.6353516075053679, 2.678340765049902e-8, 0.635351601730892, 0.15944930533605373, 0.8878494758136566, 0.3646485651009955, 0.3646483908844278, 0.3646483904879198, 0.22868340727324765, 0.6353515908530072, 0.3646483910209569, 0.1121505244349053, 0.3646483905218833, 0.3646484096541385, 2.4712348485734916e-8, 1.5947992532832272e-9, 0.1121505454804293, 0.11215055243252925]
w_opt: [0.6353515917443491, 0.270703194423401, 3.75549672959919e-10, 5.134465613046459e-10, 0.2707031834693674, 0.3646483897754292, 5.564543438885351e-10, 2.112110796928197e-9, 2.4005039094309778e-8, 9.87826467457055e-10, 4.901433426466373e-10, 1.6146639598896478e-8, 1.953594005124731e-8, 0.36464840303987883, 0.36464839015326106, 0.11215052363010548, 2.161683422572579e-9, 0.36464840599256954, 2.5842055486992714e-8, 0.5232010836060685, 1.7285161119939112e-7, 1.5560532515586188e-9, 0.2707031997774906, 0.364648407758623, 2.134192662855737e-9, 1.3508524268568828e-9, 0.11215054514883349, 3.592354649173208e-9, 2.7768005111156265e-10, 2.216845007928433e-9, 2.6041087814070355e-8, 2.6164046241631266e-8, 2.349012165671515e-8, 2.6715750616763294e-10, 7.21903528121269e-9, 2.4369573302507003e-8, 4.2267898769956965e-10, 6.118540278641866e-10, 0.36464839047853875, 3.39879657882202e-9, 4.580997591409722e-10, 5.292151625102325e-10, 1.28083409127229e-9, 2.1758711462995184e-8, 3.1137888912943256e-10, 0.1594493043463801, 0.15944930367697296, 9.4796348231506e-10, 0.15944930484580994, 0.11215052058995792, 5.914478364535805e-10, 0.15944930508795632, 3.608577362939374e-10, 9.914243110093968e-10, 0.11215054512057476, 1.3660908453815732e-9, 0.6353515904156706, 0.252497996120753, 8.956831656436109e-10, 2.3591174418595886e-8, 3.032540595884944e-8, 0.36464839055088605, 4.800718551727034e-10, 0.36464839007266486, 2.3826853252384043e-8, 0.11215054496305533, 6.110869146154816e-10, 2.2398114614585848e-10, 3.529701845764204e-10, 0.3646483905540538, 8.816212602554085e-10, 3.3340770929227205e-10, 5.116615678258964e-10, 8.564674171046769e-10, 8.156177039132966e-10, 3.4825454604755414e-10, 0.3646483902549724, 7.172180933498293e-10, 0.11215054258269447, 0.22868340701476017, 5.344540089179888e-10, 4.6505266425339623e-10, 3.532457749355991e-10, 8.293673129614569e-10, 3.3200350789600016e-10, 0.36464838978176617, 0.3646483761035109, 0.11215055186960547, 2.3420253369375767e-8, 1.0312568827862278e-9, 0.3646483898287173, 2.2225548243462155e-8, 5.644163831680472e-10, 0.1121505451086716, 0.11215055128834155, 3.633048683873582e-10, 2.8251476628380635e-10, 2.3364323995404033e-8, 1.2827781309752498e-9, 0.11215054131115024]
v_opt: [0.3646485646958462, 0.6353516070741909, 0.40367165884360506, 0.13296844914272715, 0.05229612295249453]
solution time: 0.013354063034057617
McCormick lower bound: -7.053017971540603

