x_opt: [0.7069320448531388, 0.29310607207232015, 0.7069320012828726, 0.09584142883645995, 0.7069320323062108, 0.16961271483402166, 0.8303884682594862, 0.42523843186377586, 0.2930713815958048, 0.293067892620561, 0.24494866150534694, 0.7069286408960722, 0.2930679516284333, 0.16961152423311654, 0.2930678774566089, 0.29316217551378504, 0.09584140156209142, 5.83044312305408e-8, 0.16960873292704087, 0.09584143488175101]
w_opt: [0.7069319846368989, 0.4138640843385437, 1.4878747661845375e-8, 1.1389569376572008e-8, 0.41386069465606645, 0.29306791252386905, 9.987216993893485e-9, 5.31763784571461e-8, 0.09584138177332709, 3.6822424017396495e-8, 9.797767155979272e-9, 3.808000618324369e-5, 3.8137727772310126e-5, 0.2931060106446287, 0.2930678841406669, 0.16961150267578926, 4.058374195435568e-8, 0.2931060652345294, 0.0958414014138734, 0.5373204762967349, 0.1321704407705111, 2.622792771930287e-8, 0.4138606788257698, 0.2931621288774362, 3.719386261750761e-8, 5.146661606590629e-8, 0.16960872538389912, 3.218195129742115e-8, 7.3850268564815895e-9, 4.397815383170215e-8, 0.09584141622612743, 0.09584141476437728, 0.09584137169536439, 6.940867827838353e-9, 2.4092099824479833e-7, 0.09584139211593748, 9.841447762553086e-9, 1.561123891549499e-8, 0.2930713748482563, 6.402174166275525e-8, 1.3916716447635244e-8, 9.723477042105613e-9, 2.1440884655539437e-8, 0.09584128594672162, 6.7430851948919896e-9, 0.16961268585043127, 0.16961267931753107, 1.8779995374711893e-8, 0.1696127005242757, 0.16961145140377187, 1.5287331154824308e-8, 0.16961270710867338, 9.92773374586606e-9, 3.741512940910578e-8, 0.1696087244670384, 2.6391221346515344e-8, 0.7069286311931262, 0.12345755887370606, 1.6394149261355155e-8, 1.9612244013198757e-8, 5.2097670801398665e-8, 0.29307137246578074, 1.0909709101180831e-8, 0.29306785081162456, 0.09584138680389792, 0.16960872004268673, 1.5010611871973154e-8, 7.354726646591789e-9, 4.364628810015674e-8, 0.2930679436594326, 1.305128658871383e-8, 9.481875434735691e-9, 1.2437207105434377e-8, 1.536465216697342e-8, 1.617978731189889e-8, 6.812501218510525e-9, 0.29306788242136433, 2.071537599010155e-8, 0.16960867567473384, 0.24494865445106506, 1.5139883939419424e-8, 7.820736991649952e-9, 7.844021403303401e-9, 2.1639202220471242e-8, 9.74707728954163e-9, 0.29306786868304713, 0.293067859263874, 0.09584141968583659, 0.09584136191656412, 1.769727326731093e-8, 0.2930678659836214, 0.09584135032099661, 1.517976629818944e-8, 0.16960871879255882, 0.09584142526213632, 9.02938424974243e-9, 8.758052161668177e-9, 0.09584132027184653, 4.838529690687148e-8, 0.09584141784585525]
v_opt: [0.42523842324166194, 0.7069319893824072, 0.49975309901488213, 0.08588879014733337, 0.059999874422914476]
solution time: 0.016184091567993164
McCormick lower bound: -6.2921957376395286

