x_opt: [0.7482763340729192, 0.25172368063392303, 0.7482763343000521, 0.2517236631256582, 0.7482763326684365, 0.25172366355786513, 0.7482763361016681, 0.682750803838536, 0.3415175215361299, 0.25172366543933994, 0.20274764088370856, 0.6584824869067903, 0.2517236659256558, 0.2517236637807869, 0.2517236627378116, 0.2529306840624377, 0.251723662473943, 5.388414260875111e-10, 1.4745022666457648e-7, 1.4409613583296467e-7]
w_opt: [0.7482763338446518, 0.496552667979308, 2.110614286348892e-10, 1.1748906434776359e-10, 0.4067588210849207, 0.2517236654127552, 1.1018757876700746e-10, 5.363639472752654e-10, 0.25172366226686727, 3.315004900403224e-10, 1.138463356872145e-10, 1.4953377257606892e-8, 1.503450124138551e-8, 0.25172368000078466, 0.2517236654307372, 0.2517236635149287, 4.957601982901842e-10, 0.2517236805550916, 0.2517236628186151, 0.4965526704054964, 0.43102713822279826, 4.854656528193701e-10, 0.4067588216669001, 0.2529306835301549, 4.5324387085349783e-10, 4.667410630415921e-10, 1.4737543380556877e-7, 2.6498448213579994e-10, 7.918013754393939e-11, 4.932080867572934e-10, 0.2517236630111828, 0.25172366297187504, 0.25172366184970135, 7.549617894873982e-11, 2.2421470651682583e-9, 0.2517236623955207, 9.275856605440725e-11, 1.7303685479694805e-10, 0.34151752147567926, 6.942271286257869e-10, 1.4624151885099386e-10, 1.1197971896896347e-10, 2.139558622749478e-10, 0.2517236609525451, 6.881818990281432e-11, 0.25172366317400646, 0.2517236632002945, 1.8304936770750739e-10, 0.25172366338498187, 0.25172366277083486, 1.9487818683141565e-10, 0.25172366347110753, 1.1285420980568743e-10, 3.233303267180761e-10, 1.4736001516278276e-7, 2.9925231688386564e-10, 0.6584824868025612, 1.188196989709182e-8, 1.5199919229290682e-10, 2.3136777646958222e-10, 4.598920078769208e-10, 0.34151752144975317, 1.1312353199532665e-10, 0.25172366240606037, 0.2517236623384802, 1.473162449652706e-7, 1.5378749989754972e-10, 9.447674103926375e-11, 8.819842665215953e-9, 0.2517236658232958, 1.2186317363175063e-10, 1.0504148116947483e-10, 1.2222486427492292e-10, 1.7190737721249108e-10, 1.83399025226617e-10, 6.790673445046469e-11, 0.25172366541858243, 2.535432901448198e-10, 1.468002987040445e-7, 0.2027476407676707, 1.669780745368417e-10, 7.391124664887812e-11, 8.36543202873026e-11, 2.317684768165683e-10, 1.0622366184018098e-10, 0.2517236626388053, 0.25172366466844953, 1.4393801789120885e-7, 0.2517236619834158, 1.8373283834816042e-10, 0.2517236626088896, 0.2517236612489584, 1.4425827316328882e-10, 1.4725266005847583e-7, 1.4398967276693035e-7, 9.548001825717e-11, 9.987794002417952e-11, 1.4341213821763067e-7, 4.341320315910118e-10, 1.4357650108644054e-7]
v_opt: [0.6827508037693044, 0.7482763341861307, 0.5599174761300357, 0.06336485398111259, 0.041106609297480945]
solution time: 0.015601873397827148
McCormick lower bound: -5.966056505279513

