x_opt: [0.6353513674680853, 0.36464863616192505, 0.6353513710647714, 4.856606099324452e-7, 0.6353513564013468, 0.1594492109514269, 0.887849040846029, 0.36464866049709593, 0.36464865445613687, 0.3646486293330536, 0.22868235002221135, 0.6353513369575029, 0.36464864199395913, 0.11215096461927365, 0.3646486362282105, 0.3646486439013704, 4.8452392919074e-7, 8.28417929171252e-9, 0.11214988121571942, 0.11214986521194174]
w_opt: [0.6353513658620911, 0.2707027254765055, 2.7277724759114334e-9, 2.5505084796749395e-9, 0.2707027060443684, 0.3646486358317036, 1.8839508485798373e-9, 1.557260351039383e-8, 4.807432763205191e-7, 4.8912738875429844e-9, 1.9549663320500996e-9, 8.73317873406595e-9, 1.3311552614561496e-8, 0.36464862409543514, 0.36464862726342323, 0.11215096012380993, 8.645913366111157e-9, 0.36464863406280784, 4.807875198660461e-7, 0.5232004133813343, 3.3006467078094106e-8, 6.067687060034017e-9, 0.27070271429953463, 0.3646486363022378, 7.525265664365625e-9, 7.048385449094928e-9, 0.11214987962800545, 5.481626216307375e-9, 1.3330016945120719e-9, 7.2667575089244205e-9, 4.828274250530612e-7, 4.830720968339032e-7, 4.7402979066749404e-7, 1.3979459517443341e-9, 2.8684359359718745e-8, 4.822599758507427e-7, 1.9880367616469995e-9, 3.2568737833091e-9, 0.36464865279708797, 1.015626548558449e-8, 2.483660089615922e-9, 2.037576292449274e-9, 4.144358723610892e-9, 4.667519781478263e-7, 1.4341669511327189e-9, 0.15944920527488604, 0.15944920440167173, 3.386130016578946e-9, 0.15944920836505466, 0.11215095862405032, 3.1218501922308765e-9, 0.1594492094778869, 1.8292766648541909e-9, 4.8561161836974096e-9, 0.11214987929710196, 4.738695060939685e-9, 0.6353513347815605, 0.2524977757630919, 7.405776202079736e-9, 4.7555157577187565e-9, 5.6455874670769235e-9, 0.3646486526270669, 2.2436413795508826e-9, 0.36464863073741927, 4.80882174124124e-7, 0.11214987854619654, 2.5387229833223926e-9, 1.2986480087635725e-9, 2.299019119326351e-9, 0.3646486405362127, 3.169537019790881e-9, 1.7816030456063697e-9, 2.4362023786895323e-9, 3.2592988082897515e-9, 3.4852345743282112e-9, 1.5271740521989416e-9, 0.36464862757928224, 3.0990700491974033e-9, 0.11214986932579432, 0.22868234867686293, 2.6302824480848578e-9, 1.8402345345668576e-9, 1.7013688183981858e-9, 4.352895301583886e-9, 1.7847171768053345e-9, 0.3646486346334361, 0.3646485783809412, 0.11214986228586209, 4.795185780510249e-7, 3.873176552760441e-9, 0.36464863311144236, 4.7408752062260806e-7, 2.5490477173562433e-9, 0.11214987877825965, 0.11214986336191976, 1.807189092835084e-9, 1.5820282789426299e-9, 4.798905880713274e-7, 6.509216278927246e-9, 0.11214986299014695]
v_opt: [0.3646486587485414, 0.6353513684471744, 0.40367135550495375, 0.13296862315485763, 0.052295671874211226]
solution time: 0.01238393783569336
McCormick lower bound: -7.606425100129401

