x_opt: [0.8212872342891488, 0.17871516600709747, 0.8212872402289533, 0.1787126223466822, 0.8212872111942789, 0.17871262839646174, 0.8212873576362958, 0.8212901728992247, 0.5705932827906791, 0.17871276593045043, 0.17867046341222745, 0.800072781221902, 0.17871277234617503, 0.17871263462116044, 0.17871235790424875, 0.2122138903186178, 0.17871258817152005, 1.6744441543440926e-8, 0.17870907809268746, 0.17870901414126683]
w_opt: [0.8212872272961832, 0.6425744477678436, 8.179879156849851e-9, 3.4272225097853693e-9, 0.6213600187067182, 0.17871275282966045, 3.755211810058319e-9, 1.673464592367882e-8, 0.1787125817137534, 1.045480469756824e-8, 3.782707390569748e-9, 2.408596193864305e-6, 2.395157967054869e-6, 0.17871514421271917, 0.178712762508268, 0.17871262734572335, 1.853279930302131e-8, 0.17871516362525985, 0.17871261185713172, 0.6425746000831927, 0.642577416217766, 2.0926162495661516e-8, 0.621360037292056, 0.2122138693866348, 1.4637480590727972e-8, 1.4458724474152992e-8, 0.17870907570180736, 9.533600146911528e-9, 2.59164614975755e-9, 1.960904245132612e-8, 0.17871261867831684, 0.17871261786604492, 0.17871259771761966, 2.523725796876267e-9, 7.152185248668305e-8, 0.1787125859424984, 2.8811729014693854e-9, 5.801570177111707e-9, 0.5705932809725898, 3.084641761880332e-8, 4.862789521539888e-9, 3.5288351105760766e-9, 6.728808392182103e-9, 0.17871253945845458, 2.3745993149488736e-9, 0.1787126160840028, 0.17871261401214156, 7.125923174534122e-9, 0.178712623214874, 0.17871260248402793, 6.8675536384342745e-9, 0.17871262556475695, 3.9042429425418785e-9, 1.0477068409064878e-8, 0.17870907519607443, 9.554434476834094e-9, 0.8000727778101638, 3.915347018775024e-7, 4.773796646871943e-9, 8.228315578394956e-9, 1.6842853779834128e-8, 0.5705932797770861, 3.969971562963563e-9, 0.17871234474875233, 0.17871258409523136, 0.1787090739579612, 7.081282709959683e-9, 3.0690666025029863e-9, 0.3706660818513459, 0.1787127686664444, 3.997258070891022e-9, 3.509638949226387e-9, 3.881373309756544e-9, 5.935235895388125e-9, 6.545655115766326e-9, 2.184277983746441e-9, 0.17871276054701282, 9.822888324536874e-9, 0.17870905609248544, 0.17867046084300722, 5.315264036074455e-9, 2.3435363718655182e-9, 2.925392482093501e-9, 8.474514355161959e-9, 3.3400026911419955e-9, 0.17871235499375213, 0.17871273544968824, 0.17870900947689797, 0.1787125698472749, 5.713774921667278e-9, 0.17871235364139243, 0.1787123346164613, 4.761860807382192e-9, 0.17870907253514431, 0.17870901132586148, 3.0990630031026126e-9, 3.2128829440403807e-9, 0.17870900027822226, 1.3411562572878651e-8, 0.17870900875124696]
v_opt: [0.8212901702976304, 0.8212872365668684, 0.6745129952414136, 0.03193873500558912, 0.03192314656543409]
solution time: 0.01449894905090332
McCormick lower bound: -5.227125824564666

