x_opt: [0.7680051381413994, 0.2850344313227816, 0.7680053130189475, 1.3888618042117579e-5, 0.7680051281306985, 0.2319941717739258, 0.7680058787360815, 0.5903199843404283, 0.4155761396401668, 0.23199485690434632, 0.23199484807099124, 0.5844237535991205, 0.23199487139429728, 0.2319940975200038, 0.23199476733052773, 0.28503445054615345, 1.3848622434651896e-5, 3.330464548364012e-8, 0.23199393615368993, 0.23199390911164164]
w_opt: [0.7680051317049873, 0.5360102700563841, 1.0532744759072735e-8, 5.487946939341531e-9, 0.35242889671019245, 0.23199484783153176, 7.574910779317935e-9, 4.004923296261304e-8, 1.3833372940384725e-5, 2.0371791926289928e-8, 4.216149698015315e-9, 0.05303975077596322, 0.05303963332174581, 0.28503437043334134, 0.23199485170613604, 0.23199408825857898, 3.477908949738826e-8, 0.2850344211025324, 1.3865295487618806e-5, 0.5360111954775236, 0.3583253032257289, 2.0217780356416333e-7, 0.3524290940224709, 0.2850343845279006, 2.457664582733205e-8, 2.7887932239681984e-8, 0.23199393040568123, 2.2067418846766068e-8, 6.432884249538624e-9, 6.839056352634608e-8, 1.3878391469632906e-5, 1.3880709670731003e-5, 1.3850850653022127e-5, 3.84915467719228e-9, 3.1484395527215024e-7, 1.38436236103252e-5, 6.098334484673761e-9, 8.996814717290288e-9, 0.4155761352638593, 1.7639119343760458e-7, 3.2987372198660436e-8, 4.4884428552652295e-9, 1.4915119719533055e-8, 1.373667808303794e-5, 4.317934225732902e-9, 0.23199415946411295, 0.23199414158183113, 1.8338697448800595e-8, 0.23199416337720238, 0.23199406809658296, 7.720132427589135e-9, 0.23199416764764555, 5.8800763501634285e-9, 2.1816913429055425e-8, 0.23199393096505413, 2.2522746618640176e-8, 0.584423749038585, 3.1576859890013046e-6, 1.937636255641191e-8, 5.848852454882889e-8, 6.427901224549562e-8, 0.4155761326628792, 6.943627999590314e-9, 0.23199474689513191, 1.3838588211344607e-5, 0.2319939265850312, 1.5472564162180236e-8, 3.3899509363035593e-9, 5.472152831242857e-9, 0.23199486690615181, 9.201540835452555e-9, 5.8355072921939266e-9, 7.194880466347721e-9, 7.974415200249295e-9, 9.839130260207735e-9, 3.732854580700243e-9, 0.23199484778593835, 1.9007446660510425e-8, 0.23199386439777314, 0.2319948427641933, 9.770011879863045e-9, 4.761673241928999e-9, 4.27422633619749e-9, 1.3671324663569556e-8, 5.2955698284005996e-9, 0.23199476259464957, 0.2319947125149021, 0.2319938994329763, 1.3815517730418787e-5, 1.0096900359414075e-8, 0.231994756883546, 1.3811790108431664e-5, 1.3108518714744732e-8, 0.23199392840820005, 0.23199390411765256, 5.5994401171161e-9, 4.564676305247967e-9, 1.3832305273662332e-5, 2.6423836577245264e-8, 0.2319938887468449]
v_opt: [0.59031997644457, 0.7680053059939933, 0.5898323343045363, 0.053821899171531094, 0.05382207353832033]
solution time: 0.01271200180053711
McCormick lower bound: -5.004527993339108

