x_opt: [0.7365305227023504, 0.26346946787613607, 0.7365305325329177, 0.07594389052172451, 0.7365305099866789, 0.263469478232664, 0.7365305316768512, 0.7020025660704254, 0.4545273968597061, 0.26346946735437865, 0.1733250283396228, 0.5454726029324176, 0.26346948988954716, 0.2634694683428518, 0.2634694857957071, 0.2634694983476661, 0.07594389051459327, 1.657734886600836e-10, 0.07594389005352757, 0.07594389012106276]
w_opt: [0.7365305226810274, 0.4730610326922772, 4.137117672810003e-11, 4.696539301768829e-11, 0.28200312565737445, 0.26346948973947804, 3.180742270996218e-11, 1.033839907770319e-8, 0.07594389045745623, 1.0609188262646315e-10, 3.4817393995022464e-11, 4.240238724212859e-10, 1.3795614458562253e-10, 0.26346946763763507, 0.2634694673097846, 0.2634694678022037, 5.327252843408116e-10, 0.26346946785523084, 0.0759438904106919, 0.4730610642402056, 0.4385330986309288, 8.99056525797348e-11, 0.2820031356356112, 0.26346949822187543, 1.0819318558339874e-10, 1.4323029936752015e-10, 0.07594389002861492, 7.107940658054597e-11, 1.703813421422416e-11, 2.379031439575614e-10, 0.07594389047666518, 0.07594389048190932, 0.07594389003217955, 3.0379630090269247e-11, 2.4906004567561348e-9, 0.07594389047041644, 3.4555798786824486e-11, 1.0926757317584013e-10, 0.45452739683922433, 1.0869328103922143e-10, 2.368903217786271e-11, 4.2575673980187984e-11, 5.557098301029871e-11, 0.0759438897561901, 2.658646863750139e-11, 0.2634694780691556, 0.2634694780824127, 5.2993847059951356e-11, 0.2634694781952714, 0.2634694682555578, 8.73027924381034e-11, 0.2634694782019845, 4.427957164120463e-11, 1.0131842161480277e-10, 0.07594389000891494, 8.736935021873683e-11, 0.5454726028890683, 2.220852657289686e-8, 5.964323101986254e-11, 7.595112684995788e-11, 8.986998061507634e-11, 0.4545273968331976, 3.731379760382291e-11, 0.26346948568520623, 0.07594389046382646, 0.07594389001832225, 3.23822470566169e-11, 3.276253348476892e-11, 3.37418937998905e-10, 0.2634694898646274, 5.486061407612725e-11, 2.846992233863735e-11, 4.956213911632709e-11, 1.3926492773572215e-10, 1.176633544179907e-10, 2.6869723893647013e-11, 0.2634694672948644, 5.029203624000775e-11, 0.0759438896067748, 0.17332502832518804, 5.5413362884894537e-11, 3.021326505897054e-11, 3.999963030915056e-11, 6.537812765252613e-11, 3.01232896973899e-11, 0.26346948577273666, 0.2634694897184824, 0.07594389008224364, 0.07594389041077068, 6.376269462191508e-11, 0.263469485738371, 0.07594389010565578, 4.40689639281018e-11, 0.07594389000842419, 0.07594389007618084, 2.7585654801199222e-11, 3.363681555041371e-11, 0.07594388970665761, 1.3777066802665923e-10, 0.07594388995234039]
v_opt: [0.7020025660491365, 0.7365305325022614, 0.5424771925879811, 0.06941616110984569, 0.03004156687144522]
solution time: 0.013029098510742188
McCormick lower bound: -5.30616440137292

