x_opt: [0.3375133486139405, 0.11452514005606505, 0.8854753061367404, 0.11452503867535586, 0.8854747148500508, 0.11452514136688363, 0.8854747014091547, 0.8854756862032661, 0.8854742801837443, 0.1145246880336, 0.11452379455657466, 0.7638168985471893, 0.11452518606440766, 0.11452525279194138, 0.11452450752545308, 0.3745355821411399, 0.11452494020890405, 8.171146350219585e-8, 0.11452426794480407, 0.11452427786541465]
w_opt: [0.3375133349285562, 0.22298807294735934, 2.2952393790936313e-8, 1.8571575735258727e-8, 0.10133025953185783, 0.1145250819741697, 1.8079774622352576e-8, 6.656355459711763e-8, 0.11452491417583022, 5.239301557494848e-8, 1.3664994434454887e-8, 4.552600613071464e-7, 2.481731259769689e-7, 0.11452504967479754, 0.11452466898756196, 0.11452510402111087, 1.6267625761531173e-7, 0.11452512866801298, 0.11452499026705697, 0.7709500198657833, 0.770951011890034, 1.0875033374108083e-7, 0.649292294771567, 0.3745355193647642, 3.3126635061061485e-7, 6.715743053706878e-8, 0.11452425492144709, 2.8988270294562134e-8, 1.0638117875734176e-8, 8.530815683108098e-8, 0.11452501979074989, 0.11452501545255278, 0.11452446002025812, 1.440120437139615e-8, 5.057029104393296e-7, 0.1145249279621197, 1.3821243838446637e-8, 3.0511671540263925e-8, 0.8854742703703955, 9.128237013963135e-8, 1.2673301439749573e-8, 2.0275651890600848e-8, 2.3978174278770958e-8, 0.11452455124889178, 1.2402607433401678e-8, 0.11452508221490992, 0.11452506349460305, 2.716982400419466e-8, 0.11452511048838604, 0.11452503523208094, 3.037088785260104e-8, 0.11452512369729134, 2.0584036567836243e-8, 5.0499797156825384e-8, 0.11452424780390158, 3.350546765504976e-8, 0.7638168800140517, 7.3536625018980496e-6, 1.3773007478461383e-8, 2.6134720155731036e-8, 6.701004344946328e-8, 0.8854742632861309, 1.8145328068666824e-8, 0.11452442862226603, 0.114524921454588, 0.11452425207436215, 2.9561990104369786e-8, 1.6997709395443956e-8, 0.6492912130259819, 0.1145251618338689, 2.0376043778468244e-8, 1.510595713044284e-8, 2.023965829551487e-8, 4.8623256473844975e-8, 4.194267541731056e-8, 1.2448633047400599e-8, 0.11452465811001437, 3.3182507467030804e-8, 0.11452408070221348, 0.1145237756097183, 2.4184093438284407e-8, 1.2059766619620921e-8, 2.2461311068197953e-8, 3.0741272543176584e-8, 1.3501923731350107e-8, 0.11452449294292887, 0.11452473465164166, 0.11452425872897996, 0.11452483140877047, 2.126795711894188e-8, 0.11452448830677855, 0.11452438022794469, 2.2485266720354e-8, 0.1145242407001295, 0.11452425861129005, 1.2180519973357559e-8, 1.6384324244458427e-8, 0.11452422892124901, 6.462691072829818e-8, 0.11452419517810543]
v_opt: [0.885475675031928, 0.88547529219146, 0.7840658126508747, 0.013116940551833017, 0.013115955547866393]
solution time: 0.014374017715454102
McCormick lower bound: -4.006671738049786

