x_opt: [0.6426734636089577, 0.3573265459770899, 0.6426734678482696, 6.116583548641914e-8, 0.6426734576718421, 0.15293923815685392, 0.8800876428869773, 0.37484568297355, 0.3573265357327964, 0.3573265307773218, 0.24698072006184338, 0.6426734550053707, 0.3573265330937266, 0.11991235823003578, 0.3573265319130649, 0.35732655244733696, 5.876768728114396e-8, 4.709278381028026e-9, 0.119912338199071, 0.1199123365642016]
w_opt: [0.6426734625328635, 0.2853469221083576, 1.4067488509665415e-9, 1.2968146660625104e-9, 0.28534691946359453, 0.3573265295423709, 1.1548214696926487e-9, 6.828412995140667e-9, 5.6743331172268056e-8, 2.8315849571507987e-9, 9.44404460210495e-10, 1.4576643999016374e-8, 1.4694345024528426e-8, 0.3573265376504112, 0.3573265298150751, 0.1199123561021751, 4.739312836050259e-9, 0.3573265448305677, 5.8568448070595706e-8, 0.522761111525786, 0.017519151614988886, 2.6892864221884487e-9, 0.28534692637267073, 0.3573265480475905, 4.033065613175255e-9, 3.981623821836574e-9, 0.11991233727856859, 4.1137030894275094e-9, 7.369045367322517e-10, 4.434352478418097e-9, 5.9474787946867575e-8, 5.980166378902415e-8, 5.4362711435074456e-8, 7.5153044216755e-10, 1.408951397991759e-8, 5.76282216361736e-8, 1.0881471168694289e-9, 1.6126689633921356e-9, 0.3573265347873485, 5.589889725051091e-9, 1.1041134288930028e-9, 1.0743373198821415e-9, 2.321346513351649e-9, 4.9966339322387646e-8, 8.043700705234741e-10, 0.15293923542200039, 0.15293923420919894, 1.991798806105226e-9, 0.15293923685948416, 0.11991235390230102, 1.5166423974702184e-9, 0.15293923737564086, 9.867542145411836e-10, 2.8343351823296735e-9, 0.11991233718895897, 2.758681793695904e-9, 0.642673453861718, 0.2374142461462752, 2.709167887211179e-9, 3.66517052781726e-9, 5.6603939966726815e-9, 0.3573265347466762, 1.2374541191390078e-9, 0.35732652958007866, 5.6756024598850775e-8, 0.11991233683568536, 1.5063938451647168e-9, 6.574696872913788e-10, 1.1720153706451373e-9, 0.3573265321352974, 1.8505569711469267e-9, 9.369265795166292e-10, 1.3850075428989328e-9, 1.985844533327544e-9, 2.0054368234664364e-9, 8.661870221565234e-10, 0.3573265299273715, 1.7980824217799273e-9, 0.1199123304735239, 0.24698071927805493, 1.4868067672003795e-9, 1.0781880919471802e-9, 1.0244223014100174e-9, 2.4581599375981358e-9, 9.290180056705087e-10, 0.35732653095277345, 0.35732649849375586, 0.11991233504860492, 5.574301248975404e-8, 2.109687838589382e-9, 0.3573265304481739, 5.245199568552945e-8, 1.5119825124132082e-9, 0.11991233699449855, 0.11991233533786917, 9.601267697894837e-10, 8.383504933968304e-10, 5.495832171448977e-8, 3.726123490954503e-9, 0.11991233485576415]
v_opt: [0.37484568195786483, 0.6426734665537093, 0.41302920037220175, 0.12768225441678005, 0.06099958521227202]
solution time: 0.012811899185180664
McCormick lower bound: -6.483995811843301

