x_opt: [0.7023860706259948, 0.29764526078254055, 0.7023860740318035, 0.09237137552321238, 0.7023860579812112, 0.16925171475629985, 0.8307483586545158, 0.4169063144387256, 0.29761411617393496, 0.29761392095351935, 0.2320446721347515, 0.7023858847103595, 0.2976139332116393, 0.169251642313356, 0.2976138946064751, 0.29765280727594845, 0.0923713680836867, 2.0791896505892398e-8, 0.16925035185915954, 0.09237135523968255]
w_opt: [0.7023860629769156, 0.40477213194290224, 7.749369866483379e-9, 4.729369181010336e-9, 0.4047719591436618, 0.29761391782158586, 3.942336894573543e-9, 1.696368710251941e-8, 0.09237135954907968, 1.2400510856619113e-8, 4.187217555624605e-9, 3.133787977343324e-5, 3.1338608316837336e-5, 0.2976452364037764, 0.29761391716149205, 0.16925163317084976, 1.600469356899281e-8, 0.2976452574501606, 0.09237136402895078, 0.5331344355577569, 0.11929239163902533, 1.2474415528917766e-8, 0.40477197392557995, 0.29765278789329996, 1.3758316502440216e-8, 1.7950548928739652e-8, 0.16925034866342373, 1.0064418848212848e-8, 3.2063063092670425e-9, 1.7244001698235698e-8, 0.09237137031608031, 0.09237136935078996, 0.09237135443952889, 2.9081253228514572e-9, 8.28359989051805e-8, 0.09237136426959944, 4.001129149638642e-9, 6.487755989353219e-9, 0.2976141132284513, 2.7642170438702118e-8, 6.506440792360835e-9, 3.995345483171612e-9, 8.095492744770797e-9, 0.09237131752406963, 2.7504401594785786e-9, 0.1692517019912528, 0.169251701122656, 7.483203662120914e-9, 0.16925170844240403, 0.1692516231653333, 6.398289170220831e-9, 0.16925171142580903, 4.057974041383258e-9, 1.2551114295913112e-8, 0.16925034828427765, 1.0805693500393418e-8, 0.7023858806571558, 0.12836252722712618, 7.512681298694327e-9, 8.201788071024091e-9, 1.5985502559771585e-8, 0.2976141124444928, 4.5889707305953375e-9, 0.29761388382726334, 0.09237136189931303, 0.16925034611675252, 6.2813231742220864e-9, 3.043875064408849e-9, 1.1042383838300077e-8, 0.2976139296325666, 5.2262057393599975e-9, 4.042276906443639e-9, 4.927929902926557e-9, 5.984069618546188e-9, 6.448147634500241e-9, 2.899549600678124e-9, 0.29761391590152786, 8.374429716590681e-9, 0.1692503271834085, 0.23204466918803845, 6.011738613280617e-9, 3.2379439806806816e-9, 3.2841720847433105e-9, 9.869205032976418e-9, 4.0220691058141815e-9, 0.29761389087220386, 0.2976138573572626, 0.092371348493485, 0.09237135643904969, 7.486498280326796e-9, 0.29761388938768324, 0.09237134824499524, 5.950613200623721e-9, 0.16925034564862476, 0.09237135164715603, 3.82695906086454e-9, 3.6193800149888795e-9, 0.0923713355685894, 1.656885197872207e-8, 0.09237135109819956]
v_opt: [0.41690631072311385, 0.7023860685782568, 0.4933463358591644, 0.08857406048545582, 0.05384486909191817]
solution time: 0.0172271728515625
McCormick lower bound: -6.673422397532189

