x_opt: [0.7031112725788886, 0.2968887274800106, 0.7031112849181845, 2.8199976283195554e-7, 0.7031045321244085, 0.19043525482025028, 0.809564872228315, 0.5390075128704943, 0.3925535699415317, 0.2968887078507334, 0.2733142168406313, 0.6074464222185721, 0.29689545513598614, 0.19043512885285446, 0.2968954458176273, 0.29689545272257617, 2.7934416370374486e-7, 1.2915698160714229e-8, 0.1426541898506615, 0.14265417099906547]
w_opt: [0.7031112706004476, 0.4062158066658042, 3.99367382155108e-9, 3.843858093328981e-9, 0.3105576968936131, 0.29689544477515345, 3.3999104757663446e-9, 6.734036495513961e-6, 2.7436801392833136e-7, 7.902300104361755e-9, 2.528697937049357e-9, 1.4109764787698345e-8, 1.4391611967216949e-8, 0.2968887103560854, 0.2968887050345913, 0.19043512272864918, 2.183082172170102e-8, 0.29688872512592523, 2.747155985692376e-7, 0.5126761596804172, 0.24211880031373714, 5.639886685646568e-9, 0.3105577169816652, 0.2968954430619378, 1.0533951260776577e-8, 1.0674780456023114e-8, 0.1426541871487653, 7.4137457138968025e-9, 1.7570178620402428e-9, 1.1211364397310946e-8, 2.7716704170870807e-7, 2.785729292127947e-7, 2.591774669488753e-7, 2.4712521312074123e-9, 3.801994184096768e-8, 2.7554203775068557e-7, 3.107900202067874e-9, 5.648430209789226e-9, 0.39255356760274795, 1.1312580588034944e-8, 2.3645223792115764e-9, 3.514341745954051e-9, 5.029561856028525e-9, 2.52372334664799e-7, 2.620403247509154e-9, 0.19043524679530824, 0.1904352431854265, 4.9827660555087265e-9, 0.19043525160017585, 0.19043511752209288, 4.850649922515566e-9, 0.19043525231889658, 3.072686127192601e-9, 7.558842970836002e-9, 0.14265418577425257, 5.5703761732128415e-9, 0.6074464183952021, 0.10646046487602877, 4.598595914526928e-9, 6.6508131344617764e-9, 1.0588521780987114e-8, 0.39255356714642864, 3.3352557657275996e-9, 0.29689543786635214, 2.7396436706892843e-7, 0.14265418656863557, 3.145666068720683e-9, 2.090490756143895e-9, 4.40224352589369e-9, 0.2968954530755048, 5.831010102203053e-9, 2.492995124214976e-9, 4.205414835650886e-9, 7.924439544685426e-9, 7.576996802108994e-9, 2.6247493989341628e-9, 0.2968887048765487, 4.127131180634428e-9, 0.14265416611481277, 0.2733142142524139, 3.998539993747025e-9, 3.181699276269353e-9, 3.617301811193903e-9, 4.94019981117264e-9, 2.4472769872389665e-9, 0.29689544354955105, 0.29689536462189786, 0.14265416754980542, 2.692801390818185e-7, 4.84049212531251e-9, 0.2968954423131171, 2.600769467410008e-7, 3.960662854801255e-9, 0.14265418645952435, 0.142654167506577, 2.434399273145241e-9, 2.506886127257046e-9, 2.7237560319238304e-7, 1.0120626028590626e-8, 0.14265416764096533]
v_opt: [0.5390075104799089, 0.7031112818479025, 0.4943560669134048, 0.08814291303721197, 0.07470091622697568]
solution time: 0.012048959732055664
McCormick lower bound: -5.1867238577842665

