x_opt: [0.7994090921802939, 0.20059519435730935, 0.7994093224145741, 0.2005810521384784, 0.7994090792996451, 0.20058816835294413, 0.7994120080447924, 0.5470633312625955, 0.28056434652703444, 0.20059091072174884, 0.2005871280401705, 0.719435327561836, 0.20059089631762883, 0.20058796870682669, 0.20058639945232765, 0.3334200919185019, 0.20058101451604468, 1.2127913362219442e-7, 0.20058095908888524, 0.20058091110149523]
w_opt: [0.7994090632694306, 0.5988181794767645, 3.3963120267538225e-8, 2.0294282221065726e-8, 0.518844429320673, 0.20059080625054745, 1.6141569777274978e-8, 1.0176955025939092e-7, 0.20058097610852624, 8.522234878157743e-8, 1.2701654487285937e-8, 4.526818965308259e-6, 4.5465228864933e-6, 0.20059497982012603, 0.20059089897279792, 0.20058793469842554, 2.132752670560669e-7, 0.20059518244321506, 0.20058097265114058, 0.598821340589338, 0.3464726650855073, 3.0095209955490965e-7, 0.518844786936136, 0.3334199277139854, 7.122191081767946e-8, 1.097587651885036e-7, 0.2005809479568072, 4.284531783205343e-8, 9.592613870927308e-9, 2.1698884049436227e-7, 0.20058103169053193, 0.2005810375963525, 0.20058089816057026, 1.1438321701086576e-8, 9.418607766185097e-7, 0.2005810040205902, 1.675624582367462e-8, 5.113194092377271e-8, 0.2805643399278072, 4.784740117629832e-7, 2.7572956541002383e-8, 1.3754548295168822e-8, 3.6132880948057414e-8, 0.20058047962993644, 1.2586518181215027e-8, 0.20058809409661452, 0.20058805968470367, 4.7747987563123694e-8, 0.2005881526044713, 0.20058784540501642, 3.9800169113522694e-8, 0.20058815854122347, 2.546818423153911e-8, 8.967988200907378e-8, 0.20058094506868954, 8.317369594402678e-8, 0.7194353161737161, 5.8699552218857625e-6, 4.2729087492103044e-8, 5.972559170424936e-8, 9.172827450302521e-8, 0.28056433439755646, 2.0332263144584157e-8, 0.20058632271895552, 0.20058099348241135, 0.20058093399780808, 2.509222183661397e-8, 1.4756009979201225e-8, 8.133870235399261e-8, 0.20059088685414686, 2.6757635319953838e-8, 1.6196587246381774e-8, 2.377168563809785e-8, 4.203409819137503e-8, 4.8745429676953495e-8, 9.523661822307342e-9, 0.20059087513471802, 4.616783495918347e-8, 0.20058060326860896, 0.20058711864207374, 4.0669337622751576e-8, 1.1726420619321199e-8, 1.4054247553422552e-8, 4.839403046203051e-8, 1.585452795312042e-8, 0.2005863907035041, 0.20058963294399623, 0.20058089255156164, 0.20058091161770936, 3.773155631170483e-8, 0.20058638103950172, 0.2005808078241491, 3.841863311462284e-8, 0.2005809270665811, 0.20058089962801567, 1.4255457188123206e-8, 1.6208408909401922e-8, 0.2005806984365219, 1.0767376673561684e-7, 0.2005807304116892]
v_opt: [0.547063320052103, 0.7994093092257035, 0.639054886527124, 0.04023699813912495, 0.04023550461736579]
solution time: 0.015733957290649414
McCormick lower bound: -5.108694352348709

