x_opt: [0.7495216238509892, 0.34587702470461223, 0.7495216605559479, 2.0687171171903176e-6, 0.7495215285982547, 0.25047841720885283, 0.7495221283259528, 0.40466731302327374, 0.25047862458074943, 0.2504783846672374, 0.250473835357725, 0.531161063395465, 0.25047845721267314, 0.2504777566630665, 0.25047834859713775, 0.3458770650230795, 1.9082523206039818e-6, 7.807817158654899e-8, 0.25047801716207296, 0.25047802093387556]
w_opt: [0.74952160667772, 0.4990431589309252, 1.3834676023278775e-8, 8.931374716103381e-9, 0.2806826957913796, 0.25047840646079883, 1.9457835475194826e-8, 2.238075005323839e-7, 1.8793341395099386e-6, 5.183578380443224e-8, 7.71414945174927e-9, 0.09539869827778148, 0.09539876504236994, 0.34587688228383473, 0.25047837564408576, 0.2504777397967295, 9.315591551142883e-8, 0.34587700236539914, 2.0251730006908214e-6, 0.49904379613098343, 0.154188986707488, 1.0145966438655196e-7, 0.28068278089811777, 0.3458769174053192, 6.130801814492376e-8, 6.505166521573243e-8, 0.2504780042533224, 7.000001890718587e-8, 1.312525970302016e-8, 2.1063200231850047e-7, 2.0399626907132914e-6, 2.0495480615698213e-6, 1.9836533839911693e-6, 7.333070987234495e-9, 5.503380118668819e-7, 1.897898121008064e-6, 1.263741669266361e-8, 1.8704819842160112e-8, 0.2504786152144021, 5.963907428031367e-7, 3.835483100785334e-8, 9.04287041413994e-9, 3.426929342791949e-8, 1.7222759744157999e-6, 1.0933536551981165e-8, 0.25047839630457497, 0.2504782376829298, 5.707635206948765e-8, 0.2504784017668129, 0.25047770191521895, 1.6213907739760985e-8, 0.25047840993128234, 1.1561796816679875e-8, 5.514675233167511e-8, 0.2504780055243019, 4.789727473117076e-8, 0.5311610550644316, 7.603952988523505e-6, 4.07527977229751e-8, 2.2628170549198286e-7, 4.784899788058786e-7, 0.2504786093303211, 1.5120816330387942e-8, 0.2504783101911017, 1.8855736046256301e-6, 0.2504779961921573, 3.644053348222237e-8, 6.107589706732033e-9, 8.640902920511513e-9, 0.25047844879258074, 2.6964139638363367e-8, 1.1198925081802431e-8, 1.632320775271685e-8, 1.817457573831784e-8, 2.4420843150169244e-8, 7.591546635418045e-9, 0.25047837349929686, 4.539780403748343e-8, 0.25047784212044655, 0.25047382417502495, 2.1765388014654267e-8, 1.0109765475414047e-8, 8.902737031248431e-9, 2.6063649628078542e-8, 1.0235175300370732e-8, 0.2504783405544374, 0.25047808559284923, 0.250478002319848, 1.8489060447699044e-6, 2.0978211773942622e-8, 0.2504783272582946, 1.8279339894073342e-6, 3.584540746125752e-8, 0.2504780017749277, 0.2504780080324934, 1.1210768955657391e-8, 8.390542423425833e-9, 1.8713676136477707e-6, 6.357359175952781e-8, 0.25047796984112763]
v_opt: [0.4046672930062476, 0.7495216485586991, 0.5617829049203608, 0.06273946314167637, 0.06273720305843858]
solution time: 0.0116729736328125
McCormick lower bound: -4.559043034857668

