x_opt: [0.7728634290210383, 0.22724892281324494, 0.7728634722522207, 1.4090817768071137e-6, 0.7728634307460638, 0.22713649055387583, 0.7728635529837643, 0.6268522265882596, 0.4195643919080485, 0.22713652412096086, 0.2271365647302671, 0.580435596826255, 0.22713655385942255, 0.22713644056138826, 0.2271364700207057, 0.29517119299055306, 1.3993581875720824e-6, 2.990203063419747e-8, 0.22713635822228442, 0.22713632415920312]
w_opt: [0.7728634236465695, 0.5457268639884985, 8.601727198804061e-9, 7.977337091312823e-9, 0.35329903115002315, 0.22713652784078922, 9.140602968627069e-9, 2.711288530719743e-8, 1.3862067048878694e-6, 1.7673999627413794e-8, 4.938916947188586e-9, 0.00011240030082840854, 0.00011239586286364029, 0.22724888425685769, 0.22713651790630068, 0.22713642917095758, 2.758408447740241e-8, 0.22724891662927446, 1.3896834909909333e-6, 0.5457270299886324, 0.39971570592086075, 1.7128818695610504e-8, 0.35329909227828066, 0.29517116088293416, 2.1011616517783075e-8, 2.364101479168177e-8, 0.2271363516289706, 1.5713910115373374e-8, 5.7518536326302805e-9, 3.256695422361066e-8, 1.3980702905237025e-6, 1.40088144291137e-6, 1.3686660789241308e-6, 4.948364392821901e-9, 1.1656205726511176e-7, 1.3919403223410702e-6, 6.549897275407005e-9, 1.0127570946571202e-8, 0.41956438696769427, 5.640853127216347e-8, 8.582803110222377e-9, 6.2702377396313685e-9, 1.0665706383371364e-8, 1.3268474148692269e-6, 5.314473882936542e-9, 0.22713647643852977, 0.22713646112219343, 1.485344748236966e-8, 0.2271364810774825, 0.22713641706294369, 8.314491973060159e-9, 0.22713648515226575, 6.677774827200468e-9, 1.7927948857180002e-8, 0.22713635131613194, 1.3929674272490077e-8, 0.5804355906333014, 9.00384396843896e-7, 9.893138085146074e-9, 1.5583530799740906e-8, 3.074240782824784e-8, 0.41956438397369794, 7.433294932235428e-9, 0.22713645023971468, 1.3887311645333723e-6, 0.2271363497483915, 1.0462628076933891e-8, 4.191069649785629e-9, 9.732866574966853e-9, 0.2271365483927988, 1.0257604786268423e-8, 6.065823821948453e-9, 8.159950712599202e-9, 1.086470268085132e-8, 1.1734158259030572e-8, 4.8959295376422256e-9, 0.2271365166031239, 1.339865667864724e-8, 0.22713629863110907, 0.22713655779777084, 8.53485472762784e-9, 5.927805722142127e-9, 6.278178344308658e-9, 1.2247444436075973e-8, 5.4491816646551925e-9, 0.22713646470953108, 0.2271364482614869, 0.22713631491087188, 1.3730799312408273e-6, 9.738287207250182e-9, 0.22713646022048026, 1.3631193550769493e-6, 1.0764296285692187e-8, 0.22713634922246667, 0.2271363186037389, 5.628007115511208e-9, 5.316977449393214e-9, 1.3835748186559276e-6, 2.2284925358092744e-8, 0.2271363167353444]
v_opt: [0.6268522194616856, 0.7728634649816144, 0.5973181528477223, 0.0515913203683007, 0.051591104187032104]
solution time: 0.012722015380859375
McCormick lower bound: -4.499817930692086

