x_opt: [0.7907845618163718, 0.3151009030513684, 0.7907846627890897, 0.20921534331154043, 0.7907845512504972, 0.20921544246460422, 0.7907845607378544, 0.4703839963396933, 0.2668538130527669, 0.20921534745557713, 0.2084058335887747, 0.7331461881222555, 0.20921544412934903, 0.20921543727704123, 0.20921533710322243, 0.3151020237225699, 0.20921533554435467, 1.938494457440374e-9, 0.2092153351907367, 0.20921533460176758]
w_opt: [0.7907845614277471, 0.581569113331034, 5.914188708573265e-10, 3.076454593501904e-10, 0.5239307503212328, 0.2092154420533191, 8.810481133525779e-10, 1.5955268335820485e-9, 0.20921533465255918, 1.1083783204904604e-9, 3.36646270639836e-10, 0.10588556624061678, 0.10588545848951698, 0.31510090077118147, 0.20921534696704303, 0.20921543651091887, 1.57433230778951e-9, 0.3151009026275289, 0.20921534195208677, 0.5815692238228788, 0.26116865966152086, 1.1317771214085446e-8, 0.5239308526089893, 0.31510202131953524, 1.6933828866526454e-9, 1.4987318621800761e-9, 0.20921533477972015, 9.814714566890254e-10, 4.6561578273828144e-10, 2.145166879981884e-9, 0.2092153426975042, 0.20921534272038214, 0.2092153396201772, 3.2675573718636444e-10, 8.058839708621257e-9, 0.2092153351591321, 4.004140342008312e-10, 6.369521742625687e-10, 0.2668538127696624, 5.012580029648964e-9, 5.841630776454286e-10, 3.8099749670856175e-10, 7.478786246623226e-10, 0.2092153297225964, 3.2986602529954463e-10, 0.20921544149078874, 0.20921544062752823, 9.529962975248034e-10, 0.2092154417125859, 0.20921543538941284, 5.375454086766071e-10, 0.20921544206879267, 4.6448568729500974e-10, 1.1516731354929926e-9, 0.2092153347574984, 9.132558507629907e-10, 0.7331461877477524, 2.683770052362419e-8, 5.310628265840961e-10, 8.252976839356691e-10, 2.5439442375678947e-9, 0.2668538125002632, 4.792252749072523e-10, 0.20921533560776423, 0.2092153349654276, 0.2092153346391152, 7.849215418314598e-10, 3.105955653865466e-10, 2.1445349376971576e-9, 0.20921544366647424, 5.42438709659271e-10, 4.24667284119959e-10, 4.980357082565814e-10, 6.465705903189076e-10, 6.925302054061323e-10, 2.956525162839982e-10, 0.20921534697276342, 1.1321036519847808e-9, 0.20921533060181802, 0.2084058330781391, 5.458345595370647e-10, 3.34345985812932e-10, 3.9489552363255275e-10, 8.256159554091882e-10, 3.735557656971389e-10, 0.20921533667690156, 0.2092154356345085, 0.2092153339451008, 0.20921533307269208, 5.936526679984984e-10, 0.20921533637956538, 0.20921533176636423, 7.047098118977909e-10, 0.20921533434680137, 0.2092153342133845, 3.674041881647981e-10, 3.72402377130462e-10, 0.20921533259986846, 1.401594848065015e-9, 0.20921533395754707]
v_opt: [0.4703839958798653, 0.7907846623185018, 0.6253402307147938, 0.043771065881359816, 0.043433050170333415]
solution time: 0.01350092887878418
McCormick lower bound: -4.112192802268282

