x_opt: [0.7879283254667678, 0.32836585601314194, 0.787928476120074, 0.2120714866673533, 0.7879283105497733, 0.21207097644607992, 0.787928881195394, 0.4544075509682493, 0.27512779058018505, 0.21207168533988274, 0.17371537291238873, 0.7248722003448244, 0.21207168096069967, 0.21207111811984555, 0.2120701758678664, 0.32836586963400577, 0.21207113319781948, 8.300031008864499e-9, 0.2120700691618043, 0.21207006643503234]
w_opt: [0.78792832213608, 0.5758566375698495, 1.2863383022086e-8, 1.944328211240752e-9, 0.5128005281726612, 0.21207166986145085, 1.983207379464932e-9, 4.366230208386974e-9, 0.21207112863326205, 4.657881839214892e-9, 1.9283960947768785e-9, 0.1162943341853125, 0.11629419019676089, 0.32836584459144974, 0.21207168292360606, 0.21207111461881076, 6.900045993938378e-9, 0.3283658537275144, 0.21207148031979833, 0.5758573585914356, 0.2423360289618554, 1.6530177237818158e-7, 0.5128006853753163, 0.32836585576885063, 4.108995209804826e-9, 6.785338433770892e-9, 0.21207006762366462, 4.738559227297422e-9, 2.0159352820068932e-9, 9.065847356474766e-9, 0.21207148439854207, 0.2120714833025936, 0.21207147834563633, 1.3817004527921515e-9, 4.124334169851505e-8, 0.21207113199352448, 1.6558322271433705e-9, 2.840549081178768e-9, 0.27512778934059523, 2.4442615942832303e-8, 8.415523605023237e-9, 1.581777599987512e-9, 3.7272229991975744e-9, 0.21207110384074157, 1.2453494155728623e-9, 0.2120709705243546, 0.21207096946302811, 3.7002543728620984e-9, 0.21207097310033007, 0.2120709714515353, 2.9293504507137106e-9, 0.2120709746994349, 2.0850808266521145e-9, 4.814675261196095e-9, 0.21207006758119293, 5.39784420215638e-9, 0.7248721986224692, 6.727233270573568e-7, 4.0859866234374745e-9, 3.414989709934154e-9, 9.857767959330269e-9, 0.2751277885464476, 2.1964982197840016e-9, 0.21207016926831118, 0.21207113071539713, 0.21207006629103356, 4.1475816922980344e-9, 1.6322227757099398e-9, 1.0336944259017054e-8, 0.21207167861103546, 2.1089939900595065e-9, 2.1790011791413897e-9, 2.0216885046576173e-9, 2.5452549623572628e-9, 2.8082117885826732e-9, 1.234945061141159e-9, 0.2120716785344548, 6.825781994372724e-9, 0.2120700579839469, 0.17371537128381775, 2.5142257190483774e-9, 1.3385881355094284e-9, 1.4676031396967396e-9, 4.774636610460223e-9, 1.8768075540397796e-9, 0.21207017366972566, 0.21207163152129568, 0.21207006276907095, 0.2120711082460787, 3.234047228611985e-9, 0.212070172738079, 0.21207016225550207, 2.7549353451164172e-9, 0.21207006546498222, 0.21207006474166343, 1.88992143708751e-9, 1.7403286083498919e-9, 0.21207005727633926, 6.082015637371517e-9, 0.21207005225151748]
v_opt: [0.4544075490139841, 0.787928473515519, 0.6208378828093, 0.04497442859786473, 0.03017705344210925]
solution time: 0.014644861221313477
McCormick lower bound: -5.585005881754772

