x_opt: [0.6898177480134324, 0.252924817959768, 0.8739221932830838, 0.12607740791327846, 0.7470757959120067, 0.2529228046168512, 0.7470762821375224, 0.8466785411580764, 0.537579973390421, 0.12607779172662154, 0.15331987456362578, 0.4624197026215448, 0.25292288577483063, 0.25292343874766515, 0.12607817590359746, 0.25292587766559466, 0.12607721564759122, 1.1745632840268043e-7, 0.1260779171000645, 0.12607807845882507]
w_opt: [0.6898176869769951, 0.43689355409589314, 7.855873991777641e-8, 1.9692985154959266e-8, 0.15223747109437086, 0.2529226838243625, 5.3907072347029297e-8, 1.933507436029537e-7, 0.12607717099632115, 7.963487802300864e-8, 1.5847933613126022e-8, 0.12684703153468724, 1.0934069172941745e-6, 0.2529245958620737, 0.12607776659063216, 0.2529233976638995, 1.8206071757458992e-7, 0.25292479165875564, 0.12607729323031247, 0.620998488133257, 0.7206007935925487, 3.4119239526951355e-8, 0.33634205999848443, 0.2529255939607765, 1.2754773831166344e-7, 9.147544759774816e-8, 0.12607789689472476, 6.343174794022877e-7, 2.6168565274122875e-8, 3.162134288949829e-7, 0.1260773685677381, 0.12607734845873397, 0.12607723258205045, 1.654449784685255e-8, 1.5047880126559716e-6, 0.1260771926290347, 1.8762414797058638e-8, 3.865979014752361e-8, 0.5375799623420611, 6.410476932711052e-7, 4.0180681228545624e-8, 2.6891962673615413e-8, 4.494518197761359e-8, 0.12607664865994517, 1.9302251149007595e-8, 0.2529227590884756, 0.25292255276483544, 1.0849103112379659e-7, 0.2529226977848118, 0.25292261201009186, 3.5175436268401304e-8, 0.25292278516725586, 3.08153494190381e-8, 7.922600576960658e-8, 0.12607790011709433, 7.926831050025872e-8, 0.46241968449824217, 1.1147409928499017e-5, 4.1094407477933845e-8, 8.288883090382922e-8, 3.478684235240555e-7, 0.5375799339737579, 3.018977740938499e-8, 0.12607800547800008, 0.12607718816573826, 0.12607788979871776, 6.262523294141146e-8, 1.8383112549754634e-8, 1.538406958732006e-7, 0.25292284594676023, 3.176165638209237e-8, 2.1480998358947918e-8, 2.4207735160134827e-8, 4.2908161602612754e-8, 5.780827020365524e-8, 1.5314113917651818e-8, 0.12607777435199174, 1.5766301008739353e-7, 0.12607743090033577, 0.15331984136041235, 3.550575589727665e-8, 1.5944010961023568e-8, 2.4972592391358812e-8, 5.644699422508149e-8, 1.8381507316446623e-8, 0.12607815989694715, 0.25292230816939393, 0.12607805099126945, 0.12607697570653853, 2.96151390392997e-8, 0.12607812947588828, 0.1260768738139013, 4.9092998951056317e-8, 0.1260778071502387, 0.12607805378861148, 2.0020624274083798e-8, 1.9840888784118506e-8, 0.12607696396198279, 9.06947676653555e-8, 0.12607785013671174]
v_opt: [0.8466785172987126, 0.8739221747627217, 0.5581226331249097, 0.015895630892215906, 0.023507017272129054]
solution time: 0.012250185012817383
McCormick lower bound: -3.325198655355662

