x_opt: [0.7908456076828052, 0.31481627705356596, 0.7908456098743194, 0.20915426301720993, 0.7908456637014801, 0.20915361397993315, 0.7908463864174929, 0.47072636318966743, 0.2666745834434038, 0.20915439182717674, 0.20915426858304595, 0.7333254146441114, 0.20915439076779152, 0.20915361320468673, 0.20915433251623827, 0.3148162772717003, 0.20915360565353208, 1.691207138157011e-9, 0.20915361056207643, 0.2091536099976737]
w_opt: [0.7908456071339334, 0.5816912716717012, 8.319800576604021e-10, 4.31548144549592e-10, 0.5241710227211681, 0.20915438926228413, 4.302059227391444e-10, 1.0028928172433985e-9, 0.2091536047252001, 9.53283612931023e-10, 3.360383396314022e-10, 0.10566188740179595, 0.1056619429702495, 0.314816274669008, 0.20915439144607534, 0.20915361249188572, 1.1492124712772012e-9, 0.3148162763452539, 0.20915426180331767, 0.5816919965327736, 0.2615719734128465, 2.8469106388436474e-9, 0.5241710259263189, 0.3148162744087419, 1.2243143027185895e-9, 1.3881148701527534e-9, 0.20915361022850468, 1.0004029294337663e-9, 4.679001338016017e-10, 1.966764114808511e-9, 0.2091542624790017, 0.20915426242541332, 0.20915426110934493, 2.5053298925516547e-10, 8.351283589296426e-9, 0.20915360537431624, 3.583943843926989e-10, 5.206418775460484e-10, 0.26667458315698733, 5.804019489384425e-8, 5.544421280504108e-8, 3.1005876900669026e-10, 1.7551530447431694e-9, 0.2091536010656414, 2.4909256682055894e-10, 0.20915361310814906, 0.20915361253383363, 9.297521336833284e-10, 0.209153613319956, 0.20915361129803592, 4.719682252975843e-10, 0.2091536136889347, 3.632225048615004e-10, 1.012665803040729e-9, 0.20915361019346845, 1.1389977994262117e-9, 0.7333254143331589, 8.039333666656596e-7, 8.766160919101275e-10, 1.3357050393683127e-9, 2.454408836260198e-9, 0.2666745830025125, 4.3808165427517123e-10, 0.20915433147130466, 0.20915360507517688, 0.20915360993012777, 9.602934011200564e-10, 2.4357996937365654e-10, 4.503332727535204e-10, 0.2091543904067817, 4.73735008249012e-10, 3.9774168838358506e-10, 4.0799642409400927e-10, 4.503347372386288e-10, 5.105491505502751e-10, 2.4217485746538123e-10, 0.20915439035502145, 1.1608414624394096e-9, 0.2091536083244569, 0.20915426826649253, 4.965811405317027e-10, 2.923948565386919e-10, 2.621987379424949e-10, 8.574645980886287e-10, 3.5399062619558714e-10, 0.20915433217565824, 0.20915438451373963, 0.2091536092710592, 0.20915360315068812, 6.526643496806295e-10, 0.2091543318572124, 0.20915360396537772, 6.187854014660038e-10, 0.2091536099831151, 0.20915360971372046, 3.713271406282932e-10, 3.027630627155602e-10, 0.2091536026708743, 1.2532783638623724e-9, 0.20915360901086727]
v_opt: [0.4707263627083711, 0.7908456093322338, 0.6254368691803537, 0.043745564512052186, 0.04374550851582058]
solution time: 0.014398813247680664
McCormick lower bound: -5.988548091906184

