x_opt: [0.7908459524811479, 0.3148156097895871, 0.7908463470236529, 0.20915364355137403, 0.7908459766945034, 0.2091540172224119, 0.790845973590927, 0.47072875975665995, 0.26667580981125166, 0.20915365602154876, 0.20915395958146282, 0.7333241904062296, 0.209154018501232, 0.20915401879139833, 0.2091536651904393, 0.3148156332220797, 0.20915363868075512, 8.85290637152928e-9, 0.20915366027466772, 0.20915365605132294]
w_opt: [0.790845950846229, 0.5816919289729938, 2.300059495429177e-9, 1.9104287536050008e-9, 0.5241701445083787, 0.20915400930252043, 3.3595448748200337e-9, 6.322463282826955e-9, 0.20915363459809463, 5.168131646744843e-9, 1.2744696758250456e-9, 0.10566195894843998, 0.10566160248464528, 0.314815598767108, 0.20915365395506472, 0.20915401586649404, 7.132283953582712e-9, 0.3148156077263636, 0.20915363702753448, 0.5816923220655965, 0.2615751095492595, 9.331914475006124e-9, 0.5241705449820923, 0.314815620494807, 6.926925994669664e-9, 6.577712902593288e-9, 0.20915365825414367, 9.994426313562134e-9, 2.194842901924517e-9, 1.245036051693872e-8, 0.20915364044096998, 0.20915364105515424, 0.2091536272561057, 1.4015604640668064e-9, 4.517928379715788e-8, 0.20915363664563685, 1.8037412669583757e-9, 2.7016320161216924e-9, 0.2666758085326183, 1.627987641194559e-8, 3.049991365236436e-9, 1.703511838169819e-9, 2.991156640579109e-9, 0.20915361179318956, 1.4551923890076007e-9, 0.209154013543173, 0.2091540074429426, 5.198288723428239e-9, 0.20915401278928764, 0.2091540088522547, 2.167309827227429e-9, 0.20915401559926197, 2.0079775666092e-9, 5.430072252728227e-9, 0.20915365853691814, 4.163735298625623e-9, 0.7333241888591588, 2.5499029223044043e-7, 2.8855946600400743e-9, 3.412014177935287e-9, 1.0589441777166468e-8, 0.2666758069646272, 2.1150223976439083e-9, 0.20915365823605372, 0.20915363601173323, 0.2091536577719036, 3.991313543312366e-9, 1.2140163487670654e-9, 4.154976278498814e-9, 0.2091540164769355, 2.5677379942560606e-9, 1.8382715575945729e-9, 2.212382483219488e-9, 2.7617391776261853e-9, 3.0651065493190464e-9, 1.305430007273944e-9, 0.20915365408708753, 5.634719088551151e-9, 0.20915361276581654, 0.20915395773120415, 2.4077663333052303e-9, 1.5141552566793745e-9, 1.762255667059686e-9, 3.6912178881991152e-9, 1.573581255569375e-9, 0.2091536634800117, 0.20915398762070445, 0.20915365338433306, 0.20915362807734067, 2.5165456697109267e-9, 0.20915366159418386, 0.2091536255897497, 3.5270214654070166e-9, 0.20915365627896593, 0.20915365448860052, 1.60158517257217e-9, 1.5517707272999423e-9, 0.20915363251677468, 6.347240585740959e-9, 0.20915365367893496]
v_opt: [0.47072875738315734, 0.7908463450396168, 0.6254373592883674, 0.04374525627510566, 0.04374537979390416]
solution time: 0.015160799026489258
McCormick lower bound: -3.7350300046187366

