x_opt: [0.7905887940711138, 0.3159644523113845, 0.7905888317137428, 0.20940435406437957, 0.7905891481794851, 0.20939202719065775, 0.7906079440993957, 0.4693279759843677, 0.2673772728818802, 0.20941119962259733, 0.20617697405970678, 0.7326227169739845, 0.20941116985242056, 0.20939205626833482, 0.20941076283449542, 0.3159644708448888, 0.20939209955202176, 3.393569251471933e-8, 0.20939197323545905, 0.2093919516960539]
w_opt: [0.7905887835471952, 0.5811779481698361, 1.6223975439847073e-8, 7.802485363318529e-9, 0.5232115185959236, 0.20941113914324747, 7.29765958795905e-9, 2.2106447858876883e-8, 0.20939208241066443, 1.9421870803473515e-8, 7.042295650512981e-9, 0.10655329149304837, 0.10655363743478119, 0.31596440593237624, 0.20941119221624246, 0.20939204121465774, 2.6129758825785263e-8, 0.3159644435380379, 0.20940433120401936, 0.5811967805143988, 0.2599168138090722, 5.546440514740008e-8, 0.5232115783315083, 0.31596442039818884, 2.3766419463417854e-8, 2.8580312640900758e-8, 0.20939196742645347, 1.813736429346057e-8, 7.298288858314787e-9, 3.91224384196873e-8, 0.20940434493725021, 0.20940434229511498, 0.20940431935227735, 4.872755057187944e-9, 2.21902176602085e-7, 0.20939209464646324, 6.690017934171903e-9, 1.050004629947758e-8, 0.2673772677732071, 3.950710704696329e-7, 3.3059964237002e-7, 6.303556234023549e-9, 1.9665875312208624e-8, 0.2093919934527407, 4.637085601500894e-9, 0.20939200679291675, 0.20939200149497667, 1.55935357321764e-8, 0.20939201417267755, 0.20939198218010824, 1.0434218705560998e-8, 0.2093920213737915, 7.12584411630799e-9, 2.0144451591446942e-8, 0.2093919667801126, 2.3083213568883342e-8, 0.7326227106508248, 1.959791193948063e-5, 1.8030460753232874e-8, 2.1528830903760225e-8, 3.896288258760465e-8, 0.26737726558314473, 8.294571498259615e-9, 0.20941074211609306, 0.2093920892139969, 0.20939196171519583, 1.5388443002855015e-8, 5.1922232680487835e-9, 1.2920842707132945e-8, 0.20941116304444513, 8.501310580910022e-9, 7.675429753291191e-9, 7.920696839531257e-9, 9.033202234543195e-9, 1.0242383627277415e-8, 4.555761287435636e-9, 0.2094111610551521, 2.0930933439627556e-8, 0.20939192961846403, 0.20617696842862554, 1.0234151474383597e-8, 5.29593805185321e-9, 5.025617000445515e-9, 1.832980915269455e-8, 7.192516952285547e-9, 0.20941075580380883, 0.2094109937054804, 0.20939193778793766, 0.20939199774493228, 1.3009523283070376e-8, 0.20941075155949856, 0.20939206618652273, 1.1140491799385835e-8, 0.20939196097135265, 0.2093919460287922, 7.086191887271002e-9, 6.1801817113611865e-9, 0.20939191045390274, 2.5964586555453676e-8, 0.20939191877481378]
v_opt: [0.46932796825136625, 0.7905888214266649, 0.6250313541467839, 0.04385308707210029, 0.04250895844798783]
solution time: 0.0142059326171875
McCormick lower bound: -6.405998857533997

