x_opt: [0.528696864907901, 0.26653251649711707, 0.8542229528438648, 0.1457771027717045, 0.854222899352976, 0.14548433263773752, 0.8542229549426401, 0.8545438013949258, 0.8542228902406896, 0.14577706403754592, 0.09420553660908414, 0.808748505446544, 0.1457770461783989, 0.14577703563599775, 0.14548429119379014, 0.26653252279136797, 0.1457770509677187, 1.0576119723905733e-8, 0.14548429147542383, 0.1454841135411088]
w_opt: [0.5286968620784552, 0.3829197659408164, 3.511955005284924e-9, 2.344561303563487e-9, 0.3374453728762464, 0.14577703049809837, 2.4369894279024073e-9, 6.01894858015856e-9, 0.14577704613968992, 5.9379516381870124e-9, 2.1926739533095063e-9, 0.12075547165132317, 0.12075542866072929, 0.26653250593878514, 0.14577706055051745, 0.14577703105753825, 7.394032463675394e-9, 0.26653251438866643, 0.14577709527873758, 0.7084459092479214, 0.7087667570000649, 2.6296525791005382e-8, 0.6629714694022439, 0.26653250859306843, 1.3191557180316596e-8, 8.455645308742916e-9, 0.14548428969374677, 4.116403208278653e-9, 5.972188623041479e-9, 9.697247205146093e-9, 0.14577710040383937, 0.14577709859947297, 0.14577705255239232, 1.7468461511221586e-9, 4.6164473860930916e-8, 0.14577704937952352, 1.8123731445434193e-9, 3.315806235278991e-9, 0.8542228888438431, 1.3417064131495209e-8, 4.118553285722138e-9, 2.1836562463690133e-9, 4.282470043307255e-9, 0.14577701036297844, 1.4270966228017145e-9, 0.1454843252900227, 0.1454843242595978, 4.700835373947067e-9, 0.14548432806498854, 0.14548432700181896, 3.228649065481357e-9, 0.14548433008649367, 2.710697503329612e-9, 6.1250516580184285e-9, 0.14548428950625059, 5.145221340753432e-9, 0.8087485034443739, 2.7557526050519586e-7, 2.87237008262991e-9, 3.3326749358108306e-9, 7.750727817047865e-9, 0.8542228876503885, 2.414439595380182e-9, 0.14548428140861241, 0.14577704856363818, 0.14548428856174533, 2.7919363073432703e-5, 2.4120908348944664e-9, 0.6629713995393819, 0.145777041877479, 2.1084944668911516e-9, 2.6403862393228725e-9, 2.299755785549842e-9, 3.046189154243638e-9, 3.1755686639250666e-9, 1.4527635515987612e-9, 0.1457770430341473, 8.977290885605592e-9, 0.14548427528181393, 0.0942055340723148, 2.9555605715103436e-9, 1.4175650317008997e-9, 1.9700667798768516e-9, 6.0847828082317654e-9, 2.160973969333887e-9, 0.14548428754732026, 0.1457770180334124, 0.14548410962992323, 0.14577702193728845, 3.1158902478699886e-9, 0.1454842872382683, 0.145484281451738, 3.323852786836304e-9, 0.14548427918164653, 0.14548411159516023, 1.986476001046683e-9, 2.2827179871425336e-9, 0.1454841055700599, 7.551805229731291e-9, 0.14548411143066056]
v_opt: [0.8545437993438044, 0.8542229502325033, 0.7296968510221159, 0.021251766515330006, 0.008874697715802087]
solution time: 0.01586294174194336
McCormick lower bound: -4.492785727592346

