x_opt: [0.6353557618256849, 0.36464423839128424, 0.6353557631701876, 6.305547867904e-8, 0.6353557596588595, 0.159442113060195, 0.887840483601757, 0.3646561516636654, 0.3646442441124631, 0.36464423611256125, 0.2286934085868827, 0.635355755508782, 0.36464423978396354, 0.11215951666595228, 0.36464423913946997, 0.3646442420068799, 6.293082681320634e-8, 1.4344512607374468e-9, 0.11215451295819379, 0.11215450746602379]
w_opt: [0.635355761571518, 0.27071152176291413, 4.1616228513284033e-10, 4.290837758224573e-10, 0.2707115175934735, 0.36464423869019436, 3.3380479061932404e-10, 3.3266968007494487e-9, 6.232662907436034e-8, 8.58457381738913e-10, 3.120857091802909e-10, 1.7862620050922672e-9, 2.17114771360713e-9, 0.36464423645042743, 0.3646442357792545, 0.11215951593539307, 1.684256857513305e-9, 0.3646442380952605, 6.222657424390278e-8, 0.5231962470296126, 1.1915081249352553e-5, 8.398159949798877e-10, 0.2707115197611813, 0.3646442408148135, 1.2048162165552466e-9, 1.2118379249711244e-9, 0.11215451268302773, 8.525923016871062e-10, 2.128992347381241e-10, 1.2357756361542645e-9, 6.256857048182766e-8, 6.263667694431267e-8, 6.090427998743637e-8, 2.4956822499599546e-10, 5.066177872758801e-9, 6.253770405712158e-8, 3.3819482405826225e-10, 5.766836242555404e-10, 0.3646442438480719, 1.6568227383111225e-9, 3.280417828374794e-10, 3.600048397147042e-10, 6.517993237961354e-10, 5.97827676508869e-8, 2.544622014972319e-10, 0.15944211210781356, 0.15944211190518634, 5.584257331123005e-10, 0.15944211265235797, 0.11215951553390714, 5.331917852366199e-10, 0.15944211279813303, 3.2211142958194106e-10, 8.393120172540929e-10, 0.11215451260205633, 7.141121171991429e-10, 0.6353557551257302, 0.25248474043237457, 6.408469343332279e-10, 7.967645483744717e-10, 1.1159685440134331e-9, 0.3646442438207127, 3.7247013821237694e-10, 0.36464423831126064, 6.234181310223198e-8, 0.11215451254761227, 3.9433097904517554e-10, 2.281164703734241e-10, 4.576297812523461e-10, 0.3646442395336116, 5.48349812856774e-10, 2.926595344140722e-10, 4.295256978100035e-10, 6.314610639978313e-10, 6.522703294154657e-10, 2.6878428242958e-10, 0.36464423579712274, 5.011676200430853e-10, 0.11215451075537812, 0.22869340834166563, 4.4622383825686976e-10, 3.1618160474878365e-10, 3.1835295669263474e-10, 6.481260023922004e-10, 2.9129180504855407e-10, 0.36464423885039843, 0.3646442279795262, 0.11215450702031593, 6.200510509127605e-8, 5.966672291146417e-10, 0.36464423867224444, 6.105338527666376e-8, 4.3445405131762834e-10, 0.11215451255177432, 0.11215450712814644, 2.898289426661378e-10, 2.746251317252489e-10, 6.220022218855988e-8, 1.1277309039845328e-9, 0.11215450713057354]
v_opt: [0.36465615138456947, 0.635355762772902, 0.4036769475642212, 0.13296542441650744, 0.052300678636410816]
solution time: 0.012463808059692383
McCormick lower bound: -6.4136115970885275

