x_opt: [0.6353518758425581, 0.36464817525645393, 0.6353519480871775, 6.131665261354637e-7, 0.6353519260502314, 0.15944985450121552, 0.8878495953069826, 0.36464889047471294, 0.3646480772319951, 0.36464805843440534, 0.22868351949214866, 0.6353516464139357, 0.3646480678797024, 0.11215040630750765, 0.36464802580174976, 0.3646482261825856, 5.631597971391198e-7, 3.346219923261104e-8, 0.11215050363331538, 0.11215054970177811]
w_opt: [0.6353518709747304, 0.27070380571300867, 6.704212533447989e-9, 8.066952556012967e-9, 0.2707035261589694, 0.3646480428962639, 5.695010066821776e-9, 1.3187632858222446e-7, 5.488790430983103e-7, 2.1972853398282572e-8, 4.980217387709547e-9, 1.2800424942728507e-7, 2.8463262822420113e-7, 0.3646480593469508, 0.36464805403028927, 0.11215039031587187, 6.988292134424027e-8, 0.36464816495132485, 5.928252432329161e-7, 0.5232015475235098, 8.420580744470539e-7, 1.5662076834511427e-8, 0.27070362760649674, 0.3646481730486449, 5.0641283160025624e-8, 3.023520386217938e-8, 0.112150498718385, 5.0223492453341824e-8, 3.373685772141705e-9, 7.072652008579626e-8, 6.019482561613638e-7, 6.066047510426416e-7, 5.531569311374385e-7, 3.7172881408614454e-9, 1.6004716343485087e-7, 5.587831403415778e-7, 6.862512507706099e-9, 1.2307162217626174e-8, 0.36464807203973226, 1.507497765347262e-7, 8.337791431720267e-9, 5.1365935642733326e-9, 2.772858495525453e-8, 4.803427607976615e-7, 5.349457885915089e-9, 0.1594498329433488, 0.15944981330663047, 1.7680248658099108e-8, 0.1594498484986636, 0.1121503125575204, 1.4489959457845742e-8, 0.15944985135334827, 5.983741043060848e-9, 2.2744547925895084e-8, 0.1121504985511716, 3.337398099373077e-8, 0.6353516410043493, 0.2524988647373992, 2.005795136143559e-8, 2.0709477018025536e-7, 2.779587056157101e-7, 0.3646480725728676, 8.331382904953913e-9, 0.36464800692056987, 5.474721009890849e-7, 0.1121504935002641, 1.0463266280594584e-8, 3.2995151147065424e-9, 4.673706133256214e-9, 0.3646480639433867, 1.6804125762935387e-8, 5.5460831209560655e-9, 9.095008296396673e-9, 1.4396690577799138e-8, 1.818696671731783e-8, 4.258510100123974e-9, 0.3646480467691552, 1.4822143258472436e-8, 0.11215043208893727, 0.22868351649796131, 1.2544872291439814e-8, 6.676567662905089e-9, 4.603637358240845e-9, 1.683357938036479e-8, 5.838825013901562e-9, 0.3646480217121661, 0.3646476066517001, 0.1121505419197674, 5.44874677712968e-7, 1.925376787236656e-8, 0.3646480149657899, 5.056876257914197e-7, 1.0864925800943771e-8, 0.11215049775006772, 0.11215054328523091, 6.330415668343963e-9, 4.536898570301245e-9, 5.10657762837602e-7, 2.8903466226692143e-8, 0.11215049953835914]
v_opt: [0.3646488850169931, 0.6353519414957491, 0.40367219505958346, 0.13296835152978223, 0.052296153619601035]
solution time: 0.013052940368652344
McCormick lower bound: -7.411851252986277

