x_opt: [0.6153225675476083, 0.2693392344502045, 0.8937918346767079, 0.10620814069807143, 0.736771227126002, 0.26322830101618316, 0.7367712223046922, 0.8930177898601924, 0.615320940886544, 0.1062081886207369, 0.10698220467413663, 0.3846790315445425, 0.2632283006722928, 0.2632286491539262, 0.10620818544467342, 0.26933960495332915, 0.10620809402046595, 2.322694771398638e-8, 0.10620817731356412, 0.10620817265847851]
w_opt: [0.6153225598358533, 0.3520937963253845, 9.989605920584202e-9, 4.2235761077072496e-9, 1.603229853014014e-6, 0.2632282686399684, 9.093511428915582e-9, 2.2994295319006993e-8, 0.10620808435325832, 1.4244480078784545e-8, 2.9351475377581465e-9, 0.16313107354198256, 0.006110493117583609, 0.2693392028574167, 0.1062081832195344, 0.2632286429473299, 2.717350504588807e-8, 0.2693392299279583, 0.10620812206557076, 0.630563059963228, 0.7868096358344252, 3.8011147466977085e-8, 0.2784708904953142, 0.2693395655318256, 2.5255739344180884e-8, 1.6710150006739163e-8, 0.10620817237137332, 3.1965160254984135e-8, 5.060279189077156e-9, 3.922760811152308e-8, 0.10620813308035772, 0.10620813300953948, 0.10620803358038468, 3.699139355270169e-9, 1.446335208074654e-7, 0.10620808961607123, 4.169963005586912e-9, 7.415867733685631e-9, 0.6153209382930901, 6.552644854275104e-8, 6.28541610921302e-9, 4.370364868362642e-9, 8.050604951580943e-9, 0.10620800649533733, 4.046956968722606e-9, 0.2632282916895017, 0.2632282658250136, 1.604695602845894e-8, 0.26322828446655344, 0.26322827953753436, 6.197148065854132e-9, 0.2632282969767826, 5.940861852650614e-9, 1.4522846834681726e-8, 0.10620817289729279, 1.1740701573779139e-8, 0.3846790276615527, 7.112269412728999e-7, 5.891209665130319e-9, 9.773601172167547e-9, 3.2395165357124797e-8, 0.6153209330063469, 1.230103508133117e-8, 0.10620815629738198, 0.10620808807987894, 0.10620817164540922, 8.080955453171124e-9, 3.498987641985517e-9, 1.3842448547221463e-8, 0.263228293509189, 6.476053040903027e-9, 4.6149230604355135e-9, 5.504772685485198e-9, 8.480104471218604e-9, 9.75361821107308e-9, 3.2817904731158594e-9, 0.10620818330023499, 1.9937167090974143e-8, 0.10620805082127162, 0.10698219566753812, 6.688094555172218e-9, 3.540096588543818e-9, 5.4103392740069055e-9, 1.0059175577612834e-8, 3.785033726764768e-9, 0.10620818122576713, 0.2632282432236616, 0.10620816670835778, 0.10620805593138352, 5.798293702273151e-9, 0.10620817602490705, 0.10620804694513902, 9.492386228798462e-9, 0.1062081589857329, 0.10620816842511083, 3.8986271469828986e-9, 4.0789017752500064e-9, 0.10620806628767186, 1.686456567586389e-8, 0.10620816071960383]
v_opt: [0.8930177848046144, 0.8937918304183786, 0.5428318439691759, 0.011280222380131313, 0.011445262900176867]
solution time: 0.013067007064819336
McCormick lower bound: -3.2353682758767888

