x_opt: [0.6353149707147829, 0.3646850293224311, 0.6353149710918934, 0.0016275750399046684, 0.6353149717336162, 0.16112101939242054, 0.8890315854896829, 0.3646850304057711, 0.36468502981360595, 0.3646850286882556, 0.22746088877861126, 0.6353149697357846, 0.36468502931527963, 0.11096841509422006, 0.36468502890836624, 0.36468502943524267, 0.0016275749518751788, 5.237300352053084e-10, 0.11096834847453138, 0.11096834789280297]
w_opt: [0.6353149705970467, 0.27062994155447057, 2.043986840959144e-10, 1.501036627534542e-10, 0.27062994057068945, 0.36468502893826515, 1.0988453681941775e-10, 5.559522759266319e-10, 0.0016275746866382978, 3.0252523664828616e-10, 1.304555192237525e-10, 5.012661664781428e-10, 9.65743390343435e-10, 0.3646850285603174, 0.36468502895271643, 0.11096841480897608, 4.1852024460434263e-10, 0.3646850291482868, 0.001627574714710436, 0.5243465566537371, 1.572942310609991e-9, 5.878669755628454e-10, 0.2706299412263796, 0.3646850288563786, 4.628129459516901e-10, 4.498943818125236e-10, 0.11096834838081393, 3.490470546114902e-10, 9.663355410716329e-11, 4.756556397501178e-10, 0.0016275748768865327, 0.001627574855063376, 0.0016275744006227046, 8.05352116527633e-11, 2.3777741975438235e-9, 0.001627574823157581, 1.1963110406555494e-10, 1.8512714042530136e-10, 0.36468502970510125, 7.811144123231041e-10, 2.6301086739127444e-10, 1.1469234899821942e-10, 3.127128922713508e-10, 0.001627573697788635, 7.979419223721465e-11, 0.16112101903440912, 0.1611210190093165, 2.2276735955239093e-10, 0.1611210192029439, 0.11096841472268311, 1.8418915603863116e-10, 0.16112101930549358, 1.1012939024969303e-10, 3.082512564435914e-10, 0.11096834837423429, 3.5333521990853424e-10, 0.6353149696181042, 0.2537166218341214, 7.106759383488904e-10, 3.037757437431879e-10, 3.7624883944825277e-10, 0.3646850296944729, 1.3951445182268115e-10, 0.3646850285828342, 0.0016275747381978283, 0.11096834828360078, 1.9364771836972775e-10, 8.003469730521227e-11, 1.4557404752379802e-10, 0.3646850291929611, 1.668381966824247e-10, 1.1894352337565332e-10, 1.3836389573872358e-10, 1.6135744389343132e-10, 1.7846021340239996e-10, 8.639906116121267e-11, 0.36468502896500543, 2.302146114453871e-10, 0.1109683478154061, 0.2274608887013757, 1.6405157441738956e-10, 1.013671480069761e-10, 8.945968394094615e-11, 3.195110619809876e-10, 1.1730875794799624e-10, 0.36468502880376985, 0.36468502555616605, 0.11096834767112602, 0.001627574662630103, 2.563013925524455e-10, 0.364685028724565, 0.0016275743724147344, 1.614654726468437e-10, 0.11096834830577389, 0.11096834779244781, 1.2029863818433342e-10, 9.739311541310944e-11, 0.001627574628981409, 4.089266652016783e-10, 0.11096834771323837]
v_opt: [0.3646850302703004, 0.6353149708497783, 0.40362511381224037, 0.13299517083163678, 0.05173967668657766]
solution time: 0.015558958053588867
McCormick lower bound: -9.089784003703606

