x_opt: [0.7488549650683388, 0.25114504299029367, 0.7488549678047696, 0.25114501579376164, 0.74885496138195, 0.2511450251605744, 0.7488549763893628, 0.690701438028014, 0.3528689234771794, 0.2511450327321205, 0.1967193137807626, 0.6599924241752129, 0.25114503609980443, 0.25114502336136374, 0.2511450211058045, 0.25114604770276094, 0.25114501427650093, 3.4749534502794966e-9, 2.2209202551622946e-7, 2.180164511386533e-7]
w_opt: [0.7488549642705142, 0.4977099270380655, 1.3506051222607056e-9, 9.661493999371755e-10, 0.4088473899422225, 0.25114503281166217, 8.142557839438936e-10, 2.7739567474622537e-9, 0.2511450128164449, 2.0381332136393853e-9, 8.323157645860804e-10, 1.13165681006234e-8, 9.466122765919305e-9, 0.25114503904188706, 0.25114503186956894, 0.2511450213447693, 3.389376039797875e-9, 0.251145042436496, 0.25114501370347175, 0.4977099447688251, 0.43955640647420074, 3.1045937015602064e-9, 0.40884739496476225, 0.2511460446224735, 2.645179476092539e-9, 2.931523159835507e-9, 2.2150773116337455e-7, 1.6885520554348245e-9, 5.477504907562178e-10, 2.809841606294248e-9, 0.2511450148908633, 0.2511450146152347, 0.25114501074095047, 6.036114977962984e-10, 1.2984111873976997e-8, 0.2511450136071458, 7.026771420016335e-10, 1.3114981694096244e-9, 0.35286892297555056, 3.731671983646108e-9, 8.372204881899969e-10, 9.122613854520726e-10, 1.3475543158578614e-9, 0.25114500474319335, 5.3368069212095e-10, 0.2511450223355341, 0.25114502259813715, 1.285469028787846e-9, 0.2511450238654123, 0.25114501969984054, 1.3233445502364027e-9, 0.25114502442640446, 8.355249068172329e-10, 1.9984827474357864e-9, 2.2133154733226994e-7, 1.675095526668034e-9, 0.659992423318824, 8.281945381472989e-8, 1.050002593108431e-9, 1.4231604204412282e-9, 2.2764753060311866e-9, 0.3528689227883006, 8.429293641847275e-10, 0.2511450188170352, 0.25114501323206584, 2.211524041120356e-7, 9.986214772362357e-10, 7.002863273894191e-10, 0.012861348668718717, 0.25114503535953264, 9.294898021162012e-10, 7.541654347527008e-10, 9.075422691881859e-10, 1.3198078847781177e-9, 1.338400125095024e-9, 5.594020568098109e-10, 0.25114503184837583, 1.4796295364108859e-9, 2.1705869210515753e-7, 0.19671931315365765, 1.0519543167766774e-9, 5.915524093559711e-10, 7.058261143374478e-10, 1.6795651914716615e-9, 7.277401594536031e-10, 0.25114502038174863, 0.25114502477993944, 2.1686935911087228e-7, 0.2511450113757885, 1.274343005188797e-9, 0.25114502015365475, 0.251145008515907, 9.863637013060568e-10, 2.2079536595214348e-7, 2.1720228594949253e-7, 6.805498974381621e-10, 7.282443549029866e-10, 2.1590748004292037e-7, 2.687476337167158e-9, 2.1717915817679675e-7]
v_opt: [0.6907014374207349, 0.7488549668913769, 0.5607837610282708, 0.0630738650142166, 0.038698492244116346]
solution time: 0.013761043548583984
McCormick lower bound: -5.80150833605403

