x_opt: [0.7333608799047514, 0.34612546101284053, 0.7333608834345985, 0.1717857628610575, 0.7333608774173156, 0.17178802921653635, 0.8282123405626294, 0.39027776475127623, 0.2666391225891226, 0.2666391195267876, 0.211459143917893, 0.7333608762203505, 0.2666391199572157, 0.17178766341709142, 0.26663909580437567, 0.3461254771361027, 0.17178576188632882, 3.3341708436426614e-9, 0.17178620718056684, 0.17178583486354498]
w_opt: [0.733360878244796, 0.46672175780633735, 1.278164435624961e-9, 6.449523811608588e-10, 0.4667217567037876, 0.26663911751181185, 5.69366565499239e-10, 2.627257217569313e-9, 0.17178576045264474, 2.051462636074215e-9, 6.416189893826316e-10, 0.07948634495199956, 0.07948634060006757, 0.3461254554906049, 0.26663911903268217, 0.1717876621272062, 2.8416230682395373e-9, 0.34612546046384773, 0.17178576082414232, 0.5615732243596362, 0.12363864861035415, 5.5265837824334666e-9, 0.46672176245651387, 0.346125473218574, 2.335903383583351e-9, 2.9863777351605435e-9, 0.17178620675937334, 2.118441893767869e-9, 5.002787875548897e-10, 5.174552324672673e-9, 0.17178576212906652, 0.17178576203710033, 0.17178575983059988, 3.880294872817724e-10, 3.457896679214446e-8, 0.17178576127770237, 5.876256014257267e-10, 9.533305372386254e-10, 0.2666391222241932, 7.735946092521197e-9, 1.0114891220026043e-9, 5.268928844919609e-10, 1.187876187393262e-9, 0.17178575058062856, 3.6838540928595684e-10, 0.17178802713721214, 0.17178802708866725, 1.2677347091131398e-9, 0.17178802824010245, 0.17178766196884476, 1.055155029170483e-9, 0.17178802880838706, 5.960420742019401e-10, 2.1920893943415447e-9, 0.17178620677852197, 2.6538087633205985e-9, 0.733360875737352, 0.09485158654559361, 4.958744264908677e-9, 1.19191430204385e-9, 1.5593305159368078e-9, 0.26663912207617413, 6.881117937546145e-10, 0.2666390943483711, 0.17178576101086143, 0.17178620625954255, 1.2743031069131266e-9, 4.138749639560989e-10, 1.1032849527200882e-9, 0.2666391194478124, 7.371231614840253e-10, 6.19240678665147e-10, 6.905451111734217e-10, 8.18877117574565e-10, 9.563017575589301e-10, 4.3852092665343616e-10, 0.26663911890539815, 1.7381496032979163e-9, 0.1717862035986103, 0.21145914321993037, 9.978011098762531e-10, 4.3991095104328804e-10, 4.761562661155394e-10, 2.2216107156662366e-9, 6.175055794646363e-10, 0.26663909535199, 0.26663911371582827, 0.17178583376665346, 0.17178576063326872, 1.3258510035326405e-9, 0.26663909505219957, 0.17178575884657046, 9.906155124940042e-10, 0.17178620626027216, 0.1717858343522521, 6.044758251878824e-10, 5.065343287733366e-10, 0.17178575908421476, 2.790452087529664e-9, 0.17178583329102606]
v_opt: [0.3902777642095135, 0.7333608826736673, 0.5378181834593059, 0.07109642784026077, 0.04471497512002561]
solution time: 0.01663994789123535
McCormick lower bound: -7.1529878524308605

