x_opt: [0.635351381122831, 0.36464863367235784, 0.6353513813248693, 2.0354254383205014e-6, 0.6353513808938546, 0.15945090823992633, 0.8878502568395691, 0.3646486834623496, 0.36464866510820165, 0.3646486171691543, 0.2286812287153218, 0.6353513249111093, 0.36464862224107725, 0.1121497503221779, 0.3646486172365745, 0.3646486445709809, 2.034780878785527e-6, 7.002775338030604e-9, 0.1121488432296767, 0.1121488031082475]
w_opt: [0.6353513788002295, 0.27070276245333963, 2.438621256966964e-9, 1.763577205470345e-9, 0.27070270731611645, 0.364648617473845, 1.381872360622819e-9, 9.717061572365418e-9, 2.031601344667222e-6, 4.175143704355189e-9, 1.5202015324024094e-9, 1.6215015203211586e-8, 2.530043392706319e-8, 0.3646486231967562, 0.3646486155697525, 0.11214974704378544, 5.833917835298862e-9, 0.36464863198641123, 2.0312720087946707e-6, 0.5232016391879158, 6.579353626382612e-8, 3.497787246351394e-9, 0.27070271153983416, 0.36464863743988457, 5.929323152254338e-9, 6.093126501840996e-9, 0.11214884209218996, 4.219352066821727e-9, 1.1382347329182087e-9, 7.469842418344791e-9, 2.0333996341760414e-6, 2.0333105850043388e-6, 2.0268702155209033e-6, 9.759568671122826e-10, 5.2249605102224546e-8, 2.033170579317177e-6, 1.5007519983029067e-9, 2.3086007415085827e-9, 0.3646486639721723, 1.1765048997029871e-8, 5.433025724330488e-9, 1.3914606234823675e-9, 4.584853200176564e-9, 2.016418222147322e-6, 9.716605192947683e-10, 0.15945090392927996, 0.15945090339007942, 2.7393647918394027e-9, 0.15945090606440568, 0.11214974533176861, 2.24860506193346e-9, 0.15945090718995608, 1.3479315843847503e-9, 4.292243703766666e-9, 0.11214884201662471, 4.664853669715843e-9, 0.6353513235132633, 0.252498979011554, 8.797493444972861e-9, 2.956523738695079e-9, 3.817925081728506e-9, 0.3646486634705192, 1.673993103742764e-9, 0.3646486136364869, 2.032208623744406e-6, 0.11214884100377294, 2.3439137563137033e-9, 9.443745167720898e-10, 1.6898215708059705e-9, 0.36464862110488266, 2.073163746070978e-9, 1.4064757641674414e-9, 1.766790148908279e-9, 2.067623885064334e-9, 2.2929619395307883e-9, 1.0416784412706567e-9, 0.3646486156297389, 2.818363374861752e-9, 0.11214883471683437, 0.22868122776147656, 2.144951341425059e-9, 1.2383907068150928e-9, 1.09621093683467e-9, 3.6795164545422136e-9, 1.4199075130599104e-9, 0.36464861587323083, 0.36464857436009546, 0.11214880060365832, 2.031004888082538e-6, 3.134405749820144e-9, 0.3646486151181408, 2.0271342435637913e-6, 2.1096020980082393e-9, 0.1121488413136604, 0.11214880178193493, 1.4265458767981307e-9, 1.1883763886688793e-9, 2.03036853189999e-6, 5.63125870667685e-9, 0.11214880155698424]
v_opt: [0.36464868193013183, 0.6353513788889185, 0.40367138155736515, 0.13296861661309933, 0.05229515708570141]
solution time: 0.01356816291809082
McCormick lower bound: -8.171980477830122

