x_opt: [0.7908449818576284, 0.3148204502893068, 0.7908449847667048, 0.20915493155292786, 0.7908449738665593, 0.20915501039902157, 0.7908449797885065, 0.4707218651832347, 0.26667853899522276, 0.20915501623573318, 0.2091402337140645, 0.7333214570804576, 0.20915502619082407, 0.20915500664049305, 0.20915492687927703, 0.3148211804374862, 0.20915490904814915, 9.949345449582688e-9, 0.20915490774775697, 0.2091548802923437]
w_opt: [0.7908449776508102, 0.5816899570317322, 4.642065566679362e-9, 1.4214275228805955e-9, 0.5241664407201825, 0.20915501723767618, 2.7795836294907742e-9, 5.3237963655809385e-9, 0.20915490512703946, 5.886672282434652e-9, 1.629617384723626e-9, 0.10566543660342469, 0.10566544333069701, 0.3148204394191632, 0.209155014276965, 0.2091550038581866, 7.1046274359914954e-9, 0.31482044862455844, 0.20915492593757204, 0.5816899658615613, 0.2615668518955425, 1.4470023475266204e-8, 0.524166449558254, 0.31482116995271636, 6.644276608202576e-9, 8.241534038261973e-9, 0.20915490608818293, 6.217714754595115e-9, 1.8541834719394547e-9, 8.430883761115812e-9, 0.20915492896293278, 0.2091549290298204, 0.20915492134733324, 1.3873495890080684e-9, 2.745317984373017e-8, 0.20915490756481772, 1.8116554456434566e-9, 2.735933489650216e-9, 0.2666785377053881, 1.610569463812127e-8, 3.432664880906371e-9, 1.9873127995678712e-9, 3.25901629402494e-9, 0.2091548847945214, 1.377017169709624e-9, 0.20915500572028486, 0.20915500453169092, 3.22642507445032e-9, 0.2091550067177301, 0.2091549944886495, 2.524911536180269e-9, 0.20915500881784252, 1.9574644631728833e-9, 6.080837405430855e-9, 0.2091549059302413, 4.231215599286357e-9, 0.733321455459308, 1.804586573440657e-7, 1.9680010690505164e-9, 3.4358491549543148e-9, 9.931720485537638e-9, 0.2666785368272234, 2.0634501269178695e-9, 0.20915492094987775, 0.20915490641660253, 0.20915490529483882, 3.2243417827826618e-9, 1.3643348037497725e-9, 6.976698625555682e-9, 0.20915502439718953, 2.4141473176294902e-9, 1.863488375293164e-9, 2.290139776473325e-9, 2.793557267306048e-9, 3.0031700934625006e-9, 1.282880146416377e-9, 0.20915501357356664, 4.810513109720148e-9, 0.20915489564076023, 0.20914023197159526, 2.6629452238474495e-9, 1.4728913397644707e-9, 1.5994735214358913e-9, 3.5418281435287876e-9, 1.7183054965123954e-9, 0.20915492511101666, 0.20915500474054508, 0.20915487730256813, 0.20915490152256935, 2.836296064752229e-9, 0.20915492415032885, 0.20915489635268067, 3.1902766467984806e-9, 0.20915490465932834, 0.20915487868906785, 1.6685439626477315e-9, 1.6737850383345042e-9, 0.20915487406537167, 7.65912098150381e-9, 0.20915487758748352]
v_opt: [0.47072186325981774, 0.7908449825671576, 0.625441266732162, 0.043745827474957456, 0.04373965251151322]
solution time: 0.012508869171142578
McCormick lower bound: -4.8109826510482545

