x_opt: [0.7778379611500176, 0.32253426747891023, 0.7778379611834927, 0.20095305981311426, 0.7778379612255605, 0.20095305884251127, 0.7990469409533888, 0.451874255658244, 0.2671140248305741, 0.22216203883254818, 0.2077935113892291, 0.7328859751798359, 0.22216203880618268, 0.20095305905442518, 0.22216203849947305, 0.32253426759495596, 0.20095305922320317, 1.0510300307735311e-10, 0.2009530585370178, 0.2009530578724061]
w_opt: [0.7778379611183053, 0.5556759224394753, 5.052688007462988e-11, 2.6589355043745167e-11, 0.5107239363536088, 0.22216203871434856, 2.1722344648662693e-11, 7.501205298061006e-11, 0.20095305917249848, 5.984213634740088e-11, 2.4513224940076705e-11, 0.10037222868311559, 0.10037222884927614, 0.32253426735062135, 0.22216203880811344, 0.20095305900223553, 7.545534193949988e-11, 0.32253426745649943, 0.2009530597466046, 0.5768849021524624, 0.2297122168601821, 1.0091300159306791e-10, 0.5107239364503473, 0.3225342674715395, 7.210252178269979e-11, 8.916685985939675e-11, 0.20095305851942513, 5.4333413525401015e-11, 2.0321967490248073e-11, 9.225578308494783e-11, 0.20095305978574177, 0.20095305977440095, 0.200953059708112, 1.59418891715784e-11, 4.60114368622474e-10, 0.20095305920743137, 2.1039919779356e-11, 3.4224540774461364e-11, 0.26711402481458124, 2.5254332059228814e-10, 1.1678739514957374e-10, 2.1512920831705333e-11, 4.9724992373909725e-11, 0.2009530589409909, 1.4608720292397903e-11, 0.2009530587701307, 0.20095305876686562, 4.420271971170112e-11, 0.20095305880134465, 0.2009530587582161, 3.4376307919716386e-11, 0.20095305882320882, 2.286475655264887e-11, 6.152675250955482e-11, 0.20095305851722609, 6.297719454676679e-11, 0.7328859751582303, 0.021208981120758388, 4.801848182959722e-11, 5.032266068683096e-11, 7.34215240013705e-11, 0.26711402480901775, 2.5787439522899533e-11, 0.2221620384362413, 0.20095305919095843, 0.2009530585027347, 4.078776012542309e-11, 1.7902677415197543e-11, 6.014469290635054e-11, 0.22216203878427432, 2.6277512914275077e-11, 2.4028483222452703e-11, 2.5117747683668173e-11, 2.9874968057514845e-11, 3.241660622627153e-11, 1.49136022813354e-11, 0.22216203877408158, 5.617792499843649e-11, 0.20095305840398928, 0.2077935124309695, 3.1335434674673225e-11, 1.6824729838462512e-11, 1.6545470749065598e-11, 5.6514600537461495e-11, 2.2651273219540583e-11, 0.22216203847607754, 0.2221620384777698, 0.2009530578293964, 0.20095305896927357, 4.140268259074439e-11, 0.22216203846679702, 0.20095305912015998, 3.195207061537109e-11, 0.20095305849696649, 0.20095305785344222, 2.2095868717581947e-11, 2.0264909612528174e-11, 0.20095305779902123, 8.062574186050788e-11, 0.2009530578439262]
v_opt: [0.451874255636277, 0.7778379611508707, 0.6050319269647128, 0.049355984100555715, 0.04317814388429746]
solution time: 0.013913154602050781
McCormick lower bound: -6.8414762591716665

