x_opt: [0.6484304068283425, 0.3515744139578125, 0.6484304092792413, 2.042145157577395e-7, 0.6484304046587451, 0.1478156163277873, 0.8739790586154303, 0.38285493573197343, 0.3515696197855724, 0.35156957563221913, 0.2613561081423774, 0.6484303420841087, 0.351569589297697, 0.12602094326931554, 0.3515695840179428, 0.3515746993373519, 2.0050234717664212e-7, 1.2920059426358774e-8, 0.1260209166612184, 0.12601936643680858]
w_opt: [0.648430403112954, 0.29686081339535, 3.245623563608272e-9, 2.8870494328035004e-9, 0.2968607509901018, 0.35156958120176074, 2.6272484157961163e-9, 1.4206947499389896e-8, 1.9529804655957873e-7, 7.849269512138265e-9, 2.149068270924676e-9, 4.825190775818315e-6, 4.831213801755388e-6, 0.35157439526098794, 0.3515695739596848, 0.12602093833101766, 1.07477022030131e-8, 0.35157441136331846, 1.9758816872647335e-7, 0.5224094696759914, 0.03128534692180955, 5.057932105391406e-9, 0.2968607599442157, 0.3515746871325947, 9.546782468876321e-9, 1.1123441675481245e-8, 0.1260209144875272, 7.026937157980847e-9, 1.9822291632283586e-9, 1.1914157418183273e-8, 2.0037372983229004e-7, 2.0105228110607783e-7, 1.9026498378689936e-7, 1.668006539396572e-9, 3.828526353513083e-8, 1.9792310017224053e-7, 2.6290846730528086e-9, 3.767963731017977e-9, 0.3515696176843755, 2.0942955650624403e-8, 4.011319945064247e-9, 2.259044815177616e-9, 5.8981642947395965e-9, 1.7624907309506688e-7, 1.8008118649162679e-9, 0.14781561017070072, 0.1478156070357358, 5.188938497999725e-9, 0.14781561297468998, 0.1260209351196755, 3.5416443856014974e-9, 0.14781561456149306, 2.2904805992535426e-9, 8.063447165722543e-9, 0.12602091449557626, 7.098776187293058e-9, 0.6484303397167961, 0.22554881781152342, 6.008357285825241e-9, 1.4389068990052256e-8, 1.174509583130981e-8, 0.35156961738282544, 2.887129335349487e-9, 0.3515695781932475, 1.9591714679863163e-7, 0.12602091293134288, 4.030647040086789e-9, 1.4968516695962453e-9, 2.618302176829319e-9, 0.3515695872924711, 4.046088218680951e-9, 2.2954332922778513e-9, 3.2168122496549256e-9, 3.736589732456832e-9, 4.214327382287392e-9, 1.863752453271877e-9, 0.3515695735418595, 4.703759322815641e-9, 0.12602089986758208, 0.26135610631775463, 3.809831924880471e-9, 2.2801357667090854e-9, 2.048903175119881e-9, 6.46605019548358e-9, 2.3307678878646913e-9, 0.35156958184202897, 0.35156954026797455, 0.12601936257324195, 1.935604739042837e-7, 4.794505923671521e-9, 0.35156958073986744, 1.874219143263442e-7, 4.146184578092081e-9, 0.12602091364591372, 0.12601936438354605, 2.3251377107637954e-9, 1.9881362459367356e-9, 1.9415176687234433e-7, 1.0431812892155812e-8, 0.12601936356771296]
v_opt: [0.3828549330899323, 0.6484304059852164, 0.42046201207813166, 0.12360128182711357, 0.06830701770952542]
solution time: 0.01402592658996582
McCormick lower bound: -6.723779179403451

