x_opt: [0.7486780476570684, 0.2513219548765316, 0.748678049248143, 0.2513213010079827, 0.7486780459894372, 0.2513218505543074, 0.748678149865255, 0.6833774442650159, 0.34015001417235224, 0.25132195076117186, 0.20710160793659524, 0.6598499893861148, 0.25132195275485336, 0.25132185018650616, 0.2513219490882593, 0.25132201896525214, 0.2513213000702581, 2.130791205114369e-9, 0.00036133334883014297, 0.00036133004351197645]
w_opt: [0.7486780470877743, 0.4973560939691015, 7.859495138977692e-10, 6.260043004671571e-10, 0.40852803744895866, 0.2513219508186426, 4.73780800842123e-10, 2.5093266076881733e-9, 0.25132129916882956, 1.2606708504646313e-9, 5.199717200579283e-10, 4.4239361866192914e-9, 4.616694240524593e-9, 0.25132195233791393, 0.2513219502185769, 0.2513218490048226, 2.307170367793187e-9, 0.25132195452429335, 0.25132129972301126, 0.4973562007267888, 0.43205549424443696, 1.9913952744013877e-9, 0.40852804112412155, 0.2513220171369786, 1.6936522552315602e-9, 1.7968393490194e-9, 0.00036133297351361945, 1.1121802545436616e-9, 3.2661665728828943e-10, 1.7569522308856826e-9, 0.25132130041430895, 0.2513213003041237, 0.25132129796043395, 3.829893559257285e-10, 7.960831818916314e-9, 0.2513212996394274, 4.5046041417361534e-10, 8.593172698639035e-10, 0.34015001383950466, 2.4178996512925797e-9, 5.106300897481927e-10, 5.581127694076067e-10, 8.88453316169155e-10, 0.25132129438927936, 3.4852442759797797e-10, 0.2513218488098671, 0.2513218489272395, 7.94025315717577e-10, 0.2513218498508457, 0.2513218472548692, 8.465337926116467e-10, 0.25132185009816155, 5.180608552356405e-10, 1.2288591679104699e-9, 0.00036133284387268117, 1.0543470503421977e-9, 0.659849988831073, 1.4228237755635667e-7, 7.323978240194057e-10, 9.503031416466708e-10, 1.4519706845248107e-9, 0.3401500137557312, 5.340634109946435e-10, 0.2513219476947559, 0.251321299362553, 0.00036133276065183396, 6.003928141598385e-10, 4.2017455626627655e-10, 4.34837711656222e-9, 0.2513219523313358, 6.313702876289529e-10, 4.6177990213793246e-10, 5.839664034206058e-10, 8.993884683502194e-10, 8.932572309207593e-10, 3.638629368100031e-10, 0.2513219501468515, 8.514474401049938e-10, 0.0003613299538102532, 0.2071016075949962, 6.58485587770567e-10, 3.9616697782477005e-10, 4.570292382461748e-10, 1.006171531790451e-9, 4.4589234678792174e-10, 0.2513219486258688, 0.25132192810752907, 0.00036132934259365816, 0.2513212985014703, 8.331600140807763e-10, 0.2513219484471329, 0.2513212972346348, 6.071972365130961e-10, 0.00036133259198128324, 0.00036132950825100267, 4.2677729303653347e-10, 4.4522549734788104e-10, 0.0003613287583038587, 1.654395669061798e-9, 0.0003613294935599277]
v_opt: [0.6833774438989371, 0.7486780490866531, 0.5605188238355243, 0.06316272713555159, 0.04289138655083479]
solution time: 0.014340877532958984
McCormick lower bound: -5.928861544715485

