x_opt: [0.6356639082512016, 0.364337861211743, 0.6356639185603129, 1.799954360817005e-5, 0.6356639088748315, 0.15891969712209378, 0.8869506433887843, 0.36455888355129434, 0.3643361252054909, 0.3643360385762034, 0.22831248199454338, 0.6356638528274303, 0.3643360663225658, 0.11304935631495887, 0.3643360580396386, 0.36433801543088795, 1.7987332066855915e-5, 4.48258617564949e-8, 0.11304915191981926, 0.11217548712434443]
w_opt: [0.635663896639134, 0.27132782492508084, 1.2354322119767771e-8, 1.0978161100551724e-8, 0.27132776979049666, 0.3643360345940609, 9.158165081804063e-9, 4.3016393457356025e-8, 1.7967150353085612e-5, 2.6181745717864033e-8, 9.114278356912072e-9, 1.7874384398834666e-6, 1.8085586101997278e-6, 0.3643378012771349, 0.3643360305281877, 0.11304933600674318, 3.241488777512524e-8, 0.36433785201622515, 1.79741064835155e-5, 0.5226145685460483, 0.0002228089884403701, 1.6113585026002477e-8, 0.2713278034690634, 0.36433796890459896, 3.3015984066231264e-8, 3.8437568167457485e-8, 0.11304914433802914, 2.4888609151420556e-8, 7.889036096338297e-9, 3.871901163133707e-8, 1.79866954821802e-5, 1.798584038928456e-5, 1.7952759173204573e-5, 6.302597570484991e-9, 1.8569258048373555e-7, 1.7977949371801186e-5, 9.37374424692019e-9, 1.3865501306286372e-8, 0.364336117735123, 5.831766080532235e-8, 1.3553450031500348e-8, 8.61848029931896e-9, 2.135336433267689e-8, 1.7890771018858713e-5, 6.287259761220121e-9, 0.15891967112011365, 0.15891966527698473, 1.8333776621678848e-8, 0.1589196826416205, 0.1130493286679428, 1.340385987997515e-8, 0.15891969007309545, 8.696604232247679e-9, 2.6895299808680364e-8, 0.11304914414900225, 2.5993854966538755e-8, 0.635663843907716, 0.25128762318030257, 1.4745020842673954e-8, 4.356308118048629e-8, 1.81869743363966e-8, 0.3643361168274452, 1.0727566277402449e-8, 0.3643360376856773, 1.7971827989486952e-5, 0.11304913767062252, 1.5757624466918737e-8, 6.170519144956375e-9, 1.2546999407763854e-8, 0.36433605780394895, 1.273404037323362e-8, 9.147949419558958e-9, 1.1100644496948146e-8, 1.260134845315224e-8, 1.393546601076899e-8, 6.858670477874194e-9, 0.36433602840746415, 1.9082218718373455e-8, 0.11304909887136949, 0.22831247546898084, 1.3143058638429438e-8, 7.745154210566121e-9, 7.437172546245899e-9, 2.613562795310949e-8, 9.06587656697116e-9, 0.36433604837614264, 0.36433591172814267, 0.11217547079676235, 1.796259566570362e-5, 1.8041208218093837e-8, 0.3643360457947593, 1.7943349295580945e-5, 1.3874283520888883e-8, 0.11304913881174021, 0.11217547965002235, 8.974098285296323e-9, 7.737121951135792e-9, 1.795255990148052e-5, 3.523137866991271e-8, 0.112175475732975]
v_opt: [0.36455887398284365, 0.6356639051699681, 0.4040697075263513, 0.13274077853472277, 0.05212660549326272]
solution time: 0.01331019401550293
McCormick lower bound: -7.38715112590598

