x_opt: [0.619153474915507, 0.3808465194298196, 0.6191534844345133, 0.050843649749987174, 0.6191534793284271, 0.1531508929296914, 0.8468499457247078, 0.3810296274926862, 0.3808465229091691, 0.3808465173186499, 0.1457605823537481, 0.6191534750835559, 0.3808465193157177, 0.15315005625675668, 0.38084651729824665, 0.3808465211827281, 0.050843648839187496, 3.839203122464281e-9, 0.050843701363304725, 0.05084369895845742]
w_opt: [0.6191534741184428, 0.23830695478369726, 1.332394259993766e-9, 1.2178298949431691e-9, 0.23830695089481763, 0.38084651614831816, 8.317746932858372e-10, 4.08218228032964e-9, 0.05084364698659052, 2.235295119819503e-9, 1.0595386800502293e-9, 4.571064534622271e-9, 6.735928225418645e-9, 0.38084651408789755, 0.3808465161471168, 0.15315005392257103, 3.742288660315724e-9, 0.38084651841611344, 0.0508436473460272, 0.46600343075127026, 0.00018311255346064388, 4.132273442867445e-9, 0.23830696267484106, 0.38084651743733755, 3.3770253656589947e-9, 3.2790724813622434e-9, 0.050843700668375, 2.470310687533611e-9, 6.445522896162125e-10, 3.3705647192706144e-9, 0.050843648575913426, 0.05084364835584747, 0.050843644645883077, 6.620789362576443e-10, 1.7071031444931115e-8, 0.05084364790079054, 8.80879403278081e-10, 1.540405883250153e-9, 0.38084652227162485, 4.8368241708742964e-9, 1.1578047322723279e-9, 9.810801496240162e-10, 2.081612633325073e-9, 0.05084363899542912, 6.306114944655885e-10, 0.1531508897279233, 0.1531508900457105, 1.5459471908251235e-9, 0.1531508915379856, 0.1531500532179488, 1.5752947820049047e-9, 0.15315089219114444, 8.946141219027996e-10, 2.2188610813657014e-9, 0.050843700509952836, 2.360199504133009e-9, 0.6191534740999068, 0.22769651247499892, 2.9450262954124135e-9, 2.1661467334895666e-9, 2.749987055087368e-9, 0.3808465222338272, 1.0473669806252086e-9, 0.3808465151061644, 0.05084364732166723, 0.05084370008010201, 1.2457117311720052e-9, 6.950648944310721e-10, 1.4113365708382318e-9, 0.3808465184912154, 1.256573601483858e-9, 8.919687124564822e-10, 1.0696110249457855e-9, 1.433986470994875e-9, 1.518562772554571e-9, 7.237592191541187e-10, 0.3808465163292414, 1.6105572374433183e-9, 0.05084369590218168, 0.145760581729348, 1.2369170249935354e-9, 7.739316074700081e-10, 8.202465564332294e-10, 2.604605870671501e-9, 8.758812134992309e-10, 0.38084651637986194, 0.3808464910271555, 0.050843697437845746, 0.0508436465135159, 1.8598160626259818e-9, 0.38084651578855716, 0.05084364415145372, 1.1324060961088198e-9, 0.0508437000191341, 0.050843698061337886, 8.774661725756774e-10, 7.823231480911726e-10, 0.05084364577860396, 2.9890949334212814e-9, 0.05084369755509662]
v_opt: [0.3810296266814082, 0.6191534830923693, 0.38335129669546714, 0.1450441608262071, 0.02124616776489841]
solution time: 0.01394510269165039
McCormick lower bound: -8.066905212786976

