x_opt: [0.7908451135441487, 0.31481515605218274, 0.7908451366258298, 0.2091532619286249, 0.7908451134873017, 0.20915330914240532, 0.7908466948098583, 0.4707278855832099, 0.2666752933387339, 0.2091548660929599, 0.20915475925425667, 0.7333246781610389, 0.20915488374845354, 0.20915328476419373, 0.20915441566437304, 0.31481588960545037, 0.2091531119793135, 7.380653386789295e-8, 0.20915277415373448, 0.20915264935022665]
w_opt: [0.7908450620973689, 0.5816902342472079, 2.1294200398823547e-8, 1.5167075467829955e-8, 0.5241698033021401, 0.2091548198015932, 1.4856507048897144e-8, 7.710377092801331e-8, 0.20915308689006776, 5.0614505640377645e-8, 1.584959989572035e-8, 0.1056603009974257, 0.10566050569154467, 0.3148150501190695, 0.2091548561970747, 0.20915326017661381, 8.134951339399156e-8, 0.31481514674572836, 0.20915322197764138, 0.5816918384806025, 0.2615730325877955, 1.1952677593591605e-7, 0.5241698819709013, 0.31481579633968765, 7.138065335125343e-8, 6.537435291386784e-8, 0.2091527662204367, 5.479498559759234e-8, 9.260484949397991e-9, 1.0786062311727833e-7, 0.2091532480862839, 0.20915324588247006, 0.20915317640365633, 8.087980686155152e-9, 4.903338618259944e-7, 0.20915310506568296, 1.1041657663891454e-8, 2.1823129325642704e-8, 0.2666752872764361, 1.993373222376601e-7, 3.308166148749395e-8, 1.3164111236111814e-8, 2.7687246705984406e-8, 0.2091529041978505, 9.543337606535094e-9, 0.20915327030485717, 0.20915325039849725, 3.287440654803344e-8, 0.20915329287495432, 0.20915315825712563, 2.628427381958488e-8, 0.20915330092934287, 1.4228044961944363e-8, 5.0822176830530926e-8, 0.20915276490861703, 4.943851579304673e-8, 0.7333246684044014, 5.465174397521546e-6, 2.3298658352570535e-8, 3.8585672909339685e-8, 9.794926118722734e-8, 0.26667528324061807, 1.410318033437803e-8, 0.20915437269652726, 0.20915309635065357, 0.20915275722891752, 2.5295359638379292e-8, 1.0358203794953061e-8, 5.2776113797474964e-8, 0.209154873179942, 1.6456477951677894e-8, 1.2742819996582016e-8, 1.4782859973707306e-8, 2.1769730820777985e-8, 2.4519021133744973e-8, 7.239172761237077e-9, 0.20915484884923435, 4.4074065386792803e-8, 0.209152706694636, 0.20915475218795085, 2.2082725082279068e-8, 7.910145674045545e-9, 8.843760245547677e-9, 3.189556272892083e-8, 1.3152476117823915e-8, 0.20915440735728263, 0.2091547651340182, 0.209152631602921, 0.2091530326641955, 2.498181154471398e-8, 0.20915440070446717, 0.20915301619610005, 2.221317567833502e-8, 0.20915275487762133, 0.2091526377868085, 1.1874397255628537e-8, 1.0916936186177495e-8, 0.2091525954906096, 6.26468036255244e-8, 0.20915258133562217]
v_opt: [0.470727875203306, 0.7908451259929894, 0.6254361402802138, 0.043745844620149875, 0.04374578056134946]
solution time: 0.014616012573242188
McCormick lower bound: -5.529196931411325

