x_opt: [0.6429823289967983, 0.3570178081029039, 0.6429823361611973, 1.6120695425672413e-7, 0.64298233668438, 0.15266460001417595, 0.8797601424817185, 0.37527561718828417, 0.35701766641243426, 0.35701765393840507, 0.24775220406373172, 0.6429823127886114, 0.3570176590062038, 0.1202398597651358, 0.3570176529303616, 0.35701781887560585, 1.5722906547942555e-7, 1.4618348610013853e-8, 0.12023984957086561, 0.12023981663264298]
w_opt: [0.642982325846656, 0.2859646682085219, 4.509637416237888e-9, 3.847856986098504e-9, 0.28596464461045207, 0.3570176484883317, 3.477414842996449e-9, 1.5777313378186778e-8, 1.5045584157193516e-7, 8.552168787458246e-9, 2.8798694554036063e-9, 1.469936074088882e-7, 1.6410087285959684e-7, 0.3570177863835581, 0.35701765112246053, 0.12023985316229047, 1.2257664841019546e-8, 0.3570178040655173, 1.526551355044367e-7, 0.522742480946589, 0.0182579558526174, 7.095700378331426e-9, 0.28596465951112165, 0.3570178029635977, 1.1773015462820505e-8, 1.229352739770719e-8, 0.12023984666046673, 9.341523388475556e-9, 2.716585297204914e-9, 1.3440699809774639e-8, 1.5605752533695797e-7, 1.569212462124803e-7, 1.4393228799131832e-7, 2.215834348511549e-9, 4.165463603551072e-8, 1.5377197417882223e-7, 3.3978975538997853e-9, 4.8616639404306845e-9, 0.35701766351004627, 2.516049386402875e-8, 5.110867203985398e-9, 2.9961821244157364e-9, 7.393196236933627e-9, 1.3052430691626787e-7, 2.383239196149496e-9, 0.15266459217608525, 0.15266458792044998, 6.791221062662576e-9, 0.15266459548137007, 0.1202398499749886, 4.483570020943337e-9, 0.1526645976492402, 2.9568348671105895e-9, 8.75038613864361e-9, 0.12023984663436073, 8.660040432750237e-9, 0.6429823096218008, 0.2367780164746201, 7.447443420938284e-9, 1.5063511436626838e-8, 1.5243435700114397e-8, 0.3570176631915382, 3.836992708151405e-9, 0.3570176451692575, 1.511334821433927e-7, 0.12023984460305598, 5.357002759203257e-9, 1.964671072020333e-9, 3.3910786676740247e-9, 0.3570176560745052, 5.322846368169798e-9, 3.037938763224874e-9, 4.027200961000603e-9, 4.719631354380808e-9, 5.270725137296076e-9, 2.480692707141629e-9, 0.3570176503293274, 6.116367078243511e-9, 0.12023982989262619, 0.2477522016987136, 4.416746033827013e-9, 3.0516441744857043e-9, 2.6780189597839604e-9, 7.750314241233429e-9, 2.983093323742575e-9, 0.3570176498174871, 0.35701757281007984, 0.12023981136951085, 1.4857084845905768e-7, 6.231678025130185e-9, 0.3570176482777417, 1.4171433486132066e-7, 4.94914213188045e-9, 0.12023984553630748, 0.12023981401781911, 3.0676602640021397e-9, 2.554708861818492e-9, 1.495336222455798e-7, 1.1324799038702791e-8, 0.12023981247617033]
v_opt: [0.37527561358931094, 0.6429823315806616, 0.4134263381317761, 0.1274616799355936, 0.06138115780544474]
solution time: 0.014314889907836914
McCormick lower bound: -6.999419154002961

