x_opt: [0.8100477122233116, 0.18995245041314424, 0.8100477311318937, 0.18995226898895634, 0.8100477071342048, 0.1899518084813352, 0.8100478491148712, 0.8738957961025045, 0.6367811575921507, 0.18995227922651162, 0.12608762789319392, 0.7899834001419318, 0.18995227496353198, 0.1899521467085223, 0.18995205151464378, 0.18995257813038713, 0.18995222098784398, 9.389137415412115e-9, 0.13907531576896437, 0.12610373634953143]
w_opt: [0.8100477093652992, 0.6200954207814113, 3.795744252092345e-9, 1.6992844549479725e-9, 0.6000311142086955, 0.18995226516638727, 1.6102775637629197e-9, 5.512856686981875e-9, 0.1899522179032777, 6.045321459663021e-9, 1.7037150328445877e-9, 1.8260963906861526e-7, 1.8065606665030817e-7, 0.18995244059713265, 0.18995227742350854, 0.18995214353602102, 6.947286839720506e-9, 0.18995244930022298, 0.189952264112079, 0.6200955812346929, 0.6839435286207586, 2.6467622196962213e-8, 0.6000311401461595, 0.18995256885171316, 2.196788028557241e-8, 8.222635601131666e-9, 0.13907531469117432, 3.556906932392957e-9, 1.3674857024061949e-9, 7.69064120703593e-9, 0.1899522674013217, 0.18995226660224035, 0.18995225125017373, 1.114208821678051e-9, 3.547529650886572e-8, 0.1899522200492139, 1.2864301948075364e-9, 2.337552333447146e-9, 0.6367811567494674, 1.0018821884504353e-8, 2.294805583814801e-9, 1.5358142448146157e-9, 3.061373856093374e-9, 0.18995219350500506, 9.539465142476113e-10, 0.18995180211824533, 0.1899518029272395, 2.932014779530007e-9, 0.18995180593435487, 0.1899518033037025, 2.9748674876962055e-9, 0.18995180707784207, 1.702633187601212e-9, 5.96419113542653e-9, 0.13907531456331582, 4.268146063934281e-9, 0.7899833986563715, 4.435711874026355e-7, 2.3620633103390167e-9, 2.959018711813421e-9, 5.690621546614233e-9, 0.6367811561858663, 1.6904314353961097e-9, 0.1899520452001747, 0.18995221921911912, 0.13907531383020721, 1.3222810224890938e-8, 1.4891970786740688e-9, 0.42676456618906516, 0.18995227272508095, 1.5937761427749494e-9, 1.581844374998225e-9, 1.7777359085371769e-9, 2.47038878329203e-9, 2.8105977306787495e-9, 9.526205184036421e-10, 0.18995227214254803, 5.050075064043727e-9, 0.13907530673699736, 0.12608762668333978, 2.7707353301797132e-9, 9.963144896589755e-10, 1.2251756374717044e-9, 3.9257086874717835e-9, 1.6053551912415743e-9, 0.18995204990058337, 0.18995225485776066, 0.12610373394991223, 0.18995213384226656, 2.6692419002707908e-9, 0.18995204938565105, 0.18995204131824153, 2.3192327331208433e-9, 0.1390753129249151, 0.12610373503510586, 1.3780835458029585e-9, 1.5875365004848075e-9, 0.12610373186299692, 7.721069779519636e-9, 0.1261037312875818]
v_opt: [0.873895794887488, 0.8100477293942437, 0.6561772974311827, 0.03608195149140292, 0.0158981320291285]
solution time: 0.04473114013671875
McCormick lower bound: -5.39084953061559

