x_opt: [0.7482607697844416, 0.2517395312078789, 0.7482608563849587, 0.09062877481074101, 0.748260103258265, 0.25173893967026173, 0.7482613150595775, 0.6922539486011963, 0.4162547312775588, 0.2517391767424068, 0.22790677813350585, 0.5837452235376, 0.25173971607062695, 0.251738690281068, 0.2517392361317742, 0.25176515887252404, 0.09062875132373348, 5.7991868048336417e-8, 0.09062890583669934, 0.09062879322203356]
w_opt: [0.7482607566607486, 0.496520880329593, 1.3934020565847275e-8, 1.283102436125108e-8, 0.33200600174043804, 0.2517396721321735, 1.0911307671711487e-8, 2.552117173553292e-7, 0.09062873122645602, 3.7546989912988384e-8, 1.0329258646417027e-8, 3.9399057491248727e-7, 5.441625027857255e-8, 0.2517394505326252, 0.2517391663937149, 0.2517386646358321, 9.324094864204515e-8, 0.2517395229807766, 0.0906287400636983, 0.4965221792485504, 0.4405148133093615, 7.581991266561543e-8, 0.33200613267386336, 0.25176511299392007, 3.788845768563129e-8, 5.062275335850907e-8, 0.09062889796373588, 2.4018781999445142e-8, 6.5305405414960595e-9, 7.084174917631156e-8, 0.09062876143259303, 0.09062876093857596, 0.09062868570807481, 8.096006998702922e-9, 7.876345056995052e-7, 0.09062874135053132, 9.939178288286847e-9, 2.3168109035221414e-8, 0.41625472457632295, 2.943227753201321e-8, 9.945989425561067e-9, 1.1691095082238398e-8, 2.1669039533818232e-8, 0.09062853098243398, 7.763169212622176e-9, 0.2517388980787246, 0.25173890130805976, 1.8392260403365335e-8, 0.25173892579145735, 0.25173861095517613, 2.282420536421818e-8, 0.2517389308000765, 1.1774084661893935e-8, 3.5755164317540295e-8, 0.09062889519150188, 3.13173371747966e-8, 0.5837452120030532, 2.265244704331728e-6, 2.1738421352510096e-8, 2.3466086423550223e-8, 3.713886198649467e-8, 0.4162547223315816, 1.1825043991541942e-8, 0.25173920596787, 0.09062873592507567, 0.09062889273620926, 1.2850498761911767e-8, 8.780063018044257e-9, 4.72940808414479e-8, 0.25173970790063044, 1.4933878704641495e-8, 9.735885013005167e-9, 1.4146327845396819e-8, 2.3684255443320886e-8, 2.6986568574067365e-8, 7.62627144485749e-9, 0.2517391665383692, 1.9694197715966686e-8, 0.09062880555499431, 0.22790677036892773, 1.910958349333368e-8, 8.579957517108153e-9, 9.896050579888888e-9, 1.9748486943774395e-8, 1.018632171415371e-8, 0.25173922778414587, 0.25173923108291196, 0.09062877955768853, 0.09062870736860587, 1.9513148977381397e-8, 0.2517392245952492, 0.09062866013198242, 1.4975049008900972e-8, 0.09062889065273666, 0.09062878277009002, 9.354803606587948e-9, 9.948425856259794e-9, 0.09062869472083611, 4.829438315803039e-8, 0.09062876812917654]
v_opt: [0.6922539407680902, 0.7482608450424275, 0.5598932094254871, 0.06337323865261026, 0.05194194330709351]
solution time: 0.01359701156616211
McCormick lower bound: -5.678866099404332

