x_opt: [0.7481619148380998, 0.2518381864468342, 0.7481619148430451, 0.2518380849572996, 0.7481619148118921, 0.251838085032153, 0.74816191496977, 0.6824292910747276, 0.34198207137176445, 0.2518380851324038, 0.20113861860505605, 0.6580179299338554, 0.25183808518535217, 0.25183808502463223, 0.25183808504908073, 0.25357807100627, 0.25183808493220644, 4.1373708926858904e-11, 2.2531784745630706e-9, 1.2143868686428463e-9]
w_opt: [0.7481619148195346, 0.49632382963464206, 1.9549305575410518e-11, 1.0432300119367377e-11, 0.4061798447797618, 0.2518380851472376, 8.453316452529454e-12, 3.3116552064164e-11, 0.25183808491506715, 2.446205935034704e-11, 9.771782935678187e-12, 1.0131124414947666e-7, 1.0128328024385793e-7, 0.25183818640045724, 0.2518380851454965, 0.2518380850019057, 3.3713143516607216e-11, 0.2518381864403878, 0.2518380849333041, 0.49632382981292733, 0.4305912059369628, 3.04180465713258e-11, 0.40617984481107083, 0.25357807096690793, 3.276265538540468e-11, 3.5602054151517744e-11, 2.2469823860811323e-9, 1.79791832761688e-11, 6.552384155993209e-12, 3.3488653640754856e-11, 0.25183808494786364, 0.2518380849433075, 0.2518380849011882, 6.293615087176627e-12, 1.6296838080849267e-10, 0.2518380849252081, 7.774796563106064e-12, 1.393422805543176e-11, 0.3419820713668275, 5.2171070916984144e-11, 1.2757843020638355e-11, 9.278350484521545e-12, 1.6830948011672177e-11, 0.2518380848240249, 5.582067225472251e-12, 0.2518380850001957, 0.25183808500405563, 1.5153887060514487e-11, 0.2518380850163, 0.2518380849576064, 1.476991516997618e-11, 0.25183808502578675, 9.110989048238799e-12, 2.432436852714247e-11, 2.2457153066783148e-9, 2.2005824894758558e-11, 0.6580179299240068, 9.652090684901042e-10, 1.3102609166465949e-11, 1.7146432910166262e-11, 2.2516184651930985e-11, 0.34198207136495234, 9.489348509077189e-12, 0.2518380850243746, 0.2518380849204902, 2.241884464789693e-9, 1.2458669381660827e-11, 7.82030388898197e-12, 1.3217442646101162e-9, 0.2518380851770941, 9.781366925233224e-12, 8.779204239087432e-12, 9.83849499960756e-12, 1.2864400195530247e-11, 1.3674259280192775e-11, 5.7404548512994816e-12, 0.2518380851451923, 1.9456551271779427e-11, 2.201353696384211e-9, 0.20113861859767584, 1.2330394088522135e-11, 6.1002803819574886e-12, 6.812210941732742e-12, 2.0678083385192923e-11, 8.674668451302466e-12, 0.2518380850404626, 0.2518380851063582, 1.2003397563969772e-9, 0.25183808488922693, 1.51679035212659e-11, 0.25183808503996247, 0.25183808487481546, 1.1403989878125661e-11, 2.2371097055902974e-9, 1.2063188024454834e-9, 7.941691386460334e-12, 8.154941538336634e-12, 1.1935743168702284e-9, 3.246843971392752e-11, 1.1988896442860597e-9]
v_opt: [0.6824292910716112, 0.7481619148268537, 0.5597462508597322, 0.06342242118778844, 0.040456744548312315]
solution time: 0.0178070068359375
McCormick lower bound: -6.49500741899898

