x_opt: [0.7880830211099624, 0.3276505592793062, 0.7880830227213094, 0.2119169777216652, 0.7880830205982032, 0.21191697852374364, 0.7880830210647061, 0.45526788947684443, 0.2746807687009112, 0.2119169782442963, 0.17558674245169484, 0.725319231882569, 0.21191697877098872, 0.21191697855585798, 0.21191697543899055, 0.32765055981669894, 0.2119169769089312, 3.529177777125053e-10, 0.21191697522302017, 0.2119169751056612]
w_opt: [0.7880830210009403, 0.5761660417497996, 1.206040418982641e-10, 7.464389737081435e-11, 0.5134022530690808, 0.2119169783536598, 1.122723034975781e-10, 2.703495175952159e-10, 0.2119169767373495, 2.0218298702982738e-10, 6.615253397267109e-11, 0.11573358208511794, 0.11573358042189277, 0.32765055885431676, 0.21191697814929625, 0.21191697840983137, 2.6343456620692244e-10, 0.3276505592033424, 0.21191697746469765, 0.5761660438346292, 0.24335091228619254, 1.1742586891319147e-9, 0.5134022549362114, 0.3276505592718955, 4.054241951103457e-10, 2.8177835427950175e-10, 0.21191697515717617, 2.0293208973166286e-10, 9.200404023122914e-11, 4.0683010911862603e-10, 0.21191697762562192, 0.2119169776044382, 0.2119169770650261, 5.468719979961951e-11, 1.740611583725616e-9, 0.21191697685149724, 6.641471372255437e-11, 1.101763032472867e-10, 0.27468076865399077, 7.412056817919821e-10, 1.812837692939584e-10, 7.278583884890269e-11, 1.4715603173679394e-10, 0.211916975757163, 5.2342725900706926e-11, 0.21191697833419526, 0.21191697820061686, 1.888031979635535e-10, 0.21191697830918213, 0.21191697809638763, 9.961432709501105e-11, 0.2119169784548034, 8.351961451490053e-11, 2.106600137069636e-10, 0.21191697515993116, 1.9417111373911419e-10, 0.7253192318185696, 1.1459226459791423e-8, 1.1823541529905655e-10, 1.4793415799641496e-10, 3.9511747999271184e-10, 0.27468076860819896, 8.41141084748468e-11, 0.21191697515559535, 0.21191697681404834, 0.21191697511625324, 1.7494832630288265e-10, 6.031715651754751e-11, 7.38600749402602e-10, 0.21191697867976741, 8.447929140928089e-11, 8.121349499805481e-11, 8.119778493559452e-11, 1.0102713972632077e-10, 1.1101061605179072e-10, 4.853507513444787e-11, 0.21191697813947072, 2.835033613811292e-10, 0.21191697459476924, 0.175586742372297, 9.992392937040568e-11, 5.260725009991374e-11, 6.160253660464446e-11, 1.8424271436252207e-10, 7.006495238563189e-11, 0.21191697535310655, 0.2119169775327528, 0.21191697497348805, 0.21191697647759342, 1.1102469309597977e-10, 0.21191697530159562, 0.2119169749457829, 1.2472275033220525e-10, 0.2119169749939188, 0.21191697503864773, 6.885694277140963e-11, 6.753834229254141e-11, 0.21191697479237512, 2.5727678328544175e-10, 0.2119169749881202]
v_opt: [0.45526788939449087, 0.7880830226317005, 0.6210748581404585, 0.04490880982648474, 0.03083082664689102]
solution time: 0.012345075607299805
McCormick lower bound: -4.494550585236502

