x_opt: [0.7993836855490709, 0.20061682954042034, 0.7993836898738977, 0.20061624466490782, 0.7993836779870933, 0.2006162989145355, 0.7993837024704128, 0.5469329439099134, 0.28070176363465976, 0.20061631066559746, 0.20005411318562372, 0.7192983038524978, 0.20061631828313176, 0.20061629584471752, 0.2006162143048397, 0.3336503766294828, 0.20061623986676064, 7.479616792825269e-9, 0.2006159747234627, 0.20061596084942926]
w_opt: [0.799383683207208, 0.5987673635418951, 3.2000453832610872e-9, 1.763771163625644e-9, 0.5186819909176359, 0.20061631114589887, 1.7296516146466632e-9, 5.516779667414636e-9, 0.20061623676321932, 4.48318257083067e-9, 1.5804424150590781e-9, 5.205564685661879e-7, 5.147233379004737e-7, 0.20061682066768105, 0.20061630892519033, 0.20061629235903225, 6.963867618803813e-9, 0.2006168283817679, 0.20061624013411317, 0.5987673934440743, 0.3463166351583339, 7.29086485575178e-9, 0.5186820002679678, 0.3336503690487719, 5.344036760834993e-9, 6.328373974575997e-9, 0.2006159735255683, 3.610462450528545e-9, 1.2146333618682776e-9, 7.213644735896355e-9, 0.20061624283218005, 0.20061624229916, 0.20061623499320466, 1.1560492239716773e-9, 3.2252993751360515e-8, 0.20061623861104008, 1.393867069021343e-9, 2.5372565939119347e-9, 0.2807017626436191, 1.0180697778085805e-8, 2.1102586679975452e-9, 1.662693744446472e-9, 2.7844001297229656e-9, 0.20061621776772326, 1.0620793504312766e-9, 0.20061629373373235, 0.2006162934150917, 2.8566456818020777e-9, 0.20061629617126994, 0.2006162863980742, 2.603858551255748e-9, 0.20061629751917875, 1.670733964271525e-9, 4.464845625609933e-9, 0.20061597331617698, 3.882040674606838e-9, 0.7192983023051608, 1.7480108469666524e-7, 2.203416538064114e-9, 3.1165908907906254e-9, 5.588719075976418e-9, 0.2807017621763892, 1.7004570319666748e-9, 0.2006162093435786, 0.20061623781645477, 0.20061597271103374, 2.3316881531814124e-9, 1.3259209367573597e-9, 7.033883899765536e-8, 0.20061631665748358, 1.830874845556742e-9, 1.555830177993283e-9, 1.808538411510779e-9, 2.46108437638607e-9, 2.6364161548562027e-9, 1.0539337179112671e-9, 0.20061630868555497, 3.688812702016189e-9, 0.2006159639973377, 0.2000541111156654, 2.209472516877704e-9, 1.1408549727615696e-9, 1.3145265357720064e-9, 3.492323839995291e-9, 1.487070394000146e-9, 0.20061621284501704, 0.20061629676542395, 0.20061595844578217, 0.2006162341866911, 2.565413811340401e-9, 0.2006162122639657, 0.20061620197984972, 2.1670628098200655e-9, 0.20061597199465522, 0.20061595932434098, 1.3958882623993113e-9, 1.441870133186725e-9, 0.20061595536090157, 5.825211473441415e-9, 0.20061595807632301]
v_opt: [0.5469329425904863, 0.799383688066614, 0.6390143067650701, 0.040246908795421144, 0.04002193463961126]
solution time: 0.01620197296142578
McCormick lower bound: -5.543696789548524

