x_opt: [0.6998646664134148, 0.3110114090700441, 0.699864667839006, 0.09809845450978873, 0.6998646673946224, 0.16905426592213788, 0.8309458851094805, 0.4008677259810829, 0.30013533613945925, 0.300135331956974, 0.20999307422380664, 0.6998646625453551, 0.30013533221952243, 0.16905411596447337, 0.30013532694157674, 0.31101141248733244, 0.09809845330304674, 3.810638063204332e-9, 0.1690540359977563, 0.09809847551247078]
w_opt: [0.6998646653566198, 0.39972933453166337, 1.4498635710463555e-9, 9.500604728679549e-10, 0.399729329804999, 0.3001353292344212, 7.998798866162498e-10, 2.894825375786963e-9, 0.09809845137704215, 2.1737236271202336e-9, 8.401886174122195e-10, 0.01087607771810427, 0.010876080152208038, 0.3110114040169685, 0.3001353312080676, 0.16905411415336988, 2.6091480604879384e-9, 0.31101140812280736, 0.09809845209757283, 0.5308105535008624, 0.10073239445485609, 2.7729105587727664e-9, 0.3997293333240755, 0.3110114076918722, 2.853806986321514e-9, 3.2419602148666416e-9, 0.1690540353364807, 2.180470357519419e-9, 7.863050884966214e-10, 3.5399033564395733e-9, 0.09809845342497779, 0.09809845316628875, 0.0980984505295589, 5.51657932280173e-10, 1.7595854012889202e-8, 0.09809845251133142, 7.96702533070874e-10, 1.1989758674645764e-9, 0.3001353354988898, 6.6712565677010585e-9, 2.1304663124098636e-9, 7.386075454151542e-10, 1.8615796482308273e-9, 0.09809844383647383, 5.341831594379505e-10, 0.16905426361306494, 0.16905426313133157, 1.705579694766409e-9, 0.1690542644731386, 0.16905411346483384, 1.168765366153542e-9, 0.1690542652847963, 7.809123727909967e-10, 2.261922475428121e-9, 0.16905403533917812, 2.4755599092593684e-9, 0.6998646617919785, 0.131081271115464, 2.390326540520085e-9, 2.0105403723857404e-9, 2.7696718097730047e-9, 0.30013533534544506, 9.538044309347454e-10, 0.30013532483733796, 0.09809845199924884, 0.16905403464781119, 1.6113495523522701e-9, 5.663309503739276e-10, 1.2677970370889043e-9, 0.30013533139657644, 1.0310418708478217e-9, 8.583844023559554e-10, 9.203869782151797e-10, 1.026941886883115e-9, 1.1437993091158967e-9, 5.883548387146368e-10, 0.3001353308252933, 1.9852862981771457e-9, 0.16905403135878197, 0.20999307271257264, 1.132813352159696e-9, 6.429247334190736e-10, 6.218468617095494e-10, 2.3451780582975713e-9, 8.195804186336465e-10, 0.3001353261338732, 0.30013531945013616, 0.0980984738911763, 0.098098451117081, 1.5901270009215169e-9, 0.30013532573062696, 0.09809844955625129, 1.2192956268288165e-9, 0.1690540347059818, 0.0980984748789055, 8.245006699097472e-10, 6.892482324490784e-10, 0.09809845036932811, 2.9271270674789e-9, 0.09809847451230691]
v_opt: [0.4008677250942287, 0.6998646665651725, 0.48981063930364954, 0.09008123047159299, 0.044097090933712245]
solution time: 0.014935970306396484
McCormick lower bound: -7.552720568324245

