x_opt: [0.7893100605084189, 0.32195088836512753, 0.7893100615996574, 0.21068993461557775, 0.789310060057223, 0.21068993745601236, 0.7893100621086712, 0.4621332870767098, 0.2711255642042614, 0.21068993948756354, 0.19049344564961057, 0.7288744352567403, 0.21068993994268392, 0.2106899373800675, 0.21068993478015394, 0.32195088905665964, 0.21068993418247092, 5.216190193380837e-10, 0.21068993422553928, 0.21068993412578133]
w_opt: [0.7893100602927976, 0.5786201206327527, 1.7437644110443732e-10, 8.008187069027049e-11, 0.5181844958628758, 0.21068993935271163, 1.426888301449994e-10, 5.013763671201198e-10, 0.21068993395121735, 3.251322734454232e-10, 8.7598659559163e-11, 0.1112609500705, 0.11126094974254586, 0.3219508876686344, 0.2106899393833372, 0.2106899371900665, 4.727032898757329e-10, 0.321950888265346, 0.21068993425026872, 0.5786201237678749, 0.25144334879003416, 1.4867062559106341e-9, 0.5181844973739772, 0.32195088817841516, 8.272811201888649e-10, 4.2848986552972083e-10, 0.21068993414544077, 4.4920419269867707e-10, 1.328477661069822e-10, 7.749391999704986e-10, 0.21068993448838577, 0.21068993447843637, 0.2106899339523942, 6.790225852746825e-11, 2.6904341578299972e-9, 0.21068993411289214, 8.633592711211954e-11, 1.54009534690053e-10, 0.2711255641497047, 1.6708333994197547e-9, 3.9236634038447664e-10, 9.175331605663535e-11, 2.1684627863635027e-10, 0.21068993251348406, 7.40224078412868e-11, 0.21068993719864654, 0.21068993696398355, 3.072074075218054e-10, 0.21068993728235658, 0.21068993667960004, 1.4942871747470616e-10, 0.2106899373790336, 1.1291053199473928e-10, 3.3622865501713307e-10, 0.21068993414362322, 3.2955234471104923e-10, 0.7288744351857694, 3.249155797252922e-8, 1.7318831715183792e-10, 2.707831612777035e-10, 8.529201897609123e-10, 0.27112556409269567, 1.1977471088701677e-10, 0.21068993438954786, 0.21068993405947592, 0.21068993407493836, 2.724941856091082e-10, 7.658199184129963e-11, 3.17398686813426e-10, 0.21068993982224352, 1.207646184690564e-10, 1.0699467360989331e-10, 1.1204733318612698e-10, 1.4250778646202655e-10, 1.6926134896167937e-10, 5.9166161306424e-11, 0.21068993935210453, 4.5760770865308895e-10, 0.21068993350704973, 0.19049344556486408, 1.4923366533987528e-10, 6.531320928539173e-11, 7.665220917687036e-11, 2.610277362192632e-10, 9.771294477630705e-11, 0.21068993469340594, 0.21068993793893365, 0.21068993397238395, 0.21068993341509043, 1.6413324295181996e-10, 0.2106899346044019, 0.21068993352116516, 1.9278506612078956e-10, 0.21068993396432148, 0.2106899340473811, 9.283983599903736e-11, 8.636880906297792e-11, 0.21068993344732878, 4.073274894207257e-10, 0.2106899338420454]
v_opt: [0.46213328696878636, 0.789310061501554, 0.623010374068937, 0.04439026212916413, 0.036287758911874406]
solution time: 0.014107227325439453
McCormick lower bound: -4.535492438868716

