x_opt: [0.7485347118511502, 0.25146552439622244, 0.7485347233510756, 0.25146162323072857, 0.7485347185953468, 0.25146145342697734, 0.7485383890065989, 0.683470514939093, 0.34046286280163757, 0.2514652810211926, 0.20639283807012668, 0.659537122874142, 0.25146528168930626, 0.25146161236401404, 0.2514651924288493, 0.2514674131732264, 0.25146153568157553, 1.7784405695550987e-8, 5.481423624341061e-6, 5.142471488391677e-6]
w_opt: [0.7485347019337393, 0.49706943313592544, 9.12087508784223e-9, 4.041580930678128e-9, 0.40807183858853546, 0.2514652646925567, 3.742052043596996e-9, 2.3780663889858445e-8, 0.2514615286393043, 1.0956136317977968e-8, 4.222718982450282e-9, 2.501190480099433e-7, 2.7057966934322733e-7, 0.2514654999937603, 0.2514652774401218, 0.25146160272206736, 2.042369448815962e-8, 0.2514655211491933, 0.25146161272057077, 0.49707311485566624, 0.43200524092482734, 1.9095869685536642e-8, 0.4080718627944977, 0.25146739536161367, 1.406081961036301e-8, 1.550439984568354e-8, 5.478927925941683e-6, 9.954306840345314e-9, 2.3515993866787143e-9, 1.797828518298313e-8, 0.2514616192848224, 0.2514616182712538, 0.25146159914603217, 2.640347385183161e-9, 8.475653929298024e-8, 0.2514615335594994, 3.3054577886040113e-9, 6.5281320049242985e-9, 0.3404628606722233, 3.684955906694282e-8, 7.964753662887835e-9, 3.890016852354361e-9, 9.513936982606441e-9, 0.25146148555348574, 2.451615005420522e-9, 0.25146143790651215, 0.25146144125663866, 6.168262663637559e-9, 0.2514614484777241, 0.25146140947954243, 7.77023644860705e-9, 0.25146145044051366, 3.959735684189614e-9, 1.0805388604907654e-8, 5.478269414850866e-6, 1.075806082968807e-8, 0.6595371190343489, 4.192010865324729e-6, 6.686952003557615e-9, 9.091881735608785e-9, 1.3885932190676157e-8, 0.3404628596835893, 3.988353525558724e-9, 0.25146518142171914, 0.2514615308540691, 5.476816143342768e-6, 4.904157722781687e-9, 3.241831632389153e-9, 1.8910530152659973e-8, 0.2514652778389995, 4.566081572418148e-9, 3.6233654604185684e-9, 4.475100719075846e-9, 6.566006597002482e-9, 6.97447461869803e-9, 2.379023917363352e-9, 0.2514652743705902, 7.920189511741657e-9, 5.458809462676698e-6, 0.20639283571817252, 5.689661012014191e-9, 2.65061958145911e-9, 2.8731813371103748e-9, 8.087335328425996e-9, 3.5968061770091735e-9, 0.25146518925627404, 0.251465163271204, 5.1371398365652755e-6, 0.25146147271995856, 6.915394188838669e-9, 0.2514651881017397, 0.2514615142891325, 4.839614254829503e-9, 5.475455831642598e-6, 5.138172408519865e-6, 3.332353174703857e-9, 3.375333762726493e-9, 5.123428389185546e-6, 1.4491974178792489e-8, 5.130973694173412e-6]
v_opt: [0.6834705123085565, 0.7485347192219859, 0.5603042343184272, 0.0632347883423259, 0.042598017346015635]
solution time: 0.014622926712036133
McCormick lower bound: -6.416290119714427

