x_opt: [0.6353526051240062, 0.3646476693900975, 0.6353525993042177, 1.2623244466511698e-6, 0.6353526139864107, 0.1594493479710475, 0.8878489213403344, 0.3646495640410504, 0.36464741341720097, 0.3646473793881339, 0.22868435291897335, 0.6353525835971587, 0.36464738301006394, 0.11215108191929501, 0.3646473775173114, 0.36464771070346574, 1.257613865332547e-6, 7.76759281215709e-9, 0.11215107878633138, 0.11215100986559058]
w_opt: [0.6353525978500357, 0.2707052196035571, 1.060179037083627e-9, 9.2550552212825e-10, 0.2707051895227148, 0.36464737901974287, 1.0828742232260439e-9, 8.81349038080614e-9, 1.2555037230282843e-6, 5.162332711717088e-9, 1.2346149349738155e-9, 2.6925991720862875e-7, 2.8706501895762424e-7, 0.3646476556740144, 0.364647378997562, 0.11215108027756598, 3.659359400605859e-9, 0.36464766877883636, 1.2588216834159784e-6, 0.5232015212230582, 2.1639244282858523e-6, 3.1459578145885182e-9, 0.2707051871748196, 0.36464770599802787, 4.116993579702782e-9, 7.210643854959759e-9, 0.11215107818912266, 5.68094999176197e-9, 7.751275785534761e-10, 1.0019424436264817e-8, 1.2609039588876018e-6, 1.2605488343145736e-6, 1.2509038444581941e-6, 5.919075385159487e-10, 7.906597726448715e-8, 1.2556187674539778e-6, 1.1145879142028281e-9, 1.5053402410142073e-9, 0.36464741277909013, 1.1498536426595465e-8, 5.00752119402501e-9, 9.65814809953599e-10, 4.2914460737658876e-9, 1.2327164671220293e-6, 5.108951378764771e-10, 0.1594493447365614, 0.1594493448671552, 1.5795962439539577e-9, 0.1594493467003333, 0.11215106764152719, 1.337200195681247e-9, 0.15944934744510858, 9.065555551257562e-10, 5.430924555041612e-9, 0.11215107827542534, 5.292345496016207e-9, 0.6353525828669653, 0.252496739508066, 7.0075731934513585e-9, 4.7415925204201325e-9, 6.820355054405583e-9, 0.3646474126491072, 9.827914948318096e-10, 0.3646473760365878, 1.2560977650711202e-6, 0.11215107770240718, 1.9700002854527374e-9, 6.013343841638834e-10, 1.89796231641945e-9, 0.36464738244434064, 1.193129595182225e-9, 8.782917813155385e-10, 1.313137886843149e-9, 1.5746709494570877e-9, 1.4287626824572607e-9, 6.306948578111884e-10, 0.36464737860636787, 2.285333954707495e-9, 0.11215107463895888, 0.22868435245328889, 2.0840688866583885e-9, 7.58102901996353e-10, 6.955398972379023e-10, 3.243207123840003e-9, 9.640991880721232e-10, 0.3646473764769019, 0.3646473725604287, 0.11215100815809553, 1.2544082601174616e-6, 2.6570326074528765e-9, 0.36464737666872465, 1.2516330608321396e-6, 1.8180790496124788e-9, 0.11215107783952663, 0.11215100802761081, 9.398238352911767e-10, 8.111287522915239e-10, 1.2517338685986251e-6, 6.94952927045061e-9, 0.11215100738250962]
v_opt: [0.3646495632572783, 0.635352598259294, 0.40367299174242954, 0.1329677148046996, 0.0522966346464583]
solution time: 0.013019084930419922
McCormick lower bound: -7.460249881940122

