x_opt: [0.6581228423400474, 0.16173951751258395, 0.8382627769047171, 0.16173826024886007, 0.8382616991105103, 0.1617352571084969, 0.8382622976719897, 0.944642799896868, 0.83826149683261, 0.1617377111795373, 0.05535716802673448, 0.8382621156093604, 0.1617373901420923, 0.16173766247215995, 0.16063378611302717, 0.1617396534631863, 0.16173818502498571, 7.864942606314844e-8, 0.16063312442005104, 0.05535696032024587]
w_opt: [0.6581228018973891, 0.4963845457714778, 1.782750243208695e-8, 1.4195499273637235e-8, 0.49638496647997116, 0.16173729427976136, 1.3247748096381179e-8, 7.596219793388165e-8, 0.16173816816214057, 5.92758205894918e-8, 1.3490837104723702e-8, 2.3013168421435765e-6, 1.5261448977192049e-6, 0.16173944209249663, 0.16173769181882436, 0.1617376225160271, 1.009989644035371e-7, 0.1617395079957267, 0.16173822639862928, 0.6765250787770878, 0.782905586071511, 8.389210230543976e-7, 0.6765249895378989, 0.16173955307231078, 1.174682779892413e-6, 7.304914319805636e-8, 0.1606331209935067, 3.5483689488741067e-8, 2.2872371072272336e-8, 1.087710056825134e-7, 0.16173825498230157, 0.16173824689866598, 0.16173759192781326, 8.217024985524245e-9, 6.636590991083042e-7, 0.16173818235401927, 5.8499259511156365e-9, 2.0394674698076354e-8, 0.8382614943316157, 1.2607173176501623e-7, 1.7992753009766897e-8, 1.0845343181629886e-8, 3.1032018562969856e-8, 0.16173773184860674, 7.677888296925112e-9, 0.16173518904102044, 0.16173520014016968, 2.8804916312224747e-8, 0.1617352284629951, 0.16173518272935314, 3.635469088756432e-8, 0.1617352484320018, 1.55218209977815e-8, 5.84891795190444e-8, 0.16063311964424898, 4.7860073426741876e-8, 0.8382621085039199, 7.939549769222273e-6, 1.7454574875431854e-8, 3.252895016809696e-8, 7.589021702085233e-8, 0.8382614901276224, 2.0529092057904153e-8, 0.16063369823493218, 0.1617381795058715, 0.16063311186780996, 2.5490173951469697e-7, 1.597310319870335e-8, 0.6765236425660504, 0.16173737206518427, 9.05581585456662e-9, 1.6657126233153543e-8, 1.1802360073297001e-8, 2.1367004647968555e-8, 2.6933694276465198e-8, 6.705466345225313e-9, 0.1617373766052547, 6.854057289364217e-8, 0.16063304531745648, 0.05535716272816997, 1.905465594887455e-8, 5.1238922309570976e-9, 9.020079267099987e-9, 5.18718494949954e-8, 1.4053690904005166e-8, 0.16063377168868745, 0.16173699768412433, 0.055356946322836345, 0.16173750081119675, 1.9959544535007915e-8, 0.16063377375926335, 0.16063369924369655, 1.818778399685146e-8, 0.16063307463784018, 0.0553569540445053, 9.62157720987067e-9, 1.2611191350278337e-8, 0.055356892013200654, 7.036951064221417e-8, 0.05535690745732466]
v_opt: [0.9446427950955315, 0.8382627691124286, 0.7026828817161633, 0.026159230029940316, 0.00306445978137492]
solution time: 0.014091014862060547
McCormick lower bound: -5.040414286931374

