x_opt: [0.6219012557733429, 0.37809841826547147, 0.6219016976621726, 0.053486261916479066, 0.6219015351141195, 0.16706826882933112, 0.863680043387418, 0.37810099182216783, 0.3780984334064155, 0.37809843392290565, 0.15214744120349086, 0.6219015198810657, 0.37809843506788626, 0.13632007732748794, 0.3780984227599664, 0.37809841239858005, 0.05348625268328089, 1.2022022890830586e-8, 0.05350385650315894, 0.05350399586892901]
w_opt: [0.6219012519102971, 0.24380279378883205, 2.8544777101681362e-9, 4.759819281197551e-9, 0.2438027793852146, 0.37809842107369235, 4.301905511864479e-9, 1.9896506473400194e-8, 0.05348624488842657, 7.02020399223622e-9, 5.489121431586599e-9, 1.1854062103809751e-7, 6.386736296743563e-8, 0.3780983868669134, 0.3780984160414192, 0.1363200670446889, 1.7514240677233577e-8, 0.37809840251717586, 0.05348625018678903, 0.4855817435064106, 2.6917867422126423e-6, 1.410999000025202e-7, 0.2438032324945621, 0.37809839253250943, 1.8556560402581727e-8, 1.0226819278188815e-8, 0.05350385415576673, 1.751459149375915e-8, 2.50208878426498e-9, 2.514674885771376e-8, 0.05348625735274197, 0.0534862549556793, 0.053486222972742, 2.4679542545991363e-9, 2.400545332409713e-7, 0.053486248261535675, 3.2007281862783436e-9, 6.548713385702864e-9, 0.37809843100138846, 2.6196117155690644e-8, 4.739130509408151e-9, 4.668736116684422e-9, 1.5128229947157627e-8, 0.053486189246409396, 2.487699528968405e-9, 0.16706825514829007, 0.16706825687730498, 6.686142746752925e-9, 0.16706826340002429, 0.13632003630860803, 7.108946225378477e-9, 0.16706826638973551, 3.6507784500234427e-9, 6.8822355355185025e-9, 0.05350385367321878, 1.7524510089037578e-8, 0.621901516031939, 0.2417787768942059, 1.2432473126441473e-7, 1.8593230556500144e-8, 4.3175106977054174e-8, 0.37809843097713314, 4.165643469711203e-9, 0.37809841737083805, 0.05348624674767399, 0.05350385154445561, 5.9688338097164294e-9, 2.7528440509398615e-9, 4.031225451795688e-9, 0.37809843007035326, 4.969294424748858e-9, 3.6961738341589475e-9, 3.8207855740256315e-9, 6.736983434504272e-9, 6.548170251779797e-9, 2.768612469937332e-9, 0.37809842838518626, 7.609208037966438e-9, 0.053503829967210405, 0.15214743938452494, 4.824128800393836e-9, 3.103514694916057e-9, 3.1134502171710956e-9, 1.4003145300395648e-8, 3.40255475749425e-9, 0.37809841856882676, 0.3780982574069281, 0.05350398936535499, 0.05348624013202947, 1.0310977642219998e-8, 0.37809841029589986, 0.05348622662651239, 4.103926845539143e-9, 0.05350385234868015, 0.05350398898332088, 3.897978730664225e-9, 2.851690742205518e-9, 0.05348624304608209, 9.606072370893159e-9, 0.053503855248883514]
v_opt: [0.378100989135494, 0.6219016924016292, 0.3867616609679657, 0.14295851339974064, 0.023151688969653327]
solution time: 0.01411294937133789
McCormick lower bound: -8.65725958006963

