x_opt: [0.6855541607348925, 0.3144467171521437, 0.685554160156369, 0.18620777460974422, 0.6855541625670255, 0.18620779825367045, 0.8137922128067826, 0.5030500931501979, 0.3144459092552374, 0.314445834745341, 0.21325339678223112, 0.685554093634871, 0.3144458361259291, 0.18620778872186206, 0.31444582338584615, 0.3144468213580112, 0.18620777010146425, 8.435211180737806e-9, 0.020964374228474116, 0.020962998491427]
w_opt: [0.6855541564522932, 0.3711083245766009, 2.9444125700051726e-9, 1.8579489788748952e-9, 0.3711082559331062, 0.3144458297636845, 1.4136995773644925e-9, 7.148086394717724e-9, 0.1862077667521363, 5.115197850591309e-9, 1.8452506114894111e-9, 8.784612426609008e-7, 8.861424461444571e-7, 0.3144467055523012, 0.31444583299719564, 0.18620778498368665, 7.3182028493487134e-9, 0.3144467159692094, 0.18620776993795438, 0.49934637400235027, 0.1886042544093523, 5.283236854171679e-9, 0.37110826069162967, 0.31444681359120125, 5.639906336672005e-9, 7.4486718124420014e-9, 0.020964373145754497, 4.72720700843078e-9, 1.1416785762680076e-9, 8.831526271305431e-9, 0.18620777285284904, 0.18620777224604157, 0.1862077664818857, 1.0644438170464335e-9, 4.791686663969705e-8, 0.18620776891373841, 1.476409682630927e-9, 2.5461067792364194e-9, 0.3144459082819167, 1.3602361904384017e-8, 3.444382587790305e-9, 1.4894202347952525e-9, 3.6805808116056124e-9, 0.18620774550856425, 9.706024812790928e-10, 0.18620779192289738, 0.18620779307513982, 2.8047712856887754e-9, 0.18620779583456595, 0.18620777990355536, 2.9642463963754915e-9, 0.18620779705891044, 1.5748550881183224e-9, 5.20928168111271e-9, 0.020964373010399485, 5.929074012564387e-9, 0.6855540921644198, 0.12823813059847305, 4.193016609595075e-9, 3.5077432595504312e-9, 4.929570413482528e-9, 0.3144459079926924, 1.7558535265769729e-9, 0.3144458194051195, 0.18620776793899124, 0.02096437199695989, 2.5824402581950422e-9, 1.2253398098429184e-9, 6.73762462815601e-9, 0.3144458347877761, 1.8179039454360228e-9, 1.5739898948547842e-9, 1.8522933847478018e-9, 2.3183148056942806e-9, 2.594778729615407e-9, 1.0096056538382351e-9, 0.31444583183666974, 3.6961851760699775e-9, 0.020964364883580704, 0.21325339579395974, 2.5815793020594906e-9, 1.1375914574647256e-9, 1.1264937160647672e-9, 4.272608216292625e-9, 1.6370468477125835e-9, 0.31444582197875415, 0.31444581382107906, 0.020962995815683876, 0.18620776503109907, 3.3569917426737653e-9, 0.3144458214919434, 0.18620776240684803, 2.2721253102791127e-9, 0.020964371655188548, 0.020962996933254856, 1.507665973240954e-9, 1.426576208385789e-9, 0.020962991378363282, 6.976218005244953e-9, 0.020962996102037938]
v_opt: [0.5030500918794574, 0.6855541581851503, 0.46998451232607913, 0.09887621455465977, 0.045477025108503676]
solution time: 0.014580011367797852
McCormick lower bound: -7.313479575676217

