x_opt: [0.6560503927876098, 0.3439496517685572, 0.6560503959689129, 0.07479151169748159, 0.6560503970454311, 0.2102342333718948, 0.9052065272363115, 0.38552342779477616, 0.3439496108202463, 0.3439496038665644, 0.20244637178366112, 0.6560503864849532, 0.3439496040426367, 0.09479347575970834, 0.3439495953607367, 0.3439496581382346, 0.07479150969346494, 7.689605872158573e-9, 0.09479286208290247, 0.0747915337883076]
w_opt: [0.6560503907512315, 0.31210079133869634, 2.844718571628436e-9, 1.9965242709800095e-9, 0.3121007809747445, 0.34394959806749964, 1.593229065461224e-9, 5.981744360704141e-9, 0.07479150585513414, 4.391079626181545e-9, 1.7803256409950096e-9, 4.9300994367084284e-8, 5.7070958016334344e-8, 0.34394964150450597, 0.34394960217475806, 0.0947934719221931, 5.509970195129575e-9, 0.34394964987829685, 0.07479150689665234, 0.5612569243427762, 0.0415738250089795, 5.497427930892571e-9, 0.31210078839876204, 0.34394964904822467, 5.927130934062928e-9, 6.571540474577803e-9, 0.09479286075869535, 4.5093140126588065e-9, 1.50380597732096e-9, 6.946751201380719e-9, 0.07479150950935169, 0.07479150896840338, 0.07479150343748309, 1.1350042645905251e-9, 3.462088923877046e-8, 0.07479150803505621, 1.6395314050877229e-9, 2.504305263029381e-9, 0.34394960950627695, 1.3106555165361888e-8, 3.906416914717718e-9, 1.553836285180286e-9, 4.0209376198702945e-9, 0.07479149074115352, 1.094805622003853e-9, 0.2102342284230125, 0.21023422781214296, 3.3216853635320525e-9, 0.21023423046939477, 0.09479347080370279, 2.4789559909055175e-9, 0.21023423206847494, 1.5943869687370018e-9, 4.5339570993277774e-9, 0.09479286072324604, 4.9799888945032065e-9, 0.6560503848944941, 0.2491562357464239, 5.360684738754035e-9, 3.8947606931103044e-9, 5.4457750312064e-9, 0.34394960926055057, 1.9439647644695713e-9, 0.343949591147722, 0.07479150700104718, 0.09479285938388365, 3.053271291180107e-9, 1.1758685346051633e-9, 2.586354561622133e-9, 0.34394960240249933, 2.130398442033826e-9, 1.7341413621237335e-9, 1.9045077446659727e-9, 2.158140729507063e-9, 2.3880281471665916e-9, 1.2323895357746325e-9, 0.3439496015647688, 3.788902164683028e-9, 0.0947928526332796, 0.20244637058162332, 2.3201538031381343e-9, 1.327393532315803e-9, 1.2927386221121357e-9, 4.896697856478298e-9, 1.683452882621428e-9, 0.3439495936950078, 0.34394956777762853, 0.07479153053907264, 0.07479150535106673, 3.3246902767156703e-9, 0.3439495929256095, 0.07479150193918574, 2.4089174937857134e-9, 0.09479285947091752, 0.07479153244450915, 1.6796543481733576e-9, 1.4191222828101664e-9, 0.0747915039290291, 5.954218545532997e-9, 0.07479153177184847]
v_opt: [0.38552342606903167, 0.6560503933643461, 0.43040647725383063, 0.11830147294475704, 0.040984538389846455]
solution time: 0.014598846435546875
McCormick lower bound: -7.900631628590934

