x_opt: [0.8205958077545361, 0.1794041956118751, 0.8205958152862485, 0.17940415140645527, 0.8205958048323593, 0.17940419240577773, 0.8205958083384818, 0.812591032072339, 0.5613726203394089, 0.17940418666358024, 0.1794040184111002, 0.7975233638996692, 0.17940419346998027, 0.1794041912064502, 0.17940414654982068, 0.21604831841748323, 0.17940415066220305, 1.413895040623619e-9, 0.1794041442600006, 0.17940414379012792]
w_opt: [0.8205958074775734, 0.6411916127947813, 4.3671763833590405e-10, 3.707420204243046e-10, 0.618119171932229, 0.1794041919574677, 5.002016876611661e-10, 1.1016025604976139e-9, 0.17940415005100574, 8.25640524826605e-10, 2.8087182463140857e-10, 1.1135764918923458e-8, 3.549974398395237e-9, 0.17940419398726923, 0.17940418628308055, 0.1794041904993432, 1.3704289145575692e-9, 0.1794041953676718, 0.17940415047417332, 0.6411916238581579, 0.6331868476940585, 2.669718968115466e-9, 0.6181191804555564, 0.216048316995199, 9.485398911011691e-10, 1.1384330049990585e-9, 0.17940414398796714, 6.600616664538512e-10, 2.519137782410208e-10, 1.3406107234339922e-9, 0.17940415099754678, 0.17940415095294038, 0.1794041496183163, 2.5385838995622876e-10, 5.674369452290888e-9, 0.17940415036889937, 2.870444116291573e-10, 5.187237700893617e-10, 0.5613726201371887, 1.5997541514566002e-9, 3.4898288929214187e-10, 3.462990661151017e-10, 5.071805415358906e-10, 0.17940414643723276, 2.33190060616666e-10, 0.17940419150451067, 0.17940419117155582, 6.090065953242899e-10, 0.17940419182723663, 0.1794041897524645, 4.664535424267103e-10, 0.17940419209809175, 3.547608466996184e-10, 8.237237356263886e-10, 0.1794041439382186, 6.514527059595823e-10, 0.7975233635782277, 3.6286495933344765e-8, 3.887665405121526e-10, 5.571006636687852e-10, 1.1534927128458903e-9, 0.5613726200003204, 3.465380171286073e-10, 0.17940414547147768, 0.1794041502414035, 0.17940414387887618, 4.5642343180893454e-10, 2.6577767711418635e-10, 0.35889598465001454, 0.17940419313642395, 3.9302427299909773e-10, 3.087179096844262e-10, 3.7083062902179003e-10, 5.462487394698314e-10, 5.582221959958094e-10, 2.3245353062126906e-10, 0.17940418628429836, 6.880614909983367e-10, 0.17940414164911708, 0.17940401808524084, 4.1399517636481754e-10, 2.466232372897763e-10, 3.1864868226755543e-10, 6.587309795077482e-10, 2.784619524404592e-10, 0.17940414625117068, 0.17940418904591357, 0.17940414334259094, 0.17940414938982668, 4.6295165225461564e-10, 0.1794041461058312, 0.17940414428387355, 4.507952959904284e-10, 0.17940414362307186, 0.17940414345841482, 2.6971161712134744e-10, 2.8954628942146235e-10, 0.17940414282699033, 1.0538201581537894e-9, 0.17940414338283406]
v_opt: [0.8125910317938428, 0.8205958149422691, 0.6733779844612595, 0.032185866494489276, 0.03218608576958159]
solution time: 0.015592098236083984
McCormick lower bound: -4.557502714290812

