x_opt: [0.748073931272401, 0.25192627306849674, 0.7480739410838276, 0.251925716185922, 0.7480738262848504, 0.25192611499274536, 0.7480739331833837, 0.6821827202926299, 0.3423432682043189, 0.2519260549652541, 0.1998954520524443, 0.6576596867283531, 0.2519261583864737, 0.25192606321182265, 0.2519258908897301, 0.2540773153707508, 0.25192570489156174, 3.0784603449646973e-8, 8.674187060626654e-7, 6.625609893205724e-7]
w_opt: [0.7480739229315767, 0.4961477616501284, 1.2301705581876094e-8, 8.122950151539485e-9, 0.405733623827326, 0.25192613136126846, 7.056966076267962e-9, 2.4653881744300366e-8, 0.2519256927691293, 1.82785750040477e-8, 7.1377872102780425e-9, 2.1829054900688597e-7, 1.447352742804595e-7, 0.25192623967427774, 0.25192604816420844, 0.25192604629949794, 2.948078718533403e-8, 0.2519262685742292, 0.2519256988327712, 0.49614787899175944, 0.43025666652193845, 2.236430494059064e-8, 0.40573365278501866, 0.25407728988821926, 2.2049288041354518e-8, 2.6314800317022684e-8, 8.62608526256597e-7, 1.4377199808600486e-8, 4.4285364153805274e-9, 2.364164488878115e-8, 0.2519257086512009, 0.25192570632601907, 0.25192567376291136, 5.070728965376829e-9, 1.0538578812259371e-7, 0.2519256986965004, 5.97597265665653e-9, 1.0948828728088768e-8, 0.3423432639972637, 2.7183923950067185e-8, 6.584798103145956e-9, 7.877808563069722e-9, 1.1119744042671496e-8, 0.25192562705185917, 4.467826918088994e-9, 0.2519260904709894, 0.2519260935395934, 1.0621617130831612e-8, 0.251926103656939, 0.2519260391266212, 1.1472085114638831e-8, 0.2519261091176732, 7.014736988199239e-9, 1.7858220853173503e-8, 8.610547228980836e-7, 1.4026400703395791e-8, 0.6576596793876532, 6.450986064168937e-7, 8.292495426563709e-9, 1.1711932786219083e-8, 1.876093379955323e-8, 0.34234326255701036, 7.061678223913226e-9, 0.2519258718861105, 0.2519256960305878, 8.596935836473544e-7, 8.116561577005119e-9, 5.926302506069618e-9, 2.964134938635492e-6, 0.25192615229166, 7.876142238490434e-9, 6.2831357749591825e-9, 7.807216875729326e-9, 1.1225302656789963e-8, 1.1468194891954032e-8, 4.7188094445731596e-9, 0.25192604800416935, 1.2133995706244428e-8, 8.29921849147384e-7, 0.19989544698488546, 9.068952493170936e-9, 4.982431454334179e-9, 5.9214713545123805e-9, 1.4066433447281668e-8, 6.194875956158015e-9, 0.25192588498678503, 0.25192609745383854, 6.530631273384218e-7, 0.25192568293014744, 1.0792132680196167e-8, 0.25192588351570583, 0.2519256651422667, 8.291758425312112e-9, 8.568768842826814e-7, 6.55591574979355e-7, 5.721167015747248e-9, 6.1664502958257456e-9, 6.434214610960047e-7, 2.4202268201101437e-8, 6.566318148129625e-7]
v_opt: [0.6821827153084187, 0.7480739333746439, 0.5596144627484676, 0.06346674114371544, 0.039958327197046145]
solution time: 0.013792991638183594
McCormick lower bound: -5.960588392063661

