x_opt: [0.808519525513685, 0.12960263829168944, 0.8703977854322553, 0.12960188116009916, 0.740641907966137, 0.2593558837110399, 0.8085195878289886, 0.8561694586551539, 0.4905562835463957, 0.12960225924425905, 0.1438305191509093, 0.5094437338324371, 0.2593575220000613, 0.19148041151629494, 0.1914802314307505, 0.25935592379734307, 0.1296018718049654, 1.3639027895495645e-8, 0.12960217276170313, 0.12960218506686833]
w_opt: [0.8085195203643764, 0.549161434627165, 9.840105439779676e-9, 6.4377339310044506e-9, 0.3179632606556412, 0.2593575015307295, 8.716255332652227e-9, 5.3570966532847284e-8, 0.12960186800217113, 9.977993088423834e-9, 4.631997154706095e-9, 4.252935280710705e-7, 3.535612424309749e-8, 0.1296026114793288, 0.1296022564131666, 0.12960259767216223, 6.790937588279684e-8, 0.1296026357174134, 0.12960187037542606, 0.6789173752531604, 0.7265672494495522, 5.172819580735418e-8, 0.3798415392364501, 0.25935590915968426, 1.8127186835829217e-8, 1.2629585173522632e-8, 0.12960217117088677, 1.429255321596553e-8, 2.0516233316169753e-9, 2.746132349894242e-8, 0.12960187721002359, 0.12960187444764573, 0.12960181718177685, 3.676112517641748e-9, 1.305015444910044e-7, 0.1296018655961525, 2.9090528022257446e-9, 9.95123323579398e-9, 0.49055628357977865, 2.382771754647924e-8, 3.1981782926876494e-9, 6.218201132646416e-9, 5.550735543649945e-9, 0.12960180891616863, 4.228358237254039e-9, 0.25935587326116155, 0.25935585062422073, 8.944932581175467e-9, 0.25935588025781964, 0.19148034158391924, 8.544954588226047e-9, 0.2593558785651575, 6.2727255087524935e-9, 9.500215493465551e-9, 0.12960216777887, 9.199468069264232e-9, 0.5094437277281543, 0.06787785262321548, 6.265823511807407e-9, 1.1297962931219374e-8, 1.8928086576097935e-8, 0.49055627962086623, 4.445728253744156e-9, 0.19148021522698402, 0.1296018680869575, 0.12960217009069078, 3.68112316616307e-9, 4.2846867249345715e-9, 1.0138465216929733e-7, 0.25935751796357764, 6.176139446426746e-9, 3.1786675727570727e-9, 4.351298055548764e-9, 1.5987861240466218e-8, 1.60770247715067e-8, 4.311523471976197e-9, 0.12960225702844969, 9.159682808593118e-9, 0.12960212746292227, 0.14383051620650877, 5.299461525456477e-9, 4.16324669773962e-9, 7.775268794555585e-9, 6.609005236793812e-9, 3.2403465021822158e-9, 0.19148023059493993, 0.2593558913321704, 0.12960218145137425, 0.129601853024574, 5.036788110157819e-9, 0.19148022958408306, 0.1296018475845682, 4.705666169563398e-9, 0.12960217001535212, 0.12960218216609942, 3.2177291082744605e-9, 3.5232534549186013e-9, 0.12960186516474856, 1.2485942475450193e-8, 0.12960216692216808]
v_opt: [0.8561694578145413, 0.8703977833489707, 0.5485504876500332, 0.016796748363893502, 0.020687222599277962]
solution time: 0.013975858688354492
McCormick lower bound: -4.0066393031884555

