x_opt: [0.7706150562003925, 0.2884368456206097, 0.7706150594112222, 0.023907795534354712, 0.7706150590667927, 0.22938493677371424, 0.7706150648043397, 0.5766570356804294, 0.3985646122397796, 0.2293849409374926, 0.22938493334078655, 0.6014353850933117, 0.22938494131718967, 0.22938493398785884, 0.22938493781394387, 0.28843684662945795, 0.02390779387704149, 1.8986278563324e-9, 0.2293849341387595, 0.22938493330649204]
w_opt: [0.7706150558294071, 0.5412301155312005, 5.504083062945143e-10, 4.2780525914619366e-10, 0.37205044166120943, 0.22938493964816617, 6.071814848543504e-10, 1.5210237674944346e-9, 0.023907792919383605, 1.09143872705495e-9, 3.0221033081280443e-10, 0.05905190549122317, 0.059051907713301294, 0.2884368430188457, 0.22938494052102654, 0.2293849333127879, 1.3986889050980087e-9, 0.2884368449738242, 0.023907794161672432, 0.5412301244812703, 0.34727209555842853, 1.4648179170984801e-9, 0.3720504459788053, 0.2884368437692467, 1.329922632550315e-9, 1.4705086263248957e-9, 0.22938493369876506, 1.0948581593275112e-9, 4.960270445741559e-10, 2.5027996149820185e-9, 0.023907794799773247, 0.023907794982067264, 0.023907793194658286, 2.919851291534199e-10, 9.604628781046822e-9, 0.02390779347255554, 4.1446521685166903e-10, 5.815315747146687e-10, 0.39856461191597625, 6.081557976686589e-9, 1.3559884054406224e-9, 3.5166517937409375e-10, 7.927016920702274e-10, 0.023907788819900563, 3.2427552549202917e-10, 0.22938493596925336, 0.22938493479881975, 1.1690863379059298e-9, 0.2293849361063388, 0.22938493255816939, 4.726933048586242e-10, 0.22938493644970112, 4.082546597375026e-10, 1.1503953952276322e-9, 0.22938493373233346, 1.0108231713011548e-9, 0.6014353847493136, 7.181876547704223e-8, 7.030316435966964e-10, 1.2995693464676086e-9, 3.491269463258302e-9, 0.3985646116626418, 4.806918335324991e-10, 0.2293849365517726, 0.023907793198590474, 0.22938493351913522, 9.384990781955936e-10, 2.449319284029483e-10, 4.5516065134683854e-10, 0.22938494095316855, 6.104085476145817e-10, 4.075696336917872e-10, 4.840642958376351e-10, 5.592768746633177e-10, 6.325301208527003e-10, 2.8518218852247e-10, 0.22938494035586066, 1.1098112834904483e-9, 0.2293849302250777, 0.2293849326094774, 5.308085386552705e-10, 3.5651012327484936e-10, 3.3913392303567823e-10, 8.358547912311148e-10, 3.5182512772324816e-10, 0.2293849374410338, 0.2293849343610386, 0.22938493261357648, 0.023907792180949457, 6.212448104649517e-10, 0.2293849370481512, 0.02390779176602747, 7.612119386806397e-10, 0.229384933511267, 0.22938493300478216, 3.7619589114967796e-10, 3.2289996463302684e-10, 0.02390779279993563, 1.3722216515226424e-9, 0.2293849326655242]
v_opt: [0.5766570351008307, 0.7706150588926298, 0.5938479723580727, 0.05261753943596902, 0.0526174591928952]
solution time: 0.017616987228393555
McCormick lower bound: -4.51240761931844

