x_opt: [0.7908455488458513, 0.3148168418894946, 0.7908457967029695, 0.2091537698795157, 0.7908455295814377, 0.20915437270257067, 0.7908455584051595, 0.47072678536934404, 0.26667672383467733, 0.2091543404027813, 0.20914992106112706, 0.7333230928007249, 0.20915438050160232, 0.209154400464606, 0.2091541667403623, 0.31481737068236665, 0.20915358881533355, 4.4391866928422604e-8, 0.20915390190266883, 0.2091538505924908]
w_opt: [0.7908455366503142, 0.5816910836531017, 2.5322853676004333e-8, 7.875273709114788e-9, 0.5241686487471047, 0.20915434088791737, 1.0387488432880405e-8, 1.507417518710384e-8, 0.2091535713006153, 2.7048583236175565e-8, 5.98197627629537e-9, 0.10566264551379431, 0.10566281516181719, 0.31481678556728504, 0.20915433247776838, 0.2091543899111429, 3.2876245354305595e-8, 0.3148168336184796, 0.20915374553928454, 0.5816913603524914, 0.2615725908105609, 2.396336813142201e-7, 0.5241689250854012, 0.31481731394258516, 3.536480495481257e-8, 3.672442443468943e-8, 0.20915389447129518, 2.2566404344492536e-8, 8.445853696137268e-9, 3.650277908921209e-8, 0.20915375811156825, 0.20915375924042226, 0.2091537316537769, 5.588680705653234e-9, 3.773512026516989e-7, 0.20915358194830438, 7.821847222208912e-9, 1.135057374329115e-8, 0.26667671834383216, 1.2533512781662948e-7, 1.740526668740337e-8, 7.38886433638335e-9, 1.2523770051993324e-8, 0.20915343405237638, 5.806690039803048e-9, 0.20915435538288804, 0.20915434113723447, 1.116018430361104e-8, 0.2091543577975915, 0.2091543390672918, 1.0072225313184557e-8, 0.20915436663840753, 8.111539151451472e-9, 2.8580893289909883e-8, 0.2091538944365833, 1.9426351435180945e-8, 0.7333230864922174, 5.091028049408498e-6, 9.140909899038676e-9, 1.970429260793225e-8, 1.1871127830033338e-7, 0.2666767140704467, 8.570854535778724e-9, 0.20915414118053136, 0.20915357722691602, 0.20915389079902463, 1.5468581653708166e-8, 5.178696297238478e-9, 2.22835545991203e-8, 0.20915437299849385, 1.0741227780427967e-8, 7.808438082419668e-9, 9.668206446828128e-9, 1.1356828863318226e-8, 1.2446771596763724e-8, 5.16465356039929e-9, 0.20915433063591624, 2.392647168696434e-8, 0.2091538518587562, 0.20914991394983792, 1.0947034629425163e-8, 6.2840944926852226e-9, 6.258009275849046e-9, 1.2524691005329113e-8, 7.067455972758004e-9, 0.2091541598719447, 0.20915407926054644, 0.2091538384669328, 0.20915352894991113, 1.1976758317775657e-8, 0.20915415514376426, 0.20915353013404653, 1.5359792611094434e-8, 0.20915388939221055, 0.209153844537473, 7.131842007478126e-9, 6.753938115251044e-9, 0.20915351769711255, 3.4668782654599854e-8, 0.20915378708231344]
v_opt: [0.47072677633194615, 0.7908457875981184, 0.6254457055855595, 0.04374555066296897, 0.04374388970952843]
solution time: 0.013473033905029297
McCormick lower bound: -4.6070402387556495

