x_opt: [0.6934484843397754, 0.33676275553553314, 0.6934485184355963, 0.07188809651609172, 0.6934485781558144, 0.15227399517156956, 0.8477261181588801, 0.4037880035079677, 0.3065710876343985, 0.3065514436637291, 0.2696211891464795, 0.6934285273311909, 0.30655144726902517, 0.15227386102256332, 0.30655139239063744, 0.3367628002478764, 0.0718880418309399, 7.389305808846778e-8, 0.15227391723878367, 0.1522737425539044]
w_opt: [0.6934484682511503, 0.38689707428432335, 2.19276419739034e-8, 1.7617120644054422e-8, 0.38687702612611746, 0.30655139053520886, 1.8266583108424992e-8, 5.987435708075919e-8, 0.07188800539518223, 4.228388996954515e-8, 1.2896968484069512e-8, 0.030211289884728047, 0.03021142145542746, 0.33676265382062726, 0.3065514290796062, 0.1522738318041649, 5.3000108577834157e-8, 0.33676273268566526, 0.07188804826208188, 0.5411746472755019, 0.09723653610164519, 3.6467688162478375e-8, 0.38687710001905273, 0.3367627047078492, 5.520254201133841e-8, 6.093352981870572e-8, 0.15227390242958164, 4.092637717115759e-8, 1.6294152687765364e-8, 8.091866959162308e-8, 0.07188807096599491, 0.07188807434194272, 0.07188800927288488, 1.0784690129252477e-8, 3.8094981651950934e-7, 0.07188802737148615, 1.641054970733562e-8, 2.2741322645682398e-8, 0.30657107460351024, 1.8211028660269334e-7, 5.357586581063871e-8, 1.3427285995682074e-8, 4.102987196785558e-8, 0.07188786328624468, 1.1255357598116912e-8, 0.15227396031121693, 0.15227393180637433, 3.783695315188485e-8, 0.15227397158540537, 0.15227380400526028, 1.9789947230051885e-8, 0.15227398332630998, 1.4929909516127274e-8, 4.431988720061465e-8, 0.15227390167904764, 4.236406395364939e-8, 0.6934285134303749, 0.15427904442251233, 2.7339586721595797e-8, 9.032800691164542e-8, 8.483493236056466e-8, 0.3065710697373062, 1.846322205321242e-8, 0.3065513504671147, 0.07188801442978067, 0.15227389242451117, 3.196681516680374e-8, 9.54645446810633e-9, 1.5769146076711765e-8, 0.3065514346087268, 2.3113447210864415e-8, 1.560349519020324e-8, 1.8998864657636228e-8, 2.0888920428062205e-8, 2.357972527564158e-8, 1.0816667897370388e-8, 0.3065514199783612, 3.686397967929068e-8, 0.15227381969176673, 0.2696211757267977, 2.12165568073264e-8, 1.3631921399802864e-8, 1.1882234841587454e-8, 3.398843012672351e-8, 1.4574213536657722e-8, 0.3065513780123032, 0.30655117538173554, 0.15227371591673003, 0.07188799182455408, 2.722859370141294e-8, 0.30655136727234755, 0.07188796350134492, 2.6850714468503507e-8, 0.1522738961782579, 0.15227373110921474, 1.5042901569746702e-8, 1.2572125315559681e-8, 0.07188800032841469, 5.603130049443559e-8, 0.15227372203924444]
v_opt: [0.4037879838307852, 0.6934484968035798, 0.4808716197690504, 0.0939750787213486, 0.07269580033201611]
solution time: 0.01306605339050293
McCormick lower bound: -5.850308196095544

