x_opt: [0.6353517636577083, 0.364648307811658, 0.6353518189685949, 3.208798870472663e-7, 0.6353517779283566, 0.1594490767354844, 0.8878490304221285, 0.36464881124873555, 0.36464821174516543, 0.3646481750438965, 0.22868338687895856, 0.6353517242398359, 0.3646482109066714, 0.11215097071044254, 0.36464819035136226, 0.3646483426255969, 3.056131895845827e-7, 1.4437969767786245e-8, 0.11215062088289526, 0.11215060778837875]
w_opt: [0.635351760491177, 0.27070354386011297, 3.414146516183526e-9, 3.5037944303545673e-9, 0.2707034902960746, 0.3646482023033574, 3.1373905014209216e-9, 8.300385173002253e-9, 2.998693546857044e-7, 8.872775567730246e-9, 2.7503342362497598e-9, 1.2941620807556075e-7, 1.3063804752295191e-7, 0.36464827334517985, 0.36464817232516633, 0.11215096422695527, 1.2125869810873521e-8, 0.3646483025771014, 3.124888301446905e-7, 0.523200851589002, 6.32284991791915e-7, 5.226142961694668e-9, 0.2707035529087723, 0.3646483307145295, 1.1275839758992051e-8, 1.2469632558602605e-8, 0.1121506183675814, 9.970379705790972e-9, 2.1326259092044504e-9, 1.717392555640301e-8, 3.1578028459767625e-7, 3.166051061398453e-7, 2.95029758467327e-7, 2.014942950794943e-9, 1.1325317986069128e-7, 3.0226841659844174e-7, 3.1603030772474697e-9, 4.738661965755932e-9, 0.36464820918449825, 1.3421969481625177e-8, 3.473161750602742e-9, 2.9678214375072507e-9, 6.653079152094105e-9, 2.7610456915474926e-7, 2.1801720840970563e-9, 0.15944906771630335, 0.15944906576128481, 5.27081220953962e-9, 0.15944907289166596, 0.112150949078016, 4.333311094575602e-9, 0.1594490746228659, 2.6618504398164442e-9, 9.008285506502752e-9, 0.11215061817210722, 9.324984048507943e-9, 0.6353517211480179, 0.2524989329808991, 5.6640172978188215e-9, 3.644042032564337e-8, 5.9452573539178646e-8, 0.3646482090791418, 3.387553860739631e-9, 0.3646481842358274, 3.000599422121983e-7, 0.11215061667556989, 4.336236531156735e-9, 1.7860770281879876e-9, 2.99112885177942e-9, 0.3646482086710092, 4.851722938503129e-9, 2.617986916432957e-9, 3.8460875306804e-9, 4.965996586346122e-9, 5.001325934202372e-9, 2.1906121177884992e-9, 0.3646481726109054, 4.888830722375403e-9, 0.11215060016489319, 0.22868338489020254, 4.2539822272827035e-9, 2.8592576632833555e-9, 2.4765527033196124e-9, 6.255107002776087e-9, 2.6719967616803466e-9, 0.36464818682969025, 0.36464812513273337, 0.11215060317048299, 2.9692762911081205e-7, 6.985439595156911e-9, 0.3646481853429527, 2.902137484919005e-7, 4.337278885174441e-9, 0.11215061737037152, 0.11215060447064581, 2.696377425100456e-9, 2.342714568478332e-9, 2.866048681638672e-7, 1.1702254535018147e-8, 0.112150599721305]
v_opt: [0.36464880835847735, 0.635351815004949, 0.4036719576071491, 0.13296848309186632, 0.05229620713709724]
solution time: 0.011488914489746094
McCormick lower bound: -7.282654119109279

