x_opt: [0.6190717929650787, 0.38092820628680646, 0.6190717938012436, 0.05079073976453164, 0.6190717935579582, 0.15314006410899086, 0.8468599782614206, 0.3809282131846928, 0.3809282063661037, 0.3809282061490966, 0.14559023772209614, 0.6190717935023234, 0.38092820617379664, 0.153140021870428, 0.3809282061840218, 0.38092820644011727, 0.05079073967800141, 7.917458140002633e-11, 0.050790743736203944, 0.05079074366044972]
w_opt: [0.6190717929359328, 0.23814358665148444, 1.6248148732804435e-11, 2.1430597264019662e-11, 0.23814358648242087, 0.38092820611063016, 1.7194601157321876e-11, 1.0975005276007958e-10, 0.05079073964274035, 4.8319733770779266e-11, 2.3870293695431962e-11, 1.2386220796049577e-10, 3.396010157532745e-10, 0.38092820613446277, 0.3809282061026778, 0.15314002182277997, 7.390207327729645e-11, 0.3809282062713481, 0.05079073971147658, 0.4659317720903916, 7.022674794267008e-9, 4.976577339912078e-11, 0.2381435873858188, 0.38092820636363434, 8.419367389719064e-11, 7.014335481454702e-11, 0.05079074372503046, 7.251050465066205e-11, 1.1965407489464588e-11, 1.0348739673915892e-10, 0.050790739743152256, 0.0507907397372739, 0.05079073960992587, 1.1732180318373248e-11, 1.2448034626778597e-9, 0.05079073965899425, 1.7270671713650398e-11, 3.123531258657142e-11, 0.3809282063553746, 9.613529938431437e-11, 1.503929246605032e-11, 1.846129505622309e-11, 8.293633155312147e-11, 0.05079073939052983, 1.0810374708152898e-11, 0.15314006404102562, 0.1531400640570369, 2.980146126197273e-11, 0.15314006408405786, 0.15314002181765674, 2.973860707865466e-11, 0.1531400640974457, 1.701012455522474e-11, 4.859983148417242e-11, 0.050790743723114776, 7.503765869906999e-11, 0.6190717934853606, 0.22778818547812826, 1.5200688691657443e-10, 6.596610226266936e-11, 9.993197819386376e-11, 0.3809282063559278, 1.9408288913289476e-11, 0.38092820616884077, 0.05079073965136513, 0.05079074371338868, 2.759298746883703e-11, 1.2878743841638763e-11, 2.3974632174886565e-11, 0.38092820616142925, 2.1930746641441962e-11, 1.6706761865734904e-11, 2.0485530326962928e-11, 2.914115912131495e-11, 2.8743962159624554e-11, 1.2523502518778359e-11, 0.38092820608261513, 3.470662405086767e-11, 0.0507907436318004, 0.14559023771174726, 2.6040844575416035e-11, 1.387971524897271e-11, 1.3996449435559101e-11, 7.063928550651877e-11, 1.7206078428763082e-11, 0.38092820616221207, 0.38092820567364777, 0.05079074363091071, 0.050790739623517156, 4.6692318375301023e-11, 0.38092820613551737, 0.050790739578418044, 2.251038701089935e-11, 0.05079074371320092, 0.05079074363227234, 1.6906839114515233e-11, 1.4688747221837494e-11, 0.05079073952069022, 6.576489496277602e-11, 0.0507907436019083]
v_opt: [0.38092821317177555, 0.6190717937775411, 0.38324988592006604, 0.14510629994282936, 0.021196522975961682]
solution time: 0.015210866928100586
McCormick lower bound: -8.55255329540063

