x_opt: [0.7740963025600623, 0.3185293860864058, 0.7740964147529922, 0.19608880072307827, 0.7740963012295989, 0.19609018020117974, 0.803909851023782, 0.45282229654817596, 0.26284256971725317, 0.22590366006116855, 0.22590367347404267, 0.7371573896460089, 0.2259036603127915, 0.1960901439028997, 0.22590359150027, 0.3185295540585025, 0.19608873053889833, 2.3217676269735e-8, 0.19608889211350328, 0.19608874611704646]
w_opt: [0.7740962871809305, 0.5481926072806522, 7.088202400063516e-9, 7.455252360774252e-9, 0.5112536967308933, 0.22590363993685889, 5.323557033090093e-9, 2.1229692556772577e-8, 0.1960887206143946, 1.4325185010976753e-8, 4.649109223908874e-9, 0.09262580455988481, 0.09262576137001881, 0.31852935419343037, 0.22590365550255512, 0.19609013397803485, 2.1672000867713796e-8, 0.31852938110431506, 0.19608878707745434, 0.5780062691561645, 0.22691871556357185, 1.0054523686868048e-7, 0.5112538238010013, 0.3185295291497554, 1.746175786797014e-8, 1.964905574632545e-8, 0.19608888818222117, 1.5915214742807187e-8, 3.847831197736723e-9, 2.412812764706623e-8, 0.19608879421260603, 0.1960887938514818, 0.19608877530868632, 3.5492414680893606e-9, 1.0580407869348078e-7, 0.19608872688041354, 4.647066876475154e-9, 7.675839439273477e-9, 0.2628425663740111, 3.9618298343961975e-8, 6.717181950810883e-9, 4.644073057199895e-9, 9.666067980816805e-9, 0.19608867071088845, 3.490914529950763e-9, 0.19609016665532522, 0.19609016052943065, 9.91280587297505e-9, 0.196090173519573, 0.19609009240008293, 7.675055308006731e-9, 0.19609017630503794, 5.05216017680027e-9, 1.439515165290317e-8, 0.19608888734413438, 1.26128060202719e-8, 0.7371573849786631, 0.029816107215353656, 7.44395229234001e-9, 1.3465896741851906e-8, 3.630793276843777e-8, 0.2628425648861813, 5.601970459454384e-9, 0.22590357757796667, 0.19608872319517845, 0.1960888856500765, 7.868218729398836e-9, 3.526519685659451e-9, 1.2209201491772441e-8, 0.2259036557342844, 6.807325867453698e-9, 4.789869505540742e-9, 5.870768403867128e-9, 7.959216226710792e-9, 8.618401958092893e-9, 3.43033153999807e-9, 0.22590365005214957, 1.1308578404608624e-8, 0.19608886811382478, 0.22590366964695938, 6.8391595112368404e-9, 3.987377225208815e-9, 4.0608242295083905e-9, 9.859745433826597e-9, 4.562545506734764e-9, 0.22590358752211867, 0.2259035382930018, 0.19608873893849144, 0.1960887084778784, 8.619766857473613e-9, 0.2259035851757505, 0.19608870575928228, 7.289008233915754e-9, 0.19608888513105846, 0.1960887414002932, 4.544065833890902e-9, 4.1979588026413025e-9, 0.1960887024878418, 1.8327543950981532e-8, 0.1960887239235553]
v_opt: [0.4528222920218595, 0.7740964091346503, 0.5992251266064028, 0.05103313115809494, 0.051033208549581224]
solution time: 0.015057802200317383
McCormick lower bound: -5.643380872294254

