x_opt: [0.7892103463380079, 0.2107896468040246, 0.7892103558251992, 0.10848831976344664, 0.7443087433263067, 0.25569125291268774, 0.7892103520226524, 0.7123913224433922, 0.41556459360508036, 0.2107896442614044, 0.20999898739164738, 0.5844354068092291, 0.25569125596059444, 0.2107896479212751, 0.2556912498811908, 0.25569125511405016, 0.10848831976306349, 6.962286800730141e-10, 0.1084883247979527, 0.10848832449841904]
w_opt: [0.7892103462317673, 0.5335190895704499, 1.9050062446971923e-10, 2.0914775662168043e-10, 0.3736457532637263, 0.25569125529857933, 1.9994015942816335e-10, 0.04490159707019507, 0.10848831949306804, 4.244789286089446e-10, 1.3822542540998756e-10, 2.7154508835482723e-9, 8.38713854312669e-10, 0.21078964595227873, 0.2107896440119687, 0.2107896463781665, 1.3241121625021874e-9, 0.21078964668788439, 0.10848831933846896, 0.5784207079898938, 0.5016016784280923, 4.562074125856035e-10, 0.373645763219603, 0.25569125459380204, 5.325589023027274e-10, 5.616276338301542e-10, 0.10848832464977441, 3.4995060033534626e-10, 9.645040998325205e-11, 6.328061636251603e-10, 0.10848831951546638, 0.10848831957068777, 0.10848831845876127, 1.4854579691993775e-10, 2.425619933882801e-9, 0.10848831951745938, 1.6128523089985176e-10, 3.2963277517486297e-10, 0.415564593491424, 6.131359741931401e-10, 1.1464927551646509e-10, 2.0379083845321878e-10, 2.2524565939794644e-10, 0.10848831792079026, 1.4535054558790204e-10, 0.25569125243948243, 0.2556912522532048, 2.687813393470912e-10, 0.25569125272223847, 0.21078964742208184, 2.743473552233647e-10, 0.25569125274427684, 1.8604394223499165e-10, 4.0242704377627375e-10, 0.10848832455969705, 2.8149438675539557e-10, 0.5844354065943289, 0.04490161557103072, 1.8707507249022382e-10, 3.1348333494966245e-10, 5.59132181347194e-10, 0.41556459344600605, 1.7936792059690905e-10, 0.255691249375155, 0.10848831950466473, 0.108488324629293, 1.6815778065437886e-10, 1.31890523081617e-10, 6.904469767927548e-10, 0.25569125583036156, 2.800120120024407e-10, 1.4029825122023852e-10, 2.2359821339195504e-10, 4.909580459166443e-10, 4.404008080842327e-10, 1.473710442225351e-10, 0.21078964397793107, 2.3649991702066564e-10, 0.10848832330765187, 0.20999898836692607, 2.1441066584029582e-10, 1.610985162717417e-10, 2.390408011696064e-10, 2.76037043351289e-10, 1.3187492044554458e-10, 0.2556912497648952, 0.25569125062088194, 0.10848832431698378, 0.108488319095499, 2.4059376290997724e-10, 0.255691249693642, 0.10848831860917457, 2.1138189867574705e-10, 0.10848832459235676, 0.10848832428581788, 1.2984225208702831e-10, 1.46030651599333e-10, 0.10848831937178861, 5.350200810460952e-10, 0.1084883243198394]
v_opt: [0.7123913223198258, 0.789210355668623, 0.5539955132075218, 0.04443227506857032, 0.044099583012312114]
solution time: 0.017657041549682617
McCormick lower bound: -4.47073385731506

