x_opt: [0.6191024631645963, 0.3808975238879191, 0.619102482906566, 0.05081060943756884, 0.6191024736952722, 0.15314424283608852, 0.8468563606440341, 0.3809662453772081, 0.38089752874742167, 0.380897520664629, 0.14565422966820624, 0.6191024673166721, 0.3808975228160231, 0.15314364313354464, 0.38089751991294724, 0.38089752624699175, 0.0508106064107116, 6.2836008772472445e-9, 0.050810649870055555, 0.050810646361600695]
w_opt: [0.6191024618144094, 0.238204938091773, 2.0095646905719224e-9, 1.96014430259567e-9, 0.23820493186050282, 0.3808975176215016, 1.3466472038917545e-9, 6.664509352837245e-9, 0.05081060338964307, 3.663593534890584e-9, 1.7708761170177207e-9, 7.972840234293922e-9, 1.2661193435217964e-8, 0.38089751480597905, 0.38089751775802877, 0.15314363932733316, 5.9123855583865525e-9, 0.38089752212493433, 0.05081060543723053, 0.46595884461066595, 6.87292871314071e-5, 6.958689885485569e-9, 0.23820495545308693, 0.3808975200742799, 5.641709217003748e-9, 5.393119827374976e-9, 0.050810648772075306, 4.2651527440418614e-9, 1.0508638644081043e-9, 5.938422713041631e-9, 0.050810607570800685, 0.05081060710273115, 0.05081060033979546, 1.061361543591758e-9, 4.3982648395398975e-8, 0.05081060492516157, 1.4277724728589533e-9, 2.4751990814717792e-9, 0.38089752762456053, 7.823706783359916e-9, 1.9955483655739656e-9, 1.5909311211172464e-9, 3.908197925083709e-9, 0.050810588741628866, 9.987187396008806e-10, 0.15314423748542821, 0.15314423822234102, 2.497446194714424e-9, 0.15314424055654627, 0.1531436378309667, 2.5507387215869376e-9, 0.1531442416544661, 1.4496105912412042e-9, 3.6474689052113885e-9, 0.050810648530965584, 4.223051071803847e-9, 0.6191024657004048, 0.22775400555248743, 5.4329023546643235e-9, 3.837671748862334e-9, 5.071837265775392e-9, 0.38089752754712214, 1.6848314365819177e-9, 0.38089751649558173, 0.0508106040086158, 0.0508106478038989, 2.0731167540781706e-9, 1.1372517630567983e-9, 2.261867153231805e-9, 0.38089752139146216, 1.9751102532640604e-9, 1.4543506374386117e-9, 1.7219648157286698e-9, 2.316481624786858e-9, 2.410436138042008e-9, 1.1439095002201966e-9, 0.3808975180029003, 2.691031363961237e-9, 0.050810641046217124, 0.14565422873153855, 2.040018397696275e-9, 1.2289471694885054e-9, 1.2842760987721484e-9, 4.286641627060442e-9, 1.4375183061242067e-9, 0.38089751828034824, 0.3808974768610039, 0.050810643842173965, 0.050810602501338765, 3.132324624445482e-9, 0.38089751746994016, 0.05081059880656819, 1.8412860469126997e-9, 0.05081064767330898, 0.05081064479696729, 1.4301560505497156e-9, 1.2725779657987935e-9, 0.05081060002441893, 4.9326638640099e-9, 0.05081064343275791]
v_opt: [0.3809662441359832, 0.6191024808033034, 0.38328795767874824, 0.14508295072810978, 0.02121516074916581]
solution time: 0.0152587890625
McCormick lower bound: -8.215622467810352

