x_opt: [0.7401452005575035, 0.3328283755551453, 0.7401452013085837, 0.17233254015964772, 0.7401452025506149, 0.17233275682543356, 0.8276672793294321, 0.4095955030412579, 0.25985480253829446, 0.25985479864986144, 0.23973230466624856, 0.7401451955530024, 0.2598547981831814, 0.17233272069955097, 0.2598547901961857, 0.33282838382743274, 0.17233253836470375, 3.360103517137465e-9, 0.17233270833282663, 0.17233268865869564]
w_opt: [0.7401451990752257, 0.4802904036814989, 1.3228989260339552e-9, 7.730212481080368e-10, 0.4802903967716085, 0.2598547954138101, 7.378459645861715e-10, 2.6721274536293914e-9, 0.1723325368143313, 1.9673655790254437e-9, 6.444827009369829e-10, 0.0729735774559666, 0.07297358143931479, 0.33282837095396317, 0.25985479798742445, 0.17233271930087277, 2.534205313973915e-9, 0.3328283748567229, 0.17233253805588625, 0.5678124811096159, 0.14974070492880764, 2.7971478495156263e-9, 0.4802903994316701, 0.3328283799482505, 2.6121112482861913e-9, 2.8429519194264332e-9, 0.17233270774931475, 2.121159878584399e-9, 6.287237056713734e-10, 3.5172206718137877e-9, 0.17233253917399285, 0.17233253913635016, 0.17233253632932274, 4.832583216595156e-10, 1.906790301788313e-8, 0.172332537690293, 6.96980523710171e-10, 1.045586833224145e-9, 0.2598548020160943, 6.700675984784235e-9, 1.252124375218301e-9, 6.274802553286757e-10, 1.4201799971398873e-9, 0.1723325297417864, 4.752943796330883e-10, 0.1723327550020433, 0.17233275426897793, 1.4506150125811828e-9, 0.1723327557498356, 0.172332718144212, 9.785276481046951e-10, 0.17233275628738126, 6.866686309290822e-10, 2.031692963225958e-9, 0.17233270773271592, 1.9313296984728526e-9, 0.7401451949184581, 0.08752210281619582, 1.521243241141994e-9, 1.9738118118214743e-9, 2.511872219223921e-9, 0.25985480182250037, 8.014641951074822e-10, 0.25985478830574477, 0.17233253725516823, 0.17233270731145608, 1.2912826349795512e-9, 4.755131753926084e-10, 1.0221477491368113e-9, 0.25985479757863506, 9.431735423230811e-10, 7.001985507523366e-10, 8.294648439421234e-10, 9.687761228765898e-10, 1.0700735052491931e-9, 5.048588603186173e-10, 0.25985479740855627, 1.6723943984497544e-9, 0.1723327042266848, 0.23973230413389537, 9.8174007372388e-10, 5.659584788300658e-10, 5.665235269601733e-10, 1.7408740321920646e-9, 6.683725654834167e-10, 0.25985478959342595, 0.25985478860780936, 0.17233268746967836, 0.17233253617971828, 1.2527756458926282e-9, 0.25985478921948946, 0.17233253488535533, 1.0988196773695784e-9, 0.17233270731034267, 0.1723326880811228, 6.686615962683555e-10, 5.857696949843776e-10, 0.17233253651687302, 2.616528132839434e-9, 0.17233268587735612]
v_opt: [0.40959550230965314, 0.7401452003781852, 0.5478149771804691, 0.06752452738907679, 0.05747158054457774]
solution time: 0.014129161834716797
McCormick lower bound: -6.24426102283093

