x_opt: [0.6353516081298063, 0.36464843775501005, 0.635351621689885, 7.910310151338707e-7, 0.6353515825581549, 0.1594503031484598, 0.887849978543319, 0.3646485688833732, 0.3646484674283382, 0.3646483507015658, 0.2286824176421552, 0.6353512760667344, 0.3646484190484624, 0.11215002813673118, 0.36464841306107815, 0.36464849039497715, 7.883686976645564e-7, 1.6251432427952236e-8, 0.11214999710230011, 0.11214994996321433]
w_opt: [0.6353516008211546, 0.2707031938231055, 3.5601898032233436e-9, 3.314723668568981e-9, 0.27070288600230136, 0.36464841065201853, 2.5334163796702107e-9, 6.00859289538141e-8, 7.823226978807052e-7, 1.0812814592844454e-8, 2.5029037862149326e-9, 6.116499893105096e-8, 7.679246549226435e-8, 0.3646483942025527, 0.3646483491065634, 0.11215002158633995, 1.949955011012858e-8, 0.36464843517923, 7.818992557746472e-7, 0.5232016019170466, 1.9204508066542715e-7, 1.4344222716732764e-9, 0.27070290892344917, 0.36464847768521597, 1.721377882850025e-8, 1.4934237124541828e-8, 0.11214999537828232, 1.033719304637974e-8, 1.4359521638584476e-9, 2.727796923602235e-8, 7.869514821979938e-7, 7.874405878155176e-7, 7.576099562703838e-7, 1.5850416636143389e-9, 1.364767215372869e-7, 7.858457168966318e-7, 2.8340687536839997e-9, 4.989987122603476e-9, 0.36464846541304363, 2.7568710480546534e-8, 9.47978675184815e-9, 2.4870228290563403e-9, 1.4223359616480095e-8, 7.340860221650399e-7, 1.764491273452809e-9, 0.1594502930281892, 0.15945029257098772, 5.0734448828364685e-9, 0.15945029996382304, 0.11215000212071298, 4.941012330881041e-9, 0.15945030181439823, 2.4288461792301305e-9, 1.127428266640142e-8, 0.11214999508961979, 1.194774935969596e-8, 0.6353512735296455, 0.25249879212531384, 1.2072082303401117e-8, 2.9169642397871255e-8, 3.9312945146819915e-8, 0.3646484651235066, 2.9982098498756413e-9, 0.36464840596884357, 7.827447092889433e-7, 0.11214999359170956, 4.0424311940394945e-9, 1.4274900504973705e-9, 2.0187129320735867e-9, 0.3646484177866318, 4.430361845142641e-9, 2.2874564623697697e-9, 3.807078538807717e-9, 5.285340193219078e-9, 6.035200132719672e-9, 1.5592274491466464e-9, 0.3646483490670273, 5.101247490271282e-9, 0.1121499835496575, 0.22868241638387946, 5.530452512259628e-9, 2.378185571345373e-9, 1.7003587248266098e-9, 6.521415608517286e-9, 2.472084767266289e-9, 0.3646484111313412, 0.3646482948967957, 0.11214994620941224, 7.810929077038444e-7, 7.640892934590783e-9, 0.3646484096964638, 7.664012546511308e-7, 4.253694141666824e-9, 0.11214999453881158, 0.11214994600698487, 2.6048755732892354e-9, 1.9674409617299863e-9, 7.753683061234396e-7, 1.4325068901537565e-8, 0.11214994192148278]
v_opt: [0.36464856694727005, 0.6353516188874032, 0.4036718676927364, 0.13296854522633095, 0.05229565998004877]
solution time: 0.012508153915405273
McCormick lower bound: -7.782939314194238

