x_opt: [0.2683445422791766, 0.10375706184734476, 0.8962462653941291, 0.10375630482210571, 0.8962417030547771, 0.10375704670276378, 0.8574292743158184, 0.8962453762016956, 0.8962399524925151, 6.228788269107489e-6, 0.10375452954691468, 0.7316554668318342, 0.10375708356736, 0.10375707107709514, 0.10375455505710644, 0.3264510711021892, 0.10375498391559206, 7.166425737077039e-8, 0.10375455414298834, 0.10375453020646713]
w_opt: [0.2683445326680076, 0.16458624926149493, 2.0228782290799055e-8, 1.015618993151318e-8, 2.200909082908464e-8, 0.1037569583022784, 2.5886802502772945e-8, 1.3233937348878797e-7, 0.10375496886329508, 5.350859230601631e-8, 5.761506422821487e-9, 3.333202944988116e-6, 8.302941106385641e-7, 0.10375697971451076, 6.216797536138635e-6, 0.10375702445286472, 2.79750942089597e-7, 0.10375705229245288, 0.10375625711065739, 0.7536755466061342, 0.7924917097442771, 4.092845740495385e-8, 0.6279018264119803, 0.32645100607130134, 1.2950094719436968e-6, 4.793148125903533e-8, 0.10375454364089502, 8.40675667235566e-7, 9.536377861297992e-9, 2.0785256267582115e-7, 0.10375628941743721, 0.10375629134211502, 6.115600484117838e-6, 1.0342437936364401e-8, 7.863949556402199e-7, 0.10375497571416524, 8.45343492828248e-9, 2.1115145318058103e-8, 0.8962399475262867, 2.446641034842355e-7, 8.411227474764784e-9, 1.1872375119741182e-8, 1.4508625983688032e-8, 0.10375453376367338, 1.0481172665912886e-8, 0.103757024499106, 0.10375685365414235, 2.8530554499326454e-8, 0.10375702280083178, 0.10375699855514472, 1.8122161433770453e-8, 0.1037570348446512, 1.6093484295130015e-8, 5.175978288560967e-8, 0.10375453808077437, 2.0984201136604774e-8, 0.7316554577307547, 3.3920139394974215e-6, 8.275618885275378e-9, 1.8233151843750344e-8, 1.338975301137284e-7, 0.8962399344661289, 2.1765578065178036e-8, 0.10375440308993156, 0.10375497323867397, 0.10375454506298194, 1.5228953028133324e-8, 9.021805029007113e-9, 0.6278954356312877, 0.10375706400563069, 1.573173930465875e-8, 8.848088642887236e-9, 1.3992797428484973e-8, 4.7036622669045495e-8, 4.5998191420898894e-8, 9.179586173416087e-9, 6.21242574569113e-6, 3.453571381991678e-8, 5.616192316725433e-6, 0.1037544643809664, 1.7018740126631543e-8, 8.100773580252586e-9, 2.9458732233405864e-8, 1.735631214985607e-8, 7.270810588358308e-9, 0.10375454672997415, 0.10375658049354346, 0.10375452112436855, 0.10375276599683657, 1.0737528698214852e-8, 0.10375454032647735, 0.10375422618421844, 2.4852501038269406e-8, 0.10375451476517902, 0.10375451404846665, 7.05957495151891e-9, 1.0284498268773898e-8, 0.10375449644299489, 5.8018697704526295e-8, 0.1037545107028708]
v_opt: [0.8962453682228937, 0.8962462586871445, 0.8032511123415894, 2.5871627489031306e-7, 0.01076501850895243]
solution time: 0.013362884521484375
McCormick lower bound: -2.8189511375031238

