x_opt: [0.790492816554231, 0.3164569138145663, 0.7904928172964606, 0.20950718031256782, 0.7904928165576609, 0.20950718108633937, 0.7904928175531255, 0.46875091567322635, 0.2676986681150449, 0.20950718316175548, 0.2048621596044316, 0.732301331979369, 0.2095071832454668, 0.2095071822900458, 0.20950718035626661, 0.3164569205886334, 0.20950717971275815, 2.916627550080983e-10, 0.20950717323146165, 0.20950717202482083]
w_opt: [0.7904928164124365, 0.5809856329525983, 1.5845083282845123e-10, 4.2797159180185494e-11, 0.522794148593218, 0.2095071829127364, 6.480970504040047e-11, 3.1088027993210716e-10, 0.20950717958536366, 1.7450313407108504e-10, 6.443035328844129e-11, 0.10694973116046767, 0.10694973100860831, 0.31645691343482785, 0.20950718304134616, 0.20950718217040404, 2.628369404425837e-10, 0.31645691376162177, 0.20950718012507857, 0.5809856348884812, 0.2592437330154466, 7.421952107673144e-10, 0.5227941495403379, 0.31645692021059224, 3.6074942096167844e-10, 2.4714117278873653e-10, 0.20950717318633666, 2.2517152983155785e-10, 5.556706543483737e-11, 3.22992744278864e-10, 0.20950718024186274, 0.209507180222832, 0.20950717956447357, 4.227561292625902e-11, 1.1892210499163192e-9, 0.20950717966860177, 5.308154676880719e-11, 9.088392972964215e-11, 0.2676986680774573, 4.6095111885707356e-10, 6.36317890699959e-11, 6.018110425317621e-11, 1.3826795104002033e-10, 0.2095071789391794, 4.0493469639171493e-11, 0.20950718089955436, 0.2095071808689125, 1.1503751320030629e-10, 0.20950718098323717, 0.20950718086257245, 1.0226387512307704e-10, 0.20950718103606206, 6.340079450560731e-11, 1.7394913937728696e-10, 0.20950717318014606, 1.7446785421071478e-10, 0.7323013319246392, 6.301039643310731e-9, 8.623150058773838e-11, 1.3304982464782374e-10, 6.029157032634096e-10, 0.2676986680577819, 6.796156205548857e-11, 0.20950718016657244, 0.2095071796340925, 0.20950717315102807, 1.0838177709588763e-10, 4.882175146424574e-11, 4.376139038414943e-10, 0.2095071831893647, 7.046337096804875e-11, 6.214043617487267e-11, 6.733872527562641e-11, 8.787498563120892e-11, 9.913730966715446e-11, 3.7563565358395524e-11, 0.20950718302060223, 1.7539020644403498e-10, 0.2095071728369513, 0.20486215955054712, 8.92750778413286e-11, 4.2538023402033396e-11, 4.5808716064058705e-11, 1.313678126869797e-10, 5.899502737689891e-11, 0.2095071802980647, 0.2095071820227754, 0.20950717192858856, 0.20950717924878018, 1.0196843661142969e-10, 0.20950718027252077, 0.20950717865938007, 8.766317301297678e-11, 0.20950717312943123, 0.2095071719716951, 5.614609117796952e-11, 5.4284998977550876e-11, 0.2095071711741527, 2.2749704095022697e-10, 0.2095071711876606]
v_opt: [0.4687509156176142, 0.7904928172188516, 0.6248788934172349, 0.043893262484768804, 0.04196854505677749]
solution time: 0.012324094772338867
McCormick lower bound: -5.660668145394298

