x_opt: [0.6143282025370485, 0.26203216922674766, 0.8937982953268709, 0.10620170517218697, 0.7379677609230442, 0.26203216626710046, 0.737967830634431, 0.8937982898508645, 0.6143282017234017, 0.10620168647516602, 0.10620171019465509, 0.38567179922279365, 0.26203216660127115, 0.26203216887863623, 0.10620171217714126, 0.2726411596282065, 0.10620170475687915, 7.794059130158179e-10, 0.1062017093953098, 0.10620170780922601]
w_opt: [0.614328202419428, 0.35229596358316206, 2.097380976929742e-10, 1.8843154080090375e-10, 1.899316968044512e-9, 0.26203216566438303, 2.75206242458761e-10, 9.267252440593889e-10, 0.10620170447279098, 4.774195703272973e-10, 1.1671580287085345e-10, 0.15583046464611794, 1.3999480046051553e-9, 0.2620321683902937, 0.10620168639269173, 0.2620321682561687, 1.3201783251459566e-9, 0.26203216910078414, 0.10620170466053601, 0.6317661261021666, 0.7875965855117285, 1.8999910037944604e-10, 0.27947009523769506, 0.27264115899606606, 7.540699814362907e-10, 5.598126002769032e-10, 0.1062017092099225, 3.5808079093671065e-9, 1.182160459488168e-10, 8.301804797753623e-10, 0.10620170489036164, 0.10620170497842013, 0.10620168568469154, 1.678971833875884e-10, 2.864371498045408e-9, 0.10620170454657578, 1.6395387614989565e-10, 3.2349557992176704e-10, 0.6143282016175372, 9.392157345691585e-10, 1.2122482940890163e-10, 1.9235588127813197e-10, 2.2420835651012513e-10, 0.1062017024388058, 1.6440930928690608e-10, 0.26203216587523215, 0.2620321653340153, 3.419053469230133e-10, 0.26203216600793366, 0.2620321653561034, 2.3803059092463593e-10, 0.26203216608309904, 2.1729241404309667e-10, 4.588446106430594e-10, 0.10620170913467511, 2.6836864418828067e-10, 0.38567179902968074, 1.2958659121497543e-8, 1.5770346956533554e-10, 2.759396875599556e-10, 7.883239384857981e-10, 0.6143282014950774, 3.445355742316083e-10, 0.10620171138636152, 0.10620170452154733, 0.10620170922772473, 1.7897702667361056e-10, 1.3940434586011768e-10, 1.6058290964369077e-9, 0.26203216642606547, 2.7439347379277187e-10, 1.4841388549410119e-10, 2.351998062469103e-10, 5.272209522145003e-10, 4.817531484919907e-10, 1.5552787871467904e-10, 0.10620168631034554, 3.0284482073892967e-10, 0.10620168487689371, 0.1062017098631467, 2.1975747216096031e-10, 1.591591011304757e-10, 3.491293414376411e-10, 2.824057349457876e-10, 1.2983247338128128e-10, 0.10620171204035468, 0.262032164593111, 0.1062017076327531, 0.10620170332347827, 2.048742342491457e-10, 0.10620171194596312, 0.10620170334194635, 2.6699625573076483e-10, 0.10620170913936833, 0.10620170759570913, 1.2734431319361744e-10, 1.571418235403144e-10, 0.10620170435393292, 5.715537979147837e-10, 0.10620170766989709]
v_opt: [0.8937982896903981, 0.8937982951824249, 0.5445964307750304, 0.011278803448194381, 0.011278837641157351]
solution time: 0.04125499725341797
McCormick lower bound: -3.2810420773235065

