x_opt: [0.6353512408204797, 0.3646490687657358, 0.6353512459757956, 6.895369859555601e-6, 0.635351190751032, 0.15945266172927558, 0.8878489987921794, 0.36464959791907475, 0.3646493153644527, 0.3646487246395128, 0.22867470445348423, 0.6353506589580483, 0.36464879867687294, 0.11215102135238421, 0.36464877646494626, 0.3646493188726125, 6.865857857021479e-6, 3.9010637237856286e-8, 0.1121455984549501, 0.11214487658828023]
w_opt: [0.635351226148735, 0.27070243687145534, 9.866643867363108e-9, 8.329789052451077e-9, 0.2707019054800794, 0.36464877579007354, 6.529082868535214e-9, 7.687117101091813e-8, 6.8513088241450415e-6, 2.443701699724458e-8, 6.737350537311163e-9, 3.198221036501839e-7, 3.104991531032415e-7, 0.3646490080305475, 0.36464871844829305, 0.1121510064823001, 3.62428742548826e-8, 0.36464906230315236, 6.8749468156315555e-6, 0.523200249615101, 8.489247806236713e-7, 1.6834934399381557e-8, 0.27070193205361537, 0.36464928776100014, 2.909708694025981e-8, 3.461194553389906e-8, 0.11214559312435407, 1.8148048888385916e-8, 4.846815106701807e-9, 4.419393371640506e-8, 6.885743263947926e-6, 6.886204871464203e-6, 6.851952736387937e-6, 4.724936528380744e-9, 2.635767702454921e-7, 6.858553551598474e-6, 7.281324119104732e-9, 1.1765407554921241e-8, 0.36464931020012503, 5.371614191381711e-8, 1.152542931761487e-8, 6.544155122395773e-9, 1.8012399540565502e-8, 6.77064730659635e-6, 4.6604507325545464e-9, 0.15945263910867863, 0.15945263928254688, 1.2299710579839016e-8, 0.15945265245391313, 0.11215099603803846, 1.1591914228974586e-8, 0.15945265677201628, 6.720308193619002e-9, 2.511420266858583e-8, 0.11214559242629447, 2.3859931236466417e-8, 0.6353506521547942, 0.25249838434120686, 2.8915284676689873e-8, 3.050243410440867e-8, 2.9232718870243996e-8, 0.36464930910450544, 7.778582094528856e-9, 0.3646487575879017, 6.853814686477436e-6, 0.1121455888868119, 1.0154004781464061e-8, 4.586837888948509e-9, 9.47787835220548e-9, 0.3646487936812967, 1.0072100094858946e-8, 6.413375295440992e-9, 8.982011944276162e-9, 1.1384709407846704e-8, 1.2590060839752237e-8, 4.859319054204533e-9, 0.3646487192156233, 1.3508858589285116e-8, 0.11214553767738247, 0.2286746998328114, 1.1849914320338619e-8, 5.853631784679218e-9, 5.411881622548379e-9, 1.6965285099676318e-8, 6.755933275275834e-9, 0.3646487706210209, 0.364648613939401, 0.11214486592282012, 6.847462916708957e-6, 1.4631466005075306e-8, 0.3646487676198957, 6.824155223166312e-6, 1.0864309425560754e-8, 0.11214558968844972, 0.11214486934789575, 6.5064975081826e-9, 5.868322094865222e-9, 6.8127715799390145e-6, 3.2579016734956216e-8, 0.11214486899781363]
v_opt: [0.36464959179837564, 0.6353512373346951, 0.4036712502626617, 0.13296888224972692, 0.052292123786630965]
solution time: 0.015395879745483398
McCormick lower bound: -7.094839364905855

