x_opt: [0.7477733391151682, 0.25222670146887094, 0.7477733390137596, 0.2522266513090633, 0.74777333566931, 0.2522266577538133, 0.747773341493121, 0.6813375272538097, 0.3435616444692979, 0.25222666144229383, 0.1956706043504758, 0.6564396532208421, 0.2522266623766622, 0.25222665837212527, 0.25222665443683595, 0.25577792747555433, 0.25222665099272873, 5.835497241992061e-10, 1.1978435969372741e-8, 1.5207718620472885e-9]
w_opt: [0.7477733388586721, 0.4955466748253965, 3.30295455407418e-10, 1.43142296373272e-10, 0.40421299244670833, 0.25222666190799964, 1.2142103635667334e-10, 2.602733822742257e-10, 0.2522266507719337, 3.4764044844733524e-10, 1.242334172536781e-10, 4.053873278554574e-8, 3.727789126999175e-8, 0.252226700883416, 0.2522266608717225, 0.25222665815220735, 4.675922485913721e-10, 0.25222670140086134, 0.2522266510046671, 0.49554668059508195, 0.42911086635174206, 5.237299697652535e-10, 0.40421299266677846, 0.25577792701529806, 2.8748588543253437e-10, 5.069312760431343e-10, 1.189643620749198e-8, 2.3337876575481477e-10, 7.682197255898459e-11, 3.9941687335853544e-10, 0.25222665118188925, 0.2522266511266314, 0.25222665089065516, 8.638798143481906e-11, 1.925538370698482e-9, 0.2522266508857689, 1.0565903151554568e-10, 1.882564225199314e-10, 0.34356164439544046, 3.819514127314122e-10, 1.1000603656283734e-10, 1.253707422356793e-10, 1.8096818809913073e-10, 0.2522266496068538, 7.508377140575928e-11, 0.252226657294271, 0.2522266573964739, 1.8509973231114382e-10, 0.252226657535924, 0.2522266549201973, 2.026418401979538e-10, 0.2522266576679556, 1.2065861101551732e-10, 3.4179474333909894e-10, 1.187259754862775e-8, 2.1308687426017046e-10, 0.656439653095727, 1.3783248637750573e-8, 1.315137156979355e-10, 2.113789415258343e-10, 2.798107425456517e-10, 0.34356164437334413, 1.238114382843261e-10, 0.25222665411369716, 0.25222665083682455, 1.183579708192977e-8, 1.3690693643021616e-10, 1.055122994455279e-10, 1.2977586672823014e-6, 0.2522266622690211, 1.3183127999824582e-10, 1.1356821428811064e-10, 1.368234974731624e-10, 1.595050172627255e-10, 1.8657131372476364e-10, 8.017516875491266e-11, 0.2522266608937049, 2.217208640066888e-10, 1.1302837659093194e-8, 0.19567060426683627, 1.6884038212941317e-10, 8.092492932048395e-11, 9.630602229244928e-11, 2.61064427835452e-10, 1.1481620219160413e-10, 0.25222665433299757, 0.25222666157174256, 1.3578691533029373e-9, 0.2522266506374508, 1.712935031712314e-10, 0.2522266543395479, 0.2522266502033899, 1.4887777850908599e-10, 1.178021451091995e-8, 1.4111223746705099e-9, 1.0332652893064525e-10, 1.1187606722762839e-10, 1.2434847135028241e-9, 4.549777590020694e-10, 1.4388269269826745e-9]
v_opt: [0.6813375271656968, 0.7477733388774248, 0.5591649664955595, 0.06361829104462512, 0.03828730733963691]
solution time: 0.01453399658203125
McCormick lower bound: -6.57325588580314

