x_opt: [0.7774410679324314, 0.15681569643758253, 0.8431843265579314, 1.7353912114141304e-6, 0.7302832106351228, 0.2697167384180149, 0.8431842789627004, 0.7705487532448048, 0.5092844817560913, 0.15681567500674767, 0.1994527662289902, 0.49071552192963475, 0.2697167805468822, 0.15681572047623615, 0.26971659296157274, 0.2697167504849038, 1.7356197420110493e-6, 5.7298116637668226e-9, 0.15681445234029345, 0.1568144505693938]
w_opt: [0.7774410670670807, 0.5077242776805405, 1.5644423912973142e-9, 1.7632375701107454e-9, 0.2681565908140681, 0.2697167748938106, 1.688871469065172e-9, 0.047157668605843424, 1.733398878947279e-6, 3.497944385400472e-9, 1.120313521184524e-9, 2.37029586496943e-8, 7.381057969330979e-9, 0.1568156893252808, 0.15681567367813443, 0.15681569321330027, 1.2450534485169898e-8, 0.15681569547022256, 1.731823674501293e-6, 0.6863686067372409, 0.6137330812101129, 4.7469935451677e-9, 0.3338998534184007, 0.26971674619821945, 4.416081464492944e-9, 4.562833227234365e-9, 0.15681445106474426, 2.8911932512566086e-9, 7.96956588284846e-10, 5.383516629736235e-9, 1.7332526786105198e-6, 1.7338151327681704e-6, 1.72386792715921e-6, 1.2784486700837582e-9, 2.009079466259246e-8, 1.7333996670609804e-6, 1.3499116715791946e-9, 2.820342636715293e-9, 0.5092844808113987, 5.276034614005625e-9, 9.057918717000996e-10, 1.7334015601492459e-9, 1.8158233461647774e-9, 1.7202846748647973e-6, 1.2639881294555725e-9, 0.26971673455753753, 0.269716732666226, 2.265018728768738e-9, 0.26971673689920383, 0.15681571616039855, 2.286280326921043e-9, 0.26971673692750453, 1.5855856109041053e-9, 3.3063096940199915e-9, 0.15681445021389656, 2.289570530926516e-9, 0.49071552009851405, 0.11290112259432855, 1.5143001609329637e-9, 2.6054284836323408e-9, 4.848856687599615e-9, 0.5092844803919251, 1.4983197208892773e-9, 0.2697165885892466, 1.733454863430462e-6, 0.15681445096217256, 1.3784488875045898e-9, 1.1059078927715256e-9, 6.030050530515983e-9, 0.26971677945228745, 2.4335958185853528e-9, 1.1599897979735251e-9, 1.889433473080137e-9, 4.567160126328732e-9, 3.9715076997903934e-9, 1.2723064859239732e-9, 0.15681567332024388, 1.9514945265313177e-9, 0.15681443891873292, 0.19945276473064094, 1.7780418908913414e-9, 1.38236067127788e-9, 2.2123835999493138e-9, 2.257166481756419e-9, 1.0800488990568928e-9, 0.26971659201258325, 0.26971672043214173, 0.15681444910058648, 1.7296205988330178e-6, 1.9603867239519095e-9, 0.2697165914211311, 1.7255849336229897e-6, 1.7702688059912377e-9, 0.15681445065218264, 0.15681444873853467, 1.0692185877461412e-9, 1.2188878590439336e-9, 1.732610056321611e-6, 4.382477270107454e-9, 0.15681444897517646]
v_opt: [0.7705487522165058, 0.8431843252936663, 0.5333136092367401, 0.02459115952821763, 0.03978140950451317]
solution time: 0.01526188850402832
McCormick lower bound: -4.26470134580732

