x_opt: [0.7495387791295255, 0.25046122276346644, 0.7495387797877763, 0.2504612140804757, 0.7495387784237466, 0.25046121066864846, 0.7495387864916961, 0.7061412139196771, 0.3793773631956479, 0.2504612206179467, 0.1760560491965082, 0.6609742240675125, 0.25046122097418366, 0.250461213523452, 0.25046121836221175, 0.25046122736881143, 0.25046121343275823, 1.0071579083699205e-9, 1.853736479923667e-8, 1.7029799214152574e-8]
w_opt: [0.7495387788757621, 0.49907755788629504, 4.680575821969211e-10, 3.013816499499786e-10, 0.41051300341026914, 0.2504612200121544, 2.1034837737296989e-10, 9.205680648723474e-10, 0.25046121299983853, 5.894601108085012e-10, 2.7749771103065485e-10, 2.6640123863846358e-9, 2.672591367217143e-9, 0.2504612215956852, 0.2504612202742147, 0.25046121287713885, 9.929868911273255e-10, 0.25046122259364756, 0.2504612134761063, 0.4990775663715314, 0.455679993799254, 1.0201790417496292e-9, 0.4105130046658797, 0.2504612264836601, 7.925889014272144e-10, 8.598564755057934e-10, 1.837425091139412e-8, 5.057449431647017e-10, 1.5559942240837336e-10, 7.832432818027668e-10, 0.25046121382695447, 0.25046121371051927, 0.2504612127299894, 1.7716446131269546e-10, 3.783785158675971e-9, 0.25046121325749754, 2.0450367767157162e-10, 3.901676437599918e-10, 0.3793773630468455, 1.1359244090724356e-9, 2.770672734299068e-10, 2.724947213580852e-10, 4.3278781324089785e-10, 0.2504612106481328, 1.5250727359246901e-10, 0.25046120967526747, 0.25046120995944465, 3.606627033802681e-10, 0.25046121029387647, 0.25046120980938735, 4.2763829498361525e-10, 0.2504612104487368, 2.458871921814542e-10, 5.756622596002309e-10, 1.831807033750063e-8, 5.045020762286067e-10, 0.6609742238033789, 2.624625968273859e-8, 3.404546626190338e-10, 4.242023461497595e-10, 6.113474999253474e-10, 0.37937736300552494, 2.5025752459145494e-10, 0.2504612177072539, 0.25046121312585706, 1.8256767244306488e-8, 2.839962056729566e-10, 2.211406766030779e-10, 0.040351587574013595, 0.2504612207412057, 2.66697373943666e-10, 2.270143707618194e-10, 2.633045514386917e-10, 3.768980405220133e-10, 3.884037234582447e-10, 1.639068676259347e-10, 0.2504612202162228, 4.281976759964369e-10, 1.7193142572450495e-8, 0.1760560492769183, 3.139063224447031e-10, 1.706980156876281e-10, 1.9921295696218947e-10, 5.210949600548805e-10, 2.2274737828155168e-10, 0.250461218141388, 0.2504612166389812, 1.667920647461369e-8, 0.250461212161545, 3.951691287882193e-10, 0.25046121807788635, 0.25046121204360794, 2.7431998863665363e-10, 1.8138267197198464e-8, 1.6779646009393723e-8, 2.0675578605788812e-10, 2.188503820688285e-10, 1.640350646430319e-8, 7.810424262515589e-10, 1.6786124672253e-8]
v_opt: [0.7061412137474569, 0.7495387794345548, 0.5618083814757041, 0.06273082339551318, 0.030995733252239015]
solution time: 0.014470815658569336
McCormick lower bound: -6.632905371139517

