x_opt: [0.7990037976404597, 0.2009963193638148, 0.7990038026957885, 0.2009961724939573, 0.7990037918930583, 0.20099619324297166, 0.7990038058770104, 0.5453355282792283, 0.2825228797625209, 0.20099620042430852, 0.19334184336788104, 0.7174771718473506, 0.20099620382326658, 0.20099619304965433, 0.20099609735772808, 0.33650229356910255, 0.20099616810315787, 5.180540989866913e-9, 0.2009960590048079, 0.2009960536823326]
w_opt: [0.7990037963782746, 0.5980075904306902, 2.2207838344489696e-9, 1.290547225549131e-9, 0.5164809705897797, 0.20099619863529575, 1.300117429622107e-9, 3.4607387219654377e-9, 0.20099616577913187, 2.9893553566973955e-9, 1.1301983393692207e-9, 1.2295472726143092e-7, 1.1703078811646045e-7, 0.20099631348175795, 0.200996199060469, 0.20099619059483004, 4.171799453423786e-9, 0.20099631848037328, 0.20099616917087185, 0.5980076093155636, 0.34433933200310834, 6.4476689182360895e-9, 0.5164809790512827, 0.33650228798574144, 3.693359548462349e-9, 4.301564103034735e-9, 0.200996058107265, 2.4693064696858862e-9, 9.72633479279569e-10, 4.5843777971866235e-9, 0.20099617115235477, 0.2009961706867059, 0.20099616605620196, 8.476266197440686e-10, 2.1334307380267255e-8, 0.20099616719843372, 1.0065138529740661e-9, 1.7622825105056649e-9, 0.28252287903646556, 6.791336317538012e-9, 1.6510765349800286e-9, 1.1927140231701439e-9, 1.9826986176747687e-9, 0.20099615304987656, 7.621566327126109e-10, 0.20099618969640468, 0.2009961892583796, 2.149631186330345e-9, 0.20099619104951424, 0.20099618690691995, 1.7042626795088636e-9, 0.20099619218705483, 1.2152877668401488e-9, 3.0217479630021865e-9, 0.20099605799027156, 2.64333891502987e-9, 0.717477170745253, 1.3316104141046335e-7, 1.6149768564368817e-9, 2.0479689920258825e-9, 3.821233475780992e-9, 0.2825228786350278, 1.243792677029593e-9, 0.20099609378491742, 0.20099616662792524, 0.20099605751437338, 1.8084623045379948e-9, 9.666750130420073e-10, 5.3116658738104975e-8, 0.2009962026088538, 1.2842637578864665e-9, 1.1578343518123015e-9, 1.2613443424847302e-9, 1.6644448952967032e-9, 1.7478543480498022e-9, 7.715214405394797e-10, 0.2009961988944709, 2.7219391206704667e-9, 0.2009960510132797, 0.19334184234826463, 1.5178163375977751e-9, 8.251812812414298e-10, 9.536775992375457e-10, 2.6219485759599365e-9, 1.067879172060124e-9, 0.20099609620384415, 0.20099618827121657, 0.2009960518233404, 0.20099616386722052, 1.7970652034631138e-9, 0.20099609574643032, 0.20099609164175905, 1.5839429641227525e-9, 0.20099605684126798, 0.2009960526547568, 1.0179583325268162e-9, 1.0425370733070009e-9, 0.2009960502485156, 3.90601282094171e-9, 0.20099605235833323]
v_opt: [0.5453355272672666, 0.7990038012956883, 0.6384070616054943, 0.040399478822562604, 0.03738107057752628]
solution time: 0.014549970626831055
McCormick lower bound: -5.3917950028012855

