x_opt: [0.6482181032911996, 0.3517837126544842, 0.6482180791539627, 1.0717009283345969e-6, 0.6482181238785987, 0.14800934224141443, 0.8742085234389981, 0.38256458666442095, 0.35178184195203316, 0.35178182996126256, 0.2608313526443284, 0.6482171204401541, 0.3517818300990727, 0.1257915154055363, 0.35178178172447755, 0.3517840866083771, 1.0639645102750465e-6, 8.31000260293573e-8, 0.1257913351642858, 0.12579105785647834]
w_opt: [0.6482180625405269, 0.2964362322473605, 2.3676359845887532e-8, 8.935892371008901e-9, 0.29643522958269447, 0.35178179956042505, 1.0802849972341336e-8, 2.0400325390004188e-7, 1.0443555059243124e-6, 5.986389464865756e-8, 7.951135599124882e-9, 1.7971239876342295e-6, 2.039888992906618e-6, 0.3517834785453579, 0.35178182469613273, 0.125791498667157, 1.1731968960886028e-7, 0.3517837047445591, 1.0399007621071844e-6, 0.5224266080897193, 0.030782670981067618, 1.7120044523835547e-8, 0.2964352504639328, 0.3517840038288405, 7.030952193664745e-8, 7.712720234422388e-8, 0.12579132834087084, 4.276173321335895e-8, 5.437988669433149e-9, 1.589015863338232e-7, 1.0543625635484592e-6, 1.0542629899624155e-6, 1.0111483275106008e-6, 5.166348411457874e-9, 4.172767824351192e-7, 1.0549131249385976e-6, 1.057079230478139e-8, 1.9615910889797417e-8, 0.3517818352600697, 3.6344403543176525e-7, 8.0888110162293e-9, 7.838648631637937e-9, 3.4762375161973095e-8, 9.196085002127378e-7, 6.768372218870373e-9, 0.1480093104116625, 0.14800929502930602, 2.7871430649146248e-8, 0.1480093336440403, 0.12579147202245447, 1.871774197751097e-8, 0.14800933754043058, 8.507559042214535e-9, 6.310581443252763e-8, 0.12579132942865415, 6.13550072814393e-8, 0.6482171135782234, 0.22599645379490887, 4.862196843296673e-8, 3.447946619795797e-7, 4.683655870446084e-7, 0.35178183481679776, 1.1548052651771572e-8, 0.3517817670183164, 1.0451163990224746e-6, 0.12579131887311246, 1.5420207608262643e-8, 4.801508576022063e-9, 7.607967676887994e-9, 0.3517818225079058, 2.1091588797324053e-8, 7.59808609936838e-9, 1.5661611737007063e-8, 1.762526874882479e-8, 2.8332924301252147e-8, 6.685605078278293e-9, 0.35178182308624034, 2.8150220568305587e-8, 0.12579125334681177, 0.26083134778017825, 2.353720147513172e-8, 7.125022530494121e-9, 7.048902561813807e-9, 3.864992634058135e-8, 8.488256195678764e-9, 0.3517817750213772, 0.35178098681912673, 0.1257910484053233, 1.0366192571720115e-6, 2.7180494053319137e-8, 0.35178177255824633, 9.900118234527146e-7, 2.39091619261619e-8, 0.12579132821540037, 0.12579104122615456, 8.45215823369416e-9, 6.688749873089299e-9, 1.0402024599941807e-6, 7.554289958672896e-8, 0.12579098278315445]
v_opt: [0.3825645778592028, 0.6482180669958089, 0.42018713379057976, 0.12375051722619651, 0.06803303880869019]
solution time: 0.017891883850097656
McCormick lower bound: -6.717730063763964

