x_opt: [0.7999983396471129, 0.18061492334279183, 0.8193851321228259, 0.1806149213464476, 0.8193850738748245, 0.18061094381991152, 0.8193852164909712, 0.8756414909998539, 0.6950433044992327, 0.18061489574795617, 0.06770347581442747, 0.8147205019766381, 0.18061488742086437, 0.18061478050544585, 0.18061481673167973, 0.18061492933783876, 0.1806148592479936, 1.1877992563576306e-8, 0.18061089288204946, 0.12435852479490526]
w_opt: [0.7999983368521749, 0.6193834155301566, 3.911926451039696e-9, 3.05826589153344e-9, 0.6147188443385958, 0.18061487185722644, 2.782467891267832e-9, 8.053359526973264e-9, 0.1806148539024213, 6.797471374494512e-9, 2.7709771174216783e-9, 5.762058606724242e-8, 2.5766048500261496e-8, 0.18061491051405465, 0.18061489089088956, 0.1806147743537172, 1.0387462682824517e-8, 0.18061492086095052, 0.18061491319847972, 0.6387703504649732, 0.6950266259021632, 3.486547321633024e-8, 0.6341056462639589, 0.18061491627751944, 1.1518055018421442e-8, 9.651322817331806e-9, 0.18061089079300974, 5.19067021157615e-9, 3.081442300291896e-9, 1.0589597937772367e-8, 0.18061491842661556, 0.18061491677158567, 0.18061487785484978, 2.160906530279073e-9, 4.926395647621429e-8, 0.18061485737222321, 2.2300265749279387e-9, 4.324660807695253e-9, 0.6950433029513851, 1.4220444943057112e-8, 3.4155602374198305e-9, 2.8494201898946897e-9, 4.95841288111066e-9, 0.18061481745058314, 1.7950396425886325e-9, 0.1806109341609519, 0.18061093424780825, 4.963196924877351e-9, 0.18061093910203632, 0.18061093655125407, 4.276016664794288e-9, 0.18061094086727272, 3.191229546621299e-9, 6.798143039496006e-9, 0.18061089026712035, 5.828339041367736e-9, 0.8147204992860592, 3.512394371149558e-7, 3.5893723639880803e-9, 4.277158931003734e-9, 8.597153278724268e-9, 0.695043301744258, 2.8997545567226117e-9, 0.18061480651423487, 0.18061485614970232, 0.18061088958868057, 2.0970722835753457e-8, 2.8570226304316465e-9, 0.5097638108241939, 0.18061488361359232, 2.769815870352551e-9, 2.843350141966566e-9, 2.8843164283336854e-9, 4.210056309665219e-9, 4.265506619251009e-9, 1.8574817955129658e-9, 0.18061488309711773, 7.213214094701027e-9, 0.18061087302677598, 0.06770347308944573, 3.520200234023668e-9, 1.8324621857112165e-9, 2.536000922623025e-9, 6.568312916760456e-9, 2.5180143308709274e-9, 0.18061481321780548, 0.18061483366319495, 0.12435852054873658, 0.18061476919786615, 3.9396255036219855e-9, 0.18061481266746168, 0.18061480058885876, 3.5844450328842526e-9, 0.18061088686385154, 0.12435852215656394, 2.3463357596096106e-9, 2.6705705052185613e-9, 0.12435851626064848, 8.723092766617864e-9, 0.12435852237407298]
v_opt: [0.8756414887808145, 0.8193851290126122, 0.6713921717401999, 0.03262187849292802, 0.004583767394933198]
solution time: 0.01587200164794922
McCormick lower bound: -4.841585071745647

