x_opt: [0.7530156875667647, 0.24698428595821442, 0.808730755754967, 0.0011851569830860541, 0.7530157026763163, 0.24698426942361273, 0.7530157287019283, 0.7561985948530972, 0.5005887317459691, 0.1912692387264429, 0.22176941221684468, 0.49941126609351427, 0.2469842752418051, 0.24698426367773166, 0.1912695841182663, 0.24698432119564376, 0.001185153150232526, 1.2988207544754728e-8, 0.1912695706614255, 0.19126956795358452]
w_opt: [0.75301568515125, 0.5060313914791478, 3.5404122471401426e-9, 2.7503089877744996e-9, 0.25242695592560765, 0.24698426128145876, 5.699889065460479e-9, 1.1091023092397114e-8, 0.0011851472738064884, 7.641960627157657e-9, 1.8006479749208576e-9, 0.05571504433462187, 6.328954162469522e-8, 0.24698426887177308, 0.1912692356555779, 0.24698425848098568, 1.2753174705798969e-8, 0.24698428286726132, 0.0011851470487474433, 0.561746486469124, 0.5649293554900324, 7.364229861103113e-9, 0.30814203309384286, 0.24698430397136267, 8.90178163671666e-9, 9.148037947493462e-9, 0.19126956724320943, 3.296988204288739e-7, 3.0295223529247953e-9, 2.031673859104777e-8, 0.0011851514783376618, 0.0011851534099619429, 0.0011851380381252903, 2.2637956823208068e-9, 7.081729705729795e-8, 0.001185149358151119, 2.796404586245628e-9, 4.330569341110715e-9, 0.5005887297666249, 2.7044070638896415e-8, 3.588451276551195e-9, 2.6595995922254255e-9, 4.154257365099269e-9, 0.0011851130988382703, 2.429882948207709e-9, 0.2469842641468005, 0.2469842519937337, 8.251971265791938e-9, 0.24698426408941648, 0.24698425064970847, 3.2732321039496966e-9, 0.24698426676778001, 3.1560801122078286e-9, 7.86220615938349e-9, 0.19126956773210851, 5.807983765558674e-9, 0.49941126363298627, 4.872381977989271e-7, 4.3648854272607094e-9, 5.260659486827426e-9, 1.852521600913732e-8, 0.5005887270766342, 3.220297703034286e-9, 0.19126957301312558, 0.0011851488392693177, 0.19126956712859916, 5.32971284866683e-9, 1.8014750600118773e-9, 5.2742994841234784e-9, 0.24698427244638846, 4.4957419628704496e-9, 2.669359272572404e-9, 3.5107460859397602e-9, 4.913133375109552e-9, 5.383498180125695e-9, 2.1574553145109237e-9, 0.19126923557721112, 7.417193994053149e-9, 0.1912692074379937, 0.2217694075090513, 3.6036121399608116e-9, 2.541373158927699e-9, 3.189443421245633e-9, 5.215428285406522e-9, 2.2315826993385077e-9, 0.19126958179381862, 0.24698419338467872, 0.1912695643764158, 0.0011851338715204661, 3.6571594317981583e-9, 0.19126957887930696, 0.00118513598817947, 5.397797743987059e-9, 0.19126956511843712, 0.19126956554923438, 2.355830586341124e-9, 2.304155577614529e-9, 0.0011851460005569648, 9.19291780482139e-9, 0.19126956309091073]
v_opt: [0.75619859127862, 0.8087307529134138, 0.5670326748716269, 0.0365845808205105, 0.0491816745883135]
solution time: 0.014123916625976562
McCormick lower bound: -3.4048129218048615

