x_opt: [0.7186822108210112, 0.28131777416108056, 0.7186822279738776, 2.275838822745084e-6, 0.7186821817377854, 0.23284913146192857, 0.7671508728177626, 0.6320047052992258, 0.4526589134265756, 0.2813177724916631, 0.2120197272053045, 0.5473410851506109, 0.28131781643952547, 0.23284912767776753, 0.28131781337255807, 0.28131781330115385, 2.2754799658625063e-6, 2.829478796304242e-9, 0.12460246509017185, 0.12460246331671247]
w_opt: [0.7186822103730557, 0.43736439302477254, 7.950845381320372e-10, 9.325297278084124e-10, 0.2660232964590661, 0.28131781401763206, 7.407105150425923e-10, 3.2299710356131295e-8, 2.274331772699129e-6, 1.7255557919008685e-9, 6.28159067445705e-10, 2.531468851413896e-9, 4.771360905521862e-9, 0.2813177703808288, 0.28131777170221567, 0.23284912619615825, 5.492895755330564e-9, 0.2813177736576745, 2.2740970467512492e-6, 0.4858331013954801, 0.35068693383896726, 2.0746697008983373e-9, 0.2660233154281149, 0.2813178111933632, 2.5071728178763253e-9, 2.338962914544173e-9, 0.1246024644917633, 1.6533157058725503e-9, 3.88041120863892e-10, 2.694866326503569e-9, 2.2747687597773794e-6, 2.274994246034541e-6, 2.269615663106272e-6, 5.985700135960364e-10, 1.3233001694610533e-8, 2.2745865018799116e-6, 6.941403298613884e-10, 1.4608302262995238e-9, 0.4526589129047166, 3.08421177557484e-9, 5.111808111629961e-10, 8.628703578269815e-10, 1.1086755147277599e-9, 2.26825000003856e-6, 6.042550033102794e-10, 0.2328491293646229, 0.23284912890167134, 1.0803071406665587e-9, 0.23284913071047136, 0.2328491230537058, 1.2236251683787955e-9, 0.23284913086067205, 7.376690143950405e-10, 1.633406820089639e-9, 0.12460246410994649, 1.2676693129180836e-9, 0.5473410842054544, 0.04846871935966477, 1.2031022143447184e-9, 1.5094870369956564e-9, 2.2781503112898e-9, 0.45265891281718434, 7.639667998175062e-10, 0.2813178115284808, 2.27425436386962e-6, 0.12460246434725962, 6.905808032226044e-10, 5.226156329340048e-10, 1.1518545874834795e-9, 0.2813178159580921, 1.2801345443765131e-9, 5.838991479002423e-10, 9.397639962482244e-10, 2.007134444400424e-9, 1.8269474524647776e-9, 6.113143319378973e-10, 0.2813177717710482, 9.223814246320083e-10, 0.12460245930093532, 0.21201972659911492, 9.080994958202506e-10, 7.229169063019723e-10, 8.662737507547491e-10, 1.1341112155704354e-9, 5.620113886720285e-10, 0.2813178128639182, 0.2813177908578583, 0.12460246252148732, 2.2731545065899326e-6, 1.1416816003021284e-9, 0.28131781124204946, 2.2706205742594777e-6, 8.389460155856323e-10, 0.12460246427068311, 0.12460246239936777, 5.667932084597561e-10, 5.903374678435992e-10, 2.2739800892900095e-6, 2.2081400224555256e-9, 0.12460246251111386]
v_opt: [0.6320047047839815, 0.7186822272663146, 0.5165040938520032, 0.07913973271797081, 0.04495236666336264]
solution time: 0.01644420623779297
McCormick lower bound: -5.312956703331992

