x_opt: [0.6250346583718223, 0.37496535198459097, 0.6250347664819503, 0.023392869300580193, 0.6250347353424248, 0.14565428696246993, 0.854468820767496, 0.37496574011718614, 0.3749654566450715, 0.3749652123510131, 0.18204293014195347, 0.6250345241657046, 0.374965266418562, 0.14553119962373956, 0.37496524531472053, 0.3749654548552131, 0.023392859120002617, 2.7184921540862743e-8, 0.07933370332735866, 0.07933355700383814]
w_opt: [0.6250346476855791, 0.2500693984663242, 7.76296345639632e-9, 7.70818536867452e-9, 0.2500691875484781, 0.374965245396739, 5.913887204627314e-9, 3.651307840357234e-8, 0.023392847517925818, 1.6538571696040132e-8, 6.847229244515256e-9, 1.2271314413449437e-7, 1.3414895490116728e-7, 0.3749653110052436, 0.37496520500293334, 0.14553118426708006, 2.6723945548790298e-8, 0.3749653457350496, 0.023392853049799142, 0.4795035914452195, 5.106621167136865e-7, 3.909405880518456e-8, 0.25006931148473416, 0.3749654310314597, 2.691249331326726e-8, 2.3704363288757216e-8, 0.07933369900061937, 2.323015686849614e-8, 3.896082525385517e-9, 2.7454865197613227e-8, 0.023392861362511428, 0.0233928606184213, 0.0233928210139218, 4.2282681970571885e-9, 1.8262649348974262e-7, 0.023392852723656783, 6.0255583643909156e-9, 1.0463433413799512e-8, 0.3749654522882433, 3.3121953523899684e-8, 1.011578995094475e-8, 6.5392945972075916e-9, 1.79259199114341e-8, 0.023392785516863815, 4.167728738426198e-9, 0.14565426739084525, 0.14565426671869988, 1.0495883685089157e-8, 0.14565427877878423, 0.14553115818882734, 1.0150470564362058e-8, 0.1456542825986469, 5.9019078182179806e-9, 1.635352493361931e-8, 0.07933369786463096, 1.7372395341551804e-8, 0.6250345176464709, 0.22943446728724043, 2.771799139126284e-8, 1.9279588145899876e-8, 2.842936454726192e-8, 0.3749654515150449, 6.6956291406681645e-9, 0.3749652290197666, 0.023392849022717287, 0.07933369566689702, 8.095639033801124e-9, 4.335176561937673e-9, 9.654400717130092e-9, 0.3749652621007012, 8.665100216317971e-9, 5.571183596494921e-9, 7.428526895256327e-9, 1.0719334910329521e-8, 1.0667451052286543e-8, 4.340517879264497e-9, 0.3749652053107023, 1.0562875394904333e-8, 0.07933366568259521, 0.18204292637559616, 8.57921338956757e-9, 5.172692675868378e-9, 4.874962404152556e-9, 1.3670280874509134e-8, 5.677308507392301e-9, 0.37496523990905245, 0.37496510162775426, 0.07933354797474054, 0.02339284167857472, 1.2889906897966767e-8, 0.374965233762441, 0.023392822784456938, 7.72808109066072e-9, 0.07933369560360255, 0.07933355041036992, 5.612188225398231e-9, 5.034349879234803e-9, 0.023392816039746234, 2.2127784778966288e-8, 0.07933354566695432]
v_opt: [0.3749657353655493, 0.6250347592290901, 0.3906685221004763, 0.14059891768843377, 0.03313963773987531]
solution time: 0.013417959213256836
McCormick lower bound: -7.614732841413558

