x_opt: [0.7892109188892347, 0.32241019048892267, 0.7892109412061532, 0.21078891200397587, 0.7892109561363176, 0.21078861103470986, 0.7892112942159787, 0.4615799418467867, 0.27141190625285777, 0.21078908483032863, 0.18929255174145276, 0.7285880868995614, 0.21078907055325208, 0.21078870484298226, 0.2107888077321905, 0.32241019456714043, 0.21078875161725064, 4.801268678212806e-9, 0.2107885923421182, 0.21078857342378446]
w_opt: [0.7892109150400486, 0.5784218758225086, 4.569683460352873e-9, 8.39592768102064e-10, 0.5177990068702171, 0.21078906384117319, 1.087102266949032e-9, 4.637088846328625e-9, 0.21078874922739893, 2.9410160264299705e-9, 1.1443450548145354e-9, 0.11162113264514362, 0.11162115622291383, 0.3224101825298949, 0.21078908387909304, 0.2107887025248166, 4.82751688735961e-9, 0.3224101895108314, 0.2107889085237396, 0.578422236009839, 0.2507908839103014, 3.265879081771733e-8, 0.5177990333617116, 0.32241018668602023, 3.970681131908312e-9, 4.125867942726158e-9, 0.21078859164939054, 4.771206629156363e-9, 9.761563556762219e-10, 6.286135980014944e-9, 0.2107889108827927, 0.21078891055342167, 0.21078890584607024, 6.618523401177986e-10, 2.773852040390606e-8, 0.21078875110188666, 8.646184432216732e-10, 1.6815061221039116e-9, 0.27141190568059337, 4.487775445150908e-8, 2.754514977080325e-8, 8.111617869802418e-10, 2.3215565104241418e-9, 0.21078873606504775, 6.736025689456709e-10, 0.21078860782073428, 0.21078860633693455, 2.395829303866266e-9, 0.21078860881424824, 0.21078860699568858, 1.779852760763061e-9, 0.210788610263587, 1.19051264165139e-9, 2.949457904810334e-9, 0.2107885915736443, 4.085382221428007e-9, 0.7285880860244469, 3.99944329047369e-7, 3.017243257064429e-9, 2.9368010471392475e-9, 6.509737500733885e-9, 0.27141190532118703, 1.196039601405971e-9, 0.2107888036637434, 0.2107887503608922, 0.21078859087529742, 2.7905356000847124e-9, 9.970193596306134e-10, 4.972839765497833e-9, 0.2107890696271054, 1.185921418570034e-9, 1.1633435765820128e-9, 1.0722855845353734e-9, 1.47138432705259e-9, 1.7102153089233342e-9, 5.571975625780221e-10, 0.21078907021795779, 4.683801580608088e-9, 0.2107885869381198, 0.18929255099679704, 1.5733141270553468e-9, 6.247468943689831e-10, 6.742762443485709e-10, 2.521488021501435e-9, 1.101159107344322e-9, 0.21078880684346601, 0.21078905497824957, 0.21078857112727775, 0.21078869821861593, 1.9655361980568206e-9, 0.21078880617947837, 0.21078874198116496, 1.5693561091938627e-9, 0.2107885902821072, 0.21078857262436182, 1.0380881057249045e-9, 9.314123299237973e-10, 0.2107885659419968, 3.798496938991031e-9, 0.21078856767427426]
v_opt: [0.46157994090404675, 0.7892109399823763, 0.6228539506304304, 0.044432078938010516, 0.03583205482843759]
solution time: 0.01641678810119629
McCormick lower bound: -5.8599170430612455

