x_opt: [0.7994136580078003, 0.2005888340444166, 0.7994136901834491, 0.20058625297421948, 0.7994136372824816, 0.20058625048060716, 0.799413750990651, 0.5470577917937284, 0.28055700042276827, 0.2005863335083486, 0.20058627413154564, 0.7194430009548133, 0.2005863422631306, 0.20058624508919345, 0.20058629272048614, 0.3334241737536893, 0.2005862190685527, 1.4814974617516085e-8, 0.20058622288183012, 0.20058621246343328]
w_opt: [0.7994136536545658, 0.5988272974916447, 5.865699440348316e-9, 3.507791502865478e-9, 0.5188566616612688, 0.20058632581353283, 3.892133578075143e-9, 1.4641754466857178e-8, 0.2005862125009739, 8.820061262855346e-9, 2.934558736285339e-9, 2.5267546292986746e-6, 2.505026534184169e-6, 0.20058881411357632, 0.20058633042259982, 0.20058623834208325, 1.5388959878849003e-8, 0.20058883129920388, 0.2005862429410206, 0.5988274433092816, 0.3464714850239382, 3.3120105847265066e-8, 0.5188567048170393, 0.33342415573950296, 1.4116064231424634e-8, 1.2315975511009952e-8, 0.20058622029215312, 9.938474140660321e-9, 2.6387088495400995e-9, 1.7304864258509312e-8, 0.20058624883658027, 0.20058624889448537, 0.20058622995803874, 2.3592855281911936e-9, 7.262374614335176e-8, 0.2005862164329452, 2.976625822794918e-9, 5.399166099221162e-9, 0.2805569985266756, 3.1238408810174946e-8, 4.799105315318959e-9, 3.1196144217039623e-9, 5.897662796258387e-9, 0.20058617550485147, 2.378051615484642e-9, 0.20058624186105115, 0.20058623630182737, 7.45767180346603e-9, 0.20058624542463402, 0.20058622301493118, 5.000174117714936e-9, 0.20058624786804474, 3.6084747829728386e-9, 8.919881619526245e-9, 0.20058621995120496, 8.574710546809361e-9, 0.7194429980405765, 5.202599576255824e-7, 5.304675311638396e-9, 7.700140384732e-9, 1.7270855930267248e-8, 0.2805569971653169, 3.624628869543822e-9, 0.2005862815972369, 0.20058621473109056, 0.20058621875213548, 5.572701727189492e-9, 2.561030704614272e-9, 1.1923091499410632e-8, 0.20058633950790586, 4.248887478857809e-9, 3.203872476608703e-9, 3.7767429989232115e-9, 5.312962688777861e-9, 5.774650845639695e-9, 2.1772624670190644e-9, 0.2005863282660569, 8.50019867714832e-9, 0.20058619912014491, 0.20058627137359242, 4.461673246471125e-9, 2.4281880165618175e-9, 2.7945465763024705e-9, 7.322492155235519e-9, 2.943908257132429e-9, 0.20058629012519755, 0.20058627968294931, 0.2005862078991281, 0.2005862037060826, 5.154301865622105e-9, 0.2005862882194414, 0.2005861976476815, 4.905557105975692e-9, 0.20058621728854462, 0.20058620984298242, 2.880664529927856e-9, 2.8219060918808404e-9, 0.2005861918897394, 1.15045522661096e-8, 0.20058620381264863]
v_opt: [0.5470577889278698, 0.799413686805005, 0.6390621723384056, 0.04023493479391965, 0.04023486708081754]
solution time: 0.014339923858642578
McCormick lower bound: -4.964983803341502

