x_opt: [0.7495216889219877, 0.3458753310882212, 0.7495217417772607, 7.496869500764787e-7, 0.7495216881845522, 0.25047776120469534, 0.7495223756490029, 0.40466975879487627, 0.25047834851871636, 0.2504782618897015, 0.2504782610705764, 0.5311616728460842, 0.25047828446088616, 0.25047759968135436, 0.2504781655100647, 0.34587535089481847, 7.024978369562263e-7, 4.2138994909863134e-8, 0.2504776934743936, 0.2504776855886802]
w_opt: [0.7495216808838631, 0.49904338291963496, 1.0733773601251123e-8, 9.077013426009414e-9, 0.28068336916648917, 0.25047825279869196, 1.2866067796026988e-8, 5.7443309085511314e-8, 6.82656446202053e-7, 2.4874700945582464e-8, 6.325098194207228e-9, 0.09539708228441571, 0.09539709068109238, 0.3458752652415063, 0.2504782539805153, 0.25047758534556014, 3.465423663624247e-8, 0.3458753151622422, 7.220603434316777e-7, 0.4990441234352691, 0.15419150989481017, 3.1339479195913695e-8, 0.28068344525268446, 0.34587529205688045, 3.0985320884432104e-8, 3.3509743138933105e-8, 0.2504776837313647, 2.5278823584200997e-8, 9.818167454616452e-9, 6.536884572829259e-8, 7.321668040840026e-7, 7.386719439425374e-7, 6.986691756123738e-7, 6.031011847316534e-9, 2.0092406445874553e-7, 6.939938101050438e-7, 9.447579490251937e-9, 1.2436193507313144e-8, 0.2504783408052252, 1.506781602205414e-7, 6.714425123899456e-9, 7.357473539872562e-9, 1.9141165320844502e-8, 6.055469286351836e-7, 7.110141753074948e-9, 0.25047774467027983, 0.2504777065983767, 2.5415617479572778e-8, 0.25047774845652654, 0.2504775688774144, 1.0131528163641666e-8, 0.25047775479587897, 8.246537554832093e-9, 2.631510401208765e-8, 0.25047768433038475, 2.326863083026911e-8, 0.5311616653973766, 7.912113911033182e-6, 1.892110576463382e-8, 1.1500802345352436e-7, 1.6133099279770516e-7, 0.2504783365812552, 1.0492181138456767e-8, 0.25047814135732094, 6.861419913634767e-7, 0.25047767975511076, 1.9280752982420046e-8, 4.796653234256668e-9, 7.71455286333932e-9, 0.25047827716833654, 1.5361437921840063e-8, 8.300546700210814e-9, 1.1061738582157882e-8, 1.2274643232967595e-8, 1.4237492969681884e-8, 6.235360067418818e-9, 0.2504782550911629, 2.0869249304115245e-8, 0.250477613462809, 0.2504782523954195, 1.176869806031991e-8, 8.372815636972928e-9, 7.100669365281505e-9, 1.6869608294289076e-8, 7.535579974532506e-9, 0.2504781580785605, 0.2504780995632173, 0.25047767136566373, 6.698236821609067e-7, 1.4160091119308219e-8, 0.25047815021493136, 6.574201998928896e-7, 1.718682255130301e-8, 0.25047768236722956, 0.25047767912387237, 8.040365720309557e-9, 6.632545679679348e-9, 6.813443367219326e-7, 3.165739973611226e-8, 0.25047766368662583]
v_opt: [0.4046697456804657, 0.7495217307830397, 0.5617847403210575, 0.06273936739688878, 0.06273936845126421]
solution time: 0.013534069061279297
McCormick lower bound: -4.922258521612836

