x_opt: [0.802072303538626, 0.19792768586283216, 0.802072335069384, 0.19792767409448442, 0.802072310148671, 0.19792751662974203, 0.8020723637298933, 0.8913911879267665, 0.6546757199883767, 0.1979276805274145, 0.1012470583569239, 0.7697963473304709, 0.1979276814153187, 0.19792763589693596, 0.197927649249992, 0.1979276907723502, 0.1979276543263872, 9.647288075784864e-9, 0.10860881376767559, 0.10860880500516659]
w_opt: [0.8020723012823243, 0.6041446154887368, 3.657669401802952e-9, 2.7714130496265203e-9, 0.5718686530648623, 0.1979276705409345, 2.221772807110354e-9, 8.158336636381697e-9, 0.19792764994918516, 5.559292853191774e-9, 2.551469980027888e-9, 2.2640575894854513e-8, 1.8021512190921892e-8, 0.1979276747188901, 0.19792767695138272, 0.19792762973771863, 9.295303571900075e-9, 0.19792768381286402, 0.1979276677388775, 0.6041447004520155, 0.6934635249847487, 2.1765553915281983e-8, 0.5718686918335616, 0.19792768110367298, 9.439059638301078e-9, 8.02860077680719e-9, 0.10860881208308179, 4.719575818618769e-9, 1.8265305872679017e-9, 8.249389555392593e-9, 0.19792767161718108, 0.19792767035145453, 0.19792765495333567, 1.7853818070498487e-9, 3.9165837055546395e-8, 0.19792765273835153, 1.9332277370168664e-9, 3.7925263734651254e-9, 0.6546757186058493, 1.2692406206135826e-8, 2.7910731093758955e-9, 2.6362548225187363e-9, 4.2733748046290996e-9, 0.19792762356103255, 1.514004022280851e-9, 0.19792750767164502, 0.19792750915839347, 3.8274173479928115e-9, 0.19792751280670035, 0.1979275097923259, 3.907569826169986e-9, 0.19792751430021138, 2.549992402156616e-9, 5.488024148238763e-9, 0.10860881161721689, 5.018397011600053e-9, 0.7697963448941236, 2.5188309892853273e-7, 3.3796320067782385e-9, 3.925974302133942e-9, 6.664835674393363e-9, 0.6546757179220669, 2.4588546383465355e-9, 0.19792764193201967, 0.19792765151244687, 0.10860881098149958, 4.2204306212666835e-9, 2.293815693534316e-9, 0.424472070658042, 0.1979276788591486, 2.4782996456306148e-9, 2.311847521185944e-9, 2.488627895136799e-9, 3.691329858298911e-9, 3.7217947186389014e-9, 1.593549226382136e-9, 0.19792767610378595, 4.94349718404936e-9, 0.10860879825275618, 0.10124705561054254, 2.9807160128747196e-9, 1.6209698585031417e-9, 2.0507628955598617e-9, 5.321815543976093e-9, 2.143235149679457e-9, 0.19792764669478485, 0.19792762394570979, 0.10860880145086786, 0.1979276266256285, 3.6407816188906438e-9, 0.1979276461399759, 0.19792762903350972, 2.8065175834990686e-9, 0.1086088093017122, 0.10860880263140789, 2.007654745195805e-9, 2.1824902429809896e-9, 0.10860879824081822, 7.28280819385978e-9, 0.10860880244535998]
v_opt: [0.8913911861502556, 0.8020723323826239, 0.6433199960119362, 0.039175368229550006, 0.010250999354166956]
solution time: 0.014219045639038086
McCormick lower bound: -5.6443163844237985

