x_opt: [0.7680008217005503, 0.285033368767562, 0.7680008122903899, 3.8699256864540675e-6, 0.7680006781454317, 0.23199247139174736, 0.768008032175908, 0.5903209450005693, 0.415580479437056, 0.2319990821403371, 0.2319991238968553, 0.5844189556387247, 0.23199909859865642, 0.23199190632964473, 0.23199882075547643, 0.28503411403362794, 3.809995044551716e-6, 6.37840680066997e-8, 0.23199171757279008, 0.2319917602749189]
w_opt: [0.7680007888179152, 0.5360015047350157, 1.2806136440151267e-8, 1.1349648875320565e-8, 0.35241978383929734, 0.231999052178085, 1.1968129074244797e-8, 8.85989344952017e-8, 3.7919298519522836e-6, 4.310267701515231e-8, 7.222188528255734e-9, 0.05303418659175766, 0.05303415358429643, 0.2850332646436643, 0.23199907632711927, 0.2319918917721014, 6.119866564923039e-8, 0.28503336342987495, 3.835977732298288e-6, 0.536008850263233, 0.35832176573781194, 3.023038726046938e-8, 0.3524198127700538, 0.2850340472741351, 5.170606483663339e-8, 5.575314904843694e-8, 0.23199170987703985, 1.0223256393191011e-7, 6.649232533819787e-9, 1.1088532800617794e-7, 3.852965253340893e-6, 3.855525573758928e-6, 3.7682041428333192e-6, 6.31377067113011e-9, 5.044339703623992e-7, 3.8011853443814235e-6, 1.0306982098006227e-8, 1.58799504895764e-8, 0.41558047361645845, 1.7475956869665472e-7, 2.316584040470734e-8, 7.685247890501039e-9, 2.6762373256255592e-8, 3.6686751904643597e-6, 7.182751047948896e-9, 0.23199244995896234, 0.23199242872070078, 2.573922795755393e-8, 0.23199246184383387, 0.23199184186653218, 1.4631115488619784e-8, 0.2319924657501802, 9.609282749260067e-9, 4.432872231124538e-8, 0.23199170963118285, 2.986718081389811e-8, 0.5844189486508923, 1.2354106187390855e-5, 1.615139263741874e-8, 1.0938186518453834e-7, 4.260666915849394e-8, 0.4155804698645564, 1.1114761919352426e-8, 0.2319987953263557, 3.7952192475801063e-6, 0.23199170560160962, 1.8372684328469484e-8, 5.644924087671967e-9, 1.0243862599513235e-8, 0.23199909255626935, 1.699204731577257e-8, 8.366661354298714e-9, 1.3624182670409943e-8, 1.8164988205236467e-8, 2.095103863297219e-8, 5.976965749289795e-9, 0.23199906895395656, 3.0052856666298925e-8, 0.23199162208626561, 0.2319991175775135, 1.621802942263796e-8, 7.567867169465424e-9, 7.508480101226132e-9, 1.8511360377363404e-8, 8.549348203700245e-9, 0.23199881519071713, 0.2319989836117795, 0.23199174944082976, 3.774955211860708e-6, 1.6581503245297267e-8, 0.231998810738006, 3.7534979293834172e-6, 2.1248545689200095e-8, 0.23199170750239992, 0.23199174893655491, 8.203192384467294e-9, 7.565408321724004e-9, 3.740063554174291e-6, 5.4355862578603114e-8, 0.23199154877272485]
v_opt: [0.5903209356843706, 0.7680008042681847, 0.589825101509387, 0.05382357956207186, 0.05382360420218369]
solution time: 0.0394129753112793
McCormick lower bound: -4.845033943407669

