x_opt: [0.750108427126153, 0.24989156952620564, 0.7501084388588298, 0.24989153472395223, 0.7501084165824836, 0.24989154426794583, 0.7501084498107525, 0.7189932222247923, 0.4014439465867914, 0.249891565253277, 0.15885514674703777, 0.6617920690773651, 0.24989157760009836, 0.24989155018834489, 0.24989156378983704, 0.24989158704442085, 0.24989153217572077, 6.036745256397132e-9, 1.368063702322193e-6, 1.36588848231206e-6]
w_opt: [0.7501084258930153, 0.5002168448875035, 2.1521805761885916e-9, 1.9196025389541724e-9, 0.41190049741498647, 0.2498915716382577, 1.4318928956324134e-9, 7.94760372864148e-9, 0.2498915296631436, 3.585048409942844e-9, 1.6090573585993016e-9, 9.253969634193934e-9, 8.323634116363128e-9, 0.24989156233703338, 0.24989156334587687, 0.24989154586099066, 7.748423435711442e-9, 0.24989156849026073, 0.2498915310561169, 0.5002168898065266, 0.46910166222718475, 7.737445992726616e-9, 0.41190051341967937, 0.24989158210333068, 5.237142580302045e-9, 5.083369483460008e-9, 1.3670024924852482e-6, 3.1254206007166643e-9, 8.862538380052065e-10, 4.8843357782161825e-9, 0.24989153306208947, 0.24989153265150252, 0.249891524311977, 1.1786892381285697e-9, 2.2261998152712375e-8, 0.2498915309168782, 1.285339201722885e-9, 2.6577376070097175e-9, 0.4014439456648679, 5.775184025053679e-9, 1.2664793134499495e-9, 1.865544924787455e-9, 2.470207659966179e-9, 0.24989151514581182, 1.0329835579788045e-9, 0.24989153837167397, 0.24989153961675345, 2.179035406897102e-9, 0.24989154218208656, 0.24989153710114495, 2.7380390243024277e-9, 0.24989154280538267, 1.5855372204666162e-9, 3.4364535177426957e-9, 1.3664818774731117e-6, 2.8794653062629235e-9, 0.6617920672917631, 1.4185953564576387e-7, 1.9165225854382892e-9, 2.6807731340128675e-9, 4.040665363091283e-9, 0.4014439453868387, 1.5447583306004572e-9, 0.24989155960516202, 0.24989153020973778, 1.3664517369421986e-6, 1.5913297457572616e-9, 1.383157632974065e-9, 0.06323601815027197, 0.24989157630167355, 1.8157280504092374e-9, 1.3408399572474956e-9, 1.7130894055209282e-9, 2.9365743693588942e-9, 2.833365481629229e-9, 1.1038922264914814e-9, 0.24989156351382472, 2.3710018747531118e-9, 1.3581794197584688e-6, 0.15885514559976566, 1.9127137446101003e-9, 1.1448316963974355e-9, 1.4681057032146407e-9, 2.9138422298058865e-9, 1.2973863954295507e-9, 0.2498915624879786, 0.24989151823430264, 1.3639535242564574e-6, 0.24989152665275816, 2.368603758113902e-9, 0.2498915620513275, 0.249891521995875, 1.6684151290864782e-9, 1.3657739461371565e-6, 1.3641061248819425e-6, 1.2237849270200888e-9, 1.3526631764585175e-9, 1.3620005967208419e-6, 4.678538238710557e-9, 1.3637552058762933e-6]
v_opt: [0.718993221204515, 0.7501084372644198, 0.5626626721878192, 0.06244580084139739, 0.02523495888781675]
solution time: 0.015134811401367188
McCormick lower bound: -5.8109129225478044

