x_opt: [0.7775517389554059, 0.22244724028156362, 0.7775545188105056, 2.1381605345297407e-6, 0.7689250325908399, 0.23107362922547423, 0.7775526359457471, 0.6387189133043726, 0.42680228621999444, 0.2224452716291225, 0.22244763972641743, 0.5731976887643317, 0.23107483554456468, 0.2224473355438702, 0.23107453676462059, 0.2921141390953677, 2.09104782478968e-6, 6.153153002210236e-8, 0.22244376655738146, 0.2224436922494014]
w_opt: [0.7775517281039014, 0.5464767787762373, 1.931169020355317e-8, 1.8456471484599525e-8, 0.3507494369121463, 0.23107478029005568, 2.269693871849986e-8, 0.008626387514411088, 2.0693676253502217e-6, 3.8647914922480206e-8, 1.1033215919112099e-8, 1.7656249652812576e-6, 7.010721569205783e-8, 0.2224471519217035, 0.22244526135282958, 0.22244719893067705, 1.240829600512371e-7, 0.22244722668085246, 2.104592720986545e-6, 0.5551071660712437, 0.4162734457253618, 2.103034795537466e-8, 0.35075225770718366, 0.29211409081780026, 4.953226576749068e-8, 5.0210991791707845e-8, 0.22244375383548998, 4.478616831907309e-8, 7.798130059141624e-9, 5.642085185746174e-8, 2.1156132298844025e-6, 2.1198375635948793e-6, 2.0316388318423278e-6, 1.1543283754960188e-8, 1.6784063234837567e-7, 2.0718482928920134e-6, 1.3814983616061852e-8, 2.5184151849220953e-8, 0.42680227671734167, 4.202764142549834e-8, 1.032721796408996e-8, 1.447730460572712e-8, 1.9316452910958078e-8, 1.9644614523103613e-6, 1.2275904317569155e-8, 0.2310735953585251, 0.23107356037842638, 2.488601863238969e-8, 0.23107361249297875, 0.22244726891736877, 2.1872150983435653e-8, 0.23107361809393961, 1.511835060073613e-8, 3.696322590070661e-8, 0.22244374810835912, 2.6203502235258935e-8, 0.5731976711561708, 0.008627863869807588, 1.284193518875826e-8, 4.45280884185484e-8, 1.2372845453650835e-7, 0.42680227166987716, 1.4859906724736986e-8, 0.23107449355040777, 2.067934318579676e-6, 0.22244375262609611, 1.438490245671914e-8, 9.705621156023227e-9, 3.616576444465107e-8, 0.23107482444207497, 2.7431511692971634e-8, 1.1104625211458905e-8, 1.9605767048257683e-8, 4.335858990008252e-8, 3.927572769849024e-8, 1.2232062476220551e-8, 0.2224452581459516, 2.0857945472875836e-8, 0.22244355921393394, 0.22244762629365197, 1.893091119332659e-8, 1.4786163677000943e-8, 1.972248262032105e-8, 2.2137094920132478e-8, 1.0689084863255988e-8, 0.23107452834352973, 0.23107447580212784, 0.22244367693842465, 2.0266048978233733e-6, 2.0262570629289327e-8, 0.23107452264800526, 1.9988726921354034e-6, 1.942318297201708e-8, 0.2224437520517882, 0.22244367598401052, 1.0686369751183165e-8, 1.1521161967497744e-8, 2.0142386373486087e-6, 4.865358221311301e-8, 0.22244363237596232]
v_opt: [0.6387189026867424, 0.7775545061095974, 0.5912509424626454, 0.04948211693941526, 0.04948313472289698]
solution time: 0.03240180015563965
McCormick lower bound: -4.400201460608227

