x_opt: [0.6316716798933834, 0.3683284180880905, 0.6316716813789955, 1.7126650598731476e-5, 0.6316716542058499, 0.14525206607504043, 0.8689308095773566, 0.36832915837709285, 0.3683285401062848, 0.3683283080089532, 0.21774449027772733, 0.631671457546222, 0.36832834439207085, 0.13106919765985223, 0.36832833658964675, 0.36832852964438983, 1.7122730796003413e-5, 1.2298058775493306e-8, 0.10619086073656706, 0.1061903944191169]
w_opt: [0.6316716757657633, 0.26334333582613495, 3.1839495302380036e-9, 2.793652073423754e-9, 0.2633431393289454, 0.3683283364444817, 2.1853133797585e-9, 2.878830114563891e-8, 1.711798844014124e-5, 7.668294661816667e-9, 2.2946165935756143e-9, 1.0108880730642722e-7, 8.971924800580864e-8, 0.3683284005420833, 0.36832830594392635, 0.13106919245422696, 1.2111761636818801e-8, 0.36832841612602835, 1.7119966349738195e-5, 0.5006024925440646, 8.413700328402396e-7, 5.3012460539007245e-9, 0.2633431474967925, 0.3683285189380439, 1.0016472553583194e-8, 1.0871798460139056e-8, 0.10619085898981537, 6.545708761465001e-9, 1.5587949924120192e-9, 1.4293720279302866e-8, 1.712359931868774e-5, 1.7123569401339194e-5, 1.711109144734947e-5, 1.5716579850953031e-9, 9.830983230636638e-8, 1.7120261309357858e-5, 2.3563760723233114e-9, 3.96769401543895e-9, 0.3683285384779029, 1.3889038463074638e-8, 3.882537992244726e-9, 2.2255028601355705e-9, 5.710058535844598e-9, 1.7089901989801506e-5, 1.5716733999075486e-9, 0.14525205867245078, 0.14525205809886588, 4.211023604802741e-9, 0.14525206304311897, 0.13106918837917952, 4.033204253871411e-9, 0.14525206443921518, 2.209852250666679e-9, 7.815704711982656e-9, 0.10619085874881477, 7.166158198521405e-9, 0.6316714552368531, 0.23725926424823252, 9.960500703780067e-9, 6.794558189564267e-9, 7.941153489178048e-9, 0.3683285380971805, 2.574466022934691e-9, 0.3683283302413887, 1.711889777340661e-5, 0.10619085761336312, 3.249782915786753e-9, 1.5396570674823993e-9, 3.631411947198084e-9, 0.3683283428009775, 3.3176400986692746e-9, 2.1380672979813276e-9, 2.9366986735233945e-9, 3.753263397335342e-9, 4.145532769023846e-9, 1.5854522513130566e-9, 0.36832830607437295, 4.371431750282629e-9, 0.10619084396464776, 0.21774448880219177, 3.789129395157387e-9, 1.892900898579677e-9, 1.7781941437675176e-9, 5.050620614619476e-9, 2.2052160006237355e-9, 0.3683283347477724, 0.36832828881680496, 0.10619039102189895, 1.7116142654587324e-5, 4.670199322331594e-9, 0.36832833369589657, 1.7108886441282193e-5, 3.4042176233383634e-9, 0.10619085778659115, 0.1061903921955137, 2.138161199329091e-9, 1.9207992421472973e-9, 1.7097706081360903e-5, 1.0201577384234925e-8, 0.10619039190456679]
v_opt: [0.36832915643966413, 0.6316716786025982, 0.3990096017193436, 0.1356657846535305, 0.04741273551674226]
solution time: 0.012835025787353516
McCormick lower bound: -7.081613736511492

