x_opt: [0.629680217735875, 0.37031978129425086, 0.6296802211790868, 0.001933534022140799, 0.6296802130007296, 0.13969685500699192, 0.8603031683739364, 0.37031982461362584, 0.3703198031534625, 0.3703197787783319, 0.2105217706570973, 0.629680193579726, 0.37031978543474237, 0.13969683312900397, 0.3703197826198496, 0.37031978445053765, 0.001933533489728175, 4.1765336510952196e-9, 0.10164952611775337, 0.10164952165972867]
w_opt: [0.6296802169484527, 0.2593604322207632, 1.3618006338653618e-9, 1.2753260010489324e-9, 0.2593604121242941, 0.3703197821988118, 9.318339749072128e-10, 6.83138289445676e-9, 0.0019335316172213318, 2.4759343036841622e-9, 9.957062068886014e-10, 3.197942326740393e-9, 6.236810397956041e-9, 0.3703197755944822, 0.37031977813109607, 0.1396968308533997, 4.475543746460679e-9, 0.37031978033527435, 0.0019335314957100564, 0.48998339033481314, 4.65336207999253e-8, 3.035402244186102e-9, 0.25936041789986153, 0.37031978078412564, 3.6623811538487935e-9, 3.5524162499314487e-9, 0.10164952534318883, 2.562241887285006e-9, 6.491421362735047e-10, 3.693507277990011e-9, 0.0019335326610858273, 0.0019335326836592036, 0.0019335277986433147, 7.209815310396822e-10, 1.7881887928961588e-8, 0.0019335323746492096, 9.779931743916943e-10, 1.6882454972445808e-9, 0.3703198023916651, 4.724734746821616e-9, 1.2294687461664582e-9, 1.0492143133243796e-9, 1.995045652093559e-9, 0.0019335230037576087, 7.108349541952864e-10, 0.13969685198662066, 0.13969685177214558, 1.6335159698574305e-9, 0.1396968537095366, 0.1396968293794184, 1.6093504768826434e-9, 0.1396968542349604, 9.484065377319083e-10, 2.4378926189534613e-9, 0.10164952513624025, 2.2525665281973194e-9, 0.6296801924735574, 0.2306230032319816, 2.5130805050825864e-9, 2.266506248877971e-9, 2.971675829779873e-9, 0.3703198022120727, 1.100310503616885e-9, 0.3703197800886621, 0.001933531783648875, 0.10164952484917573, 1.2175335576262354e-9, 6.934499858169572e-10, 1.2888393238975648e-9, 0.3703197847013935, 1.4847246575964781e-9, 8.966938973757146e-10, 1.2083786857356607e-9, 1.6928022085702468e-9, 1.7713168632103348e-9, 7.622345845416942e-10, 0.37031977830598284, 1.553614622530158e-9, 0.10164951999296515, 0.21052176994173963, 1.316349039182244e-9, 8.81291888006902e-10, 8.82727434071789e-10, 2.1750712845425247e-9, 8.872609157026826e-10, 0.370319781758995, 0.37031975467544476, 0.10164952023952735, 0.0019335308599781286, 1.8465066118388685e-9, 0.37031978100753205, 0.001933528023515256, 1.2439207488706915e-9, 0.10164952484244742, 0.10164952068791162, 8.881590658094262e-10, 8.158991527978381e-10, 0.001933531099715957, 3.279856550879399e-9, 0.10164952050422346]
v_opt: [0.37031982375635863, 0.6296802199031374, 0.39649720266219796, 0.13713677572704852, 0.04432257723605359]
solution time: 0.015870094299316406
McCormick lower bound: -7.08882111586235

