x_opt: [0.8003366211597817, 0.19966237440567938, 0.8003377653357739, 0.19966224442413213, 0.8003375292214534, 0.1996604115310574, 0.8003378985329729, 0.8961556616340994, 0.6647347793542183, 0.19966236164371196, 0.0872705644652598, 0.7658411056395992, 0.19966241407615273, 0.1996621042186979, 0.19966237905973538, 0.19966243262648933, 0.19966218612241418, 4.2562994622647607e-8, 0.10384210881310191, 0.1038420590763524]
w_opt: [0.8003366147207492, 0.6006741559205769, 1.0211807702094678e-8, 1.0376307388216867e-8, 0.5661777332719633, 0.19966237039516244, 8.416426650067e-9, 3.092503770721446e-8, 0.1996621722528993, 2.8083336575790235e-8, 9.30602368414991e-9, 1.445330362074723e-7, 9.501238794539558e-8, 0.19966231518879476, 0.19966234688712794, 0.1996620664177532, 1.1004556927942095e-7, 0.19966236751891236, 0.19966221795684463, 0.600675669927493, 0.6964934337892889, 1.5193132572152998e-7, 0.5661789218518227, 0.19966239830753885, 4.374754610889794e-8, 3.686340781494898e-8, 0.10384210316647709, 1.5967394038218894e-8, 5.12819591748307e-9, 6.27027608284337e-8, 0.1996622355109654, 0.19966223288847493, 0.1996620631414983, 6.849693748803539e-9, 4.6950760734527485e-7, 0.1996621805234353, 7.120196839740824e-9, 1.759567359479323e-8, 0.6647347749480376, 5.1412683486682473e-8, 7.367482186181022e-9, 1.0004998466580908e-8, 1.3914443410343729e-8, 0.1996618679912908, 5.504786395743229e-9, 0.19966035238316018, 0.1996603775743054, 1.208898751064914e-8, 0.19966040027656282, 0.19966037970573347, 2.1220690018140682e-8, 0.1996604029498003, 9.925763206384732e-9, 2.770055340024632e-8, 0.10384210017152003, 2.6921936969191894e-8, 0.7658410965552108, 5.3041080574648335e-6, 1.493659464811142e-8, 1.4479575860402702e-8, 2.3666030937217602e-8, 0.6647347729095346, 8.015255865136233e-9, 0.19966235037096244, 0.19966217632705047, 0.10384209965707261, 1.5796068673685907e-8, 8.632463581495642e-9, 0.4305759053709715, 0.19966240586275424, 9.17652574134735e-9, 7.247364837751672e-9, 1.0144390808794624e-8, 2.1448936827459844e-8, 2.144633072996505e-8, 5.860261970371765e-9, 0.1996623398407686, 1.6495375362243196e-8, 0.10384204794516441, 0.0872705579057408, 1.4009214602680286e-8, 5.969173450896414e-9, 8.441294831007399e-9, 1.6307654680646062e-8, 7.391196277394502e-9, 0.1996623712561031, 0.1996616636081776, 0.10384204789005978, 0.1996620888573814, 1.5764785835468377e-8, 0.19966236908175744, 0.19966208876042638, 1.074757362762923e-8, 0.10384209455971549, 0.10384204916741135, 6.6231181319269535e-9, 8.474484613254033e-9, 0.10384203162857636, 3.531400590497009e-8, 0.1038420427699612]
v_opt: [0.89615565629737, 0.8003377574432866, 0.6405407096948132, 0.0398652371618941, 0.0076162123676933105]
solution time: 0.013525962829589844
McCormick lower bound: -5.2547201385486195

