x_opt: [0.6191069690416604, 0.38089301978244494, 0.6191069829915856, 0.05081353495366, 0.6191069782810505, 0.15314459387437118, 0.8468554865525662, 0.3809719632337303, 0.38089301820559, 0.38089301836237144, 0.14566360962088162, 0.6191069806924064, 0.380893018413415, 0.1531445151592576, 0.38089301790689173, 0.38089302047243095, 0.05081353457570571, 2.2646088062349782e-9, 0.050813533467209855, 0.05081353325507509]
w_opt: [0.619106968578929, 0.23821394785400093, 7.40913519962944e-10, 7.950911871471592e-10, 0.23821395029441733, 0.3808930163305054, 5.108829446914165e-10, 1.6885964974720383e-9, 0.05081353339163507, 1.2877818616204471e-9, 7.461239791943814e-10, 3.207604838330932e-9, 3.708407868676442e-9, 0.38089301646132706, 0.3808930176304031, 0.15314451355783493, 2.3547790501326534e-9, 0.38089301906976286, 0.050813533420477994, 0.4659624699525898, 7.894654130303331e-5, 2.9960871818215915e-9, 0.23821396576031004, 0.3808930180935098, 2.123516262547971e-9, 1.919191690313214e-9, 0.050813533041704266, 1.5436456378448398e-9, 4.0614089413643994e-10, 2.0799473949958576e-9, 0.050813534255191695, 0.0508135340080228, 0.05081353182205818, 4.2583664008001667e-10, 1.2595561327125062e-8, 0.05081353399117672, 5.416431659785474e-10, 9.95185496623943e-10, 0.38089301776957174, 2.592569950539242e-9, 5.702882904806554e-10, 6.45658024587563e-10, 1.2371819865696688e-9, 0.050813527796206806, 3.912548480184253e-10, 0.15314459153446489, 0.15314459209496403, 9.543914811037973e-10, 0.153144592931698, 0.15314451342642374, 1.0683080097957067e-9, 0.1531445933841375, 5.827050078869186e-10, 1.2718839371649213e-9, 0.05081353293060826, 1.5378302138869587e-9, 0.6191069800272769, 0.2277485336135886, 2.2990749355865262e-9, 1.323289832070389e-9, 1.6385894410192154e-9, 0.3808930177689156, 6.655352729654065e-10, 0.38089301680053717, 0.05081353366261705, 0.05081353264904975, 7.904228537358511e-10, 4.831168031390389e-10, 1.0048412912443747e-9, 0.3808930176405173, 7.479886755828997e-10, 5.83798845598567e-10, 6.602455785159799e-10, 9.055272227975971e-10, 9.498357730722692e-10, 5.144281042133219e-10, 0.38089301753440713, 1.0596691826086712e-9, 0.0508135299719251, 0.14566360923295732, 7.619065318808896e-10, 4.71616404008098e-10, 5.756014763534127e-10, 2.0894972170027763e-9, 5.730809153962455e-10, 0.3808930171289408, 0.3808930020763026, 0.050813532243447014, 0.05081353312694644, 1.2084101842135376e-9, 0.3808930168876047, 0.05081353166279624, 6.864287452462779e-10, 0.05081353253083464, 0.05081353265889673, 5.660329881590523e-10, 5.122702208233273e-10, 0.050813527560194686, 1.7391352415383534e-9, 0.05081353197148116]
v_opt: [0.38097196275073597, 0.619106982141753, 0.3832935656241102, 0.1450797049118699, 0.021217953867175315]
solution time: 0.012447834014892578
McCormick lower bound: -8.438605113687204

