x_opt: [0.3223707968587892, 0.1357466666436214, 0.8994301092781093, 0.10057012651561995, 0.8642532013088507, 0.10067814823756577, 0.6776292607087582, 0.8994300194076594, 0.8642531804233533, 2.2016814665012568e-7, 0.1005699759581478, 0.6776292050503936, 0.10067814839084778, 0.13574666100198923, 0.10056997910033037, 0.2620151446244947, 0.10056997604145795, 8.022043954176012e-9, 0.10056997975117511, 0.1005699758327478]
w_opt: [0.32237079558095627, 0.18662399883673603, 2.1643184061301835e-9, 1.6270857607939314e-9, 3.716939780180458e-9, 0.10067813575398037, 3.914195532250011e-9, 8.491419554651048e-9, 0.10056997306715831, 4.8422868101705265e-9, 9.997971643600007e-10, 0.03517677715341521, 3.403840109589893e-8, 0.13574665848230671, 2.179799521394737e-7, 0.13574665771795286, 1.0736800142590626e-8, 0.1357466652667443, 0.10057012064412361, 0.5770593713392894, 0.7988601362878694, 2.7819087133688008e-9, 0.577059321840946, 0.2620151368501293, 8.975672508541185e-8, 4.433014750671232e-9, 0.1005699775164126, 8.800790334539232e-8, 1.4988946238699164e-9, 1.0643494476645176e-8, 0.10057012347216984, 0.10057012461560252, 2.0857781408393947e-7, 1.688637419932766e-9, 3.016173110009508e-8, 0.10056997443489042, 1.5761822343666633e-9, 2.880360456275796e-9, 0.8642531793865295, 1.4494649311397206e-8, 1.457410583147121e-9, 1.6635839120367077e-9, 2.2376988986023906e-9, 0.10056994812028368, 1.6671864981546718e-9, 0.10067814499365328, 0.1006781355989662, 4.3608464796611714e-9, 0.10067814457399357, 0.10067814419705978, 1.992325120726405e-9, 0.10067814622308145, 2.2935842808144246e-9, 4.784636031601796e-9, 0.10056997732293799, 2.577824346498549e-9, 0.6776292033698011, 1.088357115116966e-7, 1.513792679020236e-9, 2.4280992880935165e-9, 1.1016943856725072e-8, 0.8642531770194827, 2.411918735181587e-9, 0.10056996847101073, 0.10056997391134326, 0.1005699780833613, 3.373511219795442e-9, 1.3201120018949423e-9, 0.5418823878152157, 0.1006781461050323, 2.5291677361472216e-9, 1.5216602067095163e-9, 2.2452375192217576e-9, 4.516173150908347e-9, 4.158718302382795e-9, 1.474884734525357e-9, 2.1689890412372762e-7, 3.875942655055725e-9, 1.969252452247252e-7, 0.10056996612495514, 2.0898705394697974e-9, 1.4832632803405873e-9, 3.978131800616451e-9, 2.82260963959071e-9, 1.2303879782277192e-9, 0.10056997751112672, 0.10067812387502223, 0.10056997409455501, 0.10056991860837518, 1.7952730454675853e-9, 0.10056997609287048, 0.10056995399248973, 3.202482545074085e-9, 0.1005699746688142, 0.10056997359580196, 1.229225621642757e-9, 1.5491357651960943e-9, 0.10056996794115902, 5.409379976338672e-9, 0.10056997427468861]
v_opt: [0.8994300177063219, 0.8994301079483612, 0.7469336129489561, 2.2601607460158374e-9, 0.010114324205791475]
solution time: 0.014530181884765625
McCormick lower bound: -2.7006117319320553

