x_opt: [0.34834449515675947, 0.14733708149089572, 0.8967971139954592, 0.10320289861217667, 0.8526629449847559, 0.1473368319254124, 0.8526629363813746, 0.8967970548661942, 0.8526623659540801, 0.10320288918196178, 0.10320293451103912, 0.6516555329520373, 0.14733683144188364, 0.14733704934853373, 0.10320288158319761, 0.36834974800383863, 0.10320289093768562, 4.793690301915468e-9, 0.10320287675179093, 0.10320287584925099]
w_opt: [0.34834449382707205, 0.2010074404264506, 1.9040655049969396e-9, 8.969510085868517e-10, 2.889621316769471e-8, 0.14733682453499966, 1.5429814095510707e-9, 5.066854472277938e-9, 0.10320288920164236, 3.0405322219493835e-9, 7.173218966360954e-10, 0.04413419645232674, 4.186735690167942e-8, 0.14733707582522573, 0.10320288743607849, 0.14733704735128855, 6.151761246342957e-9, 0.1473370807934703, 0.10320289525744389, 0.749460051314289, 0.7935941711287008, 6.962357040120858e-9, 0.5484526520902545, 0.368349742301899, 1.1193149156833521e-8, 3.724035872018628e-9, 0.10320287591590942, 3.2982430843161234e-9, 7.670980818714694e-10, 6.306635560586076e-9, 0.10320289734631348, 0.10320289746844202, 0.10320287589285174, 8.13950981059871e-10, 2.3135671244071644e-8, 0.1032028902182975, 8.161677606839725e-10, 1.6854881432884426e-9, 0.8526623654448894, 7.993619407711586e-9, 9.525328794004866e-10, 9.895189217336128e-10, 1.6007939728183316e-9, 0.10320287407537321, 7.830093789534489e-10, 0.14733682953676808, 0.14733682596494874, 2.499776872789337e-9, 0.14733682898467704, 0.14733682735454226, 1.4766598739161859e-9, 0.14733683098765898, 1.3020102294235495e-9, 2.973491660719571e-9, 0.10320287575978762, 2.190785667519346e-9, 0.6516555320345865, 8.096868336298385e-8, 9.698871845541278e-10, 1.9340806162663994e-9, 5.46543341944501e-9, 0.8526623648128999, 1.2780643366575004e-9, 0.10320287556549643, 0.10320288985035675, 0.10320287571608748, 3.192147709886028e-9, 8.879343045743534e-10, 0.5043179097830733, 0.14733683037768533, 1.1923128069855192e-9, 9.096105104668815e-10, 1.1412773175399819e-9, 2.0973077935586563e-9, 2.253272147402971e-9, 6.556216146536017e-10, 0.10320288691916439, 3.190148434031711e-9, 0.10320285601317494, 0.10320293292076606, 1.32540422854685e-9, 6.552045882827837e-10, 1.300516159073632e-9, 2.1191733570352394e-9, 8.037798565665388e-10, 0.10320288073137242, 0.14733681871313653, 0.10320287480161305, 0.10320288395285428, 1.2047641634808999e-9, 0.103202880101468, 0.1032028726182159, 1.6073777408104432e-9, 0.1032028736764545, 0.10320287471703085, 7.56155146144206e-10, 9.441887030149052e-10, 0.10320287152063408, 3.6440504320959633e-9, 0.10320287316125203]
v_opt: [0.8967970541923739, 0.8967971133616736, 0.7270341237759856, 0.010650848999765048, 0.010650878597566523]
solution time: 0.015405893325805664
McCormick lower bound: -3.47432430796303

