x_opt: [0.7863977998370447, 0.315802367308267, 0.7863977998430973, 0.20568436015832936, 0.7863978000510536, 0.2056843627283732, 0.7943156372809816, 0.4659717163990404, 0.2656569290659932, 0.21360220020734566, 0.21360220010181832, 0.7343430708568746, 0.2136022001434981, 0.2056843627088275, 0.21360220004343752, 0.31580236732300554, 0.20568436013147068, 3.06419313379414e-11, 0.20568436270157703, 0.20568436267216883]
w_opt: [0.7863977998279196, 0.5727955997444277, 1.0455478714136064e-11, 7.751508582679999e-12, 0.5207408706874069, 0.21360220012045494, 8.171235996725139e-12, 2.306684703857867e-11, 0.20568436011556804, 1.7596215561617394e-11, 5.389114429980747e-12, 0.10220016715971907, 0.10220016725098076, 0.3158023672642476, 0.2136022001547187, 0.2056843626972991, 2.3323981267938244e-11, 0.3158023672966412, 0.20568436013757274, 0.5807134371306433, 0.25236951624882986, 2.6573793325314422e-11, 0.5207408707261224, 0.31580236727933175, 2.2281607892256517e-11, 2.4707074118793232e-11, 0.2056843626963294, 1.7025501895048558e-11, 7.227893768569001e-12, 3.501251301160629e-11, 0.20568436014765581, 0.20568436014943545, 0.20568436012330835, 4.772672646217345e-12, 1.1879388026754172e-10, 0.20568436012485483, 6.867867913884845e-12, 9.846237235437822e-12, 0.2656569290602239, 1.2748120201525312e-10, 6.313229312706825e-11, 5.6795811078510755e-12, 1.3646591732721242e-11, 0.20568436005738971, 4.890714703953973e-12, 0.2056843627141733, 0.2056843626987851, 1.705865181233155e-11, 0.20568436271968693, 0.20568436267880383, 8.473547629473211e-12, 0.20568436272382346, 6.631180802485022e-12, 1.84317404265148e-11, 0.2056843626961653, 1.7887161712986815e-11, 0.7343430708510261, 0.007917837803631818, 1.1841520380575027e-11, 2.1718718113860584e-11, 3.981999089226787e-11, 0.26565692905759763, 8.01384371590831e-12, 0.21360220002587677, 0.20568436012019647, 0.20568436269240822, 1.4259542288902152e-11, 4.207244890424066e-12, 7.0881437157763855e-12, 0.2136022001405693, 9.96631757977237e-12, 6.8247315168372385e-12, 7.959027488417922e-12, 9.199424457376086e-12, 1.0365103214487683e-11, 4.717713366819164e-12, 0.2136022001338819, 1.6906588156267773e-11, 0.20568436266056314, 0.2136022000972898, 8.906026490438737e-12, 5.900115285241701e-12, 5.318379996829581e-12, 1.435853337954959e-11, 6.1027171011052474e-12, 0.2136022000393482, 0.21360220004133582, 0.20568436266317447, 0.20568436010722652, 1.1365595719043141e-11, 0.21360220003510513, 0.2056843600991034, 1.1408006445706746e-11, 0.2056843626935977, 0.20568436266674864, 6.4691822442278006e-12, 5.423058342593252e-12, 0.20568436011146107, 2.2710889079009094e-11, 0.20568436266091913]
v_opt: [0.4659717163907035, 0.7863977998332807, 0.6184215125831815, 0.045625905209149505, 0.04562590564157565]
solution time: 0.014962911605834961
McCormick lower bound: -5.378116492991123

