x_opt: [0.6301006605718933, 0.36989934161199756, 0.6301006853272012, 5.928412258333953e-7, 0.630100638048165, 0.1391651644375123, 0.8608353396254866, 0.36990066493862134, 0.36989937509254966, 0.36989931235451956, 0.21309245270927035, 0.6301006043495115, 0.3698993520243177, 0.1391646673947246, 0.3698993384031285, 0.3698993764523208, 5.88176535488925e-7, 2.3592358982050044e-8, 0.10366258924910311, 0.1036625485769897]
w_opt: [0.6301006561106915, 0.2602013026448683, 7.287444270389699e-9, 7.075705402406684e-9, 0.26020126936250615, 0.36989933366937283, 5.344620207792532e-9, 3.9605129289583076e-8, 5.778664737173029e-7, 1.4009621654005474e-8, 5.390788837327217e-9, 3.076416597975275e-8, 4.1051482342385636e-8, 0.36989930887937406, 0.36989930676639976, 0.13916465493427962, 2.6425958088565296e-8, 0.3698993364041275, 5.788618436032504e-7, 0.490936029112318, 1.3542884333406722e-6, 1.4741452257198945e-8, 0.2602013079906379, 0.3698993557515934, 2.0218356501279786e-8, 2.0013116543656403e-8, 0.1036625848367064, 1.4270853547054778e-8, 3.608586324668281e-9, 2.124094470553004e-8, 5.851566935159314e-7, 5.856033533663432e-7, 5.588792777807136e-7, 4.051269481051905e-9, 9.164729563808139e-8, 5.819977193619664e-7, 5.480229875063415e-9, 9.415759370614855e-9, 0.36989937079894375, 2.8146576320100015e-8, 5.790176241647029e-9, 5.8551638414401384e-9, 1.10113323527221e-8, 5.322561299397496e-7, 4.0477207503729166e-9, 0.13916514787888154, 0.13916514581677167, 9.286940259544557e-9, 0.13916515735188403, 0.1391646489156837, 8.990381104516661e-9, 0.1391651601107142, 5.330949858751539e-9, 1.3788927745169313e-8, 0.10366258365485877, 1.2597022496773803e-8, 0.6301005981528298, 0.2307349663670962, 1.2980951669503798e-8, 1.3373302088081666e-8, 1.7617806591281358e-8, 0.36989937032656894, 6.160342190814216e-9, 0.36989932468115777, 5.787036916171169e-7, 0.1036625822501805, 6.785842930274913e-9, 3.850947726804223e-9, 7.074636510574472e-9, 0.36989934800176094, 8.504790468139971e-9, 4.961774416784417e-9, 6.869870618775395e-9, 9.803872428498521e-9, 1.0233073166403656e-8, 4.376408630371531e-9, 0.36989930719670144, 8.718495228818957e-9, 0.10366255395435442, 0.21309244872663727, 7.410156963697993e-9, 4.990267246384066e-9, 5.34531960970201e-9, 1.2910952115884232e-8, 4.920445724939772e-9, 0.3698993337022971, 0.3698991769361605, 0.10366254082213458, 5.731178577845824e-7, 1.015838881032006e-8, 0.36989933060124963, 5.575800898317504e-7, 7.090213797847317e-9, 0.10366258222706351, 0.10366254309021257, 4.900967401191171e-9, 4.570805589541935e-9, 5.729828149564865e-7, 1.851732817276087e-8, 0.10366254208775569]
v_opt: [0.36990066031140206, 0.630100678558347, 0.39702682858307425, 0.13682550204469654, 0.04540840453390387]
solution time: 0.013265132904052734
McCormick lower bound: -6.737437494016932

