x_opt: [0.7334760018540096, 0.34590603806765685, 0.7334760055518363, 0.17179812391550078, 0.7334760475952609, 0.1717996690057008, 0.8282004350689655, 0.3905978071013356, 0.2665277860134263, 0.266523994964987, 0.21191915386205723, 0.7334721941131033, 0.2665239835124367, 0.17179956028353827, 0.26652395194844647, 0.3459060856877911, 0.17179799380390706, 1.7634198409778858e-8, 0.17179876716169304, 0.17179713059760832]
w_opt: [0.7334759910486525, 0.4669520529505912, 8.022037968606374e-9, 4.628606606373908e-9, 0.4669482000722376, 0.2665239679541043, 3.768744174986048e-9, 1.4820946218943326e-8, 0.17179798495694878, 9.88503609386979e-9, 4.099952268961394e-9, 0.07938204738562472, 0.07938211552340614, 0.3459060153832556, 0.2665239909307164, 0.17179955108021325, 1.3270484595354717e-8, 0.3459060335643193, 0.17179811243838897, 0.5616764433250229, 0.12407381575457739, 1.77231495504297e-8, 0.4669482146796578, 0.3459060643855435, 1.2256616493816329e-8, 1.490038357939929e-8, 0.17179876408122843, 6.54443943972742e-9, 3.466470215082001e-9, 1.6011440128185312e-8, 0.17179811904807735, 0.171798117427703, 0.17179810647167987, 2.7638351869149486e-9, 7.6825191745498e-8, 0.17179799229313952, 3.764922050754485e-9, 5.969126624768914e-9, 0.26652778314187175, 5.965758511464143e-8, 3.7344511108096036e-8, 3.74836513592418e-9, 2.0712653563462642e-8, 0.17179794667863924, 2.481212524115487e-9, 0.17179965652555762, 0.1717996561237857, 7.502742655382262e-9, 0.17179966194215374, 0.17179946954312475, 6.012344046355901e-9, 0.17179966570325755, 3.933399751439288e-9, 1.0256227189642874e-8, 0.17179876319822315, 1.0951400519178355e-8, 0.7334721903663132, 0.09472491342289777, 5.981436735637698e-9, 1.6281499654977328e-8, 1.77190851359651e-8, 0.26652778228698565, 4.5300622066687845e-9, 0.26652394137862473, 0.17179798802727209, 0.17179876117236667, 7.002149488566774e-9, 3.0414675453518305e-9, 2.8479642506984393e-9, 0.2665239803869594, 4.720222937161524e-9, 4.158163754781407e-9, 4.45749030505639e-9, 5.214204055087934e-9, 5.6932209146388066e-9, 2.3835276877750597e-9, 0.2665239786813361, 9.454713871530045e-9, 0.17179875090876365, 0.2119191509074511, 5.39381989680912e-9, 2.989612742596734e-9, 2.5663088100610727e-9, 5.1159182129974076e-9, 4.032595711616414e-9, 0.26652394746386276, 0.26652391580909157, 0.1717971234661628, 0.17179794422784558, 7.33377674269783e-9, 0.2665239462205202, 0.1717979764599682, 5.628746081219146e-9, 0.1717987606315664, 0.17179712748013376, 3.873850501818367e-9, 3.5210907257534144e-9, 0.17179710888114041, 1.3459599192137199e-8, 0.17179712020662244]
v_opt: [0.3905978032393322, 0.7334759997496325, 0.537987183917852, 0.07103504798222247, 0.04490990961786749]
solution time: 0.012253046035766602
McCormick lower bound: -7.093746928150135

