x_opt: [0.6353515695999388, 0.36464845515626254, 0.6353515849770908, 1.2159898926235455e-7, 0.635351584135827, 0.15944929847561637, 0.8878494451666269, 0.36464844598418217, 0.36464840980902, 0.36464840278533095, 0.22868311341528427, 0.6353515717486339, 0.36464840536291654, 0.1121505577781467, 0.3646484035393601, 0.36464851745607496, 1.1199629516614335e-7, 9.282665398866564e-9, 0.11215053742469383, 0.11215053054119742]
w_opt: [0.6353515650901504, 0.2707031548331148, 2.2161908659456006e-9, 2.4129378825114976e-9, 0.27070314246127297, 0.36464839989615633, 1.7190713011190512e-9, 2.0215548579578114e-8, 1.0872872561851005e-7, 6.2146339766600226e-9, 1.516957895580577e-9, 4.120688510405642e-8, 5.380376757660193e-8, 0.3646484294240312, 0.3646484015142476, 0.11215055376096594, 1.5274889319187482e-8, 0.36464845289292425, 1.1684479747768112e-7, 0.523201031319459, 3.1977897819387956e-8, 5.160733592117561e-9, 0.27070316390375504, 0.3646485100202113, 1.0077493346497098e-8, 8.44091380266698e-9, 0.11215053623285143, 7.2344803675730225e-9, 8.264837936309266e-10, 1.2990143959177147e-8, 1.188235667192995e-7, 1.1933575686699176e-7, 1.0682441854985931e-7, 1.0537323235663853e-9, 3.7867969297141857e-8, 1.1057593622642398e-7, 1.6879237326660891e-9, 3.0546060175752752e-9, 0.364648408012452, 2.306817612109872e-8, 1.7596136798609395e-9, 1.6862678537426742e-9, 5.492448325744709e-9, 9.452733362461972e-8, 1.2759556333784186e-9, 0.1594492923901363, 0.15944929136429065, 3.2742053353740887e-9, 0.15944929667690771, 0.11215054202334608, 3.3818423172739642e-9, 0.15944929757722326, 1.6198592924895611e-9, 6.403189288844659e-9, 0.11215053596279316, 6.940922129376399e-9, 0.6353515699613554, 0.2524982393156477, 6.053569647622049e-9, 2.4030245227714034e-8, 2.9142044970376943e-8, 0.3646484085413128, 1.959158842339523e-9, 0.3646483998644668, 1.0839428577087538e-7, 0.11215053533017363, 2.2022222001054524e-9, 9.737504471917864e-10, 1.461154101022842e-9, 0.36464840440719776, 3.420923013678305e-9, 1.361065830621405e-9, 2.455781969256399e-9, 4.227763669980314e-9, 4.703981102190301e-9, 1.1944490526295433e-9, 0.3646484017740457, 3.13400115012948e-9, 0.11215052683821092, 0.22868311252467735, 3.211694208983487e-9, 1.797383658656045e-9, 1.3783080495164143e-9, 3.665963828705503e-9, 1.4840583578658224e-9, 0.36464840240522617, 0.36464834156327086, 0.11215052854230687, 1.0726427477493394e-7, 4.539171509836989e-9, 0.36464840148014843, 9.857100002554105e-8, 2.5586650684156046e-9, 0.11215053584916308, 0.11215052779241678, 1.5399806204752444e-9, 1.2670686967023728e-9, 9.925077821852921e-8, 8.093818841101289e-9, 0.11215052418984772]
v_opt: [0.3646484447185649, 0.6353515833957752, 0.4036716823948455, 0.13296845955022404, 0.05229602009081467]
solution time: 0.01364588737487793
McCormick lower bound: -7.003800442671966

