x_opt: [0.79069587550975, 0.3148491805247825, 0.7906959086672699, 0.20903737727438917, 0.7906959179512452, 0.20903687447573197, 0.7909631082313252, 0.4705669654010137, 0.26664054889828465, 0.20930411814588598, 0.20930407096551867, 0.7333594320882569, 0.2093041044743685, 0.20903689260561173, 0.20930375099433796, 0.31484923514877133, 0.2090368179128687, 3.030666563876512e-8, 0.20903675925084797, 0.2090366674283572]
w_opt: [0.7906958633372857, 0.5813917978983831, 1.3699727642486057e-8, 7.659500078258615e-9, 0.5240553139141758, 0.20930407741557067, 6.493435691600456e-9, 2.795366698257387e-8, 0.20903680384303405, 1.764993795454122e-8, 6.1499038805996596e-9, 0.10554509472009468, 0.1055451396239783, 0.31484914119246854, 0.20930411200467147, 0.20903687923242825, 2.4077876248545486e-8, 0.3148491740043321, 0.20903735811328195, 0.5816590211350623, 0.26126287935886716, 5.93087125098033e-8, 0.5240553664139376, 0.3148491975093243, 2.0942367518228135e-8, 2.5653620955987865e-8, 0.20903675415984263, 1.581541709924968e-8, 5.533018881180971e-9, 3.040503952453175e-8, 0.2090373691682183, 0.20903736749767285, 0.20903734699110318, 4.4314162398575196e-9, 1.4468475625614487e-7, 0.20903681324845017, 6.034823435945981e-9, 9.835906794132996e-9, 0.26664054450166924, 8.949035561317663e-8, 3.5087699570530393e-8, 5.6707137367921744e-9, 1.5853919029282043e-8, 0.20903673550550356, 4.219049558238591e-9, 0.20903685607551198, 0.2090368520468241, 1.2722882719875014e-8, 0.2090368644996849, 0.2090368236432629, 9.760832653161214e-9, 0.20903686935538324, 6.456356550011546e-9, 1.836776094787404e-8, 0.20903675277722553, 1.7964573058112385e-8, 0.7333594264145478, 0.00026756687300793537, 1.3834326235522581e-8, 1.5724222133922652e-8, 2.992085658640488e-8, 0.26664054262203674, 7.302284887285266e-9, 0.20930373291531643, 0.209036808686634, 0.2090367498550599, 1.1727850665116849e-8, 4.7491493787278045e-9, 1.262444125999984e-8, 0.20930409885645734, 7.9550441003509e-9, 6.580362896773488e-9, 7.2800376948821675e-9, 8.835932598755969e-9, 9.782316976796571e-9, 4.084702674488424e-9, 0.2093040961952676, 1.64261735543896e-8, 0.20903672314682487, 0.20930406612290622, 8.886505442085864e-9, 4.805071074308262e-9, 4.603881127250115e-9, 1.655034601882899e-8, 6.214450879429965e-9, 0.20930374501583238, 0.20930401161431758, 0.20903665653059358, 0.2090367557619924, 1.137647733668291e-8, 0.20930374205367003, 0.20903678774313117, 9.690287548060385e-9, 0.20903674922819615, 0.20903666173802726, 6.0925963954142835e-9, 5.510884951843059e-9, 0.209036638202415, 2.3484445990120926e-8, 0.2090366512792295]
v_opt: [0.47056695913364766, 0.7906959003079508, 0.6252006440008907, 0.0438082754908755, 0.043808587238798616]
solution time: 0.015190839767456055
McCormick lower bound: -6.212387207278952

