x_opt: [0.6596130701716112, 0.3403912731206425, 0.6596130682868366, 3.17165790826782e-7, 0.659613080273931, 0.1378740231238579, 0.8621260885496116, 0.3984305937967263, 0.34038698897738645, 0.3403868975600739, 0.2893043456970777, 0.6596129574945875, 0.3403869103648627, 0.1378739088312056, 0.34038690890957396, 0.3403914667145327, 3.148695125071149e-7, 8.768195322186857e-9, 0.1378739808176748, 0.1378738489977796]
w_opt: [0.6596130655440425, 0.3192261513455982, 1.452061711817913e-9, 1.3106048246989603e-9, 0.31922602863250693, 0.3403869061588523, 1.3819827242707e-9, 8.420734576265347e-9, 3.1233193697436463e-7, 5.800640606960971e-9, 9.252952538751061e-10, 4.342410007907474e-6, 4.360413845040694e-6, 0.34039126201566916, 0.3403868965992325, 0.1378739066955262, 5.700499344072832e-9, 0.34039127186108836, 3.1311464677615577e-7, 0.5217391578886397, 0.05804366318849878, 3.1175110130724595e-9, 0.3192260304612238, 0.34039146008113064, 4.820503332743742e-9, 7.788072535505638e-9, 0.1378739796854092, 5.4190414785790815e-9, 9.758652495576916e-10, 9.696403889740245e-9, 3.1488329407730733e-7, 3.1533869774496066e-7, 3.065439148945043e-7, 8.246579743002578e-10, 5.7491874896926724e-8, 3.1361968822535153e-7, 1.433384370669994e-9, 1.9555823465620284e-9, 0.3403869879565866, 9.784127664992399e-9, 1.7470491377697449e-9, 1.0462511469565276e-9, 4.1739123894394844e-9, 2.988096995708546e-7, 8.879569661912571e-10, 0.13787402029495596, 0.13787401759503495, 2.8341415214807303e-9, 0.1378740216641673, 0.1378739034884173, 1.6302017428167563e-9, 0.13787402228992318, 1.1245013282151423e-9, 6.016906365217714e-9, 0.1378739795801501, 3.3364124439968666e-9, 0.6596129563981107, 0.20251320988219265, 2.200037926243116e-9, 7.622694015846261e-8, 5.442038416235182e-9, 0.34038698774138876, 1.4061400997117088e-9, 0.3403869060887864, 3.1256406017235495e-7, 0.13787397909796364, 1.9457768682895396e-9, 6.963519144073395e-10, 1.0691456941663e-9, 0.34038690949021944, 2.1653853640292705e-9, 1.0934872687042982e-9, 1.8022110821849446e-9, 1.9134831860743487e-9, 2.12502792159551e-9, 8.644693591257372e-10, 0.3403868964163449, 2.353771321598431e-9, 0.13787397162987722, 0.28930434477393574, 2.0961049418809913e-9, 1.136643660168591e-9, 9.699264706212573e-10, 2.4364581442857428e-9, 1.1272591714851345e-9, 0.34038690753668593, 0.3403868882338776, 0.1378738473067542, 3.1133172590410484e-7, 2.2230958849747293e-9, 0.340386907348297, 3.0816441374295573e-7, 2.5902954638888003e-9, 0.1378739794843287, 0.13787384760909704, 1.1000666911090092e-9, 9.841069128402685e-10, 3.115532897044828e-7, 7.454399619919327e-9, 0.13787384403721248]
v_opt: [0.39843059244412693, 0.6596130668964783, 0.4350894685535715, 0.11586324311171872, 0.0836970207689316]
solution time: 0.013134956359863281
McCormick lower bound: -5.949314336586138

