x_opt: [0.6338829423144196, 0.3661170699665258, 0.6338829540056228, 0.06495614771161393, 0.6338829511980574, 0.22612770843769445, 0.934974418778161, 0.36611717969364976, 0.36611706061885213, 0.36611704983996746, 0.1798707751118594, 0.6338829346715624, 0.3661170506804094, 0.06502558597297647, 0.3661170469033876, 0.3661170735190081, 0.06495614576680861, 4.133052527617959e-9, 0.06495638332777473, 0.06495635602913749]
w_opt: [0.6338829411674146, 0.26776589392826844, 1.4732353083166492e-9, 1.1992494336239437e-9, 0.2677658779357641, 0.36611704729536254, 9.075856855434712e-10, 3.526834008295102e-9, 0.06495614364975054, 2.3728321772214215e-9, 1.1219416732146457e-9, 2.489745062765547e-8, 3.284767689694396e-8, 0.3661170639011354, 0.3661170486907378, 0.06502558364933984, 3.4361744377183717e-9, 0.3661170685758666, 0.0649561449892062, 0.5688573734365949, 1.3440972752370518e-7, 5.539570154652801e-9, 0.2677658920488627, 0.36611706862188603, 3.6708935357852538e-9, 3.5496301976676947e-9, 0.06495638260319296, 2.9361020099082275e-9, 7.843755099197281e-10, 4.164285670473097e-9, 0.06495614648335765, 0.06495614618416594, 0.06495614232381795, 6.591550751673193e-10, 2.8556699357323736e-8, 0.06495614482022802, 9.339123241174471e-10, 1.5059187560714794e-9, 0.36611705987023885, 7.296449728063453e-9, 2.5775693083553266e-9, 9.564455016900592e-10, 2.7452634761641342e-9, 0.06495613468198372, 6.304152090377469e-10, 0.22612770535165383, 0.22612770537822965, 1.7971101765223063e-9, 0.2261277068694501, 0.06502558008625073, 1.5358920052780873e-9, 0.2261277077011834, 9.170355968544065e-10, 2.416689264330185e-9, 0.06495638253246176, 3.0002295872040263e-9, 0.6338829337155911, 0.3010915234988239, 5.900895125356546e-9, 2.6276652942510447e-9, 5.373898820082529e-9, 0.366117059775717, 1.1113178415030026e-9, 0.36611704444926557, 0.0649561442017578, 0.06495638184826116, 1.604263882167616e-9, 6.903729843790983e-10, 1.4032527248801028e-9, 0.3661170497899068, 1.2482062971938959e-9, 9.761093644437887e-10, 1.0894157267685928e-9, 1.3251607031549084e-9, 1.4406031991450033e-9, 7.070654845452994e-10, 0.3661170486978911, 2.00056416188483e-9, 0.06495637769702063, 0.17987077450243458, 1.3174429760817782e-9, 7.798217006785582e-10, 7.413643215144302e-10, 2.7758206766189346e-9, 9.557639057701882e-10, 0.36611704593345096, 0.3661170122287275, 0.06495635423810071, 0.0649561430413908, 2.0502362325450847e-9, 0.366117045360927, 0.06495614099782275, 1.2809126072352895e-9, 0.06495638190073104, 0.06495635509448898, 9.640586625230852e-10, 8.08000718754656e-10, 0.06495613934993541, 3.2267127903796256e-9, 0.06495635103258539]
v_opt: [0.3661171788514433, 0.6338829525105685, 0.401807595768253, 0.13404170445178634, 0.03235355469363743]
solution time: 0.013176918029785156
McCormick lower bound: -8.49170938609061

