x_opt: [0.7357715870433026, 0.26422609599165986, 0.7357744211973474, 0.07499273211709227, 0.7357671058938595, 0.26422975410748567, 0.7357735202591015, 0.7026377343409378, 0.4570146469002996, 0.2642255253509736, 0.16977408458547497, 0.5429854890179678, 0.26423279077360484, 0.2642264833539652, 0.26423158955212644, 0.2642326083504279, 0.07499272940108306, 6.537630624060983e-8, 0.07499232233108262, 0.07499237567048538]
w_opt: [0.7357715679239833, 0.471538700579134, 3.061506480601816e-8, 2.3666163831688367e-8, 0.27875708657512416, 0.2642327220261438, 2.3932883948560387e-8, 3.3449167911857606e-6, 0.07499270889538631, 4.407333773811984e-8, 2.184497299916422e-8, 5.238898354825587e-7, 1.0860732831347039e-7, 0.26422599352007525, 0.2642255154989958, 0.26422609191266455, 2.1172298059686045e-7, 0.26422608808378556, 0.074992694006192, 0.47154795240579805, 0.43841216868266025, 3.0914764559347074e-8, 0.2787599822134095, 0.2642325620681837, 7.013798266324342e-8, 5.9568867175323395e-8, 0.07499231353287727, 4.1269103801025374e-8, 7.95763019635111e-9, 9.433474715598666e-8, 0.07499271677100243, 0.07499269861235033, 0.07499254801603701, 1.3554748044249481e-8, 3.9539804750355925e-7, 0.07499271186759415, 1.307189001736547e-8, 3.236675801850408e-8, 0.4570146417671107, 6.837444093655065e-8, 1.3924355281305072e-8, 2.4387327117445314e-8, 2.1207068925871407e-8, 0.07499250693813019, 1.2575106136286363e-8, 0.2642296814889361, 0.2642296715042287, 2.5314149596689523e-8, 0.2642297340591094, 0.2642264632946984, 4.344109319627476e-8, 0.2642297405954605, 1.921782442419302e-8, 4.252779695189525e-8, 0.07499230642820691, 3.9869007566688597e-8, 0.5429854645388253, 7.1309611492004525e-6, 2.3899149388872382e-8, 4.5656385809461016e-8, 6.034385314923304e-8, 0.45701463650929935, 1.5811060339259182e-8, 0.2642315495337282, 0.07499271058992711, 0.07499230949682038, 1.4915356419132832e-8, 1.490588805023941e-8, 6.007798625081904e-7, 0.26423276859937556, 2.093146214682514e-8, 1.276715949156749e-8, 1.8926214620038284e-8, 5.4897584473903836e-8, 4.9592217067816374e-8, 1.3450110185067468e-8, 0.2642255089101642, 3.0679318508579355e-8, 0.07499222558111553, 0.1697740764398853, 2.5309865278701997e-8, 1.4124864583358935e-8, 1.8832143083087006e-8, 2.6577116241835832e-8, 1.3353781059164564e-8, 0.26423158292751797, 0.264231784752271, 0.07499235666330682, 0.07499267866126723, 2.696018964355109e-8, 0.2642315733494012, 0.07499262901063583, 1.7324576019608523e-8, 0.07499230760557979, 0.0749923611842278, 1.3265000888699855e-8, 1.4373322186731691e-8, 0.07499224109012785, 5.6793583193045315e-8, 0.07499228499129014]
v_opt: [0.7026377286477772, 0.7357744069938571, 0.5413541849657537, 0.06981515206531402, 0.02882330203812944]
solution time: 0.01238107681274414
McCormick lower bound: -5.266700413152107

