x_opt: [0.821275579727223, 0.17872449634452803, 0.8212929754731508, 0.17870660327494461, 0.8212727151808924, 0.17872700211252057, 0.8212756011897346, 0.821244595831211, 0.5705033556364699, 0.1787069862028439, 0.17872342825597837, 0.8000172742836879, 0.1787270401285251, 0.1787243747595972, 0.17870678381592775, 0.2122240491494599, 0.17870657052859903, 5.880060473460239e-8, 0.17870634440611452, 0.17870626712100787]
w_opt: [0.8212755699135887, 0.642548302439011, 1.560894434676748e-8, 1.4758492139055298e-8, 0.6212928634651722, 0.1787269807457682, 2.345367730987365e-8, 5.3485886177078e-8, 0.17870654987849285, 3.6853740111855866e-8, 1.0401165857350118e-8, 1.7478759038443885e-5, 6.826646110447637e-8, 0.17872442715038403, 0.17870697390421547, 0.17872435040987003, 8.441858136403692e-8, 0.17872448800961394, 0.17870656878998326, 0.642568585806267, 0.6425375839367082, 1.232011418898304e-8, 0.6213103016866265, 0.21222400109884887, 3.817269621394704e-8, 4.864454980041816e-8, 0.17870633445588502, 2.522159841674194e-8, 7.860000812842799e-9, 5.6358306547942496e-8, 0.1787065876544717, 0.17870658650694923, 0.17870652396509715, 1.0179360898199955e-8, 2.448577691488978e-7, 0.17870655920945694, 1.1050735998623194e-8, 2.1706896477129388e-8, 0.5705033485166966, 5.092479312732584e-8, 1.0486553355025813e-8, 1.3308846190160671e-8, 1.749874804677565e-8, 0.17870638788821516, 9.342171323239793e-9, 0.17872696482915915, 0.17872695141350048, 2.1049078540652644e-8, 0.1787269801313799, 0.17872431922301985, 2.0276894301462946e-8, 0.17872699139766549, 1.3907527168930953e-8, 3.574975917998721e-8, 0.17870633059306718, 2.4494499115364846e-8, 0.8000172611557543, 4.317184228899083e-6, 1.2148236997505617e-8, 2.1777744613448732e-8, 4.4279192002305734e-8, 0.5705033437462135, 1.134447923125805e-8, 0.17870674053033295, 0.17870655456864068, 0.17870633161367222, 2.218210527958034e-8, 1.0256529613797326e-8, 0.37052068872158733, 0.17872702754316586, 1.60271749049482e-8, 1.073301641013809e-8, 1.541060490805386e-8, 2.7416744406889545e-8, 2.75755829192838e-8, 9.317124093496863e-9, 0.1787069723532971, 2.32435695125279e-8, 0.17870623466637003, 0.17872341626348592, 1.7468423745071972e-8, 9.745348650334126e-9, 1.4271037422893942e-8, 2.229346050547766e-8, 1.0182037166088437e-8, 0.1787067742641214, 0.17872694242460324, 0.1787062525654814, 0.17870651601058285, 1.7255100879064977e-8, 0.1787067698032904, 0.17870648036962625, 1.690129595352636e-8, 0.1787063281360906, 0.17870625432861406, 9.677096025366167e-9, 1.135966176999864e-8, 0.17870624157103998, 4.618177811532131e-8, 0.1787062594329908]
v_opt: [0.8212445867891992, 0.8212929640691097, 0.6744889638235418, 0.03193637264524198, 0.03194211038018011]
solution time: 0.01576399803161621
McCormick lower bound: -4.34625427400548

