x_opt: [0.7511533535315106, 0.2488466454234269, 0.7511533561436041, 0.2488466385669346, 0.7511533522854639, 0.24884663154890016, 0.7511533621708691, 0.7426023105399905, 0.4419815303110993, 0.2488466450521616, 0.12725130935305343, 0.6632911667356445, 0.24884664684152769, 0.24884663791739717, 0.24884664461371267, 0.2488466461399683, 0.24884663773075763, 1.402957304565816e-9, 4.36889173090634e-8, 4.3272094184023164e-8]
w_opt: [0.7511533532345085, 0.5023067060970723, 5.548365589440883e-10, 4.750590100977456e-10, 0.41444452056528047, 0.24884664543485813, 3.1518445759817455e-10, 1.7560166783425683e-9, 0.24884663712708, 8.258067884093938e-10, 4.193734451324071e-10, 1.7783178844745857e-9, 1.926533774320004e-9, 0.2488466437303718, 0.24884664450952165, 0.24884663685136837, 1.7930442056279077e-9, 0.24884664515927898, 0.2488466377035028, 0.5023067185863525, 0.49375566694258133, 2.063579726814973e-9, 0.4144445241873641, 0.24884664497965142, 1.2630467071514606e-9, 1.1883213133607448e-9, 4.344537652554661e-8, 7.500145601859721e-10, 2.0820737528433262e-10, 1.114730186772724e-9, 0.2488466381873367, 0.24884663804778434, 0.2488466361968898, 2.7975641931353175e-10, 5.2138488350943826e-9, 0.24884663745854088, 3.026196009422218e-10, 6.40424439072846e-10, 0.44198153009163027, 1.4062143565574338e-9, 3.1848694375432343e-10, 4.600573094124693e-10, 6.370160650936932e-10, 0.24884663367748905, 2.3948204171774153e-10, 0.24884662992462703, 0.24884663049413785, 5.030839167285598e-10, 0.2488466310435573, 0.24884663026795542, 6.964507169970766e-10, 0.24884663120506853, 3.776675814328319e-10, 7.907904947066831e-10, 4.331918358803642e-8, 6.902376185234016e-10, 0.6632911662967819, 3.424481035752906e-8, 4.973536583899809e-10, 6.396061909438063e-10, 9.00376830438076e-10, 0.4419815300370443, 3.697202503042485e-10, 0.2488466436393129, 0.24884663726645437, 4.3299044251219064e-8, 3.7283556914715243e-10, 3.500857737461045e-10, 0.10527269752848938, 0.24884664653008298, 4.18194838053399e-10, 3.2525033493625667e-10, 4.0001532991549203e-10, 6.682533338244346e-10, 6.566693885352413e-10, 2.604573009013358e-10, 0.24884664461428987, 5.626450129918964e-10, 4.142035847523227e-8, 0.12725130903168294, 4.53876207765666e-10, 2.6576264763896735e-10, 3.3632633940794966e-10, 7.258221758302244e-10, 3.1738926775057324e-10, 0.24884664428622097, 0.24884663492174613, 4.279769685103215e-8, 0.24884663585427633, 5.802632497476247e-10, 0.24884664418745844, 0.24884663549798422, 3.8188461745638636e-10, 4.311360567387016e-8, 4.283271644200691e-8, 2.9730218437214397e-10, 3.2673535877462856e-10, 4.237045754965852e-8, 1.0856509404724247e-9, 4.281639164343364e-8]
v_opt: [0.7426023103025327, 0.7511533557481707, 0.5642313605046008, 0.061924653416414274, 0.016192896737920584]
solution time: 0.014134883880615234
McCormick lower bound: -6.347599194545839

