x_opt: [0.635351696018621, 0.36464829006540556, 0.635351774484063, 4.972852116162445e-7, 0.63535174845415, 0.15945022933081351, 0.8878500564026063, 0.3646486346279162, 0.36464823773616234, 0.364648225124596, 0.22868327392921323, 0.6353514357273253, 0.36464823605009344, 0.11214996694002843, 0.36464823565472165, 0.364648291722072, 4.883515247539582e-7, 3.4780856571631334e-8, 0.11215031978716047, 0.11215031318148962]
w_opt: [0.6353516877209282, 0.27070344983909356, 8.459788173775125e-9, 9.121898668065799e-9, 0.27070313712995175, 0.3646482138380406, 8.424736248427795e-9, 9.323607268927412e-8, 4.734546089882654e-7, 2.2086730959477317e-8, 6.785819203172973e-9, 7.111407966090294e-8, 2.1650417324420824e-7, 0.3646481661891787, 0.36464821867651087, 0.11214995191368603, 6.38792309000846e-8, 0.3646482736556623, 4.75300913213732e-7, 0.5232018364585956, 4.1430737223152254e-7, 2.196087060149702e-8, 0.27070323763643445, 0.3646482538595311, 5.044459331407543e-8, 2.997589753494429e-8, 0.11215031319474479, 3.9059664015257425e-8, 4.9306963604199524e-9, 6.894828308354435e-8, 4.819977187872212e-7, 4.855764186976348e-7, 4.256961665199735e-7, 4.9871423239806154e-9, 1.780997372482366e-7, 4.801129232303487e-7, 8.406682362943356e-9, 1.4067922071508016e-8, 0.3646482303676566, 1.1811274161020564e-7, 8.030704561768886e-9, 7.610096141599911e-9, 2.226286909082596e-8, 4.0726825737829576e-7, 6.049751473780078e-9, 0.15945020767952103, 0.15945020058944878, 1.5428728887856406e-8, 0.15945022111864393, 0.11214991288252815, 1.2641790328886556e-8, 0.1594502245566803, 6.661063536075426e-9, 2.230724091275168e-8, 0.11215031259355772, 2.9686918073508656e-8, 0.6353514279762221, 0.25250139850148895, 3.142348942459835e-8, 4.300091905829194e-7, 4.680243909045801e-7, 0.3646482309124579, 9.04996175612545e-9, 0.36464821942289394, 4.7000411601072963e-7, 0.11215030843384777, 9.908111640412618e-9, 4.1182831031822764e-9, 6.006123399632842e-9, 0.36464823039630023, 1.865561382929145e-8, 6.268845052586308e-9, 1.046536345244077e-8, 1.5182132423823376e-8, 1.7891296855648013e-8, 5.796259392671598e-9, 0.3646482205344528, 1.2028474409890777e-8, 0.11215025660038493, 0.22868326905409866, 1.1325919143318586e-8, 8.193900459983374e-9, 6.038957159801158e-9, 1.3267482376689763e-8, 6.453067830678544e-9, 0.3646482276891343, 0.36464771330589285, 0.11215030350839886, 4.698802835757229e-7, 2.0115326821244562e-8, 0.36464822512838485, 4.319746173089341e-7, 1.1368228027099674e-8, 0.11215031248562775, 0.11215030064022649, 6.833471970721423e-9, 5.48445381214368e-9, 4.7164482228717723e-7, 2.8468546056481516e-8, 0.11215029273255708]
v_opt: [0.36464862719770297, 0.6353517643545729, 0.4036718854265273, 0.13296858188259794, 0.052296092561352696]
solution time: 0.014690876007080078
McCormick lower bound: -7.407134081153558

