x_opt: [0.6440269443504897, 0.3559732461633372, 0.6440269398083178, 0.06695600415366436, 0.6440268819675481, 0.1563434088191981, 0.8436568289521412, 0.41196340143640914, 0.35597330959466383, 0.3559730066431394, 0.19762005292464627, 0.6440266951038124, 0.35597311651138597, 0.15634317962399275, 0.35597310451448827, 0.35597349145669877, 0.06695599809768649, 2.9645542440309146e-8, 0.06695615717869582, 0.06695602276660088]
w_opt: [0.6440269332732708, 0.2880538292162453, 6.185103241789137e-9, 5.583784533720049e-9, 0.2880536430243205, 0.3559730995607159, 4.1538894706440365e-9, 7.734971550922532e-8, 0.06695598864357319, 1.955596676969839e-8, 4.707580592333915e-9, 1.8848297254527962e-7, 1.6759616381755794e-7, 0.35597319988201476, 0.3559730036434901, 0.15634316764865064, 3.98174167372445e-8, 0.3559732434353268, 0.06695598910854926, 0.48768377162188004, 0.055990343902724296, 3.2188024233975915e-9, 0.2880536573268648, 0.35597346775097616, 2.6643250529163494e-8, 2.7329564961154332e-8, 0.06695615431751359, 1.4973372812436797e-8, 2.4293479653028304e-9, 4.13403184983384e-8, 0.06695599900297777, 0.06695599879909063, 0.06695596710945444, 2.999103616840007e-9, 2.4236872522028484e-7, 0.06695599451511199, 4.47173313978721e-9, 9.055052325000759e-9, 0.3559733072720458, 3.3720247398395286e-8, 5.547965692430029e-9, 4.2445394610745345e-9, 1.2378842726063358e-8, 0.06695590479405256, 2.9798163935725935e-9, 0.15634338771786627, 0.15634339096245126, 8.97501387845429e-9, 0.1563434037730379, 0.1563431413059141, 1.1320854775099136e-8, 0.15634340605062852, 4.811523113623521e-9, 2.0008709102968297e-8, 0.06695615369766318, 1.9158049597539298e-8, 0.6440266905777252, 0.19963002219046141, 1.4939852386623655e-8, 1.729815538621119e-8, 1.5367795043414204e-8, 0.3559733064032909, 5.022854180994799e-9, 0.3559730929336403, 0.06695599128823874, 0.06695615150688941, 6.107024562681509e-9, 3.346846167340776e-9, 1.1175200520233465e-8, 0.3559731141240901, 6.4694436701382644e-9, 4.198845180732641e-9, 6.165571620230078e-9, 9.159597807047464e-9, 1.00179703125739e-8, 2.6271512995487014e-9, 0.3559730034915173, 9.825030495877903e-9, 0.06695612172451362, 0.197620050639276, 9.768033469652849e-9, 3.338034705741953e-9, 3.137836600669787e-9, 1.236618044065744e-8, 4.663862120405552e-9, 0.35597310118422654, 0.35597298466632404, 0.06695601717329945, 0.06695598115940357, 1.0353552149622392e-8, 0.35597310005427546, 0.06695596293903903, 7.172366871034033e-9, 0.06695615170378127, 0.06695601810912644, 4.2654566243967744e-9, 3.960508976577597e-9, 0.06695588284829551, 2.6181697347391666e-8, 0.06695600756964094]
v_opt: [0.4119633986076274, 0.6440269354119807, 0.4147706932989365, 0.12671685967765284, 0.03905368663508609]
solution time: 0.013382911682128906
McCormick lower bound: -6.936443323520189

