x_opt: [0.28265914795064967, 0.0957402785691407, 0.9042608334282882, 0.11201915298701663, 0.8879809026987805, 0.09573910335894735, 0.7173409731364068, 0.9042602483292647, 0.8879808885712626, 1.1417822265423306e-6, 0.09573969824379373, 0.7173408481970992, 0.09573909654769441, 0.09574023388840563, 0.09573907301617887, 0.28909782528030686, 0.1120189940818295, 2.875921417407989e-8, 0.09573910596739718, 0.09573906232364972]
w_opt: [0.2826591434450805, 0.1706400518807424, 7.347149597584554e-9, 2.929474615843614e-9, 4.866558748694246e-9, 0.0957389813496522, 7.017212435965016e-9, 3.5619636398650445e-8, 0.11201898913001589, 2.162711269183991e-8, 2.0543852779506125e-9, 1.1137775196569356e-6, 5.1537157057658863e-8, 0.09574025863481427, 1.1377791078534306e-6, 0.09574022922041908, 6.825293773105667e-8, 0.09574027565819877, 0.1120191360243813, 0.6216018085374815, 0.8085211227669726, 2.5490886636757954e-8, 0.6216017281072487, 0.28909779358158444, 0.016279838304144204, 2.1360090484327917e-8, 0.09573910330538145, 6.669415524323759e-9, 5.773328171251016e-8, 5.252197621652112e-8, 0.11201914948705846, 0.1120191489993935, 1.1222515158746765e-6, 3.133444868686102e-9, 2.736958238006996e-7, 0.1120189919145599, 2.389936245983797e-9, 7.073630922572334e-9, 0.8879808867687933, 4.606794832951197e-8, 2.8380156051375066e-9, 3.1650994015826653e-9, 5.5695845045578226e-9, 0.11201876350358798, 2.639189858369357e-9, 0.0957390937072417, 0.09573905732807607, 9.415573123197735e-9, 0.09573908993095061, 0.09573908829505942, 7.568216847515195e-9, 0.09573909873551234, 7.133215380755604e-9, 2.1137154400467002e-8, 0.0957390947260003, 8.595430750329052e-9, 0.7173408441050386, 2.067741737316098e-6, 2.4085172287701923e-9, 7.4159027545060396e-9, 3.913038622018545e-8, 0.8879808830250957, 4.5473389458346185e-9, 0.0957389625732299, 0.11201899152231204, 0.09573910324847025, 1.8556586096359506e-8, 5.016506690529587e-9, 0.60532174228432, 0.09573908904619298, 3.4081210566614504e-9, 3.983159215288906e-9, 4.0523989541675306e-9, 1.2820867884375771e-8, 1.1226589162873414e-8, 2.433530807764271e-9, 1.1271029172402525e-6, 1.6074105443757516e-8, 1.00034226943438e-6, 0.09573966873606607, 6.016512320346719e-9, 1.972737889774997e-9, 8.3273824346584e-9, 7.689582718838538e-9, 2.6384947248058073e-9, 0.09573906734095083, 0.09573899179038896, 0.09573905864763375, 0.09573999875650145, 3.246477860842388e-9, 0.095739067532753, 0.09573903800217316, 8.167436736242854e-9, 0.09573905581821754, 0.09573905945685439, 2.2435532410755128e-9, 5.479068859769835e-9, 0.09573904991330065, 2.3642946144847304e-8, 0.09573905969594633]
v_opt: [0.9042602461869806, 0.9042608313862424, 0.7885103831209576, 8.37254115371109e-9, 0.009166278347840465]
solution time: 0.015622854232788086
McCormick lower bound: -2.9696508319998762

