x_opt: [0.6906575447218734, 0.3093424575454469, 0.6906575447867805, 0.20521114927764522, 0.6906575433196182, 0.20521114153758474, 0.794788856848626, 0.5417472654273568, 0.33424379176429597, 0.30934245508624736, 0.17843413310801004, 0.6657562093529628, 0.30934245657274845, 0.20521114343915078, 0.30934245615597455, 0.3093424582034433, 0.20521114399671495, 8.137423941461492e-10, 2.1898795866156628e-7, 2.1929656407256742e-7]
w_opt: [0.6906575443685522, 0.38131508815041515, 3.7066700562113584e-10, 1.5697706129214974e-10, 0.356413754186786, 0.30934245606087324, 1.0798264987985232e-10, 2.1453007063207636e-9, 0.20521114375955235, 5.293271690442175e-10, 1.7592939956151988e-10, 2.41124843921036e-9, 2.3678473183828626e-9, 0.3093424563572175, 0.3093424549676128, 0.2052111431579, 1.1106551138178371e-9, 0.30934245745261313, 0.2052111488588391, 0.4854464017231981, 0.23240481030020915, 8.173047067989311e-10, 0.3564137548813458, 0.3093424576512068, 4.4070788114760256e-10, 7.415830285297145e-10, 2.1890991670321322e-7, 3.059733868729127e-10, 7.476325185714503e-11, 9.92305822057024e-10, 0.20521114913620045, 0.205211149042719, 0.2052111482466988, 9.592618467536673e-11, 6.7036309993026965e-9, 0.20521114390206902, 1.296446660751685e-10, 2.81085317244767e-10, 0.3342437916969747, 9.78530457523484e-10, 2.334030671894184e-10, 1.283396192046145e-10, 3.665773158293105e-10, 0.20521114036776747, 7.719816455767974e-11, 0.20521114064717938, 0.2052111411209144, 1.8448919925780455e-10, 0.20521114136985832, 0.20521114059016496, 3.1812565703187673e-10, 0.20521114144447655, 1.4345994475943716e-10, 5.3585828567102e-10, 2.1888443304937048e-7, 5.97123762440665e-10, 0.6657562092189778, 0.10413135274524801, 4.2346613836308294e-10, 3.199800868322781e-10, 4.136717681710736e-10, 0.3342437916804856, 1.3578392500414224e-10, 0.3093424558755043, 0.20521114383102462, 2.188393609157366e-7, 1.6163456639066345e-10, 1.1847254051520867e-10, 1.4193334179647132e-9, 0.30934245645895886, 1.4787560991450985e-10, 1.1638259374695666e-10, 1.7192507028938377e-10, 2.783992949419303e-10, 2.6821307470792666e-10, 7.987600326173849e-11, 0.30934245493518614, 2.562407841356186e-10, 2.1819014384835624e-7, 0.1784341330294517, 2.7814230711314606e-10, 1.0022171044763236e-10, 9.399467558344713e-11, 2.4915251206039433e-10, 1.3480354420034585e-10, 0.3093424560335063, 0.30934244742165196, 2.1909430150888185e-7, 0.2052111429684114, 3.149717698453433e-10, 0.3093424560210567, 0.20521114328811316, 1.8549929849835618e-10, 2.1881837708826802e-7, 2.19106740232273e-7, 1.1660941617556143e-10, 1.2963652878382078e-10, 2.1855039328853908e-7, 7.133044845998895e-10, 2.1806109224969809e-7]
v_opt: [0.541747265350924, 0.6906575446421097, 0.47700784483887, 0.09569277092790895, 0.03183875375671072]
solution time: 0.015742778778076172
McCormick lower bound: -6.9640517405865525

