x_opt: [0.7001255030038389, 0.30008316010937086, 0.7001255035905847, 0.09078119100393811, 0.7001255048761441, 0.16907082732354065, 0.8309295873868516, 0.4125662958852652, 0.2998746257361162, 0.2998744734945386, 0.22536055488786313, 0.7001253384692315, 0.2998744926220829, 0.16907041114628932, 0.29987447379582566, 0.3000832707559968, 0.09078113412189544, 2.623905462828122e-8, 0.16907039899337506, 0.0907811398257161]
w_opt: [0.7001254925381223, 0.4002510114879172, 6.9109465971580135e-9, 5.406374605537586e-9, 0.4002508458931785, 0.29987447427040914, 4.772111373365648e-9, 2.839460572834466e-8, 0.0907811232527018, 1.6024184984806116e-8, 4.78517685980844e-9, 0.0002086676139840427, 0.00020868840773631764, 0.30008312532101716, 0.2998744694784585, 0.16907040077464416, 2.005050145066789e-8, 0.3000831553982604, 0.09078117603263164, 0.5310550939478903, 0.11269180296893061, 1.5067466717401637e-8, 0.400250861461105, 0.30008323967064277, 1.9846554372344926e-8, 2.311833360185762e-8, 0.16907039542388055, 1.4663150347358754e-8, 4.140824788660579e-9, 2.92837874095501e-8, 0.09078118484543053, 0.09078118388175961, 0.09078116456534073, 3.153103821184248e-9, 1.4300245983283717e-7, 0.09078113007468736, 4.8027221787775606e-9, 7.78660487354413e-9, 0.2998746225104348, 5.256890645982637e-8, 9.816263247252876e-9, 4.236866695837358e-9, 1.2361876673898038e-8, 0.09078107005980057, 3.130457661762371e-9, 0.1690708135578598, 0.16907080960599086, 1.0774684834967394e-8, 0.1690708196661683, 0.1690703715909534, 7.363391302647195e-9, 0.1690708239508194, 4.739411830905508e-9, 1.6678395013748446e-8, 0.16907039530572032, 1.6966429261086076e-8, 0.7001253343737023, 0.1308043293177085, 9.200530138368854e-9, 2.8042164514274935e-8, 5.611670648288429e-8, 0.29987462140764676, 5.4998466161284705e-9, 0.2998744619976281, 0.09078112680710357, 0.16907039161176637, 9.382980537124363e-9, 3.320802491708236e-9, 7.24930499925231e-9, 0.29987448859538857, 6.209632801791722e-9, 4.854370433057857e-9, 5.72612389134993e-9, 6.428114922549015e-9, 7.3981791732077775e-9, 3.233814545451523e-9, 0.2998744684166252, 1.201357355051881e-8, 0.1690703664941632, 0.22536055181651082, 7.502218823960746e-9, 3.6577955592745068e-9, 3.5299117572351007e-9, 1.3884566214863627e-8, 4.892114394308298e-9, 0.29987446953638247, 0.2998744360462979, 0.09078113129355964, 0.09078112011950074, 9.551201456703733e-9, 0.2998744678242317, 0.09078110997390945, 7.921198790192042e-9, 0.16907039186352119, 0.09078113564771395, 4.698805644982084e-9, 4.054613489561733e-9, 0.09078107841975212, 2.1564101825221508e-8, 0.0907811241996084]
v_opt: [0.41256629129254196, 0.7001254971727401, 0.4901757492039144, 0.08992476241381038, 0.05078738159528329]
solution time: 0.013606071472167969
McCormick lower bound: -6.99590158835223

