x_opt: [0.6545697636956384, 0.3517934340250446, 0.6545697660586207, 0.0012666884453940987, 0.6545697714137751, 0.13775109673134775, 0.8622489183389979, 0.3818674476090624, 0.345430299606053, 0.3454302296621847, 0.2643995046675042, 0.654569689684537, 0.34543023113805604, 0.13775108061172697, 0.34543022566420234, 0.351793440119871, 0.001266684726093257, 7.961258779446187e-9, 0.13775108180211698, 0.13775104109370365]
w_opt: [0.6545697617731685, 0.30913953640957975, 2.379578795662434e-9, 1.8531423402229154e-9, 0.30913945492595, 0.34543022522315825, 1.8187242775481355e-9, 6.779064924430455e-9, 0.0012666808959311837, 4.6106521771966016e-9, 1.4513683992695723e-9, 0.006363201834810922, 0.006363213958290873, 0.35179342339426883, 0.34543022812832536, 0.13775107735320108, 5.61839193737717e-9, 0.351793431891511, 0.001266683419465939, 0.5168186857274312, 0.03643721512730391, 4.064533414749415e-9, 0.3091394616821353, 0.35179343050456335, 5.903545661474579e-9, 6.66901077834485e-9, 0.1377510803132597, 4.390038561770972e-9, 1.6347373960511093e-9, 8.072074536925554e-9, 0.0012666858808600622, 0.0012666860201967624, 0.0012666792985799185, 1.1391302485851113e-9, 3.834663069335711e-8, 0.0012666831299696691, 1.712080815354254e-9, 2.446753283557712e-9, 0.34543029823925253, 1.7019778011269156e-8, 5.838395245408691e-9, 1.4553605877224738e-9, 4.557707231381928e-9, 0.001266665904472087, 1.1644933503823037e-9, 0.13775109278163075, 0.13775109040781536, 3.752984327591543e-9, 0.13775109417365383, 0.13775107463886865, 2.1860147018472865e-9, 0.1377510954742248, 1.5771128332820332e-9, 4.800668440595653e-9, 0.13775108025109703, 4.5738782376109456e-9, 0.6545696881749795, 0.2076792651972669, 3.0894206198244823e-9, 7.925513815393535e-9, 8.29063189453788e-9, 0.34543029783067375, 1.945131316085499e-9, 0.3454302213258307, 0.0012666818558265728, 0.1377510791757497, 3.2210519394490718e-9, 1.0421144152044436e-9, 1.839360515575657e-9, 0.3454302297860258, 2.3725327882225106e-9, 1.6610789698495573e-9, 1.9811829213708035e-9, 2.206277529924788e-9, 2.4758256214710866e-9, 1.1498143847723832e-9, 0.3454302275801929, 3.7806101192279745e-9, 0.13775107175347637, 0.26439950341922874, 2.2872144168095688e-9, 1.416859084930164e-9, 1.2460246864006044e-9, 3.78377193491417e-9, 1.5647324272128477e-9, 0.34543022402780094, 0.34543020377466394, 0.13775103820558426, 0.0012666797648965722, 2.992805793779549e-9, 0.3454302231194544, 0.00126667653480261, 2.7197576817827675e-9, 0.1377510795143467, 0.1377510398463859, 1.6096791780771424e-9, 1.3469581687220862e-9, 0.0012666802645797635, 6.099793262286027e-9, 0.1377510390734206]
v_opt: [0.38186744565850894, 0.6545697637799108, 0.42846377139784725, 0.11932246106336783, 0.06990737749338344]
solution time: 0.014497041702270508
McCormick lower bound: -6.349205758921119

