x_opt: [0.7814095975318676, 0.18740428615506738, 0.8125988874460743, 1.0127512374270507e-5, 0.7413947871690761, 0.25860388945257257, 0.8125952175006111, 0.7568895519681879, 0.49116181428417266, 0.1874011184793691, 0.21854693698863623, 0.5088379887508453, 0.25860410387667726, 0.18740477469875538, 0.21862622143379762, 0.2586040965803278, 1.0082072792506868e-5, 6.502744383580736e-8, 0.1874011008031165, 0.18740115438370072]
w_opt: [0.7814095857991614, 0.5228043893860095, 1.862186391484483e-8, 1.4666875331223411e-8, 0.290247593152171, 0.2586040404207545, 1.4951361858424242e-8, 3.592774382462194e-5, 1.0062874859001466e-5, 4.4692837954621305e-8, 9.130820969621355e-9, 3.1788920516930706e-6, 4.589665882911532e-8, 0.18740413597249336, 0.18740110920074776, 0.1874041298457588, 3.9475752103585255e-7, 0.18740427106262528, 1.0086082211098716e-5, 0.6251941142664096, 0.5694884525832546, 5.768899614284498e-8, 0.3214369494163268, 0.25860403874528914, 5.8941514116058744e-8, 5.632610963061658e-8, 0.18740109089256804, 8.347176343642143e-8, 6.003930205132397e-9, 1.394057098058015e-7, 1.0105884781436023e-5, 1.010493254607737e-5, 9.994730651935293e-6, 1.0946175299646253e-8, 7.274079359396438e-7, 1.005424806326872e-5, 1.1151732364273802e-8, 2.7743936464993235e-8, 0.49116180855346203, 7.35173570888212e-8, 7.52713788400436e-9, 1.1414234889176219e-8, 1.4517517930228318e-8, 9.793678488264696e-6, 1.0972556817657586e-8, 0.25860385073343173, 0.2586038096761175, 2.3682966246368165e-8, 0.25860387299572507, 0.1874045248440553, 2.822269656039194e-8, 0.2586038783711326, 1.564939348426641e-8, 4.420730326396153e-8, 0.18740108600061825, 3.415386329815673e-8, 0.5088379744174365, 0.07120041335752866, 1.823230637535025e-8, 3.7520174124618376e-8, 7.100101353455843e-8, 0.49116180168963824, 1.2890212798287544e-8, 0.21862617345668475, 1.0063075242046167e-5, 0.18740109008245567, 1.2313456855852482e-8, 8.553813209813755e-9, 8.396937152868935e-8, 0.25860409262623485, 2.4496597647069642e-8, 9.322798129421028e-9, 1.8249439954701063e-8, 6.921785991755992e-8, 6.759303042429417e-8, 1.022497275117552e-8, 0.18740110950525923, 2.3498957607345546e-8, 0.18740045988564913, 0.2185469263473057, 2.1069107624795807e-8, 1.3033087548485342e-8, 1.8119992949517505e-8, 1.8043304951194457e-8, 8.8333813908372e-9, 0.21862621670969665, 0.2586031351772435, 0.18740114035268665, 1.0022810498342763e-5, 1.9416405669072132e-8, 0.21862621120639533, 9.982188786456229e-6, 1.8114670404593554e-8, 0.18740108976822542, 0.18740114327035956, 9.463600429225419e-9, 1.0714523867111867e-8, 1.000801397112996e-5, 5.567799660207511e-8, 0.1874010608390701]
v_opt: [0.7568895447770337, 0.8125988784273394, 0.5496665108769614, 0.03511925272144113, 0.04776277697126174]
solution time: 0.014490842819213867
McCormick lower bound: -4.035126668518701

