x_opt: [0.8070512014639141, 0.19294898027775378, 0.8070512067095831, 0.19294878582587538, 0.8070512033240669, 0.1929487652057772, 0.8070512239232276, 0.8801051975582395, 0.6412324241845351, 0.19294879287172562, 0.11989477632584593, 0.7822313378234248, 0.19294879318837904, 0.19294877522309994, 0.1929487344117515, 0.19296469815321188, 0.19294877627768278, 3.963525152577334e-9, 0.12694765067594121, 0.11989477509999938]
w_opt: [0.8070512005845312, 0.6141024054161339, 1.3558851275337362e-9, 1.0147035453834323e-9, 0.5892825400776903, 0.19294878898246456, 9.417752783370982e-10, 3.041729652898612e-9, 0.19294877464706095, 2.325243750108579e-9, 8.676257497793121e-10, 1.8758725704837273e-7, 1.8776445129263552e-7, 0.1929489760191906, 0.19294879186058148, 0.1929487732715216, 3.717623567665589e-9, 0.19294897967067506, 0.19294878337998206, 0.6141024312644093, 0.6871564050869803, 3.309674520588332e-9, 0.5892825481013412, 0.19296469448638845, 3.158765874080936e-9, 3.2924962328394045e-9, 0.12694765000665573, 1.7403567400625943e-9, 6.763187264508533e-10, 3.3110361411914924e-9, 0.19294878484041111, 0.19294878449965053, 0.1929487792831347, 6.878651772270983e-10, 1.510248773294427e-8, 0.19294877564322244, 7.574143611457892e-10, 1.440215969003909e-9, 0.6412324236623469, 4.954678969796427e-9, 9.522294591629133e-10, 9.395366453282353e-10, 1.488465156452477e-9, 0.19294876427267468, 5.942760096780865e-10, 0.19294876219898485, 0.19294876220522242, 1.4954372780664623e-9, 0.19294876381369297, 0.19294876196654345, 1.4033122600585531e-9, 0.19294876433668434, 9.757879005314521e-10, 2.296305324172801e-9, 0.12694764983118678, 1.8168400034289723e-9, 0.7822313369179409, 1.0285103312954526e-7, 1.0522379100451918e-9, 1.465859081889583e-9, 2.6832063357262776e-9, 0.6412324233578127, 1.0296941373194313e-9, 0.1929487315227265, 0.19294877520363957, 0.12694764965121366, 1.7062801349382633e-9, 8.245221741860942e-10, 0.4234637633967117, 0.1929487922297541, 9.748435740325343e-10, 8.538906068086597e-10, 9.919312411717349e-10, 1.4658943026139626e-9, 1.4741825388174594e-9, 6.145050008031992e-10, 0.19294879114841199, 1.8542290573467723e-9, 0.12694764447058957, 0.11989477552237093, 1.164136635713103e-9, 6.288927060681133e-10, 8.273205191824666e-10, 1.8927674035702284e-9, 8.005373772838897e-10, 0.19294873350761485, 0.19294878193459142, 0.11989477384385364, 0.19294876869159314, 1.3065309604366717e-9, 0.19294873328686438, 0.1929487285883722, 1.1484907230325867e-9, 0.12694764910295164, 0.11989477421976699, 7.389388292479066e-10, 8.338817986680454e-10, 0.11989477264158419, 3.023117436601347e-9, 0.11989477434461088]
v_opt: [0.8801051968721056, 0.8070512057519038, 0.6513317813161803, 0.03722945336387467, 0.014374770391570809]
solution time: 0.015482902526855469
McCormick lower bound: -5.065631472136531

