x_opt: [0.7476663928987638, 0.25233784718744073, 0.7476663964172899, 0.25233338682465584, 0.7476663711915861, 0.2523322317017033, 0.7476668057444114, 0.6810403458143811, 0.3440062937626663, 0.25233360096851204, 0.19416039413811867, 0.6560083564997261, 0.25233361564533974, 0.2523331936178984, 0.25233354765358734, 0.2563812160894354, 0.2523333115237132, 3.273932924304781e-8, 9.205307392696662e-7, 6.699339455740553e-7]
w_opt: [0.7476663724395232, 0.49533276952647926, 1.539461174121543e-8, 8.614102368412824e-9, 0.40367475735390723, 0.25233358223985136, 6.6936488521153175e-9, 3.652466698241369e-8, 0.2523332984678356, 2.050651157936859e-8, 8.054576852030017e-9, 4.248162202437317e-6, 4.2725688091663965e-6, 0.2523378030380203, 0.25233359317264453, 0.2523331748707764, 3.1757187859269054e-8, 0.25233784144892996, 0.2523333676588896, 0.4953332067222927, 0.428706747108891, 2.9331883659152688e-8, 0.4036747835989153, 0.2563811826254654, 2.9140450586852536e-8, 2.860992037087604e-8, 9.160402674389459e-7, 1.9286951388781625e-8, 4.772687726142594e-9, 3.2720209083515604e-8, 0.25233337982868365, 0.25233337664357836, 0.25233332957358073, 4.831631500299836e-9, 1.5394869623350491e-7, 0.25233330664930714, 5.7851185478635305e-9, 1.1136246878957057e-8, 0.3440062896893597, 5.0942278145153346e-8, 1.1380907146481002e-8, 7.501763903552647e-9, 1.522479094066631e-8, 0.25233322436314537, 4.333175211800393e-9, 0.2523321996448297, 0.2523322072051943, 1.1593981914240884e-8, 0.25233222011583006, 0.25233219420693015, 1.4137636571279195e-8, 0.2523322265100666, 7.18779754845246e-9, 2.013657689653677e-8, 9.149127453794253e-7, 1.9760415426112507e-8, 0.656008349364499, 9.330377267900446e-7, 1.2003435974058476e-8, 1.5383961719294918e-8, 2.3004546492556442e-8, 0.3440062881641393, 7.467224764753426e-9, 0.25233352633447986, 0.25233330297569706, 9.120041865314154e-7, 9.426642288097816e-9, 6.478835389501561e-9, 1.466312065909718e-5, 0.2523336092618439, 7.572266606987246e-9, 6.8041307003735676e-9, 7.668083428409594e-9, 1.0943989350685598e-8, 1.2367771928713987e-8, 4.27978629393875e-9, 0.2523335901458107, 1.6795929279624364e-8, 8.81833785767731e-7, 0.19416038961249665, 1.0709915199583016e-8, 4.542632050209365e-9, 5.158402014431299e-9, 1.6144716331707465e-8, 6.95688729752804e-9, 0.2523335412575853, 0.25233340771562374, 6.59670534708465e-7, 0.25233313161793314, 1.2779560870146284e-8, 0.2523335400596835, 0.2523332682937179, 8.443542944051226e-9, 9.076128063921852e-7, 6.620974144952849e-7, 6.3189146374911286e-9, 6.446974764513187e-9, 6.399252624497829e-7, 2.635435424902513e-8, 6.613019449423557e-7]
v_opt: [0.6810403408226984, 0.7476663884059754, 0.5590050126121932, 0.06367236236403753, 0.03769859947105686]
solution time: 0.012301921844482422
McCormick lower bound: -6.717738958193103

