x_opt: [0.7992425119711767, 0.2007609851839682, 0.7992425207803074, 0.20075740448455104, 0.7992424851548379, 0.200757473125289, 0.79924251776832, 0.5463386877854263, 0.2813769978413825, 0.20075749060681994, 0.19756517143669702, 0.7186232922328332, 0.20075749626674558, 0.20075747554011322, 0.20075729266305434, 0.3347072448976745, 0.20075739836544496, 7.4181700802347875e-9, 0.2007569979068449, 0.2007569758439342]
w_opt: [0.7992425086848719, 0.5984849982347253, 4.894733441787745e-9, 1.07332537433202e-9, 0.5178658054891565, 0.20075748727946555, 1.5337970658191754e-9, 5.69087900246642e-9, 0.20075739561982583, 4.709135172188503e-9, 1.3987885957969037e-9, 3.5069592253330917e-6, 3.480451619686981e-6, 0.2007609757612009, 0.2007574892817227, 0.2007574729408171, 7.011868242975591e-9, 0.20076098428205646, 0.20075740014770374, 0.5984850394669343, 0.34558120973058554, 1.9343886782845718e-8, 0.5178658197430507, 0.334707235747321, 4.755451589918386e-9, 6.4410109848938405e-9, 0.2007569969234841, 4.964417800118765e-9, 1.0394873177588614e-9, 7.487782068493715e-9, 0.20075740295965688, 0.20075740267810258, 0.2007573937186122, 9.817023916392202e-10, 3.4294407078302555e-8, 0.20075739739832904, 1.1854538682993464e-9, 2.1689614728372585e-9, 0.2813769970443987, 1.0838197053347916e-8, 1.9009708668131703e-9, 1.4011021238545438e-9, 2.6660687055338905e-9, 0.2007573777236306, 9.135491492964086e-10, 0.20075746836959366, 0.20075746741233383, 2.857318133231274e-9, 0.20075747015826975, 0.20075745985592858, 2.5553049453867963e-9, 0.20075747205363212, 1.5090796663753772e-9, 4.712710691234859e-9, 0.200756996800108, 4.022757642723069e-9, 0.7186232909776724, 1.4343421292905008e-7, 1.8294657284644005e-9, 3.1414359197966024e-9, 9.502697881784342e-9, 0.28137699663898713, 1.5341016740140417e-9, 0.20075728736886686, 0.2007573966872044, 0.2007569962148401, 2.4045945405471417e-9, 1.1870476991192012e-9, 2.9954315065393515e-7, 0.20075749502354584, 1.6088096303627168e-9, 1.4033565405570448e-9, 1.6017706826576073e-9, 2.2901977316819384e-9, 2.603493267247612e-9, 8.308868873555811e-10, 0.20075748899741644, 4.390684429497884e-9, 0.20075698915260715, 0.19756517031504786, 2.2098213253265255e-9, 9.165035031005606e-10, 1.0887905795892374e-9, 3.254557664053091e-9, 1.3571203712462081e-9, 0.20075729147739027, 0.20075747999633595, 0.20075697390387762, 0.20075739198429768, 2.3485799078336123e-9, 0.20075729094072223, 0.20075727776865557, 2.0451560521898717e-9, 0.20075699568872654, 0.20075697468710127, 1.2548439072092614e-9, 1.2961926170565658e-9, 0.2007569653347164, 6.005913301181976e-9, 0.2007569631138179]
v_opt: [0.546338686655396, 0.7992425193489061, 0.6387885700227928, 0.04030358175537415, 0.039032139560920553]
solution time: 0.015341997146606445
McCormick lower bound: -5.314387514748938

