x_opt: [0.7020501613313783, 0.29794984330940794, 0.7020501623687041, 2.947363014338621e-8, 0.7020501528176084, 0.16775312350287389, 0.8322468964039968, 0.4867253621438422, 0.3590127681548026, 0.29794983648822626, 0.29794757081404244, 0.6409872305958245, 0.2979498462512492, 0.1677531036248276, 0.29794984527194873, 0.31138248544732045, 2.9206764836445084e-8, 1.888386395437504e-9, 0.16775309533061525, 0.16775301109338062]
w_opt: [0.7020501610103226, 0.4041003147248321, 5.151404365569048e-10, 5.149196819086191e-10, 0.34303739222851115, 0.29794984481579273, 4.905359310911862e-10, 9.367057384091962e-9, 2.847109862338753e-8, 1.1481214277436497e-9, 3.3526878188407855e-10, 5.942172820164536e-9, 3.1450023649382955e-9, 0.29794984083849557, 0.2979498360295644, 0.16775310281934566, 2.387330349082427e-9, 0.29794984296042826, 2.84067396761431e-8, 0.5342970591096667, 0.1887755248835936, 7.803791333831726e-10, 0.34303739434556674, 0.3113824839312009, 1.4242691494676338e-9, 1.557493033405744e-9, 0.16775309493788143, 1.0240970078294416e-9, 2.757421915066236e-10, 1.6672484787849489e-9, 2.876836431821149e-8, 2.8991804702906774e-8, 2.655554117251997e-8, 3.2711864973408624e-10, 5.384779358461316e-9, 2.867665904236313e-8, 4.426150820036133e-10, 7.236637697386171e-10, 0.3590127678186613, 2.0331465608367397e-9, 4.1088703863570833e-10, 4.417693009337897e-10, 7.52162290289383e-10, 2.5555613377445815e-8, 3.5327757213687013e-10, 0.16775312248913749, 0.16775312181758456, 7.646473068272483e-10, 0.16775312303227516, 0.16775310221192014, 6.122574827439997e-10, 0.16775312316726734, 4.132087040513822e-10, 1.1249728231058972e-9, 0.16775309481799583, 8.223648883571032e-10, 0.6409872301216283, 0.1301967650987325, 6.291274510766586e-10, 1.0390742955218641e-9, 1.7189087463394117e-9, 0.3590127677394307, 4.711753681567755e-10, 0.2979498441678702, 2.8451908222813214e-8, 0.16775309483793902, 4.978971734469697e-10, 2.71129867870953e-10, 5.369033826892058e-10, 0.29794984596096025, 7.858698810524911e-10, 3.552474591830986e-10, 5.791475498372626e-10, 8.948197893936523e-10, 9.169821819575085e-10, 3.444673704506528e-10, 0.2979498359911335, 6.300723709089111e-10, 0.1677530921723459, 0.2979475704417064, 5.615295961586354e-10, 4.3092575184646583e-10, 4.4535815596109655e-10, 7.104534800624062e-10, 3.4949967383952597e-10, 0.2979498449356066, 0.29794983935577185, 0.1677530105845033, 2.783635721671159e-8, 6.733027275039168e-10, 0.2979498447795458, 2.677842681209735e-8, 6.088940684008643e-10, 0.1677530948540951, 0.16775301067746365, 3.468658590771665e-10, 3.4284315376753617e-10, 2.8321545905842522e-8, 1.4750272051712705e-9, 0.16775301070107984]
v_opt: [0.48672536177021947, 0.7020501619285405, 0.49287442177906426, 0.08877410566610161, 0.08877276387442806]
solution time: 0.012410163879394531
McCormick lower bound: -5.174591309859181

