x_opt: [0.6619713029750361, 0.3380310307803541, 0.6619713124469208, 0.07858239973014643, 0.6619711676322129, 0.15864807886570018, 0.8413524825384832, 0.4342644833926735, 0.3380319313005362, 0.3380285353383219, 0.23500284579517539, 0.6619680861927727, 0.33802881845785393, 0.1586475621053816, 0.3380285921372917, 0.33803887095220136, 0.07858236750014762, 1.577373205363753e-7, 0.07859025696621483, 0.0785819548063165]
w_opt: [0.6619712384395924, 0.3239424849420612, 3.42483712119539e-8, 2.7159277678494776e-8, 0.3239394081856176, 0.3380287244589582, 2.0900881427102574e-8, 2.7256327008555806e-7, 0.07858231866808216, 1.0453515814577836e-7, 2.370811365851903e-8, 2.356640264077114e-6, 2.3845727524844015e-6, 0.3380307666956695, 0.33802852007022594, 0.15864750857493287, 2.3642356017523152e-7, 0.33803101624851517, 0.07858231666453759, 0.5033238089683172, 0.0962358099602607, 8.213257040466302e-8, 0.3239395446799787, 0.33803874137105083, 1.1356178905093108e-7, 1.4471124452569394e-7, 0.07859024225484278, 7.075563275783923e-8, 1.2280592100399204e-8, 2.3009772907858755e-7, 0.07858237426663564, 0.07858237308914026, 0.07858224221948154, 1.451948545306245e-8, 1.0239556194097436e-6, 0.07858235142355008, 2.1660235314262302e-8, 4.863548632337505e-8, 0.3380319203038899, 2.8574516591887713e-7, 3.5011473478741794e-8, 1.91729355503591e-8, 6.675910947881417e-8, 0.07858184120207573, 1.4688763985593172e-8, 0.1586479694402621, 0.1586479815789108, 4.644439088068088e-8, 0.15864805607425414, 0.15864740516080625, 6.233436496070377e-8, 0.15864806505199355, 2.4928095921654734e-8, 1.063785832973646e-7, 0.07859024035261555, 1.1728600445667598e-7, 0.6619680658212643, 0.17938309527340254, 7.707974309290614e-8, 6.55637385927144e-8, 1.361317493290305e-7, 0.33803191566143265, 2.5303828672145086e-8, 0.3380285291593452, 0.07858233567423159, 0.0785902260180383, 3.4203139334015485e-8, 1.7247873646998903e-8, 7.129009767741611e-8, 0.3380288042314313, 3.1657746742157917e-8, 2.120840470444735e-8, 3.1473149860242364e-8, 4.7358957214071745e-8, 5.428999503083843e-8, 1.2648410995613405e-8, 0.33802851778714943, 5.522063883163672e-8, 0.07859001955286912, 0.23500283443653405, 4.969019848082031e-8, 1.59540884551988e-8, 1.5266237065067654e-8, 6.453586548462037e-8, 2.385352165235483e-8, 0.33802857724096497, 0.33802805542522907, 0.07858192698386202, 0.07858229481542776, 5.627724058404025e-8, 0.3380285698579235, 0.07858218447973774, 4.023947554901864e-8, 0.07859022487249148, 0.0785819245818594, 2.1453255729034613e-8, 2.0390804022412536e-8, 0.07858168082462694, 1.4005683278012078e-7, 0.07858176993578056]
v_opt: [0.4342644686082378, 0.6619712926459984, 0.4382058408041771, 0.11426337363755233, 0.05522646645278371]
solution time: 0.016093015670776367
McCormick lower bound: -6.593517333227398

