x_opt: [0.636223788167601, 0.36377724034636905, 0.6362237888183998, 3.3393124605179304e-7, 0.6362237905388705, 0.15867300331952297, 0.8869238312818444, 0.3658615789446606, 0.36377622709888274, 0.3637761975762501, 0.2308604954780792, 0.6362237589797437, 0.3637762023088768, 0.11307617152983036, 0.3637761946801893, 0.36377730444754997, 3.2829726522451204e-7, 1.3942795472216797e-8, 0.11307609335022764, 0.11307586928139862]
w_opt: [0.6362237830937737, 0.2724475805956534, 3.884392762922985e-9, 3.1388059491358173e-9, 0.27244754971207286, 0.363776193095027, 2.7103404298802255e-9, 1.2410712003328196e-8, 3.2227899518850994e-7, 8.321294105824822e-9, 2.651398359062649e-9, 1.0316589818368863e-6, 1.0412391638009723e-6, 0.36377722030410325, 0.3637761953796504, 0.1130761658667087, 1.015549737259422e-8, 0.3637772375784601, 3.264161598823282e-7, 0.5231476219887865, 0.0020853699202819562, 6.560341593753738e-9, 0.2724475578063603, 0.3637772898633751, 1.0091256815613104e-8, 1.2076200842871427e-8, 0.1130760911543023, 8.835748669007248e-9, 2.3390616161644377e-9, 1.266611518230376e-8, 3.301224191008089e-7, 3.3003189685455406e-7, 3.204481344077217e-7, 1.8003999865316464e-9, 4.9833418685790354e-8, 3.2554014077354015e-7, 2.762704358700713e-9, 3.990603348978105e-9, 0.3637762249474279, 2.2265658937539608e-8, 5.718020276279766e-9, 2.458711632085785e-9, 6.748325798879776e-9, 3.004523579422733e-7, 1.821760787532606e-9, 0.15867299581120475, 0.15867299393649975, 5.526573405606002e-9, 0.1586729991888076, 0.11307616291752656, 3.925018345438392e-9, 0.1586730013631636, 2.5141124820632813e-9, 8.55287017753969e-9, 0.11307609117868511, 9.079894542420582e-9, 0.6362237565002726, 0.250700205321769, 7.8106702651719e-9, 1.2432377653886347e-8, 1.0927399908579692e-8, 0.3637762245855275, 3.1546975444338714e-9, 0.3637761885250467, 3.2370737246504547e-7, 0.11307608912236328, 4.9536325870652126e-9, 1.7317467390102072e-9, 3.4387391635594132e-9, 0.363776199822952, 3.788197445770849e-9, 2.6627757857257215e-9, 3.3034574887022598e-9, 3.725476646591267e-9, 4.184544477108795e-9, 1.997464506467489e-9, 0.36377619466798194, 5.752462878960424e-9, 0.11307607786327288, 0.23086049345072404, 4.0923281033925836e-9, 2.297492035273382e-9, 2.116614452395699e-9, 7.662156245984154e-9, 2.676136514152646e-9, 0.3637761920285075, 0.3637761599256394, 0.11307586449228439, 3.211320644316436e-7, 5.6259959691285795e-9, 0.36377619109050724, 3.14804713975837e-7, 4.2855343896545314e-9, 0.11307608973254248, 0.11307586707673116, 2.6623759537816274e-9, 2.23285827346873e-9, 3.200131544689553e-7, 1.1224787778618299e-8, 0.11307586533735949]
v_opt: [0.36586157620998877, 0.6362237852889786, 0.40478073794764996, 0.13233336231757034, 0.053296941309712825]
solution time: 0.013816118240356445
McCormick lower bound: -7.411489490684704

