x_opt: [0.7501365358254729, 0.24986346032532145, 0.7501365420955429, 0.24986345802160703, 0.7501365289524458, 0.24986345687164796, 0.7501365400343861, 0.7196312832742006, 0.4025396965845239, 0.24986345866290735, 0.15800034962400178, 0.6618322628345823, 0.24986346798370399, 0.24986346008542465, 0.24986346221590008, 0.24986353111699505, 0.24986345681029712, 1.4458446382939214e-9, 9.99750842954687e-7, 1.000079548192466e-6]
w_opt: [0.7501365354886904, 0.5002730650353824, 4.690889622262822e-10, 4.5192642042814443e-10, 0.41196879895424227, 0.2498634664651569, 3.479795172404715e-10, 2.6620980373571564e-9, 0.24986345621330064, 8.741353216707922e-10, 4.02417978982426e-10, 2.6355243392502926e-9, 2.2333026125497176e-9, 0.24986345823922193, 0.24986345815537894, 0.2498634589251715, 2.227335061518423e-9, 0.24986346000341433, 0.24986345709706817, 0.5002730823793465, 0.46976782562905983, 1.718206312719848e-9, 0.41196880650157197, 0.24986352975346893, 1.6006915370439088e-9, 1.232039291386934e-9, 9.995172056031154e-7, 7.799173688370039e-10, 2.1603526620093009e-10, 1.5036903679656163e-9, 0.249863457653617, 0.24986345752341357, 0.24986345442465066, 2.6413918376049867e-10, 6.979235863464385e-9, 0.24986345654615452, 2.918105347226278e-10, 6.260957865686739e-10, 0.40253969638200365, 1.4887451915687258e-9, 3.2094263851119164e-10, 4.2773205119380067e-10, 6.383337972855896e-10, 0.24986345209586172, 2.3050440121136107e-10, 0.2498634552588251, 0.24986345561022333, 5.260603756040353e-10, 0.2498634563633762, 0.2498634542539693, 7.411240723768408e-10, 0.2498634565526442, 3.752836176613842e-10, 8.382867234039912e-10, 9.994174808137623e-7, 9.130232061603619e-10, 0.6618322624455981, 4.1771357881049296e-8, 6.232382110171175e-10, 6.702059984173436e-10, 1.1157351585561633e-9, 0.4025396963120331, 3.611761837848436e-10, 0.24986346118460345, 0.2498634563713473, 9.993604476867077e-7, 3.9888192163960354e-10, 3.293220254456697e-10, 0.064371965202011, 0.24986346765822706, 4.0511273667297687e-10, 3.176802909897786e-10, 3.995440018984164e-10, 7.044698004508317e-10, 7.157767933790739e-10, 2.436488496566838e-10, 0.24986345823032202, 6.384130428021876e-10, 9.9751966450677e-7, 0.1580003493783559, 4.846883444636171e-10, 2.550048780088686e-10, 3.1571257335805303e-10, 7.066018649527129e-10, 3.159819273418002e-10, 0.24986346190885808, 0.2498634577047739, 9.996014717579603e-7, 0.24986345482379055, 6.157316144472032e-10, 0.24986346180434646, 0.24986345290490322, 3.9624361194004503e-10, 9.991728850513356e-7, 9.997014225961208e-7, 2.9444090338420014e-10, 3.2091007995247664e-10, 9.980548007411133e-7, 1.1437953954513052e-9, 9.9853949187616e-7]
v_opt: [0.719631283041319, 0.750136541719705, 0.5627048373777912, 0.062431751054690884, 0.024964114995035334]
solution time: 0.012506961822509766
McCormick lower bound: -6.030701838669709

