x_opt: [0.6399943954154619, 0.3600056104988633, 0.6399944644026878, 5.615804515326909e-6, 0.6399936215236722, 0.1387340784313605, 0.8612665066998, 0.37947016708184006, 0.3600073722419253, 0.3600054906083913, 0.2386362712625395, 0.6399926023215373, 0.3600063586841655, 0.13873350104210683, 0.3600063273781435, 0.36000687077502197, 5.610145373115261e-6, 5.6570624231973284e-8, 0.11512565072479229, 0.1151255286224852]
w_opt: [0.639994385910303, 0.2799880261503646, 1.564779039407026e-8, 1.7030073321299225e-8, 0.2799870074044859, 0.360006314819589, 1.3257409948257433e-8, 8.012240233403188e-7, 5.58762874245663e-6, 3.42783817071451e-8, 1.1955889565610405e-8, 8.274112329938915e-8, 6.993965294593189e-8, 0.36000553800628887, 0.3600054782766003, 0.1387334727080922, 7.55557167177025e-8, 0.3600056003439122, 5.583885265164591e-6, 0.5012609815222258, 0.01946464145019324, 2.7940859587742467e-8, 0.2799871091654917, 0.3600068275800155, 4.614879116613231e-8, 4.768512534282528e-8, 0.11512563994813349, 3.1669757070332465e-8, 7.821103456106335e-9, 4.712703009022971e-8, 5.59687002337205e-6, 5.599984299002234e-6, 5.526318049238206e-6, 1.0199470406710078e-8, 1.862865999466182e-7, 5.594588736595161e-6, 1.316070827206065e-8, 2.3647952264187206e-8, 0.3600073623247137, 5.236062289844849e-8, 1.1938413912184128e-8, 1.4814024291389813e-8, 2.3976090440447165e-8, 5.483022237464828e-6, 1.0291071808266726e-8, 0.13873404048270174, 0.13873403273957544, 2.096543354122119e-8, 0.13873406330880506, 0.13873345655645508, 2.144732325040724e-8, 0.13873406777755282, 1.2985427406089824e-8, 3.3071013563007063e-8, 0.11512563558410084, 2.5667156511618803e-8, 0.6399925864727443, 0.22127349402475435, 2.209266294296073e-8, 2.796864541021198e-8, 3.9597576635006736e-8, 0.3600073609674374, 1.4321373951251606e-8, 0.3600062950223042, 5.587725373569952e-6, 0.11512563579770663, 1.420312939198189e-8, 9.268047557073438e-9, 2.0065046941866196e-8, 0.3600063495759321, 2.1802859337251718e-8, 1.117744477289937e-8, 1.725171271916569e-8, 2.80921643812103e-8, 2.7937886514802887e-8, 1.0692176193246706e-8, 0.36000547825220397, 1.8574157647817235e-8, 0.11512555874766399, 0.23863626109379804, 1.7448525029649313e-8, 1.251601248265848e-8, 1.3812924469080978e-8, 2.445201799112643e-8, 1.1111346777136381e-8, 0.3600063166967905, 0.3600060713132333, 0.1151255124527072, 5.571362178283029e-6, 2.2085999761094572e-8, 0.3600063101301628, 5.531474217093896e-6, 1.660771151511472e-8, 0.11512563503108054, 0.11512551422292469, 1.0921991539313094e-8, 1.0958144707712946e-8, 5.579024891538614e-6, 4.462666105258381e-8, 0.11512551633030337]
v_opt: [0.3794701568397175, 0.6399944500896287, 0.4095920013441517, 0.12960489406629497, 0.0569472707011841]
solution time: 0.012439966201782227
McCormick lower bound: -5.87870722953069

