x_opt: [0.7177916489256345, 0.3329399977252915, 0.7177916487641434, 0.13974576261371144, 0.717791657204597, 0.17052238869183362, 0.8294872394650189, 0.3919058047444543, 0.28220837050494907, 0.28220834274596274, 0.20648634619751002, 0.7177916237974274, 0.2822083451060072, 0.17051277458153086, 0.28220829517722523, 0.3329400682658943, 0.13974575536927228, 2.5082891123091002e-8, 0.17051255702566334, 0.1397459552110987]
w_opt: [0.7177916346025474, 0.43558331037801634, 9.0822129692192e-9, 5.446136691890444e-9, 0.4355832777469739, 0.2822083272457601, 4.788570290279229e-9, 1.6705662349497106e-8, 0.1397457439415199, 1.4651977910847682e-8, 5.063601544739892e-9, 0.05073165076633832, 0.05073167580639526, 0.33293996501123785, 0.2822083384438242, 0.17051276404912502, 1.5921517134362133e-8, 0.3329399928561123, 0.13974574771178247, 0.5472788914659227, 0.10969745723225123, 2.2117382956183858e-8, 0.4355832907897684, 0.3329400397843977, 1.6891851461164632e-8, 2.1701939842515067e-8, 0.1705125531657903, 1.3045733718312428e-8, 4.661675119483346e-9, 2.345419307484111e-8, 0.1397457561318148, 0.13974575465249212, 0.13974573823081662, 3.280889332505638e-9, 1.3649850721243594e-7, 0.13974574971417, 4.905376013002502e-9, 7.279986854405785e-9, 0.282208366782606, 3.638192658259123e-8, 9.476557406797797e-9, 4.38309015755848e-9, 9.862323391818614e-9, 0.13974569592581668, 3.1352047379291944e-9, 0.17052237441873672, 0.1705223724660773, 9.593997355164848e-9, 0.1705223801738103, 0.1705127594704142, 7.010390304960018e-9, 0.17052238493989175, 4.683323360329004e-9, 1.5289290219111216e-8, 0.17051255333831347, 1.579601471267718e-8, 0.7177916194230374, 0.11169587836838475, 2.079566276410346e-8, 9.838023950599099e-9, 1.6551428694001905e-8, 0.2822083658599125, 5.631875593023149e-9, 0.2822082831252181, 0.1397457477331094, 0.17051254912888827, 9.678625990249549e-9, 3.3829555078002423e-9, 1.0005660936458187e-8, 0.2822083402083692, 6.0629967173546166e-9, 5.0919827165771855e-9, 5.692235833478198e-9, 6.1856846132975854e-9, 6.8246121611724816e-9, 3.668059532879709e-9, 0.2822083365573805, 1.206677796446812e-8, 0.17051253048623644, 0.20648634277407757, 7.224756617060301e-9, 3.802587239929608e-9, 3.882693686620055e-9, 1.4080288100466224e-8, 5.040343246691673e-9, 0.2822082906192069, 0.2822082719089055, 0.13974594567390797, 0.1397457433205469, 9.731305823031783e-9, 0.2822082887260938, 0.139745732710882, 7.703692394023205e-9, 0.17051254943578034, 0.1397459512396055, 4.903454451158236e-9, 4.204848454928143e-9, 0.13974573810608457, 1.9882530254577614e-8, 0.13974594426058676]
v_opt: [0.39190579957544536, 0.7177916413456082, 0.5152279656308213, 0.07964158280218919, 0.04263665239685662]
solution time: 0.04339885711669922
McCormick lower bound: -7.489390889010046

