x_opt: [0.75017175381792, 0.24982824623320105, 0.7501717538522827, 0.2498282442239237, 0.7501717538042816, 0.24982822553336773, 0.7501717557195254, 0.720435561128809, 0.4039209373729861, 0.24982824616943694, 0.1569224317908577, 0.6618825565595539, 0.2498282461914522, 0.24982824428352998, 0.2498282460712102, 0.24982824733232772, 0.24982824417174623, 4.8615115645698466e-11, 6.789734778052607e-10, 6.25844510539962e-10]
w_opt: [0.7501717538052385, 0.500343507610656, 2.50921887806878e-11, 1.576437675644907e-11, 0.4120543103879813, 0.24982824614509494, 1.0018395890367614e-11, 5.4122657422200887e-11, 0.2498282441508851, 2.8581199949669667e-11, 1.4690580461497895e-11, 9.270707396324995e-11, 9.69817204208658e-11, 0.2498282461748737, 0.24982824615560187, 0.24982824424918734, 5.45463379341245e-11, 0.2498282462247512, 0.24982824419479963, 0.5003435095805425, 0.47060731498934083, 5.7593754326834506e-11, 0.41205431045622964, 0.24982824729108216, 3.8383640268518655e-11, 4.168147485981466e-11, 6.711611866641925e-10, 2.526082229980561e-11, 7.131786892190277e-12, 3.794932710462133e-11, 0.24982824421163222, 0.2498282442056642, 0.24982824416062838, 8.946545138950906e-12, 1.8041740247355094e-10, 0.24982824416321256, 1.011049887415821e-11, 2.0163465303318124e-11, 0.40392093736562745, 5.2588352526974746e-11, 1.235310574478964e-11, 1.4326187058010635e-11, 2.2147455667191378e-11, 0.24982824403794762, 7.599344803315613e-12, 0.24982822547634337, 0.24982822549906925, 1.692620325608139e-11, 0.24982822551567552, 0.24982822549406672, 2.3487346753145977e-11, 0.24982822552246917, 1.2314871681977801e-11, 2.7710289248095253e-11, 6.67738444865852e-10, 2.4449523489085652e-11, 0.6618825565455282, 2.6002607010948617e-9, 1.7396452556520867e-11, 2.1357054773953282e-11, 2.9028547189923328e-11, 0.4039209373640098, 1.2393481169924128e-11, 0.24982824603952095, 0.24982824415635194, 6.654768174986744e-10, 1.2999633937914139e-11, 1.1591324905027637e-11, 0.06580349397715639, 0.24982824618089963, 1.3394481108864762e-11, 1.112121329912268e-11, 1.3163501914559844e-11, 1.980340738817015e-11, 2.0368583546165354e-11, 8.339537823379696e-12, 0.24982824615308177, 1.991051339837537e-11, 6.144211719457559e-10, 0.15692243177824303, 1.5597791303751734e-11, 8.54613084665189e-12, 1.0169966175456661e-11, 2.586312880285814e-11, 1.1070491354602092e-11, 0.249828246060196, 0.24982824593548594, 6.091219691816276e-10, 0.2498282440891485, 2.0047555910570876e-11, 0.24982824605800363, 0.24982824410850743, 1.2915280517018962e-11, 6.59354986992853e-10, 6.124213111334633e-10, 1.024219980974891e-11, 1.0975703697857753e-11, 5.924914271868169e-10, 3.789544069441068e-11, 6.122813772538561e-10]
v_opt: [0.7204355611207419, 0.7501717538382404, 0.5627576625775812, 0.06241415305663641, 0.02462465230041459]
solution time: 0.013865947723388672
McCormick lower bound: -7.001887579104604

