x_opt: [0.6399913036317096, 0.3600086982952897, 0.6399913095653011, 0.06434158144420238, 0.6399913094150848, 0.15582549706174423, 0.8441751605299054, 0.4069447994288323, 0.3600087062295099, 0.36000868688348353, 0.18920726934896429, 0.6399912929824376, 0.36000868848979156, 0.15582484901874125, 0.3600086878405234, 0.3600087003121206, 0.06434158031649058, 4.7364329126406805e-9, 0.0643418876979692, 0.06434189133084486]
w_opt: [0.6399913018845015, 0.27998261336920005, 6.170445528027708e-10, 4.867757810970347e-10, 0.2799825969460802, 0.36000868636704614, 4.1198840058507834e-10, 4.92391094924427e-9, 0.06434157903695421, 3.2567507066789067e-9, 5.492719518619541e-10, 8.197494572149894e-9, 1.8142502877769337e-8, 0.3600086871660236, 0.36000868658161683, 0.15582484793769075, 5.8775361373381395e-9, 0.3600086978871289, 0.06434157849762927, 0.4841664703623832, 0.046936109234599226, 3.5043006136754555e-9, 0.2799826069597959, 0.36000869635650606, 3.5136767109401936e-9, 4.485247385185612e-9, 0.06434188743502237, 1.782991342501323e-9, 2.578211355783275e-10, 9.080368200191457e-9, 0.06434158080421744, 0.06434158088654508, 0.06434157343531131, 2.9866645219150116e-10, 8.895248663402632e-8, 0.0643415796691775, 6.028315882423702e-10, 1.5490043587667845e-9, 0.3600087060284693, 9.7232697322241e-9, 1.6666198103877132e-9, 4.035327575747714e-10, 1.9749693962542512e-9, 0.06434155102731212, 2.754192200232902e-10, 0.15582549362988687, 0.15582549521173594, 8.63469447757974e-10, 0.15582549659112335, 0.15582484504337854, 1.323361528511823e-9, 0.15582549682606753, 5.968475727413148e-10, 3.427143260405679e-9, 0.06434188743406989, 4.486236533057435e-9, 0.6399912926333163, 0.20418401308337222, 1.0353186894989676e-8, 2.223457131593341e-9, 4.849074811917472e-9, 0.36000870595069273, 5.530548646087873e-10, 0.36000868699159105, 0.06434157958440874, 0.06434188698454775, 9.308340435352669e-10, 3.8476793395991355e-10, 1.1475072641445145e-9, 0.36000868822758314, 6.769935653893715e-10, 4.702193839623517e-10, 7.745255550920267e-10, 1.148869418840581e-9, 1.1417602051250432e-9, 2.994551659634313e-10, 0.36000868537643266, 1.2662208676468276e-9, 0.06434188324876236, 0.18920726916362035, 1.5469812162210328e-9, 3.34030677511361e-10, 3.523894639045071e-10, 3.6736021975348025e-9, 5.789275603059763e-10, 0.3600086874406531, 0.36000862922695315, 0.06434189067587985, 0.0643415786305321, 1.900794207913983e-9, 0.3600086873224106, 0.06434157351025808, 1.102282682541395e-9, 0.06434188702283941, 0.06434189089856364, 4.964774688589015e-10, 4.654928330709285e-10, 0.06434153491755744, 4.416683562462535e-9, 0.06434188714176883]
v_opt: [0.4069447991330371, 0.6399913091305252, 0.4095889683617748, 0.12960627020797819, 0.0357994781782843]
solution time: 0.013384103775024414
McCormick lower bound: -7.41103385860714

