x_opt: [0.7414911254994319, 0.2585088609588701, 0.7414911395757624, 0.0821501496733739, 0.7414910935133726, 0.2585088636581873, 0.741491139085593, 0.6978885978249139, 0.43833966342261954, 0.2585088604984858, 0.19642910675278846, 0.5616603365204522, 0.2585089039730114, 0.258508860905119, 0.2585089025700505, 0.2585089031339525, 0.08215014934374458, 1.8247321134698558e-10, 0.08215019102658641, 0.08215019113434466]
w_opt: [0.7414911254715314, 0.48298221902499894, 5.278485133734735e-11, 5.6795469084413564e-11, 0.303151462052099, 0.25850890379390046, 5.5172377293350244e-11, 3.005434095971618e-8, 0.08215014926548504, 1.1003864429022592e-10, 4.269471705760267e-11, 5.600866340399819e-10, 1.5642433866191838e-10, 0.25850886066687573, 0.25850886065183415, 0.25850886069266676, 4.5860643823881067e-10, 0.25850886092604414, 0.08215014953575643, 0.48298227870126487, 0.43937973743883973, 3.53933386542188e-10, 0.3031514762768162, 0.2585089029778543, 1.788742981145898e-10, 1.5128212328713743e-10, 0.08215019098838423, 1.1646560132668392e-10, 2.5235254161892605e-11, 2.7365619451444847e-10, 0.08215014960408464, 0.08215014961283519, 0.08215014901987748, 4.135232239296037e-11, 2.166788400559678e-9, 0.08215014927457769, 4.646004739082448e-11, 1.0722667327408396e-10, 0.43833966339113045, 1.2150798646461338e-10, 2.948496545038524e-11, 6.16928330877726e-11, 6.758022595660952e-11, 0.08215014868388885, 3.980099106751326e-11, 0.2585088635063306, 0.25850886347617136, 7.607312700388876e-11, 0.258508863605683, 0.258508860314496, 9.262091454706245e-11, 0.25850886361606484, 5.330294472872157e-11, 1.0499457947051859e-10, 0.08215019096002404, 9.396768717806061e-11, 0.5616603364578401, 5.324902301650468e-8, 7.211655213410167e-11, 1.4336566100948108e-10, 3.5010860772657965e-10, 0.4383396633824444, 4.92429685727523e-11, 0.2585089024307093, 0.08215014926561445, 0.08215019097822429, 4.626961384615225e-11, 3.753711679805855e-11, 1.17384690710347e-10, 0.2585089039379253, 8.568200155168275e-11, 4.002853795601357e-11, 6.161429759126855e-11, 1.4957466991484532e-10, 1.3227101154487162e-10, 4.1106762170435194e-11, 0.2585088606470029, 6.922033848541468e-11, 0.08215019064844319, 0.19642910672587063, 6.082832792271197e-11, 4.649118409650176e-11, 5.997039098877782e-11, 8.124646706845753e-11, 3.825335589070943e-11, 0.2585089025415771, 0.2585089014376342, 0.08215019108155093, 0.08215014906958185, 7.693447201639742e-11, 0.25850890240836005, 0.08215014896896891, 5.576870634714927e-11, 0.08215019097158607, 0.08215019107643999, 3.856651957918428e-11, 4.063844179407953e-11, 0.08215014839781158, 1.4234996660493985e-10, 0.08215019084908966]
v_opt: [0.697888597792593, 0.741491139530521, 0.5498090426702665, 0.06682683137778093, 0.03858439945463545]
solution time: 0.014886140823364258
McCormick lower bound: -5.149666260855863

