x_opt: [0.78362704471373, 0.32346510872013334, 0.783627044909015, 0.21637294891172965, 0.7836270480070775, 0.2058704845170269, 0.7941295153305643, 0.4490363718206482, 0.26116664160072195, 0.21637295518798327, 0.20436300019167192, 0.7388333581028425, 0.21637295501513845, 0.20587048462764967, 0.2163729515946918, 0.3234651089373734, 0.20587048476628406, 6.655085008256293e-10, 0.20587048396859342, 0.20587048338017364]
w_opt: [0.7836270445176196, 0.5672540928290347, 3.1578705991460925e-10, 1.583968722573117e-10, 0.5224604029706966, 0.2163729544348291, 1.4802294327205244e-10, 4.1383800462057887e-10, 0.2058704844140716, 3.742245309983612e-10, 1.408621945862782e-10, 0.10709215390069789, 0.10709215743329398, 0.32346510785054705, 0.2163729550355408, 0.2058704843267312, 4.3351992560354276e-10, 0.32346510851001414, 0.21637294845741578, 0.5777565604103682, 0.23266341695755285, 6.803959969226174e-10, 0.52246040378295, 0.3234651079382806, 4.681516888224019e-10, 5.563784399957981e-10, 0.20587048384595705, 3.595035830779015e-10, 1.6931912501406716e-10, 6.686398460189669e-10, 0.21637294872257298, 0.2163729486645088, 0.21637294819191363, 9.737770355864754e-11, 3.3261718633395137e-9, 0.20587048466595884, 1.35147369083038e-10, 2.0367647466519945e-10, 0.26116664149373486, 4.02358544901206e-9, 3.278457525782548e-9, 1.2466430011118712e-10, 4.152884507990131e-10, 0.2058704829518358, 9.278910827113639e-11, 0.20587048412856437, 0.2058704840006019, 3.2821321076640815e-10, 0.2058704842426703, 0.20587048377068565, 1.9510655685059206e-10, 0.205870484399976, 1.413050634529378e-10, 3.94840472651542e-10, 0.20587048383168685, 4.395587662305729e-10, 0.738833357977446, 0.010502480677716872, 3.191635972369486e-10, 4.122132093081873e-10, 6.988001208516112e-10, 0.2611666414479714, 1.6759453286272688e-10, 0.21637295119342426, 0.20587048455404777, 0.20587048372287853, 3.3320011793608693e-10, 1.019745651580988e-10, 2.2376313053938147e-10, 0.21637295487560707, 1.7022420791977517e-10, 1.568590818407166e-10, 1.5556291051385366e-10, 1.728415710320182e-10, 1.932827000533029e-10, 9.181354201266326e-11, 0.21637295483783572, 4.268333834904797e-10, 0.20587048313187561, 0.20436299922463494, 1.9502209570996637e-10, 1.0774544928713137e-10, 9.897058313139842e-11, 3.6637221048429395e-10, 1.4298556357803303e-10, 0.21637295145281327, 0.21637295281408317, 0.20587048308442696, 0.2058704838509287, 2.6094257786733404e-10, 0.21637295135828233, 0.20587048413043843, 2.2409752586528667e-10, 0.20587048371887962, 0.2058704832741147, 1.4487222549596697e-10, 1.2234850471223395e-10, 0.20587048280070455, 4.979654124983387e-10, 0.20587048316148468]
v_opt: [0.4490363716534087, 0.7836270447904735, 0.614071393423261, 0.04681770967824774, 0.041764235589622584]
solution time: 0.015396833419799805
McCormick lower bound: -6.641281574486838

