x_opt: [0.6938797558369424, 0.3061203028377067, 0.6938797679485809, 1.7030551314251062e-7, 0.6938796137957929, 0.16090381942279144, 0.8390968390630622, 0.4705512679563589, 0.3520257987559474, 0.3061202153701524, 0.3061194406034797, 0.6479741863083489, 0.3061203819209338, 0.16090316086101433, 0.3061203759418596, 0.31324930532041084, 1.6711693126219245e-7, 7.304481876092287e-9, 0.1609030991984894, 0.16090294383314144]
w_opt: [0.6938797544292177, 0.3877593703435304, 1.6424160506458165e-9, 1.6886050415984887e-9, 0.3418539429607978, 0.3061203765326269, 1.6381596662222625e-9, 1.368645771073403e-7, 1.6475585940717272e-7, 4.8576672847710865e-9, 9.40351988890326e-10, 7.144358333598227e-8, 5.247866017311618e-9, 0.306120289934012, 0.3061202144738126, 0.16090315822778578, 1.596922552046278e-8, 0.30612030163963755, 1.6667218557138114e-7, 0.5329766080151566, 0.164431036936527, 2.0505663146571263e-9, 0.34185395997531404, 0.3132492995276275, 6.25093838433946e-9, 6.3778094128515095e-9, 0.16090309802434513, 4.874918585022617e-9, 6.867994347616436e-10, 8.602524600541841e-9, 1.679569450173988e-7, 1.687416610206439e-7, 1.5749420560191413e-7, 9.770256545701978e-10, 3.130300998320623e-8, 1.6570353245015106e-7, 1.3544734786049574e-9, 2.5548901876417497e-9, 0.3520257976424706, 6.81060025578992e-9, 1.0855427490518984e-9, 1.38198935847669e-9, 2.329057833230508e-9, 1.515256936969464e-7, 1.26428122766906e-9, 0.16090381581823876, 0.1609038065865837, 2.675963366535166e-9, 0.16090381814225208, 0.16090315353224688, 2.457278643987711e-9, 0.160903818567523, 1.3993216200732132e-9, 4.806186113375595e-9, 0.16090309764806585, 3.547048298748402e-9, 0.647974184786379, 0.14521743045074287, 2.3582275489421643e-9, 5.540769706668754e-9, 8.589652795264128e-9, 0.35202579752596624, 1.5698924874829117e-9, 0.3061203717830653, 1.6458599547279875e-7, 0.16090309770369143, 1.512952864860992e-9, 8.312102249370074e-10, 1.8204380553900584e-9, 0.3061203811988582, 3.2515124666462116e-9, 1.0672487592834327e-9, 2.038689454071261e-9, 4.197903927279698e-9, 4.196323973412341e-9, 1.036732720803702e-9, 0.3061202142259879, 2.2007536503873515e-9, 0.16090308969929035, 0.306119439641261, 2.4470158333595295e-9, 1.483846908465116e-9, 1.3969981968369659e-9, 2.07725164676635e-9, 1.077458089718422e-9, 0.30612037513618434, 0.3061203679338836, 0.16090294241065958, 1.6099192916329575e-7, 2.4839118382744205e-9, 0.3061203746597681, 1.569368732927409e-7, 2.154254008445569e-9, 0.16090309795274793, 0.1609029426512942, 1.1294414357646938e-9, 1.058070464596173e-9, 1.6248399887706737e-7, 6.1839853199907e-9, 0.16090293834155767]
v_opt: [0.470551266909205, 0.6938797667578022, 0.48146945689997006, 0.09370959959026987, 0.09370956078527436]
solution time: 0.013154029846191406
McCormick lower bound: -5.072045598875778

