x_opt: [0.753733603253316, 0.24626637991028533, 0.8552614479233257, 0.1447384566777688, 0.7537330529847039, 0.2462662405821634, 0.7537337004816181, 0.7996076698455057, 0.4772018347410286, 0.1447387033935958, 0.17034194127863694, 0.5227985473462347, 0.24626632266472256, 0.24626628676564044, 0.14473843637084396, 0.24626652501499233, 0.14473843750430768, 2.4976113523640305e-8, 0.14473837306049947, 0.14473841496892828]
w_opt: [0.7537335900135722, 0.5074666589548391, 1.437829269286027e-8, 5.4528289580732035e-9, 0.27653215682862786, 0.2462662783359681, 1.4119830406968496e-8, 3.3630913598943926e-8, 0.14473842713670243, 1.5912787670087195e-8, 4.462138065830661e-9, 0.10152783145638364, 1.3318247352163286e-7, 0.24626633519856073, 0.14473869775762288, 0.24626624891243845, 4.739700649158156e-8, 0.24626637164097842, 0.14473843449882123, 0.6089951518386176, 0.6548691258043593, 1.6096528411329032e-7, 0.3780600299717289, 0.24626648412737026, 3.2403060109573064e-8, 2.0211878192272644e-8, 0.14473836869590267, 2.588886786798102e-8, 4.315967448540232e-9, 4.961588276205509e-8, 0.1447384494611286, 0.14473844452660534, 0.144738405911074, 4.354528603707569e-9, 2.994377438314724e-7, 0.14473843225161565, 4.6516335868605436e-9, 1.0732542261122298e-8, 0.47720183214229145, 6.878287705891285e-8, 5.94112626318352e-9, 5.179735420032874e-9, 9.744587545505414e-9, 0.14473828729384935, 4.629402189882854e-9, 0.2462662259630543, 0.24626620807371924, 1.5463944996482495e-8, 0.24626623298015773, 0.24626607357019126, 1.0323366106679826e-8, 0.246266234149453, 7.715821290166674e-9, 1.5706364396910512e-8, 0.14473836815679023, 1.5726180472458417e-8, 0.5227985414416622, 2.005291781288369e-6, 8.484079935164866e-9, 1.5936445879923016e-8, 3.5341706461952544e-8, 0.47720182715529535, 5.509512674438785e-9, 0.14473840398138602, 0.14473843094145475, 0.14473836672232435, 8.559666086568552e-9, 5.3830461876096955e-9, 4.082668844527905e-7, 0.24626631269508678, 7.849484932891133e-9, 5.554208602609975e-9, 6.327111990785337e-9, 1.2171403794232106e-8, 1.3973026530776379e-8, 3.914177272270494e-9, 0.14473869772893674, 2.0828765555132425e-8, 0.14473830972098412, 0.1703419355873767, 8.783729819765942e-9, 3.985196975845071e-9, 6.533261114825729e-9, 1.3345938227206205e-8, 4.78404697621639e-9, 0.1447384322000888, 0.24626577039182687, 0.14473840818747913, 0.144738402392304, 7.780765096514583e-9, 0.14473842860223785, 0.14473830639169588, 9.05574501283787e-9, 0.14473835974174307, 0.1447384095638181, 4.87203901643524e-9, 5.025895567639829e-9, 0.14473834696935112, 1.9515765970180734e-8, 0.14473836543013813]
v_opt: [0.7996076654600608, 0.8552614429381253, 0.5681135273771728, 0.020949363926697037, 0.029016516936178384]
solution time: 0.012806177139282227
McCormick lower bound: -3.889591890461929

