x_opt: [0.6761439197442604, 0.3238560841801256, 0.6761439207422172, 0.18676803711119558, 0.6761439200400039, 0.1867680377134217, 0.8132319624417533, 0.4941925220134245, 0.32385608765672996, 0.32385608013773615, 0.18852329986406963, 0.6761439127366227, 0.32385607979108727, 0.18676803792991006, 0.32385607722870074, 0.32385608655071124, 0.18676803557573216, 2.0783359376485933e-9, 0.009613239526539977, 0.009613234724382467]
w_opt: [0.6761439191797558, 0.35228784000338687, 8.494475183548698e-10, 5.785662082080371e-10, 0.35228783293458077, 0.3238560780508438, 4.1148355137567353e-10, 1.8548355476299894e-9, 0.18676803462273314, 1.2041749287036949e-9, 5.457555318711799e-10, 5.309058507769609e-9, 6.609258619466388e-9, 0.323856081622646, 0.32385607887677814, 0.18676803677113135, 1.6958862492714194e-9, 0.3238560837687886, 0.1867680358628044, 0.4893758835236796, 0.17033644310134133, 1.7942961568993e-9, 0.35228783520224705, 0.32385608448590986, 1.5438566569255093e-9, 1.7868941160440401e-9, 0.009613239190039237, 1.1420318579079722e-9, 3.4636027354396667e-10, 1.6985552488682011e-9, 0.18676803657603666, 0.1867680363542936, 0.1867680348625501, 3.2744572824889845e-10, 8.544612498334093e-9, 0.18676803521452262, 4.2580063378625685e-10, 7.371325949269575e-10, 0.32385608732850485, 2.8627177840295544e-9, 8.085842325672069e-10, 4.720538841744072e-10, 1.021472221766655e-9, 0.18676803020038102, 2.981073846486467e-10, 0.18676803602594372, 0.18676803628160488, 7.905471906709446e-10, 0.18676803694006242, 0.1867680348855932, 7.731128610451039e-10, 0.18676803732522881, 4.5942542538567774e-10, 1.2086777076225067e-9, 0.009613239129195858, 1.219809239881295e-9, 0.676143912258442, 0.13708806677286237, 9.90609793371026e-10, 9.616615920426828e-10, 1.342213304136331e-9, 0.32385608726252124, 5.147246353590419e-10, 0.3238560760271835, 0.18676803490901378, 0.00961323887694998, 6.828315963441302e-10, 3.7743707645313423e-10, 1.3410243218999501e-9, 0.3238560793666201, 5.473373196984854e-10, 4.663792547247837e-10, 5.208444920808251e-10, 6.590389557067979e-10, 6.991515755597157e-10, 3.24786105571902e-10, 0.3238560787493636, 9.39024787866743e-10, 0.009613236817662591, 0.1885232999389349, 6.387303536466856e-10, 3.488950545919192e-10, 3.6259052208805856e-10, 1.2143856476743865e-9, 4.604296720435445e-10, 0.3238560767583227, 0.32385606909960607, 0.009613233909638355, 0.1867680338645884, 8.822806334730709e-10, 0.32385607661880056, 0.18676803340621856, 5.920407362869353e-10, 0.009613238749934916, 0.009613234293017709, 4.3916643873759356e-10, 4.13508681799303e-10, 0.009613233377433913, 1.6234183824190756e-9, 0.009613234130138891]
v_opt: [0.49419252161699606, 0.6761439201099128, 0.4571706283326664, 0.10488284034290797, 0.03554104672242642]
solution time: 0.019077062606811523
McCormick lower bound: -7.581256010294317

