x_opt: [0.6353541682789378, 0.36464586005164723, 0.6353541741442221, 1.8579466887558359e-7, 0.6353541741047714, 0.15944718194739874, 0.887846802147957, 0.3646521181748428, 0.3646458261129568, 0.36464582203035584, 0.2286895986996905, 0.6353541156772521, 0.3646458246726905, 0.1121532001091361, 0.364645824008104, 0.36464586742078114, 1.7951301090942488e-7, 5.079165026867288e-9, 0.11215318118317322, 0.11215316247793666]
w_opt: [0.6353541671906463, 0.27070834324285536, 1.474297819448617e-9, 1.442667740824715e-9, 0.2707082848652743, 0.3646458209434216, 1.1529373204038197e-9, 3.6734204149531996e-9, 1.7726941174282575e-7, 3.04553869648475e-9, 1.0800268220630848e-9, 3.50297736562484e-8, 4.7061959279253275e-8, 0.36464585024194246, 0.364645821070813, 0.11215319761372462, 5.600596742897944e-9, 0.3646458586383001, 1.8283480983047465e-7, 0.523200977091252, 6.293082203264719e-6, 2.536393071186121e-9, 0.2707082940413144, 0.36464586261050824, 4.455577041562965e-9, 4.32672853914278e-9, 0.11215318023642858, 4.001833006169644e-9, 7.775550162204187e-10, 5.65548477336161e-9, 1.8414524495447555e-7, 1.843640831209213e-7, 1.7850574390268327e-7, 7.77853372524961e-10, 2.9561529581744818e-8, 1.7838635731081855e-7, 1.1456296670067831e-9, 2.0118453496581473e-9, 0.3646458251883182, 7.144590640044641e-9, 1.835281228292548e-9, 1.1373592387145963e-9, 3.139811152875755e-9, 1.7043073397244664e-7, 8.638239249265555e-10, 0.15944717848520432, 0.15944717760961918, 2.2993626573894594e-9, 0.15944718044845108, 0.11215319104644168, 1.897373304979242e-9, 0.15944718113427558, 1.083096736238215e-9, 3.0756179148101125e-9, 0.11215318012037326, 3.938230036546586e-9, 0.6353541144934223, 0.2524927322034321, 4.046300975241937e-9, 7.49610121500793e-9, 1.0281250464563589e-8, 0.36464582512500665, 1.3216983116861579e-9, 0.3646458216270237, 1.7743782993928107e-7, 0.11215317949570704, 1.6741443899410655e-9, 7.301144121805115e-10, 1.2548326113978092e-9, 0.3646458237184039, 1.913776861607292e-9, 1.0271773472859304e-9, 1.4306965633201603e-9, 2.118916768446336e-9, 2.183049915248606e-9, 8.921654458975957e-10, 0.36464582128658724, 2.006179933518918e-9, 0.11215316782762186, 0.22868959794766489, 1.7005866693062313e-9, 1.0668289260230696e-9, 1.0144242385017565e-9, 3.0023899758826737e-9, 1.03623128596961e-9, 0.36464582288043684, 0.364645788807606, 0.11215316075113091, 1.7653761022502614e-7, 2.5537454764579013e-9, 0.36464582277946117, 1.7339606960466626e-7, 1.6178076126977616e-9, 0.11215317980549168, 0.11215316140548624, 1.0539765357395045e-9, 9.092515345302684e-10, 1.6932051256733895e-7, 4.052230524681671e-9, 0.1121531568068039]
v_opt: [0.36465211713253554, 0.6353541727072657, 0.4036749303663434, 0.13296660890569018, 0.052299008669418806]
solution time: 0.013556957244873047
McCormick lower bound: -6.995580928096102

