x_opt: [0.6148635940266483, 0.2712050917726482, 0.9083284623575715, 0.09167153793893516, 0.7405528918185434, 0.25944709597490423, 0.7405528876582803, 0.8813750593574169, 0.6148635918579654, 0.09167153671233975, 0.11862493994635297, 0.385136408313642, 0.2594470959879444, 0.25944710265575444, 0.11846824474419602, 0.27120510358371896, 0.09167153629030311, 2.0232640387712746e-9, 0.11846824456770934, 0.11846824384901276]
w_opt: [0.6148635936836745, 0.3554164873031248, 5.324340801602703e-10, 3.94506283928153e-10, 2.7170169295090108e-9, 0.2594470934251823, 9.792633423292122e-10, 1.788544551786892e-9, 0.09167153543353496, 1.19733349680157e-9, 2.4762283825547015e-10, 0.17953355452495984, 0.011757992006825837, 0.2712050893708213, 0.09167153620662466, 0.2594471020689255, 2.0595629179192347e-9, 0.2712050913328157, 0.09167153635186104, 0.6488813503126107, 0.7897035229998124, 1.0059313870940837e-9, 0.29346487244107344, 0.2712051009123814, 1.96325592528258e-9, 1.1979062443339907e-9, 0.11846824397632186, 0.02679670696602307, 4.893343166844606e-10, 3.5281362436031623e-9, 0.09167153706834445, 0.09167153744659326, 0.09167153105395058, 3.666302315422741e-10, 9.65100316681133e-9, 0.09167153578388809, 4.1535843521234994e-10, 6.502325424180903e-10, 0.6148635915800498, 6.146337371551438e-9, 4.967455235817424e-10, 3.9426554361489974e-10, 6.006773844335606e-10, 0.09167152961058293, 3.924362965457016e-10, 0.25944709523251275, 0.25944709262879695, 1.3942601451717585e-9, 0.2594470949366547, 0.25944709473470096, 4.684167128170247e-10, 0.2594470955601969, 5.111025698575352e-10, 1.2344951459026877e-9, 0.11846824408382467, 7.790827037394269e-10, 0.3851364079490989, 6.71571390264806e-8, 5.096687188628161e-10, 6.892844958283877e-10, 3.4309991955374987e-9, 0.6148635909258884, 7.282247345369351e-10, 0.11846824262042321, 0.09167153569025858, 0.11846824407591054, 7.414803959899979e-10, 2.765989743097142e-10, 1.0048251976149788e-9, 0.259447095499787, 6.692831936793328e-10, 3.977081298740721e-10, 5.432636543977727e-10, 8.167193836602777e-10, 8.75162796895411e-10, 3.387973038451595e-10, 0.09167153613548559, 1.201393506475375e-9, 0.09167153143082649, 0.11862493862724297, 5.315349604164067e-10, 3.804757287473637e-10, 6.064165252825051e-10, 7.51890576971342e-10, 3.206848463300648e-10, 0.11846824436796065, 0.2594470890468173, 0.11846824335615885, 0.09167153024910908, 4.906205510992931e-10, 0.11846824385917679, 0.09167153353372476, 8.910910668785257e-10, 0.11846824343125446, 0.11846824341946618, 3.3442619318315585e-10, 3.568898322459627e-10, 0.09167153524278149, 1.365834570194741e-9, 0.11846824331788579]
v_opt: [0.8813750587883167, 0.9083284619591971, 0.5484185875863892, 0.008404262076215318, 0.01407240983655998]
solution time: 0.017096996307373047
McCormick lower bound: -2.856250217389076

