x_opt: [0.7994029186800177, 0.2005970864003723, 0.7994029204834759, 0.20059701957227177, 0.799402917748108, 0.20059705915269488, 0.7994029416118189, 0.547092515534863, 0.28056845866169694, 0.20059708096334314, 0.2005961634259847, 0.7194315440046891, 0.2005970813562007, 0.20059705828228216, 0.20059706873238967, 0.3334023749294784, 0.20059701855902964, 1.9008802869166446e-9, 0.2005402820481547, 0.20054027922249043]
w_opt: [0.7994029182198172, 0.5988058367076069, 9.63606854050246e-10, 5.705821597007786e-10, 0.5188344630617334, 0.20059707953937292, 4.1528513498553805e-10, 1.6568751661009386e-9, 0.2005970177565017, 1.1215915072012066e-9, 4.3753937297840235e-10, 7.146360595991134e-9, 8.10399896382047e-9, 0.20059708410437305, 0.20059708046474567, 0.20059705727322294, 2.0354561986832785e-9, 0.20059708607336835, 0.20059701840757185, 0.5988058623901428, 0.34649543637042773, 2.3718051787182348e-9, 0.5188344661422863, 0.33340237321142985, 1.4041408713569232e-9, 1.5917134648866214e-9, 0.2005402817115023, 9.500937127980825e-10, 2.9968766673997655e-10, 1.6364559759604443e-9, 0.20059701904364866, 0.20059701895320237, 0.20059701706974337, 3.392001588175632e-10, 7.106146075341858e-9, 0.20059701819104647, 3.963376613873426e-10, 7.34693755883105e-10, 0.2805684583755223, 2.5391742795047786e-9, 4.888096987522179e-10, 4.841211739222181e-10, 7.207026316163152e-10, 0.2005970133786153, 3.0705955584335836e-10, 0.2005970576805569, 0.20059705761665284, 7.209442997093435e-10, 0.20059705854523163, 0.20059705527026772, 7.268685135070049e-10, 0.20059705875192563, 4.646471785662643e-10, 1.1037502432974582e-9, 0.2005402816108378, 9.249730033194507e-10, 0.7194315435280553, 5.905427930072364e-8, 6.07079804957907e-10, 8.044421817309837e-10, 1.3244431751902178e-9, 0.28056845826678983, 4.714050614827606e-10, 0.2005970674532998, 0.20059701795648477, 0.200540281532894, 5.485385649888277e-10, 3.706511389312941e-10, 4.6124532856133794e-9, 0.2005970809504089, 5.481778234088323e-10, 4.11084641489549e-10, 5.137246295104099e-10, 7.745733703606835e-10, 7.815036211997562e-10, 3.179329553487811e-10, 0.2005970803084292, 8.040537627810058e-10, 0.20054027929530507, 0.20059616291536106, 5.787459593589653e-10, 3.4342690695745477e-10, 4.0758922793592166e-10, 8.821240673793681e-10, 3.933136096725195e-10, 0.20059706835313285, 0.20059706585742318, 0.20054027861126886, 0.20059701707918567, 7.044333850485715e-10, 0.20059706820240594, 0.2005970158924399, 5.553368948022896e-10, 0.20054028137292257, 0.20054027876792857, 3.7498581194699985e-10, 3.9575708003658217e-10, 0.2005402777352639, 1.465210845272334e-9, 0.20054027866032043]
v_opt: [0.5470925151862535, 0.7994029199772726, 0.6390452404411814, 0.04023920100580319, 0.040238821300350995]
solution time: 0.013103961944580078
McCormick lower bound: -5.551282806626205

