x_opt: [0.6143281782492187, 0.2620322406006199, 0.8937982953900974, 0.10620169071375211, 0.737967706249009, 0.2620320770070019, 0.7379677910236987, 0.8937980796267984, 0.6143280929819401, 0.1062016470768378, 0.1062018197153558, 0.38567186997420905, 0.2620320776524681, 0.2620321931938528, 0.1062017673284558, 0.272641135207221, 0.10620168243206421, 7.932366753892885e-9, 0.10620175206230882, 0.10620174045957155]
w_opt: [0.6143281763952513, 0.3522958852979195, 2.473967501253742e-9, 1.5807076292876718e-9, 4.943982613996325e-8, 0.26203206747287383, 3.285647231043255e-9, 1.067903932618214e-8, 0.1062016797558732, 5.262368064455484e-9, 9.299494743286328e-10, 0.15583053696713609, 4.866170432582695e-8, 0.2620322298354186, 0.10620164555975964, 0.26203219057870974, 1.808691647251236e-8, 0.2620322391196556, 0.10620168523486119, 0.631766087541762, 0.7875963788470179, 3.0237621933421107e-9, 0.2794701737213304, 0.272641125810538, 7.85362893675564e-9, 5.779665428789206e-9, 0.10620175038593721, 4.264763080292361e-8, 1.18474678315974e-9, 1.651080933495336e-8, 0.10620168795701496, 0.1062016888280105, 0.10620162245761874, 1.3936801317605638e-9, 5.1542031009448394e-8, 0.10620168077182866, 1.397421655161265e-9, 2.728662162134364e-9, 0.6143280921087833, 1.797178708838277e-8, 1.3421067184397375e-9, 1.5871653324353145e-9, 2.2284464072088015e-9, 0.1062016515146543, 1.512205117292672e-9, 0.2620320737606658, 0.2620320632504783, 4.232905840156319e-9, 0.26203207366164455, 0.2620320710085775, 2.468839814932343e-9, 0.26203207561515274, 2.0170501864695985e-9, 5.1396771760011095e-9, 0.10620175013221955, 3.4502581762594076e-9, 0.3856718684219949, 3.322494874601545e-7, 1.6209786646150166e-9, 3.1586331590613004e-9, 1.343529001315734e-8, 0.6143280906654417, 3.762561078296365e-9, 0.10620175765865282, 0.10620168037973214, 0.10620175052603437, 2.798874227034612e-9, 1.1162042123569836e-9, 4.815009472908765e-9, 0.2620320759216198, 2.5457972967297894e-9, 1.3520349699351535e-9, 2.0820822517490492e-9, 4.6639976968504955e-9, 5.133735153026656e-9, 1.283357354942311e-9, 0.10620164512814416, 4.408123550354514e-9, 0.1062016029051694, 0.10620181617423775, 2.3991872020070915e-9, 1.3525185100898823e-9, 2.786150694554613e-9, 2.756243889911267e-9, 1.1517774267004252e-9, 0.1062017661766004, 0.2620320530105488, 0.10620173886952332, 0.10620166241800146, 1.8406580396888536e-9, 0.10620176500993396, 0.1062016631766395, 2.888760185628352e-9, 0.1062017491189915, 0.1062017390115455, 1.1979492129243486e-9, 1.3721791851646033e-9, 0.10620167704731769, 6.036629426658695e-9, 0.10620173815177811]
v_opt: [0.8937980782348662, 0.8937982941539288, 0.5445963395505197, 0.011278801754611174, 0.011278850796006764]
solution time: 0.015110969543457031
McCormick lower bound: -3.1317844887792003

