x_opt: [0.6352935499502002, 0.18296818098050707, 0.8244370614725363, 0.17556293869187026, 0.8244370610969624, 0.14152759534365458, 0.8244370615298638, 0.9395476235205892, 0.8244370613899931, 0.1755629378474725, 0.060452376373759824, 0.8228397738439371, 0.17556293620652405, 0.175562938310386, 0.14152759518262262, 0.18296818108141516, 0.1755629385175764, 1.2129834406944327e-10, 0.14152759521830666, 0.06045237651048397]
w_opt: [0.6352935499173455, 0.45973061139989385, 4.0294040163200954e-11, 2.6060894912005526e-11, 0.45813332382021105, 0.1755629360143472, 2.551308341334334e-11, 6.599744090614384e-11, 0.17556293846684654, 6.871467150016916e-11, 2.5503439646791382e-11, 0.007405242461535101, 0.007405242543478835, 0.18296818087095065, 0.1755629378851421, 0.1755629382578524, 8.349328182161903e-11, 0.1829681809608315, 0.17556293861149183, 0.6488741230057751, 0.7639846850163483, 1.1244812471606176e-10, 0.6472768354382957, 0.18296818093918404, 7.833567055549966e-11, 9.84404413436749e-11, 0.14152759519974822, 4.3134616667879856e-11, 1.4873158882927227e-10, 9.869668866340188e-11, 0.17556293866738126, 0.17556293864446543, 0.17556293782023516, 1.9637007524235465e-11, 4.77013698406153e-10, 0.17556293849937898, 1.932724700790505e-11, 3.713476631202124e-11, 0.8244370613733755, 1.100272960040909e-10, 3.9954939503792274e-11, 2.6511125485451303e-11, 4.707257398430815e-11, 0.17556293804596318, 1.533417341211998e-11, 0.1415275952511744, 0.14152759525580866, 4.75627781337769e-11, 0.14152759529196177, 0.14152759528176986, 3.7481128174275104e-11, 0.14152759531320794, 3.084885973989103e-11, 6.994262734870933e-11, 0.1415275951931042, 5.37731463219539e-11, 0.8228397738212206, 1.998665175642968e-9, 2.6907701886565665e-11, 3.4720739740151187e-11, 7.899464704247795e-11, 0.8244370613631126, 3.224470525362232e-11, 0.14152759506858334, 0.17556293849236537, 0.14152759518758679, 1.226577239895734e-10, 3.0906917483075284e-11, 0.6472768352827202, 0.17556293615042443, 2.1909646352584593e-11, 3.486944711856156e-11, 2.5204784432105965e-11, 3.455543836941555e-11, 3.516346508356648e-11, 1.5857659089208905e-11, 0.17556293617274948, 9.590670621006808e-11, 0.14152759503671583, 0.06045237634637358, 3.309942001113191e-11, 1.4922854023349284e-11, 2.237236847138409e-11, 6.803265351148741e-11, 2.418817269521501e-11, 0.14152759513787547, 0.17556293591556885, 0.060452376468650856, 0.17556293816650115, 3.334756933948824e-11, 0.1415275951414069, 0.1415275950771504, 3.517650387698767e-11, 0.14152759504545787, 0.06045237648781474, 2.1256413219511766e-11, 2.670855709272071e-11, 0.06045237642054533, 8.77936891546159e-11, 0.060452376488799545]
v_opt: [0.9395476235060815, 0.8244370614343202, 0.6796964689756854, 0.030822349108898358, 0.0036545447155962355]
solution time: 0.016441822052001953
McCormick lower bound: -4.558899452431729

