x_opt: [0.6792233544433456, 0.25518378027383937, 0.8773314891691439, 0.1226684082100113, 0.744815522056085, 0.2551837934576511, 0.7448162109250638, 0.856792857267084, 0.5521240637882862, 0.12266852207526385, 0.1432070316425364, 0.4478759403053163, 0.2551838481243244, 0.2551837873906979, 0.12266850878738769, 0.2551838043987534, 0.1226684068036191, 7.0353709922163816e-9, 0.12266850283338085, 0.12266850568324573]
w_opt: [0.6792233531281814, 0.4240388774700628, 2.173750306155529e-9, 2.0026962839258448e-9, 0.12709929594383879, 0.25518383972713893, 2.4465208527553442e-9, 9.72641887425849e-9, 0.12266840389626922, 4.251377921210184e-9, 1.2722356644563374e-9, 0.1325152704276899, 1.1452298420971336e-8, 0.2551837708942983, 0.12266852037131899, 0.25518376790626196, 1.3322368332325942e-8, 0.2551837788976815, 0.1226684031981422, 0.6221477014938616, 0.7341243487378349, 1.423355385825387e-8, 0.32520743646712946, 0.25518379779321365, 5.510622203063001e-9, 5.375019612079874e-9, 0.12266850114677845, 7.3269576238784905e-9, 1.149122023776928e-9, 8.848685953524812e-9, 0.12266840549224456, 0.12266840619524923, 0.12266839375771794, 1.5914494258065513e-9, 2.9927025922453196e-8, 0.12266840442508842, 1.6157408039564937e-9, 3.2264814633925114e-9, 0.5521240627417283, 9.34893218225132e-9, 1.2387938236194666e-9, 1.935887507680088e-9, 2.381944163822746e-9, 0.1226683839221769, 1.5845863520131858e-9, 0.25518378912483863, 0.25518378447751683, 3.43375480904128e-9, 0.25518379147886083, 0.25518377553052085, 2.672221434349092e-9, 0.2551837914024057, 2.1260723787384724e-9, 4.154803670661682e-9, 0.1226685004768681, 3.1004038208318896e-9, 0.4478759383512557, 2.2836623794506646e-7, 2.0100227184698397e-9, 3.2415079425695107e-9, 7.88139441050797e-9, 0.5521240617875041, 2.4523482800408113e-9, 0.12266850194137892, 0.1226684043372488, 0.12266850109946413, 1.6824274701774162e-9, 1.3671629784224153e-9, 9.555272421815038e-9, 0.2551838465349154, 2.826741849754798e-9, 1.5101331724267625e-9, 2.2173456821033836e-9, 4.967085971595374e-9, 4.652464530447789e-9, 1.497640619135155e-9, 0.12266851992301238, 3.1202798127275806e-9, 0.12266847273685406, 0.1432070292792885, 2.186203821522736e-9, 1.614625061904577e-9, 2.752757093286217e-9, 2.9875419478092506e-9, 1.3282075680838022e-9, 0.12266850753951988, 0.2551837636201768, 0.12266850383475948, 0.12266839648862568, 2.28286520442601e-9, 0.12266850662305388, 0.12266839183654409, 2.430102252901382e-9, 0.12266850024661834, 0.12266850367602046, 1.3462406517539098e-9, 1.512031788857375e-9, 0.1226684019774208, 5.247327804376595e-9, 0.12266850017550249]
v_opt: [0.8567928558953788, 0.8773314876796278, 0.5547501963353063, 0.015047571981199357, 0.020508405912294997]
solution time: 0.012547016143798828
McCormick lower bound: -3.6974763746158157

