x_opt: [0.7728684155268238, 0.22713421672818185, 0.772868560786108, 2.337809484843239e-5, 0.7728684841457867, 0.22711893545346315, 0.7728817645055922, 0.6269063662939893, 0.41955206499261105, 0.2271314753906402, 0.22713081064301036, 0.5804479023613517, 0.22713145914081811, 0.22711824087810442, 0.22713078752154717, 0.29519487444398923, 2.3351157338227313e-5, 7.186390554154346e-8, 0.22711612994754649, 0.22711318369366096]
w_opt: [0.7728684025944811, 0.5457369104452785, 2.4420780810373653e-8, 2.742259150718675e-8, 0.3533163309499992, 0.2271313946766936, 1.9746474836005554e-8, 2.446877397159338e-8, 2.3320189257113738e-5, 4.2415591873270666e-8, 1.3247006787740384e-8, 2.789412251355811e-6, 2.8177173043358056e-6, 0.227134112569266, 0.22713146033799847, 0.22711820987602893, 7.880464758344478e-8, 0.22713420210775478, 2.3333081990546353e-5, 0.5457503369843378, 0.3997749424920543, 8.542715205164602e-8, 0.35331652281823733, 0.2951947976945735, 5.3666996868021086e-8, 5.869539299462651e-8, 0.2271161152044982, 4.103208025243161e-8, 1.2689855394846096e-8, 7.15231092473738e-8, 2.3353416999457688e-5, 2.3357563086798543e-5, 2.3276367592178944e-5, 1.2018531597398616e-8, 1.5878965783325313e-7, 2.3333119729891856e-5, 1.598778297914039e-8, 2.5808136646353483e-8, 0.41955205320442784, 1.5238836531565916e-7, 2.046961248487617e-8, 1.571963209625558e-8, 2.372618103166297e-8, 2.319863082770316e-5, 1.2647575106139993e-8, 0.22711889691965043, 0.22711886621346708, 3.568069127861135e-8, 0.2271189142424464, 0.22711818361402614, 2.2871443823308017e-8, 0.22711892251736993, 1.652080490873993e-8, 4.263055721119275e-8, 0.2271161136268688, 3.697670120969688e-8, 0.5804478861723, 1.3568661571157004e-5, 2.9622634624686636e-8, 3.438874706943223e-8, 2.6688884133805647e-8, 0.419552047321068, 1.8044406827882237e-8, 0.2271307394864571, 2.33254939265e-5, 0.22711610928155526, 2.4005807700897633e-8, 1.0977143492866074e-8, 2.5313043664904486e-8, 0.2271314465148446, 2.5463009025734476e-8, 1.4824781721120548e-8, 2.0303819379110162e-8, 2.8420336929621452e-8, 3.0054886647264326e-8, 1.2578293287028019e-8, 0.22713144990239803, 3.197390382557306e-8, 0.22711601066651424, 0.2271307968142362, 2.1544843602906417e-8, 1.4472004605141659e-8, 1.5753208459890433e-8, 3.439973725307522e-8, 1.4060229602667375e-8, 0.2271307757671185, 0.22713111447122972, 0.227113161648624, 2.328810330009401e-5, 2.5759529781079388e-8, 0.22713076561100623, 2.3265446764177643e-5, 2.4833426478356965e-8, 0.22711610906286955, 0.2271131697761702, 1.4005121715779753e-8, 1.338326611698832e-8, 2.330045769648626e-5, 5.5115066716561e-8, 0.22711314252200956]
v_opt: [0.6269063505791546, 0.7728685427102875, 0.5973267149509857, 0.05158896743091864, 0.051588514961282146]
solution time: 0.013322114944458008
McCormick lower bound: -4.989294504930265

