x_opt: [0.6489874618539057, 0.3510186675667076, 0.6489874508699693, 8.21408789332812e-5, 0.6489875350897836, 0.14079923590247181, 0.8592011002684986, 0.3707562658976794, 0.35101275350608324, 0.3510124610180965, 0.23472853137964575, 0.6489872198465035, 0.3510124702820998, 0.14079890216088353, 0.3510124456440064, 0.3510187731712816, 8.210256116444317e-5, 5.021544516653359e-8, 0.14079887707117772, 0.11928071366574132]
w_opt: [0.6489874317861142, 0.29797500395848453, 1.1503768760370585e-8, 8.882593724757882e-9, 0.2979746893920128, 0.3510124382081464, 7.96699054062083e-9, 4.760361267221327e-8, 8.208266574774834e-5, 3.154148278928306e-8, 7.758483470184868e-9, 6.1254427319053875e-6, 6.237200422307077e-6, 0.3510185980099607, 0.35101245420037797, 0.14079888564065454, 3.127273290776993e-8, 0.3510186593229535, 8.211370901900199e-5, 0.5081885564203057, 0.019743722685927615, 3.027582218307875e-8, 0.29797470198743276, 0.3510187241299434, 4.050852572518566e-8, 4.444774410425439e-8, 0.1407988707674901, 3.746222361769797e-8, 7.378352353072317e-9, 5.302460654497338e-8, 8.21292751878226e-5, 8.212846549452717e-5, 8.208718242824425e-5, 5.320135126008937e-9, 4.494611281926429e-7, 8.20945898384828e-5, 8.84238565192348e-9, 1.2313179380783413e-8, 0.3510127475080695, 9.652651185977325e-8, 4.357338120921313e-8, 6.858270523551108e-9, 3.4393054470900985e-8, 8.197512727314108e-5, 5.2146746727324944e-9, 0.14079921245976207, 0.14079920774148652, 1.7628109811117495e-8, 0.14079922355541938, 0.14079886066738123, 1.1836720786457393e-8, 0.14079923023227736, 7.752955564306242e-9, 3.2979739654122776e-8, 0.1407988708292406, 3.034723705079207e-8, 0.6489872130092611, 0.2102146978666489, 2.0939501702049055e-8, 3.909625706268412e-8, 4.1414898333253114e-8, 0.351012745985375, 9.664606494652841e-9, 0.3510124268545329, 8.208929042405695e-5, 0.14079886417959675, 1.706686582016807e-8, 5.2374246926768225e-9, 1.0284051814710707e-8, 0.35101246368696953, 1.1000601022885914e-8, 8.363160586157905e-9, 1.0463986064687578e-8, 1.1102661507456904e-8, 1.2379547701783458e-8, 5.4777439795634845e-9, 0.3510124528291453, 2.1064698172699182e-8, 0.14079882687233192, 0.23472852602911828, 1.3333425389802646e-8, 6.402020127734612e-9, 5.7908208646417655e-9, 2.3756551038803828e-8, 8.4638546289693e-9, 0.35101243768696483, 0.351012360526213, 0.1192806984740449, 8.207701038325566e-5, 1.7458434452767412e-8, 0.3510124349627866, 8.205869823420595e-5, 1.479826733716975e-8, 0.1407988654588023, 0.11928070587760232, 8.20250331412397e-9, 6.860757573686433e-9, 8.207879334795642e-5, 4.1944479665326644e-8, 0.11928067724831466]
v_opt: [0.3707562572328465, 0.648987439773523, 0.42118575544723685, 0.12320982528866142, 0.055097519337066504]
solution time: 0.014837026596069336
McCormick lower bound: -7.240678944716988

