x_opt: [0.7908368381402857, 0.3148177698340218, 0.7908370889158429, 0.20914763432528016, 0.790836808071197, 0.20914766558576736, 0.7908525044645732, 0.4707201773091922, 0.26667472868231656, 0.20916318069338133, 0.20916087295265864, 0.7333251546821269, 0.20916316447174896, 0.2091474681053281, 0.20916096801512846, 0.31481799471462235, 0.2091470823609131, 1.0282328399077101e-7, 0.20914669267911506, 0.20914665989159295]
w_opt: [0.7908367921850926, 0.5816736623854563, 6.308362892051685e-8, 2.3320219394589107e-8, 0.5241620209014171, 0.20916304297271235, 2.506921574201678e-8, 8.734272764168821e-8, 0.20914703198749188, 6.210390668453062e-8, 2.4800546887847103e-8, 0.1056548775220714, 0.10565477400490486, 0.3148176005994793, 0.20916316019952547, 0.2091474196841782, 1.0983712097175364e-7, 0.31481774888016084, 0.2091475607500197, 0.5816896075452628, 0.26155728552713065, 3.459266766614829e-7, 0.5241623449044568, 0.3148178297354033, 9.041333861031531e-8, 8.702091352404353e-8, 0.20914667608031906, 8.698039753050532e-8, 1.8633395133799795e-8, 1.447515980542991e-7, 0.20914760741523158, 0.2091475987247075, 0.2091474858428123, 1.476650586734487e-8, 5.8429079194682e-7, 0.20914706614329934, 1.9369095223824294e-8, 3.452435643860821e-8, 0.26667471478484234, 2.940201411529879e-7, 1.0679912355964597e-7, 2.015787677435441e-8, 4.827698779975769e-8, 0.20914679656177748, 1.5026579171060555e-8, 0.2091475988508415, 0.20914757203407736, 5.151366299164684e-8, 0.2091476323211918, 0.20914724229923173, 4.0268391509551743e-8, 0.20914764852657336, 2.2881944179941815e-8, 6.167257924766696e-8, 0.2091466738969236, 8.159076054344568e-8, 0.7333251333565343, 1.7097155793228567e-5, 4.875851236804161e-8, 6.942345540939377e-8, 1.792827464477141e-7, 0.26667470761974693, 2.624135547675667e-8, 0.20916089996035625, 0.2091470516698831, 0.20914666033375545, 4.772160679387502e-8, 1.6563502776830018e-8, 5.167236419814815e-8, 0.20916314488648047, 2.819811089733318e-8, 2.358101838634609e-8, 2.4698310656548512e-8, 3.303447064533634e-8, 3.893163478137719e-8, 1.4191240388557487e-8, 0.20916313187851254, 7.437329512998513e-8, 0.20914656092294598, 0.20916085691497216, 3.482980693632958e-8, 1.5823839264810764e-8, 1.6936038996667213e-8, 5.989726531679507e-8, 2.229054598613602e-8, 0.20916094906714028, 0.20916270086485475, 0.20914662556339292, 0.20914689630146324, 4.233107225637343e-8, 0.2091609365998362, 0.20914693646562815, 3.287821602612308e-8, 0.20914665572140562, 0.20914663306342932, 2.2180921017510722e-8, 1.893336844333388e-8, 0.20914645379112176, 8.051993554184021e-8, 0.20914645359432738]
v_opt: [0.4707201563002541, 0.7908370618866183, 0.6254230384893081, 0.043749274523991334, 0.043748487333812765]
solution time: 0.014127969741821289
McCormick lower bound: -5.979487155502634

