x_opt: [0.6353516470462716, 0.36464850936655013, 0.6353516456087593, 2.6400136109384754e-7, 0.6353516593808101, 0.15944960348799658, 0.8878494362189586, 0.3646483786521312, 0.3646483646523117, 0.36464833468167573, 0.22868276770028909, 0.6353513752414501, 0.3646483425898453, 0.11215056760443778, 0.3646483367876125, 0.364648585663049, 2.52276190406505e-7, 1.561989086753157e-8, 0.11215055609683572, 0.11215053723824836]
w_opt: [0.6353516438171987, 0.2707033074725181, 2.7531345743929017e-9, 2.8571499396695806e-9, 0.27070302375698096, 0.36464833453983725, 1.9099191568686416e-9, 4.4008497694453126e-8, 2.469393155079535e-7, 1.0485254527837342e-8, 1.831543224921952e-9, 1.5637185575076805e-7, 2.030642215092319e-7, 0.3646484738049182, 0.36464833324730106, 0.11215056203516376, 2.1470436158236117e-8, 0.36464850786423136, 2.565358345653811e-7, 0.523201083251093, 2.5503289107822083e-8, 1.035900066460238e-9, 0.27070303228886355, 0.36464856994963674, 1.622353731145702e-8, 1.4476438670449981e-8, 0.11215055444430647, 1.29129373316708e-8, 1.2448093277291316e-9, 2.2364348031703907e-8, 2.6050161937999797e-7, 2.6146714068330886e-7, 2.434602445152371e-7, 1.3203917708387471e-9, 6.82044900310999e-8, 2.505723562331482e-7, 2.5338503345927313e-9, 4.5074577753056335e-9, 0.36464836281201213, 4.890192981156437e-8, 5.514341587780989e-9, 1.8919398112843834e-9, 1.0408445253274176e-8, 2.2202885478054553e-7, 1.6909136779555827e-9, 0.15944959535741435, 0.15944959290162394, 5.818023442291022e-9, 0.1594496011027311, 0.11215054592842409, 5.014257530336037e-9, 0.1594496023421025, 2.22431568013004e-9, 1.0963967846063284e-8, 0.11215055439662155, 1.276850270875505e-8, 0.6353513733940341, 0.2524983378976625, 8.845860492698439e-9, 3.832775231995907e-8, 3.611294173134614e-8, 0.364648362988983, 2.833881737165749e-9, 0.3646483295066692, 2.4718908293930526e-7, 0.1121505522815867, 3.748273525189437e-9, 1.3409316118688373e-9, 1.7112768128421843e-9, 0.36464834148568176, 4.965564937611712e-9, 2.0240932520629616e-9, 3.3555370509373603e-9, 4.631040571711488e-9, 5.571588284260703e-9, 1.416182379446894e-9, 0.3646483323778209, 4.787612076726638e-9, 0.11215053102996234, 0.22868276661863465, 5.493078396576247e-9, 2.1074087119790144e-9, 1.4839561384649899e-9, 6.8575686067881476e-9, 2.367232474990102e-9, 0.3646483353185026, 0.3646482262859997, 0.11215053419232908, 2.451177317671235e-7, 6.960289828970122e-9, 0.3646483342903118, 2.3379830423264435e-7, 4.423990711211761e-9, 0.11215055382268181, 0.11215053488105937, 2.3322887227751427e-9, 1.7632011561258095e-9, 2.307233106745849e-7, 1.3890692078940185e-8, 0.11215053127770437]
v_opt: [0.3646483767532637, 0.6353516432097425, 0.4036718335230703, 0.13296844258156404, 0.052295811716274225]
solution time: 0.012819051742553711
McCormick lower bound: -7.918625357193031

