x_opt: [0.6283296662636539, 0.37167032010526274, 0.62832968917055, 0.00815420459272437, 0.6283296742773753, 0.1414086180343001, 0.8585917034521782, 0.3716706367188988, 0.37167035438985707, 0.3716703130067894, 0.20225489470956756, 0.6283296390908962, 0.3716703210940873, 0.14140830085983483, 0.3716703198463117, 0.37167032460522426, 0.008154201151069027, 4.385405983982302e-9, 0.0951741966713167, 0.0951742002749798]
w_opt: [0.6283296641016614, 0.2566593409587426, 1.009173282332835e-9, 1.0939969587728538e-9, 0.2566593061450533, 0.37167031719013005, 1.0383211312034569e-9, 8.623226017878731e-9, 0.00815419931836117, 2.752702843987178e-9, 1.136877083115607e-9, 1.0006760321559827e-8, 1.6729626191094747e-8, 0.3716703113707623, 0.37167031186942506, 0.14140829815018033, 4.304652708001217e-9, 0.3716703187597313, 0.008154201790940395, 0.48692139320627775, 3.264593188828652e-7, 7.2306188792847965e-9, 0.25665933195321905, 0.3716703205087917, 5.426586154552245e-9, 3.905648026493631e-9, 0.0951741960992253, 6.586624071177069e-9, 5.612600295297302e-10, 6.044467718611395e-9, 0.008154203401868508, 0.008154203133823054, 0.008154194106362813, 6.138829439845272e-10, 4.97851747576978e-8, 0.008154200145128573, 9.239081309854655e-10, 1.5974464267009081e-9, 0.37167035385591285, 6.317205243559763e-9, 1.858929882294794e-9, 1.0358600438572536e-9, 3.973701038617271e-9, 0.00815418623012867, 5.997985708368913e-10, 0.14140861494368828, 0.14140861453712267, 1.8204499301977522e-9, 0.14140861678071315, 0.14140829059229068, 1.561047262750052e-9, 0.14140861746808142, 9.799613271737455e-10, 2.722098823030364e-9, 0.09517419597020506, 3.816604266788968e-9, 0.6283296381524581, 0.23026205195546096, 5.705973573304688e-9, 4.504813773079251e-9, 7.3595851876469786e-9, 0.3716703535999934, 1.021932108776698e-9, 0.37167031754454205, 0.008154199673919246, 0.09517419563202632, 1.4980778261335402e-9, 7.085438618440792e-10, 1.4430388802701501e-9, 0.3716703203857978, 1.2767159750481771e-9, 8.760356496313716e-10, 1.1501163382999606e-9, 1.9523504618786907e-9, 1.7078513054700114e-9, 6.44616699284064e-10, 0.37167031136757617, 2.1172868446000273e-9, 0.09517418897503178, 0.20225489424790966, 1.4557710783911785e-9, 7.561744011396957e-10, 7.359587392550926e-10, 2.495530298289813e-9, 9.040580368001848e-10, 0.3716703189380733, 0.3716702807126406, 0.09517419885414302, 0.008154197933472225, 2.3297591772576528e-9, 0.3716703184170523, 0.008154193997654536, 1.2372242942871103e-9, 0.09517419554281217, 0.09517419897798543, 9.02576937412225e-10, 7.739530088782742e-10, 0.008154197465496485, 3.7195178618667485e-9, 0.09517419388260649]
v_opt: [0.3716706360506397, 0.6283296882891386, 0.39479818761587765, 0.13813882483287163, 0.04090704440931112]
solution time: 0.014048099517822266
McCormick lower bound: -7.3301191100750405

