x_opt: [0.7495218865548583, 0.34587543793456227, 0.7495218886876122, 2.0676581943522e-7, 0.7495218910848584, 0.25047810537914783, 0.7495218992934912, 0.40466979303433515, 0.2504783581293905, 0.2504781086426854, 0.2504780554790099, 0.5311609207744786, 0.25047810931057135, 0.25047809503283575, 0.2504781076898333, 0.34587544190026587, 2.0509826310401067e-7, 2.318478508538208e-9, 0.2504781016472021, 0.2504780998672879]
w_opt: [0.7495218860862076, 0.4990437780457401, 5.990053576866835e-10, 4.420858393788388e-10, 0.28068280769049336, 0.250478107545974, 7.430290085104922e-10, 2.4201359386892752e-9, 2.0411654959107238e-7, 1.398986281448892e-9, 3.033373892860303e-10, 0.09539732707141217, 0.09539733239172865, 0.34587543475016247, 0.250478108373564, 0.25047809437478297, 1.7789857354326945e-9, 0.3458754372816068, 2.0531025559270877e-7, 0.499043788285682, 0.15419168225343058, 1.9833443957344703e-9, 0.28068281105074194, 0.34587543902730655, 1.5069606693144123e-9, 1.8216348731108125e-9, 0.25047810113053776, 1.7983637005255963e-9, 5.040386102813999e-10, 3.189901214560039e-9, 2.0582964670327703e-7, 2.0619960766062703e-7, 2.041639291892962e-7, 3.128848853101911e-10, 1.8152403719961086e-8, 2.0463862732656355e-7, 4.841186006706856e-10, 6.33023517602548e-10, 0.2504783577572853, 6.320274355067855e-9, 1.099050244331165e-9, 3.825481111890975e-10, 1.0513105435709268e-9, 1.9911832524880556e-7, 3.8128915371233093e-10, 0.2504781045803365, 0.25047810328137704, 1.4253107833485509e-9, 0.25047810465420256, 0.2504780935764307, 5.014686177323265e-10, 0.2504781050521299, 4.3037421740540347e-10, 1.481887569550433e-9, 0.2504781011621634, 1.0748366865404618e-9, 0.5311609204067052, 1.2075976910595518e-6, 7.876843880893193e-10, 5.268724912928587e-9, 4.667325497728616e-9, 0.25047835747457053, 5.221263337584371e-10, 0.25047810638591694, 2.0429755270359502e-7, 0.25047810100140544, 9.54536246009399e-10, 2.4409439784651043e-10, 3.90406112481488e-10, 0.25047810896761435, 7.9453548969381e-10, 4.1525374077443617e-10, 5.77727455342687e-10, 6.548214610238708e-10, 7.478397852661726e-10, 3.1898944892309706e-10, 0.25047810832258266, 1.1221446118481098e-9, 0.250478095018863, 0.2504780549059161, 6.060098269091304e-10, 4.211308564572767e-10, 3.851493470008121e-10, 8.264495457771144e-10, 3.7213107355271844e-10, 0.25047810731315456, 0.2504781019214769, 0.25047809918580444, 2.029673703385146e-7, 6.642219302605678e-10, 0.25047810692714817, 2.027594428777481e-7, 9.591141547148084e-10, 0.2504781009868389, 0.25047809952566735, 3.948932861533724e-10, 3.4041356501170556e-10, 2.0402146596561197e-7, 1.7505778200127032e-9, 0.25047809924955455]
v_opt: [0.40466979236706907, 0.749521888170792, 0.5617830795202758, 0.06273928693670645, 0.06273925956817684]
solution time: 0.013731956481933594
McCormick lower bound: -4.360954606615308

