x_opt: [0.7388691309620872, 0.33533070933561815, 0.7388691321947428, 0.172230480187866, 0.738869135066074, 0.17223046436157557, 0.8277695376650325, 0.4059602348433297, 0.261131104654142, 0.2611308677243257, 0.234411402593903, 0.738868889916491, 0.2611308673360341, 0.17223046171404127, 0.26113086419380444, 0.33533071016448307, 0.17223045304541343, 2.6245276642016765e-9, 0.17223046227535097, 0.17223045918831506]
w_opt: [0.7388691302319205, 0.4777382665579108, 9.346923138547997e-10, 6.092032098970267e-10, 0.4777380214426535, 0.2611308652342696, 6.21865837346461e-10, 2.048295763435604e-9, 0.17223045167083964, 1.490715186937427e-9, 4.939588074005048e-10, 0.07419984217329373, 0.07419984747377076, 0.3353307057139307, 0.26113086721316703, 0.17223046062167852, 1.758971202931869e-9, 0.3353307084140086, 0.17223047842132663, 0.5666386702324704, 0.14482936753238748, 1.9247867317025793e-9, 0.47773802412853816, 0.33533070633421097, 1.936728982080974e-9, 2.1763846045770014e-9, 0.17223046176902645, 1.4661251888346415e-9, 6.293558205655508e-10, 2.8305817474739216e-9, 0.17223047934587554, 0.17223047932185742, 0.17223047734674016, 3.7898436670797346e-10, 1.3207738378765391e-8, 0.17223045258547082, 5.645999666178346e-10, 7.961596846481951e-10, 0.26113110419992525, 8.209464954425852e-9, 3.5580897499721397e-9, 4.753132666368643e-10, 2.034004356715364e-9, 0.17223044640400353, 3.8281097672897927e-10, 0.1722304630349521, 0.17223046220149263, 1.3613964238501933e-9, 0.172230463415307, 0.1722304593482037, 7.204152702326856e-10, 0.17223046393129404, 5.366373968108171e-10, 1.5778919953333857e-9, 0.1722304617416223, 1.662507191227e-9, 0.7388688894303671, 0.0889004533933615, 1.1424005497612846e-9, 2.4963172778175586e-9, 3.716822629585093e-9, 0.2611311040250491, 6.639080533947689e-10, 0.2611308626780722, 0.17223045211660978, 0.17223046132759626, 1.2857427293278654e-9, 3.5666538626013086e-10, 6.155917723064986e-10, 0.26113086684244097, 7.533331606004516e-10, 5.862817154308408e-10, 6.430707431673804e-10, 6.964873334652277e-10, 7.887727529414716e-10, 3.750836884319621e-10, 0.26113086662787943, 1.5001501596149068e-9, 0.17223045893837358, 0.23441140213144562, 7.618904283355321e-10, 4.5833801132909883e-10, 4.0356654954452687e-10, 1.3717672510468401e-9, 5.430021782139794e-10, 0.26113086367382904, 0.2611308581762708, 0.17223045812163124, 0.17223045090087233, 1.0104368805030642e-9, 0.2611308632545196, 0.17223045041432064, 9.423144363656428e-10, 0.17223046144574675, 0.17223045878672366, 5.587549093558345e-10, 4.581280156132964e-10, 0.17223045039666462, 1.976346280275369e-9, 0.1722304582388429]
v_opt: [0.40596023412915216, 0.7388691313592162, 0.5459276026855684, 0.06818935564670797, 0.054948763353106625]
solution time: 0.013337135314941406
McCormick lower bound: -6.313476890677731

