x_opt: [0.7908448395831095, 0.3148181999585758, 0.790844967735564, 0.20915394045469174, 0.7908448070964615, 0.20915422705801429, 0.7908458229230445, 0.47072495829840355, 0.2666771438110767, 0.20915517275351247, 0.2091477279264165, 0.7333228115397423, 0.20915516931457528, 0.20915415420139263, 0.2091547033240467, 0.314818419171061, 0.20915378613813812, 3.75036303567041e-8, 0.20915365356792887, 0.20915359311584475]
w_opt: [0.7908448251473915, 0.5816896504035395, 1.4633755741764098e-8, 6.42534362893359e-9, 0.5241676568310424, 0.209155126385213, 6.937373561360744e-9, 4.4572198201402955e-8, 0.20915377028952392, 2.385725726995126e-8, 7.52408820170063e-9, 0.10566317280160892, 0.10566309987120708, 0.3148181293514311, 0.20915516745398824, 0.2091541403676209, 4.5385034675608034e-8, 0.31481819442910924, 0.20915391545055304, 0.5816907945313612, 0.26156993094194453, 1.7127906543724447e-7, 0.5241678175535674, 0.3148183591045847, 3.6846901211900536e-8, 3.3960634302315526e-8, 0.20915364899836245, 4.019557364591089e-8, 5.101040145851159e-9, 7.059399395304794e-8, 0.20915393329122364, 0.20915393418181386, 0.20915389173085103, 4.423548569739125e-9, 1.860318317339866e-7, 0.20915378265004977, 6.2167513218508466e-9, 1.0834615233023698e-8, 0.2666771412751137, 1.2993024766825515e-7, 4.559509091924739e-8, 5.775206615830715e-9, 1.768753863240259e-8, 0.20915364716278098, 4.317532491465214e-9, 0.20915420235363627, 0.2091541966302629, 1.7327669539935354e-8, 0.20915421789054645, 0.20915401797614971, 1.4950506730725683e-8, 0.20915422310857007, 7.567122637092546e-9, 2.544037732371401e-8, 0.20915364876315454, 3.49027049911098e-8, 0.7333228068432167, 1.7170655549688264e-6, 1.9883570681771654e-8, 2.082445195792454e-8, 7.693271912771293e-8, 0.2666771386540782, 7.916878487807106e-9, 0.2091546809713801, 0.2091537780483498, 0.20915364483593776, 1.7067696854696835e-8, 4.823035996208748e-9, 2.1341622052187088e-8, 0.2091551650779284, 8.413435989516939e-9, 7.171433526276963e-9, 7.726115956795625e-9, 1.1210356057775138e-8, 1.3329295890282884e-8, 3.621543754684718e-9, 0.20915515186196632, 2.716648643084766e-8, 0.20915361896259937, 0.2091477244922119, 1.2294784216364828e-8, 4.542499805123265e-9, 4.447199738668337e-9, 2.0851864148692362e-8, 6.830748924605312e-9, 0.2091546992658483, 0.20915502134431257, 0.20915358368787462, 0.20915365988912704, 1.498825537854678e-8, 0.20915469496238354, 0.20915373277238727, 1.2042551594899968e-8, 0.20915364275003223, 0.20915358842264042, 6.7232989456973524e-9, 5.827274148853816e-9, 0.20915350736182617, 3.2129616689691436e-8, 0.20915353415750854]
v_opt: [0.4707249533816664, 0.790844961669247, 0.6254356277877477, 0.043746158000485376, 0.043743089733138986]
solution time: 0.012111902236938477
McCormick lower bound: -5.760407506783833

