x_opt: [0.7679917489406514, 0.28504028984355007, 0.7679917583351125, 7.188269778922759e-6, 0.7679921707829834, 0.23198499758728153, 0.7680154646325772, 0.5902961214285342, 0.4155635095242547, 0.2320081787271697, 0.23200822924716938, 0.5844268252730689, 0.23200814138841416, 0.2319843641752606, 0.23200773948295197, 0.28504034784502935, 6.764028560454347e-6, 6.619905500368873e-8, 0.23198456091887282, 0.2319845704089993]
w_opt: [0.7679917143593504, 0.5359839272714595, 1.6615906984048942e-8, 1.534030206621614e-8, 0.3524185843167445, 0.2320080929824849, 1.4153122056959538e-8, 5.1023598576493924e-8, 6.736425558188343e-6, 4.1441794403368526e-8, 9.118368008462978e-9, 0.05303205897143986, 0.053032519129119125, 0.28504019331217983, 0.23200816896755952, 0.23198434533018863, 4.893612945038399e-8, 0.2850402742210977, 7.144096539881752e-6, 0.5360072303315556, 0.35828789077980905, 3.6980049742877035e-8, 0.3524186302821068, 0.285040261767449, 5.457915767181181e-8, 5.612068804896804e-8, 0.231984550314922, 7.040426123315195e-8, 1.2180623256449757e-8, 1.2737605192314287e-7, 7.167609454757495e-6, 7.170959749162719e-6, 7.102671229680495e-6, 7.795895249725776e-9, 8.81511448265472e-7, 6.755056721308686e-6, 1.2595080960807459e-8, 1.7544701551703823e-8, 0.4155635009745218, 4.6210663020517034e-7, 3.2910893303062644e-7, 9.020909744956093e-9, 7.119809288693796e-8, 6.5311100620300285e-6, 7.986939846866242e-9, 0.2319849723189081, 0.23198495982955486, 2.961813352485748e-8, 0.2319849825301914, 0.2319843251826507, 1.499042254167045e-8, 0.2319849895857019, 1.1343221472987226e-8, 4.401304090008508e-8, 0.23198454689133524, 3.6641941190560565e-8, 0.5844268164006986, 2.4179472882980942e-5, 1.840573869933453e-8, 2.3723915751083783e-7, 1.846694145264151e-7, 0.4155634958612585, 1.3663284744734627e-8, 0.23200770916701166, 6.7445549279765174e-6, 0.23198454345804434, 2.799958945866927e-8, 6.745253529620926e-9, 1.033009074473866e-8, 0.23200813322367933, 1.7727718636934228e-8, 1.1425098085350199e-8, 1.4679243888773689e-8, 1.6165924761828887e-8, 1.8874421054347877e-8, 7.298056247295585e-9, 0.23200813002642326, 3.552786414383539e-8, 0.2319845005543323, 0.23200821991620396, 1.710426965931393e-8, 9.643872198603659e-9, 8.195096098748536e-9, 1.9335008787662525e-8, 1.0559254009848641e-8, 0.23200773118369916, 0.23200801337404195, 0.23198455336714738, 6.723972558934398e-6, 2.0189832102891008e-8, 0.2320077222172508, 6.699390150798189e-6, 2.427826388888813e-8, 0.2319845473899136, 0.2319845601971455, 1.0973536325000739e-8, 9.134549473554793e-9, 6.7013084500265905e-6, 5.333945448833287e-8, 0.23198447355041352]
v_opt: [0.5902961066828215, 0.7679917448461824, 0.5898127170983595, 0.05382781280676769, 0.05382784805253768]
solution time: 0.014035940170288086
McCormick lower bound: -5.238484320067763

