x_opt: [0.6353517271705938, 0.36464828446836123, 0.6353517311935432, 4.0516731992845535e-8, 0.6353517266734016, 0.15944919788248685, 0.8878493401473684, 0.364648730969107, 0.36464827044887355, 0.36464826835842695, 0.2286836772783437, 0.6353517170215605, 0.364648270456235, 0.11215065901779361, 0.3646482703938086, 0.36464829312351543, 3.687369868905506e-8, 2.409292385719275e-9, 0.1121506788602682, 0.11215067970770579]
w_opt: [0.6353517267179906, 0.2707034539714932, 6.328799054031334e-10, 7.206634279965488e-10, 0.27070344459306767, 0.3646482686190192, 5.85806647989936e-10, 8.541230414719782e-9, 3.572706637841712e-8, 1.4664310193391483e-9, 4.753524719727592e-10, 1.6110694843623725e-8, 2.1846593292332328e-8, 0.3646482754785124, 0.3646482679260663, 0.11215065775450017, 4.184297013026253e-9, 0.3646482834501135, 3.902109583951737e-8, 0.5232010717609379, 4.625356362584919e-7, 5.538438631449656e-10, 0.270703450540422, 0.3646482901624422, 3.285473166895204e-9, 2.0737567337212314e-9, 0.11215067837630724, 2.4582883714078872e-9, 3.540307395973188e-10, 4.109342731823043e-9, 3.946956463807937e-8, 3.987623202433293e-8, 3.634512137583134e-8, 3.692229898413252e-10, 1.0866992428533964e-8, 3.640154430134454e-8, 5.886839081210207e-10, 9.993219097035462e-10, 0.3646482699086113, 7.446740284135624e-9, 4.955601089210704e-10, 5.52257018280741e-10, 1.565667599362021e-9, 3.111274333556329e-8, 4.784719955760008e-10, 0.15944919614628747, 0.15944919500810853, 1.2708465313839845e-9, 0.15944919724617343, 0.11215065393069346, 1.025195647423767e-9, 0.1594491975310677, 5.339510092003438e-10, 1.4872957513548816e-9, 0.11215067832536178, 2.0935487462028403e-9, 0.6353517164381339, 0.25249778816369295, 8.768008575473303e-10, 3.320193259541014e-8, 3.774284142425948e-8, 0.3646482699898931, 7.037692678948888e-10, 0.36464826954102414, 3.5520368707101306e-8, 0.11215067800283579, 8.077555355675449e-10, 3.2290788492969674e-10, 4.967212157476543e-10, 0.36464826989740173, 1.3537651390108597e-9, 4.885871250910327e-10, 7.461329040460116e-10, 1.1361058270821067e-9, 1.361510621620379e-9, 4.41130257602501e-10, 0.36464826786711896, 1.0278170357847984e-9, 0.11215067374402639, 0.22868367688985422, 8.653773735667745e-10, 6.346939009094508e-10, 4.734915368248631e-10, 1.2549912436771654e-9, 4.972269698029287e-10, 0.36464826982778137, 0.3646482427334041, 0.11215067894301692, 3.545879529272045e-8, 1.4243937482005304e-9, 0.36464826949635043, 3.2585452928710715e-8, 8.32867635736329e-10, 0.11215067827799464, 0.11215067906041688, 5.430898848912657e-10, 4.1755539273103594e-10, 3.4616281358536484e-8, 1.944753020963006e-9, 0.11215067827639527]
v_opt: [0.36464873042583024, 0.6353517305371628, 0.40367186924099735, 0.13296836176104884, 0.052296229776054755]
solution time: 0.012748003005981445
McCormick lower bound: -7.284574207621308

