x_opt: [0.7423433435787912, 0.32810521313055535, 0.7423433596982039, 0.17205258089960723, 0.7423433305536224, 0.17243228335523345, 0.8275678396830537, 0.41645689027110866, 0.25765670256759776, 0.25765664732042143, 0.24995544589288074, 0.7423432631894786, 0.25765664276067946, 0.17243215735057021, 0.2576565971863904, 0.3281052393013235, 0.17205256724453155, 1.802990517205486e-8, 0.172432136585165, 0.172432100849229]
w_opt: [0.7423433365277213, 0.4846866760101465, 6.7543674450062736e-9, 4.0637148709755485e-9, 0.4846866102496032, 0.25765662681092505, 4.178210560640797e-9, 1.6246122708286546e-8, 0.1720525585731698, 1.0615430752039874e-8, 3.2748763958500546e-9, 0.07044857634805697, 0.07044856693946178, 0.3281051846081299, 0.2576566441120913, 0.1724321501623091, 1.3679264659800772e-8, 0.328105208722156, 0.17205256909894298, 0.5699112019529402, 0.15880025323475175, 2.0164951759947832e-8, 0.4846866369002937, 0.32810521752640603, 1.4909394907064172e-8, 1.5147884595750933e-8, 0.17243213334253152, 1.5993181958981197e-8, 3.61892523807012e-9, 2.143532812322555e-8, 0.1720525751918022, 0.1720525754758904, 0.17205255845300801, 2.582606330355588e-9, 1.1368351069080211e-7, 0.17205256352030457, 3.804963409816744e-9, 5.560645108032607e-9, 0.257656699732388, 4.0457229156967805e-8, 8.328792809100265e-9, 3.285777366245587e-9, 8.428458761790013e-9, 0.17205251875433833, 2.6063088791390595e-9, 0.17243227418807486, 0.17243226737441197, 8.849371873463245e-9, 0.1724322776590476, 0.17243214085777916, 5.071646552167732e-9, 0.1724322805708978, 3.725505875536426e-9, 1.1016538830248258e-8, 0.17243213334434077, 1.0427479765591654e-8, 0.7423432598907393, 0.08522474923449093, 7.874207218396167e-9, 1.774905510454038e-8, 2.615962586298079e-8, 0.25765669851932754, 4.4338640129859985e-9, 0.25765658708441336, 0.17205256101828162, 0.17243213109129277, 7.697818938784407e-9, 2.4504519896214473e-9, 4.772579137154995e-9, 0.25765663932818844, 5.340953308758142e-9, 3.790816184813853e-9, 4.493098544501007e-9, 5.247022453246079e-9, 5.923368661755388e-9, 2.67574305332456e-9, 0.25765663700983776, 9.7674547983911e-9, 0.1724321091462706, 0.24995544308940307, 5.283222941146116e-9, 3.1225727716607057e-9, 2.9857218011404422e-9, 9.109426094420022e-9, 3.5262491166440696e-9, 0.25765659400954694, 0.25765658360110416, 0.17243209416388805, 0.17205255587614157, 6.725512796821031e-9, 0.25765659172078553, 0.17205254723042446, 6.195946391826952e-9, 0.17243213140269503, 0.17243209771284967, 3.6496615387162192e-9, 3.0750490659040215e-9, 0.17205255761317328, 1.3978580108424202e-8, 0.17243207761687243]
v_opt: [0.416456886018515, 0.7423433548763414, 0.5510743846998867, 0.06638695982147082, 0.062477739021809336]
solution time: 0.014965057373046875
McCormick lower bound: -5.954195780105174

