x_opt: [0.6450153997542384, 0.3549846282707467, 0.6450154442840399, 0.06759603366560982, 0.6450154264315098, 0.1564707315594237, 0.8435299682635554, 0.4131932415242215, 0.3549853089176192, 0.3549845278119749, 0.19968080793996915, 0.6450146847543751, 0.3549845689990462, 0.1564700456767751, 0.35498455803028034, 0.3549849362542898, 0.06759602055057434, 4.3574040595208943e-8, 0.0675963867900868, 0.06759627632530756]
w_opt: [0.645015389583182, 0.2900308324665557, 1.182505364051506e-8, 1.0438906612622331e-8, 0.2900300916993287, 0.3549845377868386, 7.83942059721753e-9, 2.0366787931746997e-8, 0.06759600483134641, 2.7173638189640313e-8, 8.83089220816773e-9, 7.793143950881771e-8, 8.166838104492236e-8, 0.35498456627937247, 0.3549845199752773, 0.15647002634659973, 4.31569800352663e-8, 0.35498462207781567, 0.06759600943571563, 0.4885454188336263, 0.05820869165937837, 1.521532598638499e-8, 0.29003016187243846, 0.35498490505710595, 3.140370391687231e-8, 3.8321847241928986e-8, 0.06759638065596427, 2.6685829122774296e-8, 5.12104533526619e-9, 4.439071498477145e-8, 0.06759602239922284, 0.06759602144216594, 0.06759595297346703, 6.3183615940791075e-9, 4.670030619657276e-7, 0.06759601038000014, 8.60502518901003e-9, 1.4682158044552149e-8, 0.3549853030768351, 3.4722321924160205e-8, 1.0065679077812502e-8, 9.085089247235428e-9, 2.3042322536348494e-8, 0.06759587567998053, 5.739956774252379e-9, 0.15647069922319437, 0.15647070335728822, 1.2478754044747159e-8, 0.15647072121850927, 0.15647001134504282, 1.424808532242865e-8, 0.15647072501112175, 8.46584541074966e-9, 2.6918927364973213e-8, 0.06759637889747845, 2.5019723826535858e-8, 0.6450146756710811, 0.1985152413710425, 2.420398266078137e-8, 2.081004861349146e-8, 3.2024266417179405e-8, 0.3549853021732135, 9.09399932663876e-9, 0.3549845386836534, 0.06759600723150137, 0.06759637733601333, 1.0148749451985499e-8, 6.295867113862602e-9, 2.4106645647809714e-8, 0.3549845621611246, 1.1486446491053776e-8, 7.555028652736784e-9, 1.1147354907113657e-8, 1.819491721608168e-8, 1.6160311311030998e-8, 6.067566066344397e-9, 0.35498451998267433, 1.4071636858703816e-8, 0.06759630163225101, 0.19968080229473403, 1.3488772847794737e-8, 7.197600916212551e-9, 7.227074578586891e-9, 1.5943256427714714e-8, 7.810284902154238e-9, 0.35498454982030087, 0.35498432841482236, 0.0675962647886628, 0.06759599910026882, 1.755371480001507e-8, 0.3549845470035626, 0.06759596280928633, 1.1121441619618943e-8, 0.06759637579217594, 0.06759626715990132, 7.465126318669731e-9, 7.511449393018901e-9, 0.067595914169076, 3.616532059038721e-8, 0.06759623802239174]
v_opt: [0.41319323523085827, 0.6450154347244754, 0.4160488063205459, 0.12601436970117172, 0.039872550129621494]
solution time: 0.012280941009521484
McCormick lower bound: -6.564673135360054

