x_opt: [0.6105439446627148, 0.2706046083175366, 0.8934330584792899, 0.10656702238404604, 0.7383357957650716, 0.26166403378846975, 0.7383357816873521, 0.8861268970067712, 0.6105437934542369, 0.10656694956473707, 0.11387304097102452, 0.38945619422775307, 0.26166403032568947, 0.2616641319200306, 0.10656696796472455, 0.2706047019304609, 0.10656692139407542, 8.351789866275335e-9, 0.10656696627335548, 0.10656696404422679]
w_opt: [0.6105439428152349, 0.34887974100164454, 4.094085874247402e-9, 1.2446116097943454e-9, 1.4024741867471913e-7, 0.26166401864409466, 3.432778179393257e-9, 7.970862214363645e-9, 0.10656691843493213, 5.808992621103657e-9, 7.050934662768659e-10, 0.16403766799034958, 0.008940417307235724, 0.2706045941640287, 0.10656694821179147, 0.2616641301395682, 1.3281215434074406e-8, 0.2706046070402135, 0.1065670160108402, 0.6317688409535528, 0.779559960390327, 1.2010639689175018e-8, 0.28288926414354537, 0.27060468501442103, 1.0189418099501669e-8, 5.888135331908662e-9, 0.10656696490856957, 2.943705961021265e-8, 1.3810602259592307e-9, 2.5561357922285602e-8, 0.10656702002651146, 0.10656701972031933, 0.10656692246448102, 1.0395522627239222e-9, 1.043987689124298e-7, 0.10656692022245647, 1.0826581912237898e-9, 2.392939839959247e-9, 0.6105437928237522, 3.877430126513593e-8, 1.5558762442181716e-9, 1.360392619407824e-9, 2.3888749814126616e-9, 0.1065668822383293, 1.3305027534048309e-9, 0.2616640311751681, 0.26166401518460664, 5.790560771444648e-9, 0.2616640269798362, 0.2616640278727407, 2.420875377875257e-9, 0.2616640327046616, 1.9695718740252827e-9, 5.844389187769619e-9, 0.10656696515283223, 4.830059948627376e-9, 0.3894561933539058, 9.146313097718457e-7, 1.911506158738321e-9, 2.9959451799027254e-9, 6.66549780648502e-9, 0.6105437910428408, 2.8339859170881134e-9, 0.10656695673248838, 0.10656691977322648, 0.10656696451163711, 3.4923719973491196e-9, 1.0371302178517717e-9, 7.2108303393277676e-9, 0.26166402597847777, 2.1815965851540797e-9, 1.4150254944750452e-9, 1.7502844427912877e-9, 2.970594996103404e-9, 4.100912463697192e-9, 8.754819054237829e-10, 0.10656694825262097, 9.461369057716848e-9, 0.10656691508461641, 0.1138730379991666, 2.4407549811143415e-9, 9.308719082143807e-10, 1.6887771318468932e-9, 3.2710613112610893e-9, 1.0923016805997619e-9, 0.1065669668990574, 0.2616639888882895, 0.10656696248631191, 0.10656690432442206, 1.8176324332805254e-9, 0.10656696502998596, 0.10656690415759007, 3.728491478895779e-9, 0.10656696023985006, 0.10656696289517638, 1.2242492180225896e-9, 1.1432838616933074e-9, 0.10656691374787265, 6.483223641552582e-9, 0.10656696030998296]
v_opt: [0.8861268954026715, 0.8934330574084568, 0.5451397488712496, 0.01135658725557688, 0.012967080818382493]
solution time: 0.012663841247558594
McCormick lower bound: -3.1021897736824093

