x_opt: [0.7908453778498985, 0.3148190568450652, 0.7908453859187016, 0.20915456702189728, 0.7908453514726196, 0.20915463102903153, 0.7908453693089631, 0.47072384183186916, 0.26667726483740195, 0.2091546198652663, 0.2091453529740494, 0.7333227338146956, 0.2091546401587035, 0.20915462053791867, 0.20915454904353, 0.31481917193371994, 0.20915454246187806, 4.895899661243679e-9, 0.20915454163461777, 0.20915453972340964]
w_opt: [0.7908453757183576, 0.5816907296770742, 8.353931897033419e-10, 6.976149642464254e-10, 0.5241681122772114, 0.20915463397904516, 1.587975181717091e-9, 5.63117909061264e-9, 0.2091545405757158, 3.4199334469557103e-9, 5.13621629697755e-10, 0.10566444336881926, 0.1056644174197641, 0.3148190493989786, 0.20915461924759648, 0.2091546191834507, 5.803039166484139e-9, 0.31481905620053313, 0.2091545640385978, 0.5816907556425432, 0.261569228644491, 9.698581927575115e-9, 0.5241681244999369, 0.3148191640291897, 5.876123976194264e-9, 4.073877714098211e-9, 0.20915454106476616, 3.5471318158691466e-9, 6.742038947389729e-10, 8.189212225359068e-9, 0.20915456601237079, 0.20915456599213522, 0.20915455553510612, 4.9188934188498e-10, 3.5742880219314663e-8, 0.2091545419243038, 6.227097114896977e-10, 1.4232226568748813e-9, 0.26667726448793594, 1.4453850614137973e-8, 1.6567721157207873e-9, 6.014029907487716e-10, 1.8129377553407845e-9, 0.20915452786792615, 7.009026779807378e-10, 0.20915462912947716, 0.20915462543349694, 3.1359434202688045e-9, 0.20915462963124026, 0.20915461467063087, 1.493482792634983e-9, 0.20915463055652925, 9.667929400896523e-10, 3.39223020014279e-9, 0.20915454104407583, 3.016365737561065e-9, 0.733322733337308, 2.6932472033906475e-7, 1.3035680369947902e-9, 2.853349784100121e-9, 1.002774539480382e-8, 0.26667726399837643, 1.019066907289275e-9, 0.20915454520857854, 0.2091545415324349, 0.20915454038945736, 2.022211775471621e-9, 6.070637875376743e-10, 2.610712981709899e-9, 0.20915463913464888, 1.2060378457295418e-9, 8.739947470391095e-10, 1.0287613012483351e-9, 1.4782734025072965e-9, 1.879565197429058e-9, 4.116773531864316e-10, 0.20915461931086923, 4.203540273040887e-9, 0.209154533620434, 0.20914535238228849, 1.476635381521328e-9, 4.43476005870063e-10, 6.47300627790614e-10, 2.373057976160115e-9, 7.707216142170292e-10, 0.2091545485378713, 0.20915462983196328, 0.20915453876095455, 0.20915453548970636, 1.424253230370639e-9, 0.20915454782012352, 0.20915453168527018, 1.731583471696953e-9, 0.20915453923579627, 0.20915453904670323, 7.537169004245277e-10, 6.432951588761031e-10, 0.2091545305798087, 4.065595165224488e-9, 0.20915453745444257]
v_opt: [0.47072384099121917, 0.790845385311283, 0.6254364079028716, 0.04374566586331517, 0.043741789463527844]
solution time: 0.012663841247558594
McCormick lower bound: -4.307682983484732

