x_opt: [0.7530181340048271, 0.24698226174066606, 0.7530181312368619, 0.17093733218972487, 0.7530181371781599, 0.17093733461512808, 0.8290626643265944, 0.4732562798472945, 0.27109405777402956, 0.24698186350803308, 0.22874194106344775, 0.7289059528362324, 0.2469818643118058, 0.17093733561404195, 0.24698185936686243, 0.34437646931685706, 0.17093732888900504, 4.582160716894334e-9, 0.17093634565578877, 0.170936120262588]
w_opt: [0.7530181294078873, 0.5060362715677031, 1.6992301463845993e-9, 5.851391602311245e-10, 0.4819240876473273, 0.2469818605135115, 6.239749897610473e-10, 5.99743439837869e-9, 0.17093732760333769, 3.297624899541572e-9, 7.149613266901002e-10, 3.9330601672365065e-7, 4.013351068676954e-7, 0.2469822549329339, 0.24698186306254608, 0.17093733401804947, 4.715522305302637e-9, 0.24698226139684276, 0.17093732997938502, 0.5820807959197297, 0.22627441150602598, 3.619016590875208e-9, 0.4819240879934382, 0.3443764649437532, 3.0689722083065943e-9, 4.203102933099516e-9, 0.170936345307458, 2.444220710647695e-9, 3.4700484066366085e-10, 5.148129881420426e-9, 0.17093733157326063, 0.17093733113911613, 0.17093732725119795, 3.7487583250253205e-10, 3.6967372451394064e-8, 0.17093732850805046, 4.92349754324785e-10, 1.140646973478439e-9, 0.27109405747575815, 9.214740467487704e-9, 2.478169926057768e-9, 4.979659517204269e-10, 1.9712694547480686e-9, 0.17093731893486558, 4.001020729447963e-10, 0.17093733168700997, 0.17093733193367627, 1.3332163591168619e-9, 0.17093733397027794, 0.17093732197897826, 1.6491135814584622e-9, 0.17093733422045007, 6.558002762812976e-10, 3.0390990979564157e-9, 0.1709363452406715, 3.634004683507234e-9, 0.7289059522288059, 0.0760447521334665, 1.3311010408108245e-9, 2.127618956697173e-9, 3.5871306900303474e-9, 0.27109405732597996, 6.891637774963228e-10, 0.24698185736073308, 0.1709373281552629, 0.17093634484941525, 1.0145761410454283e-9, 5.03883901555007e-10, 1.353746199852511e-8, 0.24698186378447845, 7.782812338012128e-10, 6.172877634699974e-10, 8.448114751571157e-10, 1.2831236418340824e-9, 1.4710617205928419e-9, 3.179069229806888e-10, 0.24698186279124226, 1.974502977453293e-9, 0.17093634276202382, 0.22874194075318421, 1.6933927829399294e-9, 3.853972014692323e-10, 3.967526521056262e-10, 1.2774674537726018e-9, 7.289429200046115e-10, 0.2469818589375085, 0.246981858224212, 0.17093611951229187, 0.17093732381319626, 1.5106703316076153e-9, 0.24698185879190782, 0.17093732470917322, 9.488748224647536e-10, 0.17093634472077726, 0.17093611920994456, 6.166096215171675e-10, 5.907010727598745e-10, 0.1709361168014954, 4.085879906330983e-9, 0.1709361185373464]
v_opt: [0.4732562794333169, 0.7530181306301338, 0.5670363160420472, 0.061000043617832636, 0.05232319971435418]
solution time: 0.013702869415283203
McCormick lower bound: -6.3122568179794145

