x_opt: [0.638961956288899, 0.36103813933677675, 0.6389619618206639, 4.257185308720739e-7, 0.6389619395190884, 0.15623916580513228, 0.8840217270718225, 0.36967607153249465, 0.36103808703231194, 0.36103800536866054, 0.23770399286022467, 0.6389619040250191, 0.36103805039591885, 0.11597827463620633, 0.3610380449993091, 0.3610382680115569, 4.2352061748132053e-7, 1.1772662743288921e-8, 0.11597819905943343, 0.11597746110230785]
w_opt: [0.6389619534423149, 0.2779238977625008, 3.2525196821320023e-9, 3.149080551606417e-9, 0.2779238624196821, 0.36103804187835975, 2.5984263552798713e-9, 1.9690503813501756e-8, 4.185813775675267e-7, 7.02456437604371e-9, 2.371262571621825e-9, 1.0294963255540283e-7, 9.57668665961063e-8, 0.36103812379983763, 0.361038003062385, 0.11597826918817203, 1.1002554416334223e-8, 0.36103813697971365, 4.192030922985384e-7, 0.5229836907823002, 0.00863803526983621, 5.50310231214064e-9, 0.2779238742545554, 0.3610382576120863, 9.1719590958882e-9, 1.0010971473284646e-8, 0.11597819691784696, 6.8138111354298215e-9, 1.8223274088447741e-9, 9.808471193024547e-9, 4.219978262099099e-7, 4.2238825181729385e-7, 4.1104343167233374e-7, 1.8336348382697338e-9, 3.6371763032956454e-8, 4.20699968793403e-7, 2.620264762782191e-9, 4.105077678344957e-9, 0.361038084967284, 1.3580074551880105e-8, 2.887248098738433e-9, 2.5680283723665917e-9, 5.029504296478095e-9, 3.9923197850250747e-7, 1.8800814108728826e-9, 0.15623915888144602, 0.15623915680295491, 4.641868222547498e-9, 0.15623916243937014, 0.1159782670677562, 3.835740747095049e-9, 0.15623916383744352, 2.4277390565778302e-9, 7.012473676421829e-9, 0.11597819658417677, 6.002569932748072e-9, 0.6389619013148525, 0.24505991930287363, 5.287016050536889e-9, 6.517541802488869e-9, 8.850063361104485e-9, 0.36103808471542853, 2.8999159028956127e-9, 0.3610380389620615, 4.1904822147279943e-7, 0.11597819565405314, 3.4661225830673966e-9, 1.6926117741688528e-9, 3.2196975528783408e-9, 0.3610380484092182, 3.998639294975315e-9, 2.3269890447186956e-9, 3.2566658434870057e-9, 4.223520476604255e-9, 4.503286744890729e-9, 1.9933269341066485e-9, 0.36103800300289773, 4.301402380428552e-9, 0.11597818267000679, 0.23770399095768702, 3.5243547365530033e-9, 2.338142655948849e-9, 2.3399529306118233e-9, 5.964906608972727e-9, 2.3223234276114276e-9, 0.36103804260756167, 0.3610379854028248, 0.1159774573698441, 4.164456427736961e-7, 4.666768780570054e-9, 0.3610380417221251, 4.100595210843125e-7, 3.607395873536202e-9, 0.1159781958343442, 0.11597745876245978, 2.300926236274002e-9, 2.1075479609303865e-9, 4.173755386835628e-7, 9.280079352609622e-9, 0.11597745851640129]
v_opt: [0.3696760691807299, 0.6389619585898497, 0.4082728958119795, 0.1303489291011802, 0.05650323391354175]
solution time: 0.012542009353637695
McCormick lower bound: -6.587168282310053

