x_opt: [0.7495216929360359, 0.3458753702494089, 0.7495217254755632, 5.018589828343892e-7, 0.7495217485608064, 0.2504778704562153, 0.7495222898492181, 0.40466961298460413, 0.25047828490381663, 0.2504782497116267, 0.250478293959637, 0.5311614842738306, 0.2504782576678358, 0.2504776676300281, 0.2504782134646216, 0.3458753979557384, 4.522790830542469e-7, 2.6411839512864087e-8, 0.25047783785836836, 0.2504778304196111]
w_opt: [0.74952168705645, 0.49904344389665767, 6.417642428918211e-9, 5.245926063094527e-9, 0.2806831808213796, 0.25047823770031835, 7.971935020120238e-9, 4.57678204561751e-8, 4.412089439053656e-7, 1.647309704509897e-8, 2.986977831077548e-9, 0.09539710026117641, 0.09539716078655208, 0.34587532459707865, 0.25047824581532185, 0.2504776604762678, 2.888233297669354e-8, 0.34587536192262336, 4.860514134341079e-7, 0.4990440184333036, 0.15419134344983954, 8.222674102063039e-9, 0.2806832291609167, 0.34587535951402243, 2.0378425692864062e-8, 2.1725095394405505e-8, 0.25047783245007565, 1.636385249673709e-8, 5.010212210684276e-9, 5.214948640562718e-8, 4.905002832149897e-7, 4.962316765219406e-7, 4.6663896062945537e-7, 3.0891666810992214e-9, 1.4509491029036761e-7, 4.4796611928168357e-7, 5.1602926641741395e-9, 7.55611984530913e-9, 0.2504782806594661, 1.641611209275384e-7, 1.8045558737476633e-8, 3.6435475523042075e-9, 1.5308031387460664e-8, 3.8901041652065303e-7, 4.293483921251313e-9, 0.25047786204627887, 0.25047782157346793, 1.539808407970178e-8, 0.25047786441156406, 0.25047764729912986, 5.728278968506087e-9, 0.2504778673600519, 4.682795271699126e-9, 1.7465291254793044e-8, 0.250477832867541, 1.5204783032616158e-8, 0.5311614805672996, 5.554354358087762e-6, 1.159266387606909e-8, 1.4591896296185516e-7, 1.8130648590036678e-7, 0.2504782786596783, 5.7341263890042724e-9, 0.25047819830048956, 4.4263320670223793e-7, 0.2504778303856247, 1.1115780419471442e-8, 2.4825046261079384e-9, 3.6653336544352743e-9, 0.2504782538884631, 1.0340001463646276e-8, 4.276943813365741e-9, 6.263898576339557e-9, 7.283012013590409e-9, 9.059652367091438e-9, 3.2373377553160106e-9, 0.25047824217787434, 1.2727723709367072e-8, 0.25047778761479506, 0.25047828941632816, 7.59288114811038e-9, 4.712653118747067e-9, 3.7659373928926776e-9, 8.507420415852665e-9, 4.0012521050563035e-9, 0.25047820998190634, 0.25047817041362885, 0.2504778234543558, 4.317141766870439e-7, 7.825560881601194e-9, 0.25047820591936887, 4.228723694608264e-7, 1.1299314589019699e-8, 0.25047783239868915, 0.2504778268307863, 4.331638460623378e-9, 3.447157917336753e-9, 4.396745253456191e-7, 2.0931232224927573e-8, 0.25047781780754563]
v_opt: [0.4046696054801491, 0.7495217201449049, 0.5617828754648794, 0.06273936810656709, 0.06273938511580027]
solution time: 0.012418985366821289
McCormick lower bound: -4.729155698074811

