x_opt: [0.6353518768857702, 0.3646484061390492, 0.6353518628091418, 1.8608365243620032e-6, 0.6353515581678549, 0.1594510606686857, 0.8878501975928496, 0.3646486131019993, 0.36464854040115646, 0.3646481008267603, 0.22868074935319194, 0.6353508753131611, 0.3646484176602124, 0.11214984223154374, 0.3646483978404378, 0.36464884270981196, 1.8503628835909446e-6, 4.603085596486357e-8, 0.11214955091727494, 0.11214950574239763]
w_opt: [0.6353518606336637, 0.2707034396503555, 1.2750643584777288e-8, 8.762867527635806e-9, 0.27070275718815967, 0.3646483954880696, 6.914949954993986e-9, 3.4782561665721545e-7, 1.8353407193135843e-6, 3.1025193385603345e-8, 6.417853716571604e-9, 2.7351646411850755e-7, 1.852931463192074e-7, 0.36464830788093494, 0.3646480950928801, 0.11214982709287823, 8.793382301976511e-8, 0.36464840039198504, 1.8384263040022291e-6, 0.5232020653575684, 4.803338959944261e-7, 1.2781878177355672e-8, 0.27070277152344413, 0.36464880934762445, 4.285234230393868e-8, 4.178881466060856e-8, 0.11214954554711858, 2.2329353624680655e-8, 4.001963062843144e-9, 6.897131875202394e-8, 1.8488586090083105e-6, 1.8515032859802263e-6, 1.7813294889873757e-6, 4.775707061614022e-9, 3.1702113483397795e-7, 1.8418861020214815e-6, 8.254423752805761e-9, 1.6819812031093832e-8, 0.3646485345801419, 6.20820722796334e-8, 8.580961566698599e-9, 6.471312235358215e-9, 2.7051861112390256e-8, 1.722557400609723e-6, 5.200393158317846e-9, 0.15945103622180426, 0.1594510356986998, 1.2888775622530314e-8, 0.15945105326037617, 0.1121498125413732, 1.3635241395969563e-8, 0.15945105628998776, 7.530654931235638e-9, 3.117545977237915e-8, 0.11214954432371842, 3.24676565631067e-8, 0.635350867977248, 0.25250006218138454, 4.7128701273713163e-8, 6.045322110549216e-8, 4.0318001417340896e-8, 0.36464853409190257, 8.325022636602862e-9, 0.364648377721567, 1.8338947383958317e-6, 0.11214954130290394, 9.10709933103136e-9, 4.529065213920551e-9, 6.359938194197866e-9, 0.3646484135952306, 1.468808003656197e-8, 6.051713325443847e-9, 1.1056562975630168e-8, 1.735568391492722e-8, 1.9216624927561182e-8, 5.329674088725316e-9, 0.3646480950987497, 1.2653440905895499e-8, 0.11214950274198406, 0.22868074515836143, 1.5471297834099613e-8, 7.370194166217108e-9, 5.905676938067313e-9, 1.7945658666420374e-8, 6.834786314920827e-9, 0.36464839281608835, 0.3646479454716538, 0.11214949683845651, 1.83091506227038e-6, 1.9127678603680045e-8, 0.3646483921219803, 1.7867299440074085e-6, 1.243897058186393e-8, 0.11214954375914353, 0.11214949410666952, 6.760605678054017e-9, 5.8525571963790705e-9, 1.8244296831190294e-6, 4.0348853987938184e-8, 0.11214948088059098]
v_opt: [0.36464860733162463, 0.6353518540827774, 0.40367217720136417, 0.13296824776406446, 0.05229490139334408]
solution time: 0.01593804359436035
McCormick lower bound: -7.138779592341631

