x_opt: [0.8102818048166373, 0.18971830791101696, 0.8102818290877188, 0.18971816695989688, 0.810281800759165, 0.18971813210094396, 0.8102818440653551, 0.872819110070375, 0.6354239732558166, 0.1897181666603846, 0.12718084584825537, 0.7902052282484265, 0.18971816991878043, 0.18971815277428075, 0.18971812628648657, 0.19039297895319598, 0.1897181508088209, 9.378908886394507e-9, 0.13990020700441494, 0.12718087982838933]
w_opt: [0.8102818024861834, 0.6205636069046826, 3.333403988668867e-9, 2.36777020090006e-9, 0.600487034956916, 0.18971815896032537, 2.246374072495703e-9, 1.056781436800914e-8, 0.18971814723324254, 5.749814534634215e-9, 1.913098987861729e-9, 1.3824590657873535e-7, 1.279512929344745e-7, 0.1897182971631161, 0.18971816441963962, 0.1897181479296688, 1.1393230153615634e-8, 0.1897183063290379, 0.18971816117111656, 0.6205636745934227, 0.6831009411109671, 8.733946391497536e-9, 0.6004870663262448, 0.190392970221304, 9.369915671108088e-9, 7.836852909085944e-9, 0.13990020549111165, 4.315368445527181e-9, 1.3951487587699927e-9, 9.034067382219294e-9, 0.18971816470952374, 0.18971816398467684, 0.18971813896276943, 1.6435724667827782e-9, 3.7804818935871445e-8, 0.189718149380071, 1.7210126836762144e-9, 3.5294759270583807e-9, 0.6354239721372112, 1.1302750424346511e-8, 1.8292705647003168e-9, 2.3309412560794448e-9, 3.5152047566959843e-9, 0.18971812253280315, 1.454215360278036e-9, 0.1897181249452825, 0.1897181241505446, 3.562102300275061e-9, 0.18971812911427363, 0.1897181227277943, 3.7088847916897267e-9, 0.18971813012613808, 2.36906969171349e-9, 5.5787500278482194e-9, 0.1399002049547835, 4.374561504520273e-9, 0.7902052259948944, 2.3610096157661572e-7, 2.2839231716852977e-9, 3.780871576227747e-9, 7.45595306700065e-9, 0.6354239713209938, 2.26521547341934e-9, 0.18971811863876933, 0.18971814840266188, 0.1399002047844438, 5.132278332228661e-9, 1.99458732688267e-9, 0.4256292065372851, 0.18971816714704684, 2.3676329673539876e-9, 1.9231628088541436e-9, 2.382270093497784e-9, 4.086531579318888e-9, 4.113460161167407e-9, 1.4412636387580712e-9, 0.18971816276049572, 4.497703054729498e-9, 0.1399001920259007, 0.12718084399681684, 2.8663372780121337e-9, 1.4480283525672798e-9, 2.141318439394415e-9, 4.284195295313828e-9, 1.8127573752094995e-9, 0.18971812437549168, 0.18971814457234634, 0.1271808771671426, 0.18971813335085305, 2.979953415597608e-9, 0.18971812387260778, 0.1897181047831177, 2.6588293247802642e-9, 0.13990020348799648, 0.12718087778335424, 1.6694082357873515e-9, 1.963214859457188e-9, 0.12718087305642187, 7.323710326101967e-9, 0.12718087694668892]
v_opt: [0.872819108609497, 0.8102818270748751, 0.6565570036188811, 0.03599300565609175, 0.01617519640068338]
solution time: 0.0169069766998291
McCormick lower bound: -4.7135703689306725

