x_opt: [0.6368480185298822, 0.3631520733498573, 0.6368480332535715, 5.277758588185309e-7, 0.6368479300848495, 0.15811877559051873, 0.8862629144799363, 0.3667325954054363, 0.36315204390732003, 0.36315194147618496, 0.23242209461211147, 0.636847933319226, 0.36315202781312106, 0.11373708920142504, 0.36315202021454307, 0.36315216169690256, 5.0981910520208e-7, 1.9414118792723864e-8, 0.11373662334164265, 0.11373656745380106]
w_opt: [0.6368480141632484, 0.27369595210535874, 5.416051985294704e-9, 5.450738417281325e-9, 0.2736959553622006, 0.363152012799951, 4.471173720988886e-9, 6.374489899967445e-8, 5.017051407868701e-7, 1.1645104364783827e-8, 4.122798798927015e-9, 1.0952358075917737e-7, 6.075235329607835e-8, 0.36315204503771337, 0.3631519376184636, 0.11373707968168403, 2.0236267483386085e-8, 0.36315206931119975, 5.16895110627278e-7, 0.523110951055964, 0.003580631891000732, 8.953906061833761e-9, 0.27369598125007377, 0.36315214460977496, 1.6030832029654272e-8, 1.6465499072145673e-8, 0.11373661973099601, 1.3830254251008665e-8, 2.9251810574256073e-9, 1.6875163659744718e-8, 5.214790930490573e-7, 5.221062274799467e-7, 5.013298500683478e-7, 3.1662834397830127e-9, 5.6960013559928796e-8, 5.05056952956603e-7, 4.393684557008682e-9, 7.13220778473378e-9, 0.36315204043253335, 1.9680803297871328e-8, 3.3694378274834092e-9, 4.541248680479946e-9, 7.462430749313796e-9, 4.7147429242319077e-7, 3.2544588817808586e-9, 0.15811876335000002, 0.1581187599218064, 7.768507235446191e-9, 0.15811877003734978, 0.11373706801299596, 6.762755231068355e-9, 0.1581187722253382, 4.1993583430549496e-9, 1.1508459357110557e-8, 0.11373661900640275, 1.0384686381817342e-8, 0.6368479285091304, 0.24941519910183144, 9.916866711620436e-9, 1.0848752138167353e-8, 1.8721371479193268e-8, 0.36315204005105434, 4.939593634599816e-9, 0.3631520108751873, 5.022460861011496e-7, 0.11373661780611574, 5.6881026031513404e-9, 2.9662835008428516e-9, 5.546351572166377e-9, 0.36315202426747695, 7.006419489987693e-9, 3.902757797513425e-9, 5.584819261598038e-9, 7.979115134147985e-9, 8.145151029800488e-9, 3.4673942913577713e-9, 0.3631519371128862, 7.20826406283238e-9, 0.11373659412485689, 0.23242209139172088, 6.004231248131452e-9, 4.068526767165166e-9, 4.390159044081675e-9, 1.0657214620850993e-8, 3.89707679698022e-9, 0.3631520162027238, 0.36315191891466225, 0.1137365612787091, 4.968495859658031e-7, 8.158481677498886e-9, 0.36315201473586606, 4.85720623432843e-7, 5.925600263765095e-9, 0.11373661792312147, 0.11373656285866561, 3.875857447971667e-9, 3.597813760895032e-9, 4.979680567132023e-7, 1.5331329535525142e-8, 0.11373655867730918]
v_opt: [0.36673259153473353, 0.6368480279851687, 0.405575346821773, 0.13187936701240432, 0.05402026227050692]
solution time: 0.014713048934936523
McCormick lower bound: -6.494933784326806

