x_opt: [0.26808824650811286, 0.10484177530506705, 0.8951596773671823, 0.1048429075276554, 0.8940380530339569, 0.10595875638823608, 0.8940413373424081, 0.894042078670102, 0.8940380187216537, 7.458857811258031e-7, 0.10595766638341941, 0.7319119343577101, 0.10595886761644177, 0.10595859995497973, 0.10484264873904978, 0.3363400205390582, 0.10484288320923846, 6.513956804535648e-8, 0.10484263454335009, 0.10484263901745591]
w_opt: [0.2680882361524418, 0.16212630451536192, 2.422888605695956e-8, 1.5230900063144077e-8, 1.9474315186792878e-7, 0.10595874939056091, 2.7654059162824263e-8, 1.8450907503248253e-7, 0.10484286510096222, 4.491568468002581e-8, 8.537889598866046e-9, 1.458984804526693e-6, 1.1128750638237216e-7, 0.10484169279949057, 7.317971616584052e-7, 0.10484175047323913, 4.78559081642777e-7, 0.10484176201533073, 0.1048428646709911, 0.7892010252242353, 0.7892018104920192, 3.6371603037528105e-8, 0.6270717053921663, 0.3363399667138033, 2.6067519535430877e-6, 4.225675893522946e-8, 0.10484262125200147, 2.3386048070695458e-6, 8.000930693033388e-9, 1.2999730867819472e-7, 0.10484288763196388, 0.10484289108978789, 6.601583615378813e-7, 1.517572774049581e-8, 5.771971207732105e-7, 0.10484287080977134, 1.0567524224130463e-8, 3.1131833892854115e-8, 0.8940380103313906, 9.400441265870998e-8, 1.070811942885527e-8, 2.0823823913257313e-8, 1.6553704876408806e-8, 0.10484254989586494, 1.4619129130405776e-8, 0.1059587264559139, 0.10595860355246275, 2.9080893777521403e-8, 0.10595873871295187, 0.10595852905675524, 2.8803028781657375e-8, 0.1059587378175799, 2.175120239136158e-8, 4.222736900455382e-8, 0.1048426104548276, 2.492193658883001e-8, 0.7319119168096101, 5.317228141898009e-6, 1.1750537064041486e-8, 2.5441472206785294e-8, 7.191425651231998e-8, 0.8940379916897098, 2.042928519497103e-8, 0.10484251951760268, 0.10484286913299419, 0.10484262404357504, 1.0673517908237644e-8, 1.4517778056487238e-8, 0.6259499852315455, 0.1059588465668484, 2.2181073437131978e-8, 1.0711088077443293e-8, 1.8683986742857066e-8, 9.451944506209495e-8, 6.746637745862185e-8, 1.4785298465789326e-8, 7.223770062568076e-7, 2.7180131617857868e-8, 5.559763477103203e-7, 0.10595758697456384, 1.9179458295789606e-8, 1.3151268095049884e-8, 1.0271285726963625e-7, 2.113403448827442e-8, 9.404672318520227e-9, 0.10484263985733831, 0.10595855313639672, 0.10484262929867214, 0.10484255507733271, 1.395356519163168e-8, 0.10484263334803771, 0.10484230648062946, 2.276411967771126e-8, 0.10484260478360947, 0.10484260980132472, 9.531182959416994e-9, 1.2804493163727712e-8, 0.10484260083255711, 5.076415221806078e-8, 0.10484261821190351]
v_opt: [0.8940420696007904, 0.8951596685006249, 0.7993042235951893, 2.40532251141174e-7, 0.011227034748627704]
solution time: 0.014629125595092773
McCormick lower bound: -2.907713617601028

