x_opt: [0.27681167829058523, 0.10354318553652242, 0.9023451079573488, 0.10354317935719895, 0.8964568153393876, 0.10354316947164104, 0.7231883293442791, 0.8964568225682418, 0.8964568104945375, 0.06424218725669821, 0.10354317072671985, 0.7231883237023987, 0.10354316952003513, 0.10354318203533901, 0.09765489677823048, 0.3318286442835279, 0.10354315649520315, 2.727331226556569e-9, 0.09765489766435569, 0.09765489644856921]
w_opt: [0.2768116777825475, 0.17326849386897886, 7.301309687053546e-10, 4.695072266658333e-10, 2.517112895394086e-9, 0.10354316505869199, 8.346381331392634e-10, 1.9224464549359817e-9, 0.1035431555508788, 1.7041902122989889e-9, 3.3285365172427874e-10, 0.005888293923463902, 1.3345699556344593e-8, 0.10354318310261937, 0.06424218653047163, 0.10354318102624568, 2.7333023591158562e-9, 0.10354318512440294, 0.10354317744568005, 0.6255334376518978, 0.7988019320203773, 2.339205991642311e-9, 0.6255334345337387, 0.33182864103084286, 0.005888265678484561, 1.905008759689496e-9, 0.09765489714575674, 5.480755718865063e-9, 6.248037102068786e-10, 3.438799111923513e-9, 0.10354317868397037, 0.10354317870612871, 0.06424218445090644, 4.4118069914546963e-10, 1.3056095390038564e-8, 0.1035431560906846, 4.305210556471879e-10, 7.878658902736948e-10, 0.8964568101396704, 4.764721119448345e-9, 6.026824281230557e-10, 6.188958689745847e-10, 7.7340687665318e-10, 0.1035431441145332, 3.971641574184589e-10, 0.10354316834626896, 0.10354316627688881, 1.2834426387596828e-9, 0.103543167936806, 0.10354316795357567, 6.499412006531653e-10, 0.10354316888639906, 6.696836903640594e-10, 1.7407768816079556e-9, 0.0976548971376885, 9.49714068383789e-10, 0.723188323213327, 6.882752779476645e-8, 4.83628020895886e-10, 7.227677346806056e-10, 2.769175842012043e-9, 0.8964568095965528, 8.591674124206116e-10, 0.0976548929984537, 0.1035431559480587, 0.09765489712705398, 8.494568431036107e-10, 4.5737719434431124e-10, 0.6196451350281007, 0.10354316864484298, 5.749369050813423e-10, 5.019935788245053e-10, 5.970033825442455e-10, 9.529582509910313e-10, 1.0019702374652583e-9, 3.6715841078782827e-10, 0.0642421863700869, 1.8769979255215876e-9, 0.06424218171077457, 0.10354316936202422, 6.70876158227442e-10, 3.549178463252005e-10, 7.09656421266801e-10, 1.0346699050321513e-9, 4.122053011580842e-10, 0.09765489618478199, 0.10354316162840095, 0.09765489585589282, 0.10354314856392854, 5.656092856778668e-10, 0.09765489582352428, 0.0976548939807987, 9.984733617543933e-10, 0.09765489506392008, 0.09765489570494014, 3.8179746775275724e-10, 4.962822483259169e-10, 0.097654895039866, 1.9606636207900453e-9, 0.09765489579590425]
v_opt: [0.8964568220860594, 0.90234510753102, 0.8036350072673797, 0.004127062710005087, 0.010721189862074708]
solution time: 0.015366077423095703
McCormick lower bound: -3.0629668108605594

