x_opt: [0.7514921542911335, 0.3235528919743658, 0.7514921636761346, 0.17846290391738504, 0.7514921696253299, 0.17846316034817467, 0.8215368748411397, 0.4286429391799828, 0.25767485002438595, 0.24850782690258633, 0.24847719717790898, 0.7423251426631011, 0.24850782972811153, 0.17846312410675466, 0.24850779589064018, 0.3235529534369291, 0.17846289583855315, 1.9064511397630427e-8, 0.17846309544513514, 0.1784629717617806]
w_opt: [0.7514921510720238, 0.5029843263363368, 6.04407836632468e-9, 5.287286495720226e-9, 0.49381730062401985, 0.24850781410969752, 4.558548445169079e-9, 1.5494747120719794e-8, 0.1784628871174514, 1.0982974806336731e-8, 3.6071714927813914e-9, 0.07504505903162426, 0.07504508218607849, 0.3235528674738388, 0.24850782300034938, 0.17846311593656267, 1.5699124530879425e-8, 0.3235528879554863, 0.17846289188637532, 0.573029041440781, 0.18013510651232714, 1.093120546402986e-8, 0.4938173209989988, 0.32355293288565823, 1.3884014152893034e-8, 1.5798181976967432e-8, 0.1784630917943716, 1.0058198639894197e-8, 3.5689367436463096e-9, 1.8610324487522574e-8, 0.17846289784535874, 0.17846289810646757, 0.17846288073772368, 2.9891534284368275e-9, 8.071495690296305e-8, 0.17846289189884493, 4.181324756950188e-9, 6.382165411909171e-9, 0.25767484688092396, 3.596863102861388e-8, 8.078865359176816e-9, 3.855851691224067e-9, 8.061104255374577e-9, 0.17846284833735276, 2.982481367751409e-9, 0.17846314995293222, 0.17846314457138163, 8.580292615667564e-9, 0.17846315437408847, 0.17846310780877261, 5.703977842295054e-9, 0.17846315700618823, 4.1040180294071e-9, 1.1226633601073853e-8, 0.17846309138798733, 9.980471413133812e-9, 0.7423251386925445, 0.07004496194646428, 7.336471117361448e-9, 1.2210337686693926e-8, 1.1210089361020286e-8, 0.2576748457035558, 4.7189379690239985e-9, 0.24850778446911626, 0.1784628891923129, 0.17846308965571603, 6.7773068489874725e-9, 2.7983384004992465e-9, 6.285295219050634e-9, 0.2485078262866752, 5.8233592470348915e-9, 4.012634178852775e-9, 5.061182747344535e-9, 6.156537121789235e-9, 6.695603449673383e-9, 2.9389676923929314e-9, 0.24850782092835025, 8.653805647549273e-9, 0.1784630684305594, 0.2484771936571265, 5.562452247580262e-9, 3.5031347186439764e-9, 3.4218850087738404e-9, 8.814090744119004e-9, 3.8075083057560104e-9, 0.2485077922286084, 0.24850776484592096, 0.17846296532792175, 0.1784628820716202, 6.945980335270252e-9, 0.24850779000980824, 0.1784628745651107, 6.367058812644862e-9, 0.17846308966492214, 0.1784629683519587, 3.788146509580172e-9, 3.4798801709861303e-9, 0.1784628824965193, 1.4584126689679323e-8, 0.17846296700793787]
v_opt: [0.42864293491944155, 0.7514921584371064, 0.564740483437848, 0.06175622888346969, 0.06174129681515305]
solution time: 0.01684093475341797
McCormick lower bound: -5.640182413171252

