x_opt: [0.7495217876121635, 0.3458757218336937, 0.7495217876478653, 7.893908744486786e-9, 0.7495217869799343, 0.2504782124952892, 0.7495217880746352, 0.4046692761603079, 0.25047821365399525, 0.2504782132146689, 0.2504777071927208, 0.5311605168913262, 0.25047821253596386, 0.2504782116058543, 0.25047821229044703, 0.34587572193393584, 7.63145818144051e-9, 2.7400998907543513e-10, 0.2504782118256075, 0.2504782117482478]
w_opt: [0.7495217875450544, 0.4990435748351084, 8.175957481352475e-11, 3.9079732392715534e-11, 0.28068230455079635, 0.2504782123251842, 8.64484750996407e-11, 4.2638367232266726e-10, 7.50219855576337e-9, 1.6142153419942933e-10, 3.9752496286378806e-11, 0.09539750954578834, 0.09539750950237251, 0.3458757214421024, 0.25047821230230755, 0.2504782115191599, 1.967815558048333e-10, 0.3458757217253616, 7.713943278165002e-9, 0.4990435757597899, 0.15419106387059506, 1.8796836958133753e-10, 0.28068230473470446, 0.345875721520331, 1.942404788077391e-10, 2.1556937527358473e-10, 0.2504782117623584, 1.8187406968446828e-10, 6.817207140466197e-11, 4.060473996846546e-10, 7.781324642530996e-9, 7.821416301351798e-9, 7.562701567901128e-9, 3.793598322250196e-11, 1.4083679111516105e-9, 7.577367797085846e-9, 5.954156314178945e-11, 7.720377277549096e-11, 0.25047821360597206, 8.960901242059657e-10, 1.5979886939844648e-10, 4.5652470427971445e-11, 1.2614479023128526e-10, 7.0068433800984555e-9, 4.542186853442196e-11, 0.2504782123949774, 0.2504782121305635, 1.7235251493236172e-10, 0.2504782124046447, 0.25047821143346627, 6.152112614755837e-11, 0.2504782124547343, 5.238478031082136e-11, 1.722749652984248e-10, 0.25047821176570334, 1.4502111704382235e-10, 0.5311605168461966, 1.2464161746027445e-8, 1.0038319561763414e-10, 4.2788461575343163e-10, 6.402454571535017e-10, 0.2504782135738048, 6.609772322725983e-11, 0.2504782121361923, 7.530549617129671e-9, 0.25047821173859, 1.3364571888179472e-10, 3.000601128371089e-11, 4.836339041065385e-11, 0.2504782124902811, 9.381163101318844e-11, 5.3065636209988424e-11, 6.896228076027035e-11, 7.467505615993013e-11, 8.695448244309789e-11, 3.861407667508726e-11, 0.25047821229496425, 1.4594600314512211e-10, 0.25047821119018737, 0.2504777071074986, 7.429126955505482e-11, 5.146878319029911e-11, 4.42432961923901e-11, 1.0478352137824677e-10, 4.743524840769648e-11, 0.25047821224221234, 0.2504782114677944, 0.2504782116573436, 7.407866265243788e-9, 8.630280925417788e-11, 0.2504782121882844, 7.343598947242755e-9, 1.1496965497721105e-10, 0.2504782117501328, 0.25047821170789925, 5.08140724794746e-11, 4.186781308006858e-11, 7.494500327899889e-9, 2.0404577684408899e-10, 0.25047821164364875]
v_opt: [0.4046692760717501, 0.7495217875787372, 0.561782909600778, 0.062739335035623, 0.06273908255254763]
solution time: 0.041851043701171875
McCormick lower bound: -4.680817087229271

