x_opt: [0.7728736032897605, 0.2271263991912283, 0.7728737018562694, 6.135482355882499e-7, 0.7728734803611284, 0.2271264811483041, 0.7728737661447695, 0.6269305984939059, 0.4195737375701534, 0.22712628154506692, 0.22712620813909795, 0.5804262104220033, 0.2271265114263909, 0.22712623158535014, 0.22712626639497943, 0.2951923706232744, 6.063824229971058e-7, 2.072151021636775e-8, 0.2271258475865022, 0.22712579805320585]
w_opt: [0.7728735999474716, 0.5457470862195373, 5.2860795869715785e-9, 7.390096141814696e-9, 0.3532998168432557, 0.2271264940260005, 6.076671629671594e-9, 1.4592423414347317e-8, 5.981640297038652e-7, 1.2698850308908428e-8, 3.179263396229816e-9, 1.0406104128769052e-7, 2.6168893739677857e-8, 0.22712636713694126, 0.22712627763835966, 0.22712622357816836, 2.874812577273568e-8, 0.2271263949593222, 6.016894582563047e-7, 0.5457474711769419, 0.39980430480218954, 9.796405098926543e-9, 0.3532999285827636, 0.2951923505378884, 1.5045896414079158e-8, 1.6867820675908944e-8, 0.22712584336550154, 1.353957259482797e-8, 3.204775713642502e-9, 2.215010271316534e-8, 6.062058930026532e-7, 6.086231009361958e-7, 5.858739729944478e-7, 3.250655521587933e-9, 6.985623546832252e-8, 6.014998419417929e-7, 4.354877083697885e-9, 6.795726655209249e-9, 0.41957373446656887, 2.8908535314125548e-8, 4.679070767340515e-9, 4.2328476042270716e-9, 6.48885185032215e-9, 5.514567144710672e-7, 3.6247426672978745e-9, 0.22712647158287982, 0.22712646105985168, 9.482562513350385e-9, 0.2271264748875593, 0.2271262100142818, 6.078419774704798e-9, 0.2271264778807642, 4.443509265255014e-9, 1.289286026692576e-8, 0.2271258428532367, 9.764953020072692e-9, 0.5804262061982473, 1.924395882221255e-6, 7.109088568108216e-9, 9.754285805738791e-9, 2.322228989128863e-8, 0.419573732690657, 4.70996327388574e-9, 0.22712625311678086, 5.991187636586557e-7, 0.2271258424718529, 5.8679284666244554e-9, 2.6820226803522133e-9, 7.066518622427965e-9, 0.22712650829036052, 7.631870696576103e-9, 3.770024281783477e-9, 5.728135830580494e-9, 8.622885684971527e-9, 9.429321627638521e-9, 3.316206622856315e-9, 0.22712627722708922, 8.387690541163655e-9, 0.2271258055091285, 0.22712620399907876, 6.008989423924662e-9, 4.111190028469443e-9, 4.4690450584566715e-9, 7.87952377203782e-9, 3.499249437340237e-9, 0.2271262634770455, 0.22712644790752362, 0.2271257927060981, 5.796648802778507e-7, 6.545899571556672e-9, 0.22712626085732474, 5.794123718533349e-7, 7.229162139821658e-9, 0.2271258424785037, 0.227125794488468, 3.6019257543901487e-9, 3.4756533599417104e-9, 5.960444666720766e-7, 1.6190109907790157e-8, 0.22712578795203275]
v_opt: [0.6269305942858191, 0.7728736974864558, 0.5973334793781384, 0.05158636036644331, 0.05158636067366967]
solution time: 0.011615991592407227
McCormick lower bound: -4.4694268844368334

