x_opt: [0.799412950449228, 0.20058707839105558, 0.799412959120962, 0.20058694772497707, 0.7994129197502408, 0.20058706633687604, 0.799412955049355, 0.5470559367393172, 0.28056198236327523, 0.20058704326867813, 0.20056949402048382, 0.719438056857587, 0.2005870754364418, 0.20058704321944118, 0.20058695138376584, 0.3334315290813875, 0.20058694447740807, 5.890271693898382e-9, 0.2005869088708576, 0.2005869059566275]
w_opt: [0.7994129491155165, 0.5988258710505008, 1.668868436100828e-9, 1.4530581029684205e-9, 0.5188510084026465, 0.20058706957082323, 2.078865913975822e-9, 5.2128753305795736e-9, 0.20058694215654754, 3.588498570668601e-9, 1.174903360480167e-9, 3.834321417608584e-8, 1.4011568748435627e-8, 0.20058707132693498, 0.20058704194946664, 0.20058704033158284, 6.548730889172838e-9, 0.20058707740211223, 0.20058694411055766, 0.5988259150475246, 0.3464688970070289, 6.852219776853238e-9, 0.5188510212212704, 0.3334315234556823, 4.386364719658171e-9, 4.9101339880374715e-9, 0.20058690788339908, 3.109596984319372e-9, 8.959769911433221e-10, 5.934673371182038e-9, 0.2005869461806186, 0.20058694597951668, 0.2005869388644613, 9.751018424936145e-10, 2.7227078558254906e-8, 0.2005869433423664, 1.135342829047832e-9, 2.172177844198042e-9, 0.2805619815927865, 7.221977188889597e-9, 1.3479893326798461e-9, 1.3673506408643229e-9, 2.076476540658246e-9, 0.20058692710105128, 9.360239619016743e-10, 0.20058706246552474, 0.20058706153632613, 2.3784545981374995e-9, 0.200587064261289, 0.20058703781540244, 2.0856818531884586e-9, 0.20058706521161215, 1.407060439520003e-9, 3.5612162037846498e-9, 0.20058690763441098, 2.8377945087596352e-9, 0.7194380555777857, 1.547739465452272e-7, 1.552360240686902e-9, 2.611956665729224e-9, 5.471419185880594e-9, 0.2805619811472563, 1.3580132346809688e-9, 0.20058694722540085, 0.20058694282281134, 0.20058690738422089, 1.6884129211514972e-9, 1.07434488560684e-9, 4.7078174538356634e-8, 0.20058707408687576, 1.6031633349856043e-9, 1.196805176432653e-9, 1.5018999639643634e-9, 2.315665704528612e-9, 2.4183752597206165e-9, 8.931267613953319e-10, 0.20058704193621008, 2.6940609444266254e-9, 0.2005868987440164, 0.20056949321877252, 1.752903983956225e-9, 9.501734422501168e-10, 1.2168113234216038e-9, 2.6796839505667966e-9, 1.1377032218115266e-9, 0.2005869503271083, 0.2005870574724337, 0.20058690425440015, 0.2005869394990008, 1.946672707979134e-9, 0.2005869498228721, 0.20058693301363673, 1.7699628916845635e-9, 0.2005869067310021, 0.20058690467209286, 1.0672404123385563e-9, 1.1450373486310235e-9, 0.20058690129752133, 4.594946375339422e-9, 0.20058690327154752]
v_opt: [0.5470559357266118, 0.799412957803259, 0.6390610277146384, 0.04023518669332997, 0.04022812283201917]
solution time: 0.015536069869995117
McCormick lower bound: -4.933657055828817

