x_opt: [0.6201300890831742, 0.3798699038626644, 0.6201301089705674, 0.051476275900571855, 0.6201300925149249, 0.15327598035508205, 0.8467242379886848, 0.3822443378226454, 0.3798699140437058, 0.379869895858086, 0.14779675676876117, 0.6201300826987914, 0.37986990160997985, 0.15327576768088663, 0.37986989412404354, 0.37986990855339925, 0.05147627248189584, 1.285661199406708e-8, 0.0514762953201198, 0.05147628666174531]
w_opt: [0.6201300862619505, 0.24026018430406765, 4.640664714962631e-9, 3.9764427963353095e-9, 0.2402601746321963, 0.37986989109526026, 2.6822706642317465e-9, 1.3527561503294572e-8, 0.05147626631701712, 7.464369278163643e-9, 3.6106729868653083e-9, 1.5251598111807642e-8, 2.180728021680236e-8, 0.37986988638801744, 0.37986989274739796, 0.15327575985378425, 1.179752178690636e-8, 0.3798699005060958, 0.05147626796061869, 0.4668543491506113, 0.0023744488635259534, 1.3475022016576865e-8, 0.24026020225365569, 0.37986989592991466, 1.0856476402534602e-8, 1.102912216019572e-8, 0.05147629308450086, 8.023635544099653e-9, 2.154600566069624e-9, 1.0942317114902936e-8, 0.05147627218729095, 0.05147627114863125, 0.05147626000122329, 2.1555249743793382e-9, 5.514742446089253e-8, 0.05147626960290028, 2.862096013102402e-9, 4.985880640301074e-9, 0.37986991175574797, 1.6139048545161044e-8, 4.064800038883795e-9, 3.198350328858496e-9, 6.927987264823448e-9, 0.05147623954331626, 2.019731121014255e-9, 0.1532759693812545, 0.15327597101504187, 5.064858916313109e-9, 0.15327597558703132, 0.15327575726787154, 5.213136819761675e-9, 0.153275977904477, 2.946702754033452e-9, 7.434232407352723e-9, 0.051476292603470246, 7.97212545839793e-9, 0.6201300794015481, 0.22659429756145497, 8.95797192160379e-9, 6.86019982127501e-9, 8.667231931361124e-9, 0.37986991155231314, 3.4289008418289803e-9, 0.37986988681131323, 0.05147626767379871, 0.051476291044308384, 4.205063852483684e-9, 2.347709527615776e-9, 5.471051410986417e-9, 0.37986989878061583, 3.93093219502597e-9, 2.981412391828373e-9, 3.4709476984008845e-9, 4.541342155213855e-9, 4.81774827637164e-9, 2.3144826965423156e-9, 0.3798698929615928, 5.512173922050032e-9, 0.05147627763666789, 0.14779675473438275, 4.110765366034903e-9, 2.4548764523330685e-9, 2.6038795676680933e-9, 8.659362209015109e-9, 2.945938034268113e-9, 0.3798698909922835, 0.3798698142371431, 0.05147628147122426, 0.0514762649955609, 6.147359754271445e-9, 0.37986988969774915, 0.05147625758616928, 3.73085876745891e-9, 0.051476290690728205, 0.0514762837397169, 2.908754800763876e-9, 2.613174216400918e-9, 0.05147625906141497, 1.0034528049487111e-8, 0.05147628197100267]
v_opt: [0.3822443352552633, 0.6201301046197997, 0.3845614304783327, 0.14430121527926038, 0.02184388758746312]
solution time: 0.016273975372314453
McCormick lower bound: -8.280182016917749

