x_opt: [0.6594625677563827, 0.3405420362698737, 0.6594625740721222, 2.1698371519800952e-7, 0.6594625618719296, 0.1380067192878351, 0.8622844256202241, 0.3982198811429962, 0.34053739563875, 0.34053737479943086, 0.2889264217088877, 0.6594623889955099, 0.3405373889615894, 0.13771557589084288, 0.3405373772909206, 0.3405427790195566, 2.118140454525596e-7, 3.504131000068639e-8, 0.13771541047762306, 0.13771482446841732]
w_opt: [0.6594625609181042, 0.3189251342468784, 7.768319789966137e-9, 7.835447161142434e-9, 0.3189249617891311, 0.34053736736803253, 7.751865188457114e-9, 4.905563583031073e-8, 1.9880910895512643e-7, 2.1872777384310996e-8, 5.1603217341864776e-9, 4.614943610439911e-6, 4.624201103658745e-6, 0.3405419773882003, 0.34053737168584075, 0.13771556312033018, 3.8885567342518325e-8, 0.34054203039176617, 2.003160615195386e-7, 0.5217470047470835, 0.05768246036103352, 1.055737689366282e-8, 0.3189249865884559, 0.34054274361562165, 2.6179560005018e-8, 2.993928369047326e-8, 0.13771540398323323, 2.339419831769942e-8, 4.973295326717172e-9, 3.26583642584077e-8, 2.0484171505995876e-7, 2.0960710881806466e-7, 1.8052288695412578e-7, 4.524031580694461e-9, 6.87434317178281e-8, 2.0411979149011834e-7, 7.254016198581705e-9, 1.0421274843086395e-8, 0.3405373893865935, 6.500728742926497e-8, 6.26129145888749e-9, 6.099833038829997e-9, 1.219677328621431e-8, 1.6715452454672171e-7, 5.469933541307913e-9, 0.138006704078126, 0.1380066703477727, 1.5078580660129798e-8, 0.13800671138526316, 0.13771555301884747, 9.637182980696464e-9, 0.1380067147031442, 6.050423042909048e-9, 2.210201882389793e-8, 0.13771540441856653, 1.8688162639807866e-8, 0.6594623824528987, 0.2028224975439186, 1.5803284707724844e-8, 9.230289355145748e-8, 6.411437178791072e-8, 0.34053738908994236, 8.005518981856509e-9, 0.34053736346423774, 1.980064770254392e-7, 0.1377154006054038, 1.0149926125341439e-8, 3.735544854942524e-9, 6.3839182093791394e-9, 0.3405373833475679, 1.4364084329421512e-8, 5.788498396383565e-9, 9.385730420929389e-9, 1.1615748580935226e-8, 1.3321501876092783e-8, 5.486439868201146e-9, 0.34053737065314393, 1.1897746890563099e-8, 0.13771536185582306, 0.2889264165413698, 1.0287314505966514e-8, 7.111288681922055e-9, 6.169420883113327e-9, 1.749234453053833e-8, 5.922471746844176e-9, 0.3405373719562887, 0.34053727246078686, 0.1377148153047395, 1.929718733835158e-7, 1.292892860609238e-8, 0.34053736954793346, 1.7624130080840411e-7, 1.1829909290923843e-8, 0.1377154033444772, 0.13771481897004148, 6.010026944959406e-9, 5.154918434960828e-9, 1.9722924463017132e-7, 2.8426925928028752e-8, 0.1377148128317117]
v_opt: [0.39821987378454743, 0.6594625659107229, 0.4348910016482658, 0.11596571424797807, 0.08347858955965133]
solution time: 0.013930082321166992
McCormick lower bound: -6.224300816126878

