x_opt: [0.6353518102021543, 0.3646481691610109, 0.6353519290404546, 2.687338463076735e-7, 0.6353519089388953, 0.15944912333621808, 0.8878491995843394, 0.36464884856308616, 0.36464805363862374, 0.3646480361841076, 0.228683886853019, 0.6353519001861718, 0.36464805509735226, 0.11215080748065331, 0.36464804315005644, 0.36464818720408454, 2.5142960140866794e-7, 1.9418419541861144e-8, 0.11215079339904159, 0.11215078541454056]
w_opt: [0.6353518017673059, 0.2707037217475043, 2.7731445028734426e-9, 4.463501973549569e-9, 0.2707037133347064, 0.3646480429901572, 4.8904429157992126e-9, 2.364815913917341e-8, 2.4405726158801514e-7, 1.2548368956064721e-8, 3.914009039825025e-9, 1.0142343701399615e-7, 1.5106735383628979e-7, 0.3646481173225857, 0.36464803312751704, 0.11215079974698396, 1.6704971810696627e-8, 0.36464815993970023, 2.5823210646031637e-7, 0.5232011311590745, 7.799400526688595e-7, 8.95852935687431e-9, 0.27070384208868925, 0.36464817166922114, 2.4798417633457228e-8, 1.7142028557304273e-8, 0.1121507907041618, 3.286949190495529e-8, 2.3790253497584417e-9, 2.9696917943017498e-8, 2.624679731157422e-7, 2.6186744249172067e-7, 2.2851321947481724e-7, 2.411516842997603e-9, 1.121492414524803e-7, 2.485649332171786e-7, 3.935060389185164e-9, 5.396255497355779e-9, 0.3646480503847486, 1.9955433473271432e-8, 6.176434570571241e-9, 4.617346696675128e-9, 1.8015105623504476e-8, 2.088187582307039e-7, 2.4764870650908505e-9, 0.15944911277636886, 0.15944910783965802, 7.46651840995698e-9, 0.1594491184508039, 0.1121507564142154, 5.405093544579856e-9, 0.159449121107889, 3.3863159956545716e-9, 1.2527353571778898e-8, 0.11215079035316244, 1.6919921331330013e-8, 0.6353518965119757, 0.25249912966547206, 1.3121314484755212e-8, 4.712110093664123e-8, 1.2705829038417446e-7, 0.36464805069119843, 4.32209012597295e-9, 0.3646480375126883, 2.4402440634571176e-7, 0.11215078912570767, 5.818919440941984e-9, 2.1876266445581512e-9, 3.117316368657057e-9, 0.36464805271447887, 6.268806588428361e-9, 3.2900567299738042e-9, 5.107204119501042e-9, 7.87196420346251e-9, 6.273585107877637e-9, 2.5626547423868806e-9, 0.36464803439367166, 7.59776427179305e-9, 0.11215077022135198, 0.22868388455963992, 6.047845471173243e-9, 3.6910831776784086e-9, 2.924170908056286e-9, 7.994813503919061e-9, 3.476347591612821e-9, 0.36464803921104727, 0.3646479346876449, 0.1121507802055021, 2.3555993280585766e-7, 1.0825524233972325e-8, 0.36464803496352466, 2.2064748041429686e-7, 5.689686198418493e-9, 0.11215078977620992, 0.11215077386135333, 3.5826276158467756e-9, 2.831123911302608e-9, 2.2612941729287575e-7, 1.6457550293489435e-8, 0.11215074827413721]
v_opt: [0.3646488451468144, 0.6353519246718655, 0.40367214573317556, 0.13296834646953898, 0.05229639040221142]
solution time: 0.011854887008666992
McCormick lower bound: -7.417374860651772

