x_opt: [0.8187860917424398, 0.2116910653082069, 0.8187861839253886, 0.18121386536083628, 0.8187860721572419, 0.18121362769587956, 0.8187862359425334, 0.8187923488647088, 0.6092724313495143, 0.18121387488120194, 0.13663675472215306, 0.8013271191438209, 0.18121387278815101, 0.18121375188100408, 0.18120905718756053, 0.21169115894966717, 0.18121374978104543, 3.6994757304307135e-8, 0.18120800929998546, 0.1812070204633298]
w_opt: [0.818786082194594, 0.6375721697657756, 1.4520291200703713e-8, 8.665669072579709e-9, 0.6201132188555977, 0.18121383100590097, 8.538992997181785e-9, 2.3114299934440372e-8, 0.18121373371444746, 2.1543643509260877e-8, 7.803750165093367e-9, 0.03047725576788135, 0.03047719415613724, 0.21169102538272022, 0.1812138653954167, 0.18121373525757425, 2.9118260628044358e-8, 0.2116910589576279, 0.1812138415138301, 0.6375724252060293, 0.637578540576866, 8.961178447423589e-8, 0.6201133378427152, 0.21169111738767898, 5.0089315117322584e-8, 3.065012732080315e-8, 0.18120800322757669, 1.6065663876378617e-8, 7.578344005341675e-9, 3.2745205507716415e-8, 0.18121385663288228, 0.18121385239330443, 0.1812137854656717, 5.921647590229083e-9, 1.531179024060424e-7, 0.1812137443062161, 6.665410893955335e-9, 1.2020916063832838e-8, 0.6092724266904009, 5.1625749570582124e-8, 1.1710595233887692e-8, 8.085410544086837e-9, 1.3942907058004725e-8, 0.1812136317619166, 5.124420718909329e-9, 0.18121360192719052, 0.18121359933300485, 1.495723555589348e-8, 0.181213613106371, 0.18121360014766785, 1.203763655849948e-8, 0.18121361998183363, 8.744949160731904e-9, 2.159915937419883e-8, 0.18120800247580415, 1.8465210614059044e-8, 0.8013271117109888, 1.0279626518942426e-6, 1.068342010419869e-8, 1.3307855316844141e-8, 2.642740295447813e-8, 0.609272423384885, 8.427712572475888e-9, 0.18120902924846316, 0.18121374042432317, 0.18120799922432068, 2.8112954195963375e-8, 7.3120278890144e-9, 0.4105995645062651, 0.18121386291824493, 8.238743058769441e-9, 8.184357820605665e-9, 8.526961662851613e-9, 1.1426448354344901e-8, 1.2065927063771175e-8, 5.193967677405361e-9, 0.1812138564432733, 2.164673929670528e-8, 0.18120795476815213, 0.13663674743959695, 1.0840763215582377e-8, 5.352659242646407e-9, 6.6850327292184e-9, 1.886016884897289e-8, 7.517593331777254e-9, 0.18120904824521647, 0.18121375627022482, 0.18120700775014098, 0.18121367628323767, 1.1890131526280477e-8, 0.18120904565046736, 0.1812090171234534, 1.1104646367728957e-8, 0.18120799267451845, 0.1812070134891165, 6.9486634090961744e-9, 7.522083207950059e-9, 0.18120699383541317, 2.7928085682149197e-8, 0.18120700681787325]
v_opt: [0.8187923420540809, 0.8187861747101541, 0.6704106810052882, 0.032838521722852745, 0.0186696290618833]
solution time: 0.014746904373168945
McCormick lower bound: -5.062023716341506

