x_opt: [0.7680048299746232, 0.28503127152838575, 0.7680078492497524, 1.3592636208559347e-5, 0.7680047659694031, 0.2319949827036777, 0.7680051400210189, 0.59032952556723, 0.41558055664802607, 0.23199211486156093, 0.23199497491489196, 0.584419401819243, 0.2319950860548967, 0.23199482671307578, 0.2319923675100437, 0.28503210022512776, 1.3554746888937673e-5, 6.471406236850504e-8, 0.23199226082979296, 0.2319922271045319]
w_opt: [0.7680048171698416, 0.5360096025456689, 1.9242079198682407e-8, 1.3373598042082392e-8, 0.3524242415651577, 0.2319950259703549, 2.8404886955336015e-8, 6.705510003834426e-8, 1.3528921827980983e-5, 4.070073198400378e-8, 8.393019401439173e-9, 0.05303913183601894, 0.05303620435820819, 0.285031181576669, 0.23199210350840427, 0.23199480915897927, 7.160413297209528e-8, 0.2850312600111236, 1.3548138849282711e-5, 0.5360129974288674, 0.358337393059711, 2.8387678482485318e-8, 0.35242730652400434, 0.28503200753642527, 4.943426514585992e-8, 4.9651041091023314e-8, 0.23199224788786563, 1.1859509476476594e-7, 1.2512844236792922e-8, 1.281953423117108e-7, 1.3570222649296427e-5, 1.3574995928655438e-5, 1.3514217862237209e-5, 9.379214358808083e-9, 4.3601846261172295e-7, 1.3540468987066233e-5, 1.2106952582899568e-8, 1.866381389147851e-8, 0.4155805487269154, 1.771057848615479e-7, 1.7622744942903494e-8, 1.1192939807887429e-8, 1.8581996434578128e-8, 1.3352776161260592e-5, 1.0270208216484216e-8, 0.2319949593325909, 0.2319948969322942, 3.714302296418441e-8, 0.23199495924267743, 0.23199477715929584, 1.5246431682272603e-8, 0.2319949731938922, 1.3398249290102063e-8, 4.1943353105215895e-8, 0.23199224970570081, 3.1463393781933083e-8, 0.5844193921999975, 3.2369042251510207e-6, 2.025180696416249e-8, 2.6652843451172344e-8, 1.2492048727843133e-7, 0.4155805384906626, 1.4257932513467547e-8, 0.23199232374492829, 1.35362896361423e-5, 0.23199224500781096, 2.43926952545099e-8, 7.671895897527447e-9, 2.2715207607919158e-8, 0.23199507232462696, 1.9470934383580566e-8, 1.1607079536900596e-8, 1.565457326060258e-8, 2.0521906220444884e-8, 2.4738665894144625e-8, 8.868195665441117e-9, 0.23199210339851659, 3.780939066141399e-8, 0.23199187858070475, 0.23199495921263602, 1.762233531737633e-8, 1.0829760509140627e-8, 1.2171254393508616e-8, 2.3044889099780613e-8, 1.0133887426051342e-8, 0.23199235870133728, 0.2319948022334453, 0.23199221154977728, 1.3469429081000442e-5, 1.7389996288697374e-8, 0.23199234705853577, 1.3457492967998159e-5, 2.6548512188153425e-8, 0.23199224007084313, 0.23199221600447142, 1.0576908526145566e-8, 9.848144805788838e-9, 1.3520970432728905e-5, 4.968414935211638e-8, 0.23199219248016958]
v_opt: [0.5903295108572091, 0.7680078374057899, 0.5898313607705528, 0.05382054645001393, 0.05382175049483256]
solution time: 0.013109922409057617
McCormick lower bound: -3.7293484415489058

