x_opt: [0.6446435021305226, 0.35535850701083693, 0.644643503528391, 2.656125709579698e-7, 0.6446435119236663, 0.1511858606011026, 0.8779971947179352, 0.37758606451051807, 0.3553565029838231, 0.3553564809843495, 0.25189953747478083, 0.6446434715170009, 0.35535648445127094, 0.12200280570896777, 0.35535647948648347, 0.3553585789718116, 2.622431758745448e-7, 1.1606408340252423e-8, 0.12200280606169202, 0.12200246158906576]
w_opt: [0.6446434979613248, 0.28928701580866056, 3.032784366490042e-9, 2.6703547604422584e-9, 0.2892869756849089, 0.3553564765993261, 2.437625315836657e-9, 1.1601359377144045e-8, 2.572594966913158e-7, 6.910214599308721e-9, 2.098428380137955e-9, 2.012588029603072e-6, 2.030475598546405e-6, 0.35535849039222017, 0.355356479409419, 0.12200280116151474, 8.400735768731622e-9, 0.35535850440794764, 2.5929909004345457e-7, 0.5226406999393219, 0.02222956992106984, 5.417090966629166e-9, 0.2892869827906068, 0.35535856704092095, 8.709005313859754e-9, 9.962527479120824e-9, 0.12200280406359544, 7.472529082172058e-9, 1.958534339151603e-9, 1.074885416121161e-8, 2.620117111603891e-7, 2.6243152180165455e-7, 2.518183735847614e-7, 1.556827959689798e-9, 4.265241939968236e-8, 2.597713026879567e-7, 2.4640616583919115e-9, 3.347639099778508e-9, 0.3553565009796918, 1.96098378007707e-8, 4.443676555770781e-9, 2.1166241692445887e-9, 5.946155195334743e-9, 2.3889142336937864e-7, 1.6128511348803947e-9, 0.15118585495072723, 0.1511858523456106, 4.688485668405102e-9, 0.15118585740947832, 0.12200279824739435, 3.115460119450902e-9, 0.15118585894472777, 2.1064255735991105e-9, 7.145911938975698e-9, 0.12200280409569692, 6.574752308907388e-9, 0.6446434693355441, 0.23335388674886767, 5.163310845675667e-9, 1.4760721285659297e-8, 8.695871627711986e-9, 0.35535650073411795, 2.702946285265136e-9, 0.35535647412339766, 2.580031034345252e-7, 0.12200280262112516, 4.013048325228345e-9, 1.3968045314483594e-9, 2.4606903729443236e-9, 0.3553564824709021, 3.5956939684443133e-9, 2.1839949459448984e-9, 2.947440515800688e-9, 3.3420785634434076e-9, 3.6512118362285144e-9, 1.7156806381740885e-9, 0.355356478743391, 4.5730063875705585e-9, 0.12200279273583751, 0.2518995358007099, 3.346310873460933e-9, 2.1090479262927493e-9, 1.8350942079969702e-9, 5.687044608749732e-9, 2.182218459117893e-9, 0.35535647718495855, 0.35535644071599415, 0.1220024577442796, 2.5598009016360373e-7, 4.542328682296382e-9, 0.35535647632433054, 2.503901002003549e-7, 3.748710522258131e-9, 0.12200280321260465, 0.12200245954056624, 2.2031239724617874e-9, 1.8539531930296794e-9, 2.563350062587166e-7, 9.252545116006669e-9, 0.12200245520803689]
v_opt: [0.37758606196760697, 0.6446435003581068, 0.415565260335693, 0.12627840610393, 0.06345339215633954]
solution time: 0.023849964141845703
McCormick lower bound: -6.975827074472759

