x_opt: [0.7894143605247252, 0.3214615565246771, 0.7894144358295397, 0.2105851041743371, 0.7894143208219747, 0.21058508198065198, 0.7894148811033819, 0.4627248274595092, 0.27082219954704856, 0.21058566165339312, 0.19177108618815694, 0.7291778446736303, 0.21058565922594133, 0.21058511508708766, 0.21058460938603513, 0.3214615743690428, 0.2105850468761034, 1.1592717127477846e-8, 0.21058226593198506, 0.21058221717375175]
w_opt: [0.7894143535045255, 0.5788286828296354, 2.5165930072359443e-8, 1.888462124705536e-9, 0.518592207518254, 0.21058564744443897, 1.9528284716067915e-9, 4.9325368677566336e-9, 0.21058504264005387, 7.406451692044078e-9, 2.0158848462410963e-9, 0.11087599377811222, 0.11087589449459442, 0.3214615410155322, 0.21058565972108317, 0.2105851112400122, 1.0286714473295977e-8, 0.32146155513155744, 0.21058509772084946, 0.578829318208585, 0.2521392649530166, 1.1543525383999333e-7, 0.5185922913954852, 0.3214615608305275, 8.29345095073691e-9, 1.0167055923794251e-8, 0.2105822645033986, 4.788324802588798e-9, 1.6019791714665934e-9, 1.1820365848797485e-8, 0.21058510196975685, 0.21058510119353102, 0.2105850953216914, 1.372606172773468e-9, 6.893367206888543e-8, 0.21058504560270183, 1.764936009751006e-9, 3.2788541222522774e-9, 0.270822198385385, 2.48053102554329e-8, 5.436993229204997e-9, 1.7510556382575845e-9, 3.3360027860080267e-9, 0.21058500787495377, 1.2333169961606382e-9, 0.21058507442418348, 0.21058507465260676, 3.516111582105164e-9, 0.21058507892355563, 0.21058507213950362, 3.476854645974376e-9, 0.2105850803219392, 2.1657624182998934e-9, 7.455084140860385e-9, 0.21058226441155176, 6.746726206140198e-9, 0.7291778429632768, 1.0558540695233957e-6, 2.9992861287250043e-9, 3.9499176740124345e-9, 7.153932103131771e-9, 0.27082219774957417, 2.0893509456586566e-9, 0.2105846023473515, 0.21058504441335643, 0.21058226316121212, 3.456324822618849e-9, 1.7116434912120923e-9, 5.3147261502648184e-8, 0.21058565718291264, 2.196369218841024e-9, 2.050081089900197e-9, 2.309265141782641e-9, 2.9486934153715705e-9, 3.213536667527451e-9, 1.1921671023470095e-9, 0.21058565508334307, 6.837081036803634e-9, 0.21058225556919996, 0.19177108470395485, 3.4147027071761862e-9, 1.3233774688094453e-9, 1.4094878052473852e-9, 4.397410250315747e-9, 2.0756834945691307e-9, 0.21058460751128996, 0.21058563665102092, 0.21058221403156321, 0.21058503703759945, 3.5714327083030504e-9, 0.2105846068240564, 0.21058459227245307, 3.169493776234673e-9, 0.2105822626349631, 0.2105822153185879, 1.8492211076932445e-9, 1.9432131470641082e-9, 0.2105822100988865, 9.50258323507602e-9, 0.21058221208380126]
v_opt: [0.4627248257489118, 0.7894144334998093, 0.6231754379594681, 0.04434632432621517, 0.036776636970349025]
solution time: 0.013195991516113281
McCormick lower bound: -5.741127464963122

