x_opt: [0.768003183433688, 0.2850327214560206, 0.7680032315473938, 5.1843529561207e-7, 0.7680030471373426, 0.23199516578547544, 0.768004845108406, 0.5903267454273897, 0.4155851098395716, 0.23199681642033376, 0.23199677882908437, 0.58441442441637, 0.23199688203042765, 0.23199511362289824, 0.231996445939359, 0.28503276318288634, 3.4867040616579077e-7, 2.6786936953708746e-8, 0.2319950704294647, 0.23199509473296231]
w_opt: [0.7680031755318568, 0.5360062332166149, 1.0038744492968847e-8, 8.090661106652807e-9, 0.35241761193228166, 0.23199685281939747, 8.232029078488207e-9, 2.8992733548016564e-8, 3.3553105511341316e-7, 1.6479997319861785e-8, 3.650592438973349e-9, 0.05303595804687745, 0.05303581760898695, 0.28503266759107115, 0.2319968121452729, 0.23199510556551997, 3.127601936109439e-8, 0.28503271519777973, 4.992401558778055e-7, 0.5360080798131767, 0.358329982554654, 6.772857416050671e-8, 0.35241768195437234, 0.2850327132744413, 2.5112845352760253e-8, 2.236585821475196e-8, 0.2319950655198037, 2.120867166498157e-8, 5.178877255514986e-9, 3.7568080050349764e-8, 5.088992864427107e-7, 5.11560056525768e-7, 4.802361577938095e-7, 3.3423037274044543e-9, 1.2391551536429664e-7, 3.454816621921694e-7, 4.9155036552841494e-9, 8.406147209916476e-9, 0.41558510704208873, 6.915413705632672e-8, 1.2876930980764761e-9, 4.302958354343173e-9, 7.69134371432801e-9, 2.71831408636888e-7, 4.1855892312789316e-9, 0.23199515439693183, 0.23199511369411505, 2.2434101258106103e-8, 0.2319951596975477, 0.2319950774986362, 8.6606919229455e-9, 0.23199516294320116, 6.132453441633463e-9, 1.7387867094431432e-8, 0.231995065753221, 1.911376074093037e-8, 0.5844144208898474, 2.6083480551313634e-6, 1.343888220654332e-8, 4.354727418210208e-8, 8.817224196083908e-8, 0.4155851035778849, 6.63492380832444e-9, 0.23199642263896697, 3.395342218503184e-7, 0.231995062317826, 1.499242808296039e-8, 3.264962679977527e-9, 4.6184054500241865e-9, 0.23199687908817862, 1.041552537128231e-8, 5.49472324214901e-9, 6.526946686800233e-9, 9.68767400605783e-9, 1.224385142348188e-8, 3.253069079329405e-9, 0.2319968125905544, 1.8824918363734746e-8, 0.23199505062376652, 0.23199677483941605, 9.224480462040443e-9, 4.403610054113433e-9, 4.113667701382908e-9, 1.4122895905403632e-8, 4.814411163913933e-9, 0.23199644320721677, 0.2319967746871412, 0.23199508768705243, 3.142745677769366e-7, 9.737004085498848e-9, 0.23199643724936464, 3.112538934278438e-7, 1.1546306618373797e-8, 0.23199506480786966, 0.23199509037148028, 5.487491196447735e-9, 3.972496379080262e-9, 3.2988985022273857e-7, 2.15203218711273e-8, 0.23199502396877208]
v_opt: [0.5903267389501395, 0.7680032268283431, 0.5898289133020338, 0.05382254338685145, 0.05382256971225264]
solution time: 0.01300191879272461
McCormick lower bound: -4.57945984403514

