x_opt: [0.6992421676627425, 0.2509159965845011, 0.8708915403393563, 0.12910722321608922, 0.7490828869971841, 0.25091538747817266, 0.7490841104986731, 0.8376957234938764, 0.5246559043919238, 0.12910860008324354, 0.1623040749467056, 0.4753429654496867, 0.25091590487516696, 0.25091583877536483, 0.12910883710602103, 0.250916014990773, 0.12910550819120203, 1.013976927200393e-7, 0.12910859187921872, 0.1291086685165911]
w_opt: [0.6992421461728913, 0.44832505965049835, 4.547452414289996e-8, 1.3708403085946301e-8, 0.17458514268343703, 0.2509158124183509, 3.589730575252076e-8, 1.301968690127521e-7, 0.12910547811643774, 7.12264429880158e-8, 9.247415635045906e-9, 0.12180754552704777, 1.1728550331702257e-6, 0.2509157746523732, 0.12910859033031574, 0.25091578640485074, 2.6716213061642464e-7, 0.25091597534014687, 0.12910713812511293, 0.6199756593917297, 0.7085872969288882, 1.6499701568759824e-7, 0.3462346707092961, 0.2509158339280941, 5.067390598783756e-8, 8.495742181413933e-8, 0.12910858007988116, 3.986036839064754e-7, 8.062259247857785e-9, 2.8999783203566893e-7, 0.12910719571268067, 0.1291071948148823, 0.12910694280971644, 1.2003502487069726e-8, 1.5279509410726028e-6, 0.12910549152882836, 1.3697900229900613e-8, 3.015313494050163e-8, 0.5246558999842849, 1.832447444098677e-7, 8.074455755961043e-9, 1.2927063057678282e-8, 2.143798783676867e-8, 0.12910485734671076, 1.1220140579849462e-8, 0.25091534865305304, 0.2509151823164932, 4.216994005218179e-8, 0.2509153633420454, 0.2509153241044659, 3.14839444936422e-8, 0.25091537715314965, 2.744190475559231e-8, 7.185818965565745e-8, 0.12910857757648828, 7.450027268812768e-8, 0.47534295650444375, 1.1495789419541466e-5, 2.3639859710090864e-8, 3.61156587018135e-8, 1.1105904299162863e-7, 0.5246558875352826, 2.3333248803767895e-8, 0.1291087008637161, 0.12910548877544709, 0.12910857759463898, 2.984139325192891e-8, 1.301732205234782e-8, 1.2716025784026956e-7, 0.2509158905714725, 2.7668499685859614e-8, 1.3374973020761777e-8, 2.0256833410424068e-8, 5.8639433134380304e-8, 6.754371561523535e-8, 9.495730359393427e-9, 0.12910859099362246, 7.870138238345247e-8, 0.12910739826282142, 0.16230405738061707, 3.335802772864979e-8, 1.0777751624741898e-8, 1.6198805408990632e-8, 3.0244498441548e-8, 1.2245406210615912e-8, 0.12910883072626775, 0.2509141372447693, 0.12910865397638654, 0.12910539740808724, 2.3411810603932344e-8, 0.12910881740906308, 0.12910520541726275, 4.007176788495569e-8, 0.12910856274178106, 0.12910865097606788, 1.3221669196832128e-8, 1.477673816664868e-8, 0.12910544076494296, 8.834301566980553e-8, 0.1291085216326331]
v_opt: [0.8376957131832172, 0.8708915326346379, 0.5611254998435343, 0.016669049655768015, 0.026342908164164597]
solution time: 0.015167951583862305
McCormick lower bound: -3.434093826290062

