x_opt: [0.6826199951125773, 0.3173800100965359, 0.6826199956150064, 0.1865150410926211, 0.6826199955948906, 0.18651503116548607, 0.8134849637936241, 0.5005208155021545, 0.31755062283950386, 0.31738000428783036, 0.2052114198285134, 0.6824493777222319, 0.3173800044658044, 0.18651503640135594, 0.3173800025293753, 0.31738001233813307, 0.18651503867617286, 1.4646350125720316e-9, 0.01723916729987134, 0.017237043512160235]
w_opt: [0.6826199946850624, 0.36523999096291415, 6.032226690554789e-10, 3.965617102168422e-10, 0.36506937314623206, 0.31738000321858323, 2.8950289691965713e-10, 1.2390258279236805e-9, 0.1865150380128346, 8.481818784611388e-10, 3.7275440498905894e-10, 5.9518795212636626e-9, 7.2599102821842134e-9, 0.31738000835358876, 0.3173800039642981, 0.1865150356084476, 1.1644578757540426e-9, 0.3173800098220305, 0.18651504021427928, 0.4961049596017029, 0.1831408113382254, 1.1457132995054903e-9, 0.3650693745126552, 0.3173800108770882, 1.03691170140754e-9, 1.2559515538247591e-9, 0.017239167064197557, 7.694350656350692e-10, 2.4556174707426576e-10, 1.1811594701800714e-9, 0.18651504072250924, 0.1865150405612895, 0.18651503955670368, 2.2949033557019767e-10, 5.8703334639655486e-9, 0.18651503844940878, 2.931981703085939e-10, 5.080463131563409e-10, 0.3175506226182643, 2.1903793477467594e-9, 7.049970753397825e-10, 3.268167808656003e-10, 7.193409694482595e-10, 0.18651503486307472, 2.0711397461452447e-10, 0.18651503000429712, 0.18651503015836726, 5.559775251199437e-10, 0.18651503061945982, 0.18651503004057654, 5.298589733752408e-10, 0.18651503088923777, 3.234471662696319e-10, 8.523342265210274e-10, 0.017239167023371027, 8.280382823777193e-10, 0.6824493773928444, 0.13086498535621457, 6.488531676644172e-10, 6.44566208958553e-10, 9.348045441207488e-10, 0.3175506225625635, 3.565766711547527e-10, 0.31738000167281744, 0.18651503822558257, 0.017239166852317318, 4.814028649879565e-10, 2.671450308616718e-10, 1.1445953436112992e-9, 0.3173800041762568, 3.730484772571852e-10, 3.264472765958471e-10, 3.603373392924088e-10, 4.563286674922021e-10, 4.832364490365424e-10, 2.1577232464560138e-10, 0.31738000382050746, 6.743068644928588e-10, 0.017239165396603216, 0.20521141959773148, 4.4388464396403345e-10, 2.391723038263928e-10, 2.427678071723128e-10, 7.630831190790126e-10, 3.1949805496884394e-10, 0.31738000219186996, 0.31737999792844207, 0.017237042947545772, 0.18651503526434596, 5.935182917120602e-10, 0.3173800021058043, 0.1865150371809327, 4.167196916859668e-10, 0.017239166745131262, 0.017237043215587375, 3.0309367360524317e-10, 2.909468010020031e-10, 0.01723704257836831, 1.1388480615930701e-9, 0.01723704317310243]
v_opt: [0.5005208152281525, 0.682619995151387, 0.4659700752065905, 0.10073020186036956, 0.042111740381190976]
solution time: 0.017381906509399414
McCormick lower bound: -7.189092088380453

