x_opt: [0.8200984409639052, 0.17990162384147754, 0.8200984617604278, 0.17990153830709438, 0.8200984314636265, 0.17990150996593796, 0.820098471798663, 0.8531036803174566, 0.6222976745291859, 0.17990154069703895, 0.14617179042969589, 0.8159870391602903, 0.17990154316172263, 0.179901525223962, 0.1799013872956206, 0.179907460435485, 0.17990152006509888, 1.0632654012580638e-8, 0.1799002989781784, 0.14689631921307433]
w_opt: [0.8200984386451515, 0.6401968740368756, 3.630445858639469e-9, 2.682380474898775e-9, 0.6360854822743516, 0.17990153137020906, 2.6253309175905317e-9, 7.92017067053721e-9, 0.17990151559427603, 6.2030382460354614e-9, 2.254516302481766e-9, 8.731084833076336e-8, 6.757753291755799e-8, 0.1799016124012144, 0.17990153792514876, 0.1799015201879348, 9.750766591360066e-9, 0.1799016221368853, 0.17990153152995753, 0.6401969352567646, 0.6732021444296752, 1.0909001892193633e-8, 0.6360855106690431, 0.1799074500989196, 8.647002104224458e-9, 8.713573858880074e-9, 0.1799002971147513, 4.648856900756751e-9, 1.896663794650718e-9, 9.19613989624069e-9, 0.17990153558994698, 0.17990153472602036, 0.17990151625198014, 1.8677375585035346e-9, 4.100955997933818e-8, 0.1799015183200255, 2.0335155223117077e-9, 3.826151718087311e-9, 0.6222976731190825, 1.2181115133605804e-8, 2.5612784249967314e-9, 2.5844911320759147e-9, 3.932890245292282e-9, 0.1799014875534222, 1.625049126840936e-9, 0.17990150233902238, 0.17990150152093673, 4.230670599405579e-9, 0.17990150594342566, 0.1799015012357462, 3.644170794050491e-9, 0.17990150757828163, 2.6615518392283196e-9, 6.156167184536467e-9, 0.17990029669495297, 4.858316767066576e-9, 0.8159870367635701, 2.5437228003882363e-7, 2.8340100953462577e-9, 3.908623364289251e-9, 7.579561745206923e-9, 0.622297672180279, 2.4654573750488838e-9, 0.1799013791870825, 0.1799015171779285, 0.17990029619438713, 6.3692382438865e-9, 2.1950624735382565e-9, 0.4382847170212527, 0.17990154046068996, 2.6357053473500268e-9, 2.3289237324946896e-9, 2.6544339934516457e-9, 3.9032740062640534e-9, 3.942309421890308e-9, 1.6650143834023563e-9, 0.17990153641175108, 5.2718595980888926e-9, 0.1799002813646882, 0.1461717882872063, 3.102355052360216e-9, 1.6997679197954503e-9, 2.273006627571368e-9, 5.157370296549097e-9, 2.129480599506322e-9, 0.17990138484782225, 0.1799015105138887, 0.1468963158079761, 0.17990150498777252, 3.440965355366548e-9, 0.1799013840874035, 0.17990137476282497, 3.1791855770620677e-9, 0.17990029466325042, 0.14689631690175073, 1.9946386284648263e-9, 2.237529007333256e-9, 0.14689631252213295, 7.98344511824826e-9, 0.14689631714397341]
v_opt: [0.8531036783978925, 0.8200984591913487, 0.6725614571961362, 0.03236457986572539, 0.021366426130579614]
solution time: 0.016217947006225586
McCormick lower bound: -4.81601845748272

