x_opt: [0.79084598469969, 0.31481643499892814, 0.7908459861505238, 0.2091540080825317, 0.7908459826830807, 0.20915401326519298, 0.7908459873670286, 0.4707269124241335, 0.26667540547145224, 0.2091540147134477, 0.20915262161878195, 0.7333245935006959, 0.20915401556883764, 0.2091540117698166, 0.2091540135772474, 0.3148164359737419, 0.20915400576622595, 1.5764808203071068e-9, 0.2091540101262968, 0.20915400924993532]
w_opt: [0.7908459842405221, 0.5816919675847954, 7.720211381425226e-10, 2.7445269510894065e-10, 0.5241705785118307, 0.20915401413255885, 4.398574949845742e-10, 1.394526290169289e-9, 0.20915400500077547, 9.103052169710041e-10, 2.65687454694155e-10, 0.10566242152650147, 0.10566241983797581, 0.3148164329340246, 0.20915401433128245, 0.2091540112040851, 1.1246686699211557e-9, 0.31481643454350255, 0.2091540069985376, 0.5816919737373146, 0.26157289892683366, 1.637193876026662e-9, 0.5241705809227186, 0.31481643360251094, 1.299352198111183e-9, 1.2683695706803984e-9, 0.20915400981286417, 1.0337546259636632e-9, 4.095807019593315e-10, 1.8877307761862613e-9, 0.20915400757980482, 0.20915400760462466, 0.20915400592355196, 2.270459292213652e-10, 9.368028923706506e-9, 0.20915400547441623, 3.2152887750617805e-10, 4.659995678358616e-10, 0.26667540523182637, 3.415706500847989e-9, 6.09152495384676e-10, 2.962600643121825e-10, 6.689453326225227e-10, 0.20915400144490462, 2.445000450333596e-10, 0.2091540125586231, 0.20915401184574597, 8.766530868687084e-10, 0.2091540126639804, 0.20915401038959286, 4.0677702298596286e-10, 0.2091540130059826, 3.288785263161872e-10, 9.673028579342034e-10, 0.2091540098281807, 8.746351749051558e-10, 0.7333245932321485, 7.518534743256706e-8, 5.957394190673342e-10, 8.860876432737687e-10, 2.154840610528309e-9, 0.26667540505231224, 3.794656190425406e-10, 0.20915401256184799, 0.20915400526919, 0.20915400962324138, 7.762055053924607e-10, 2.095367935052172e-10, 4.687878411122704e-10, 0.20915401525730198, 4.394962157115389e-10, 3.3629106975238296e-10, 3.772045045383807e-10, 4.3214627872061875e-10, 4.847265882101248e-10, 2.1667680541433462e-10, 0.20915401439226733, 1.0018399006245593e-9, 0.2091540067557631, 0.20915262127989218, 4.3891786163589933e-10, 2.6008551625923034e-10, 2.534411936753281e-10, 7.192365698298915e-10, 2.984310091072607e-10, 0.20915401326957841, 0.2091540103158933, 0.20915400866098768, 0.20915400406586834, 5.192037763126591e-10, 0.20915401299064257, 0.20915400375570967, 5.929743794994494e-10, 0.20915400953161722, 0.2091540089942269, 3.0631518089403776e-10, 2.679184655870647e-10, 0.20915400442826024, 1.1718239730509609e-9, 0.2091540085742365]
v_opt: [0.47072691200461897, 0.790845985741592, 0.6254374043356866, 0.04374571245965831, 0.043744839838570124]
solution time: 0.012391805648803711
McCormick lower bound: -4.907401441178638

