x_opt: [0.6569142295487772, 0.3430862657506011, 0.6569142274611599, 1.1101319168364079e-7, 0.6569142100735609, 0.14027657888547929, 0.8649902712481584, 0.3946776371511409, 0.3430857911300644, 0.3430857628032341, 0.28256667128312035, 0.6569140863289918, 0.34308577838449456, 0.13500973031340255, 0.3430857727344953, 0.34308673358157665, 1.098513453604014e-7, 1.0292527551719612e-8, 0.13500950391922803, 0.13500942369236568]
w_opt: [0.6569142264074385, 0.313828440527491, 2.366527321208885e-9, 1.8230271026394237e-9, 0.3138283169513485, 0.3430857728845002, 1.8690654712403225e-9, 3.3211889009837534e-8, 1.06533068353031e-7, 6.788693799680682e-9, 1.188950682200194e-9, 4.940553528414924e-7, 4.872311265637117e-7, 0.34308624493293666, 0.3430857621249095, 0.13500972704459996, 1.4772907213822618e-8, 0.34308626453116153, 1.0658320949813493e-7, 0.5219044998283541, 0.05159186571686559, 2.959668444943421e-9, 0.31382832061568494, 0.34308672449862315, 9.125901819858618e-9, 9.256085756493017e-9, 0.13500950253850347, 6.968670155452782e-9, 9.84216509703766e-10, 1.2616853509543134e-8, 1.0802244378975441e-7, 1.0914032851784715e-7, 9.88407919655685e-8, 1.0434836034361746e-9, 2.8835489971007476e-8, 1.0801053886406971e-7, 1.756086963604866e-9, 2.73356925403444e-9, 0.34308578961269937, 2.7210124291153722e-8, 1.1713136406326189e-9, 1.504092013634242e-9, 3.342824696716266e-9, 9.394990249764396e-8, 1.3703836736816738e-9, 0.1402765745279862, 0.14027656494588225, 4.078839098915516e-9, 0.14027657712323582, 0.1350097193351037, 2.917467125442723e-9, 0.14027657794041395, 1.5747960820642283e-9, 6.980785498914796e-9, 0.1350095026199103, 5.763778819940135e-9, 0.6569140847510286, 0.20807623006589854, 5.238774379261688e-9, 2.561059126705001e-8, 2.8047072321492185e-8, 0.3430857896045363, 1.9567540883813516e-9, 0.3430857684411625, 1.0621712112747305e-7, 0.1350095017035029, 2.360743190867494e-9, 9.050907966912789e-10, 1.484231008057665e-9, 0.3430857774876394, 3.9209569904233185e-9, 1.3769753183976947e-9, 2.4976159581855406e-9, 3.4651190861674175e-9, 4.082786131854607e-9, 1.235482872406551e-9, 0.3430857622937232, 3.1891839613633055e-9, 0.13500949159924458, 0.2825666702287929, 3.2438608514040418e-9, 1.7503548745318267e-9, 1.4757962460348136e-9, 4.42224613801043e-9, 1.478781084628995e-9, 0.3430857716822892, 0.3430857657874443, 0.13500942173410357, 1.0456385043768084e-7, 3.5456167140726875e-9, 0.3430857710967588, 9.742855089174911e-8, 3.1620654014917836e-9, 0.13500950232380973, 0.13500942195079513, 1.5011417957125246e-9, 1.257462306416408e-9, 1.0555040583567675e-7, 8.857476821667147e-9, 0.13500942068973723]
v_opt: [0.3946776356255476, 0.6569142257059114, 0.4315362985063527, 0.11770784925781191, 0.07984415321298267]
solution time: 0.01323699951171875
McCormick lower bound: -6.137555944209181

