x_opt: [0.7301677525645331, 0.21238045050989196, 0.7876195852264088, 4.589137208842329e-7, 0.7301335439702279, 0.26985733910105214, 0.7876194515402646, 0.7465636823340777, 0.5120438824896172, 0.21238041250520345, 0.18961142013354296, 0.4879561202765295, 0.2698664529228837, 0.2123805481778459, 0.2698664425949313, 0.26986647867479485, 4.5566024123265646e-7, 5.965860991962743e-9, 0.11743338021799225, 0.11743338076452448]
w_opt: [0.7301677515483711, 0.46030129773526063, 1.7728403033881714e-9, 1.7820391968694613e-9, 0.21812387370073807, 0.26986644709776764, 1.522051244018461e-9, 3.420778316150523e-5, 4.5352574773749157e-7, 3.788637031040113e-9, 1.2009027443917724e-9, 3.6337390953264354e-8, 7.230337795003112e-9, 0.2123804399160005, 0.21238041149362083, 0.21238044365666423, 2.6076408421504174e-8, 0.2123804495322294, 4.5516952455384317e-7, 0.5752390379802071, 0.5341832687950916, 1.7107696564791955e-9, 0.2755757112113635, 0.2698664743035863, 4.741354725275992e-9, 5.007452429656131e-9, 0.1174333790745295, 3.005141476415883e-9, 6.922068975815165e-10, 8.285084263588998e-9, 4.567232990618494e-7, 4.568176527475488e-7, 4.396253920794718e-7, 1.294644745312768e-9, 4.131613710582281e-8, 4.5252106250595593e-7, 1.3603825033858907e-9, 3.273703934931197e-9, 0.5120438816286054, 4.843035174616868e-9, 9.198907784579083e-10, 1.7065140162648745e-9, 1.990048552394728e-9, 4.354841498711898e-7, 1.295221781703567e-9, 0.26985733450177146, 0.26985733244365284, 2.1582920289039925e-9, 0.2698573376309364, 0.21238054311962962, 2.7637413571637566e-9, 0.26985733779899296, 1.6055189737396784e-9, 3.6065846080797253e-9, 0.11743337808229715, 2.7801062413447203e-9, 0.4879561182743062, 0.057485915477298546, 1.902521969301489e-9, 3.809415266713681e-9, 6.2305648708799634e-9, 0.5120438812485999, 1.426477403946878e-9, 0.26986643857412906, 4.5333118484633436e-7, 0.11743337891094091, 1.2413094867753809e-9, 1.0653390634060786e-9, 9.109992750996793e-9, 0.26986645182693775, 2.5972776746602195e-9, 1.0985649444234927e-9, 1.9960517226225767e-9, 6.535682366357606e-9, 5.482649691872626e-9, 1.309080783519991e-9, 0.21238041097793237, 1.999483303037258e-9, 0.11743336959220936, 0.18961141894732086, 1.9494325349243326e-9, 1.5144291664683238e-9, 2.163193901081995e-9, 2.124317361733538e-9, 1.070742545535674e-9, 0.2698664417803782, 0.26986639252135536, 0.1174333792502393, 4.5032104332564197e-7, 2.226398485246146e-9, 0.2698664410753075, 4.4248735798906977e-7, 1.684050534458953e-9, 0.11743337872787583, 0.1174333788894169, 1.0963134209930604e-9, 1.216420976558504e-9, 4.4819173291195916e-7, 4.833886472376939e-9, 0.11743337557418479]
v_opt: [0.7465636814610759, 0.7876195840348363, 0.5330949938444612, 0.045105822062973366, 0.035952539254812746]
solution time: 0.014050006866455078
McCormick lower bound: -4.674836709068594

