x_opt: [0.74952187557685, 0.34587542298926266, 0.7495219063057785, 3.562127280691836e-7, 0.7495218535111486, 0.25047808839422464, 0.7495219200241107, 0.4046697368455858, 0.25047822053369945, 0.2504780935335984, 0.25047810289004113, 0.5311609709272022, 0.2504781184723168, 0.250478046457488, 0.2504780770887252, 0.34587543801865084, 3.390984229581326e-7, 1.3623869443033798e-8, 0.2504780393654923, 0.25047803772872734]
w_opt: [0.7495218712075983, 0.4990437304566038, 3.2853142362969733e-9, 2.7584364806262116e-9, 0.28068284834630564, 0.25047810681428934, 5.67753636091394e-9, 2.1866267475354395e-8, 3.33611983248082e-7, 8.563587663002209e-9, 1.6587774227462363e-9, 0.09539733196358602, 0.0953972978482379, 0.34587540019894186, 0.250478091509514, 0.25047804255234096, 1.364611634291839e-8, 0.34587541960872936, 3.480685770116907e-7, 0.4990438279171222, 0.15419164625460557, 1.8481927499585054e-8, 0.28068288781160994, 0.3458754159129436, 1.311743116649216e-8, 1.0970032493553666e-8, 0.2504780366584936, 1.8076922637848703e-8, 2.7257925438462195e-9, 2.123469623723299e-8, 3.508652387185734e-7, 3.5254758186641743e-7, 3.3750100569771786e-7, 1.6474627647071547e-9, 5.987707070317763e-8, 3.3681577020975175e-7, 2.6612037190858495e-9, 3.73977694644309e-9, 0.2504782186704439, 3.735937497042359e-8, 6.200979026281097e-9, 2.142776462050897e-9, 5.972716499986144e-9, 3.122271491574925e-7, 2.3235206765997413e-9, 0.25047808389001025, 0.2504780641652673, 1.3588809808749148e-8, 0.2504780842079905, 0.2504780321140006, 3.4069311264201304e-9, 0.2504780867753994, 2.4918065615644917e-9, 9.030126918495108e-9, 0.25047803678820757, 8.374812276054152e-9, 0.5311609691028085, 1.2725648878536403e-6, 7.049785102893236e-9, 2.3272947892905465e-8, 2.132016708430313e-8, 0.2504782170569018, 3.2242528598027206e-9, 0.2504780675611558, 3.3457994613887194e-7, 0.2504780354654779, 7.765245803318138e-9, 1.3411291314358395e-9, 2.018758031881733e-9, 0.2504781166495475, 5.151998056879505e-9, 2.3535842676296704e-9, 3.290879759445476e-9, 4.143550296283254e-9, 5.314906413381666e-9, 1.735659952500709e-9, 0.25047809184000996, 9.511266840187939e-9, 0.2504780142356371, 0.2504781008960254, 3.678502021811227e-9, 2.1521280684164123e-9, 2.116320386706824e-9, 6.501951633906456e-9, 2.153118503948675e-9, 0.2504780753481486, 0.2504780841744315, 0.25047803390960904, 3.2455885941350474e-7, 4.2415271441926e-9, 0.25047807260401617, 3.2350337400132234e-7, 5.922693011815717e-9, 0.25047803557615406, 0.25047803519041106, 2.277890073565791e-9, 1.8531463808580849e-9, 3.3060828937177267e-7, 1.0696152301388829e-8, 0.2504780307434363]
v_opt: [0.40466973294460906, 0.7495219039134912, 0.5617831233662567, 0.06273928530815256, 0.06273928318819799]
solution time: 0.01336812973022461
McCormick lower bound: -4.376760777292494

