x_opt: [0.6495420212153683, 0.3504580318093678, 0.649542018444613, 0.0705284192802947, 0.6495419930059557, 0.15705150304639245, 0.8429485637738853, 0.4188230051239046, 0.3504585373810445, 0.3504579376120716, 0.20911892791324196, 0.6495414662100734, 0.3504580040339472, 0.15705143801337498, 0.35045800414952033, 0.350458084312614, 0.07052841550894261, 1.4738898498071583e-8, 0.07052837740932424, 0.07052810833689534]
w_opt: [0.6495420175625093, 0.29908401607768875, 2.5477990931924603e-9, 3.0336519932264967e-9, 0.29908348953419983, 0.3504579952015101, 2.2018750275398787e-9, 3.2472432194576656e-8, 0.0705284106218221, 9.3034040088638e-9, 2.670996627106795e-9, 5.1686459801903006e-8, 4.097889186969689e-8, 0.3504580138708461, 0.35045793578492435, 0.1570514321335678, 1.471607965449265e-8, 0.3504580303556006, 0.07052841175875899, 0.4924905839013746, 0.06836502523068633, 2.7464852561063435e-9, 0.29908349522417227, 0.3504580737080061, 9.999410605233933e-9, 1.3206562325115829e-8, 0.07052837569450603, 6.457961082043434e-9, 1.5588241877514084e-9, 1.5532288366187082e-8, 0.07052841638320646, 0.07052841588146486, 0.0705284032956775, 1.6954382392371142e-9, 1.403153914979696e-7, 0.07052841341555613, 2.410191989741175e-9, 4.573652535095919e-9, 0.3504585358344855, 8.734118366072296e-9, 3.2992076197603674e-9, 2.429301359645433e-9, 7.0160941716305125e-9, 0.07052837212216115, 1.605943705990791e-9, 0.15705149321491035, 0.15705149476740204, 4.216517051890389e-9, 0.15705149979248018, 0.1570514236207658, 4.9635909568915445e-9, 0.15705150120168573, 2.4750355696571015e-9, 9.30366357156355e-9, 0.07052837530590401, 8.074876506321989e-9, 0.6495414637240893, 0.19340670521146205, 5.37888919482833e-9, 6.587255429487953e-9, 8.62128681064604e-9, 0.3504585354835057, 2.656696122860598e-9, 0.3504579983631636, 0.0705284119085502, 0.07052837415112807, 3.265144826016011e-9, 1.8489255746908358e-9, 7.854648513280241e-9, 0.3504580023063032, 3.1249635932234898e-9, 2.287406876678296e-9, 3.18649722966977e-9, 4.143281292687391e-9, 4.515168619039086e-9, 1.5329113675273172e-9, 0.3504579360688373, 4.662252226087288e-9, 0.07052835636633145, 0.2091189263741584, 4.246346105368445e-9, 1.871047071098135e-9, 1.7522445442289784e-9, 4.875542263527041e-9, 2.5060172198553075e-9, 0.3504580017425202, 0.35045789507858643, 0.07052810477202705, 0.07052840833527987, 4.979206168287461e-9, 0.3504580019151531, 0.07052839858470665, 3.6197905253692817e-9, 0.07052837390792414, 0.07052810574598031, 2.236653485881108e-9, 2.261203935800033e-9, 0.0705280862949199, 1.24900266082134e-8, 0.07052810548643228]
v_opt: [0.4188230032837798, 0.6495420156297982, 0.4219048794709824, 0.12282079181524218, 0.0437308806231503]
solution time: 0.01587200164794922
McCormick lower bound: -6.996919961974001

