x_opt: [0.6353517352433865, 0.3646483889936987, 0.6353517253247705, 1.4951976109073587e-6, 0.6353516580637076, 0.15945045943992597, 0.8878500686288808, 0.36464854214806425, 0.3646484209164708, 0.3646481942332335, 0.22868178939610342, 0.6353515545492293, 0.3646483193485405, 0.11214993473763527, 0.3646482924533176, 0.3646484784208666, 1.4771582246318011e-6, 2.874311788340778e-8, 0.11214988981949382, 0.11214969873347504]
w_opt: [0.6353517199832645, 0.2707033963278579, 6.610251335781319e-9, 5.489964842467023e-9, 0.27070329317523173, 0.36464830248894825, 5.6536555854877265e-9, 7.107951920145829e-8, 1.4683218006812833e-6, 1.9168940750160488e-8, 6.071104149690027e-9, 1.1732345660450379e-7, 1.1841734108329692e-7, 0.36464833137444164, 0.36464819195363823, 0.11214992499391307, 2.0673394197726622e-8, 0.3646483850731212, 1.4809133055396955e-6, 0.5232017968511152, 2.702057516256869e-7, 7.911576028935091e-9, 0.2707032956369807, 0.3646484606494578, 2.7619701474780343e-8, 2.628790217091475e-8, 0.11214988695201301, 3.075464593175604e-8, 2.883178891997874e-9, 3.2357495111380146e-8, 1.4881793122255597e-6, 1.4856122526498003e-6, 1.4349233866991617e-6, 2.9037394716827013e-9, 2.4384987418501526e-7, 1.4716296978252007e-6, 5.121487563935984e-9, 7.009734548383155e-9, 0.3646484176553965, 2.0298015380523347e-8, 1.308644502052762e-8, 6.113213775692658e-9, 2.2050230392946475e-8, 1.4097652245450383e-6, 2.7763654116326263e-9, 0.1594504460620719, 0.15945044061975716, 7.85946368012847e-9, 0.1594504539698852, 0.11214988449183069, 6.4437999977406625e-9, 0.1594504570021256, 4.272465725230952e-9, 1.9291446862418097e-8, 0.11214988669136057, 1.7026440773067692e-8, 0.6353515500672641, 0.25249897709130864, 1.3869802978606308e-8, 2.688532502812121e-8, 4.497606250073642e-8, 0.3646484164433763, 5.0450259709226475e-9, 0.36464828435729973, 1.4691144711857134e-6, 0.11214988481504067, 7.118397775644199e-9, 2.86393715534145e-9, 4.461115191715951e-9, 0.3646483174487435, 6.7402344871887026e-9, 3.9805061917056805e-9, 6.450676046172479e-9, 9.058394738170262e-9, 7.981956802066877e-9, 2.7858244550913533e-9, 0.3646481881688506, 8.7818172763422e-9, 0.11214986446958408, 0.2286817871054621, 8.383423322827022e-9, 4.213377501876581e-9, 3.2049228478765817e-9, 9.725247894265078e-9, 4.2706542678326265e-9, 0.3646482888028513, 0.3646482288989473, 0.11214969154643237, 1.4624092369014538e-6, 1.1906649035924917e-8, 0.36464828695405377, 1.4449030728562635e-6, 7.160471531143425e-9, 0.11214988613306041, 0.11214968718126168, 4.318900968408383e-9, 3.6632320947625445e-9, 1.451948006997634e-6, 2.5318091372227015e-8, 0.11214968733852847]
v_opt: [0.36464853855179846, 0.6353517211816209, 0.40367177682755395, 0.1329683863207678, 0.052295595147255]
solution time: 0.011780977249145508
McCormick lower bound: -7.4753438291608125

