x_opt: [0.7994093023656771, 0.20064114706965774, 0.7994095117531561, 0.2005892027784178, 0.7994092365996328, 0.20059059298659052, 0.7994094112843966, 0.5470253264798001, 0.28055225567930897, 0.200590514507817, 0.20059069898298917, 0.7194477460179545, 0.2005906658524729, 0.20059057379630066, 0.2005895650840546, 0.3334145950668807, 0.20058916048316466, 4.179825055556168e-8, 0.20058948322052672, 0.20058946201713485]
w_opt: [0.7994092944335983, 0.5988185441744427, 1.1462965428725865e-8, 1.1085855808039601e-8, 0.5188570554984343, 0.20059062607303507, 1.2359632670380813e-8, 3.3321362035234824e-8, 0.20058914230547795, 2.4855576402036424e-8, 6.515978527937163e-9, 5.066602467966542e-5, 5.050489782150447e-5, 0.20064108939571315, 0.2005905060047621, 0.20059055944777704, 4.358702412334985e-8, 0.20064113945883294, 0.20058917370905982, 0.598818929073863, 0.3464348482881586, 4.942542328028268e-8, 0.5188572957893013, 0.33341454468374, 2.8492399083695305e-8, 3.315160389838564e-8, 0.20058947483564676, 2.0335742475714662e-8, 7.855056087401337e-9, 5.7182354863127634e-8, 0.20058918947522658, 0.2005891916611625, 0.20058914950692605, 6.441425834568782e-9, 2.2472186210898227e-7, 0.20058915149229226, 8.235925654103023e-9, 1.375897937583777e-8, 0.28055225002011186, 8.186231742151367e-8, 1.086282199135068e-8, 8.285788999279838e-9, 1.4008531019919432e-8, 0.20058902404018517, 6.749599749946989e-9, 0.2005905731312861, 0.20059055085288396, 2.0827915121063258e-8, 0.20059057818011683, 0.20059053393758353, 1.2208186050297781e-8, 0.20059058580495473, 9.389272912406963e-9, 2.571594204166263e-8, 0.20058947497336607, 2.1554189046376516e-8, 0.7194477384032378, 1.15028892377036e-6, 1.3256882763538864e-8, 1.8129417206967174e-8, 4.942259145600125e-8, 0.2805522452270199, 9.787286573774704e-9, 0.20058953569023072, 0.20058914790004206, 0.20058947211869932, 1.52360714000875e-8, 5.801204451362456e-9, 2.0430703802335377e-8, 0.2005906580747754, 1.2419554768834467e-8, 8.33804258099967e-9, 1.0476441771807824e-8, 1.4521066426750448e-8, 1.6387961612759958e-8, 6.1073857973232405e-9, 0.2005905054942228, 2.2104999028094172e-8, 0.2005894013003312, 0.20059068973774763, 1.2100747284683769e-8, 7.130682371860908e-9, 8.098565526974119e-9, 1.718037806483899e-8, 7.384758829031702e-9, 0.20058955807693732, 0.2005905150550451, 0.20058945016133953, 0.20058911549059036, 1.2684244067070049e-8, 0.20058955177919555, 0.20058909156311802, 1.5131416555977397e-8, 0.20058946864523247, 0.2005894547385969, 7.55683345554575e-9, 7.304362552048522e-9, 0.20058913526304817, 3.168484069035759e-8, 0.20058944143349539]
v_opt: [0.5470253174815208, 0.7994095027244578, 0.639055231073124, 0.040236667469050934, 0.04023664713964043]
solution time: 0.014815092086791992
McCormick lower bound: -4.2473327496300755

