x_opt: [0.635354877112751, 0.36464536779316953, 0.6353548987965834, 2.9087936361146783e-7, 0.6353542272336146, 0.15944545813089703, 0.8878455431176914, 0.3646521913124682, 0.3646457104758061, 0.36464502637344526, 0.22868844938002678, 0.6353542754249267, 0.36464570564005633, 0.11215446740445195, 0.36464569527169616, 0.364646439856536, 2.821367328997371e-7, 3.429159394591063e-8, 0.11215420965660926, 0.11215411137745149]
w_opt: [0.6353548703363978, 0.2707091096797204, 8.785183361550042e-9, 9.736418851835898e-9, 0.2707091580108207, 0.3646456825897708, 7.609386080615192e-9, 5.980690782343267e-7, 2.685392853464053e-7, 2.1228695105044278e-8, 6.690770238327175e-9, 2.712936991488749e-7, 2.2797745034287674e-8, 0.36464531013451856, 0.36464501973171554, 0.11215445134652968, 5.032749012166501e-8, 0.36464536102991535, 2.7244962568638727e-7, 0.5232004477161889, 7.095505956949445e-6, 1.715829131225872e-8, 0.2707091993388003, 0.36464641297531747, 3.0483806576074606e-8, 2.954600433141086e-8, 0.11215420336516412, 2.1098238805301604e-8, 4.535891989058121e-9, 3.55556692903766e-8, 2.791144984192655e-7, 2.8196216808299313e-7, 2.3869769953306934e-7, 5.439717060649207e-9, 6.868208585232775e-8, 2.733747414397587e-7, 7.953731890308863e-9, 1.3360620261129704e-8, 0.3646457040627384, 2.8073526822627908e-8, 5.8894635849768544e-9, 7.883198543621294e-9, 1.2956105475814019e-8, 2.149582012753187e-7, 5.913015905987826e-9, 0.15944543643937684, 0.1594454309775496, 1.272645857358101e-8, 0.15944544963845397, 0.11215444816857063, 1.2376222507646766e-8, 0.15944545270994365, 7.054984189782471e-9, 2.1230566800825633e-8, 0.11215420156661958, 1.8732376472316635e-8, 0.6353542668064506, 0.2524918452815616, 1.8752980562681277e-8, 1.772700824736876e-8, 2.039955354530564e-8, 0.36464570390748147, 8.463306603283215e-9, 0.36464567669977627, 2.6734384265535995e-7, 0.11215420037225292, 8.779460524063364e-9, 4.688445011869732e-9, 7.921028235066894e-9, 0.36464570040018296, 1.4268354179043488e-8, 6.327282602611338e-9, 1.031958321951973e-8, 1.599241062264347e-8, 1.6206598745039545e-8, 5.924452063927687e-9, 0.3646450203370066, 1.0863720789105926e-8, 0.11215415684844343, 0.2286884440960697, 1.0900164209531742e-8, 7.767739518882775e-9, 7.423448526410711e-9, 1.6598953065431485e-8, 6.481409851919975e-9, 0.36464568990918034, 0.3646455544450703, 0.11215410171033584, 2.6183936976805703e-7, 1.4944757238417855e-8, 0.3646456862954668, 2.3751074128462398e-7, 1.0274559763033821e-8, 0.11215420142885342, 0.1121541033010786, 6.526513728609903e-9, 5.964452953095274e-9, 2.5922043807256596e-7, 2.790620675828935e-8, 0.11215410195967394]
v_opt: [0.364652185001784, 0.6353548900487265, 0.4036757576861811, 0.13296629351966371, 0.052299452367309554]
solution time: 0.013271093368530273
McCormick lower bound: -6.623630586376905

