x_opt: [0.6563537532443541, 0.3470151427020055, 0.6563537513734419, 3.510290316100226e-8, 0.6563537353072239, 0.13765896452971776, 0.8623464049354647, 0.38880789194714643, 0.34364624263686866, 0.34364624419085255, 0.2751162254914315, 0.6563537538298271, 0.3436462420557443, 0.1376535954357474, 0.3436462276894254, 0.3470152714900095, 3.449190179046216e-8, 3.4690885513059697e-9, 0.1376535829859766, 0.13765348365332364]
w_opt: [0.6563537498109352, 0.3127074889020222, 7.454974563974396e-10, 5.540759737800229e-10, 0.3127075075098545, 0.3436462402593177, 6.476743546825154e-10, 3.758669627339406e-9, 3.3488510749615277e-8, 2.25312085236977e-9, 5.630648150213226e-10, 0.0033688943758772676, 0.0033688798195331054, 0.3470151373030935, 0.34364624389899984, 0.1376535945696393, 2.0901771175899256e-9, 0.34701514244504894, 3.3758515912144336e-8, 0.5187001566443729, 0.04516164370629078, 1.6875130522261344e-9, 0.3127075071615368, 0.3470152684447769, 2.294568776812754e-9, 3.1009251002242355e-9, 0.1376535825669009, 4.444287848057002e-9, 4.438942556300335e-10, 3.2227657921616464e-9, 3.430036373432227e-8, 3.433424870403512e-8, 3.1709134047218427e-8, 3.2821236352398485e-10, 1.1526143532958513e-8, 3.374418647848232e-8, 5.695050150936429e-10, 6.915371040530595e-10, 0.343646242203548, 4.608554750497458e-9, 7.948549945871666e-10, 5.014746371076115e-10, 8.439363661853102e-10, 3.013624174561007e-8, 3.517605440671093e-10, 0.1376589633089922, 0.13765896258541116, 1.296814261116053e-9, 0.13765896387903304, 0.1376535934554505, 6.932523418829017e-10, 0.13765896420417478, 4.599047405759717e-10, 2.3611483904728825e-9, 0.1376535826843932, 1.7952199645228864e-9, 0.656353753384662, 0.20599269289306368, 1.6430012142362852e-9, 1.333061635395266e-9, 1.6927632545106776e-9, 0.34364624213949946, 6.251088392871903e-10, 0.3436462267450806, 3.360868500038629e-8, 0.1376535822738271, 1.081702440998817e-9, 2.953486829259191e-10, 6.522110342974254e-10, 0.34364624160673035, 8.391271556028997e-10, 4.6255659877986874e-10, 7.288840589467852e-10, 8.137894200952203e-10, 8.914871284683928e-10, 4.782311548938415e-10, 0.34364624171482694, 1.2409273880714842e-9, 0.13765357756181035, 0.27511622516078504, 8.643604777782009e-10, 4.922499365920489e-10, 4.636206308261245e-10, 1.4590185252421784e-9, 4.902196274976941e-10, 0.34364622724786004, 0.34364623638201824, 0.13765348276078665, 3.3121731231071753e-8, 1.1135761450082783e-9, 0.34364622724488114, 3.179509197872872e-8, 1.0574574144455226e-9, 0.13765358242634498, 0.13765348292460666, 4.763540816166446e-10, 4.0918388765646806e-10, 3.204547553407055e-8, 2.9537474143851374e-9, 0.13765347986457058]
v_opt: [0.38880789137512456, 0.6563537507814295, 0.43080023602011813, 0.1180927969407086, 0.07568924098147471]
solution time: 0.013525009155273438
McCormick lower bound: -6.5839231987327045

