x_opt: [0.6581350413615196, 0.34187693762743676, 0.6581350386273619, 1.0725365274798672e-5, 0.6581349909531208, 0.13827814885442852, 0.8617220383901933, 0.39457912862897554, 0.3418677534454255, 0.341864897938485, 0.2817144870163544, 0.6581322388675607, 0.3418650111238173, 0.13827795675435983, 0.3418650015989806, 0.34188178895495125, 1.0709082750385844e-5, 3.791534049482968e-8, 0.1382780058924733, 0.13530369519600663]
w_opt: [0.6581350275245932, 0.3162700365556383, 6.908337472209042e-9, 6.902390207393079e-9, 0.31626728527443726, 0.34186498940217297, 6.798663426568223e-9, 8.359436606764292e-8, 1.0696493450168978e-5, 2.4558305079064168e-8, 5.543859219312068e-9, 1.198036219265654e-5, 1.1951869864989156e-5, 0.34187689316999603, 0.3418648930059995, 0.1382779448812705, 3.339704524945856e-8, 0.3418769326100743, 1.0706642218599361e-5, 0.5198570810473777, 0.05271417188593554, 8.68773266916514e-9, 0.31626730027294014, 0.34188175835694884, 2.5507631808682264e-8, 3.3235606727504046e-8, 0.1382780007576394, 1.980458650742642e-8, 4.72313341234685e-9, 4.311491056422899e-8, 1.0715957866611856e-5, 1.0716903770269313e-5, 1.0681944800594736e-5, 4.349079208450555e-9, 2.5561822808436976e-7, 1.0702580202821931e-5, 6.5938265539858785e-9, 1.0143968851170933e-8, 0.34186774886610877, 4.625984851631102e-8, 1.0663138099506233e-8, 5.9787296994842976e-9, 1.510528014343722e-8, 1.0634484797364064e-5, 4.494831794843056e-9, 0.13827813279445872, 0.13827812550348473, 1.2525573757653298e-8, 0.13827814092424082, 0.13827792603961309, 9.231795872879764e-9, 0.13827814430702076, 5.995572289801307e-9, 2.495184445484314e-8, 0.13827800008297048, 1.7893958585588758e-8, 0.6581322329891017, 0.20358742675090727, 8.492451189622803e-9, 7.419228804525691e-8, 1.2295527395909934e-8, 0.34186774754461985, 7.006360708837294e-9, 0.3418649867194473, 1.0698631628036324e-5, 0.13827799750886968, 9.292914150189524e-9, 3.933781468191263e-9, 8.878477406231838e-9, 0.34186500664018943, 9.564747834023602e-9, 5.682478023387838e-9, 8.531371478829258e-9, 1.009060580278033e-8, 1.1418303571473751e-8, 4.230553823886372e-9, 0.3418648926191657, 1.2240962864136142e-8, 0.13827796530674905, 0.28171448244697384, 1.0112586063563847e-8, 5.445832888316146e-9, 4.798760135161701e-9, 1.0292775022314156e-8, 5.822111131766473e-9, 0.34186499587890534, 0.3418649513862737, 0.13530368634945963, 1.0689026913225499e-5, 1.1384423212635449e-8, 0.341864994051618, 1.0671874205004481e-5, 1.0924409267211327e-8, 0.13827799835681664, 0.13530368889437014, 5.582804800595813e-9, 5.149748607558428e-9, 1.068539552356477e-5, 3.1677384046073354e-8, 0.13530368547995997]
v_opt: [0.3945791227343525, 0.6581350309652081, 0.43314188432129996, 0.1168716224617937, 0.0793640822163043]
solution time: 0.01602005958557129
McCormick lower bound: -5.9286296658699

