x_opt: [0.7895669393114345, 0.3207576404050234, 0.7895669449140968, 0.21043305103817114, 0.7895669405440093, 0.21043305265355242, 0.7895669481151486, 0.4635705822362151, 0.2703812688234256, 0.2104330590115636, 0.19361422065567782, 0.7296187278827361, 0.21043305935512627, 0.21043304960328751, 0.21043305007320534, 0.3207576416350632, 0.21043304377416325, 3.139020726404291e-9, 0.2104330422499712, 0.21043304061283294]
w_opt: [0.7895669379334304, 0.5791338803262777, 9.968650139418568e-10, 6.284463498520802e-10, 0.5191856678750674, 0.21043305610041532, 8.487650460261998e-10, 2.751522055939019e-9, 0.21043304222538442, 1.8437305398154735e-9, 6.534675296553988e-10, 0.110324586120951, 0.11032458597442182, 0.3207576359321764, 0.21043305835305515, 0.2104330483893205, 2.3445546092467997e-9, 0.3207576395668538, 0.21043304891098752, 0.5791338934061147, 0.2531375277440127, 6.687445728666616e-9, 0.5191856755317156, 0.3207576362070411, 3.26131843108787e-9, 2.621708282243377e-9, 0.21043304174745797, 2.8536442914750346e-9, 8.394412264820683e-10, 3.946712548426771e-9, 0.2104330502389614, 0.21043305006227114, 0.21043304644474012, 4.09371496607393e-10, 1.7162729791299267e-8, 0.2104330433477837, 5.760541353130322e-10, 9.010497569720715e-10, 0.27038126842695587, 9.549086873553598e-9, 3.577993589886882e-9, 5.808238763542006e-10, 1.6252847524717251e-9, 0.2104330346583318, 4.3328634905612647e-10, 0.2104330510329017, 0.21043304999157586, 1.8111539282674977e-9, 0.21043305134032225, 0.21043304597984772, 9.187603439207341e-10, 0.21043305217866032, 6.48855831571838e-10, 1.9634458044689216e-9, 0.21043304172309524, 2.1392428245336954e-9, 0.7296187274100707, 1.6977723037528413e-7, 1.392990177747556e-9, 2.020929152973736e-9, 4.759419630337204e-9, 0.27038126814597996, 7.605653430605855e-10, 0.21043304800637186, 0.21043304293022944, 0.210433041235515, 1.8594528270617389e-9, 4.4231420219459205e-10, 1.4063695593680064e-9, 0.21043305856439917, 7.532212342951377e-10, 6.899539870755942e-10, 6.976933081389879e-10, 7.962237129796842e-10, 9.51234052330266e-10, 3.8702980215742765e-10, 0.21043305813628804, 2.7308966976568007e-9, 0.21043303782133466, 0.19361422028080236, 8.930091536038859e-10, 4.3766542469092395e-10, 4.2916402760009816e-10, 1.716577470697614e-9, 6.156735240766043e-10, 0.21043304941637014, 0.21043304681118935, 0.2104330393227749, 0.21043303936431734, 1.11134716290635e-9, 0.21043304896698073, 0.21043303957319762, 1.1108745805512555e-9, 0.2104330409030348, 0.21043303990694423, 6.095888696863251e-10, 5.326600846882563e-10, 0.21043303547359915, 2.408645293059081e-9, 0.21043303810092817]
v_opt: [0.46357058150251196, 0.7895669441389113, 0.6234160640447098, 0.04428207854119931, 0.03748647594444795]
solution time: 0.01420903205871582
McCormick lower bound: -5.525363716608111

