x_opt: [0.7908421182401014, 0.3148314773301752, 0.790842339089637, 0.20915682170279182, 0.7908422875544066, 0.20915727563601674, 0.7908427357679497, 0.4707095112042074, 0.26668557598186554, 0.20915790564468623, 0.2091129993840349, 0.7333143708396571, 0.20915789091812176, 0.20915721531018402, 0.20915699773882301, 0.31483155604661583, 0.20915674509761967, 5.032595606890856e-8, 0.20915679419241573, 0.2091567419856429]
w_opt: [0.7908421012623358, 0.5816844098576908, 2.6803433728764663e-8, 5.170579438168948e-9, 0.5241564957457124, 0.2091578518161342, 8.061629117177599e-9, 3.432952257440478e-8, 0.20915672792307874, 3.451620142493065e-8, 5.209066931113175e-9, 0.1056738222987534, 0.10567382316201764, 0.31483140692322237, 0.20915789955807476, 0.20915720587907588, 4.5131614567795314e-8, 0.31483147153069446, 0.20915679099406018, 0.5816850787594373, 0.26155185685522764, 3.144754939957779e-7, 0.5241567480888555, 0.314831493082074, 3.6093881675355566e-8, 4.392467480827616e-8, 0.209156788580899, 2.5615523287700987e-8, 7.296851920131816e-9, 1.0017753905684296e-7, 0.20915681182796714, 0.20915681107806106, 0.20915676168455868, 4.250757892182498e-9, 7.046332203251046e-7, 0.20915674040413487, 6.548553328130407e-9, 1.2046168112193565e-8, 0.2666855719757903, 3.2209306825316513e-7, 1.8632735606281082e-7, 5.394109369698859e-9, 1.5371489846747404e-8, 0.20915648889268512, 5.118782008205113e-9, 0.20915725829162424, 0.20915724602990177, 1.8790997019758938e-8, 0.20915726641796992, 0.20915717003624065, 1.0739716281894078e-8, 0.20915727104977147, 7.358646073808062e-9, 3.6265447112913404e-8, 0.20915678879348962, 2.8259824122624708e-8, 0.7333143662086794, 9.365809817376354e-6, 1.3360611902660038e-8, 2.530864197451003e-8, 6.492114810105448e-8, 0.26668556863303927, 8.051960050833291e-9, 0.20915697174867565, 0.20915673583658276, 0.2091567826045113, 1.6897700229335567e-8, 4.57856626962339e-9, 1.0422661846457257e-8, 0.20915788513736414, 9.544585914669402e-9, 7.221522987656877e-9, 8.731819948269406e-9, 9.737345162501402e-9, 1.2208012696825117e-8, 3.812984230361731e-9, 0.20915788952878556, 3.314327443439895e-8, 0.2091567268075712, 0.2091129938616417, 1.3045654461521927e-8, 4.403955679148701e-9, 4.621195495159941e-9, 1.4167568443769342e-8, 6.693327512142074e-9, 0.20915699241701644, 0.2091577642287748, 0.2091567308546837, 0.2091567009035472, 1.2062238202180288e-8, 0.20915698682220507, 0.20915668240680302, 1.8264327169220857e-8, 0.20915678146954203, 0.20915673519831296, 6.441187282531189e-9, 5.707708409251605e-9, 0.2091566758412114, 4.237564436883114e-8, 0.20915672440666616]
v_opt: [0.4707095030327595, 0.7908423320266396, 0.6254319824089201, 0.043747156038200063, 0.04372919888922611]
solution time: 0.011479854583740234
McCormick lower bound: -4.822655516595452

