x_opt: [0.6285401905012008, 0.371459807663131, 0.6285401983683693, 0.0071870422407792, 0.6285401892077258, 0.14114490422178633, 0.8588610288902665, 0.3714598811716254, 0.3714598232742583, 0.3714598051331554, 0.20354182520674916, 0.6285401715082226, 0.371459809912659, 0.14113897590088445, 0.37145980519643673, 0.37145981038081927, 0.007187041129170441, 6.4892534320905024e-9, 0.09618187735696408, 0.09618187253319531]
w_opt: [0.6285401890259837, 0.2570803807819059, 2.306628076228104e-9, 1.9144405487545378e-9, 0.25708036333058387, 0.37145980494614006, 1.3926182263689946e-9, 8.66337261565031e-9, 0.007187038026166679, 3.804193884398175e-9, 1.6029235031391752e-9, 7.284019990178038e-9, 1.2080672565973693e-8, 0.3714597978694521, 0.37145980332571243, 0.14113897233174527, 6.4282258591763345e-9, 0.3714598057764368, 0.00718703818633595, 0.4874012283427624, 8.060209414835686e-8, 6.938418402753459e-9, 0.25708037504305553, 0.37145980392413985, 5.907907693768803e-9, 5.565488615567649e-9, 0.0961818761980582, 4.192583565054659e-9, 1.0752321914260737e-9, 6.4852040237093194e-9, 0.007187040216714721, 0.0071870400777974, 0.007187033391271688, 1.0509160658358876e-9, 3.2390700760365e-8, 0.0071870395068245625, 1.4940387035370482e-9, 2.4923053850205613e-9, 0.37145982208637274, 9.437591949463378e-9, 2.4415295205606166e-9, 1.519494322935838e-9, 3.462840664443757e-9, 0.00718702382821953, 1.0301529538888125e-9, 0.14114489943265782, 0.1411448993579071, 2.6292808130955e-9, 0.14114490204814675, 0.1411389707212178, 2.485061051421989e-9, 0.14114490308718905, 1.4291192801639367e-9, 3.823802659093295e-9, 0.09618187600649938, 4.161984280825968e-9, 0.6285401699241985, 0.2303209272524026, 6.367312453951704e-9, 3.973250416762033e-9, 4.8293111442990635e-9, 0.3714598219009242, 1.7128743400538734e-9, 0.37145980104508913, 0.007187038522900348, 0.09618187521916406, 2.122605753304088e-9, 1.0417267601859667e-9, 1.9628391323130454e-9, 0.3714598087193001, 2.1546050574463352e-9, 1.4332033542804494e-9, 1.7907614607586057e-9, 2.312430870375295e-9, 2.500472865959509e-9, 1.1248747252460981e-9, 0.37145980365790204, 2.67833066254868e-9, 0.09618186832202635, 0.2035418242020703, 2.075197772508021e-9, 1.2888305150237503e-9, 1.2354330581848768e-9, 3.847286696846594e-9, 1.4217863535744707e-9, 0.37145980386876476, 0.3714597586120043, 0.09618187009071912, 0.007187037272424993, 3.0905134922777526e-9, 0.37145980280938384, 0.0071870331318781, 1.9654337745396197e-9, 0.09618187532179436, 0.09618187114423485, 1.4341764151005276e-9, 1.2408519559203162e-9, 0.007187033854068427, 5.1093793329618435e-9, 0.0961818703115853]
v_opt: [0.37145987983673046, 0.6285401962882458, 0.3950630165102324, 0.13798241873332456, 0.041430277370190505]
solution time: 0.015913009643554688
McCormick lower bound: -7.9269402871084536

