x_opt: [0.7875606566564619, 0.33007225686182284, 0.7875610819414163, 0.21243908952108106, 0.787560745645083, 0.21243801653993807, 0.7875617282807613, 0.4523518834414532, 0.27619168192506727, 0.21243935167753936, 0.16925368816429068, 0.7238083006186933, 0.2124393435626005, 0.2124382648016012, 0.21243754021733105, 0.33007226288117664, 0.21243827053088501, 1.1418134514716233e-8, 0.21243728598124123, 0.21243724352066073]
w_opt: [0.7875606507759596, 0.5751214039006143, 1.2029783092585773e-8, 1.7488506538954954e-9, 0.511368959625856, 0.21243933190000633, 2.2439045474033265e-9, 6.926068951601071e-9, 0.2124382654809524, 7.114838396631161e-9, 2.286343360793391e-9, 0.11763334095628457, 0.11763302256730633, 0.3300722388070671, 0.21243934926995117, 0.21243826061565907, 1.0606450982056617e-8, 0.33007225408913443, 0.21243908147622712, 0.5751228114977321, 0.23991296727686537, 4.4347567014920667e-7, 0.5113693962721175, 0.33007224053761136, 5.883526417027754e-9, 9.88850408595025e-9, 0.21243728447009463, 7.283528951308509e-9, 3.988499085037217e-9, 1.7663453656180906e-8, 0.21243908719862042, 0.21243908631715838, 0.21243907658302955, 1.4205257576535219e-9, 1.1337878483550881e-7, 0.2124382692911412, 1.8127619178055652e-9, 3.2939048877805777e-9, 0.2761916807102245, 1.0864253089862235e-7, 9.161989802981225e-8, 1.6179733686917794e-9, 4.818118237234144e-9, 0.2124382181759079, 1.2699038337647614e-9, 0.21243800894189668, 0.2124380092726681, 4.119727591091224e-9, 0.21243801277450627, 0.21243801231691714, 3.5972449177300368e-9, 0.21243801479822072, 2.4196189737276705e-9, 7.31192032124927e-9, 0.2124372843228774, 9.593561877112274e-9, 0.7238082989324454, 1.0940015866766316e-6, 4.867581512224411e-9, 5.357907896449135e-9, 1.3102858395675688e-8, 0.27619167983973336, 2.447379905170953e-9, 0.21243753195759266, 0.21243826798833285, 0.2124372828234704, 5.481452821483833e-9, 1.9571680067968533e-9, 5.6803281932177516e-9, 0.2124393413144389, 2.1898484429650115e-9, 2.3039000153235406e-9, 2.2066317683204247e-9, 2.7771884720557424e-9, 3.3642031392251096e-9, 1.1998283292388435e-9, 0.21243934276682694, 1.0941672101804831e-8, 0.21243727598490852, 0.16925368652510975, 3.5300888605915434e-9, 1.337941917950681e-9, 1.426397891866626e-9, 5.067514580182483e-9, 2.2779691272239076e-9, 0.21243753791954267, 0.21243911669060367, 0.21243723927753744, 0.2124381988446942, 4.0365302615568265e-9, 0.21243753693676357, 0.21243749759165492, 3.535908414461132e-9, 0.21243728204412812, 0.21243724179457324, 2.0815843106517734e-9, 2.023728089943237e-9, 0.21243722507313517, 9.15510715660363e-9, 0.21243721845093944]
v_opt: [0.4523518813919156, 0.7875610791240716, 0.6202520921188429, 0.04513082406794543, 0.028647007243231583]
solution time: 0.011772871017456055
McCormick lower bound: -5.756233738343038

