x_opt: [0.7906395427117155, 0.3157753814893334, 0.7906395428253211, 0.20936045677922255, 0.7906395428398291, 0.2093604567711162, 0.7906395432380308, 0.4695718354244924, 0.2672735470157325, 0.20936045724934854, 0.20664463751567413, 0.7327264529587323, 0.2093604572527363, 0.20936045673901335, 0.2093604568450071, 0.3157753815318202, 0.20936045657513563, 8.124477532018413e-11, 0.2093604566114703, 0.20936045656597024]
w_opt: [0.7906395426926409, 0.581279085568689, 3.349691067962444e-11, 1.805641700686744e-11, 0.5233659956883038, 0.20936045717626578, 2.1471481131537485e-11, 5.6743269510475176e-11, 0.20936045653311677, 4.588203221487452e-11, 1.5369018890348062e-11, 0.10641492433664104, 0.10641492443782453, 0.31577538138450584, 0.20936045723510913, 0.20936045670600342, 5.6086925812280413e-11, 0.3157753814653421, 0.20936045672134088, 0.5812790860764928, 0.26021137826921004, 1.3398955272905468e-10, 0.5233659958538219, 0.31577538140754857, 6.005576539328587e-11, 6.555223124343222e-11, 0.20936045659532948, 4.4659499807352504e-11, 2.166638796263413e-11, 9.082394072267139e-11, 0.2093604567541318, 0.2093604567516359, 0.20936045667820127, 1.2407709442829436e-11, 4.038328170752093e-10, 0.2093604565607074, 1.670871411904231e-11, 2.5038376653566354e-11, 0.26727354700293027, 2.762877219598513e-10, 1.403355082705432e-10, 1.5831596848876787e-11, 3.634684172078938e-11, 0.20936045634329628, 1.2419125285099766e-11, 0.20936045672925863, 0.20936045669945494, 4.385258829567765e-11, 0.20936045673821954, 0.20936045665871605, 2.2350609903354346e-11, 0.20936045675636714, 1.791774996869616e-11, 4.8393279315898686e-11, 0.2093604565954247, 4.742320696047506e-11, 0.7327264529436419, 3.3653564829559503e-9, 3.3684443001362566e-11, 4.152592592569855e-11, 9.760497453611183e-11, 0.26727354699439043, 2.0414506640793854e-11, 0.20936045679055398, 0.20936045654929286, 0.2093604565839405, 4.073533640652427e-11, 1.2131322835192182e-11, 3.0618592744533335e-11, 0.20936045723488475, 2.1874536986175718e-11, 1.8682848307548824e-11, 1.9565806237586886e-11, 2.2511734076359512e-11, 2.507920195211154e-11, 1.1662232938230887e-11, 0.20936045722119775, 5.346934052782041e-11, 0.20936045647234114, 0.20664463749596332, 2.3285854399831115e-11, 1.3610146832144303e-11, 1.3446440027116172e-11, 4.145993082054774e-11, 1.6456711878092476e-11, 0.20936045682727678, 0.20936045697924255, 0.20936045653283747, 0.2093604564772497, 2.8435455987898575e-11, 0.20936045681353446, 0.20936045646673618, 2.9391996005251023e-11, 0.20936045657878324, 0.2093604565527338, 1.682812171429825e-11, 1.4867635974689335e-11, 0.20936045645852774, 5.938384108720566e-11, 0.2093604565387795]
v_opt: [0.46957183540303987, 0.7906395428028085, 0.625110888207142, 0.04383180160621376, 0.04270203062389739]
solution time: 0.013242006301879883
McCormick lower bound: -5.225486011893042

