x_opt: [0.7811719788651755, 0.3169612534468869, 0.7811719791074228, 0.20160838633444295, 0.781171979268416, 0.20160838687207086, 0.7983916132215991, 0.4603846093499004, 0.2644608278726658, 0.21882802082607591, 0.21882787978172524, 0.7355391720346434, 0.2188280208214756, 0.20160838672682652, 0.21882801978525676, 0.3169612540887431, 0.20160838572652834, 5.086750993605187e-10, 0.2016083861505107, 0.20160838532777434]
w_opt: [0.7811719787387975, 0.562343958217678, 1.8302338982215788e-10, 1.352139405807674e-10, 0.5167111510040152, 0.21882802039007226, 1.1549724539688074e-10, 4.084801778952693e-10, 0.20160838548844412, 2.9436602571178443e-10, 1.0323053665741215e-10, 0.09813323264881618, 0.09813323325204512, 0.31696125280724163, 0.21882802074101215, 0.2016083864979183, 3.9534398154913594e-10, 0.31696125333798525, 0.20160838601115857, 0.5795635924057262, 0.2415565885526901, 3.4061880478295066e-10, 0.5167111515461505, 0.3169612535163071, 3.610547227752485e-10, 4.2476703931471066e-10, 0.20160838605782663, 2.652420559409944e-10, 9.737858415346515e-11, 4.795499553701488e-10, 0.20160838618516566, 0.20160838616804627, 0.2016083857640728, 7.89028576471556e-11, 2.1923442709693615e-9, 0.2016083856357947, 1.058307484279094e-10, 1.681573092906651e-10, 0.26446082779172053, 1.0363117500980468e-9, 3.0374869673962947e-10, 1.0308014882286498e-10, 2.2170866179678092e-10, 0.20160838441241455, 7.601017650240616e-11, 0.20160838657201838, 0.20160838647116536, 2.248515194292626e-10, 0.2016083866987884, 0.2016083861567842, 1.5665024591235915e-10, 0.20160838678081786, 1.1038374360175935e-10, 3.0105778471544175e-10, 0.20160838604498132, 2.7948852940695627e-10, 0.7355391719296325, 0.017219640580447615, 1.8748343314552968e-10, 2.815372603574438e-10, 4.764691919530624e-10, 0.26446082776073515, 1.2553005396868405e-10, 0.21882801947696565, 0.2016083855590081, 0.2016083859918246, 1.8873536883433684e-10, 7.907332634286242e-11, 2.041892638609444e-10, 0.2188280207235755, 1.4261501038796215e-10, 1.107643944482858e-10, 1.2757437577093642e-10, 1.5588947471682196e-10, 1.6938588970278125e-10, 7.564395345358657e-11, 0.21882802063780352, 2.4851090584898323e-10, 0.201608385457142, 0.21882787969656378, 1.4941769659586659e-10, 8.819531789446924e-11, 8.662163480166339e-11, 2.442703486470714e-10, 1.0356618664570452e-10, 0.21882801968135837, 0.2188280191468895, 0.20160838514379406, 0.20160838530669772, 1.8954771003920005e-10, 0.21882801962627393, 0.2016083851891054, 1.6381238343216833e-10, 0.20160838598194233, 0.20160838523676408, 1.0319558316214023e-10, 9.439545547874662e-11, 0.2016083848518893, 3.8734133276543804e-10, 0.20160838518695012]
v_opt: [0.4603846092388423, 0.7811719789613082, 0.610229691308997, 0.04788570423161607, 0.04788565019284964]
solution time: 0.01374506950378418
McCormick lower bound: -5.96559958285934

