x_opt: [0.7887103037334801, 0.32473667263079115, 0.7887103072691346, 0.2112896908955118, 0.7887103042598967, 0.21128967735147974, 0.788710315879398, 0.4587777792598998, 0.2728632469460696, 0.21128969657729826, 0.18320755886632503, 0.7271367538154191, 0.21128969633664205, 0.21128968404732246, 0.21128967370513077, 0.3247366749654361, 0.21128968685613894, 8.441055283928386e-10, 0.21128960441238875, 0.2112895983856895]
w_opt: [0.7887103034328841, 0.5774206081465958, 6.624412771022605e-10, 1.7149272482526371e-10, 0.5158470577479167, 0.21128969545345563, 1.7803464861041959e-10, 7.163678799446398e-10, 0.21128968646193674, 4.975262014257335e-10, 1.9816706798051414e-10, 0.1134469800584365, 0.11344697808272108, 0.324736671535501, 0.21128969638307993, 0.2112896836365447, 7.231492127058454e-10, 0.3247366724673287, 0.21128969033620404, 0.5774206232634632, 0.24748808668007283, 4.654528567880447e-9, 0.5158470619212485, 0.32473667383755855, 5.187133043916797e-10, 7.176476749867155e-10, 0.21128960428242324, 4.506025160910742e-10, 1.6495876269065566e-10, 9.800754982486721e-10, 0.21128969069943865, 0.21128969060837807, 0.21128968980660429, 1.229539545646381e-10, 4.503530003039592e-9, 0.2112896867470824, 1.521669013838092e-10, 2.686302839024509e-10, 0.27286324683673757, 2.416554271417359e-9, 9.93489422496323e-10, 1.6477091328470005e-10, 4.023659251505573e-10, 0.21128968387998906, 1.1203997951453584e-10, 0.21128967672692972, 0.21128967676891477, 3.3363937601850946e-10, 0.2112896770269294, 0.21128967677124882, 3.028232072664336e-10, 0.2112896771967335, 1.871693029350929e-10, 5.040226806109259e-10, 0.211289604271562, 5.693356214786721e-10, 0.7271367536560204, 2.9225880398817034e-8, 3.5732212868306636e-10, 3.800883860901184e-10, 7.336891423899991e-10, 0.2728632467803186, 1.9825369229151396e-10, 0.21128967312747618, 0.2112896866336254, 0.2112896041584687, 3.423756024368704e-10, 1.5183708131397473e-10, 1.7879865451223582e-9, 0.21128969614773407, 1.9082463537857372e-10, 1.8987159487256544e-10, 1.8946239571945554e-10, 2.4014168455369875e-10, 2.692456024914973e-10, 1.0860667461585223e-10, 0.21128969607504566, 5.491106373005444e-10, 0.21128960325716456, 0.1832075587300916, 2.589969030560236e-10, 1.1941171294555756e-10, 1.2757551025719004e-10, 4.0490830148183604e-10, 1.7995373626499674e-10, 0.21128967351612815, 0.2112896928187441, 0.21128959805997732, 0.21128968321931682, 3.1370297082840366e-10, 0.21128967344341437, 0.21128967201035542, 2.5362725406312733e-10, 0.21128960403447059, 0.2112895982229061, 1.6857016830718946e-10, 1.6285887221667419e-10, 0.2112895974465655, 6.539831567862005e-10, 0.2112895979408072]
v_opt: [0.4587777790987729, 0.7887103070337919, 0.6220639718024474, 0.04464333716902561, 0.03356508006050045]
solution time: 0.01250004768371582
McCormick lower bound: -6.06280305393713

