x_opt: [0.8177704493197566, 0.2170433429910421, 0.8177759161496941, 0.18222444579815283, 0.8177755261462825, 0.1822240611689233, 0.8177756346136318, 0.8177767282128865, 0.6224892528001204, 0.18222408511753746, 0.11433879343911436, 0.7980831271925728, 0.1822240882565963, 0.18222433123806914, 0.18222325025048502, 0.21704339017058558, 0.18222410975281908, 1.0285939782939718e-8, 0.18222324955419134, 0.18222320294018168]
w_opt: [0.8177704476455774, 0.6355459764343674, 2.1276344174241396e-9, 1.5734961108020734e-9, 0.6158535779654186, 0.1822240774551477, 1.9170884210214668e-9, 4.598547056115084e-9, 0.18222410655360982, 6.781886377669119e-9, 1.3061580328566042e-9, 0.034819260575601696, 0.034818885771651306, 0.2170433333650496, 0.18222408314867214, 0.18222432857446122, 9.646231887400271e-9, 0.21704334152387977, 0.18222443938182448, 0.6355515517925819, 0.6355526465366224, 5.761328078788927e-9, 0.6158590549450959, 0.21704337676389213, 5.082894350515527e-8, 8.546954725424727e-9, 0.18222324824201788, 2.8823928328963493e-9, 1.7037810160301014e-9, 1.5452001175489373e-8, 0.18222444398020907, 0.182224443435771, 0.182224068403404, 1.208080418516644e-9, 1.1643489537951492e-7, 0.18222410865596808, 1.3294149772899761e-9, 2.3247826915996346e-9, 0.6224892519592997, 1.1782463888262175e-8, 2.2858379441087223e-9, 1.4717014916781634e-9, 2.9152682722886433e-9, 0.18222402936194387, 1.0252493075362599e-9, 0.1822240561667406, 0.182224052698939, 3.278848656868522e-9, 0.1822240575072263, 0.1822240565088836, 2.5850743059734337e-9, 0.18222405962319574, 1.896586377797722e-9, 6.9754344221300335e-9, 0.1822232482235489, 5.310220887471521e-9, 0.7980831259119451, 1.86872185435766e-6, 1.7220179908725645e-9, 2.5786546996341283e-9, 7.063952013769408e-9, 0.6224892509060684, 1.702192283733276e-9, 0.18222324063996864, 0.1822241079955732, 0.18222324755941188, 3.7488587262174865e-8, 1.4572180718040329e-9, 0.4205723831209325, 0.18222408560911935, 1.6607509639527303e-9, 1.5591775859191539e-9, 1.7916282743923074e-9, 2.4667184059417254e-9, 2.85547755644028e-9, 1.012115661182293e-9, 0.1822240799411004, 7.3507486695956614e-9, 0.18222323676976088, 0.11433879156089623, 2.6495687837452942e-9, 1.031060623120329e-9, 1.4175113784189997e-9, 3.830719221803514e-9, 1.4557324147095384e-9, 0.18222324836852496, 0.18222405724300741, 0.18222320058178348, 0.18222409697308714, 2.3142000978337854e-9, 0.18222324753025906, 0.18222323979533003, 3.172837310379066e-9, 0.18222324013209196, 0.18222320159986197, 1.3185710474241942e-9, 1.5662173792383312e-9, 0.1822231967588148, 8.272969749432164e-9, 0.18222320050074753]
v_opt: [0.817776726765321, 0.8177759145932445, 0.668756830400411, 0.03320562393133111, 0.013073385712468962]
solution time: 0.014403104782104492
McCormick lower bound: -4.024660702993736

