x_opt: [0.6144398811406493, 0.26203247545233205, 0.8937775557450293, 0.10622244347676099, 0.7379675389473468, 0.2620324566242013, 0.7379675411732218, 0.893777538668105, 0.6142674218604806, 0.10622244468812317, 0.10622246093326874, 0.3857325785258507, 0.26203245678242315, 0.2620324581938523, 0.10622244478549261, 0.2726048726491628, 0.10622244289137867, 8.731807517396513e-10, 0.10622244443052993, 0.1062224440890099]
w_opt: [0.6144398809888169, 0.3524074200293656, 2.44694326287608e-10, 2.033892203055786e-10, 0.00017245982289359248, 0.26203245572476097, 3.054342741759436e-10, 7.916740774059802e-10, 0.10622244252195248, 5.122039711705293e-10, 1.3633330421092245e-10, 0.1558100313389823, 1.6771092814865337e-8, 0.2620324744350955, 0.10622244446798203, 0.2620324578271027, 9.814276028890685e-10, 0.26203247528814577, 0.10622244284855278, 0.6317450970571417, 0.7875550947115442, 9.181680159561777e-10, 0.2795101350625577, 0.27260487172859366, 7.247136684336873e-10, 6.28983103574947e-10, 0.10622244421944338, 6.061693263856007e-10, 1.6957454682936715e-10, 1.0367735176941314e-9, 0.10622244316207594, 0.10622244323345806, 0.10622244114295373, 1.7024934268348502e-10, 3.6059527169980876e-9, 0.10622244267344974, 1.8569982023474302e-10, 3.230526960985175e-10, 0.6142674217350823, 1.2295114529769063e-9, 1.8990917342086502e-10, 2.0180276561527067e-10, 2.8185071785716765e-10, 0.1062224401212017, 1.6681446323469163e-10, 0.2620324561951885, 0.26203245559611954, 4.5062849164406057e-10, 0.2620324562053824, 0.2620324559692748, 2.5032847303702165e-10, 0.2620324564262222, 2.3298594716686586e-10, 5.115825623194622e-10, 0.10622244420234099, 3.5321236461356226e-10, 0.3857325783357194, 2.4053605037389366e-8, 2.2162088812570338e-10, 3.226256353265964e-10, 9.44392096992503e-10, 0.6142674215812421, 2.8097805114361834e-10, 0.10622244397289707, 0.10622244262290188, 0.10622244421086144, 3.072145700710996e-10, 1.4773279654028227e-10, 7.502094543515373e-10, 0.2620324565682502, 2.812757429566617e-10, 1.8294418970670786e-10, 2.468628604052528e-10, 3.972441659315758e-10, 4.0156204186086314e-10, 1.5669942305582603e-10, 0.10622244443658141, 4.3709834460328836e-10, 0.10622243992297803, 0.10622246060463106, 2.4647260885187757e-10, 1.6795909204098936e-10, 2.616449887216077e-10, 3.5951471917562195e-10, 1.57356766797975e-10, 0.10622244461120392, 0.26203245387302304, 0.10622244385323867, 0.10622244158101195, 2.4683138011212103e-10, 0.10622244447285112, 0.10622244115414857, 3.2458992367470114e-10, 0.10622244399806428, 0.10622244387854729, 1.562446268584818e-10, 1.735252395040132e-10, 0.10622244222990193, 6.227060513795269e-10, 0.10622244385834055]
v_opt: [0.8937775384540376, 0.8937775555540904, 0.5445960972492058, 0.01128321252364286, 0.011283377724889344]
solution time: 0.015919208526611328
McCormick lower bound: -3.4314710845964953

