x_opt: [0.6549848415985992, 0.3450151684059654, 0.6549848435663285, 0.0740548108907192, 0.6549848370528739, 0.1577500466056914, 0.8422499612425013, 0.4255921948340446, 0.34501525822877294, 0.34501515451184134, 0.22046765087930545, 0.6549847431619801, 0.3450151610833638, 0.15775003908878574, 0.3450151573607996, 0.3450152098304231, 0.07405480924917382, 4.406792952935552e-9, 0.07405350076630543, 0.0740534650203184]
w_opt: [0.6549848404908325, 0.3099696794199289, 1.4446208139402389e-9, 1.2307475378315521e-9, 0.30996958560152, 0.345015157516604, 8.798243905381214e-10, 6.882563425711506e-9, 0.07405480743703591, 2.60236883505214e-9, 1.0554539072189203e-9, 1.2616201599145685e-8, 1.1611941199039438e-8, 0.34501516313171104, 0.3450151535285746, 0.1577500367656614, 4.236020391911827e-9, 0.3450151676734932, 0.07405480838988959, 0.4972348055187126, 0.08057703910635935, 2.882629017338782e-9, 0.30996959018419185, 0.34501520615448944, 3.2283851353855387e-9, 3.785021266471695e-9, 0.07405350005192905, 2.3265856583738763e-9, 6.360845543140641e-10, 3.5022092392908485e-9, 0.07405480972599178, 0.07405480948116465, 0.0740548055356267, 7.162698031229323e-10, 2.040540580604975e-8, 0.07405480839646589, 9.246043505286996e-10, 1.636796836127879e-9, 0.3450152575600588, 4.71143593349787e-9, 1.1195549950732724e-9, 1.0460395369745557e-9, 1.9475556114861995e-9, 0.07405479774383324, 6.595979066907627e-10, 0.1577500431540506, 0.15775004353781588, 1.545984494941575e-9, 0.1577500452325349, 0.15775003468318885, 1.6555577091813058e-9, 0.15775004578848717, 9.716121220258816e-10, 2.558020205732056e-9, 0.07405349983962461, 2.24034388832657e-9, 0.654984742090613, 0.18726517193951592, 1.5991273318217796e-9, 1.981837626125552e-9, 2.7560698412696165e-9, 0.34501525742572925, 1.052358514376391e-9, 0.3450151548726569, 0.0740548078257464, 0.0740534995621926, 1.2071413505431301e-9, 7.793904195726702e-10, 3.3619250615207903e-9, 0.345015160274111, 1.2388375276123425e-9, 9.071907671030642e-10, 1.176388029984928e-9, 1.6283749831856583e-9, 1.6634163189778444e-9, 7.019333716626556e-10, 0.34501515348333517, 1.6661825262533992e-9, 0.07405349465404516, 0.2204676501892996, 1.3437307530152434e-9, 7.732081335283614e-10, 8.291684800418419e-10, 2.1048188779246685e-9, 9.224719801500127e-10, 0.3450151564482906, 0.3450151407447053, 0.0740534635830184, 0.0740548066487238, 1.7440678798705589e-9, 0.34501515621245227, 0.07405480426048693, 1.2301311225110376e-9, 0.07405349932541326, 0.07405346403457481, 8.597538308463592e-10, 8.684785565302843e-10, 0.07405346207692379, 3.4961650375505687e-9, 0.07405346399352918]
v_opt: [0.4255921940785549, 0.6549848423760675, 0.42900514175567445, 0.11903552878091513, 0.048605995266000006]
solution time: 0.012953042984008789
McCormick lower bound: -6.706879739555256

