x_opt: [0.6811549727460373, 0.3188450401555259, 0.6811549734555553, 0.09859992944237206, 0.6811549719325017, 0.15893160695115915, 0.8410683962178549, 0.43972943812453597, 0.3188450597923076, 0.3188450259011008, 0.24280362930083532, 0.6811549406547037, 0.31884502734931497, 0.15893160388719807, 0.3188450249873511, 0.33743373496776047, 0.0985999287100314, 2.167460171340597e-9, 0.09862458932648027, 0.09859992541056563]
w_opt: [0.681154972220083, 0.3623099450421167, 7.473216785260488e-10, 5.778560531541984e-10, 0.362309913816386, 0.3188450256059411, 4.478297978046532e-10, 2.2615260009071277e-9, 0.0985999277987832, 1.2828865907495342e-9, 4.808054919865087e-10, 1.3918804701772578e-8, 1.448766875325076e-8, 0.3188450375749733, 0.3188450254480785, 0.1589316028183993, 1.94122396234868e-9, 0.31884503979339357, 0.09859992819258345, 0.5222233700146831, 0.12088441192384874, 1.2855857212919575e-9, 0.36230991576274374, 0.3374337330437608, 1.555812245303245e-9, 1.8487127236572232e-9, 0.09862458896373247, 1.1200452687008478e-9, 3.3350974061980116e-10, 1.7685112951690226e-9, 0.09859992885185287, 0.0985999287604623, 0.09859992690916218, 3.4446190431843334e-10, 8.194897500387266e-9, 0.09859992827870098, 4.470956768436496e-10, 7.696618203586017e-10, 0.31884505945983926, 2.581772793059197e-9, 6.042565756768996e-10, 4.852128520676239e-10, 9.203486608808186e-10, 0.09859992342564704, 3.2362938324320124e-10, 0.15893160545242896, 0.1589316053952577, 8.062363104541327e-10, 0.15893160627146516, 0.1589316019431064, 7.517756144749381e-10, 0.1589316065574228, 4.703392691189432e-10, 1.2730719679847758e-9, 0.09862458888524436, 1.0883169394603447e-9, 0.6811549401573058, 0.15991344779898542, 7.873288368250085e-10, 9.594838333022725e-10, 1.430095343431185e-9, 0.3188450593780197, 5.175802040323411e-10, 0.318845023745412, 0.09859992800716773, 0.09862458871946377, 6.324752287370705e-10, 3.6141971689522076e-10, 1.337762439695594e-9, 0.3188450269546108, 6.107608686520356e-10, 4.466540636106328e-10, 5.622150827798742e-10, 7.497829931231831e-10, 7.836529759245799e-10, 3.3842128663966635e-10, 0.31884502538488524, 8.589708174129644e-10, 0.09862458636891025, 0.24280362892628574, 6.482795876636989e-10, 3.7829013963668547e-10, 3.974356935281204e-10, 1.0263498290190074e-9, 4.3997042632256234e-10, 0.3188450245552575, 0.318845020643631, 0.09859992469704551, 0.0985999273923755, 8.245051635399832e-10, 0.3188450244179265, 0.09859992632729278, 6.243622445109866e-10, 0.09862458863034644, 0.09859992496136152, 4.214952089260199e-10, 4.1332783159454026e-10, 0.09859992376207644, 1.699043646801644e-9, 0.09859992494151026]
v_opt: [0.4397294377295761, 0.6811549728519031, 0.46397210462402144, 0.10166215115119093, 0.058953605927374565]
solution time: 0.01459813117980957
McCormick lower bound: -6.405013132571189

