x_opt: [0.7994119290911881, 0.2005882313797358, 0.7994119871042763, 0.20058423141711315, 0.7994119250780252, 0.20058771780162904, 0.7994122268781677, 0.5470645198643999, 0.2805633979930553, 0.20058807013275592, 0.2005814200806951, 0.7194368291850077, 0.20058806443362945, 0.20058776822478036, 0.20058422117543998, 0.3334238809812068, 0.20058417719714067, 3.225881579179188e-8, 0.2005840958593108, 0.20058407482969623]
w_opt: [0.7994119217216175, 0.598823859354387, 1.3017511233221646e-8, 8.842829079468482e-9, 0.5188487646612183, 0.20058802998591435, 8.266670155614773e-9, 4.023733910502116e-8, 0.20058416306093635, 1.8933185011161708e-8, 7.2636529627347755e-9, 2.2349469399895823e-7, 2.473246729456732e-7, 0.20058818706142528, 0.20058806198539372, 0.20058775149709906, 4.046821511995879e-8, 0.2005882257271556, 0.20058420982985545, 0.5988242195321658, 0.3464765138165839, 7.531130984854087e-8, 0.5188488473949574, 0.3334238481854881, 2.8242576727313596e-8, 2.6671413187249395e-8, 0.20058408980582204, 1.8296651377525258e-8, 5.382467364065575e-9, 3.3504099352920005e-8, 0.2005842220491992, 0.20058422091256792, 0.2005841800873074, 5.9245506896459975e-9, 1.4617782762551743e-7, 0.20058417082428426, 6.920108214936814e-9, 1.2985131229962966e-8, 0.28056339330130076, 5.968866246916328e-8, 8.196250907106572e-9, 8.303112931483457e-9, 1.2694484954637263e-8, 0.20058406957555547, 5.5577214108032995e-9, 0.2005876931726648, 0.20058768867842078, 1.3664817918295875e-8, 0.2005877073817411, 0.20058760795879285, 1.280937322168432e-8, 0.20058771051634341, 8.339876169640166e-9, 1.8824740872610478e-8, 0.20058408810583334, 1.6469238981810054e-8, 0.7194368212164518, 1.0146832708834226e-6, 1.0472027079891309e-8, 1.5779614520179744e-8, 3.133077171882471e-8, 0.2805633908611783, 8.144563038790457e-9, 0.2005841969907652, 0.20058416703232487, 0.2005840869649613, 9.964548035947071e-9, 6.2678010470189376e-9, 2.7692863455270017e-7, 0.20058805733915613, 9.703222286944192e-9, 7.198224328255153e-9, 8.965023784369561e-9, 1.3749469193851914e-8, 1.3957120851569744e-8, 5.4586671235267116e-9, 0.2005880567665523, 1.5350683459353833e-8, 0.20058403688934356, 0.2005814135899548, 9.809668077749597e-9, 5.892389064700975e-9, 7.30503223277488e-9, 1.548752009666228e-8, 6.754058350992223e-9, 0.2005842148212579, 0.20058757209936953, 0.2005840645197178, 0.20058414704773486, 1.1746927275202175e-8, 0.20058421174363655, 0.20058411414655197, 1.0096312828521764e-8, 0.20058408422616672, 0.20058406708405296, 6.483963067770913e-9, 6.83108655465177e-9, 0.20058404718447573, 2.4666732049867343e-8, 0.2005840598333671]
v_opt: [0.547064513862526, 0.79941197896038, 0.6390605832530727, 0.0402356192001295, 0.04023314153503908]
solution time: 0.013730049133300781
McCormick lower bound: -5.061134470507192

