x_opt: [0.6328902188504102, 0.1469051363094324, 0.9999996674331394, 0.11793260482514581, 0.632890541482626, 0.14690485643626244, 0.3671098157827685, 0.8820674502338021, 0.6328902290107588, 1.0804536527278838e-7, 0.11793253682182049, 0.36710978365600855, 0.14690485858692443, 0.14690512132263617, 0.11793255057028813, 0.16895507012103322, 0.11793253430234958, 6.287694813715632e-9, 0.11793255079802183, 0.11793254850912482]
w_opt: [0.6328902177293196, 0.2657807610096528, 2.0061125822703342e-9, 1.1355938387134926e-9, 4.044788500648279e-9, 0.14690484824416547, 4.2555849556525696e-9, 7.296939976498472e-9, 0.11793253202585184, 3.879013193602058e-9, 6.797395311128947e-10, 0.1469048047466411, 5.4793775709699113e-8, 0.14690512964662308, 1.0635383734716036e-7, 0.14690511923223087, 8.87158505364067e-9, 0.14690513517338097, 0.11793260004830014, 0.3671094841726971, 0.8820671362813772, 4.125642895566815e-9, 0.36710945702131753, 0.16895506280932054, 0.11793220828502239, 2.9099371145193316e-9, 0.11793254891420552, 0.11793221870100848, 1.2733835031882608e-9, 1.1614004715857615e-8, 0.11793260219928825, 0.11793260339142393, 9.824679089995628e-8, 1.229585303750457e-9, 2.821675955243099e-8, 0.11793253304546736, 1.185416479149327e-9, 2.066023977160545e-9, 0.6328902282680376, 2.0799070739252335e-8, 1.1787971555328168e-9, 1.1337587886184692e-9, 1.676843991562214e-9, 0.11793251045943512, 1.3148761684261048e-9, 0.14690485429536188, 0.14690484277427818, 4.191999854469035e-9, 0.14690485351392313, 0.14690485013353077, 1.434063772163442e-9, 0.14690485499057207, 1.7561712022552857e-9, 3.8648108468707545e-9, 0.11793254906467004, 2.0828147904927765e-9, 0.36710978236447417, 1.0291821182372048e-7, 1.2597280424239813e-9, 1.98280114548015e-9, 1.4472552428047242e-8, 0.6328902255057365, 1.7547436889271263e-9, 0.11793254052310939, 0.11793253269381718, 0.11793254953541754, 3.600385811428102e-9, 9.013107134878026e-10, 1.8709066331253397e-8, 0.14690485680474377, 1.9893387784854964e-9, 1.1271859683073297e-9, 1.6780192831051848e-9, 3.304788984835825e-9, 3.252105563865431e-9, 1.0939449606990564e-9, 1.0534923363249798e-7, 3.6355471028005157e-9, 8.434731782554943e-8, 0.117932511087032, 1.6005494436648405e-9, 1.1091768480877846e-9, 3.1475222241785284e-9, 2.094638341683327e-9, 8.944859278693185e-10, 0.11793254942733263, 0.1469048340029036, 0.117932547264422, 2.284510426274334e-7, 1.2775907236847685e-9, 0.1179325479687667, 0.1179325185577933, 2.7784396929536087e-9, 0.11793254612259003, 0.11793254686558491, 9.143730972136344e-10, 1.1293149019786086e-9, 0.1179325294879487, 4.159222774862447e-9, 0.11793254679096]
v_opt: [0.882067448812672, 0.9999996664784397, 0.40055063712876143, 5.8652912584473315e-9, 0.013908084828118443]
solution time: 0.014142036437988281
McCormick lower bound: -2.5114239773145233

