x_opt: [0.7636870400243524, 0.23631295999274524, 0.7636870401055821, 1.8532002719858736e-9, 0.740827650916927, 0.23631295428724544, 0.7636870476474489, 0.6935523643169094, 0.4542167459646572, 0.23631295990310053, 0.23631295407169986, 0.5457832539851996, 0.25917234900970487, 0.2363129523608049, 0.25917234891433616, 0.2591723490345928, 1.844931389647559e-9, 1.0778587936805381e-10, 0.1552881704119643, 0.15528817032585074]
w_opt: [0.7636870400084844, 0.5045146909712687, 2.918382732760443e-11, 3.512590815552645e-11, 0.3094702940269308, 0.2591723489194924, 3.1036949232396025e-11, 0.02285938909125913, 1.8037401463744838e-9, 6.627993768585599e-11, 2.135622356901606e-11, 1.116865509513402e-10, 1.2628675553555737e-10, 0.23631295984851733, 0.23631295986828738, 0.23631295230512028, 2.3946013306569377e-10, 0.2363129599736059, 1.7918197923963565e-9, 0.5273740877763465, 0.45723940444463873, 6.250937900111133e-11, 0.30947029417589694, 0.25917234895687635, 9.030260884547903e-11, 8.792908896153885e-11, 0.1552881703879859, 6.064824103251435e-11, 1.4404199401720494e-11, 9.474304508478709e-11, 1.8102600408456537e-9, 1.8250855081962851e-9, 1.6426665039155601e-9, 2.25721793276114e-11, 3.0014549893837764e-10, 1.8098049808172134e-9, 2.66630054011694e-11, 5.179941191159602e-11, 0.45421674594471806, 9.414295791566099e-11, 1.8529485606195195e-11, 3.242813783480599e-11, 3.943749478648579e-11, 1.619834143571043e-9, 2.4148360743518634e-11, 0.23631295421708934, 0.23631295418360876, 4.17416411326164e-11, 0.23631295426078225, 0.2363129522685451, 4.327628004454518e-11, 0.23631295426481036, 2.728558217586921e-11, 6.261714747452811e-11, 0.1552881703722578, 4.4810298428322576e-11, 0.5457832539496076, 0.022859397840446365, 3.686898161777803e-11, 5.621049267661591e-11, 8.877913427819491e-11, 0.4542167459406684, 2.8773057688177507e-11, 0.2591723488439243, 1.7980009999924604e-9, 0.1552881703850277, 2.5348596223532234e-11, 1.845237500375706e-11, 3.9488990251729345e-11, 0.2591723489922076, 5.436243557101601e-11, 2.105841774188039e-11, 3.6951610655858994e-11, 8.414763547772356e-11, 7.602771400487489e-11, 2.4227092643293378e-11, 0.23631295986669926, 3.349044925984395e-11, 0.155288170186966, 0.2363129538965389, 3.3889517483084306e-11, 2.9009706807035104e-11, 3.667297086877894e-11, 4.104928925085511e-11, 2.0343725609933518e-11, 0.25917234889573765, 0.25917234811490514, 0.1552881702979562, 1.7536554574061522e-9, 4.0459100928164275e-11, 0.25917234888033175, 1.6634304830952668e-9, 3.294567838222638e-11, 0.15528817038338316, 0.15528817029225417, 2.0460496556491678e-11, 2.1688034477129404e-11, 1.7927905259397249e-9, 8.389969827536027e-11, 0.15528817029929026]
v_opt: [0.6935523642971518, 0.7636870400800938, 0.548825614470696, 0.05584381525295077, 0.05584381366644995]
solution time: 0.014259099960327148
McCormick lower bound: -4.894958005293177

