x_opt: [0.6596371998627661, 0.3403628964952992, 0.6596372298626888, 3.090860462607593e-6, 0.6596365462125805, 0.1378853253311415, 0.8621147229473876, 0.3984841455083228, 0.34038353601079674, 0.34036269543851366, 0.2893437779620262, 0.659616414329681, 0.3403634049950684, 0.13788528106643277, 0.34036338007991707, 0.34036340657225456, 3.087565744554739e-6, 4.055012263240774e-8, 0.13788517722036145, 0.1378851511923771]
w_opt: [0.6596371918827049, 0.31927375072575953, 9.364520513663627e-9, 6.922117870087296e-9, 0.3192536192017473, 0.34036338086273027, 8.092707789549196e-9, 6.889711091685352e-7, 3.074954786287391e-6, 2.6499015839797386e-8, 5.6378830063440846e-9, 1.3069348327123016e-7, 1.1198464522806303e-7, 0.3403628207325363, 0.3403626895971319, 0.1378852679515604, 5.3362301306142064e-8, 0.34036289015742716, 3.0691459496863733e-6, 0.521751958808904, 0.05812138124224036, 1.1737568799537497e-8, 0.3192536704677978, 0.3403633803377321, 2.4929886321775954e-8, 3.509417375928208e-8, 0.13788517057911528, 2.262698332305012e-8, 4.401104363475171e-9, 4.982115000333413e-8, 3.0762786992460262e-6, 3.081035880499301e-6, 2.9988702159240505e-6, 5.585263228402002e-9, 3.9581910884273865e-7, 3.07657461784535e-6, 8.343348241794018e-9, 1.2947695467025065e-8, 0.3403835301013915, 3.7195149270729366e-8, 4.867755222585393e-9, 7.254410893042634e-9, 1.0987135339544073e-8, 2.98057262918937e-6, 5.734584865834206e-9, 0.1378853059629763, 0.13788529681492684, 1.165537953964412e-8, 0.13788531803516718, 0.1378852600310719, 1.0296867725682018e-8, 0.13788532008344576, 7.105263699664518e-9, 2.6035645760323407e-8, 0.13788516858269106, 1.7178068400712962e-8, 0.6596164064112583, 0.2024800101924175, 1.2810065099296492e-8, 2.729400869746434e-8, 4.078988823741022e-8, 0.3403835291841705, 7.83750053505765e-9, 0.34036336308488985, 3.0735811118956174e-6, 0.13788516916125482, 8.187194360901619e-9, 4.478858429735121e-9, 9.808636806207622e-9, 0.3403633998695235, 1.3772905390659457e-8, 5.905725556083584e-9, 1.1125742649955896e-8, 1.8507505557133228e-8, 1.6978599384204732e-8, 5.538122307116606e-9, 0.3403626883330417, 1.0794344991560996e-8, 0.13788511317496474, 0.28934377277517614, 1.1582985668664376e-8, 7.729317665644363e-9, 6.715383287298565e-9, 1.030721297590897e-8, 5.959837579004551e-9, 0.34036337520486476, 0.34036291106766475, 0.13788514283434367, 3.067375924351057e-6, 1.3334948601672215e-8, 0.34036336975791237, 3.0516550645367754e-6, 1.1363186504866656e-8, 0.1378851696317304, 0.13788514393479184, 6.003973592429739e-9, 6.00354928800459e-9, 3.0711527685758927e-6, 3.3770120474714456e-8, 0.13788512355323687]
v_opt: [0.3984841393321154, 0.6596372222917566, 0.4351204423973024, 0.11584681118645809, 0.08372070284025718]
solution time: 0.013548135757446289
McCormick lower bound: -5.409113221452697

