x_opt: [0.7908460118219869, 0.31481596178525767, 0.7908460138451759, 0.20915383560239437, 0.790846016723184, 0.20915385001763215, 0.7908461501117211, 0.4707274255016802, 0.26667508534013745, 0.20915398646902186, 0.2091539833226227, 0.7333249136707614, 0.2091539857380924, 0.20915384951240143, 0.20915397958041063, 0.3148159622313699, 0.20915383416574115, 1.0298006070788025e-9, 0.20915384963959346, 0.20915384933856893]
w_opt: [0.7908460116337114, 0.5816920287082246, 1.9098957242459244e-10, 3.5109032125837793e-10, 0.5241709257054779, 0.20915398480819553, 2.786921150998593e-10, 6.020396113956376e-10, 0.20915383363978032, 5.839663699212145e-10, 1.8514982955184408e-10, 0.10566197586303773, 0.10566197991712245, 0.3148159603250032, 0.20915398625615678, 0.2091538490905278, 8.242968439352912e-10, 0.3148159614807187, 0.20915383486806813, 0.5816921641146406, 0.26157343957618895, 1.0167664095247466e-9, 0.5241709283670252, 0.31481596080076407, 7.552109793422762e-10, 8.287118318978954e-10, 0.20915384942069457, 4.912489675708184e-10, 2.414102707814318e-10, 1.2479862861450817e-9, 0.20915383523904976, 0.20915383527424192, 0.2091538343544009, 1.633616228857142e-10, 5.24895026838501e-9, 0.20915383395956763, 2.308486352424786e-10, 3.41203161153747e-10, 0.26667508516377375, 4.476782857952232e-9, 2.527180071303443e-9, 1.986749414086991e-10, 4.367353103054752e-10, 0.2091538313127025, 1.6669086254133756e-10, 0.20915384949845678, 0.2091538490308905, 5.705557244161793e-10, 0.20915384967080258, 0.20915384846983107, 2.9414946675348254e-10, 0.20915384983478877, 2.30815157574791e-10, 6.082507815628672e-10, 0.2091538494061306, 6.016582328499904e-10, 0.7333249134678267, 1.5121939418164047e-7, 4.004037313943381e-10, 9.074273858230144e-10, 1.8211614956848209e-9, 0.26667508506557613, 2.685968175597717e-10, 0.20915397890229914, 0.2091538337945435, 0.20915384929374348, 4.718917731403415e-10, 1.4904302940085177e-10, 2.828755426047927e-10, 0.20915398553737846, 3.2569423678303195e-10, 2.314382801833826e-10, 2.7167364447999555e-10, 3.1954429385554777e-10, 3.5744630187139636e-10, 1.5840371337718982e-10, 0.20915398552758385, 5.880148465131895e-10, 0.20915384807070728, 0.20915398310493208, 3.024135837641497e-10, 1.9318889522881178e-10, 1.8324420323277815e-10, 4.938430035341033e-10, 2.0792169038127331e-10, 0.20915397937944258, 0.20915398198479207, 0.20915384896170172, 0.20915383327966686, 3.768375187634045e-10, 0.20915397920115225, 0.2091538330040853, 3.8065743562288567e-10, 0.20915384932124487, 0.2091538491648485, 2.1604309974600154e-10, 1.8799400057691497e-10, 0.20915383348498795, 7.63689711170533e-10, 0.20915384888522187]
v_opt: [0.47072742522326344, 0.790846013550948, 0.6254374468333602, 0.04374539393434622, 0.04374539988110008]
solution time: 0.013453006744384766
McCormick lower bound: -5.195407035732219

