x_opt: [0.7728591625229173, 0.22714077833842908, 0.7729032233569102, 7.356112244375199e-7, 0.7728592758713072, 0.22714069819285101, 0.7728593212978981, 0.6270356208175885, 0.41963169754392937, 0.2270966448684279, 0.22714057861530126, 0.5803682967773987, 0.2271407074558755, 0.2271406693445501, 0.22709719445380822, 0.29514702233863804, 7.174612859328708e-7, 1.7969082440549327e-8, 0.22709714643505613, 0.22709713323075684]
w_opt: [0.7728591580370268, 0.5457184403625677, 5.5803527988537735e-9, 4.721016047887476e-9, 0.35322746240649916, 0.2271406878608561, 1.1478041077901615e-8, 1.8923579685218366e-8, 7.098823065824323e-7, 1.0934903289882445e-8, 2.2175860387925183e-9, 4.400488762421322e-5, 1.4010990165513844e-7, 0.2271407517118693, 0.22709664128461532, 0.22714066326735477, 2.1465752586472896e-8, 0.22714077404450636, 7.232562211006062e-7, 0.5457625472471619, 0.3999388505356333, 6.023750205061946e-9, 0.3532715360100606, 0.29514699692008, 2.0764610644607242e-8, 1.3234357208093386e-8, 0.22709714203482684, 3.6332318696017666e-7, 3.6571762993475125e-9, 2.755531022379346e-8, 7.281293080130781e-7, 7.299900707056288e-7, 7.055161819131494e-7, 2.8809770972403985e-9, 7.669329963318273e-8, 7.128527452299063e-7, 3.5787035778325323e-9, 5.777998985451438e-9, 0.41963169515189097, 3.7066010114920857e-8, 5.0839142169167205e-9, 3.584274448809356e-9, 5.5769987482212305e-9, 6.730985089319976e-7, 3.3749849810449782e-9, 0.22714069136359072, 0.22714067041376743, 1.2262209277150925e-8, 0.22714069137055534, 0.22714065115139698, 5.1844539460213575e-9, 0.22714069520341987, 4.1734255695877556e-9, 1.1075702726041441e-8, 0.22709714269022085, 8.865538562322833e-9, 0.5803682935246116, 6.725408053245437e-7, 6.56892832917822e-9, 8.43469142016045e-9, 2.702753450895875e-8, 0.4196316914219244, 4.301927796612055e-9, 0.22709717850007288, 7.117195605672013e-7, 0.22709714178095197, 7.333575997085997e-9, 2.353682463062735e-9, 6.138970610500959e-9, 0.22714070395650326, 6.779491091756159e-9, 3.501564075274184e-9, 4.865534796513767e-9, 7.426315172518239e-9, 8.488799137009607e-9, 2.7985911678247085e-9, 0.22709664114917313, 1.0927637924210973e-8, 0.22709657357380236, 0.22714057290072043, 5.098032086505762e-9, 3.456684707365798e-9, 4.291429444493585e-9, 7.0770640989008755e-9, 2.97335296270098e-9, 0.22709719183728638, 0.2271406371174668, 0.22709712866916565, 6.914670791266956e-7, 5.058190139108736e-9, 0.2270971879685416, 6.875842482576586e-7, 7.4341518902077956e-9, 0.22709714065767495, 0.22709713015091346, 3.24041068174976e-9, 2.9891419859450203e-9, 7.052073778235536e-7, 1.3367069986686712e-8, 0.2270971230503161]
v_opt: [0.6270356163486563, 0.7729032197466879, 0.5973115933255796, 0.051572895733218424, 0.051592844416298224]
solution time: 0.014079093933105469
McCormick lower bound: -3.52607523131488

