x_opt: [0.799335646299469, 0.20066439542458947, 0.7993356791777985, 0.20041367041439395, 0.7993356713792263, 0.20066174896596184, 0.7993382802545964, 0.5472886316462828, 0.280756201680459, 0.2006643216719271, 0.20066420084403697, 0.7192437874285258, 0.2006643247191384, 0.20066171948843417, 0.200664277610046, 0.33328442224900906, 0.20041365684849644, 1.733488902306305e-8, 0.20041425998622214, 0.20041413413201217]
w_opt: [0.7993356429580712, 0.5986713203717134, 5.047460958976974e-9, 7.55499210799211e-9, 0.5185794368413562, 0.20066430931312026, 4.3592307948672784e-9, 2.124321687656482e-8, 0.2004136494802021, 1.0357603861431827e-8, 3.293290078239138e-9, 7.727006234839875e-8, 1.0282320556392351e-7, 0.20066437277805999, 0.20066431777044708, 0.20066171194213658, 2.0014847014465958e-8, 0.20066439213476714, 0.20041365955710277, 0.5986739624150149, 0.3466243144450107, 1.3409905013811254e-8, 0.5185794808810785, 0.33328440621477745, 1.2955063616708704e-8, 1.4224929979138764e-8, 0.2004142565153032, 9.172942565525253e-9, 2.7899663155057104e-9, 1.6880286026087405e-8, 0.20041366460082377, 0.20041366542247388, 0.20041364561783798, 3.0759090238713618e-9, 7.539997972642846e-8, 0.20041365253631735, 3.8342587085517385e-9, 6.621907429461042e-9, 0.28075619886499015, 2.8906566392052954e-8, 4.517563211252595e-9, 3.964340193645626e-9, 6.611216599866055e-9, 0.20041361130351681, 3.035709695948274e-9, 0.20066173865460635, 0.20066173340272633, 7.281065767226266e-9, 0.20066174422347666, 0.20066169095299996, 5.8932296873443755e-9, 0.20066174562415698, 4.11529641324912e-9, 1.0254125653439462e-8, 0.20041425577362923, 8.225008735522765e-9, 0.7192437832495203, 3.0252638221553847e-6, 6.295416155333466e-9, 7.603788945097226e-9, 2.106863228495348e-8, 0.2807561977255311, 4.365742523856875e-9, 0.2006642662009134, 0.200413650630789, 0.2004142553057651, 5.131318450221441e-9, 2.817745715169327e-9, 7.943134865106225e-9, 0.2006643215650636, 6.019195494186783e-9, 3.5773703564496804e-9, 4.934966252541609e-9, 7.536107229028656e-9, 7.735655462701452e-9, 3.0241969059964368e-9, 0.2006643154066404, 7.00531490578563e-9, 0.20041423426134417, 0.20066419724937345, 5.240953836337676e-9, 3.5157628795576295e-9, 3.948655282613089e-9, 7.238134450284354e-9, 3.344482718102937e-9, 0.20066427447680288, 0.2006642374543562, 0.2004141290423958, 0.20041364177401905, 6.176550219982455e-9, 0.20066427270131892, 0.20041363392401776, 5.563599057613623e-9, 0.20041425489444845, 0.20041413039833583, 3.3557511535733703e-9, 3.333082748936699e-9, 0.2004136462426457, 1.3318841472682958e-8, 0.20041412659782656]
v_opt: [0.5472886281820105, 0.7993356749064827, 0.6389375313739577, 0.04026665737162709, 0.04026634703897056]
solution time: 0.016427993774414062
McCormick lower bound: -4.98662000444378

