x_opt: [0.2766985396911372, 0.10762444792175999, 0.9034198593615246, 0.10762444794036603, 0.8923755520372756, 0.10153324560027406, 0.7233014606799968, 0.8923755523880957, 0.8923755520553208, 0.07047923652578546, 0.10762444750040806, 0.723301460487189, 0.10153324558580008, 0.10762444782449135, 0.0965801406188764, 0.33615409717150585, 0.10762444777813904, 1.7090263232123778e-10, 0.09658014072553692, 0.09658014061096987]
w_opt: [0.27669853965575064, 0.16907409178801425, 5.1422027940920767e-11, 3.268506328181937e-11, 2.139704730997953e-10, 0.10153324526877017, 4.762481659383883e-11, 1.104967348196734e-10, 0.10762444771483243, 9.996384142964136e-11, 2.5277754887143786e-11, 0.011044307309572312, 5.689469095618253e-10, 0.1076244477745231, 0.07047923643729676, 0.10762444774229658, 1.3977131740771306e-10, 0.10762444789771222, 0.10762444782476661, 0.6267213200634324, 0.79579541184437, 8.578504711882078e-11, 0.6267213200191379, 0.3361540969912354, 0.011044307213148996, 1.217966464533009e-10, 0.09658014069440118, 9.525369537177558e-11, 7.283622137811893e-11, 1.6240195427382548e-10, 0.10762444790097506, 0.10762444789073489, 0.07047923633504287, 2.985378501314438e-11, 6.26101571002834e-10, 0.10762444774904818, 2.7466889907050242e-11, 5.220212721847994e-11, 0.892375552029487, 1.9960779162835567e-10, 4.130157568910839e-11, 4.183244541055133e-11, 5.3697539288319994e-11, 0.10762444710767952, 2.4539735900660057e-11, 0.10153324551288885, 0.10153324544031285, 7.422884146613283e-11, 0.10153324549035835, 0.10153324552139135, 4.4021473621692596e-11, 0.1015332455562837, 4.5367553371751404e-11, 1.0059646971707408e-10, 0.09658014069116515, 5.913149591678715e-11, 0.7233014604518668, 2.002762648230402e-9, 3.1666846962545625e-11, 4.4440710820958935e-11, 1.416630610677939e-10, 0.8923755520040914, 4.3604803792895266e-11, 0.0965801404090972, 0.10762444774376466, 0.09658014068967959, 5.502083323766501e-11, 4.066053976908557e-11, 0.6156770126051131, 0.10153324551095282, 3.40810583565796e-11, 4.194953764966417e-11, 3.778128692718326e-11, 5.892986723117706e-11, 5.794730148419876e-11, 2.4092726146488983e-11, 0.07047923643506775, 1.1493613232422568e-10, 0.07047923615140483, 0.10762444742755685, 4.346399317423236e-11, 2.2349372794349405e-11, 4.427364639760674e-11, 7.276995812760076e-11, 2.841138322070077e-11, 0.0965801405691362, 0.10153324517048358, 0.09658014056762439, 0.10762444724144381, 3.813015073193345e-11, 0.09658014055809472, 0.09658014045029813, 5.646466976339858e-11, 0.09658014050667423, 0.09658014055303991, 2.599892863648427e-11, 3.5023012649834336e-11, 0.09658014050922704, 1.1825340707656109e-10, 0.09658014057962322]
v_opt: [0.8923755523781994, 0.9034198593303984, 0.7963342067104268, 0.004967323236923786, 0.011583022955529633]
solution time: 0.017678022384643555
McCormick lower bound: -3.3310489686435574

