x_opt: [0.6106805082513642, 0.2588182985514692, 0.8932356757578778, 0.10676462483173003, 0.7411661398213748, 0.2588182657471235, 0.7411816685301966, 0.8932349707993822, 0.6106806119540472, 0.08100898734878259, 0.10676502241879614, 0.38931950342794636, 0.2588182759326415, 0.2588183000409032, 0.10676480769278392, 0.2588184465692831, 0.10676460376546265, 1.2486311117632534e-8, 0.10676480309444718, 0.10676480193960694]
w_opt: [0.6106805059751528, 0.3518466493218243, 3.7871641342370325e-9, 2.6995559020553123e-9, 1.459774352220471e-8, 0.25881825730450975, 6.109106342024472e-9, 1.5241607862013177e-8, 0.10676459910708941, 7.850165496900997e-9, 1.61110867479451e-9, 0.1520539761615647, 5.132330175729909e-8, 0.25881828374864596, 0.0810089841423127, 0.25881828961971604, 1.9789289284880482e-8, 0.2588182955168617, 0.10676461563047267, 0.6344173463057037, 0.7864706562852526, 7.538854418479591e-9, 0.2825551921805979, 0.25881843266371074, 2.885600815569873e-7, 7.685151938554564e-9, 0.10676479986901512, 4.843717391041978e-7, 2.361393150548473e-9, 2.1375541263266755e-8, 0.10676462005584694, 0.10676462176472985, 0.08100896867825998, 2.6170518227172676e-9, 6.679056279064618e-8, 0.10676460082739254, 2.4149833825236954e-9, 4.722097414143566e-9, 0.6106806104563233, 2.824653959744574e-8, 2.399048296528099e-9, 2.732585650709059e-9, 3.749725790480421e-9, 0.10676456000438736, 2.741191450524082e-9, 0.25881826060778, 0.25881824371022183, 7.595386671769476e-9, 0.2588182607446945, 0.25881825195049446, 3.6406369387030374e-9, 0.25881826231937216, 3.6600599396495645e-9, 7.736684026418405e-9, 0.10676479948743077, 4.814327966906613e-9, 0.3893195009056933, 5.978442739282223e-7, 2.751411787119307e-9, 4.545435363628129e-9, 1.8869717232428794e-8, 0.6106806070755633, 4.530841202866146e-9, 0.10676479065585927, 0.10676460040427997, 0.10676480039241114, 3.931226641512271e-9, 2.0496298439045495e-9, 1.2084143362010565e-7, 0.2588182724945315, 4.25430640183937e-9, 2.4239329247107395e-9, 3.549871088131883e-9, 7.545283581084163e-9, 7.720443238159286e-9, 2.360749037287204e-9, 0.08100898298472155, 7.112923920851052e-9, 0.08100894678329296, 0.10676501124463181, 3.4303555316642926e-9, 2.382583228038579e-9, 5.794617011109201e-9, 4.774878028833712e-9, 1.9723559632102427e-9, 0.10676480544219467, 0.2588181695501905, 0.10676479925157613, 0.10676455687543832, 2.992567381328115e-9, 0.10676480318290528, 0.1067645817047415, 4.997863631810328e-9, 0.10676479636554248, 0.10676479790656593, 2.0128992596181233e-9, 2.3824947517597333e-9, 0.10676459307169008, 8.847912259745326e-9, 0.10676479664366707]
v_opt: [0.893234968189059, 0.8932356736186776, 0.5493278221428636, 0.006562803071863114, 0.01139878833855274]
solution time: 0.015707015991210938
McCormick lower bound: -2.8406889785642235

