x_opt: [0.7994130362566683, 0.20058699648450334, 0.7994152174412942, 0.2005847595306309, 0.7994130106746742, 0.2005869720642958, 0.7994130395852468, 0.5470654236784379, 0.280561123011153, 0.20058478132513588, 0.20058694665839025, 0.719438876779288, 0.20058698146507878, 0.20058695709792856, 0.20058479012870314, 0.3334220708578515, 0.2005847553691224, 5.7802962843256715e-9, 0.20058478357814363, 0.20058478081337924]
w_opt: [0.7994130351589392, 0.5988260475762255, 1.6177159904011948e-9, 1.2610878652573757e-9, 0.5188519139198315, 0.20058697550604399, 2.7663575209474552e-9, 4.684904392337443e-9, 0.2005847530667006, 3.570602457582059e-9, 8.042527210618163e-10, 2.2148703598717827e-6, 2.578319504837517e-8, 0.20058698841270256, 0.2005847802408578, 0.20058695516462474, 6.369975842322741e-9, 0.2005869955211869, 0.20058475545236953, 0.598828257820195, 0.3464806426269489, 3.315638601892578e-9, 0.5188540999207222, 0.3334220634609739, 4.5898341863963996e-9, 4.602457839802747e-9, 0.20058478249445777, 5.074410433453429e-9, 1.028342066363368e-9, 8.64642674921035e-9, 0.20058475773698545, 0.20058475806383358, 0.20058474973616486, 8.724470940255769e-10, 3.640668739837568e-8, 0.20058475409436408, 1.0764234683062144e-9, 1.887649707068251e-9, 0.2805611223515908, 8.770370886003197e-9, 1.4699929013600755e-9, 1.0671132254103484e-9, 1.8236754954923465e-9, 0.20058473397252966, 9.168688993829171e-10, 0.2005869695824398, 0.20058696567733955, 3.0561874327302476e-9, 0.20058696983688581, 0.20058695212548494, 1.5620879629767053e-9, 0.20058697113756171, 1.350997541542348e-9, 3.6533023782701143e-9, 0.20058478253001677, 2.9637789108258718e-9, 0.7194388758524285, 2.8529654396061615e-7, 1.7105485937921018e-9, 2.3188277911641e-9, 6.105290703435565e-9, 0.28056112160575314, 1.2709643774911322e-9, 0.200584785469924, 0.20058475380542667, 0.2005847821970535, 2.1105094244732144e-9, 8.37678076277746e-10, 4.394577240672694e-9, 0.20058698047524204, 1.6625847296060627e-9, 1.0864148749133546e-9, 1.3947178179653765e-9, 2.0889147207928165e-9, 2.3305033439595988e-9, 8.093608544271542e-10, 0.20058478024791052, 3.3385894604829955e-9, 0.20058476624905458, 0.2005869452821976, 1.6615373365938797e-9, 9.225347613559862e-10, 1.1336557644496119e-9, 2.3109121508694968e-9, 9.669859231234818e-10, 0.200584789261703, 0.2005869485068898, 0.20058477939730787, 0.20058474901362272, 1.597222864009336e-9, 0.20058478833141208, 0.2005847458088975, 2.1649026779983857e-9, 0.20058478130340274, 0.20058477988120596, 9.752205870052784e-10, 9.800951849635605e-10, 0.20058475099827178, 4.471522826528028e-9, 0.20058477861623558]
v_opt: [0.5470654225022034, 0.79941521641742, 0.6390611756859026, 0.040234335486337376, 0.04023512588438791]
solution time: 0.014692068099975586
McCormick lower bound: -3.8648443951176925

