x_opt: [0.6596474519901651, 0.34035293405618333, 0.6596476083586912, 4.652702166753136e-6, 0.6596475930856336, 0.13789288122991378, 0.8621072761128319, 0.39848829668766117, 0.340352662237542, 0.34035224924843277, 0.28938035429366266, 0.6596149849291154, 0.3403524136162417, 0.13789266940068093, 0.3403523793920556, 0.3403532276964847, 4.55190201522734e-6, 8.816928237827053e-8, 0.137892843944266, 0.1378927425831533]
w_opt: [0.6596474195508408, 0.31929505354019433, 1.845170933231285e-8, 1.8301579726106562e-8, 0.3192624478274934, 0.3403523534896089, 1.819137105720297e-8, 1.4726524729146328e-7, 4.517571197424765e-6, 5.7519558328822306e-8, 1.1012563677326082e-8, 5.528926163240008e-7, 8.926253212249842e-7, 0.3403527626413529, 0.340352237840855, 0.13789263931817786, 1.0756651443143105e-7, 0.34035291074076685, 4.602903215085495e-6, 0.5217548943166959, 0.05813591600574363, 2.5482315839504804e-8, 0.31926265623749883, 0.34035314521277804, 8.92367611692001e-8, 7.785241087725686e-8, 0.1378928310183118, 7.647064340967844e-8, 1.0117586791128156e-8, 1.423934457107165e-7, 4.624565390183105e-6, 4.631219292697218e-6, 4.501770387643357e-6, 9.842064856954069e-9, 6.068352652491651e-7, 4.539951226071779e-6, 1.6169889351515112e-8, 2.5228456208866022e-8, 0.34035264832214773, 2.0903069448090189e-7, 5.384694951101198e-8, 1.3746044534180293e-8, 7.213011781333734e-8, 4.331093281789285e-6, 1.2343098971778644e-8, 0.13789284315961772, 0.1378927498517668, 4.2754181630801697e-8, 0.13789286354480568, 0.13789247966673845, 2.520234352392081e-8, 0.13789287259205935, 1.5258562543587646e-8, 5.950653252202196e-8, 0.1378928253336181, 5.3538173284209284e-8, 0.6596149697799065, 0.20246185153735857, 3.632709884804633e-8, 2.943481980743352e-7, 3.894769470270726e-7, 0.3403526469929085, 1.831123616792168e-8, 0.3403523368436743, 4.520497907133442e-6, 0.1378928238965334, 2.599042659805036e-8, 8.550768801110752e-9, 1.1588809051350586e-8, 0.34035240606800926, 3.145370775230929e-8, 1.3699221095965316e-8, 2.1534701936521463e-8, 3.065082700850634e-8, 3.4389720329452746e-8, 9.7234216338481e-9, 0.3403522359534969, 3.4539450653054045e-8, 0.13789274307998592, 0.2893803443468985, 2.836747728667056e-8, 1.4893634511233773e-8, 1.1382988994815738e-8, 2.7274451433685532e-8, 1.3247197677144223e-8, 0.34035236760254267, 0.3403513398968309, 0.13789272342882117, 4.477927582917978e-6, 3.1554497596160895e-8, 0.3403523579035767, 4.425631491349581e-6, 2.9560240643808864e-8, 0.1378928274839354, 0.13789272542179803, 1.4532039289407702e-8, 1.12974479636007e-8, 4.499909708725449e-6, 7.491585916495495e-8, 0.13789262884591344]
v_opt: [0.39848828247198304, 0.6596475929350657, 0.43513520892020857, 0.11583985583779823, 0.08374105464979467]
solution time: 0.01693105697631836
McCormick lower bound: -5.6669953098144505

