x_opt: [0.6552198547308664, 0.3447802731842741, 0.6552198549446765, 0.07420201377020771, 0.6552198535099751, 0.15778200224591235, 0.8422184646036359, 0.42586077479132983, 0.34478020479665766, 0.34478013310512845, 0.22092849460658925, 0.6552197927661879, 0.3447801403264743, 0.1577815376622151, 0.3447801367778395, 0.3447803191557058, 0.07420201078313632, 7.235915695533225e-9, 0.07422846783339661, 0.07420230170454925]
w_opt: [0.655219850932377, 0.310439709215652, 1.7968007284918198e-9, 1.4996021905188847e-9, 0.3104396486722527, 0.34478013525598356, 1.3625209452858074e-9, 1.0404637463174741e-8, 0.07420200804472488, 4.572543402677379e-9, 1.3365419500703197e-9, 1.2911214711897878e-7, 1.3560571014103923e-7, 0.3447802631148295, 0.3447801320072457, 0.15778153478115967, 5.473124607592812e-9, 0.34478027205784423, 0.07420200980886828, 0.49743832040250524, 0.0810806306352454, 4.172791484942459e-9, 0.3104396525899254, 0.34478031271620463, 6.351277776677465e-9, 6.406602241542957e-9, 0.07422846688587251, 5.195026712932997e-9, 9.720760274316266e-10, 8.11500695566925e-9, 0.0742020120317771, 0.07420201168153749, 0.07420200432054665, 8.961499522933227e-10, 6.514528630386478e-8, 0.0742020093405991, 1.343561827465134e-9, 2.1786786369242467e-9, 0.34478020391580066, 8.661621394268297e-9, 2.215116070134203e-9, 1.286096944676801e-9, 4.004834938362576e-9, 0.07420198975346941, 8.853567035357907e-10, 0.15778199820119762, 0.15778199769751047, 2.5499711781186215e-9, 0.15778200044458904, 0.1577815322598277, 2.08168986795817e-9, 0.15778200132385134, 1.2963345460506564e-9, 4.720583237293768e-9, 0.07422846679875407, 4.175674233924724e-9, 0.6552197915906033, 0.18699872606710108, 3.9811750189006276e-9, 4.360999411071778e-9, 5.925058556498549e-9, 0.3447802036921211, 1.4629356482697646e-9, 0.34478013381209444, 0.07420200874217976, 0.07422846603206751, 2.127879943205454e-9, 9.15443322417967e-10, 2.2576530907036146e-9, 0.34478013915312544, 1.7800534661775664e-9, 1.2734546381778034e-9, 1.6431777120820207e-9, 2.0758825651215296e-9, 2.119190674755123e-9, 9.21396290472955e-10, 0.3447801319964198, 2.851571072077789e-9, 0.07422845735320115, 0.22092849377478627, 2.084756464112814e-9, 1.0408058768803666e-9, 1.0372917955177746e-9, 3.546599482444529e-9, 1.3097672593353479e-9, 0.3447801354854934, 0.3447800991557927, 0.07420229964060686, 0.07420200696726295, 2.7549869496119353e-9, 0.34478013514130224, 0.0742020024395351, 2.032537990841318e-9, 0.07422846599366419, 0.0742022999540008, 1.2562257986716048e-9, 1.1144498358445355e-9, 0.07420200684236591, 6.043450113603253e-9, 0.07420229836649611]
v_opt: [0.42586077365547487, 0.6552198533813213, 0.4293132215039008, 0.11887334156091083, 0.04880943891573266]
solution time: 0.01548910140991211
McCormick lower bound: -6.935413772745468

