x_opt: [0.7680039139357019, 0.28503226934281306, 0.7680042417076518, 2.9304990689245337e-7, 0.7680040516288122, 0.23199591786422646, 0.7680040924058191, 0.5903284946230043, 0.4155861957237532, 0.23199574833430694, 0.2319960397112349, 0.5844137883253382, 0.23199592425516763, 0.23199589909864982, 0.2319958011531277, 0.2850323145848343, 2.7838447748199655e-7, 8.997881734979889e-9, 0.2319957905259084, 0.23199578815116945]
w_opt: [0.7680039113462844, 0.5360079665336586, 3.082754467416851e-9, 2.1247314902022967e-9, 0.3524177036912106, 0.23199591443019263, 4.669265341214023e-9, 6.2187104703848625e-9, 2.7455295250063236e-7, 5.495490770038646e-9, 1.1684671654030362e-9, 0.05303651299859487, 0.053036351782120995, 0.2850322546782792, 0.2319957466375279, 0.23199589647706953, 9.778378774581578e-9, 0.28503226686530697, 2.86258487741103e-7, 0.5360083353123883, 0.3583327395989201, 3.95778662649252e-9, 0.3524180380893348, 0.285032299592571, 7.027480670762262e-9, 6.601177733647424e-9, 0.23199578833329995, 3.198559380427516e-8, 2.2418470612254757e-9, 1.728829191540186e-8, 2.889781555095875e-7, 2.906381935356418e-7, 2.7313953756722634e-7, 1.3498197928572236e-9, 4.192168361725362e-8, 2.762772425865225e-7, 1.8464988568632232e-9, 2.816046402184556e-9, 0.41558619443500655, 3.830175036078766e-8, 2.4165128202831614e-9, 1.568520716131587e-9, 3.078549029498163e-9, 2.540614070308016e-7, 1.6712466855200774e-9, 0.23199591474996561, 0.23199590433103992, 7.1151690822661415e-9, 0.23199591455813734, 0.23199588942161162, 2.1289061648442403e-9, 0.23199591645740228, 2.0154734208080366e-9, 5.6939604917647886e-9, 0.2319957887739721, 4.825779613329316e-9, 0.5844137869011323, 1.6131222007458599e-6, 3.431542300319244e-9, 4.776411209902412e-9, 1.8279075730681016e-8, 0.4155861925010958, 2.17059021622506e-9, 0.23199579340814386, 2.755305373002421e-7, 0.23199578807053642, 4.697385846940488e-9, 1.0723139870807611e-9, 2.201238310212897e-9, 0.23199592244760026, 3.2361428105502346e-9, 1.6972569209903791e-9, 2.296295117179988e-9, 3.06727498842932e-9, 3.6804177609727796e-9, 1.3358424305620825e-9, 0.23199574670988718, 6.475108292546312e-9, 0.23199571978679703, 0.2319960370494483, 2.4695927884409227e-9, 1.6620025345390268e-9, 1.8331405837124985e-9, 3.6442454226797554e-9, 1.4610039113930516e-9, 0.23199579980920218, 0.23199589394406436, 0.23199578563093556, 2.664544996391915e-7, 2.4912159325682182e-9, 0.23199579747815802, 2.6803425167651893e-7, 3.97586942734052e-9, 0.23199578759546122, 0.23199578667369103, 1.5669752828377134e-9, 1.4329931760105196e-9, 2.732372943835265e-7, 6.626315425442971e-9, 0.23199578119471856]
v_opt: [0.5903284919865786, 0.7680042399114747, 0.5898302327996323, 0.05382203259013242, 0.05382218114782381]
solution time: 0.012201070785522461
McCormick lower bound: -3.518200110559968

