x_opt: [0.7426734370091352, 0.2573265310357515, 0.7426734810132886, 0.08362955344762242, 0.7426734303397349, 0.2573263901978689, 0.7426736146488326, 0.6969075867767482, 0.4344811464251549, 0.2573265149384696, 0.201935707647383, 0.5655188526321918, 0.2573265622032257, 0.2573263850821818, 0.257326552082674, 0.25732675978769826, 0.08362954811345498, 1.698281502132451e-8, 0.08362959762665984, 0.083629548381447]
w_opt: [0.7426734340947232, 0.48534687007997934, 4.555096047722466e-9, 4.833403320427277e-9, 0.3081922926147991, 0.2573265477574426, 4.386095866380964e-9, 1.5850111995702503e-7, 0.08362954137914527, 1.0374873550659694e-8, 3.8627452631681085e-9, 1.4421070075904961e-8, 2.6617304797675355e-8, 0.25732651024306125, 0.2573265106402333, 0.25732637514857426, 2.1904484150304002e-8, 0.2573265279829635, 0.08362954285379147, 0.48534709886213756, 0.4395810709531985, 9.777078839593709e-9, 0.3081923478905265, 0.25732674687498436, 1.4344009088509747e-8, 1.4282754102529133e-8, 0.0836295945031267, 9.393420544111041e-9, 2.293967719848012e-9, 1.6879985698007904e-8, 0.08362954807646343, 0.08362954819480169, 0.08362952015490731, 3.2570329147011497e-9, 1.4674715852722759e-7, 0.08362954381622296, 3.8602714729351814e-9, 7.873150747361173e-9, 0.4344811436910238, 1.6962306041809402e-8, 3.4678848931516325e-9, 4.950609214829592e-9, 7.548023267902797e-9, 0.08362949459251577, 3.088358648792869e-9, 0.2573263774794696, 0.2573263767075212, 6.108837963477607e-9, 0.25732638536425667, 0.25732633937689064, 6.995571675902749e-9, 0.25732638659867935, 4.293903619039541e-9, 9.895111775003227e-9, 0.08362959290850197, 7.5313900311566e-9, 0.5655188476354281, 2.0180480970178845e-6, 5.001073095919089e-9, 8.348870139129578e-9, 1.824653628440807e-8, 0.43448114300506246, 4.224107906009803e-9, 0.25732654115147163, 0.08362954187690537, 0.08362959339281692, 4.156984263598622e-9, 3.180039047710112e-9, 1.1085327354775003e-8, 0.2573265591314325, 6.164017231562235e-9, 3.4664533452604644e-9, 5.154178031135321e-9, 9.422670310290468e-9, 8.509215491195702e-9, 3.213573454135475e-9, 0.25732651064379297, 5.825848608851127e-9, 0.08362957289348034, 0.20193570450245923, 5.253490424200338e-9, 3.5799494289085893e-9, 4.3634918335118845e-9, 6.288309185238144e-9, 3.3806048360230163e-9, 0.2573265490382771, 0.25732646991999175, 0.08362954353877018, 0.08362952961888305, 6.394447980719262e-9, 0.25732654570633107, 0.08362951918862865, 4.843697780045571e-9, 0.08362959259793462, 0.08362954360086616, 3.2888851708607633e-9, 3.4870575443089885e-9, 0.08362947825980353, 1.341945172418018e-8, 0.08362954586892897]
v_opt: [0.6969075838987556, 0.7426734768946419, 0.5515638884650998, 0.06621704106298487, 0.04077810762141114]
solution time: 0.015666961669921875
McCormick lower bound: -5.47574446944252

