x_opt: [0.7843448678461155, 0.2156560527163639, 0.7843450615279105, 0.1669787620001729, 0.7843437253440984, 0.21565465395142816, 0.7843468053136958, 0.5925462605806457, 0.3197056492940213, 0.21565515180027067, 0.21565512989968913, 0.6802939096380125, 0.2156561357653305, 0.21565318325170793, 0.21565535813126033, 0.30585815729299226, 0.16697857085457196, 1.180778145099011e-7, 0.1669804442910293, 0.1669799493505743]
w_opt: [0.7843448270441037, 0.5686886087718834, 5.263823940901902e-8, 4.226715006301174e-8, 0.4646387980715028, 0.21565602916959864, 3.437291200683946e-8, 3.2992952057417774e-7, 0.1669785279982256, 7.626581876067043e-8, 2.4019679070348018e-8, 1.129760089549644e-6, 1.10860250409416e-7, 0.215655890843421, 0.21565512744912288, 0.21565312686676205, 1.4865681944513838e-7, 0.2156560264753234, 0.1669786965521619, 0.5686918842811848, 0.37689134562220317, 3.160518906609847e-7, 0.4646390738344128, 0.30585805127391, 8.292374705520245e-8, 1.0038386660795223e-7, 0.16698042549759326, 6.400794254859227e-8, 1.681161859952838e-8, 1.1854606099578825e-7, 0.16697872982421505, 0.1669787238691013, 0.1669786427660048, 1.9677821261840607e-8, 6.393302025824123e-7, 0.16697854346179755, 2.3173598196682417e-8, 4.3362564850807984e-8, 0.3197056342229796, 7.352493840523703e-8, 1.3146635358239593e-8, 3.345175891003933e-8, 3.763788072032206e-8, 0.16697827838007262, 1.9275722108796714e-8, 0.21565458270046267, 0.21565451317514864, 4.3181614011065346e-8, 0.21565461931787022, 0.21565303197482058, 4.1636069523404186e-8, 0.21565463423342723, 2.7109698268337707e-8, 7.456311841489181e-8, 0.1669804202962504, 5.4765183142517426e-8, 0.680293883903793, 1.1357420148985732e-5, 3.390088614328117e-8, 5.216577139013102e-8, 1.275971916092902e-7, 0.3197056255336974, 2.680477367959206e-8, 0.21565528667915537, 0.16697853472548368, 0.16698041570967304, 3.110768438350373e-8, 1.8855194904570845e-8, 1.7057987549542836e-7, 0.21565610698029486, 3.605726750122286e-8, 2.2652930606032773e-8, 3.1682258626456e-8, 4.862628709550573e-8, 5.156327513363315e-8, 1.9162245551142645e-8, 0.21565512983012058, 4.9921078070894916e-8, 0.166980335601341, 0.21565511210915747, 3.625723695151405e-8, 2.2096231434764468e-8, 2.4786932177317547e-8, 4.136021626514427e-8, 2.2251630688654688e-8, 0.21565534092258629, 0.2156558592174584, 0.16697991919900423, 0.16697849316099167, 4.0575647562968215e-8, 0.21565533460562367, 0.16697843986047659, 3.503742899478383e-8, 0.16698041263438143, 0.16697992326900177, 2.1971452922700734e-8, 2.168377177008841e-8, 0.16697846366687338, 9.564915661793806e-8, 0.16697988242925482]
v_opt: [0.592546241646545, 0.7843450337803283, 0.6151953082071668, 0.0465075823046752, 0.04650784710851813]
solution time: 0.012475013732910156
McCormick lower bound: -5.124867608583482

