x_opt: [0.7992648131433313, 0.2007351975885113, 0.7992648297404159, 0.2007351203159204, 0.7992647472523677, 0.20073523590626186, 0.7992648144117568, 0.5464330986826808, 0.28127244591316664, 0.2007351728770613, 0.19795168007265912, 0.7187278606965775, 0.20073524533122783, 0.20073518413894909, 0.2007351335306006, 0.3345436440819742, 0.20073511820860881, 6.573298874654253e-9, 0.20073509805161985, 0.2007350950149184]
w_opt: [0.7992648119121767, 0.5985295614207613, 2.0311171026603016e-9, 1.6622272794276806e-9, 0.5179926750667142, 0.2007352387688764, 2.3670958170308925e-9, 5.670382875399849e-9, 0.20073511551503054, 3.895535801099811e-9, 1.3624939655297109e-9, 2.8300955275682627e-8, 9.563601307651023e-9, 0.20073519001114148, 0.20073517127873863, 0.20073518031845566, 7.329980136800884e-9, 0.20073519650957686, 0.20073511622220527, 0.5985296452735335, 0.345697929839938, 6.75276958809028e-9, 0.5179926961598667, 0.3345436382846709, 4.620253406157925e-9, 5.390732611752638e-9, 0.20073509682781884, 3.1529738793027153e-9, 1.0378794327793648e-9, 5.857831068719354e-9, 0.2007351184243683, 0.20073511828550697, 0.200735111127939, 1.2017407937160444e-9, 2.576558509099021e-8, 0.20073511673573463, 1.3577181206830515e-9, 2.54735550802955e-9, 0.28127244496300163, 6.483166041224127e-9, 1.4418373194199873e-9, 1.6844718384904396e-9, 2.2715753045435384e-9, 0.20073509911352808, 1.1075448433426027e-9, 0.20073523140123245, 0.20073523042645347, 2.5854346348060554e-9, 0.2007352335053114, 0.20073517899421905, 2.328379913721748e-9, 0.20073523449155095, 1.6362103359045568e-9, 3.820553792325059e-9, 0.20073509644395682, 2.933579921636856e-9, 0.7187278590862589, 1.8983836971332882e-7, 1.7210567373598134e-9, 2.7078040845836287e-9, 5.113714163942747e-9, 0.28127244446447797, 1.5984423806266964e-9, 0.20073512882261074, 0.2007351161912067, 0.2007350963587189, 1.8657194733112623e-9, 1.2520130632654114e-9, 3.0881116679947244e-7, 0.20073524392312414, 1.914954810941409e-9, 1.3820453714390912e-9, 1.7907870975970164e-9, 2.8222577019500368e-9, 2.812503253544434e-9, 1.1184138174072616e-9, 0.20073517121943882, 2.7597502566190862e-9, 0.2007350855599804, 0.1979516786582722, 1.957901768027797e-9, 1.189927402215798e-9, 1.5505179091360596e-9, 2.912624064688866e-9, 1.29302735074863e-9, 0.2007351322596533, 0.20073522436897898, 0.2007350930370792, 0.20073511239122196, 2.2114676095336363e-9, 0.20073513167571863, 0.20073510612220938, 1.989815205718823e-9, 0.2007350955942302, 0.20073509344102694, 1.2344371589346285e-9, 1.3544327794913727e-9, 0.20073509051511165, 5.0119688491593525e-9, 0.20073509320853467]
v_opt: [0.5464330974884681, 0.7992648281755412, 0.6388241878274675, 0.04029462247661717, 0.039186720848653635]
solution time: 0.04286384582519531
McCormick lower bound: -4.799870716792531

