x_opt: [0.3037685641902103, 0.06800552872542917, 0.9319944825824292, 0.20013448744192763, 0.7998655128831856, 0.06800552872173081, 0.696231435914443, 0.8699919492823435, 0.799865512745534, 6.225964928171817e-9, 0.13000805076098068, 0.6962314354673562, 0.06800552932365969, 0.06800552881314917, 0.06800552498892429, 0.2958516481218734, 0.20013448060928757, 2.705352324003218e-9, 0.06800552759811973, 0.06800552693183276]
w_opt: [0.30376856379352213, 0.10363407730698417, 6.386307619316665e-10, 4.4381211087462814e-10, 5.506883687297193e-10, 0.0680055199228254, 2.1200352504261426e-9, 3.1168360349321464e-9, 0.20013447979450139, 1.679044667976001e-9, 2.62160817544601e-10, 1.1670490666666892e-8, 0.06800524012136581, 0.06800552659494652, 5.4584770799242734e-9, 0.06800552750008086, 4.211331809622788e-9, 0.06800552835441898, 0.20013448550473895, 0.6282259189104316, 0.8699919471144, 8.06694845347007e-10, 0.6282259207442396, 0.2958516458451349, 0.13212896425866463, 8.229935627069465e-10, 0.06800552680366205, 1.0259308916291025e-8, 1.1155853378024518e-9, 3.6713657302681956e-9, 0.2001344865530039, 0.2001344869086636, 4.241594397887118e-9, 6.107822913154024e-10, 8.561699607424175e-9, 0.20013448005621337, 4.4583509122025315e-10, 8.810802416858527e-10, 0.7998655123114642, 2.526724557859216e-9, 4.191577784670644e-10, 4.957554070760116e-10, 6.26151632525743e-10, 0.20013446901359905, 5.576194658764785e-10, 0.06800552782218852, 0.06800552257972044, 1.4165298415728545e-9, 0.06800552790243677, 0.06800552658187498, 5.574975755395404e-10, 0.0680055278829174, 8.522910910771201e-10, 1.6346875777899763e-9, 0.06800552618361047, 6.482820007264449e-10, 0.6962314346884514, 3.194948302274773e-8, 4.415909119103075e-10, 5.972194188112691e-10, 4.5544411751767075e-9, 0.799865511013258, 1.0482414103166327e-9, 0.06800551395665334, 0.2001344800762695, 0.06800552716908177, 6.751699655133537e-10, 4.6123855220651246e-10, 0.4960969491376336, 0.06800552809320627, 6.873702343592781e-10, 4.77186099641641e-10, 7.039793927270642e-10, 1.949846099031239e-9, 1.1888623806015433e-9, 4.401725982466188e-10, 4.409988513829698e-9, 1.076450025281784e-9, 3.3375482485280476e-9, 1.63247679682841e-9, 6.173583487443207e-10, 4.125959108730277e-10, 7.83333948323761e-9, 7.93329061352469e-10, 3.430763642443228e-10, 0.06800552433597483, 0.06800552266050988, 0.0680055263993042, 4.689716629538054e-9, 4.4520343945866746e-10, 0.06800552395352176, 0.06800552114304478, 1.1330621109746428e-9, 0.06800552400621215, 0.06800552435667352, 3.2957686394609787e-10, 5.15352048471123e-10, 0.06800552574760958, 1.6583917718496754e-9, 0.06800552650085333]
v_opt: [0.8699919488093474, 0.9319944822482673, 0.639785017855837, 7.062278617170263e-10, 0.016902094584998802]
solution time: 0.014288902282714844
McCormick lower bound: -2.3392486971188444

