x_opt: [0.3375143825703419, 0.11452693816878265, 0.8854759256009469, 0.11452654189882357, 0.8854731276477307, 0.11452629172299565, 0.8854715344692768, 0.8854763076476222, 0.8854729227184843, 0.114524149051878, 0.11452240537901784, 0.7638130421597439, 0.11452625369144387, 0.11452685445221807, 0.11452349855303118, 0.3745347765263112, 0.11452578020167767, 4.585222429804397e-8, 0.1145234955077906, 0.11452349115611184]
w_opt: [0.3375143701075075, 0.22298751498970493, 1.65409350555189e-8, 8.19929257954879e-9, 0.10132743218332894, 0.11452619589963252, 1.2598652932023043e-8, 3.005608928539186e-8, 0.11452576473179056, 2.9429420115714527e-8, 6.420824788848029e-9, 2.870822713323877e-6, 2.3485329350205755e-7, 0.1145268879676175, 0.11452413725233432, 0.1145268304544661, 5.2703926468260555e-8, 0.1145269323270967, 0.11452651122364224, 0.7709474656396422, 0.7709522498983797, 1.0064857618824837e-7, 0.6492890250761315, 0.3745347121638258, 1.7330816905996162e-6, 3.6191045794782225e-8, 0.11452348819848414, 1.9063176476059403e-8, 8.488264887558598e-9, 5.1628288208359706e-8, 0.11452653162950736, 0.114526530019401, 0.11452406384400211, 6.816109604036319e-9, 2.7567339906623155e-7, 0.11452577361948074, 6.915230060759864e-9, 1.1350877430179669e-8, 0.8854729169660371, 6.693887792655795e-8, 1.1565326177534747e-8, 1.1379620707323318e-8, 1.4376189222479285e-8, 0.1145255736262094, 5.580558534498741e-9, 0.11452626925133459, 0.11452623723871326, 1.8088859977575775e-8, 0.1145262345754192, 0.11452626742876362, 1.2548175877134633e-8, 0.11452628282576073, 1.0690297117165002e-8, 2.9686150052579418e-8, 0.11452348828717936, 2.160561776669132e-8, 0.7638130353007164, 1.90947765117504e-6, 7.565104492204263e-9, 1.2571098186226624e-8, 4.036439852844807e-8, 0.8854729101352569, 8.441737113113722e-9, 0.1145234360120144, 0.11452577092129322, 0.11452348653892018, 2.71776635721499e-8, 7.71373921736953e-9, 0.6492861547197196, 0.11452624001679047, 9.134390818849904e-9, 8.346940216389187e-9, 9.079036377336472e-9, 1.5576830294704706e-8, 1.706761719102961e-8, 5.640542330774833e-9, 0.11452413694885417, 3.987005028474772e-8, 0.11452337877765305, 0.11452239228518146, 1.2379046992263406e-8, 5.6042346379071865e-9, 9.37175698506385e-9, 1.832590982481079e-8, 7.06130686539253e-9, 0.11452348897441429, 0.11452612766684979, 0.11452348041538787, 0.11452570770182662, 1.0554664145025834e-8, 0.11452348394082404, 0.11452345164553457, 1.5045012517085322e-8, 0.11452343695435424, 0.11452347886305969, 6.704867826725385e-9, 8.339474472417835e-9, 0.11452345752756607, 3.4823669611597875e-8, 0.11452345902310532]
v_opt: [0.8854763003559294, 0.885475917937687, 0.7840658047122362, 0.01311595592748012, 0.013115465522177986]
solution time: 0.016417980194091797
McCormick lower bound: -3.52798147797775

