x_opt: [0.656271842113048, 0.347181985909038, 0.6562718400175083, 3.126946186783374e-8, 0.6562718166597495, 0.13765277677251553, 0.8623510133361544, 0.3885648724322931, 0.34372816121031224, 0.34372815151493386, 0.2747577326915695, 0.6562718356160295, 0.34372815551535896, 0.13764898726746633, 0.3437281512589957, 0.3471824255451322, 3.075023996441308e-8, 3.424005755230957e-9, 0.13764899093427985, 0.13764830103927853]
w_opt: [0.6562718388752597, 0.3125436591244466, 6.635557968399244e-10, 5.914329765745139e-10, 0.31254367818084927, 0.34372815372910154, 5.871389343571884e-10, 3.4353934132025904e-9, 2.9680615957165858e-8, 2.1933956008879343e-9, 4.517689016933252e-10, 0.0034538263383762017, 0.0034538045984480593, 0.3471819819623868, 0.3437281511198322, 0.13764898626155606, 2.1040827690428815e-9, 0.3471819853858439, 2.987711934892615e-8, 0.5186228537414409, 0.044836712887284094, 1.0495530466438934e-9, 0.31254367744775835, 0.3471824227035683, 2.0838362813409293e-9, 3.022373372458931e-9, 0.13764899046699888, 2.094471741036058e-9, 4.401818997994809e-10, 2.662637193219659e-9, 3.0459515739376393e-8, 3.0558893534422135e-8, 2.8336404633095857e-8, 3.480524133503669e-10, 6.983635827451191e-9, 3.012834960059788e-8, 5.821338544757605e-10, 7.500461890360634e-10, 0.34372816076587526, 3.4374930460641477e-9, 7.088239640223948e-10, 4.705469509304475e-10, 1.2075371866324615e-9, 2.5977154422916534e-8, 3.808447023794433e-10, 0.1376527755392868, 0.13765277471075066, 1.2096979718230109e-9, 0.13765277606826504, 0.13764898585803567, 7.188374626053028e-10, 0.13765277640149662, 4.782269593855301e-10, 2.2835222714658364e-9, 0.13764899050058765, 1.5015530289957797e-9, 0.6562718351338718, 0.20607920408710323, 1.5766878971256198e-9, 7.470790496284605e-9, 1.7348276370156905e-9, 0.34372816068244466, 6.172613526064143e-10, 0.34372815001976825, 2.9819340706801746e-8, 0.13764899015105275, 9.361502694525136e-10, 3.1228304011024826e-10, 6.352658827238457e-10, 0.34372815507474647, 8.565959277988811e-10, 4.85685878072596e-10, 7.250441542675951e-10, 7.731485161443743e-10, 8.606411675856489e-10, 4.1343514394497244e-10, 0.34372815099878234, 1.0934507488195132e-9, 0.13764898767947692, 0.27475773229920425, 8.564579412575156e-10, 4.813011415062848e-10, 4.5998094376587906e-10, 1.8302575046124897e-9, 5.148308446824775e-10, 0.34372815082432173, 0.34372814938047747, 0.13764830020351393, 2.9168102804483822e-8, 1.0016330834042308e-9, 0.3437281506073291, 2.805665767453945e-8, 1.025942172830171e-9, 0.13764899029322689, 0.1376483004824761, 4.867543934446771e-10, 4.2957554936820183e-10, 2.9143070636417915e-8, 2.8622207911780264e-9, 0.13764829823507913]
v_opt: [0.3885648718452763, 0.6562718393394341, 0.4306927898397416, 0.11814904700731452, 0.07549345122039201]
solution time: 0.01223611831665039
McCormick lower bound: -6.489721354353854

