x_opt: [0.7862772259114273, 0.31801001614563906, 0.7862772322067717, 0.21372186570256127, 0.7862772790488027, 0.2061136766547608, 0.7938863216754373, 0.4587133805223264, 0.26076857391878694, 0.2137227703950208, 0.21371724507943773, 0.7392314187201393, 0.21372276662601986, 0.20611367698199312, 0.2137227138355759, 0.31801002198981704, 0.20611367562808924, 1.4284752069236843e-8, 0.20611366611196727, 0.2061136517238107]
w_opt: [0.7862772218471238, 0.5725545075467644, 6.232123974481173e-9, 3.4253777818397697e-9, 0.5255086478843427, 0.21372275439998084, 3.2193412989530096e-9, 9.503438275722515e-9, 0.20611366819344112, 8.072401499494118e-9, 2.9602492898222206e-9, 0.10428725176540175, 0.1042873106198865, 0.31800999740772606, 0.21372276720894048, 0.206113670584655, 9.598227409388474e-9, 0.3180100118555757, 0.21372185609522695, 0.5801635559293712, 0.24499061539147995, 1.3081639100719071e-8, 0.5255086625014785, 0.3180100016809588, 1.0185070727886617e-8, 1.1929036391545743e-8, 0.20611366350851465, 7.752824671352504e-9, 3.3154331422462755e-9, 1.4355627518089605e-8, 0.21372186156133346, 0.2137218606003205, 0.21372185072749084, 2.1065469014754054e-9, 6.973727620411234e-8, 0.2061136734303451, 2.949939245188735e-9, 4.424163927067326e-9, 0.26076857159514316, 7.035941116348057e-8, 5.1039997057501204e-8, 2.7008293673971335e-9, 8.954005454191593e-9, 0.20611363743641706, 2.029589033105211e-9, 0.20611366848122778, 0.20611366544697307, 6.977660508337369e-9, 0.20611367105604744, 0.20611365916520535, 4.186185971078128e-9, 0.20611367416761392, 3.027922353009776e-9, 8.48008418540926e-9, 0.20611366322165203, 9.118634399748398e-9, 0.7392314159925162, 0.007609309968747208, 6.420178673434045e-9, 9.193304935551211e-9, 1.5438930591750155e-8, 0.26076857064384656, 3.5946100251778375e-9, 0.2137227052403845, 0.20611367095105027, 0.2061136610357858, 6.767125690913738e-9, 2.154626873066705e-9, 4.581413275988728e-9, 0.21372276372892568, 3.774365275129369e-9, 3.302171580517892e-9, 3.409988477051363e-9, 3.816798766607628e-9, 4.259947183209275e-9, 2.002344246438387e-9, 0.2137227628074724, 8.581893735893158e-9, 0.2061136478618992, 0.21371724260507233, 4.185583950909909e-9, 2.3675335373264394e-9, 2.172773667106519e-9, 7.578701809086207e-9, 3.0374873799472188e-9, 0.21372271078431432, 0.21372271891091363, 0.20611364563663123, 0.20611365799719214, 5.560341526221704e-9, 0.2137227088135849, 0.20611366160424824, 4.818334867006359e-9, 0.20611366102338005, 0.2061136494166839, 3.071369326651953e-9, 2.616678602429558e-9, 0.20611363922497342, 1.0740515515205452e-8, 0.20611364707100516]
v_opt: [0.458713376969158, 0.7862772275992951, 0.6182320296192262, 0.045677646123660536, 0.045675069317801666]
solution time: 0.015475988388061523
McCormick lower bound: -6.496397201385006

