x_opt: [0.7908458099985265, 0.31481589452220893, 0.7908458430890385, 0.20915328113230672, 0.7908458474485287, 0.2091538263845073, 0.7908461767609835, 0.47072765539239647, 0.26667541368693226, 0.209154166445636, 0.2091541921384891, 0.7333245568101219, 0.20915416161935851, 0.2091538182766816, 0.20915404209144256, 0.31481590007078314, 0.20915324472654004, 7.345309425983933e-9, 0.20915382122607548, 0.209153817065544]
w_opt: [0.7908458083094958, 0.5816916584089168, 1.5442857295105457e-9, 3.07869942830093e-9, 0.5241703681436076, 0.20915415461239195, 2.0230210853432953e-9, 5.0988841367714035e-9, 0.20915324121238635, 4.346757376440498e-9, 1.2457898753161042e-9, 0.1056617391039573, 0.10566175307982768, 0.31481588292885215, 0.20915416501241477, 0.20915381562213398, 6.98875694745037e-9, 0.3148158926776079, 0.20915327572949213, 0.5816920208705468, 0.2615735001435692, 1.4658545515342379e-8, 0.5241704062726961, 0.31481588958021495, 5.669038780365659e-9, 6.019802853431295e-9, 0.20915381977484734, 4.2853449375579975e-9, 1.6236752204099645e-9, 1.2166176001333846e-8, 0.20915327861378527, 0.20915327911297643, 0.209153271705591, 1.1208624609167399e-9, 4.6845442254672746e-8, 0.20915324336861718, 1.5649799184572579e-9, 2.338317537623183e-9, 0.2666754126335241, 3.1909818937179594e-8, 1.1534937117251396e-8, 1.3477690352227293e-9, 2.67591070898829e-9, 0.20915322042964682, 1.1729744219567865e-9, 0.20915382292774504, 0.2091538188326857, 4.256775701076161e-9, 0.2091538242305162, 0.20915381002836217, 2.12804846476623e-9, 0.2091538252075308, 1.6101893190845076e-9, 4.5685020167708416e-9, 0.20915381974717928, 4.5341669281699945e-9, 0.7333245555679293, 6.83193790071738e-7, 2.733532353195454e-9, 6.195463496012113e-9, 1.4672972679737845e-8, 0.2666754118313216, 1.8304027919858506e-9, 0.2091540371257202, 0.2091532423309808, 0.20915381901463292, 3.3833441988034784e-9, 9.84693369474372e-10, 1.9913454623699694e-9, 0.20915416038993753, 2.2695454878015333e-9, 1.557185357422203e-9, 1.8672048097773396e-9, 2.3085870041634664e-9, 2.7153228206104806e-9, 1.0590933260424396e-9, 0.20915416049112132, 4.440001309734917e-9, 0.20915381010191955, 0.20915419066610524, 2.1657371138110194e-9, 1.3179060753458724e-9, 1.268280319513975e-9, 3.3402552026682505e-9, 1.3929833705079962e-9, 0.20915404089524428, 0.20915413627441176, 0.20915381474547912, 0.20915323817516296, 2.5358667421947337e-9, 0.20915403959625767, 0.20915323620408524, 2.7845219400659285e-9, 0.20915381916174058, 0.20915381598424046, 1.4596863935844075e-9, 1.2704455679349661e-9, 0.20915324044253425, 5.6324475124272596e-9, 0.20915381500566987]
v_opt: [0.47072765360122243, 0.790845841301263, 0.6254372348527668, 0.04374552687331185, 0.04374589223730895]
solution time: 0.015172004699707031
McCormick lower bound: -4.748114167514065

