x_opt: [0.7031576638689983, 0.29684233639922075, 0.7031576638741989, 0.12478598415650452, 0.7031576639838482, 0.15833260772959218, 0.8416673922973402, 0.4382416164707013, 0.2968423366328385, 0.2968423361054281, 0.23814316518312004, 0.7031576633730545, 0.2968423361440413, 0.15833260770321206, 0.2968423361101531, 0.3446186829029378, 0.12478598414873783, 2.292654496875848e-11, 0.12478778662199552, 0.12478598410936893]
w_opt: [0.7031576638616067, 0.4063153277178311, 8.063154267625622e-12, 5.702441063944316e-12, 0.4063153272464259, 0.2968423361257517, 4.667632525665445e-12, 2.4251727969859977e-11, 0.12478598413910862, 1.35272125025413e-11, 4.981076973191839e-12, 2.768693959492282e-10, 2.680879510076816e-10, 0.29684233637209256, 0.2968423361143393, 0.15833260769222204, 1.9329237306149127e-11, 0.2968423363953398, 0.12478598414335797, 0.5448250561749393, 0.14139928034851415, 1.454803077813028e-11, 0.40631532726459685, 0.3446186828821417, 1.6117303425162297e-11, 1.9592840828285485e-11, 0.1247877866182299, 1.1812699775697792e-11, 3.5777489597225743e-12, 1.8751581217354025e-11, 0.12478598415039349, 0.12478598414930622, 0.124785984130552, 3.528804821511628e-12, 8.805507304177014e-11, 0.12478598414428113, 4.669698602311319e-12, 7.818991438177912e-12, 0.29684233662939, 2.622923782813571e-11, 6.3128232134625745e-12, 4.935326222873154e-12, 9.4897860161247e-12, 0.12478598409299452, 3.3176268799207768e-12, 0.15833260771426141, 0.1583326077133462, 8.546041956557678e-12, 0.15833260772236082, 0.1583326076820521, 7.661071126005774e-12, 0.1583326077255302, 4.858856605667055e-12, 1.3527266854183009e-11, 0.12478778661755406, 1.16395782070256e-11, 0.7031576633680131, 0.13850972860602684, 8.289285264655402e-12, 9.964630780232718e-12, 1.5155904593589244e-11, 0.29684233662848186, 5.3713657651124265e-12, 0.2968423360972243, 0.12478598414148702, 0.12478778661558024, 6.84055371388639e-12, 3.71598462631585e-12, 1.5221750261599193e-11, 0.2968423361398693, 6.235496664009938e-12, 4.6849948301079055e-12, 5.813534716871931e-12, 7.511903934480338e-12, 7.888891263472351e-12, 3.468467574093294e-12, 0.29684233611354394, 9.294873793054129e-12, 0.12478778659171857, 0.23814316519085793, 6.77000474973846e-12, 3.872450410666495e-12, 4.032038404867827e-12, 1.0901256421709999e-11, 4.631700234195033e-12, 0.2968423361056771, 0.2968423360500297, 0.12478598410177448, 0.12478598413490626, 8.583197604609614e-12, 0.2968423361041846, 0.12478598412431063, 6.635943405179566e-12, 0.12478778661468001, 0.12478598410482664, 4.413619014758391e-12, 4.290418564070087e-12, 0.12478598409021407, 1.803510399326586e-11, 0.12478598410438647]
v_opt: [0.43824161646649656, 0.7031576638678939, 0.4944307082873298, 0.08811537577017493, 0.056712167884259757]
solution time: 0.012234926223754883
McCormick lower bound: -6.440019839549844

