x_opt: [0.7446646560984579, 0.3321194491344809, 0.7446646574189322, 0.1759757419089605, 0.7446646605529164, 0.1759757415876657, 0.8240242594640081, 0.4141271825634104, 0.2610963527804388, 0.2553353417622084, 0.23434124083005545, 0.7389036455325069, 0.2553353420752587, 0.17597574013377867, 0.25533533674692155, 0.33211945151446465, 0.17597573547860482, 3.5132582339900394e-9, 0.17597573793217494, 0.1759757333422109]
w_opt: [0.7446646551890933, 0.48932931720292355, 1.2788385541963034e-9, 8.203914562097169e-10, 0.48356830235654097, 0.25533533925770846, 7.726011384384928e-10, 2.630935145123712e-9, 0.17597573379690928, 2.021195083997698e-9, 6.821095896056347e-10, 0.07678410725421586, 0.07678411330069847, 0.33211944470637855, 0.2553353416208576, 0.17597573863413046, 2.4240735586516956e-9, 0.3321194482463156, 0.17597573969474306, 0.5686889173611984, 0.15879184059301688, 2.3989983496015764e-9, 0.48356830561645026, 0.33211944720444964, 2.4482710295859842e-9, 2.948995264826258e-9, 0.17597573730717417, 1.834467233448978e-9, 7.189824135056451e-10, 3.350348049960768e-9, 0.1759757408953522, 0.17597574076928688, 0.1759757382254805, 5.074342581554394e-10, 1.5680299267695993e-8, 0.175975734911849, 7.157005116428704e-10, 1.07553688485682e-9, 0.2610963522234818, 8.578117030820674e-9, 3.880684872733453e-9, 6.543924003727831e-10, 1.7920529687591183e-9, 0.17597572673265435, 4.955926899289699e-10, 0.17597573968047253, 0.17597573890215806, 1.597473982923801e-9, 0.17597574036862965, 0.17597573661997978, 1.0007900573536005e-9, 0.1759757410013437, 7.171051294764238e-10, 2.1010312128576616e-9, 0.1759757372261336, 2.0215693156888843e-9, 0.7389036448663984, 0.0793596507576952, 1.3649155199841986e-9, 2.2751781460836867e-9, 3.5520464253747174e-9, 0.2610963520142725, 8.471730260088803e-10, 0.2553353347398545, 0.17597573433807848, 0.17597573679113582, 1.4323454880921924e-9, 5.026564081644007e-10, 1.06860874980342e-9, 0.25533534142528913, 9.41950618522746e-10, 7.551517238767552e-10, 8.42036183053389e-10, 9.58785641673314e-10, 1.062725749455912e-9, 4.881495427042193e-10, 0.2553353409893592, 1.8083367430663035e-9, 0.17597573349389228, 0.23434124023353264, 1.0105540535160555e-9, 5.822711095547237e-10, 5.382381274897562e-10, 1.6861715359312983e-9, 7.065798259004319e-10, 0.25533533603232095, 0.2553353306779612, 0.1759757320150176, 0.17597573242475237, 1.2988128409067283e-9, 0.2553353356224274, 0.1759757320166414, 1.1545597711174294e-9, 0.1759757368032888, 0.1759757327750862, 7.093891428028814e-10, 6.195505675819604e-10, 0.17597572997436178, 2.6767764171309845e-9, 0.17597573235334021]
v_opt: [0.4141271817536728, 0.7446646563623806, 0.5545255979285394, 0.06519613743475557, 0.05491582404840917]
solution time: 0.014004945755004883
McCormick lower bound: -6.277646045447085

