x_opt: [0.7253641417409353, 0.27463611252943115, 0.7253641423418911, 0.23294292445638123, 0.7253641415934836, 0.2329423371536983, 0.7670574477386001, 0.6267278666043578, 0.33796828131501727, 0.27463583530641894, 0.19520983374833245, 0.662031606596044, 0.274635856153964, 0.23294256281633086, 0.2746357913398849, 0.27463621756864515, 0.23294259252413227, 6.674354426941759e-8, 7.172639196161033e-6, 7.108675342490725e-6]
w_opt: [0.725364105689693, 0.45072829289323857, 2.6239571444728754e-8, 1.5221779388320992e-8, 0.38739575925758507, 0.2746358055234052, 1.0111252676272552e-8, 9.284675766902069e-8, 0.23294256986169817, 4.206136496044173e-8, 1.4488549031949352e-8, 2.623307347323954e-7, 3.293481573624446e-7, 0.2746360205759502, 0.27463582392483654, 0.2329425340634307, 7.308366272454903e-8, 0.27463610405150896, 0.23294288921913206, 0.49242159861251444, 0.3520920171615728, 5.776307594304947e-8, 0.38739580710209404, 0.2746361687322699, 3.720764393616538e-8, 5.9366411541381094e-8, 7.164776976699194e-6, 3.28995421971553e-8, 7.2082232990760665e-9, 6.343475744226574e-8, 0.23294291136160702, 0.23294290605136175, 0.23294284450158428, 8.790723729071476e-9, 4.184757336558511e-7, 0.23294258512916893, 1.1318972711872907e-8, 2.1144329997547654e-8, 0.337968274111282, 8.705691694255219e-8, 2.0056466647539086e-8, 1.2300888591706184e-8, 3.1021834876083906e-8, 0.23294236286976944, 7.423985382437718e-9, 0.23294226956558955, 0.2329422963141342, 1.7781313248493953e-8, 0.23294232086779973, 0.23294227625698208, 2.602102944558011e-8, 0.23294232745667817, 1.2657578111469017e-8, 4.1612554397100494e-8, 7.162293242310876e-6, 4.2538540583443236e-8, 0.6620315941219733, 0.041694633738244176, 2.640743629930952e-8, 2.6349513457685758e-8, 4.042508246640016e-8, 0.3379682722452419, 1.2782512753426416e-8, 0.2746357615870935, 0.23294257661616327, 7.158811071016747e-6, 1.4837637779510972e-8, 1.0570929449917435e-8, 6.954954033257823e-8, 0.2746358450770818, 1.3872797845883205e-8, 1.1069601614494121e-8, 1.506572486881084e-8, 2.3569018414505687e-8, 2.336562547374046e-8, 7.547156163095054e-9, 0.27463581627922484, 2.3381328620020932e-8, 7.099907997330957e-6, 0.19520982608331083, 2.0830431598393715e-8, 8.825216148642553e-9, 8.97051047909477e-9, 2.2269712325744507e-8, 1.2045394776663924e-8, 0.2746357801965328, 0.2746350146932375, 7.090868075621722e-6, 0.23294249809342923, 2.5499625148283573e-8, 0.2746357780621765, 0.23294252445971497, 1.5997934554422406e-8, 7.1546929912313475e-6, 7.0947525029204666e-6, 1.0661952472316746e-8, 1.1697689633211801e-8, 7.0512649203058775e-6, 5.626982059842491e-8, 7.029929504810086e-6]
v_opt: [0.6267278583552354, 0.7253641284760166, 0.52615336096415, 0.0754248781708195, 0.038107049690665]
solution time: 0.013710975646972656
McCormick lower bound: -6.827059185666288

