x_opt: [0.6353518426538701, 0.3646483178727731, 0.6353518427667152, 2.5116211152882354e-7, 0.6353518434739696, 0.15944911785275817, 0.8878491367325531, 0.3646486353001398, 0.36464814852756827, 0.3646481326434001, 0.22868341754794885, 0.6353518090657165, 0.36464813950525804, 0.11215086966036902, 0.3646481345613074, 0.3646483412846338, 2.473050688526008e-7, 1.4429333972451283e-8, 0.11215084762790185, 0.11215080116304177]
w_opt: [0.6353518372626528, 0.2707036882970515, 3.484116811751607e-9, 3.5373504329645037e-9, 0.2707036541312459, 0.36464812963995047, 3.2202221300112026e-9, 1.97037805554058e-8, 2.412910600618951e-7, 8.862416335845351e-9, 2.9867913908958006e-9, 1.6288893088040439e-7, 1.7601323202371123e-7, 0.3646482888773177, 0.36464813042356914, 0.11215086409707224, 1.1136980692666258e-8, 0.36464831507955814, 2.4348123957926603e-7, 0.5232009814279904, 4.800545372081291e-7, 5.3623819749878066e-9, 0.27070366142638047, 0.36464832777734246, 1.2999568348707945e-8, 1.260693468634058e-8, 0.11215084535700665, 1.8071105709895124e-8, 2.2800397071929565e-9, 1.472607625656393e-8, 2.4664462223720795e-7, 2.4685635342849246e-7, 2.30666577181517e-7, 1.8562013779903864e-9, 5.7136919926521736e-8, 2.4415026001038263e-7, 3.0361397156642015e-9, 4.1369925157332716e-9, 0.36464814600895606, 2.0901705100403923e-8, 5.331171462369764e-9, 2.8911896485177065e-9, 9.098523744576726e-9, 2.1707443768810958e-7, 1.8767349059636024e-9, 0.15944911057755906, 0.15944910709174398, 5.6710727849818494e-9, 0.15944911396439826, 0.11215085699740393, 3.882478069681716e-9, 0.15944911600381084, 2.5863704093083955e-9, 9.066940351292812e-9, 0.11215084541283231, 1.0068000896614902e-8, 0.6353518063726322, 0.25249817321578694, 1.0740857386162043e-8, 1.217706251248318e-8, 5.522207282147784e-9, 0.36464814587924294, 3.388217952984457e-9, 0.3646481285036437, 2.4192560797841834e-7, 0.1121508437217866, 5.178138719720315e-9, 1.71490592075739e-9, 2.921895123330056e-9, 0.36464813714482, 4.5347226699557114e-9, 2.628671750197627e-9, 3.639784205781859e-9, 4.4870283879280946e-9, 4.660431506818953e-9, 2.1103323371862374e-9, 0.36464813034578847, 5.7435542147404265e-9, 0.1121508319868596, 0.22868341570262604, 4.355671803671783e-9, 2.7161895889989116e-9, 2.2170020376898757e-9, 7.336137755576392e-9, 2.6733854505224454e-9, 0.36464813179964223, 0.3646480831444436, 0.11215079622314374, 2.390910519399421e-7, 6.670315972302685e-9, 0.3646481308348706, 2.3116333900030292e-7, 4.483609158143791e-9, 0.11215084458639896, 0.11215079641326886, 2.7685744468285207e-9, 2.2233708304358114e-9, 2.398437691520285e-7, 1.184384026088481e-8, 0.11215079089624409]
v_opt: [0.36464863230247224, 0.6353518389737012, 0.40367197637548646, 0.132968264549497, 0.05229618668376048]
solution time: 0.01216578483581543
McCormick lower bound: -7.5704211417366185

