x_opt: [0.7907621640910889, 0.31520550425084704, 0.7907623531786359, 0.20923772712163252, 0.790761956753023, 0.2092378834018885, 0.7907620935894307, 0.4702587463069636, 0.2669187401975679, 0.2092376259916545, 0.20813428476451118, 0.7330812305270531, 0.20923794918777955, 0.20923782868846946, 0.2092377046641073, 0.31520555491110464, 0.20923760432973657, 2.7326270506826336e-8, 0.2092376647912529, 0.2092376618316365]
w_opt: [0.7907621514255982, 0.5815241233871131, 8.62671074206547e-9, 3.3638792958714547e-9, 0.523843398859535, 0.2092379155867688, 1.057663099872245e-8, 4.361543432946339e-8, 0.20923759346107618, 1.6951873937635212e-8, 4.483597352580928e-9, 0.10596786265993871, 0.10596754719114111, 0.3152054612183214, 0.20923762106460228, 0.2092378207360105, 2.964307419314286e-8, 0.3152054996730668, 0.20923770660103647, 0.5815244497110935, 0.26102110638526876, 2.0732885956576367e-9, 0.523843610347751, 0.3152055029974775, 3.027870168213774e-8, 2.2639951373536637e-8, 0.20923766032781196, 3.2788506247734636e-8, 6.387772098763258e-9, 5.8563613460237675e-8, 0.20923771971367086, 0.20923772067415022, 0.20923760326189342, 3.4214770707615803e-9, 1.639112581561914e-7, 0.20923760047586004, 4.5278662163032464e-9, 7.351537790153401e-9, 0.2669187375264768, 8.651242027522016e-8, 8.335706284206574e-9, 4.260016704612687e-9, 1.0088305419827379e-8, 0.2092375022727384, 3.766100936548105e-9, 0.209237872666157, 0.20923785398602399, 1.680753889773403e-8, 0.20923787244342198, 0.20923777935821425, 7.568931604395166e-9, 0.20923787977126335, 5.492418171303005e-9, 1.8144239982570448e-8, 0.20923766033502997, 1.70138042483616e-8, 0.7330812272781481, 2.3198566072583004e-6, 8.340706330758267e-9, 1.5895945770008785e-8, 6.862265861453881e-8, 0.2669187341338737, 5.651361151995154e-9, 0.2092376812169762, 0.2092375981866188, 0.20923765831982197, 1.4857659380133028e-8, 3.0879170707392925e-9, 1.067620656296482e-8, 0.20923794535067283, 6.633911583347197e-9, 4.950927279526725e-9, 5.650827433757562e-9, 7.474233919870213e-9, 9.269399972304058e-9, 3.0414722639466354e-9, 0.2092376223415692, 2.4812610089187447e-8, 0.20923757982513053, 0.2081342799289917, 7.442498271121404e-9, 3.551921108993482e-9, 3.961970490236666e-9, 1.1565485362829816e-8, 4.2845798291278054e-9, 0.20923770107176365, 0.2092377615686322, 0.20923765534170777, 0.20923756046620312, 7.329244653262207e-9, 0.2092376956941393, 0.20923755143822984, 1.064155199895615e-8, 0.20923765456082385, 0.20923765889917426, 4.410491269012746e-9, 4.124106063609294e-9, 0.2092375729840791, 2.1474076296941067e-8, 0.2092376478172316]
v_opt: [0.4702587407906038, 0.790762348826765, 0.6253045922009205, 0.043780461930308184, 0.043320860224977796]
solution time: 0.01243901252746582
McCormick lower bound: -3.9629352531272963

