x_opt: [0.666374176219844, 0.33362582393978607, 0.6663741762401131, 0.08076633192039734, 0.6663741761880935, 0.15950216746932994, 0.8404978327947331, 0.43613289202134575, 0.3336258241451675, 0.33362582375490346, 0.2395408839325318, 0.6663741758426955, 0.33362582378513306, 0.15950216721224578, 0.3336258237494266, 0.333625824074525, 0.08076633190709215, 4.584110884886475e-11, 0.08488856179508153, 0.08076633200754137]
w_opt: [0.6663741762063348, 0.33274835242734263, 1.4028402878469789e-11, 1.1580505420459163e-11, 0.33274835207053655, 0.3336258237508709, 9.462433099255665e-12, 6.251815498121892e-11, 0.08076633188804047, 2.758996711368144e-11, 9.231826967333893e-12, 1.7838082579101484e-10, 2.0630469116237406e-10, 0.3336258238800715, 0.33362582373215777, 0.15950216719135757, 4.3810845217101635e-11, 0.33362582393160195, 0.08076633189393001, 0.5068720090348393, 0.10250706826197442, 2.49488292914874e-11, 0.33274835211062875, 0.33362582403319974, 3.454692765509953e-11, 3.9314576215175626e-11, 0.08488856178740418, 2.4116322200018424e-11, 6.872946837499076e-12, 4.488967931838152e-11, 0.08076633190739974, 0.08076633190715576, 0.08076633186376017, 6.938130418306474e-12, 2.1454139961922725e-10, 0.08076633189719505, 9.514757076364565e-12, 1.5979334016533967e-11, 0.3336258241380748, 6.128888333373172e-11, 1.249951020504313e-11, 9.575692381856816e-12, 1.9862369160253048e-11, 0.08076633178884726, 6.799874203505621e-12, 0.15950216744045187, 0.15950216743581372, 1.728338079819892e-11, 0.15950216745625145, 0.15950216717443888, 1.530371534007695e-11, 0.15950216746172852, 9.464082493993609e-12, 2.770109644966756e-11, 0.08488856178607755, 2.3825543319314596e-11, 0.666374175832914, 0.17412365734388136, 1.9919330382259375e-11, 2.3229588796735068e-11, 3.343784176342492e-11, 0.3336258241364152, 1.072323820021396e-11, 0.33362582372487404, 0.08076633189170303, 0.08488856178238277, 1.3249355789248903e-11, 6.816240136766595e-12, 1.608909266375305e-11, 0.3336258237774159, 1.350275335495942e-11, 8.989236736961507e-12, 1.1897159766980269e-11, 1.5608433657157546e-11, 1.6751119108385114e-11, 7.112858353225894e-12, 0.33362582373115535, 1.75846459631608e-11, 0.08488856173012646, 0.23954088392446843, 1.367406121787131e-11, 8.063518369088349e-12, 8.335025331741933e-12, 2.2191717260242064e-11, 8.92786901086426e-12, 0.33362582374144867, 0.33362582349703046, 0.08076633199336317, 0.08076633187914137, 1.7360866510839244e-11, 0.33362582373716826, 0.0807663318548604, 1.3524360307511532e-11, 0.08488856178196559, 0.08076633199863056, 8.685812515745545e-12, 8.213083034180931e-12, 0.08076633186544098, 3.6453123169772294e-11, 0.08076633199435099]
v_opt: [0.4361328920129596, 0.6663741762210212, 0.4440545429443655, 0.11130619038816045, 0.057379867631237626]
solution time: 0.014154911041259766
McCormick lower bound: -6.378774635662304

