x_opt: [0.7908437138086531, 0.31481613061183555, 0.7908439862265012, 0.20915281990668047, 0.790844013333165, 0.2091525755494281, 0.790847478507799, 0.470726779649941, 0.26667510913482023, 0.20915631233675303, 0.20915612364413594, 0.7333248278820714, 0.20915626993036524, 0.20915251037384003, 0.2091545332940377, 0.31481618386788895, 0.20915225842598828, 5.1386667996159945e-8, 0.20915221217842164, 0.20915215551674907]
w_opt: [0.7908436875850727, 0.5816877330094625, 3.300735000453938e-8, 1.138798960026976e-8, 0.5241685522881436, 0.20915621408606627, 1.0838333999709787e-8, 3.686758395312028e-8, 0.209152233832154, 3.3643790109969665e-8, 9.06488768112063e-9, 0.10566012575750103, 0.10566027845453332, 0.31481604156082005, 0.2091563041567108, 0.20915249059757976, 6.165540209955473e-8, 0.31481611834795875, 0.20915278420082248, 0.5816914702722833, 0.26157077397437745, 3.3622904246460557e-7, 0.5241688669133682, 0.31481609388996307, 4.908490143453071e-8, 4.369391392501286e-8, 0.20915220515065444, 3.58481577744755e-8, 7.78507086599897e-9, 8.681489412528272e-8, 0.20915280776699302, 0.20915280531035024, 0.20915276429438967, 6.153051377412247e-9, 2.436139561752815e-7, 0.20915225245303426, 8.726917814876863e-9, 1.707963512297578e-8, 0.2666751039607112, 4.1903903952430956e-7, 2.982900691513153e-7, 8.06217340821607e-9, 3.376462855002509e-8, 0.20915210076760904, 7.335592858586115e-9, 0.2091525464080601, 0.20915252882827212, 2.8359472814987535e-8, 0.20915256323239503, 0.20915240020413087, 1.888968377971722e-8, 0.20915256934513496, 1.093717431935295e-8, 3.410737956539873e-8, 0.20915220360114198, 4.164370313048498e-8, 0.7333248210726229, 4.839321174891775e-6, 2.8888268415423133e-8, 4.162773490921424e-8, 1.0906998090794e-7, 0.26667509987086313, 1.2746884266292472e-8, 0.20915449749145643, 0.2091522449654523, 0.20915219553167153, 2.696022251924288e-8, 7.1012839467725585e-9, 1.3812288697751097e-8, 0.20915626101311996, 1.4128701790510684e-8, 1.0981915798023536e-8, 1.2043332353895564e-8, 1.5744728290016622e-8, 1.9858119514645598e-8, 5.935329400758666e-9, 0.20915626343991184, 4.495214757094991e-8, 0.2091521712999767, 0.20915611737169254, 1.6288993256231433e-8, 6.195118275797648e-9, 7.185115199702961e-9, 3.183820451669343e-8, 1.017666349246884e-8, 0.20915452650313762, 0.2091560998267915, 0.20915213907611094, 0.2091520418040011, 2.079601149846397e-8, 0.20915451820747544, 0.2091521966297862, 1.8190574054090462e-8, 0.20915219484939965, 0.2091521384555248, 9.912518132892471e-9, 8.105740593893488e-9, 0.20915201991840307, 4.209892376632553e-8, 0.20915211661492597]
v_opt: [0.47072676921049167, 0.7908439767206089, 0.6254346867049861, 0.043746404468415996, 0.04374683139602616]
solution time: 0.011984825134277344
McCormick lower bound: -5.531200222217835

