x_opt: [0.2735015890356199, 0.099566974585564, 0.9004353676566474, 0.09956938059849005, 0.9004304950558114, 0.0995646827618871, 0.7264987796955726, 0.9004349160114438, 0.9004304560821642, 0.031546750734301576, 0.09956503887341618, 0.7264984262162003, 0.09956469793745246, 0.09956624459792847, 0.09956462428656339, 0.31177123302198934, 0.09956507089021607, 1.7770000559824278e-8, 0.09956463009586225, 0.09956461154083421]
w_opt: [0.27350158556419457, 0.17393208589831805, 5.436206161387228e-9, 3.3827604528677013e-9, 2.00983440875155e-8, 0.09956466819755455, 5.878616330694427e-9, 1.533773804060102e-8, 0.0995650648808091, 1.0829779798705897e-8, 2.338622615245277e-9, 2.3447253610866826e-6, 2.4777330054647485e-8, 0.0995669588716105, 0.03154674577403192, 0.0995662239827686, 1.961154689143563e-8, 0.09956697158593776, 0.0995693688991207, 0.6269341499242708, 0.8008702938184873, 1.1028046263759144e-8, 0.6269338109747513, 0.31177121649580747, 4.4814198461807977e-7, 1.1920609721112979e-8, 0.09956462653464822, 3.5403029333771945e-8, 7.887412882979314e-9, 1.8751644406759264e-8, 0.09956937591724543, 0.09956937603189474, 0.031546730326380494, 3.311172346656e-9, 6.458193791259351e-8, 0.09956506785066427, 2.9743762050528045e-9, 5.771593159879361e-9, 0.9004304539058454, 2.4191397472798696e-8, 3.197997738979908e-9, 3.862314905144343e-9, 4.895334845975068e-9, 0.09956500542170489, 2.8634939759312768e-9, 0.09956467475467054, 0.09956466280087838, 7.879580530398585e-9, 0.09956467522921604, 0.09956466720278914, 4.557748402610184e-9, 0.09956467832953743, 4.820392022547122e-9, 1.0666844758507696e-8, 0.09956462232045724, 5.649805998402164e-9, 0.7264984227705162, 2.3331156718386977e-7, 2.980145816251281e-9, 4.879384986389048e-9, 1.7864038139382937e-8, 0.9004304507305483, 4.591381793765689e-9, 0.09956460083054917, 0.09956506710888025, 0.09956462670977931, 4.139796257564079e-8, 3.2850548442664086e-9, 0.626928888296633, 0.09956469198313152, 4.004209856521997e-9, 3.44419404676546e-9, 4.273780400308802e-9, 7.614692496567533e-9, 7.551706169768887e-9, 2.7462954147329554e-9, 0.03154674382224239, 9.445891995129768e-9, 0.0315466881138671, 0.09956502838309889, 4.511479498277981e-9, 2.5604243540798565e-9, 6.398002101567836e-9, 6.5565755163914564e-9, 2.710909761011184e-9, 0.09956461731005001, 0.09956465050763451, 0.09956460766319625, 0.09956473994022838, 3.743061768227747e-9, 0.0995646185137217, 0.0995646019556151, 6.065087976741028e-9, 0.0995646124304077, 0.09956460403451055, 2.5439142821446947e-9, 3.4977017288356635e-9, 0.09956460164957696, 1.2517549930838293e-8, 0.09956460318597592]
v_opt: [0.9004349129544745, 0.9004353648250445, 0.8107751641212775, 0.0009963064262901527, 0.00991320411042086]
solution time: 0.016310930252075195
McCormick lower bound: -3.0425203898303477

