x_opt: [0.3483436384375539, 0.14733675447476657, 0.8967971324436235, 0.10320287478546016, 0.852663246666167, 0.1473363957232905, 0.8526632370964552, 0.8967971142793646, 0.852663246441521, 0.10320286480147575, 0.10320288436003695, 0.6516563651731156, 0.14733639634917167, 0.14733675322073747, 0.10320286900624885, 0.36835002573692327, 0.10320287203556691, 1.093345652563913e-9, 0.10320286837950629, 0.10320286861815083]
w_opt: [0.3483436381730363, 0.20100688522130358, 3.8685391583973466e-10, 2.1930052076595074e-10, 3.774420820921495e-9, 0.14733639477926289, 3.908328930101961e-10, 1.1347278969924913e-9, 0.10320287163679295, 6.850265852584249e-10, 1.5057270119134632e-10, 0.044133887083865085, 1.0231406020485304e-8, 0.14733675320149325, 0.10320286435777204, 0.14733675231864907, 1.5328860388145317e-9, 0.1473367542934637, 0.10320287401367813, 0.7494603697371197, 0.7935942471726167, 8.884106007566879e-10, 0.5484534987892528, 0.36835002445748866, 5.343572614876153e-9, 8.002447601713387e-10, 0.10320286815968814, 2.1072517122702742e-9, 1.7488857516405842e-10, 1.4979188006027948e-9, 0.10320287446752781, 0.1032028745130058, 0.10320286235043234, 2.0079624412857938e-10, 5.198058873414334e-9, 0.10320287181684885, 1.9242879244344408e-10, 3.695549193504062e-10, 0.8526632462656812, 1.704782607560485e-9, 2.489001762721048e-10, 3.7185919683532914e-10, 3.368792870335249e-10, 0.10320286802694943, 1.8775891925996982e-10, 0.14733639519074787, 0.14733639429120535, 5.633596980949571e-10, 0.14733639530962378, 0.14733639348311148, 3.3676273638069086e-10, 0.14733639548965927, 2.9199785986867536e-10, 6.730688326282692e-10, 0.10320286812387063, 4.468052171293204e-10, 0.6516563649583922, 1.0334359902148326e-6, 1.9193835902775858e-10, 4.0004518016747276e-10, 1.1992373086750212e-9, 0.8526632461452431, 3.18478226315322e-10, 0.10320286764201761, 0.10320287177242383, 0.1032028681486791, 4.376695227504704e-10, 1.8647967186344802e-10, 0.5043196134644936, 0.14733639606570206, 2.8623352470618094e-10, 2.0471981649262404e-10, 2.7473779069009373e-10, 5.111448260429646e-10, 5.575912255529619e-10, 1.661765782651359e-10, 0.10320286420462806, 6.939501094874027e-10, 0.10320285817557973, 0.10320288349522468, 3.001316897661496e-10, 1.6817454174084524e-10, 3.4442579649667806e-10, 4.5001773576897523e-10, 1.7632062611995567e-10, 0.1032028688022782, 0.1473363932815568, 0.10320286837703298, 0.10320287027072822, 2.668304873260302e-10, 0.1032028686523567, 0.10320286699154119, 3.778825804716727e-10, 0.1032028675621096, 0.1032028682360649, 1.7180402131792524e-10, 2.124904840741855e-10, 0.1032028677576056, 8.043288544126329e-10, 0.1032028678619181]
v_opt: [0.8967971139991123, 0.8967971322844615, 0.7270349124560831, 0.010650834776544191, 0.010650835955493168]
solution time: 0.014320850372314453
McCormick lower bound: -3.244312598585673

