x_opt: [0.6444216490818325, 0.3555784774200019, 0.6444216536618192, 0.06721093300299215, 0.6444216144774755, 0.15639493316417363, 0.8436072334298228, 0.41245190518235, 0.35557839445129036, 0.3555783342431273, 0.19844161163632287, 0.6444215945457209, 0.3555783521203472, 0.1563927731487965, 0.3555783512240646, 0.35557854792070553, 0.06721091849435903, 1.0372480445035242e-8, 0.06721401448454162, 0.06721167693835]
w_opt: [0.6444216458385069, 0.2888432653228277, 2.9282935220169844e-9, 2.5376716575936616e-9, 0.2888432456739546, 0.3555783442199223, 2.1726688108080305e-9, 1.8168743712407333e-8, 0.06721091399765877, 6.239552081050145e-9, 2.3962318261119825e-9, 1.3283391670489618e-7, 1.3492525468438917e-7, 0.3555784625098242, 0.3555783321193196, 0.15639276814415318, 8.578959804085118e-9, 0.35557847495828176, 0.06721092664919404, 0.48802888859128923, 0.056873560378674456, 4.8001890053038695e-9, 0.28884325627420243, 0.3555785373828489, 8.408840750957926e-9, 9.041526051002193e-9, 0.06721401285702831, 7.000728609712385e-9, 1.6254310400912321e-9, 1.074532296761289e-8, 0.06721093017158863, 0.06721092971732837, 0.06721091904328162, 1.5009445205240767e-9, 6.990739847739826e-8, 0.06721091604696525, 2.116001915280305e-9, 3.539847023773149e-9, 0.35557839287183596, 9.305673588990603e-9, 2.2911058653463364e-9, 2.187995519602913e-9, 5.0653753360941334e-9, 0.0672108925996754, 1.451850183401007e-9, 0.1563949260744977, 0.15639492609235311, 3.933168504623584e-9, 0.1563949300016749, 0.1563927514680087, 3.512027077231952e-9, 0.15639493152448763, 2.0970426005695164e-9, 6.3282567340079985e-9, 0.06721401263510508, 6.291104023825945e-9, 0.6444215923900938, 0.1991857036377028, 9.500855312726315e-9, 5.8288866975358164e-9, 1.80023147383834e-8, 0.3555783925967768, 2.4064124916166e-9, 0.355578346737661, 0.06721091505922784, 0.0672140114675796, 3.3054887812644244e-9, 1.5369652235051953e-9, 3.335829325111335e-9, 0.3555783502994283, 2.8675204920757195e-9, 2.0976405962242625e-9, 2.5779001693817008e-9, 3.265788856997439e-9, 3.4519159941980325e-9, 1.5848652417786898e-9, 0.3555783327773183, 4.387899324780851e-9, 0.0672140000164227, 0.19844161023940907, 3.11080224183282e-9, 1.7471821403756146e-9, 1.7843928766815593e-9, 6.141567394367152e-9, 2.1096714836176316e-9, 0.35557834888980844, 0.3555782753841588, 0.06721167344350656, 0.06721091219509753, 4.370663235620599e-9, 0.3555783481825727, 0.06721090560177115, 3.00355917837735e-9, 0.06721401145405421, 0.06721167433340164, 2.07254747996566e-9, 1.8497819987864963e-9, 0.06721090619335043, 8.356858348389271e-9, 0.06721167090131495]
v_opt: [0.41245190330528, 0.6444216508330203, 0.41527933201936595, 0.12643597700644912, 0.039379170782113476]
solution time: 0.012591838836669922
McCormick lower bound: -7.3475175228968945

