x_opt: [0.6353528575979763, 0.36464726542161763, 0.6353529156042602, 1.2091843465986498e-6, 0.6353528841434635, 0.15944997474405578, 0.887848886469281, 0.3646500784496105, 0.36464713423195827, 0.3646470077471569, 0.22868471192980105, 0.6353520947400532, 0.3646471062976058, 0.11215113922674944, 0.36464710479520185, 0.3646473990039844, 1.1880694182623739e-6, 5.096378282165005e-8, 0.1121511372268915, 0.11215102884814658]
w_opt: [0.6353528499131786, 0.27070574812348286, 9.470079314332299e-9, 1.0765224321994939e-8, 0.2707049586506537, 0.3646470783513541, 7.998944478074871e-9, 1.4324759747725175e-7, 1.1679518088815455e-6, 3.380080762307369e-8, 7.870219290162601e-9, 1.8835238644309695e-7, 3.2629231443930646e-7, 0.36464711188168736, 0.36464700118731935, 0.11215111799047328, 7.562470824488995e-8, 0.36464725752837546, 1.1801683110267765e-6, 0.5232018080679796, 2.999418651646068e-6, 1.7435819538169427e-9, 0.27070505009662826, 0.3646473495349586, 6.241490974029007e-8, 4.585321535752929e-8, 0.11215113043286783, 5.931810107022996e-8, 5.586153447788263e-9, 9.136890807309213e-8, 1.193510742935602e-6, 1.198808276567148e-6, 1.1062991563539444e-6, 5.546020793257428e-9, 2.8945319863497507e-7, 1.1796779023646922e-6, 1.0032362315967201e-8, 1.8947958878294867e-8, 0.3646471268660176, 1.1347972831121769e-7, 1.4495933778078531e-8, 7.525502122165766e-9, 3.70777663569101e-8, 1.035286948309331e-6, 6.379017097920254e-9, 0.15944994485994302, 0.15944994077531746, 1.8643829414860412e-8, 0.15944996416089194, 0.11215108012320445, 1.5972364866834515e-8, 0.15944996946112827, 8.752416840301151e-9, 3.4214698290138624e-8, 0.11215112988726209, 4.8044054636500513e-8, 0.635352086707821, 0.2524987138588964, 3.924384473406479e-8, 1.647404984165865e-7, 1.9632622973044764e-7, 0.3646471272219886, 1.0520069740004832e-8, 0.3646470805304113, 1.166986439222605e-6, 0.11215112360736208, 1.4190697041528156e-8, 5.258498296454742e-9, 7.348652731144867e-9, 0.3646470995704593, 1.757694116721759e-8, 7.804158271389144e-9, 1.220939448768732e-8, 1.7647262909953278e-8, 1.8962851984475238e-8, 6.0946489384742795e-9, 0.3646470010966272, 1.6502254296024138e-8, 0.11215107113674941, 0.2286847068137957, 1.6189656420432967e-8, 8.575927089032728e-9, 6.335768234556754e-9, 2.3172046789815526e-8, 8.517878199540903e-9, 0.36464709606993634, 0.36464649255591275, 0.1121510158865148, 1.1634900002886511e-6, 2.8629747061930438e-8, 0.3646470942181638, 1.1074293713433047e-6, 1.4546735204403287e-8, 0.11215112795268636, 0.11215102068803033, 8.917682415705148e-9, 6.842741203801015e-9, 1.1525656719394979e-6, 4.3909788924661875e-8, 0.11215100468347228]
v_opt: [0.3646500702470586, 0.6353529050144481, 0.40367370475410225, 0.13296746923876246, 0.052297272434240705]
solution time: 0.03777003288269043
McCormick lower bound: -8.08238390900343

