x_opt: [0.8022642153192161, 0.1977357844468049, 0.8022642159351471, 0.197735784237621, 0.8022642154196138, 0.19773577938062453, 0.802264216380992, 0.890863930551201, 0.6535625651787536, 0.19773578440063644, 0.10279360231617733, 0.7702339077608115, 0.19773578448244009, 0.19773578362885588, 0.19773578389130708, 0.1977357844838754, 0.1977357839022772, 1.4054693697933732e-10, 0.10913606559977303, 0.10913606555636898]
w_opt: [0.8022642152858184, 0.604528430767779, 5.5009881629041725e-11, 4.2414400601487916e-11, 0.5724981231134056, 0.19773578432618916, 3.2355718693142975e-11, 1.2944871233346704e-10, 0.19773578383613688, 8.063892748813727e-11, 4.022364839937596e-11, 4.0777768912368306e-10, 2.37000775962364e-10, 0.19773578427578697, 0.19773578436203834, 0.19773578353135535, 1.3903166628548288e-10, 0.1977357844097889, 0.19773578414361725, 0.604528432340583, 0.6931281465147328, 4.6744593705721e-10, 0.5724981238366816, 0.1977357843394509, 1.5527376948446926e-10, 1.1755605057041934e-10, 0.10913606557508759, 7.269559433588552e-11, 2.67552868329092e-11, 1.2295702945085833e-10, 0.1977357842008815, 0.19773578418048404, 0.19773578396249433, 2.6317676905886223e-11, 6.56958841234256e-10, 0.19773578387856008, 2.882442039234247e-11, 5.698244718118633e-11, 0.653562565157707, 1.8680860945145053e-10, 4.4961531371540325e-11, 3.98521205790847e-11, 6.679569764816762e-11, 0.19773578340708456, 2.233739461104874e-11, 0.19773577923742203, 0.19773577927166708, 5.586806272672952e-11, 0.19773577932230296, 0.19773577928006367, 6.030763773891917e-11, 0.19773577934666559, 3.7516562292637847e-11, 7.975236107960928e-11, 0.1091360655681963, 7.904255792828686e-11, 0.770233907724156, 5.6720975365671096e-9, 5.866837400684939e-11, 6.065832293593866e-11, 9.67829253772306e-11, 0.6535625651488812, 3.4874431111360156e-11, 0.19773578378630863, 0.19773578385935697, 0.1091360655570563, 5.533062600867629e-11, 3.417352080741189e-11, 0.42379647299120854, 0.19773578444567325, 3.708709970880578e-11, 3.471279433149612e-11, 3.6670828521924006e-11, 5.420372702351914e-11, 5.511515098853896e-11, 2.3575627706814848e-11, 0.19773578438823217, 7.274533886847162e-11, 0.10913606537724856, 0.10279360229066868, 4.444353742516331e-11, 2.431136806638156e-11, 2.935370344386851e-11, 8.00834320543206e-11, 3.225845639208055e-11, 0.19773578385374233, 0.19773578355476698, 0.10913606550155612, 0.1977357834295607, 5.7158531186379765e-11, 0.19773578384473411, 0.1977357834488984, 4.0707748594964105e-11, 0.10913606553305046, 0.10913606552074802, 3.058842108304907e-11, 3.226345565108837e-11, 0.10913606545498018, 1.0622055858763965e-10, 0.10913606549922916]
v_opt: [0.8908639305247813, 0.8022642158925383, 0.6436278736180486, 0.03909944046507638, 0.010566536589735984]
solution time: 0.014077186584472656
McCormick lower bound: -6.082496199537663

