x_opt: [0.6353524262604842, 0.36464788423431627, 0.6353524237948877, 3.056375080209343e-6, 0.6353524320525025, 0.1594510361876085, 0.8878496008850744, 0.3646492097938745, 0.36464780235806593, 0.36464754710258546, 0.22868137250971912, 0.6353521747491901, 0.36464757181320473, 0.11215039861199018, 0.36464755695446405, 0.3646479833803663, 3.0380080030466375e-6, 2.4238850900007362e-8, 0.11214999224372887, 0.11214930787295879]
w_opt: [0.6353524146586438, 0.27070486213007117, 6.745765716395725e-9, 5.575910742563981e-9, 0.27070460524013534, 0.36464755458228476, 4.778088715048048e-9, 3.06596995101301e-8, 3.028320240717149e-6, 1.4728894293881348e-8, 5.0604571564113144e-9, 3.1150322610195477e-7, 3.340693402001582e-7, 0.3646478497072952, 0.3646475434005536, 0.11215038864251597, 1.7307504209568934e-8, 0.3646478805991569, 3.043706717388933e-6, 0.5232020279373781, 1.6370479200653324e-6, 9.171341709090829e-9, 0.2707046149392795, 0.36464796063304733, 1.832110250634978e-8, 2.1169573760986374e-8, 0.1121499885828559, 1.8099151125963488e-8, 3.6725615206713958e-9, 2.163878992564531e-8, 3.049932623577118e-6, 3.0494280381552783e-6, 3.0277926532624476e-6, 3.1690402568093646e-9, 1.0779612206942638e-7, 3.0334959663759562e-6, 4.807931909975926e-9, 6.9662911949661075e-9, 0.3646477986094547, 3.385658553481095e-8, 1.746384126318053e-8, 4.79277461237302e-9, 1.5806351236320133e-8, 2.988884824213416e-6, 3.1374097914500876e-9, 0.15945102290976293, 0.1594510207626825, 8.592142183492245e-9, 0.15945102939509104, 0.11215035333308183, 6.876454672276439e-9, 0.15945103279112577, 4.333857130064564e-9, 1.4974915260875874e-8, 0.1121499882134868, 1.4777567181925253e-8, 0.6353521701355295, 0.2524973785918837, 1.1451232625000554e-8, 1.5995403055231165e-8, 3.471058711609543e-8, 0.3646477979267255, 5.346166585000546e-9, 0.3646475446770082, 3.0301439464954194e-6, 0.1121499858720111, 7.683540453511423e-9, 3.073244495305734e-9, 6.055603283515864e-9, 0.36464756853980973, 6.64402771126309e-9, 4.448182223573962e-9, 5.889066197753297e-9, 7.105285350837551e-9, 7.415371421477321e-9, 3.2409757664669893e-9, 0.3646475435015745, 9.410731420896344e-9, 0.11214996466758152, 0.228681369374782, 7.144172379093556e-9, 4.0345966705204525e-9, 3.505547291483588e-9, 1.0980151370967954e-8, 4.552004456129765e-9, 0.36464755248769315, 0.36464750916459615, 0.11214929991474182, 3.0239427057901473e-6, 9.885492246603184e-9, 0.36464755118223097, 3.012326481733566e-6, 7.007657077539638e-9, 0.11214998625621737, 0.11214930245815835, 4.470623377508023e-9, 3.9080152661736376e-9, 3.0107845953406827e-6, 1.9684101508175116e-8, 0.11214929635864956]
v_opt: [0.36464920532074757, 0.6353524173688719, 0.40367304491818007, 0.13296789441922938, 0.05229520729244448]
solution time: 0.01341390609741211
McCormick lower bound: -7.433416687234102

