x_opt: [0.5687951862355605, 0.21236982142259023, 0.9999999981924701, 0.36785831886045656, 0.6321416799018109, 0.21236982119667858, 0.43120481384632264, 0.8779454148545179, 0.6321416797711494, 7.057090860895808e-10, 0.12205458522443025, 0.43120481376624903, 0.21236982119480477, 0.21236982138977253, 0.06836398236384554, 0.2123698221648354, 0.06836398240266654, 1.5638568763360723e-10, 0.06836398242873372, 0.06836398240399408]
w_opt: [0.5687951862107428, 0.20093686613601303, 4.0075396346366304e-11, 2.806302478468751e-11, 4.6291314337939545e-11, 0.21236982086180287, 1.3268205363093311e-10, 1.6745963392339e-10, 0.06836398234478576, 9.407345117243105e-11, 1.6631808482464552e-11, 0.2123698196693595, 1.3006030098359437e-6, 0.2123698212689587, 6.607755139054898e-10, 0.2123698213229494, 1.9575261428073175e-10, 0.21236982139307983, 0.36785831874155867, 0.43120481209104206, 0.8779454145971589, 5.2839640732099556e-11, 0.43120481212583883, 0.21236982200533772, 0.06836398069433704, 5.6810040934624866e-11, 0.06836398237540224, 0.06836398067182621, 3.716000057103949e-11, 2.8264356609232036e-10, 0.3678583187929494, 0.3678583188259326, 5.396205036447861e-10, 3.3512228288746976e-11, 6.224676706936219e-10, 0.06836398236814013, 2.978353314079081e-11, 5.187423027188452e-11, 0.6321416797501058, 2.802379026930962e-10, 3.130429094950736e-11, 2.8594846539597954e-11, 4.160872570925219e-11, 0.06836398177778867, 3.441137878883019e-11, 0.21236982114389624, 0.21236982080067177, 1.1021419826476478e-10, 0.21236982112661398, 0.2123698211036714, 3.34420827508917e-11, 0.2123698211537146, 4.6586364649782255e-11, 9.464229143497355e-11, 0.06836398238154436, 4.656419453972824e-11, 0.43120481372915354, 2.480979151699588e-9, 3.394147935563826e-11, 4.274912564449841e-11, 3.610318440430457e-10, 0.6321416796518512, 5.091783345908043e-11, 0.06836398203968956, 0.06836398236387, 0.06836398239758955, 5.28070888122402e-11, 2.3712952152220787e-11, 0.06334649358246645, 0.21236982114015632, 4.8651438761416184e-11, 2.9074664266132166e-11, 4.268743345997895e-11, 8.54908400161903e-11, 7.234786354498141e-11, 2.7374152243997237e-11, 6.320153642718163e-10, 8.174697463862497e-11, 4.343347993224497e-10, 2.1545797706402798e-10, 3.839525380983294e-11, 2.813062551917596e-11, 1.0607924678785655e-10, 5.20649895966589e-11, 2.2129745029305568e-11, 0.06836398233103406, 0.21236982050343814, 0.06836398237250788, 5.2771183736674e-10, 3.07353245552407e-11, 0.0683639822891271, 0.06836398191904684, 7.261537731815824e-11, 0.06836398229676846, 0.06836398232313366, 2.254888237484553e-11, 2.901132360379243e-11, 0.0683639822519367, 9.531716448098069e-11, 0.0683639823685084]
v_opt: [0.8779454148166487, 0.9999999981962899, 0.39960311149111916, 4.23232268901744e-11, 0.014897321820673366]
solution time: 0.01361083984375
McCormick lower bound: -2.3344559356593018

