x_opt: [0.34746635948360494, 0.14696489959676542, 0.8967896386669479, 0.10321050979485058, 0.853034624285785, 0.14696308049801146, 0.8530350597921902, 0.8965300177231508, 0.853032658426023, 0.10321016668377438, 0.10346996114588655, 0.6525337069727493, 0.14696309202067398, 0.1469648886304687, 0.10321044312001562, 0.36870336861882624, 0.10321047125825153, 2.719684558398064e-8, 0.10321042860776554, 0.1032104241614527]
w_opt: [0.3474663546136328, 0.20050098656658114, 8.049211137960861e-9, 6.090548731144387e-9, 7.117801137131343e-8, 0.14696305455340058, 9.007517966516161e-9, 2.5868580783096958e-8, 0.10321046105481839, 1.6500881163374195e-8, 4.111403281432628e-9, 0.043754542142241115, 1.378232569579649e-7, 0.14696486978305595, 0.1032101593700959, 0.14696486458048988, 4.0242704856234806e-8, 0.146964895144575, 0.1032104907381182, 0.7498247029906315, 0.7933196672935481, 1.2676036126265546e-8, 0.5493233730045868, 0.36870334227141366, 1.3017877636188564e-7, 1.9675289425130004e-8, 0.10321042268985268, 8.077605901979136e-8, 4.486243795275872e-9, 3.3037052094184594e-8, 0.10321050136859852, 0.10321050250604757, 0.10321011922983758, 5.395455742030752e-9, 1.296240058590455e-7, 0.10321046541985493, 5.222557132020885e-9, 1.0294294004327273e-8, 0.8530326541299561, 3.3749733572924065e-8, 5.703323050980361e-9, 7.691715285652106e-9, 8.23375463746754e-9, 0.1032103712981289, 4.973446186907651e-9, 0.14696306645420035, 0.1469630488296508, 1.2414325161102062e-8, 0.14696306912838314, 0.14696304026877627, 8.198530443572502e-9, 0.14696307391887964, 7.502297391494653e-9, 1.6131209225129662e-8, 0.1032104212847706, 1.0186522182537424e-8, 0.6525337009683165, 5.384462376535216e-7, 5.316447760419778e-9, 9.078059295035127e-9, 2.5742297298745938e-8, 0.8530326505999596, 1.0092832526632593e-8, 0.10321041337411366, 0.10321046406873313, 0.10321042263732721, 7.587559619730316e-9, 4.978681498229295e-9, 0.5055663748952035, 0.14696308462543992, 7.694685724505865e-9, 5.2860049897622735e-9, 7.350744858928587e-9, 1.3507033423822164e-8, 1.3876430956909793e-8, 4.755762092335753e-9, 0.10321015739866966, 1.3424565849268545e-8, 0.10321004830819634, 0.10346994942716776, 7.614486360107634e-9, 4.719118770777571e-9, 9.417171843351195e-9, 1.0744096617768628e-8, 4.596976761929817e-9, 0.10321043765752445, 0.14696300459610068, 0.10321041763750363, 0.10321042529320469, 6.959900830144419e-9, 0.10321043445447288, 0.10321037471451083, 9.340713117709557e-9, 0.10321041225734195, 0.10321041566372775, 4.435638617345522e-9, 5.515235099061627e-9, 0.10321040229413915, 1.973335788939638e-8, 0.10321041337368132]
v_opt: [0.8965300126940627, 0.8967896336341205, 0.7276680813637855, 0.010652355762096777, 0.010706123382334936]
solution time: 0.01454615592956543
McCormick lower bound: -3.309530735469988

