x_opt: [0.6403229180987943, 0.35967709778979384, 0.640322918281877, 6.557059500169196e-9, 0.6403229184230145, 0.15502912524214607, 0.882579391986492, 0.37157207099843315, 0.35967708180424596, 0.3596770815142457, 0.2411067131454889, 0.6403229177054186, 0.35967708157596884, 0.11742060808520945, 0.3596770813401535, 0.35967709836300965, 6.4256884083012875e-9, 4.231336062158647e-10, 0.11742060749184015, 0.11742058713799523]
w_opt: [0.6403229179992346, 0.2806458366482841, 1.3062011397728372e-10, 1.1018893873844435e-10, 0.2806458358880492, 0.3596770812660381, 9.660677704408814e-11, 4.0225318145545824e-10, 6.226330557177265e-9, 2.463253220818318e-10, 8.589650143219044e-11, 1.615167460214448e-8, 1.6758372142167462e-8, 0.3596770971871242, 0.35967708142294724, 0.11742060789094064, 3.390054332707385e-10, 0.3596770976786754, 6.3081182090192074e-9, 0.5229023103346435, 0.011894989351540491, 2.184339115697819e-10, 0.28064583629788115, 0.3596770978974185, 3.4056270227417174e-10, 3.573421398931336e-10, 0.11742060741122816, 2.5964776554789497e-10, 7.889226562647721e-11, 3.8204146821806787e-10, 6.418247983511416e-9, 6.428390840680539e-9, 6.065616837464896e-9, 6.342135479095875e-11, 1.2716496601571606e-9, 6.3310942292788775e-9, 9.519490532900467e-11, 1.3882035302895368e-10, 0.35967708172448837, 6.886524255447423e-10, 1.5811295234161854e-10, 8.599935872413879e-11, 2.1329746039525123e-10, 5.557882941417085e-9, 6.62186142935939e-11, 0.15502912500677857, 0.15502912490603193, 1.913688625141516e-10, 0.15502912510580044, 0.11742060780678641, 1.3052785797339793e-10, 0.1550291251729978, 8.608200145026722e-11, 2.521737811263262e-10, 0.11742060740993113, 2.521370088416163e-10, 0.6403229176152625, 0.24225647947536377, 2.189201925440003e-10, 3.2470509844222193e-10, 3.9615569459416695e-10, 0.35967708171426627, 1.0913336900752506e-10, 0.3596770811222731, 6.258689998311139e-9, 0.11742060734863362, 1.5642874449538275e-10, 5.853914778310325e-11, 1.0581766744249953e-10, 0.35967708149030386, 1.4138899569508342e-10, 8.939116522200572e-11, 1.1286304227494299e-10, 1.3127189952564696e-10, 1.460171002001353e-10, 7.041568866236321e-11, 0.3596770813945721, 1.828778937142891e-10, 0.11742060693662118, 0.24110671307134024, 1.272666854037321e-10, 8.321072224218272e-11, 7.584468926860734e-11, 2.394975708114625e-10, 8.715937441339509e-11, 0.3596770812494156, 0.3596770795875484, 0.11742058698146207, 6.174395791735265e-9, 1.7849471452648985e-10, 0.3596770812076662, 5.97132808909113e-9, 1.3986267911942107e-10, 0.11742060736965278, 0.11742058706343596, 8.906571666935142e-11, 7.469033257719607e-11, 6.191879170590018e-9, 3.2759528919676947e-10, 0.11742058702560619]
v_opt: [0.37157207089769084, 0.6403229181489144, 0.4100134428276589, 0.12936760460302332, 0.05813246294756676]
solution time: 0.012891769409179688
McCormick lower bound: -7.116839822359715

