x_opt: [0.7908448776141446, 0.3148159651906402, 0.7908448902065633, 0.2091528651049459, 0.7908448725015794, 0.2091530125419347, 0.790847007747917, 0.47072651477886657, 0.26667496916331923, 0.2091551233684034, 0.20915506597200187, 0.7333250091550281, 0.20915512257271834, 0.20915298894969855, 0.20915503927767476, 0.3148161757962762, 0.209152836700957, 9.881268342460133e-9, 0.20915294739475118, 0.20915289023878753]
w_opt: [0.7908448715311621, 0.5816897511725165, 5.212344853188307e-9, 2.2449601956831513e-9, 0.5241698886994804, 0.20915511233275416, 2.100011081628091e-9, 9.811785029425762e-9, 0.20915283255064723, 6.186560378605218e-9, 1.6127685578750547e-9, 0.10566085660487409, 0.10566084902616411, 0.31481594919934497, 0.20915512224460456, 0.20915298561979975, 1.1484273904169961e-8, 0.31481596402695766, 0.20915285908671213, 0.5816918990988666, 0.26157140658056677, 2.5587826308357376e-8, 0.5241699090436728, 0.3148161619738241, 1.0092737054283094e-8, 8.483707963260222e-9, 0.20915294598323825, 6.877296248665717e-9, 1.3256518888643073e-9, 1.2230234455950265e-8, 0.20915286282845585, 0.20915286242163134, 0.20915285241333392, 1.219233584127725e-9, 7.351972560613963e-8, 0.2091528355510616, 1.53748500703104e-9, 3.1668895511466294e-9, 0.2666749682697197, 2.662118052222652e-8, 3.954769202846716e-9, 1.5388312857276162e-9, 3.469240993219055e-9, 0.20915280828569677, 1.4067390277356804e-9, 0.20915300754909588, 0.20915300398709316, 4.253160282727696e-9, 0.20915301062055972, 0.20915296724222324, 3.6230388777864547e-9, 0.20915301135853895, 1.987425773597639e-9, 6.224536226504487e-9, 0.209152945912927, 6.0366374765737405e-9, 0.7333250076012817, 2.7004760086332986e-6, 3.365058169760963e-9, 6.513144341073612e-9, 1.3024389875562664e-8, 0.2666749674027001, 2.1403125464828123e-9, 0.20915503375094222, 0.2091528341905729, 0.20915294480898464, 3.440350769482292e-9, 1.2902837074578866e-9, 3.6206717917645644e-9, 0.2091551214037575, 2.846351798534594e-9, 1.938274626365891e-9, 2.433797550132969e-9, 3.334119869987901e-9, 3.879824013626473e-9, 1.093825580063098e-9, 0.20915512040300477, 5.758657841453269e-9, 0.20915293889263695, 0.20915506522657887, 3.2882641037024497e-9, 1.362990579290141e-9, 1.4064348987523147e-9, 3.681679113364997e-9, 1.7977083413324767e-9, 0.2091550381533416, 0.20915509898769002, 0.20915288799109277, 0.20915282463845733, 3.3541447306162536e-9, 0.209155037268965, 0.20915282213230282, 3.186086483389468e-9, 0.20915294511823, 0.20915288844384156, 1.85210786946143e-9, 1.5332645708699508e-9, 0.20915280212735538, 8.196315875937504e-9, 0.20915286473779737]
v_opt: [0.47072651327298165, 0.7908448883293198, 0.6254356253829678, 0.04374587001907774, 0.04374584880652565]
solution time: 0.014478921890258789
McCormick lower bound: -5.317172028519824

