x_opt: [0.6353552815395076, 0.36464798699073564, 0.635355248426266, 7.431202492286438e-6, 0.6353553354892725, 0.15944972274951386, 0.8878447160926631, 0.3646464629879912, 0.3646452023873087, 0.36464466119637823, 0.22867432653859704, 0.6353545819478009, 0.3646446999407289, 0.11215532298103563, 0.3646446777039372, 0.36464829029448026, 7.40407522901895e-6, 7.061724281318899e-8, 0.11215536111986357, 0.11215083005439151]
w_opt: [0.6353552382567091, 0.270710622674852, 1.1823204094298204e-8, 8.801896507595553e-9, 0.2707098703004523, 0.3646446724074455, 8.058186716478877e-9, 1.2044838689261234e-7, 7.3804470159055744e-6, 4.69400861811027e-8, 9.236334422021525e-9, 3.2411676966243193e-6, 3.3731528406113115e-6, 0.36464784212349016, 0.3646446559301167, 0.11215530718176235, 6.803062991629638e-8, 0.3646479807914235, 7.393904299246042e-6, 0.5231999694063164, 1.716348984340756e-6, 1.4702026262331752e-8, 0.27070988466925033, 0.364648201582127, 5.535106938490362e-8, 6.558925311125072e-8, 0.11215535571279761, 2.6031423630753145e-8, 5.79550400162524e-9, 1.2932346472881527e-7, 7.420186986697644e-6, 7.420861087437065e-6, 7.377577946544932e-6, 4.694977264578165e-9, 6.486822039200397e-7, 7.3970670381573575e-6, 8.81868262011272e-9, 1.578509798099609e-8, 0.3646451975724236, 2.4426779748986743e-7, 5.587032906702679e-8, 8.02949808762027e-9, 5.1430911052230646e-8, 7.151281802043262e-6, 4.632504388662444e-9, 0.1594496905243322, 0.15944969156415137, 1.724602822235183e-8, 0.15944971153467424, 0.11215525280967174, 1.7549567901999892e-8, 0.15944971842607475, 8.399393979436787e-9, 5.019045694680333e-8, 0.11215535626757801, 7.22149098111989e-8, 0.6353545757078494, 0.2524909963077202, 5.4438044010484575e-8, 1.6248329827394476e-7, 9.120768752843856e-8, 0.3646451954877595, 9.555799666930312e-9, 0.36464466006944446, 7.389470348621955e-6, 0.11215534622455244, 1.8931317440850617e-8, 5.182662888004797e-9, 8.304581059188978e-9, 0.3646446955953329, 1.1509636001458596e-8, 8.133620209690269e-9, 1.0844223368495201e-8, 1.2691645831492673e-8, 1.5783758641842313e-8, 5.048200016276536e-9, 0.36464465544268654, 2.416856383170558e-8, 0.11215526731768345, 0.22867432285323666, 2.293732974987924e-8, 6.258629611654198e-9, 4.902054054080629e-9, 2.8880464224212712e-8, 9.203237388660293e-9, 0.3646446715557913, 0.36464423770171756, 0.11215081619573752, 7.381165037443797e-6, 2.5075789489180408e-8, 0.364644669208873, 7.342207043336277e-6, 1.93504985788831e-8, 0.11215535249954445, 0.11215081839941393, 9.292127613038837e-9, 6.981589364406512e-9, 7.345659229810028e-6, 6.361810090848617e-8, 0.1121508001267386]
v_opt: [0.36464645592343775, 0.6353552389265213, 0.40367698057020446, 0.13296574506882528, 0.05229202914881342]
solution time: 0.012701034545898438
McCormick lower bound: -7.814487529395024

