x_opt: [0.747859456503499, 0.2521405581268493, 0.7478594567305702, 0.24913073401726246, 0.7478594434554503, 0.2521405062652863, 0.74785949403579, 0.6841161669668424, 0.3433670387559097, 0.2521405433194796, 0.20344820022806476, 0.656633008421924, 0.252140554110953, 0.2521405057184788, 0.252140542803317, 0.25214401059425984, 0.24913073281242398, 1.572786385781839e-9, 2.03432255345188e-8, 1.6601637630213595e-8]
w_opt: [0.7478594559222778, 0.49571890102081506, 7.312919606562135e-10, 4.3972402596006495e-10, 0.40449246520855214, 0.25214055274341945, 3.290460027984684e-10, 3.2719591587776904e-9, 0.2491307322263194, 9.64558902052297e-10, 3.6464606456685817e-10, 1.5049085264291785e-8, 4.251525174642882e-9, 0.2521405563083344, 0.2521405426113494, 0.2521405047903815, 1.9679108828889563e-9, 0.25214055792180745, 0.2491307331720337, 0.49571895100885216, 0.43197562395714606, 1.2634613997201194e-9, 0.40449246642326453, 0.2521440094202198, 1.0424636073258548e-9, 1.3536570381604323e-9, 2.0098251785427483e-8, 7.245024633183235e-10, 1.960278646158173e-10, 1.1649820023834234e-9, 0.24913073362198043, 0.24913073354127419, 0.24913073226787188, 2.7154475199618735e-10, 5.428581704379381e-9, 0.24913073248530201, 3.161161761134773e-10, 6.168705504873872e-10, 0.343367038531382, 1.2563348541513546e-9, 2.956662981022493e-10, 4.445888272746458e-10, 5.388364194623917e-10, 0.24913072897324984, 2.443999763466071e-10, 0.25214050487763395, 0.252140505165573, 4.979429685817172e-10, 0.2521405058063379, 0.2521405033638055, 6.728864656579349e-10, 0.2521405059572871, 3.662994524563675e-10, 9.144673801057347e-10, 1.9967170990211893e-8, 6.106926389555623e-10, 0.6566330079998718, 7.467709518054923e-8, 3.6132631329229995e-10, 7.563124577017974e-10, 1.0982345639817301e-9, 0.34336703847962396, 3.579104975271438e-10, 0.25214054183220186, 0.249130732327838, 1.9966191553415527e-8, 3.4714572345418665e-10, 3.1002814585930823e-10, 4.830263964346019e-8, 0.2521405538225425, 4.521333988342883e-10, 3.1159946427028115e-10, 4.3073027957150496e-10, 6.33504319585392e-10, 6.843216222896832e-10, 2.6184240205586346e-10, 0.2521405425517234, 5.451788097501963e-10, 1.8196823493611766e-8, 0.20344819982781356, 4.836106346820812e-10, 2.673526172802463e-10, 3.421495404859683e-10, 6.685141685753075e-10, 3.15840579828624e-10, 0.2521405425301564, 0.2521405515959129, 1.6178518344622926e-8, 0.2491307319467252, 5.282035076862352e-10, 0.2521405424881915, 0.24913073099045813, 4.057885248476247e-10, 1.9843757244365955e-8, 1.62040743903481e-8, 2.915841280211105e-10, 3.2403584405577917e-10, 1.560363402001222e-8, 1.2441520006124047e-9, 1.590041291401482e-8]
v_opt: [0.6841161667248163, 0.7478594563462896, 0.5592937563075946, 0.06357485435902786, 0.04139118881198729]
solution time: 0.014840841293334961
McCormick lower bound: -6.105338373523754

