x_opt: [0.6595801749168227, 0.34045887177773704, 0.659580177540129, 6.476568649630205e-7, 0.659580186471742, 0.13787199276156598, 0.8621280396588515, 0.3983327480161416, 0.340420186360436, 0.34041980702658287, 0.28915952242821436, 0.6595797938342896, 0.34041981701644297, 0.1378719551830519, 0.34041981138004435, 0.3404588985941504, 6.419787747548345e-7, 1.225596445771919e-8, 0.137871979093913, 0.13787189229120056]
w_opt: [0.6595801711754186, 0.3191603628520432, 2.8446718144428295e-9, 2.4074893083014375e-9, 0.3191599706010983, 0.3404198092390242, 2.5623913615382513e-9, 1.4878828565232334e-8, 6.370097746551665e-7, 7.520583247447627e-9, 1.7341196794156858e-9, 3.905123495653676e-5, 3.907014445063668e-5, 0.3404588551158674, 0.3404198051339477, 0.1378719511822232, 9.414546800886595e-9, 0.34045886911357487, 6.406341756898629e-7, 0.521708218710762, 0.05791292746881526, 5.627147847312268e-9, 0.31915997931941437, 0.3404588852288643, 8.701675574049733e-9, 1.045276325575119e-8, 0.13787197702463924, 6.287550389374301e-9, 2.0256022092557176e-9, 1.5976980873667466e-8, 6.438496862469521e-7, 6.447134081466268e-7, 6.330992881915572e-7, 1.4829092489447483e-9, 8.521273349334012e-8, 6.39902585253716e-7, 2.3717386375098373e-9, 3.3891197061187128e-9, 0.3404201845169766, 2.638518024801421e-8, 7.339814795886013e-9, 1.880306699047678e-9, 8.219096673631823e-9, 6.148165680571641e-7, 1.627992693553946e-9, 0.13787198787574934, 0.13787198231202513, 5.507136286549368e-9, 0.13787198978654752, 0.13787194699866664, 2.9615859436931513e-9, 0.1378719912147346, 2.0880933084417258e-9, 7.831257855272081e-9, 0.1378719768128655, 6.426132587843575e-9, 0.65957979189269, 0.20254815655448613, 4.044467434988185e-9, 3.059326433468415e-8, 1.3671222919420305e-8, 0.34042018399144525, 2.569595245145095e-9, 0.34041980575517283, 6.378946947440988e-7, 0.13787197569772802, 4.148442227774611e-9, 1.280611749376388e-9, 1.9786924504301863e-9, 0.34041981546653705, 3.588772233481985e-9, 2.0885902490888992e-9, 2.8520315172979147e-9, 3.169219660767643e-9, 3.6895219538592385e-9, 1.493505292959905e-9, 0.34041980446477405, 4.9230443827349255e-9, 0.13787196379874211, 0.2891595206962729, 3.369019317125183e-9, 1.9767542467514007e-9, 1.6520993015956387e-9, 4.581051131417022e-9, 2.0266627383053467e-9, 0.3404198093972566, 0.3404197869829386, 0.13787188886021193, 6.346755074438989e-7, 3.918785146906964e-9, 0.34041980824830803, 6.293920791629836e-7, 4.2004204986049115e-9, 0.1378719764322516, 0.13787189056097338, 2.082621714979172e-9, 1.7458379816046952e-9, 6.368142844094135e-7, 9.841234985579682e-9, 0.13787188870872633]
v_opt: [0.39833274543977804, 0.6595801747518657, 0.43504606149541986, 0.11588565763838744, 0.0836133841079056]
solution time: 0.014310836791992188
McCormick lower bound: -5.839188682991254

