x_opt: [0.6857568423224891, 0.31495483199049207, 0.6857568421381802, 5.901963429389364e-7, 0.6857568204133325, 0.15421392145355892, 0.8457861637615779, 0.454108000965976, 0.3450811956752008, 0.31424314585696855, 0.3142420535356707, 0.6549180351398864, 0.31424316975610694, 0.15421382970096323, 0.31424315783728085, 0.31495545517531376, 5.83746050787672e-7, 1.4489827882182142e-8, 0.15421386480011284, 0.1542137222617514]
w_opt: [0.6857568376677798, 0.3715136643582437, 3.4054399546902797e-9, 2.7029530489782336e-9, 0.34067487943345337, 0.3142431600631689, 3.3341118499147925e-9, 2.9422990101880225e-8, 5.783722952748006e-7, 9.136747085864438e-9, 1.942259646064337e-9, 0.0007116759430798713, 0.0007116682069003318, 0.31495480825786853, 0.31424314379391766, 0.15421382490519414, 1.559390995668045e-8, 0.3149548294478596, 5.825454509174691e-7, 0.5315430077146331, 0.13986484525004, 5.888930832873486e-9, 0.3406748872731945, 0.3149554410551964, 1.0909280700232812e-8, 1.2282251597860644e-8, 0.15421386223086278, 7.958891863243967e-9, 2.093206751694456e-9, 1.766214477582062e-8, 5.852870525093042e-7, 5.869175531425225e-7, 5.713812400560701e-7, 1.8520691931972678e-9, 8.015233512881919e-8, 5.810897825761491e-7, 2.8814340085423377e-9, 4.302845346488306e-9, 0.34508119341122323, 3.082485907145618e-8, 4.207867623108407e-9, 2.350075388748271e-9, 6.675908515160115e-9, 5.518445811217214e-7, 2.135512615366422e-9, 0.1542139156840241, 0.15421390828392573, 6.1081931693628245e-9, 0.15421391829628903, 0.15421381382604035, 3.6634237819450995e-9, 0.1542139195602557, 2.6139384975943418e-9, 9.301050583246355e-9, 0.15421386191925363, 7.071145773853067e-9, 0.6549180326330627, 0.16002969671536366, 3.653100829921398e-9, 3.948829804854315e-8, 1.8923448546417064e-8, 0.3450811928072382, 3.072825761601751e-9, 0.31424315075040177, 5.786680543487146e-7, 0.15421386120477001, 4.245748242957937e-9, 1.5701364024536003e-9, 2.4604694801719903e-9, 0.3142431680458836, 5.106553065315915e-9, 2.344084185990672e-9, 3.6402845773758554e-9, 4.689046245997298e-9, 5.323875180254248e-9, 1.9424929439075858e-9, 0.3142431433865422, 5.349687400293485e-9, 0.15421384865686336, 0.31424205132358685, 4.051035920333705e-9, 2.5902521099464445e-9, 2.297627751863881e-9, 4.843117764586995e-9, 2.302297984664606e-9, 0.31424315575249945, 0.3142431374359159, 0.1542137187260622, 5.734996758014824e-7, 4.584634777797712e-9, 0.31424315440310296, 5.673719022486192e-7, 4.890121534587138e-9, 0.15421386184452673, 0.1542137196835047, 2.3601877062506974e-9, 2.092899542497559e-9, 5.776589299104401e-7, 1.168875444012462e-8, 0.15421370372614765]
v_opt: [0.4541079980236021, 0.6857568391376672, 0.47026242595791423, 0.09874881765634073, 0.09874875799822957]
solution time: 0.014639139175415039
McCormick lower bound: -5.292569377015371

