x_opt: [0.7908385438426716, 0.31485084762220045, 0.7908385479864507, 0.2091614015214031, 0.7908385462680341, 0.20916144257593247, 0.7908385558812623, 0.4706855370118974, 0.2666969553709996, 0.20916145352675453, 0.2090625281799933, 0.7333030425655258, 0.20916145362011404, 0.20916144342186094, 0.20916139959291025, 0.3148508561736097, 0.20916139821780166, 1.426568012840561e-9, 0.20916138023610437, 0.2091613760629521]
w_opt: [0.7908385430982772, 0.581677090280629, 4.2111466109178213e-10, 3.4982577525908715e-10, 0.524141586696439, 0.20916145219082297, 3.109852631330644e-10, 1.5856205212789118e-9, 0.20916139761202876, 8.831505585168629e-10, 3.038022147548776e-10, 0.10568939584753118, 0.10568939710988044, 0.314850845753705, 0.2091614532649482, 0.20916144287897737, 1.3056170082164766e-9, 0.3148508473622544, 0.2091614006442036, 0.5816771040539017, 0.26152408525338205, 4.337503083783522e-9, 0.5241415918443403, 0.31485085442687494, 1.4326596087873987e-9, 1.1975271989856615e-9, 0.20916138002229306, 1.2493915668627667e-9, 2.668028322225391e-10, 1.6977852636649128e-9, 0.20916140117867757, 0.20916140114897203, 0.20916139897572733, 1.9215619681233286e-10, 8.204615352433018e-9, 0.2091613980362004, 2.4861382159200803e-10, 4.314936615186646e-10, 0.26669695520056824, 4.016079754430779e-9, 8.745293648744504e-10, 2.5131289283837896e-10, 6.178077427794619e-10, 0.20916139313328086, 2.0496118632931118e-10, 0.2091614417702164, 0.20916144151059773, 6.140285461360091e-10, 0.209161442174066, 0.2091614408935715, 4.5563294802534215e-10, 0.20916144235226086, 2.9476937364894814e-10, 8.96249675564267e-10, 0.2091613799966744, 8.782560883796363e-10, 0.733303042324479, 2.7534106750347922e-8, 4.471571506932922e-10, 7.700938149879276e-10, 2.04520493756613e-9, 0.2666969550994871, 3.2712267054924845e-10, 0.20916139867423408, 0.2091613978547327, 0.20916137984360927, 5.446309738534635e-10, 2.1429376241558027e-10, 1.0747679454558363e-9, 0.20916145335359912, 3.451587243151057e-10, 2.9061164545957625e-10, 3.292197671556231e-10, 4.280822144040057e-10, 4.959838851407307e-10, 1.716709364182597e-10, 0.20916145286995944, 9.113965561531142e-10, 0.2091613778493903, 0.20906252812430332, 4.2088825495703537e-10, 1.91443218227159e-10, 2.102791777347422e-10, 6.56177105410382e-10, 2.7091194909015866e-10, 0.2091613993406888, 0.20916144848050214, 0.2091613755993636, 0.2091613967224849, 4.919555649445814e-10, 0.20916139919454688, 0.2091613960937553, 4.4605141792096326e-10, 0.2091613797567008, 0.20916137581539915, 2.597406536163877e-10, 2.437878250503207e-10, 0.20916137473494203, 1.1275155069445432e-9, 0.20916137526144776]
v_opt: [0.4706855367376521, 0.7908385476782241, 0.6254259142069826, 0.043748526111822165, 0.04370715522567077]
solution time: 0.01285696029663086
McCormick lower bound: -5.357349333692881

