x_opt: [0.7680041972085941, 0.2850326702841195, 0.7680042450610404, 2.032448514878029e-6, 0.7680041310090374, 0.23199572467109586, 0.768004300394088, 0.5903270047852706, 0.41558467542846533, 0.23199578861063616, 0.2319957959461417, 0.5844150942723164, 0.23199580339680936, 0.23199565929286747, 0.23199573503036452, 0.28503268938465864, 1.9892176128925198e-6, 2.1007127519741542e-8, 0.2319956472801056, 0.23199565114276618]
w_opt: [0.7680041891425969, 0.5360083296714476, 5.119380938665259e-9, 3.733465745009871e-9, 0.3524192943508293, 0.2319957813491959, 6.832485787156278e-9, 3.897203298513833e-8, 1.9806986754947866e-6, 1.3899886401002757e-8, 2.0581249002070295e-9, 0.053036919362440836, 0.05303687083734568, 0.28503263212612406, 0.23199578715172933, 0.23199565306212416, 2.5787811282673048e-8, 0.2850326665556756, 2.0183951510868564e-6, 0.5360085473326538, 0.358331254087988, 5.083917277840397e-8, 0.35241935887314535, 0.2850326504832821, 2.4960728199440763e-8, 1.741491739474993e-8, 0.2319956442720344, 2.8717254602243972e-8, 3.885519224314178e-9, 4.9248314496975214e-8, 2.0255440098068084e-6, 2.0259206483143643e-6, 1.9965363554906567e-6, 2.253597327281572e-9, 1.6824697784378223e-7, 1.9869809014226015e-6, 3.2961674205723977e-9, 6.352119051763558e-9, 0.41558467383365233, 9.110834790380434e-8, 8.995304025559285e-9, 3.0442587159457017e-9, 9.78452458541659e-9, 1.938253851656232e-6, 3.851863408023612e-9, 0.23199571790507256, 0.23199569934029468, 2.0314877398430465e-8, 0.23199572030065774, 0.23199563394881992, 6.340502111807645e-9, 0.2319957228915495, 4.236328175577381e-9, 1.4421973855154593e-8, 0.2319956443493556, 1.566792354853461e-8, 0.5844150924134403, 1.534840809195454e-6, 1.0373188653861621e-8, 3.4855609258363514e-8, 6.399326178423335e-8, 0.4155846714573353, 5.2485706325030315e-9, 0.23199571925667326, 1.983739772143145e-6, 0.2319956411704162, 1.4152020950594451e-8, 2.4680724209485038e-9, 2.8608837269695945e-9, 0.2319958012149037, 7.596997673584132e-9, 3.911373802704845e-9, 4.6088494938627054e-9, 6.842828074807325e-9, 8.858284886880378e-9, 1.880223171318686e-9, 0.23199578564550383, 1.854817631702129e-8, 0.2319956211941189, 0.2319957926664129, 6.5649154582209774e-9, 2.364938546686706e-9, 2.636923208815149e-9, 1.0337410300686863e-8, 3.7210658022050073e-9, 0.23199573322863293, 0.23199572686973607, 0.23199564583726837, 1.960134261419448e-6, 7.1082175411253105e-9, 0.2319957277182153, 1.9636380447016284e-6, 9.500465554478373e-9, 0.23199564137433834, 0.23199564754389065, 3.784517361732963e-9, 2.657931906518434e-9, 1.9733774722387007e-6, 1.734625784533529e-8, 0.2319956333294872]
v_opt: [0.5903269996169387, 0.7680042425317336, 0.5898303480806791, 0.053822049925449256, 0.05382208216933168]
solution time: 0.014627933502197266
McCormick lower bound: -4.334256158584964

