x_opt: [0.819829204534009, 0.20618716042765006, 0.8198292175661561, 0.180170780825976, 0.8198291993376817, 0.1801707322137018, 0.8198292477897775, 0.8198214889453294, 0.5956627706600109, 0.1801707928407794, 0.1595931257846786, 0.8046725753441478, 0.18017079431190494, 0.18017074892347795, 0.18016978067429062, 0.20618722500326817, 0.1801707415601455, 1.3717841313642215e-8, 0.18016973154802457, 0.1801696480209378]
w_opt: [0.8198292004646786, 0.6396584063167926, 6.6664233671107505e-9, 3.2616510544325914e-9, 0.6245017831412558, 0.18017077979094845, 3.0853745804536968e-9, 7.934056333529931e-9, 0.18017073497154287, 7.744788333485308e-9, 3.1146492837498855e-9, 0.02601638091722715, 0.02601637290465008, 0.20618714507126043, 0.18017078929686736, 0.1801707425434676, 9.434279869453893e-9, 0.20618715776968902, 0.18017077166945894, 0.6396584673165435, 0.6396507092616744, 2.105105079802541e-8, 0.6245018054522864, 0.2061872072780342, 1.0923548761126893e-8, 1.14275845388288e-8, 0.1801697292673193, 6.368991006731109e-9, 3.2672375546593736e-9, 1.2270148597054331e-8, 0.1801707775252508, 0.18017077547085492, 0.18017076028232132, 2.1288820260304284e-9, 6.109772455233127e-8, 0.18017073944465245, 2.5440675720151245e-9, 4.33960354658197e-9, 0.5956627688105766, 2.1825710902828046e-8, 6.936036955102733e-9, 2.9461811459789487e-9, 5.680588683885889e-9, 0.18017069909468886, 1.863332177372221e-9, 0.18017072263186273, 0.18017072204781384, 5.948256334231998e-9, 0.1801707257771089, 0.18017072098129885, 4.343445187007485e-9, 0.18017072944752216, 3.1698118242425635e-9, 8.003819136856465e-9, 0.18016972915144608, 7.727529678401856e-9, 0.8046725726603302, 3.764704739327481e-7, 4.880384890217987e-9, 5.212178958030955e-9, 9.869865779472337e-9, 0.5956627676452928, 3.3255087443095574e-9, 0.18016977104079893, 0.1801707379129308, 0.18016972729301628, 6.492056457407646e-9, 2.6227071189479623e-9, 0.40033535009197446, 0.18017079064725933, 3.044562741010711e-9, 3.2441745354145635e-9, 3.102637945628851e-9, 3.804547894891736e-9, 4.077578350938836e-9, 1.8911786918458348e-9, 0.18017078775112705, 9.121024873489598e-9, 0.18016971239969215, 0.159593123243224, 3.975848361890896e-9, 2.0024399149771505e-9, 2.242689136246036e-9, 7.784424117624992e-9, 2.94162146899971e-9, 0.1801697771174083, 0.18017076030149662, 0.18016964240218827, 0.18017072569558584, 4.790539916052555e-9, 0.18016977600806025, 0.1801697677538161, 4.241576936716706e-9, 0.1801697245645529, 0.18016964553583234, 2.7807110968606138e-9, 2.7696086534251096e-9, 0.18016963817087037, 1.0215151557341943e-8, 0.18016964517874137]
v_opt: [0.819821486135968, 0.8198292136238645, 0.6721201095367918, 0.03246153219659087, 0.0254701087641868]
solution time: 0.014564990997314453
McCormick lower bound: -5.700507016345271

