x_opt: [0.7249403366878872, 0.3486869761702483, 0.7249403587776091, 0.16286961050904478, 0.7249402838169822, 0.17041452996988715, 0.8295869933074519, 0.3895908525473046, 0.2750596993343991, 0.2750596501890415, 0.20660852112768827, 0.7249402985835733, 0.27505964662236654, 0.17041302159683083, 0.27505945266441245, 0.3486875409875108, 0.1628695901594425, 4.4099356016531884e-8, 0.16287196887582522, 0.16286960590464453]
w_opt: [0.7249402931819151, 0.44988062514098137, 1.673723664248207e-8, 7.826985321647626e-9, 0.44988064227074775, 0.2750596083115425, 8.574878575813768e-9, 2.9796729263439696e-8, 0.1628695754743862, 2.8603145658015485e-8, 1.0002289800486424e-8, 0.0736273393569228, 0.07362730998500447, 0.3486869125923159, 0.27505964598908816, 0.17041300416875751, 3.333766167016727e-8, 0.3486869720728634, 0.16286958875896576, 0.5545273557960473, 0.11453121639200908, 1.1012001821284328e-7, 0.4498806909167498, 0.34868749091174084, 3.5014897444468386e-8, 4.0750577387247125e-8, 0.1628719649331309, 3.33915862359812e-8, 5.6149721942741586e-9, 4.644414742102582e-8, 0.16286960363625883, 0.16286960293165192, 0.16286956564917718, 4.396152059495936e-9, 3.7480810075388425e-7, 0.16286958378159633, 6.643921393692345e-9, 1.1887564548595857e-8, 0.2750596961617104, 8.481479677784974e-8, 6.945933262674641e-9, 7.5795237336194e-9, 1.5244129633002828e-8, 0.1628695087059542, 4.416074205743087e-9, 0.17041450497563318, 0.17041450326070498, 1.590945183824933e-8, 0.17041451942408237, 0.1704129883709514, 1.2879974326640844e-8, 0.17041452552421585, 7.553216538934021e-9, 2.9607323136522324e-8, 0.1628719650709734, 3.515728279290182e-8, 0.7249402935850445, 0.10464993549636041, 2.5377742170947125e-8, 1.8349175146414278e-8, 2.895024801142812e-8, 0.27505969377956907, 7.714082767427605e-9, 0.27505943581379866, 0.1628695815794032, 0.16287195943161517, 1.531814834044749e-8, 6.023312102094384e-9, 4.0579492565888544e-8, 0.2750596414349515, 8.314093145202554e-9, 7.266602384606884e-9, 8.29522491341946e-9, 1.0204018612905195e-8, 1.1148445732877537e-8, 5.105020195911294e-9, 0.2750596306389303, 2.227506305709261e-8, 0.16287193490876908, 0.20660851812998582, 1.3041418473196622e-8, 5.0059892555860096e-9, 5.304441708344753e-9, 2.1854727946278628e-8, 8.018479937978693e-9, 0.27505944842845664, 0.27505958178142215, 0.16286959451697772, 0.16286957316566397, 1.6287288882913744e-8, 0.2750594463180869, 0.16286955025556685, 1.165372121824148e-8, 0.16287195951957975, 0.1628695948141334, 7.072717221893852e-9, 6.310263893160703e-9, 0.16286952356984263, 3.8816344128592676e-8, 0.16286944498780723]
v_opt: [0.3895908477133638, 0.7249403520502078, 0.5255384211229297, 0.07565781657452895, 0.04268729240358675]
solution time: 0.01388406753540039
McCormick lower bound: -7.393597908530913

