x_opt: [0.3192572699155516, 0.10680473699169335, 0.8932031196755005, 0.10680027692115993, 0.8931997255315843, 0.10679697373706476, 0.7479366779736815, 0.8932030934605564, 0.8931997225717445, 0.10679692865265764, 0.10679687020580052, 0.7479336110281035, 0.10679697955830192, 0.10680026778149776, 0.10679680800450506, 0.3439711432300545, 0.10680025994349142, 2.1066939308100032e-8, 0.10679682597748297, 0.10679680397510591]
w_opt: [0.3192572655962458, 0.2124569975704341, 5.843197021494078e-9, 3.5091848087593807e-9, 0.06719088426533597, 0.10679694803725762, 4.419086617264139e-9, 1.2256412016412997e-8, 0.10680025317985477, 1.3395848983745019e-8, 2.8292883575657977e-9, 7.859732810477346e-6, 4.530154352693183e-6, 0.10680471944500111, 0.1067969232007233, 0.10680025809218878, 1.8359980982182607e-8, 0.1068047345133334, 0.10680026398214255, 0.6411397999988052, 0.7864062193279311, 9.308472065137178e-8, 0.6411367552965054, 0.34397111948154413, 3.3972320024228017e-6, 1.6984522757456648e-8, 0.10679682300588934, 1.0128297421057473e-8, 9.407401144858104e-9, 2.3086983920466513e-8, 0.1068002730498951, 0.10680027152335207, 0.10679691076845393, 2.9137093199852763e-9, 1.4609033444110517e-7, 0.10680025718791913, 2.8373279343338133e-9, 5.407052248759832e-9, 0.8931997198531892, 2.1558716392622816e-8, 4.74697191397638e-9, 4.951122830322001e-9, 6.343589954915959e-9, 0.10680015785006686, 2.4283770334718814e-9, 0.10679696290843632, 0.10679695419241728, 7.785672531851143e-9, 0.10679696369598524, 0.10679696348041144, 5.584927126268101e-9, 0.10679696961019627, 4.61905088943529e-9, 1.359180614784369e-8, 0.10679682262968772, 8.268818983798137e-9, 0.747933607931407, 3.7963488846263506e-7, 3.3060573414878756e-9, 5.323713200377694e-9, 1.446872387012412e-8, 0.8931997180359027, 4.950072996188611e-9, 0.10679678260504862, 0.10680025633622121, 0.10679682198479978, 4.910197510511749e-9, 3.7066707284779365e-9, 0.6411333442317096, 0.10679697264513605, 3.49587022823746e-9, 4.908253257343192e-9, 3.884762113085709e-9, 5.9314353187877236e-9, 6.316031801200201e-9, 2.335148068789645e-9, 0.10679692180351713, 1.608528468799224e-8, 0.1067967797204275, 0.10679686484783327, 5.300466089817227e-9, 2.2461632438419504e-9, 3.812300998452611e-9, 8.504013741821491e-9, 3.2312505898452146e-9, 0.10679680258131784, 0.10679692970596066, 0.10679679898034296, 0.10680020406511508, 4.403503820875195e-9, 0.10679680182158059, 0.10679678741600335, 6.167351300098143e-9, 0.10679679294170108, 0.10679679918136442, 2.8475486511598885e-9, 3.810664520800258e-9, 0.10679678838795115, 1.6094599323719092e-8, 0.10679679987484945]
v_opt: [0.8932030904551372, 0.8932031163379928, 0.7978059598747298, 0.011405861182574025, 0.0114056713805127]
solution time: 0.014410972595214844
McCormick lower bound: -3.6942283049983105

