x_opt: [0.6538438623168946, 0.3461563971697038, 0.6538438625784888, 0.07331518488918254, 0.6538438874769917, 0.15760346884420082, 0.842396549890369, 0.424172295704651, 0.34615634363694214, 0.34615611287166015, 0.21808815203227838, 0.6538436540307022, 0.3461561159688005, 0.15760345133294126, 0.34615611269152763, 0.34615663913529066, 0.07331517393018236, 9.105595336536e-9, 0.07331527490139061, 0.07331516392841311]
w_opt: [0.653843858363566, 0.3076877511689091, 2.165634119488913e-9, 2.1239098645814918e-9, 0.3076875179441653, 0.3461561097219286, 1.6475204353660627e-9, 5.9273451790383945e-9, 0.07331517043377488, 5.630823064170246e-9, 1.9400423236801243e-9, 2.609023355358263e-7, 2.9653650669505164e-7, 0.346156385860896, 0.34615611139655245, 0.15760344742847612, 6.871621884158453e-9, 0.34615639597430775, 0.07331517986734598, 0.49624041389778784, 0.07801615995306227, 2.49954647265039e-9, 0.30768752335476973, 0.34615663163729105, 7.633151083867847e-9, 8.011250860831695e-9, 0.07331527366258363, 5.4191787854534875e-9, 1.2690986461231613e-9, 9.012749600213911e-9, 0.07331518278624968, 0.07331518218840798, 0.07331517334279196, 1.192810531802175e-9, 7.853795380715829e-8, 0.07331517248278487, 1.6910240678913627e-9, 2.8881916428394182e-9, 0.34615634246809796, 1.3966862234346962e-8, 4.581462631426572e-9, 1.732409237611995e-9, 5.836582041373788e-9, 0.07331514727864542, 1.1290705536889144e-9, 0.15760346282984786, 0.15760346308228884, 3.0361443929274647e-9, 0.15760346621159485, 0.15760343887878114, 2.8666844807980647e-9, 0.15760346751239618, 1.6851168196600854e-9, 5.67737381098281e-9, 0.07331527345288795, 5.196061472546309e-9, 0.6538436523497085, 0.18855287125777923, 3.784029850640188e-9, 4.313812833180019e-9, 7.4242170015532935e-9, 0.3461563422142201, 1.9021419246987578e-9, 0.34615610862821644, 0.07331517139411799, 0.07331527252751333, 2.5959820845502363e-9, 1.2810659261660186e-9, 4.273880075247211e-9, 0.34615611455590584, 2.110423258581571e-9, 1.6689785629194864e-9, 2.0915007829175022e-9, 2.592467179092227e-9, 2.750770447709816e-9, 1.0994153549480543e-9, 0.3461561109930056, 3.567310614264916e-9, 0.07331526353079988, 0.21808815090982592, 2.6460724841668128e-9, 1.3130746965874686e-9, 1.19850003550161e-9, 3.3428849304028417e-9, 1.752910395431252e-9, 0.3461561106196213, 0.3461560903876499, 0.07331516105131515, 0.07331516879025632, 3.478395572087988e-9, 0.3461561106357462, 0.07331516383711247, 2.457593947236762e-9, 0.07331527220591869, 0.07331516207509715, 1.6126953783936567e-9, 1.5350097778564528e-9, 0.07331514766409737, 7.452992526997739e-9, 0.07331515826037495]
v_opt: [0.4241722942668867, 0.6538438605839443, 0.42751214366467993, 0.11982411361320539, 0.04756245357880411]
solution time: 0.012402057647705078
McCormick lower bound: -7.193261793157162

