x_opt: [0.8193662963906059, 0.20861887890882447, 0.8193663802545866, 0.18063362952791062, 0.8193663154301102, 0.18063357534807653, 0.8193663906225228, 0.8193755180930892, 0.601682910397738, 0.18063368041063532, 0.1494423569215372, 0.803188121838969, 0.180633679382383, 0.18063360505364134, 0.18062487791299808, 0.20861889724687627, 0.18063356097140026, 1.8422019692968554e-8, 0.18062426672992382, 0.18062406403396003]
w_opt: [0.819366290641727, 0.6387326152028243, 8.18096282003853e-9, 4.312087059373063e-9, 0.6225544225777976, 0.18063365923571606, 4.15229790758169e-9, 1.0685476682419663e-8, 0.18063355225664107, 1.0418795127102118e-8, 4.17299760084737e-9, 0.027985262681686177, 0.02798523271789072, 0.2086188582472156, 0.1806336746566149, 0.18063359719893612, 1.304177790161353e-8, 0.20861887495315296, 0.1806336172604351, 0.6387327735034187, 0.6387419020671449, 7.53740028091337e-8, 0.62255451926599, 0.2086188736826761, 4.3722813983240885e-8, 1.5335400506249933e-8, 0.18062426369252924, 8.556399147459111e-9, 4.548698361964296e-9, 1.6566552594383832e-8, 0.18063362515324657, 0.1806336223929428, 0.180633594818851, 2.8710249433375236e-9, 7.942297736658596e-8, 0.1806335581474635, 3.3887104700332582e-9, 5.846582306276306e-9, 0.6016829079550589, 3.3059009439404176e-8, 1.0964727900368767e-8, 4.101034050397179e-9, 7.572109217263244e-9, 0.18063350315803411, 2.4934897165442444e-9, 0.1806335622586371, 0.18063356150502619, 7.772213740554477e-9, 0.1806335668812962, 0.18063356163636624, 5.914203107905133e-9, 0.1806335717144668, 4.299329176402182e-9, 1.07338882165465e-8, 0.18062426351454902, 1.0338371430178737e-8, 0.8031881182491346, 5.107334186155159e-7, 6.403415275891685e-9, 6.8648911623627865e-9, 1.3207554764453447e-8, 0.6016829063690368, 3.999497135115742e-9, 0.18062486468879047, 0.18063355616355256, 0.18062426114605526, 1.3217667037662436e-8, 3.5914218447575594e-9, 0.4048710507714364, 0.18063367437225689, 4.0558038402395645e-9, 4.337658801366766e-9, 4.166188516630805e-9, 5.187356964068932e-9, 5.5505207623177945e-9, 2.5203212836015053e-9, 0.18063367195993327, 1.2356314611889807e-8, 0.18062424161781437, 0.14944235352922458, 5.343649325864555e-9, 2.661222889651143e-9, 3.031828397205276e-9, 1.0293862246016526e-8, 3.928991708339133e-9, 0.18062487311664882, 0.1806335293216514, 0.18062405663365236, 0.18063352456015677, 6.372945300900076e-9, 0.18062487176792924, 0.1806248598029456, 5.667642738247983e-9, 0.1806242582231714, 0.1806240606981054, 3.695383299238146e-9, 3.746562086043989e-9, 0.18062404982207556, 1.3732473169415485e-8, 0.18062405022231928]
v_opt: [0.8193755143953194, 0.819366375087237, 0.6713615695279246, 0.032628541427641336, 0.02233321003225219]
solution time: 0.01299595832824707
McCormick lower bound: -5.591198683619235

