x_opt: [0.6881299462640041, 0.3379713959794848, 0.6881299467503534, 2.346940245417233e-8, 0.6881299476840168, 0.17123439304630647, 0.8287656087915611, 0.4061383564463566, 0.3118700579882641, 0.3118700528622015, 0.28649714011342, 0.6236945939895511, 0.3118700528992085, 0.17123439087534142, 0.3118700521941308, 0.33797139659603787, 2.269252029058051e-8, 9.38094521380097e-10, 0.17123439209710048, 0.1712343907725838]
w_opt: [0.6881299460614698, 0.3762598940885012, 2.774655131141232e-10, 2.18680154459463e-10, 0.31182454043393104, 0.3118700522034818, 2.4449527414511657e-10, 9.098695156083441e-10, 2.224531924203198e-8, 5.464434492247364e-10, 1.5582685153418594e-10, 0.026101342859591883, 0.026101344809323194, 0.3379713946349946, 0.3118700526818444, 0.1712343905162089, 7.074365392231373e-10, 0.3379713956793873, 2.2881307973457518e-8, 0.5168955556649977, 0.09426830331524885, 4.133456989529257e-10, 0.31182454135368143, 0.33797139542562676, 7.15306633996599e-10, 7.677754807203814e-10, 0.17123439189849118, 5.349743052443329e-10, 2.0164580771186557e-10, 1.0154830185968718e-9, 2.3116485230366934e-8, 2.3208506969851918e-8, 2.2328751810467102e-8, 1.3740220437569015e-10, 3.5343423188373166e-9, 2.250608830328841e-8, 2.120105576474979e-10, 2.8901227054217574e-10, 0.31187005781333144, 2.7381641540345433e-9, 9.040599444547609e-10, 1.7054858910266426e-10, 6.29634459757548e-10, 2.0741443202992246e-8, 1.4982570475622603e-10, 0.17123439262772683, 0.17123439219838663, 4.940262499550992e-10, 0.171234392766547, 0.1712343901714061, 2.465717985938199e-10, 0.17123439289924053, 1.8660129249801422e-10, 5.696575004228737e-10, 0.17123439188864564, 5.226967200369304e-10, 0.6236945938110093, 0.14063567625868362, 3.2817796987909996e-10, 1.5593752427005403e-9, 1.6966105208061932e-9, 0.3118700577545769, 2.36997696528354e-10, 0.3118700516708853, 2.2322519105205075e-8, 0.17123439178544803, 3.922258492406175e-10, 1.155193237009837e-10, 1.8091541740824327e-10, 0.3118700527406029, 3.2564845448503814e-10, 1.9157524708981028e-10, 2.4673652346729476e-10, 2.7707122990350034e-10, 3.143636382296197e-10, 1.405230272860502e-10, 0.31187005255308997, 4.3673654502218674e-10, 0.17123439082187664, 0.28649714011807564, 2.6890629836881236e-10, 1.8545283266960508e-10, 1.5474905960259747e-10, 3.990511042492141e-10, 1.7808562872480774e-10, 0.31187005201430806, 0.311870049477901, 0.1712343904536122, 2.204880436603567e-8, 3.4450680527917534e-10, 0.31187005187893, 2.1678621675452388e-8, 3.4805097691919236e-10, 0.17123439184903322, 0.1712343906272214, 1.8780323794242614e-10, 1.5510094849416402e-10, 2.2198621416672713e-8, 7.101993547292464e-10, 0.1712343905060052]
v_opt: [0.4061383561865765, 0.6881299464147214, 0.4735230091085754, 0.09726321706765716, 0.08208061269254047]
solution time: 0.014528036117553711
McCormick lower bound: -5.697566852877484

