x_opt: [0.6353514503002492, 0.36464854487754633, 0.6353515000089051, 5.393534709288287e-7, 0.6353514118677487, 0.15944973595564138, 0.8878497303390153, 0.3646487787746998, 0.36464870403524063, 0.36464853567525973, 0.22868254835832108, 0.6353512797302067, 0.36464859744915984, 0.11215043170405606, 0.3646485117837034, 0.364648551684793, 5.378488184070197e-7, 2.2186051721638518e-8, 0.11214990308599063, 0.11214991645103865]
w_opt: [0.6353514438117369, 0.2707028667313336, 9.376005895252133e-9, 6.633490832085616e-9, 0.2707027343753875, 0.36464858179970133, 5.143594378472624e-9, 3.712272334818463e-8, 5.269793843985298e-7, 1.3180937483928174e-8, 5.959069296685571e-9, 4.9163429854486516e-8, 5.851747056173214e-8, 0.3646485029884842, 0.36464852583082885, 0.11215041926105489, 2.037758671416824e-8, 0.3646485273362575, 5.248454285846743e-7, 0.5232012339479171, 2.8253426185235393e-7, 5.444539652465188e-8, 0.27070279657397367, 0.3646485303317122, 2.3025987617417737e-8, 1.9210170236007393e-8, 0.1121498991658878, 1.9093220335611687e-8, 3.7040015612979613e-9, 2.6716703815057713e-8, 5.317355760675693e-7, 5.312760166698732e-7, 4.973796231435572e-7, 3.50638302055942e-9, 1.4073003848846177e-7, 5.307455133216481e-7, 5.352196688218012e-9, 8.561306831206406e-9, 0.3646486996518143, 2.8049892052336864e-8, 1.7078741839237786e-8, 5.538674202402906e-9, 1.2018266020803401e-8, 4.6804964873203563e-7, 3.57579832853368e-9, 0.1594497202127515, 0.15944971848643338, 9.190891031756927e-9, 0.15944972863711224, 0.11215040219652696, 8.06550916063823e-9, 0.15944973242141378, 4.7988472877679656e-9, 1.324422262429594e-8, 0.1121498986279172, 1.733820211239252e-8, 0.635351274341611, 0.25249901980911965, 1.6660203118546705e-7, 1.5175280035356914e-8, 2.8638920026337163e-8, 0.36464869782213233, 5.961893333469241e-9, 0.36464849288601864, 5.278107005077002e-7, 0.11214989565580293, 7.786289294145284e-9, 3.357145800915889e-9, 5.6231407318163114e-9, 0.36464859407688016, 7.928880019438075e-9, 4.859031723093218e-9, 6.224538072008808e-9, 8.266427061526346e-9, 8.528323577046598e-9, 3.598422956553443e-9, 0.36464853106234346, 8.913798286549371e-9, 0.11214987003268657, 0.22868254523807638, 7.331690082092279e-9, 4.765461278462453e-9, 3.659649177009327e-9, 1.116124416728795e-8, 4.827248942773108e-9, 0.3646485079416247, 0.3646483817653996, 0.11214990759929534, 5.256611655760615e-7, 1.264627687927719e-8, 0.36464850601191573, 5.081626787759876e-7, 6.778372338767521e-9, 0.11214989689914259, 0.1121499102104248, 5.1104514256324006e-9, 4.056694234297363e-9, 5.203822983361959e-7, 1.7810232366789665e-8, 0.1121498524814773]
v_opt: [0.3646487740233188, 0.6353514926930163, 0.4036715376361622, 0.1329685880549227, 0.05229575368061293]
solution time: 0.013180971145629883
McCormick lower bound: -8.800008488278321

