x_opt: [0.7994121292022618, 0.20059065622974354, 0.7994121430743741, 0.20058783419893816, 0.7994120863095022, 0.20058785175394342, 0.7994121426886932, 0.547051320040001, 0.28056444530684327, 0.20058786205846127, 0.20055904940980543, 0.7194356069009127, 0.20058789884002093, 0.20058785132302365, 0.20058780307247218, 0.3334355806508331, 0.20058782133279746, 1.8460224407227964e-8, 0.2005877383079799, 0.20058771285682445]
w_opt: [0.7994121248119592, 0.598824218332788, 7.0304551489925e-9, 4.03078797070787e-9, 0.5188477398207246, 0.200587880942443, 4.922261701331504e-9, 1.3420060607636478e-8, 0.2005878132202711, 1.0740056247302592e-8, 3.7221065941454235e-9, 2.802582109524894e-6, 2.7636571388881594e-6, 0.2005906351349605, 0.2005878577037473, 0.20058784315459288, 1.4860308215373977e-8, 0.20059065301490245, 0.2005878224469711, 0.5988242885027514, 0.34646346690224333, 1.875051360233957e-8, 0.5188477657447721, 0.33343556076184666, 1.3559406823417708e-8, 1.5252602191416578e-8, 0.20058773505389793, 9.009006184362379e-9, 3.4953802829063652e-9, 1.7018862953842403e-8, 0.2005878292679405, 0.20058782821114046, 0.20058780828403722, 2.944717301880051e-9, 8.151216405778571e-8, 0.20058781801452763, 3.5838270466380794e-9, 6.076880177817544e-9, 0.2805644427331928, 2.2415147695662425e-8, 5.58531089054227e-9, 4.1311497580239295e-9, 6.9202347531476436e-9, 0.20058776551343002, 2.7387865879871243e-9, 0.20058784043580705, 0.20058783738492922, 7.721547149939197e-9, 0.20058784401772484, 0.2005878307119784, 5.683090087601439e-9, 0.20058784816286962, 4.196707434741292e-9, 1.0915864413755954e-8, 0.20058773469777313, 9.153395736283078e-9, 0.719435603164037, 1.1465179777291584e-6, 5.353554807107486e-9, 7.524659004021306e-9, 1.5359626815791057e-8, 0.2805644412102149, 4.343934609784195e-9, 0.2005877906099175, 0.20058781606703285, 0.20058773313391565, 6.417699634990602e-9, 3.163229603440496e-9, 5.807571521157297e-8, 0.2005878947694805, 4.6552245602552154e-9, 3.966151964437857e-9, 4.485799349729412e-9, 5.848576235511779e-9, 6.207268450727741e-9, 2.6977279451110223e-9, 0.2005878575576928, 9.477862231731885e-9, 0.20058770661298397, 0.2005590459386669, 5.309002143588263e-9, 2.9470578592442786e-9, 3.3614897878577166e-9, 8.679158705937466e-9, 3.6444976424034645e-9, 0.20058779917982353, 0.200587836080044, 0.20058770652715738, 0.20058780506702728, 6.123834549471453e-9, 0.20058779734632579, 0.20058776771771544, 5.795477292445765e-9, 0.20058773080143888, 0.20058770930875258, 3.5080858109108944e-9, 3.5598100227166287e-9, 0.2005876997523287, 1.3958001859728544e-8, 0.2005877079910795]
v_opt: [0.5470513163720683, 0.7994121383688203, 0.6390598877155159, 0.04023557073077862, 0.04022393816717208]
solution time: 0.01569199562072754
McCormick lower bound: -5.126003488686437

