x_opt: [0.6710290628621255, 0.3289752882818813, 0.6710290654655743, 0.03659418016913942, 0.6710290661594501, 0.15181190711486692, 0.8481881358223184, 0.39139520415194406, 0.32897094408363603, 0.32897093290001517, 0.23833803340557697, 0.671029051659922, 0.32897093390557614, 0.1518118651483828, 0.32897092644499154, 0.3289752956904898, 0.036594177991938724, 7.218674932112949e-9, 0.1518118539476375, 0.11020524175456493]
w_opt: [0.6710290610401749, 0.3420581302902979, 2.436449945111101e-9, 1.7650138236793063e-9, 0.3420581160142028, 0.32897092839224445, 1.5796271980080351e-9, 5.919351018899758e-9, 0.0365941744685817, 4.1623256236279765e-9, 1.4591166060043725e-9, 4.355192139281856e-6, 4.361797558746403e-6, 0.32897527866804294, 0.32897093145730055, 0.15181186192677995, 5.147318483396543e-9, 0.32897528650461627, 0.036594175650565545, 0.5192172023361589, 0.06242427084946635, 4.322210703003675e-9, 0.34205812252091666, 0.328975287056801, 5.424061402975679e-9, 6.100718350856709e-9, 0.1518118526469662, 4.075689895951429e-9, 1.447546196486241e-9, 6.887225988181799e-9, 0.03659417798535263, 0.0365941778194722, 0.03659417219414671, 1.0502103319144995e-9, 3.24711452424411e-8, 0.03659417644268392, 1.5345411237362234e-9, 2.2766313935686437e-9, 0.328970942852097, 1.3317172125320829e-8, 3.83963497279972e-9, 1.3836506761263901e-9, 3.517693443906585e-9, 0.03659416061194443, 1.0446489764025664e-9, 0.15181190310040588, 0.15181190161423538, 3.2684847177641873e-9, 0.15181190462230557, 0.15181186022096466, 2.1310316563025293e-9, 0.15181190593163726, 1.4648962844557396e-9, 4.312573254792255e-9, 0.1518118526420569, 4.35807928945555e-9, 0.6710290502365176, 0.177159171338209, 3.6987784534277226e-9, 4.589848799582633e-9, 5.488716884862371e-9, 0.3289709425404669, 1.7919274513378733e-9, 0.32897092248228427, 0.036594175439216794, 0.15181185150552579, 2.8933002810513564e-9, 1.0175167842553725e-9, 2.0316141862368204e-9, 0.3289709325137716, 2.074908813999411e-9, 1.561177838301166e-9, 1.7862902061486884e-9, 2.019830362574974e-9, 2.2497843440591924e-9, 1.1027438021578307e-9, 0.32897093088277446, 3.499841714384521e-9, 0.15181184490418928, 0.23833803223503958, 2.120497214526577e-9, 1.2655283765208636e-9, 1.1904758485103996e-9, 4.021708915387508e-9, 1.4834924526493368e-9, 0.3289709249688472, 0.3289709087255551, 0.11020523895774485, 0.03659417367452381, 2.8763747704271408e-9, 0.32897092417952545, 0.03659417063321121, 2.3617520410083377e-9, 0.15181185170384184, 0.11020524056352754, 1.5089058606012404e-9, 1.2708679849249538e-9, 0.03659417373147451, 5.546574545280907e-9, 0.11020523993940173]
v_opt: [0.3913952024560995, 0.6710290632077991, 0.4502806951830754, 0.10822203876200004, 0.05680504657050213]
solution time: 0.014827966690063477
McCormick lower bound: -6.904119309119695

