x_opt: [0.636502990517504, 0.3634970010100378, 0.6365030155112883, 1.200042524527283e-7, 0.6365029924071935, 0.1584256794156929, 0.8866289582248411, 0.3662521196623147, 0.36349700464322243, 0.36349698327202695, 0.23156062989640747, 0.6365029505867973, 0.3634969998749758, 0.1133710448222656, 0.363496997090372, 0.3634970089823183, 1.1592641690744337e-7, 1.8256025650045628e-8, 0.1133710509126928, 0.11337104354933211]
w_opt: [0.6365029874695808, 0.2730059857938866, 5.2388446674630854e-9, 5.649536047812199e-9, 0.2730059444175309, 0.36349698675453107, 5.010097198602228e-9, 3.266333755950008e-8, 1.0789463237446465e-7, 1.0900455217887878e-8, 3.683091419298418e-9, 1.9809540177447118e-8, 4.106145532664069e-8, 0.36349697036225426, 0.3634969793073917, 0.11337103594651105, 2.257801802865346e-8, 0.3634969948867148, 1.0966137678058518e-7, 0.523131977249226, 0.002755138539611606, 1.0112199044785827e-8, 0.27300597950667604, 0.36349699194691465, 1.663499574561654e-8, 1.514713157460965e-8, 0.11337104666690763, 1.3427536257219677e-8, 3.0253605419064287e-9, 1.6430328092399563e-8, 1.1189165766465527e-7, 1.1504636019967647e-7, 9.410643856873046e-8, 3.176659901060927e-9, 3.957469153667547e-8, 1.1087690593675898e-7, 4.7865129553306906e-9, 7.165575901607875e-9, 0.3634970002335591, 2.8357799219448853e-8, 4.42116959831739e-9, 4.490477307215378e-9, 9.157081634957222e-9, 8.746641681121049e-8, 3.733480283785937e-9, 0.15842566915667278, 0.15842566207839678, 8.509107766700116e-9, 0.1584256743292865, 0.11337103046306218, 6.396227036652958e-9, 0.15842567625959314, 3.96921203774835e-9, 1.0809754225011228e-8, 0.11337104603458184, 1.0122038470853997e-8, 0.6365029456335118, 0.25012621192761875, 8.814578846893658e-9, 3.158245128128341e-8, 3.5280694656456025e-8, 0.3634970003831072, 5.262771054925102e-9, 0.36349698697414623, 1.0621031779191798e-7, 0.11337104491506161, 5.712585992211555e-9, 2.542620674548162e-9, 4.000285174643931e-9, 0.3634969959789049, 1.0033085889912619e-8, 3.739124479286024e-9, 5.932795142342386e-9, 8.358361744321494e-9, 9.102854240909807e-9, 3.7654437152830206e-9, 0.3634969791513665, 6.49088015780191e-9, 0.11337102148656662, 0.23156062652665402, 5.811572573331309e-9, 5.131454461876677e-9, 4.262099777062153e-9, 8.200734036595545e-9, 3.706215619395277e-9, 0.36349699294507193, 0.3634968358285171, 0.11337103761699673, 1.0426411448527201e-7, 8.46825872549261e-9, 0.363496990162985, 9.359344078644083e-8, 6.2271853119998575e-9, 0.11337104624559331, 0.11337103949862383, 3.910511353129284e-9, 3.328075058858277e-9, 1.0702362152108474e-7, 1.4173604838578034e-8, 0.11337103619372138]
v_opt: [0.36625211517657236, 0.6365030099679149, 0.4051364096694667, 0.13213006599183724, 0.0536205299549867]
solution time: 0.016397953033447266
McCormick lower bound: -6.663282449208468

