x_opt: [0.7479866301617462, 0.25201336966666843, 0.747986630917973, 0.09027683740934843, 0.7479866301139287, 0.2520133507100708, 0.7479866494115442, 0.6925016207547418, 0.41714301475040794, 0.2520133695873117, 0.22668212780469485, 0.5828569850555755, 0.25201336955954196, 0.25201335062620134, 0.2520133688897794, 0.25201338313148614, 0.09027683720767006, 4.046844454347096e-10, 0.09027683823137092, 0.09027683764488881]
w_opt: [0.7479866300853495, 0.49597326033025024, 1.405178864309801e-10, 1.1038648796854693e-10, 0.33084361528761913, 0.2520133692097828, 9.496366297646966e-11, 7.617955862948727e-10, 0.0902768370431703, 2.4707975121894686e-10, 8.848464028915306e-11, 6.431156185071984e-10, 8.706384980539093e-10, 0.25201336909310906, 0.2520133693914784, 0.25201335042621886, 6.113475713391873e-10, 0.25201336959187115, 0.09027683715085272, 0.49597328039931815, 0.4404882517460545, 5.971027247786717e-10, 0.3308436163362528, 0.25201338278439445, 3.107245217959793e-10, 3.420528199053083e-10, 0.09027683815958817, 2.2290490657318664e-10, 5.6648878176850276e-11, 4.4991062786954987e-10, 0.0902768372869285, 0.09027683728744708, 0.09027683673215235, 7.187150119691974e-11, 3.1517053225946843e-9, 0.09027683711560174, 8.889719553319854e-11, 1.7713587017558695e-10, 0.41714301468965354, 5.780334581130786e-10, 8.904330457694806e-11, 1.004983340418299e-10, 1.7368676760583525e-10, 0.0902768358731021, 6.860104100882124e-11, 0.2520133503964026, 0.2520133503442713, 1.557130527923436e-10, 0.2520133505974711, 0.2520133499968388, 1.6412718413205355e-10, 0.25201335063104024, 9.931545792040845e-11, 2.4236315752927147e-10, 0.09027683813463011, 2.1336321088783426e-10, 0.5828569849521115, 3.734112360143642e-8, 1.509123487684573e-10, 1.956439090800422e-10, 3.303165376570602e-10, 0.4171430146719118, 9.812590520990185e-11, 0.2520133686382525, 0.090276837067673, 0.09027683812593994, 1.064305131363372e-10, 7.139476576965447e-11, 2.571973040848084e-10, 0.2520133694878939, 1.3420955985139638e-10, 8.152499082228333e-11, 1.1591942958504101e-10, 1.9979157852988022e-10, 1.9574051263452433e-10, 6.88522527331641e-11, 0.2520133693892681, 1.5178987297478632e-10, 0.09027683758023532, 0.22668212773461055, 1.289575441839074e-10, 7.899577605066014e-11, 8.953755935969435e-11, 1.774616021321511e-10, 7.996806710540053e-11, 0.25201336881605885, 0.25201336562110116, 0.09027683752671208, 0.09027683690568362, 1.584445640196153e-10, 0.2520133687629877, 0.09027683661661916, 1.2012853848037925e-10, 0.09027683811012495, 0.09027683754957029, 7.777858488723783e-11, 8.00570738005229e-11, 0.09027683617216399, 3.226284140462246e-10, 0.09027683745566874]
v_opt: [0.6925016206860339, 0.747986630820771, 0.5594840021640775, 0.06351073871685019, 0.051384810329385126]
solution time: 0.01237177848815918
McCormick lower bound: -5.539180499577878

