x_opt: [0.27498871029525973, 0.10135591978763375, 0.901294551943338, 0.10135591990360858, 0.8986440801469339, 0.10135403100625351, 0.7250112902223234, 0.8986440801805138, 0.8986440800880648, 0.04626389780027885, 0.10135591981292105, 0.7250112899337221, 0.10135403103306045, 0.10135591981730784, 0.09870544797901097, 0.320800869697508, 0.10135591983241067, 9.967636588635138e-11, 0.09870544802328221, 0.0987054479704146]
w_opt: [0.27498871027523514, 0.17363279041074067, 3.055195533304027e-11, 2.0367473573262568e-11, 2.474406992927212e-10, 0.10135403085051517, 2.6287155492156916e-11, 6.957179603361556e-11, 0.10135591979683864, 5.892873528148354e-11, 1.590146899422639e-11, 0.0026504717651957108, 2.46612799786256e-10, 0.10135591970266435, 0.04626389776648208, 0.10135591972839686, 9.308994600997615e-11, 0.10135591977433178, 0.10135591983935562, 0.6263058421990642, 0.7999386321407301, 5.017285535955519e-11, 0.6263058420099248, 0.32080086960637133, 0.0026504718374583706, 7.378591783949899e-11, 0.09870544800594457, 4.297464056085978e-11, 3.695234761031335e-11, 8.682846694518458e-11, 0.10135591988135512, 0.10135591987454899, 0.04626389770238088, 1.8401276116397646e-11, 3.423037112598537e-10, 0.10135591981467154, 1.6181547415238034e-11, 3.2844272265880817e-11, 0.8986440800725579, 9.947937136197525e-11, 1.9949245763500698e-11, 2.5837637825629634e-11, 3.0774694587734646e-11, 0.10135591944876296, 1.457509625918513e-11, 0.10135403094796153, 0.10135403091785526, 3.916058092544243e-11, 0.10135403095847884, 0.10135403095891189, 2.8397264711862534e-11, 0.1013540309788228, 2.751514322629182e-11, 5.799042436437152e-11, 0.0987054480016082, 3.373803740495563e-11, 0.7250112899117526, 1.0644375449551497e-9, 1.6558826195597686e-11, 2.630243195791425e-11, 7.550805199599559e-11, 0.898644080047919, 3.24401029484375e-11, 0.09870544785922755, 0.10135591981196278, 0.09870544800326558, 2.7807571098857394e-11, 2.8986466535321446e-11, 0.6236553700612203, 0.10135403099114691, 2.0060094000443778e-11, 2.4532867864004676e-11, 2.2840001238219993e-11, 3.83702857011378e-11, 3.6882048867794275e-11, 1.4764312284507444e-11, 0.046263897762009794, 5.6815762036583136e-11, 0.0462638975910939, 0.10135591982238928, 2.6007146483278764e-11, 1.3340455981685996e-11, 2.8648140206712937e-11, 4.2260662169466714e-11, 1.690455344862983e-11, 0.09870544795090218, 0.10135403079261082, 0.09870544794597923, 0.1013559195263508, 2.2883994553706632e-11, 0.09870544794724592, 0.0987054478802783, 3.062272881955661e-11, 0.09870544790772204, 0.09870544793306874, 1.518793200886055e-11, 2.1485037266367556e-11, 0.09870544791318984, 7.080874421378487e-11, 0.0987054479521208]
v_opt: [0.898644080094748, 0.9012945519360873, 0.8075612559042764, 0.0021403580486002156, 0.010273103274197155]
solution time: 0.018702983856201172
McCormick lower bound: -3.4872270667974754

