x_opt: [0.6827749928379666, 0.32634766340345167, 0.6827749927673987, 1.3896296907138083e-8, 0.6827749928789903, 0.1581317219928348, 0.8418682847094753, 0.4213264824147336, 0.3172250244690763, 0.31722500667257036, 0.3146313698936417, 0.6444463716595001, 0.3172250069139028, 0.15813171480162785, 0.3172250067156189, 0.32634767847174756, 1.3196240806208982e-8, 6.943621642526081e-10, 0.1581317185853076, 0.1581317114421436]
w_opt: [0.6827749923990609, 0.36554998579463194, 1.5738277031562344e-10, 1.3209174032003577e-10, 0.3272213645981265, 0.3172250064607233, 1.680740989354689e-10, 1.2091227456944816e-9, 1.2932925407562628e-8, 4.33675978205212e-10, 1.027666435091305e-10, 0.009122656254603925, 0.00912265678300011, 0.32634766238637647, 0.31722500656855496, 0.15813171457547087, 6.033642456145266e-10, 0.32634766325456877, 1.3529850342777744e-8, 0.5246432775691401, 0.10410147529976918, 2.8989137801436624e-10, 0.32722136486148967, 0.3263476777675837, 5.157760527482464e-10, 5.845341973738425e-10, 0.1581317184558984, 5.638690912553251e-10, 1.1083994935834068e-10, 8.448504981931916e-10, 1.3646891891644602e-8, 1.3715563045723677e-8, 1.297349953317e-8, 9.049868998993466e-11, 2.8339306351816377e-9, 1.307327932848158e-8, 1.4636376308080534e-10, 2.0000886366510195e-10, 0.3172250243556587, 1.4768404349183933e-9, 2.7702791471153e-10, 1.1773378752804797e-10, 3.8492523027894876e-10, 1.1947530672391361e-8, 1.0311043979374165e-10, 0.15813172172085335, 0.15813172139542478, 3.1923325416932793e-10, 0.15813172183820962, 0.15813171419639105, 1.721604223155343e-10, 0.15813172190200606, 1.214191816812891e-10, 4.474340201143359e-10, 0.15813171843965043, 3.346289620773955e-10, 0.6444463715389753, 0.15909332350154815, 1.8780372632025022e-10, 3.865351090257625e-9, 5.709836867330838e-10, 0.31722502431916655, 1.5424098092568324e-10, 0.31722500639460294, 1.294218050557409e-8, 0.15813171840186818, 2.2274448320795665e-10, 7.219066305158506e-11, 1.0922462851555605e-10, 0.3172250068225597, 2.5154665474415853e-10, 1.1657419491513904e-10, 1.7970013745169343e-10, 2.1365664826400766e-10, 2.4243098087891764e-10, 9.554668211490255e-11, 0.3172250065215535, 2.632469162126322e-10, 0.15813171775442333, 0.31463136978288975, 1.90235205323555e-10, 1.306101673348323e-10, 1.0824976163147239e-10, 2.2381237865546685e-10, 1.1331485340401964e-10, 0.31722500660370817, 0.3172250046008197, 0.1581317112620507, 1.2744012819084766e-8, 2.276400496270663e-10, 0.31722500653604546, 1.2465403162876659e-8, 2.445696115202784e-10, 0.1581317184426023, 0.15813171131099232, 1.1699960211599272e-10, 1.0003703586446467e-10, 1.2766295163481523e-8, 5.563734132394542e-10, 0.15813171121102673]
v_opt: [0.4213264822602816, 0.6827749925942588, 0.4661817734944265, 0.10063175741342241, 0.0989929449882014]
solution time: 0.012745857238769531
McCormick lower bound: -5.464459917312897

