x_opt: [0.736255574458964, 0.3404542041540165, 0.7362555746363113, 0.172020473498611, 0.7362555758709098, 0.17202047332708917, 0.8279795271540701, 0.39851664102950596, 0.26374443647345186, 0.26374442524792235, 0.22351786986337277, 0.7362555628677608, 0.26374442510807544, 0.1720204727658974, 0.2637444238630292, 0.34045420472561505, 0.17202047192020867, 8.358116155179756e-10, 0.17202047235449217, 0.17202047130851422]
w_opt: [0.7362555741121954, 0.4725111504753941, 3.251592196723227e-10, 1.9073450730560417e-10, 0.4725111375042093, 0.2637444244513569, 1.8186939609237162e-10, 5.971177161458523e-10, 0.17202047150595184, 4.80021584348537e-10, 1.6289308816241864e-10, 0.07670977897310347, 0.07670978084836168, 0.34045420302061763, 0.2637444250670224, 0.17202047241518068, 5.558532295946178e-10, 0.3404542039167579, 0.1720204729622529, 0.5642351019053946, 0.13477221581090876, 6.157653394591655e-10, 0.47251113814454826, 0.3404542036229776, 5.940942035707522e-10, 7.058897853138395e-10, 0.17202047220745748, 4.4103913430770435e-10, 1.7960386116139375e-10, 8.618607651384003e-10, 0.17202047325554426, 0.17202047322390543, 0.17202047264753106, 1.1669205473110973e-10, 4.133199494545383e-9, 0.17202047178348792, 1.713394768483059e-10, 2.4980423209660727e-10, 0.2637444363383337, 2.3659598606433833e-9, 1.2803072950624424e-9, 1.4991600988817102e-10, 4.951733592763743e-10, 0.17202046976000143, 1.1457078166908308e-10, 0.17202047288015318, 0.17202047270210122, 3.8574471023630776e-10, 0.17202047303173565, 0.17202047194140746, 2.331984727775058e-10, 0.17202047319343924, 1.6643909286269754e-10, 5.051017657015643e-10, 0.17202047219481245, 5.263330004084398e-10, 0.7362555627156612, 0.09172396336915731, 3.612934761100561e-10, 6.84345587633854e-10, 1.0221584151516576e-9, 0.263744436291843, 2.018582160869244e-10, 0.2637444234025274, 0.1720204716437772, 0.17202047207031648, 3.7051320970257793e-10, 1.1513718232640404e-10, 2.2318152863311303e-10, 0.2637444249538823, 2.2292500694123383e-10, 1.8081614207938355e-10, 1.9744398965007394e-10, 2.166247473863788e-10, 2.429168117652637e-10, 1.1546476919179438e-10, 0.263744424882183, 4.5464459104865736e-10, 0.17202047136182821, 0.2235178697325812, 2.4081450675548884e-10, 1.3734601290459753e-10, 1.2367773145790268e-10, 4.275998893228077e-10, 1.7009037550469215e-10, 0.2637444236938021, 0.26374442220486416, 0.17202047097827503, 0.17202047123979933, 3.204182426210335e-10, 0.2637444235925938, 0.17202047111270516, 2.7989426778419133e-10, 0.17202047209152385, 0.17202047117536862, 1.723985836738613e-10, 1.441649401235776e-10, 0.17202047085867594, 6.41978143259218e-10, 0.17202047088190314]
v_opt: [0.3985166408280894, 0.7362555743789424, 0.542072281918832, 0.06956112352287455, 0.04996027955395302]
solution time: 0.012009859085083008
McCormick lower bound: -6.692629071051862

