x_opt: [0.6896082725689117, 0.31039368104510884, 0.6896082786257571, 0.08382556768716411, 0.689608281854332, 0.17114906463572854, 0.8364116483298495, 0.39699142948208255, 0.3103917599737404, 0.3103917073660357, 0.20238831789071396, 0.6896082279531512, 0.3103917119425216, 0.16358835838102836, 0.3103916808666129, 0.31039374097168215, 0.08382555358311992, 3.175772816815587e-8, 0.16357203594690548, 0.083825728933138]
w_opt: [0.6896082593902338, 0.3792165614620484, 1.1086698541670623e-8, 7.803893553965203e-9, 0.37921650724016104, 0.31039168769194864, 6.592063597301298e-9, 2.668816111518217e-8, 0.0838255382615068, 1.8367046505560988e-8, 7.0391815919200396e-9, 1.965864368484146e-6, 1.9950482953003815e-6, 0.31039363873189885, 0.3103917011722574, 0.16358834351232662, 2.2188913851135515e-8, 0.3103936737284199, 0.0838255481792414, 0.5260199313614137, 0.08659971312480946, 2.1281711610324537e-8, 0.37921653065496824, 0.3103937027439786, 2.4614753894144063e-8, 2.730169461434682e-8, 0.1635720307128484, 1.9278340785020313e-8, 6.151823239119936e-9, 2.9809610946272004e-8, 0.08382555895866026, 0.08382555706482976, 0.08382553389936846, 4.475490129157208e-9, 1.51302366469892e-7, 0.08382554698733032, 6.570862728574452e-9, 9.936829540864471e-9, 0.31039175487761855, 5.485064775641986e-8, 1.4852424020065465e-8, 6.108719949809614e-9, 1.5845258615766923e-8, 0.08382547652842258, 4.351630586516046e-9, 0.17114904558056138, 0.1711490420269834, 1.3723201695719204e-8, 0.17114905327600832, 0.16358833462294378, 9.703102456523492e-9, 0.17114905954635293, 6.365805396559458e-9, 1.90396965212184e-8, 0.1635720306642445, 2.0395111642655118e-8, 0.6896082218284929, 0.1468037840322685, 1.673251889637531e-8, 1.6786610684140456e-8, 2.8138942881614668e-8, 0.3103917536793699, 7.710468851404211e-9, 0.31039166430655113, 0.08382554300503438, 0.1635720252670988, 1.2735016330933608e-8, 4.630676096310279e-9, 1.056198975277917e-8, 0.3103917056429008, 8.475963940791521e-9, 6.893464329093519e-9, 7.645128709788226e-9, 8.520228045515573e-9, 9.482317280783597e-9, 4.819421845135428e-9, 0.3103916985543375, 1.574710800086892e-8, 0.1635719982440644, 0.20238831313855105, 9.446116867881804e-9, 5.272266525154314e-9, 5.086159812234509e-9, 1.9351560466351094e-8, 6.738190335438585e-9, 0.31039167453617866, 0.31039158740893386, 0.08382571611413263, 0.08382553601620825, 1.311776300846608e-8, 0.31039167138476487, 0.0838255220997709, 9.986338564309069e-9, 0.16357202582872812, 0.08382572335641791, 6.676992916331113e-9, 5.620059285074585e-9, 0.08382553136454717, 2.4892762213242788e-8, 0.08382571558512968]
v_opt: [0.3969914225796009, 0.689608268547812, 0.47556024276125014, 0.09634301747937736, 0.04096151700489593]
solution time: 0.013643980026245117
McCormick lower bound: -7.643088417018084

