x_opt: [0.7005403643815701, 0.2517622376800957, 0.8490418462101219, 0.06288240798558441, 0.7482377756792158, 0.2517622162073295, 0.7482377811804911, 0.8177450783857642, 0.5366318889062324, 0.15095815370935592, 0.1822549167476696, 0.46336810700509923, 0.2517622170161027, 0.2517622173464021, 0.1509582749735928, 0.2517622434885357, 0.0628824072024803, 2.0330696433399708e-9, 0.1509582735013315, 0.15095827292996866]
w_opt: [0.7005403640095542, 0.4487781402605587, 5.843238737715705e-10, 4.2795314865581757e-10, 0.1639084717327245, 0.2517622146897429, 8.300345221139979e-10, 1.8380611630678243e-9, 0.06288240630791922, 1.2066759436100486e-9, 2.738384175718059e-10, 0.1008040842880914, 2.64094819381413e-8, 0.2517622350139857, 0.150958152479121, 0.2517622165863628, 2.135717618633166e-9, 0.2517622371939582, 0.06288240639303666, 0.597279627710163, 0.6667869254641028, 1.1152974139416504e-9, 0.31240995500749974, 0.2517622408391851, 1.2904831459227536e-9, 1.3932759918287757e-9, 0.15095827295301062, 1.2001016076404015e-7, 4.67190946627625e-10, 3.382607343438854e-9, 0.06288240709390154, 0.06288240742658031, 0.0628824046348664, 3.63807569427811e-10, 1.1089177742581114e-8, 0.06288240662502324, 4.3579339511403277e-10, 7.002243955283444e-10, 0.5366318886037802, 4.326923309712867e-9, 5.262414632127603e-10, 4.2071053571516536e-10, 6.418228038694846e-10, 0.06288240052886897, 3.960925801234546e-10, 0.25176221539507126, 0.2517622133306158, 1.3295735515436446e-9, 0.2517622153174237, 0.25176221390282477, 5.117094457224562e-10, 0.2517622157938847, 5.08867615506249e-10, 1.233308403813588e-9, 0.15095827302451456, 8.818804860710519e-10, 0.4633681066174876, 9.318022852848829e-8, 6.346030186452114e-10, 8.262186122597154e-10, 2.878759512084159e-9, 0.5366318881234832, 5.90395006079981e-10, 0.15095827312599186, 0.06288240653577941, 0.1509582729650655, 7.82349677122204e-10, 2.874982816374279e-10, 7.904008767341949e-10, 0.25176221657468617, 7.196328596994235e-10, 4.1282495070934186e-10, 5.551918993894007e-10, 8.160235500863078e-10, 8.939001959209417e-10, 3.466041063158227e-10, 0.15095815243412758, 1.1627716412118043e-9, 0.15095814827054022, 0.18225491592276183, 5.634391262294737e-10, 4.018091922752945e-10, 5.451615751605829e-10, 8.014074502485488e-10, 3.4396885299991654e-10, 0.15095827461713224, 0.25176220341612376, 0.15095827239837772, 0.06288240389870449, 5.541541434382176e-10, 0.15095827415612534, 0.06288240453091394, 8.527845261982082e-10, 0.1509582726837995, 0.150958272527593, 3.6208038801400835e-10, 3.626970634411323e-10, 0.06288240611090988, 1.4310117797237983e-9, 0.1509582720717182]
v_opt: [0.81774507783842, 0.849041845790666, 0.5598597723835469, 0.022788364080421994, 0.03321686795008312]
solution time: 0.01424407958984375
McCormick lower bound: -3.252484693995852

