x_opt: [0.27569236425054783, 0.12459403128507016, 0.9077534744314274, 0.12459402639335042, 0.8754059777382547, 0.09224660460354155, 0.7243078935737085, 0.8754060926723376, 0.8754059757426953, 0.09224645105612574, 0.12459390036873175, 0.7243078899734096, 0.09224660485286541, 0.12459401896817704, 0.0922465120565001, 0.35165966592165016, 0.1245940196457747, 5.597682153019102e-9, 0.09224652047432251, 0.09224651239752887]
w_opt: [0.27569236311551276, 0.15109834237751338, 1.4781986922035156e-9, 6.92821832359482e-10, 2.549805354028331e-7, 0.0922465909836441, 8.91858340144417e-10, 3.43322529540017e-9, 0.12459401832042141, 3.906090247270561e-9, 5.836687561415877e-10, 0.03234750626970398, 4.9474637174554344e-8, 0.12459402738125205, 0.09224644970469963, 0.12459401641578666, 5.808974468340459e-9, 0.12459403082053362, 0.12459402323753029, 0.6320613684493472, 0.7831595686146088, 4.274064401780916e-9, 0.6320613716395086, 0.35165965936747917, 0.03234749665853192, 4.741784509434931e-9, 0.09224651994798093, 1.5807467023088693e-9, 5.140319430290405e-9, 6.735057436236032e-9, 0.12459402572095446, 0.1245940249517267, 0.0922464469562355, 6.20577797305539e-10, 4.5202859992157116e-8, 0.12459401911407715, 5.452438237610915e-10, 1.2769850112676465e-9, 0.8754059751958118, 5.134197541353075e-9, 9.210270370475841e-10, 1.0900086931873269e-9, 1.5032356224389212e-9, 0.1245939893423362, 4.801507294315975e-10, 0.09224660182552943, 0.09224659989433143, 1.6738659465577095e-9, 0.0922466016419788, 0.09224660157316972, 1.3927405393005847e-9, 0.09224660368938571, 1.1597222013175392e-9, 3.801652046483664e-9, 0.09224651985153792, 2.1626607661371467e-9, 0.724307889261843, 1.640267230932381e-7, 6.241173948349127e-10, 1.4098839538023864e-9, 4.897607653209732e-9, 0.875405974772979, 1.0788034617516262e-9, 0.09224650217706869, 0.12459401902994278, 0.09224651971226867, 1.32846236960937e-9, 1.235418123594394e-9, 0.5997138670011029, 0.09224660304014508, 6.46469443188561e-10, 1.538396943730259e-9, 8.056714572273907e-10, 1.4500483627582628e-9, 1.522889421688948e-9, 4.534859216211498e-10, 0.09224644990203142, 4.452147156882754e-9, 0.09224642865058814, 0.12459389916046547, 1.2558115298057917e-9, 4.0125307865845336e-10, 8.140783698194965e-10, 2.221983442615554e-9, 7.193773275811373e-10, 0.09224651074809044, 0.09224658863920862, 0.0922465114192419, 0.12459399263615206, 8.987842448626511e-10, 0.09224651078420348, 0.09224650726518759, 1.4210727439723241e-9, 0.09224650776730287, 0.09224651056227998, 5.584329514980661e-10, 1.004017382132266e-9, 0.0922465092185233, 4.564605124060215e-9, 0.09224651157494645]
v_opt: [0.8754060921362391, 0.9077534738341272, 0.7663359559030428, 0.008509408803863947, 0.015523646422554467]
solution time: 0.014288187026977539
McCormick lower bound: -3.656848069999662

