x_opt: [0.6746573867968266, 0.3253426177987262, 0.6746573875179491, 2.527716026807668e-7, 0.6746573808855202, 0.15199405516141615, 0.8480059491361673, 0.428296457292129, 0.34905752441817595, 0.32534261120393393, 0.2822046432692193, 0.6509424750561803, 0.3253426186431893, 0.15199405088250648, 0.3253426178888248, 0.3253426638611961, 2.5233649570503554e-7, 1.334390296649112e-9, 0.1519940424705638, 0.1407457435389649]
w_opt: [0.6746573865350047, 0.3493147678790664, 3.602482611284166e-10, 3.5198351998072816e-10, 0.32559986207480857, 0.32534261762053224, 3.1637867111217387e-10, 6.432011866332832e-9, 2.518062790547737e-7, 8.098904762409295e-10, 2.4696541172662957e-10, 5.502142632506743e-9, 2.488123400333167e-9, 0.3253426161087207, 0.3253426109424169, 0.15199405029894936, 1.482027091735076e-9, 0.32534261755841337, 2.5201144340379796e-7, 0.522663336878689, 0.1029538450510002, 5.782763545020842e-10, 0.3255998635521719, 0.3253426627538346, 1.0168805358198902e-9, 1.1188997645150265e-9, 0.15199404221867044, 7.203452661885508e-10, 1.9457100156214216e-10, 1.2121134089666024e-9, 2.5233135717510737e-7, 2.5240116489420156e-7, 2.507872593657224e-7, 2.206680530307203e-10, 5.463741373129728e-9, 2.520054907027922e-7, 2.9583043218156464e-10, 4.9438173569221e-10, 0.3490575241979153, 1.4751392894954594e-9, 3.078683544331177e-10, 3.0087083800279065e-10, 5.447807075031474e-10, 2.493110858841751e-7, 2.26683174121758e-10, 0.15199405440475097, 0.15199405406753316, 5.181476840931324e-10, 0.15199405481301587, 0.15199404972306732, 4.3835334220308785e-10, 0.1519940549289019, 2.8821484641476314e-10, 7.959129141399541e-10, 0.15199404214886336, 6.039730406163197e-10, 0.6509424747372956, 0.1733485896836735, 4.5171577025877574e-10, 7.400899409955535e-10, 9.781844370934353e-10, 0.34905752414186064, 3.21553237257086e-10, 0.325342617115537, 2.518436533825003e-7, 0.15199404212190026, 3.574366653895387e-10, 1.9614299944944826e-10, 4.614988348555912e-10, 0.32534261843275364, 4.740703033403761e-10, 2.550511857341994e-10, 3.822918970227339e-10, 5.584941010130095e-10, 5.756917006140069e-10, 2.2170670031887258e-10, 0.32534261092688216, 4.679437210745353e-10, 0.15199404045305603, 0.2822046430570569, 3.955550921149119e-10, 2.705114721148128e-10, 2.7549811980647823e-10, 5.054677114964825e-10, 2.490270525939199e-10, 0.3253426176435401, 0.32534261286940097, 0.14074574316397986, 2.5140518968350383e-7, 4.779178167737435e-10, 0.3253426175426718, 2.5064602381013657e-7, 4.105135380061681e-10, 0.15199404211717624, 0.14074574323881053, 2.4694056346891796e-10, 2.416229200366673e-10, 2.5162701561596374e-7, 1.0485983197769828e-9, 0.14074574318964173]
v_opt: [0.42829645704055636, 0.6746573871954429, 0.4551629571452309, 0.10584854600778662, 0.07963946598539198]
solution time: 0.016164064407348633
McCormick lower bound: -5.496045983663878

