x_opt: [0.6625442633068418, 0.33745575377270404, 0.6625442647602657, 0.07638584843301145, 0.6625442644113808, 0.20228095960499087, 0.8912765728564934, 0.38726997358625764, 0.33745573693397063, 0.33745573545707463, 0.20153621540963376, 0.6625442623767295, 0.33745573538594487, 0.10872342790748818, 0.33745573346127117, 0.3374557550836656, 0.07638584793001654, 1.862957598750522e-9, 0.10872341461447374, 0.07638585903468606]
w_opt: [0.662544262858144, 0.3250885280771419, 6.366439658874136e-10, 4.742330472704744e-10, 0.3250885260915225, 0.33745573400266593, 3.866981333624627e-10, 1.4008906073967742e-9, 0.07638584697803202, 1.06207461222782e-9, 4.2472025690180823e-10, 1.8691664393988023e-8, 2.0138009848578254e-8, 0.3374557512507801, 0.33745573497813053, 0.10872342699509631, 1.2818041573437365e-9, 0.3374557532791485, 0.07638584725680635, 0.5538208366447107, 0.04981423849466481, 1.5788740130884933e-9, 0.32508852705916896, 0.337455752749066, 1.4322498333401782e-9, 1.5905798685420559e-9, 0.10872341429257579, 1.099102647170075e-9, 3.8188756965152183e-10, 1.7171911566824157e-9, 0.07638584790094693, 0.07638584776606837, 0.07638584647260023, 2.7002688050737925e-10, 8.640620511324001e-9, 0.07638584753105654, 3.9359923763892067e-10, 5.922590114773934e-10, 0.33745573660133016, 3.2623785421693334e-9, 1.003410501661337e-9, 3.658102765852226e-10, 9.739852657295962e-10, 0.07638584333707626, 2.6173473845104765e-10, 0.20228095844433636, 0.20228095825388542, 8.278604203178445e-10, 0.2022809588937478, 0.10872342672317659, 5.837727319733697e-10, 0.20228095929439535, 3.814027601981072e-10, 1.1039444052250635e-9, 0.10872341429439483, 1.2475495682873766e-9, 0.662544262005916, 0.2287323344833727, 1.3613777644689488e-9, 9.947394919443466e-10, 1.3384139596350295e-9, 0.33745573652945027, 4.712967113299852e-10, 0.3374557324493033, 0.07638584727730216, 0.10872341394022152, 7.865581663200295e-10, 2.7819662697613515e-10, 5.986465742884019e-10, 0.33745573500892034, 5.102782711433134e-10, 4.23135456735859e-10, 4.5278146154927036e-10, 5.033075110870877e-10, 5.612734339494183e-10, 2.9304878833801147e-10, 0.3374557348121831, 9.585476831853466e-10, 0.1087234123664093, 0.201536215212655, 5.590725134289086e-10, 3.1807653027996564e-10, 3.0537282428992037e-10, 1.2015458698572074e-9, 4.067945306329273e-10, 0.3374557331024257, 0.3374557271898963, 0.07638585822130955, 0.07638584688531454, 8.069302485379594e-10, 0.33745573286754343, 0.07638584608948147, 5.909648279296183e-10, 0.10872341398099511, 0.07638585872127429, 4.103432109307507e-10, 3.38361034277012e-10, 0.07638584662439088, 1.4354149100455113e-9, 0.07638585853358387]
v_opt: [0.3872699731522227, 0.6625442639086523, 0.4389649980584456, 0.11387638941217094, 0.04061684648108568]
solution time: 0.01616501808166504
McCormick lower bound: -8.015717164554594

