x_opt: [0.7495161103463303, 0.3458737320501165, 0.7495161195144099, 3.814967420579342e-8, 0.7495161203955208, 0.2504701879258172, 0.7495298332880487, 0.4046711315461529, 0.2504838800364395, 0.25048387824771046, 0.2504838835399251, 0.5311705363438797, 0.25048387782673015, 0.2504701658054021, 0.2504838693508606, 0.3458737393960285, 3.485558387063716e-8, 4.533291375619045e-9, 0.2504701782030395, 0.2504701744851266]
w_opt: [0.7495161095658468, 0.49903223130173047, 1.0648542025775773e-9, 1.3235586808202416e-9, 0.28068664736830684, 0.2504838746775417, 1.2477016688178434e-9, 7.87726140143445e-9, 3.293876039830192e-8, 2.7859641636384582e-9, 6.155516072272206e-10, 0.09538985233002963, 0.09538986302220614, 0.34587372285184514, 0.2504838775031869, 0.25047016433541036, 6.205192534426058e-9, 0.34587373051840425, 3.5539284342610755e-8, 0.4990459534582009, 0.15418725192945554, 2.105854398204941e-9, 0.28068665934460224, 0.3458737333807878, 3.974181724600252e-9, 3.721709705938257e-9, 0.25047017718089937, 2.973984262010252e-9, 7.998186159097841e-10, 6.274432187802702e-9, 3.60986267348266e-8, 3.71613132017373e-8, 3.2139005346264964e-8, 6.203300463274398e-10, 1.3411324953712377e-8, 3.3953360053185856e-8, 1.020919788280054e-9, 1.4532207196902163e-9, 0.2504838791753387, 2.125678836098481e-8, 1.7238400873720289e-9, 7.561983877060255e-10, 2.0634639740848937e-9, 2.681384211293509e-8, 7.765600478270566e-10, 0.2504701861492322, 0.2504701806894498, 2.7728387666531493e-9, 0.25047018687796724, 0.25047016219906265, 1.173280707491722e-9, 0.25047018730625814, 8.587803873495372e-10, 2.8805179358860013e-9, 0.250470177207745, 2.745478390362594e-9, 0.5311705355240065, 1.3780221526078453e-5, 2.763227244494352e-9, 2.197267684559966e-8, 2.385020962971829e-8, 0.25048387892562846, 1.1151553590418561e-9, 0.25048386659072636, 3.2850065612547656e-8, 0.25047017679297934, 1.6121582957225074e-9, 4.762838382832148e-10, 7.329430822698823e-10, 0.2504838770499169, 2.2216481660085963e-9, 7.962418561610342e-10, 1.2627417821932663e-9, 1.5496163171083871e-9, 1.8842453807423165e-9, 6.800234613095245e-10, 0.2504838763721926, 1.8212456383862187e-9, 0.25047017158424134, 0.2504838827972298, 1.3566097830109227e-9, 1.0051859979326964e-9, 7.761125421243291e-10, 1.764802526520649e-9, 7.640959803902975e-10, 0.25048386866480216, 0.2504838402996025, 0.2504701732318947, 3.1709029725269085e-8, 1.6412246432066345e-9, 0.25048386795612865, 2.9490869638209955e-8, 1.8027197926791899e-9, 0.25047017727274146, 0.2504701737787586, 8.193714221715654e-10, 6.719917098878639e-10, 3.27201086093904e-8, 3.560550927024135e-9, 0.25047017307486835]
v_opt: [0.4046711303080965, 0.7495161184386219, 0.5617744202494788, 0.06274233979125818, 0.06274229968158544]
solution time: 0.012835025787353516
McCormick lower bound: -5.254970375653941

