x_opt: [0.6916073658976688, 0.30839263890243773, 0.6916073675234209, 0.06434482813100878, 0.6916073636216806, 0.15914347697082837, 0.8408565294681699, 0.41701733655224466, 0.30839267632523726, 0.3083926314965413, 0.2606414961152267, 0.6916073229555806, 0.30839263535032296, 0.1591434707468163, 0.308392633396862, 0.308392726322634, 0.0643448276608066, 2.7419194699874495e-9, 0.1591434337808706, 0.10996009984720156]
w_opt: [0.6916073653752539, 0.38321472987373445, 8.364919976940795e-10, 7.25813783046046e-10, 0.38321468934257824, 0.3083926332006409, 6.378189863569243e-10, 4.08022343322918e-9, 0.06434482651136415, 1.6388922075216404e-9, 5.370187359074744e-10, 6.851807245444175e-9, 7.196142598161182e-9, 0.3083926354224219, 0.3083926309401645, 0.15914346950573516, 2.775753284562266e-9, 0.30839263839044856, 0.06434482650631579, 0.5324638974614356, 0.10862470459233961, 1.3829534103182281e-9, 0.38321469255452606, 0.30839272392489286, 2.0836298265071067e-9, 2.2982180044701334e-9, 0.1591434332664738, 1.460203874116702e-9, 4.274806643299548e-10, 2.479521958429501e-9, 0.06434482724619366, 0.06434482734258058, 0.06434482433168082, 4.539323541187571e-10, 1.0860868959959141e-8, 0.06434482697673966, 6.05996946311487e-10, 1.0111717022621052e-9, 0.3083926758690874, 3.3121466263120103e-9, 6.783519665632548e-10, 6.153526889030799e-10, 1.131697826148948e-9, 0.06434482108576081, 4.537782235630453e-10, 0.1591434753393456, 0.15914347476445, 1.0915812843152242e-9, 0.15914347619702554, 0.15914346866058357, 9.038623370776992e-10, 0.1591434764810484, 6.012053976704073e-10, 1.6233294130689944e-9, 0.1591434331539782, 1.313958166002876e-9, 0.6916073223116579, 0.1492491968442238, 1.0544149575537464e-9, 1.3723974459586174e-9, 2.0065990929152347e-9, 0.3083926757539183, 6.738637431217303e-10, 0.30839263180986015, 0.0643448266599121, 0.15914343302330455, 7.898361158214151e-10, 4.1802887258627964e-10, 9.912812732947753e-10, 0.3083926348896445, 9.183308291148026e-10, 5.492304200282889e-10, 7.640889283722402e-10, 1.0635681384575194e-9, 1.1131359962026118e-9, 4.585289657229931e-10, 0.30839263090313146, 1.0254161132100832e-9, 0.1591434296920163, 0.2606414958053852, 8.176749020427993e-10, 5.411795773948207e-10, 5.574175198968108e-10, 1.1777922410590255e-9, 5.30885729891808e-10, 0.3083926328708557, 0.30839262097980186, 0.10996009901689933, 0.06434482579921492, 1.0156427937773761e-9, 0.3083926326270375, 0.06434482428073135, 8.463852659655707e-10, 0.15914343300136322, 0.10996009927790591, 5.275671651989876e-10, 5.06754161427021e-10, 0.06434482622427097, 2.1369581130612094e-9, 0.10996009927452888]
v_opt: [0.4170173360155337, 0.6916073668304551, 0.47832074602675373, 0.09510614091274681, 0.0679340699044589]
solution time: 0.014538049697875977
McCormick lower bound: -5.7180429307433025

