x_opt: [0.8061900754475844, 0.19381205020953893, 0.8061900763208886, 0.19380992302063393, 0.8061900741411216, 0.1938099057723456, 0.8061900821492304, 0.8819049635533982, 0.642541780691286, 0.19380992401481872, 0.11809503224507238, 0.780014534655658, 0.19380992392996238, 0.19380991764530783, 0.1938099136896532, 0.19381205772893872, 0.19380991966051522, 9.032729114505562e-10, 0.12346694550628459, 0.1180949854933248]
w_opt: [0.8061900752094643, 0.6123801508466583, 3.6603967334553e-10, 2.1864372563455954e-10, 0.5862046102974795, 0.19380992296364807, 1.9101387880868917e-10, 6.023149742694607e-10, 0.1938099192698843, 5.259969062942835e-10, 2.0590626256553298e-10, 2.126686379927802e-6, 2.126436558813567e-6, 0.1938120492174259, 0.1938099237930902, 0.19380991721251442, 7.28171513370923e-10, 0.19381205005905294, 0.19380992245044948, 0.6123801586082398, 0.6880950400487222, 1.1556450396096527e-9, 0.5862046118173196, 0.1938120567519605, 7.73625607283177e-10, 7.599310765231892e-10, 0.12346694536304867, 4.052760804024002e-10, 1.7293257544210212e-10, 7.905197370282084e-10, 0.19380992281220225, 0.19380992269759076, 0.19380992150916437, 1.440137322765649e-10, 3.871005244155328e-9, 0.19380991953098906, 1.6532791031352656e-10, 3.0270432635072466e-10, 0.6425417805759677, 1.2936262534769435e-9, 3.004162255888088e-10, 2.0199694792067865e-10, 3.6018681683615087e-10, 0.19380991681180273, 1.2362389176564286e-10, 0.19380990507206097, 0.1938099051120831, 3.526057858335129e-10, 0.1938099054185783, 0.1938099051581738, 3.107201561075025e-10, 0.193809905585513, 2.129292595956489e-10, 5.297500087144257e-10, 0.12346694534048092, 4.761846358182702e-10, 0.7800145344675231, 2.7245571889568993e-8, 2.781144318481023e-10, 3.348842697379684e-10, 6.113196665873649e-10, 0.6425417805086936, 2.3247855651431322e-10, 0.1938099130434698, 0.19380991942879183, 0.12346694525658863, 4.1875913767394393e-10, 1.8425520162085262e-10, 0.42255631566232116, 0.19380992370301744, 2.0157467977663261e-10, 2.0095013603126313e-10, 2.097703700261273e-10, 2.8153554744248873e-10, 2.9468458284013724e-10, 1.268524318305024e-10, 0.1938099235499478, 5.016401257693292e-10, 0.12346694424396486, 0.11809503207658992, 2.65228688908515e-10, 1.3092814167690445e-10, 1.5925638072654347e-10, 4.746070379516153e-10, 1.888337556533047e-10, 0.1938099134710087, 0.19380992138118464, 0.11809498517422301, 0.19380991660851793, 3.0798487579586346e-10, 0.1938099134203233, 0.19380991249354526, 2.630192098181408e-10, 0.12346694510962102, 0.11809498531772034, 1.726525550347988e-10, 1.8592806473516568e-10, 0.11809498485283418, 6.922984065605213e-10, 0.11809498527102999]
v_opt: [0.8819049633926287, 0.806190076087644, 0.6499424889033126, 0.03756237377401714, 0.013946482896408784]
solution time: 0.016736984252929688
McCormick lower bound: -5.531663454142733

