x_opt: [0.6560793161719697, 0.3439218913773537, 0.6560793159374549, 1.207103456255185e-5, 0.6560792820387609, 0.13884118258441827, 0.861160026429949, 0.38924442721616104, 0.34392114827469616, 0.3439206449940102, 0.2711982337860392, 0.6560788451398382, 0.34392071360164134, 0.13883997126768705, 0.3439206997407595, 0.3439225725861762, 1.206853083051349e-5, 1.2526963168628234e-8, 0.13883994723569018, 0.13170501886331937]
w_opt: [0.6560793109647325, 0.3121585997811661, 1.975162862018616e-9, 2.4631828465749923e-9, 0.3121581630795052, 0.3439207062000401, 2.2651098519231554e-9, 3.303796944757081e-8, 1.2064062025766262e-5, 7.829410366389662e-9, 1.8931604177593434e-9, 1.2088163751642295e-6, 1.1820881930492837e-6, 0.3439218767489369, 0.3439206432378476, 0.1388399669689484, 9.03824007919913e-9, 0.343921889624846, 1.2064684169760557e-5, 0.5172393438825216, 0.04532374482070005, 5.040888990067274e-9, 0.3121581684967109, 0.34392256285480743, 7.930293587855592e-9, 1.0945652891209612e-8, 0.13883994542770076, 5.930646585832651e-9, 1.6678887181989277e-9, 1.1957011739585289e-8, 1.2067727155053244e-5, 1.2068109732235051e-5, 1.2055987146118095e-5, 1.5249461037394997e-9, 1.0727962188495408e-7, 1.2066269518095399e-5, 2.34732097427656e-9, 3.4719369350407085e-9, 0.3439211466350325, 7.272558489408907e-9, 3.2402400669493766e-9, 2.031824538228602e-9, 5.3336582916758055e-9, 1.2038745564112667e-5, 1.5401938193741844e-9, 0.13884117688262035, 0.1388411743936936, 4.233091624964329e-9, 0.1388411797046081, 0.13883996084174052, 3.111446211881282e-9, 0.13884118097468812, 2.091007278546352e-9, 8.023355925520075e-9, 0.1388399451583406, 5.589082665395908e-9, 0.6560788430378109, 0.2050808261292177, 3.1930292968327274e-9, 1.68782568615917e-8, 5.781624962608685e-9, 0.34392114627023884, 2.4149323129435687e-9, 0.34392069492599814, 1.2064804977588017e-5, 0.13883994434712169, 3.2402273637722893e-9, 1.3709875709171855e-9, 2.7025050515141306e-9, 0.3439207122709799, 3.21281464121316e-9, 2.006141931887272e-9, 2.877962728377431e-9, 3.3965576487939005e-9, 3.6560817640051953e-9, 1.4766494024021735e-9, 0.343920643836595, 4.0333736188713055e-9, 0.1388399340860043, 0.2711982321860355, 3.2967265190412942e-9, 1.878659225592975e-9, 1.6294367406540936e-9, 3.80334935598834e-9, 2.0105632321184772e-9, 0.34392069756260313, 0.34392068760822686, 0.1317050156980231, 1.2061949994019152e-5, 3.8807088274623235e-9, 0.34392069707736905, 1.2056532947489696e-5, 3.5534736560584644e-9, 0.13883994454282061, 0.13170501700642132, 1.9650284816804696e-9, 1.8122574253177214e-9, 1.2063113290891421e-5, 1.0292183468700294e-8, 0.13170500744899882]
v_opt: [0.389244425154495, 0.6560793133019062, 0.43044030264819083, 0.11828141674928187, 0.07354881769736069]
solution time: 0.013071060180664062
McCormick lower bound: -6.113128524585625

