x_opt: [0.7322675732622353, 0.34827260063742504, 0.7322675735033618, 0.17170026396425975, 0.7322675831473582, 0.17170027807148838, 0.8282997272205428, 0.38715798285374325, 0.2677324344905965, 0.2677324259499634, 0.2068939951936373, 0.7322675633963156, 0.26773242486804794, 0.17170027202059565, 0.26773241880920134, 0.3482726010129497, 0.17170025594385624, 1.929804092331404e-9, 0.17170027459605955, 0.17170024505008227]
w_opt: [0.732267572212354, 0.4645351566579115, 3.337024433532433e-10, 3.632764912298723e-10, 0.46453513700666943, 0.267732423663713, 3.2783929883234995e-10, 1.563881095198263e-9, 0.17170025513709725, 1.1673465608631416e-9, 3.415752855444126e-10, 0.08054017445729703, 0.08054018529318577, 0.348272597744545, 0.2677324256706666, 0.17170027139092855, 1.2916785822701208e-9, 0.34827260016427253, 0.17170026279611697, 0.5605673009201703, 0.11942555659732004, 2.155873009270748e-9, 0.464535138564297, 0.34827259886122247, 1.0498646691501346e-9, 1.7212620485295518e-9, 0.17170027436907145, 8.864929089646447e-10, 3.095984083406525e-10, 2.9877451532386642e-9, 0.17170026355172222, 0.1717002634420644, 0.1717002625215793, 2.1002933308806257e-10, 2.5007786586881865e-8, 0.17170025576868939, 3.0932349806551096e-10, 4.843442309195217e-10, 0.2677324342869999, 1.0617273933575818e-8, 8.34615033030463e-9, 2.72560375768231e-10, 2.289319583177546e-9, 0.1717002479186555, 1.9564928735537266e-10, 0.17170027696120949, 0.17170027707341118, 6.427553626973632e-10, 0.17170027754039752, 0.17170026866388055, 5.104423370635376e-10, 0.17170027784633002, 3.154388937886503e-10, 1.2673314962245281e-9, 0.17170027433522309, 1.9235379077984813e-9, 0.7322675631595215, 0.0960323750078294, 5.011042037502739e-10, 3.435614417183163e-9, 1.419781676925989e-9, 0.26773243422089404, 3.835746877751114e-10, 0.2677324181240926, 0.1717002554954829, 0.17170027409051253, 8.056140433819737e-10, 2.2066019653016262e-10, 3.8056068972006983e-10, 0.26773242459625846, 3.8273854796300427e-10, 3.4410316259700973e-10, 3.725220630231813e-10, 4.115559141180934e-10, 4.879055558367151e-10, 2.0601854819144614e-10, 0.26773242468074565, 9.675432131607074e-10, 0.17170027317146638, 0.20689399500149153, 6.041257555294869e-10, 2.4634771170945064e-10, 2.1203426914657826e-10, 9.629319243419037e-10, 3.375415984037521e-10, 0.2677324185132996, 0.2677324205634256, 0.1717002444626746, 0.17170025480524023, 7.406132265260368e-10, 0.2677324183973969, 0.17170025456491056, 5.659643494015225e-10, 0.17170027415618172, 0.17170024479156915, 3.398643840291192e-10, 2.738504953021369e-10, 0.17170024345938112, 1.6262204181884724e-9, 0.17170024455041719]
v_opt: [0.3871579825417384, 0.7322675730279887, 0.5362159599967748, 0.07168065804700566, 0.042805135946836693]
solution time: 0.012633085250854492
McCormick lower bound: -7.284235525959849

