x_opt: [0.7386968816092492, 0.3356681840328618, 0.7386968817553494, 0.17221654160381614, 0.7386968838440449, 0.17221654866327082, 0.8277834546894957, 0.40546987366864423, 0.26130322286746344, 0.2613031184143873, 0.23369401821798969, 0.73869677565575, 0.2613031183738105, 0.1722165451340344, 0.26130311595316985, 0.3356681843351163, 0.17221653159709271, 6.108169641368261e-10, 0.17221654315330762, 0.17221654112822474]
w_opt: [0.7386968811798934, 0.4773937656607222, 3.1368865972270694e-10, 9.390233831763079e-11, 0.47739365738277184, 0.26130311786546584, 1.2642171376633451e-10, 5.10880211409774e-10, 0.17221653131362963, 3.697474700333308e-10, 9.94588361036598e-11, 0.07436506590613752, 0.07436506858863144, 0.33566818307959656, 0.261303118387763, 0.1722165449256926, 4.014152470404228e-10, 0.33566818387010267, 0.17221654122084243, 0.5664803365065136, 0.14416675551413957, 8.371119666593857e-10, 0.4773936578369833, 0.33566818348258126, 5.60587666175172e-10, 5.24277552934344e-10, 0.17221654306102363, 5.830702297014537e-10, 1.2433001032839977e-10, 8.28201183846159e-10, 0.17221654143851828, 0.17221654141907225, 0.17221654092838942, 7.320094139082538e-11, 3.97017595854076e-9, 0.17221653151142188, 1.1505844987058194e-10, 1.5690798983027905e-10, 0.2613032227854151, 3.769269702017924e-9, 2.6701952834082006e-9, 9.490112707627183e-11, 1.4011088506277767e-9, 0.17221653003087917, 7.428139809516095e-11, 0.17221654838779651, 0.1722165482140327, 2.9753426540516194e-10, 0.17221654848727658, 0.17221654427354013, 1.5259420247787193e-10, 0.172216548584984, 1.0849133901060645e-10, 3.9361725929753457e-10, 0.17221654304888848, 3.722085636078931e-10, 0.7386967755685652, 0.08908657972456877, 3.2822895717818804e-10, 6.07932459169314e-10, 7.239195824170465e-10, 0.26130322274643064, 1.3628795299235928e-10, 0.2613031156563132, 0.1722165314175741, 0.17221654296658148, 2.9183765787110223e-10, 7.042739708470092e-11, 1.212426880008861e-10, 0.2613031182839441, 1.5245707941052372e-10, 1.1934373163453783e-10, 1.35281265676906e-10, 1.443145071051395e-10, 1.671894251036858e-10, 6.997673890339938e-11, 0.26130311824073044, 3.8437316882295243e-10, 0.1722165424655402, 0.23369401813664614, 1.6943991170185214e-10, 8.693467170328291e-11, 7.54458127085619e-11, 2.5192312546019393e-10, 1.1279276467991315e-10, 0.26130311586121835, 0.2613031166513826, 0.17221654090993457, 0.17221653048684016, 2.165781053693459e-10, 0.2613031157826958, 0.1722165309439649, 2.1179202405379552e-10, 0.1722165429821886, 0.17221654101926517, 1.1488003843059735e-10, 9.142408619187584e-11, 0.17221653107132898, 4.88806438101484e-10, 0.172216540183582]
v_opt: [0.40546987353253566, 0.7386968816022786, 0.5456730870441404, 0.06827932175215083, 0.05461290983822212]
solution time: 0.012683868408203125
McCormick lower bound: -6.345825306527775

