x_opt: [0.7963294864139256, 0.20367049245934402, 0.7963295306888027, 0.20367047871165697, 0.7963295194093513, 0.1632400674164105, 0.7963295363904114, 0.8919256188155865, 0.6782780350644305, 0.20367047296677548, 0.0809700239139063, 0.7963289932861883, 0.20367047254949325, 0.20367046325216961, 0.20367044815644766, 0.20367050044698173, 0.20367047482181386, 1.1704756337302442e-9, 0.10807447819088867, 0.10807436794468873]
w_opt: [0.7963294861520169, 0.5926590059706657, 3.429374903561561e-10, 2.6572619947810787e-10, 0.5926584799347039, 0.20367047092554907, 2.4267015886106395e-10, 9.425137403287038e-10, 0.2036704743453398, 7.187490492958327e-10, 2.48586854639116e-10, 2.3326685400437344e-8, 1.6717856202979546e-8, 0.20367049099783613, 0.20367047267099778, 0.20367046261053062, 1.2764008199353436e-9, 0.20367049221743982, 0.20367047794074192, 0.5926590672423967, 0.6882551497290473, 5.1274005499658255e-9, 0.5926585253517083, 0.20367049903269654, 6.447416201377218e-9, 9.91085388327247e-10, 0.10807447802054654, 6.088403413572599e-10, 1.9728456239091305e-10, 1.3144895123794493e-9, 0.20367047846217343, 0.20367047833291124, 0.20367047128916368, 1.9114874076317366e-10, 6.126342781580893e-9, 0.20367047466967025, 2.0137660302417287e-10, 4.1764055074889085e-10, 0.6782780349348958, 1.57101272940061e-9, 2.986602978563556e-10, 2.6885431848885204e-10, 5.0043250109414e-10, 0.2036704703658463, 1.6146746183857406e-10, 0.1632400663231332, 0.16324006633424262, 4.853375398750032e-10, 0.16324006689566092, 0.16324006590536994, 4.852276570226026e-10, 0.16324006717947728, 3.1127635510363806e-10, 7.105271801820698e-10, 0.1080744779826522, 7.909797272301559e-10, 0.7963289930455628, 5.885164111718002e-8, 3.750978660991059e-10, 5.125090901714532e-10, 9.408764466295892e-10, 0.6782780348421863, 2.5105037574085025e-10, 0.203670447021423, 0.20367047454973075, 0.1080744778930129, 2.5735566108717817e-9, 2.9395717376380175e-10, 0.47460703135647936, 0.20367047225765644, 2.556019249630598e-10, 2.5373214748694586e-10, 2.674023899449886e-10, 4.4729802770188134e-10, 4.63060362826624e-10, 1.5991028469483492e-10, 0.20367047188502624, 7.930800902751022e-10, 0.10807447652563758, 0.08097002369812073, 3.7001198994184095e-10, 1.547457513097094e-10, 2.2329803360015633e-10, 7.019407295755992e-10, 2.4553461229134297e-10, 0.20367044787819505, 0.2036704651437265, 0.10807436758644456, 0.20367046031838357, 4.151326939127266e-10, 0.20367044780946902, 0.20367044486193758, 3.335198766670604e-10, 0.10807447756031353, 0.10807436771946162, 2.1783488272715625e-10, 2.565200599492228e-10, 0.10807436680988208, 9.212809844693323e-10, 0.10807436728855158]
v_opt: [0.8919256186313003, 0.7963295304232737, 0.6341407064044032, 0.04148166172920562, 0.006556149209018468]
solution time: 0.013936996459960938
McCormick lower bound: -5.126929279151585

