x_opt: [0.8195531500207668, 0.20764758906086195, 0.8195531621320831, 0.18044683893425273, 0.8195531402257334, 0.18044683938883338, 0.8195531542122997, 0.8195540321741023, 0.5992853826711702, 0.18044684889223508, 0.15349329162375894, 0.803786313357064, 0.18044684952988138, 0.18044684386855808, 0.1804459865976454, 0.20764761455933348, 0.1804468299890575, 2.874514394011631e-9, 0.18044597694397174, 0.18044596602504304]
w_opt: [0.8195531492135297, 0.639106290689557, 1.5357942662648353e-9, 5.894839799484851e-10, 0.6233394640043485, 0.1804468461510455, 7.335747529177781e-10, 1.6860282270716346e-9, 0.18044682879544843, 1.7360407246451792e-9, 5.45403377035129e-10, 0.02720075170558473, 0.027200732507277163, 0.20764758575880263, 0.18044684823815968, 0.18044684273786904, 2.3763389456706845e-9, 0.20764758858454918, 0.1804468370960405, 0.6391063167145565, 0.6391071948688929, 1.4104271303010349e-8, 0.6233394782101839, 0.20764761081886754, 3.3402025736760065e-9, 2.4173963874929316e-9, 0.1804459765068706, 1.254236674676822e-9, 5.590490691263532e-10, 2.9803642367560463e-9, 0.18044683830235808, 0.1804468380222057, 0.18044683238952375, 4.0858070216716943e-10, 1.556402049369277e-8, 0.1804468295941538, 4.767518703777642e-10, 8.654760545239783e-10, 0.599285382341257, 4.2551085141928085e-9, 9.6958948010731e-10, 5.600039289744686e-10, 1.0456734787772107e-9, 0.18044681924043313, 3.661710891570615e-10, 0.1804468376279337, 0.18044683685050503, 1.1682259813452443e-9, 0.1804468382639161, 0.1804468366241662, 8.632660102192718e-10, 0.180446838863842, 6.264630237364378e-10, 1.7701520843472075e-9, 0.18044597648035668, 1.5671980540166149e-9, 0.803786312845549, 1.0698167548888212e-7, 8.229700694543927e-10, 1.0527375702365711e-9, 2.1539651885720328e-9, 0.5992853820940085, 5.731332691620937e-10, 0.1804459844358958, 0.18044682932015668, 0.18044597619080652, 1.9427913487964573e-9, 5.078449327523128e-10, 0.40307169686084565, 0.18044684873617786, 5.925320651303622e-10, 5.941096040002459e-10, 6.058656842635448e-10, 7.950897647714402e-10, 8.608102574480369e-10, 3.569193952609105e-10, 0.18044684783790146, 1.9460136484839284e-9, 0.18044597315016186, 0.1534932911083365, 8.389396389513948e-10, 3.7648216523813284e-10, 4.550815191513828e-10, 1.4169492353290253e-9, 5.453547581784959e-10, 0.18044598597077557, 0.18044684094607236, 0.18044596509641161, 0.18044682643638518, 8.709656354221938e-10, 0.18044598572999515, 0.18044598341685653, 8.649210647742864e-10, 0.180445975535444, 0.1804459655472438, 5.043469943527475e-10, 5.325012416358238e-10, 0.18044596383071287, 2.22344100784973e-9, 0.18044596498305793]
v_opt: [0.8195540316617574, 0.8195531614789172, 0.6716674630738209, 0.03256106617376606, 0.02356021905215144]
solution time: 0.014786005020141602
McCormick lower bound: -5.00139136588064

