x_opt: [0.7484567050759787, 0.25154344412373814, 0.7484567053537902, 0.25154306546723154, 0.7484566647709958, 0.2515432868859635, 0.7484567504383185, 0.683258000352428, 0.3407849919758332, 0.2515432862112567, 0.20528562629313665, 0.6592150903357, 0.25154331973788113, 0.2515432478581299, 0.2515432352109046, 0.251909266594365, 0.2515430562789377, 1.296924070640764e-8, 2.4269161750885684e-7, 1.3695881048936918e-7]
w_opt: [0.7484566991879504, 0.49691337159456994, 4.86737937438734e-9, 3.22565339427277e-9, 0.40767179803183684, 0.25154330729891705, 2.511984786638783e-9, 1.800933746124494e-8, 0.2515430517717911, 8.387550590262246e-9, 2.878424052370317e-9, 1.510142826502646e-7, 1.2356613730252047e-7, 0.2515434273988886, 0.2515432847630239, 0.25154323990822, 1.558608133444979e-8, 0.2515434423547633, 0.25154305831441126, 0.4969134576059283, 0.4317147075396151, 7.852187112988934e-9, 0.40767180708861717, 0.25190925455650676, 1.1465596294283696e-8, 1.1401376595495381e-8, 2.4104484964735547e-7, 7.282622941984644e-9, 1.4926225605687243e-9, 1.4329792496804428e-8, 0.2515430627670461, 0.2515430618432906, 0.2515430351260802, 1.826663280160007e-9, 5.696135284914527e-8, 0.25154305410113453, 2.2289404098176872e-9, 4.389636767038022e-9, 0.34078499050647265, 1.5648843204421267e-8, 2.6235699164288313e-9, 2.8148962071857435e-9, 5.155561049138571e-9, 0.2515430217772122, 1.6734212728322692e-9, 0.251543275612633, 0.2515432771927103, 4.470963323247346e-9, 0.25154328327371084, 0.2515432346964823, 5.835463642677922e-9, 0.2515432849185213, 2.7850623077904422e-9, 7.995054321518126e-9, 2.4048375941501763e-7, 7.11459065313438e-9, 0.6592150876243996, 4.133338495228131e-7, 3.4577808797912306e-9, 6.218591120742291e-9, 1.0411471524762915e-8, 0.34078498991122647, 2.6793500747743392e-9, 0.25154322710566024, 0.2515430529917479, 2.3979482140761716e-7, 3.013698443936888e-9, 2.3556419614676537e-9, 1.0991347360499922e-7, 0.2515433172206293, 3.0872426793409733e-9, 2.3738048582648943e-9, 3.0554510536353105e-9, 4.897091697318231e-9, 5.433162527456256e-9, 1.649679254445818e-9, 0.25154328463501335, 5.281815952242646e-9, 2.2798983663103368e-7, 0.20528562464821662, 4.12771160078065e-9, 1.7628852254891963e-9, 2.1421592252438662e-9, 6.130912283331979e-9, 2.5336312544062286e-9, 0.25154323322069694, 0.25154330484772247, 1.3362798664891968e-7, 0.25154304895543506, 4.575452589236243e-9, 0.25154323284517166, 0.2515430377025519, 3.2107782342570095e-9, 2.3868653967785884e-7, 1.3369319058525604e-7, 2.225734883767225e-9, 2.4321199528761377e-9, 1.202479318571732e-7, 1.068309007867193e-8, 1.192102282914711e-7]
v_opt: [0.6832579985997563, 0.7484567027367482, 0.5601874596575945, 0.06327405645378668, 0.04214236656838583]
solution time: 0.013882160186767578
McCormick lower bound: -6.224217246906839

