x_opt: [0.7538609204493676, 0.32900757866859043, 0.7538609204759111, 0.18271697567942513, 0.7538609217706075, 0.18271695300481428, 0.8172830469594666, 0.4250565989436784, 0.26244319011183526, 0.246139079394361, 0.22833329567764743, 0.7375568097570971, 0.24613907938010451, 0.18271695304107013, 0.24613907773939703, 0.3290075791278662, 0.1827169536287042, 4.776119386765928e-10, 0.18271695192076945, 0.18271695061818605]
w_opt: [0.7538609202614597, 0.5077218425923884, 1.6195858266941318e-10, 8.447779120100874e-11, 0.49141773028939456, 0.24613907903023186, 8.752196714394264e-11, 4.0161731694633803e-10, 0.18271695342483094, 2.9007085539248127e-10, 8.042073508678829e-11, 0.08286849922656875, 0.08286850127958659, 0.32900757803190545, 0.24613907936399443, 0.18271695286631223, 3.7715243200401125e-10, 0.3290075785740572, 0.18271697539273327, 0.5711439674970268, 0.17891751949188384, 3.0821930634115394e-10, 0.49141773061920235, 0.32900757848699913, 3.1389257625176294e-10, 4.13436121867279e-10, 0.18271695185164, 2.1399799025171915e-10, 7.915245349918744e-11, 6.016598335901554e-10, 0.182716975566414, 0.18271697554783717, 0.18271697523331476, 5.7860691297338924e-11, 3.282270724986024e-9, 0.1827169535697061, 8.471118042096017e-11, 1.366512145156519e-10, 0.26244319005140715, 2.368668263025091e-9, 1.606490530834488e-9, 7.483521207338744e-11, 3.189080424682979e-10, 0.18271695224967394, 5.631736760860052e-11, 0.18271695275499622, 0.18271695269091942, 1.7911695890011552e-10, 0.1827169528671029, 0.18271695221971462, 1.3211563445472817e-10, 0.18271695293874562, 8.478978634898046e-11, 3.068587766492525e-10, 0.18271695184133582, 3.033111482959817e-10, 0.7375568096827447, 0.06342213385342499, 2.188346948232593e-10, 3.8320236582672625e-10, 7.195169239152166e-10, 0.26244319002746097, 9.989071513704949e-11, 0.2461390775012495, 0.18271695350087555, 0.18271695178236136, 1.7133336944757444e-10, 5.971357395133402e-11, 1.467389626640805e-10, 0.24613907930565748, 1.0796100285159392e-10, 8.863217323800542e-11, 1.020947396949321e-10, 1.1467161295753746e-10, 1.3112188175079224e-10, 5.361789175653786e-11, 0.24613907926863496, 2.2968606162935812e-10, 0.18271695135399577, 0.22833329561530966, 1.3878201657552367e-10, 6.481794129451379e-11, 5.92055487519357e-11, 1.8665937067344138e-10, 8.685949777899161e-11, 0.24613907765951942, 0.2461390760399243, 0.18271695046466835, 0.1827169519836858, 1.6474994936099952e-10, 0.2461390776149362, 0.1827169531904417, 1.4841720943754983e-10, 0.18271695178650163, 0.18271695054949158, 8.339978351244483e-11, 7.402218255712207e-11, 0.18271695014325787, 3.848865856713442e-10, 0.18271695020406717]
v_opt: [0.42505659885450925, 0.7538609203624194, 0.5683063573969901, 0.06058444649715258, 0.05213616563446571]
solution time: 0.01661205291748047
McCormick lower bound: -6.387062257258476

