x_opt: [0.6143278709245303, 0.2620358963375808, 0.8937981354490817, 0.10620186849342002, 0.7379668118040925, 0.26203180016664546, 0.7379677107158229, 0.8937955098142193, 0.6143270597660077, 0.10620181772860061, 0.10620438757436203, 0.38567289028951646, 0.2620317986895299, 0.2620322201741817, 0.10620199460907187, 0.2726396455393302, 0.10620178855372732, 5.567231685396613e-8, 0.10620197063414852, 0.10620190761784343]
w_opt: [0.6143278614139954, 0.3522946890086361, 1.7405878316062904e-8, 1.1247826416078558e-8, 7.703361864465327e-7, 0.26203173372703303, 1.9441232866645164e-8, 4.84729301945101e-8, 0.10620176726619938, 3.4251447751480895e-8, 7.503359830694029e-9, 0.15583404053061112, 2.7716995336944264e-6, 0.2620358288964202, 0.106201805077933, 0.26203220374852326, 6.851632924122144e-8, 0.2620358858633487, 0.10620182905844669, 0.6317658543698302, 0.7875936676837565, 4.482429392299856e-9, 0.2794710768278784, 0.27263958349561235, 4.460350117092141e-8, 3.932286902424181e-8, 0.10620195789876266, 7.91296539244849e-8, 1.0269881960579412e-8, 8.476514888591918e-8, 0.10620184900951074, 0.10620185327525244, 0.10620166883893098, 9.684900493354226e-9, 3.4487442717981997e-7, 0.10620177605546248, 1.0785469359110624e-8, 1.8463042023044846e-8, 0.6143270527358121, 8.77775924941522e-8, 1.084203039578598e-8, 1.0705447102121147e-8, 1.579695540272895e-8, 0.10620158788046222, 9.739126205446557e-9, 0.26203177735605543, 0.26203172651184553, 2.8394710248524434e-8, 0.2620317676982368, 0.26203176732962696, 1.4319439917054661e-8, 0.2620317896195906, 1.3558983293960548e-8, 3.464981946566371e-8, 0.1062019580359034, 2.1748085958264792e-8, 0.3856728799755926, 2.621646903385556e-6, 1.2764236577102265e-8, 1.8373609310047345e-8, 6.105243368282446e-8, 0.6143270418715399, 1.7476071340542195e-8, 0.10620194178540651, 0.10620177299210778, 0.10620195796287425, 2.285998821036409e-8, 7.994032970330275e-9, 2.991074813167524e-8, 0.26203178289367846, 1.6693404900737892e-8, 1.034689238479186e-8, 1.4510664384595272e-8, 2.2725672355429837e-8, 2.4678205323948843e-8, 9.094362241592026e-9, 0.10620180357711552, 2.9610896144569816e-8, 0.10620155919369473, 0.10620436675160003, 1.505890161570784e-8, 9.763850203129703e-9, 1.531776151086083e-8, 2.013749922894819e-8, 8.83516040127201e-9, 0.10620198506642746, 0.2620317776286231, 0.10620189447610277, 0.10620169635264425, 1.3874348270839739e-8, 0.10620197586681761, 0.10620168590706411, 2.137692824252636e-8, 0.1062019461731553, 0.10620189712008814, 8.923329190487051e-9, 9.839501709776807e-9, 0.10620175057572215, 4.050898287255701e-8, 0.106201897818644]
v_opt: [0.8937954980777639, 0.8937981253025651, 0.5445950188494945, 0.011278839697521182, 0.011279626827189674]
solution time: 0.015150785446166992
McCormick lower bound: -3.241448361995878

