x_opt: [0.6496749588739895, 0.35032516258114255, 0.6496750040119416, 5.365310592509408e-6, 0.6496661495121351, 0.13837979654816523, 0.8616207844373891, 0.3889586396120555, 0.3504611051016356, 0.3503248306591802, 0.2634468631120892, 0.6495388940257456, 0.35033384805382517, 0.138379215942166, 0.3503338401360546, 0.3503343011270333, 5.348803422605812e-6, 2.5894980433467908e-8, 0.12628256004205693, 0.12628217241246611]
w_opt: [0.6496749545366161, 0.29934111171500016, 5.493820180854203e-9, 6.460752678640446e-9, 0.29921385645514237, 0.35033382949071185, 5.5523444346889535e-9, 8.81407198813623e-6, 5.340145166713411e-6, 1.6457310359043217e-8, 4.658773918129193e-9, 1.6957219062820035e-7, 1.5689341508634823e-8, 0.3503251305304757, 0.3503248264874623, 0.13837920458867156, 3.378357912973391e-8, 0.35032515855681434, 5.35190881579727e-6, 0.5112957929912118, 0.03863364769633644, 5.886593669202188e-9, 0.2992139159565788, 0.35033428376259595, 2.0870724545527857e-8, 2.2305143509271495e-8, 0.12628255580639103, 1.7608607061175412e-8, 2.884249663097292e-9, 2.333066764507612e-8, 5.357400984333675e-6, 5.358072951097357e-6, 5.3113769492140205e-6, 4.087567828269148e-9, 1.198230804147612e-7, 5.342120439737035e-6, 5.518316768661073e-9, 1.0270757053681128e-8, 0.3504611013716475, 1.2456196363496707e-8, 5.803089810595156e-9, 5.982201034614387e-9, 1.2979965528340738e-8, 5.295289283932237e-6, 4.291677988819391e-9, 0.13837978161476966, 0.13837977709088772, 8.435495649868418e-9, 0.13837979092767197, 0.13837917331828126, 8.759364984856285e-9, 0.13837979249756366, 5.397563554454254e-9, 1.5754314983241428e-8, 0.12628255360838106, 1.084938790386508e-8, 0.6495388875607488, 0.21195490860046393, 7.70107843504117e-9, 1.3599423836530262e-8, 2.3832023469649318e-8, 0.35046110062165436, 5.6235844715263385e-9, 0.35033382696771914, 5.339797968507407e-6, 0.12628255443864278, 5.476034948210037e-9, 3.702765346571173e-9, 1.1120216877010309e-8, 0.35033384435415954, 9.309969625418104e-9, 4.316642175837528e-9, 7.569001120836238e-9, 1.3807955251708025e-8, 1.2363932511644027e-8, 4.035529962692352e-9, 0.35032482598051073, 7.429416364227933e-9, 0.12628251925195996, 0.2634468591874559, 7.694133039207423e-9, 5.158688720667462e-9, 5.0579884391705234e-9, 7.173068011996355e-9, 4.4201760423775024e-9, 0.3503338357274729, 0.35033375167269376, 0.1262821661276325, 5.330857581016439e-6, 8.86767451914852e-9, 0.3503338353511112, 5.310517538571757e-6, 7.089971632090356e-9, 0.12628255406656277, 0.12628216551912044, 4.253979465364382e-9, 4.457773879597474e-9, 5.334197923834928e-6, 2.1240187729259065e-8, 0.12628216201393394]
v_opt: [0.38895863576450584, 0.6496749988620887, 0.42206857498760497, 0.12272749885123248, 0.06940426167476638]
solution time: 0.013393878936767578
McCormick lower bound: -5.533074379414598

