x_opt: [0.6596022484753867, 0.34041324241374477, 0.6596022443990661, 3.730859152092626e-7, 0.6596022698881139, 0.1378734090591611, 0.8621268162933474, 0.3983986526045955, 0.3403978181838207, 0.3403977129786175, 0.2892571094600063, 0.6596021109331532, 0.3403977264457628, 0.13787317894775641, 0.3403977221436413, 0.34041340124080693, 3.676785932870036e-7, 1.57715789963411e-8, 0.13787323286216296, 0.13787299354831065]
w_opt: [0.6596022394332787, 0.31920452065971483, 3.0862517732863853e-9, 2.9571514771056142e-9, 0.3192043615958819, 0.34039771705083605, 3.2059013104401317e-9, 1.863254206188944e-8, 3.6201541004177215e-7, 9.9092829595476e-9, 2.2754830533986806e-9, 1.548925579239392e-5, 1.5525141845999632e-5, 0.3404132218152973, 0.340397711857211, 0.13787317394138093, 1.192982198347862e-8, 0.3404132398314726, 3.6547335264282986e-7, 0.5217290625291863, 0.05800089990459804, 4.610965278759578e-9, 0.31920436500309635, 0.34041338660455833, 1.1279725247023885e-8, 1.3573853273234547e-8, 0.13787323034895813, 1.1138322205958212e-8, 2.2729997376789395e-9, 1.5772378379412658e-8, 3.683998083114848e-7, 3.692515711967871e-7, 3.54522804976282e-7, 1.8608253847193203e-9, 6.112810471717525e-8, 3.648460624227913e-7, 3.0616000337307506e-9, 4.110497557982937e-9, 0.34039781587308526, 2.5787097311893227e-8, 5.1719679614481785e-9, 2.474908189271793e-9, 8.130881008453389e-9, 3.405508048977029e-7, 2.0771891692279416e-9, 0.13787340299856563, 0.13787339692266734, 6.470684364054318e-9, 0.1378734056460838, 0.13787316764249335, 3.698191821323111e-9, 0.13787340715371385, 2.5254327798637067e-9, 1.0224652206653919e-8, 0.1378732302977209, 7.386065706417102e-9, 0.6596021085920958, 0.2025249263518291, 4.2706507558743614e-9, 6.220207601392583e-8, 1.2926143987847376e-8, 0.3403978152692198, 3.2163144311489002e-9, 0.3403977157265934, 3.625518687920398e-7, 0.13787322895299253, 4.669501867302232e-9, 1.565736657424033e-9, 2.5157821273416875e-9, 0.3403977246464915, 4.7975787946914815e-9, 2.485224561552272e-9, 3.8119224639400205e-9, 4.265912320437067e-9, 4.838252600023607e-9, 1.9993120292210406e-9, 0.34039771150350645, 5.479026988277644e-9, 0.13787321490428367, 0.28925710735357407, 4.132213488750597e-9, 2.5821641085067277e-9, 2.237380471156487e-9, 5.6280602646842155e-9, 2.4842285597860183e-9, 0.3403977193736229, 0.34039768755529287, 0.13787298956948807, 3.5897915506421755e-7, 4.982011625896672e-9, 0.3403977188965593, 3.524809681095002e-7, 5.094826661455365e-9, 0.1378732297277911, 0.13787299049247576, 2.488539810610194e-9, 2.1608321750820035e-9, 3.6014681739582024e-7, 1.2865659235258502e-8, 0.13787298789899868]
v_opt: [0.39839864922934265, 0.6596022417341983, 0.43507521289344675, 0.11587079714998069, 0.08366978230972126]
solution time: 0.015997886657714844
McCormick lower bound: -5.948240483866936

