x_opt: [0.8183595052705862, 0.18164103480176272, 0.8183595925708081, 0.18164048368966448, 0.8183595126386266, 0.1816402458739823, 0.8183596323997753, 0.8612577739520362, 0.6540179392519168, 0.18164049382830946, 0.10208961085604766, 0.8135440106854133, 0.18164048587625545, 0.18164036588366395, 0.18163956836441708, 0.18164103900387318, 0.18164039745730173, 4.624774923669025e-9, 0.18163914738211648, 0.13874221050758434]
w_opt: [0.8183595029973826, 0.6367190184143056, 1.7076596085279097e-9, 1.070478742342283e-9, 0.6319035170133316, 0.18164047977002498, 1.0650011898359904e-9, 3.366703932215551e-9, 0.18164039535731427, 2.716720951769346e-9, 1.0526236145830903e-9, 6.282172667178053e-7, 5.685850718123543e-7, 0.1816410295153865, 0.18164049257649262, 0.18164036360942018, 3.925529239961407e-9, 0.1816410337359417, 0.181640480481605, 0.6367192256026879, 0.6796173675067188, 8.995152529993564e-8, 0.6319036080631436, 0.18164103299605966, 1.4135528679297021e-8, 3.845826251366137e-9, 0.1816391466516105, 2.3219555413324615e-9, 1.3320469372791128e-9, 4.6709721572704075e-9, 0.1816404826480287, 0.1816404820418046, 0.1816404736595619, 7.4192645900935e-10, 2.034171628409031e-8, 0.18164039681849503, 8.153045528198551e-10, 1.5879151888548796e-9, 0.6540179386948872, 1.5433355617312127e-8, 2.504900613847268e-9, 9.689616051932595e-10, 1.9446740204643066e-9, 0.1816403815466946, 6.379177430519574e-10, 0.18164024242213817, 0.18164024192402625, 2.0017171492633083e-9, 0.1816402438723564, 0.18164024125041944, 1.629384081298703e-9, 0.18164024488618666, 1.1863860070056214e-9, 2.7357924584826607e-9, 0.1816391464557917, 2.6175375648686754e-9, 0.8135440097329083, 2.1059799805434678e-7, 1.5856150333304204e-9, 1.8494598002465328e-9, 3.6996392343582347e-9, 0.6540179382635171, 1.0674300728063236e-9, 0.18163956428774344, 0.18164039634479884, 0.18163914608457873, 8.712236780420094e-9, 1.0477783148201543e-9, 0.4675619516240148, 0.18164048456675158, 1.0032119087295452e-9, 1.09914525974985e-9, 1.0443129828960637e-9, 1.4535118799178572e-9, 1.544501882743775e-9, 6.189023884419401e-10, 0.18164048466352123, 3.5096419551228326e-9, 0.18163914132462722, 0.10208960995561038, 1.3683746848210254e-9, 6.282018769722949e-10, 8.080252881933048e-10, 2.5907925606759626e-9, 9.896192547972996e-10, 0.18163956713867502, 0.18164044014770064, 0.13874220883788188, 0.18164035291181396, 1.5381784826813386e-9, 0.18163956683516685, 0.18163956355104102, 1.405512048230598e-9, 0.18163914448014154, 0.1387422096818915, 9.028579944495148e-10, 9.865742482882043e-10, 0.13874220681661945, 3.502557081065344e-9, 0.13874220925305292]
v_opt: [0.861257773103662, 0.8183595913428722, 0.6697123466778822, 0.03299327662331829, 0.010422351235371089]
solution time: 0.01520991325378418
McCormick lower bound: -5.041184376255051

