x_opt: [0.6353514583646487, 0.36464855499666854, 0.635351464780789, 3.2610108986707003e-6, 0.6353514628996486, 0.15945215440671212, 0.8878511124924958, 0.36464866100595156, 0.3646485718163687, 0.36464853472514686, 0.22868036857590163, 0.6353514170311011, 0.36464853895515204, 0.11214889761214308, 0.3646485290985773, 0.3646485644393108, 3.2575225247977353e-6, 1.2754852591668002e-8, 0.11214821652107175, 0.11214799351499992]
w_opt: [0.6353514549619836, 0.2707029235927985, 4.375657441546204e-9, 3.2019561388367638e-9, 0.2707028779932949, 0.3646485300127692, 2.577558439932134e-9, 1.2460898120823899e-8, 3.251352500987072e-6, 7.4503345092481965e-9, 2.830018007979691e-9, 2.23913145817727e-8, 3.577404760428466e-8, 0.3646485362176723, 0.364648532063943, 0.11214889159212632, 9.505900207775105e-9, 0.3646485514540675, 3.2532156338685534e-6, 0.5232025790821195, 1.2773743662870292e-7, 9.328022385990866e-9, 0.2707028912856364, 0.3646485502956874, 1.039318603349096e-8, 1.1036401195663015e-8, 0.11214821442128178, 7.85237703756787e-9, 2.3161143476683746e-9, 1.3810543531796348e-8, 3.257344231404665e-6, 3.256846869357068e-6, 3.2464442887027677e-6, 1.7803393778618732e-9, 7.843946065048123e-8, 3.2546122706929737e-6, 2.7150969475016483e-9, 4.105188464556083e-9, 0.3646485696640627, 2.3458157695143434e-8, 7.988935208699027e-9, 2.496868244819458e-9, 7.983196583701808e-9, 3.2241434574779067e-6, 1.7617020356063903e-9, 0.1594521465097735, 0.15945214549974285, 5.294557566977693e-9, 0.15945215003801513, 0.11214888674413352, 4.022658108830928e-9, 0.15945215245692146, 2.4919625303124667e-9, 7.712736098734772e-9, 0.11214821439062957, 8.924913191528904e-9, 0.6353514145256053, 0.2524998865310137, 1.3822322391032555e-8, 7.714649838480704e-9, 1.1807619803887144e-8, 0.3646485692280246, 3.120701356601962e-9, 0.3646485221758921, 3.2529250412545625e-6, 0.11214821216473649, 4.831461434752356e-9, 1.759966794953672e-9, 3.4894595658310614e-9, 0.3646485365665558, 3.621417108987293e-9, 2.7046030765829215e-9, 3.1384168942688165e-9, 3.5254882264475783e-9, 3.9492986604119684e-9, 1.9311451471819826e-9, 0.36464853177956025, 5.689796195086386e-9, 0.11214820147255808, 0.22868036682800788, 3.886377236299114e-9, 2.2127888972417053e-9, 1.9829292286341697e-9, 7.717321733828002e-9, 2.6816438658916784e-9, 0.3646485265749841, 0.364648457509096, 0.11214798850109127, 3.2506730016212265e-6, 5.720986523704223e-9, 0.36464852510220214, 3.244463021621815e-6, 3.951161029238745e-9, 0.11214821275002537, 0.11214799127537489, 2.7120507167442724e-9, 2.2030338589997796e-9, 3.248148972700895e-6, 1.0135364815958989e-8, 0.11214798929823194]
v_opt: [0.3646486582755678, 0.6353514606705211, 0.40367148702928113, 0.13296855766143237, 0.052295212984696623]
solution time: 0.013293027877807617
McCormick lower bound: -8.35446238523134

