x_opt: [0.7728737143806577, 0.22712626401424896, 0.7728738881604925, 2.6300383404992497e-7, 0.7728734874133157, 0.22712642899043498, 0.7728737332661627, 0.6269308258463948, 0.4195739843277349, 0.2271261024689765, 0.22712628825121584, 0.5804260019728317, 0.22712645006384835, 0.22712626088212287, 0.22712631024007945, 0.29519236595423554, 2.42982607682314e-7, 8.592036067286047e-9, 0.22712606895182352, 0.2271260671757979]
w_opt: [0.7728737115088073, 0.5457472025640064, 3.1378042056572323e-9, 4.5294144809030815e-9, 0.35329971743189226, 0.22712644058254924, 3.6491607851454443e-9, 7.022466904418484e-8, 2.4021361419995344e-7, 5.774923500991926e-9, 1.624238818439608e-9, 1.5315366237380614e-7, 4.60358397494403e-9, 0.2271262479819047, 0.22712610119585674, 0.22712625622438723, 1.7003742694154858e-8, 0.22712626065889133, 2.5848089872213465e-7, 0.5457476225339085, 0.3998047160257927, 1.079384021551267e-8, 0.3532998988036472, 0.2951923559171399, 1.3034614615279982e-8, 7.3555193344094335e-9, 0.2271260676009316, 1.3769131242894236e-8, 1.06251502041161e-9, 1.1017764126952495e-8, 2.603233675900182e-7, 2.607100625273248e-7, 2.4047500322748057e-7, 1.2766143055000032e-9, 2.424118886839642e-8, 2.4164949100010376e-7, 1.5930754157351663e-9, 3.139819024435278e-9, 0.419573983436126, 1.042424556632242e-8, 1.8479127978966747e-9, 1.910305160808242e-9, 2.7803949382852912e-9, 2.193730136327728e-7, 1.7012941197680542e-9, 0.22712642531201743, 0.2271264170807478, 4.270369833355549e-9, 0.22712642635633082, 0.22712623993262224, 3.0640810762209045e-9, 0.2271264280149821, 2.2122138908837092e-9, 5.6355122759051685e-9, 0.22712606692038853, 4.998842318692904e-9, 0.5804260001185844, 7.838232821084841e-7, 2.2751094960845363e-9, 6.430721733677182e-9, 1.6232412025297058e-8, 0.4195739821457891, 1.8859584990236782e-9, 0.22712630374353224, 2.4033003108958246e-7, 0.22712606715654998, 2.4951320564954557e-9, 1.2971119430164781e-9, 3.654302460496686e-9, 0.2271264491883258, 3.9037120942537175e-9, 1.4665255047521809e-9, 2.375436412558792e-9, 5.313651874794394e-9, 5.32867568337339e-9, 1.4746398590544548e-9, 0.22712610087571194, 4.287158162407538e-9, 0.22712603340633772, 0.2271262872236542, 2.6777191031578983e-9, 1.780107515893739e-9, 2.265634915217721e-9, 3.519638216370839e-9, 1.4428681362140212e-9, 0.2271263095620717, 0.2271263853839843, 0.22712606525056106, 2.2040059135506156e-7, 2.7409902176135387e-9, 0.22712630851418247, 2.3003843388846333e-7, 2.911380580533374e-9, 0.2271260675181661, 0.22712606614561515, 1.4806452915225034e-9, 1.4566611567934075e-9, 2.238431710768355e-7, 7.205672927330976e-9, 0.22712605054596952]
v_opt: [0.6269308245714035, 0.7728738867854862, 0.5973335246211872, 0.05158627982244717, 0.05158636606436709]
solution time: 0.012131929397583008
McCormick lower bound: -4.269598432351466

