x_opt: [0.8210226033206662, 0.17897734369071377, 0.8210227387974673, 0.17894717222798143, 0.8210221154978569, 0.17897770730070275, 0.8210226406136568, 0.8210528775974487, 0.5736060873039651, 0.17897726431628283, 0.1723297053295789, 0.7987114023094921, 0.17897781788890516, 0.17897735714500473, 0.17897737442071843, 0.21431436127351408, 0.17894716893164586, 1.3481363277005827e-8, 0.1789471196756825, 0.17894711219573953]
w_opt: [0.8210226012147772, 0.6420447206076778, 3.883846591836195e-9, 3.8247134092557085e-9, 0.6197340077060777, 0.1789778041843087, 3.6731806065845667e-9, 2.839176765116495e-8, 0.1789471642559368, 8.450688639519994e-9, 2.7071609150119706e-9, 8.394473376307474e-8, 1.4549039579787318e-8, 0.17897732788354084, 0.17897726149346088, 0.17897733527576612, 3.111857378168429e-8, 0.1789773417199008, 0.1789471642535434, 0.6420453818908827, 0.6420756192972835, 1.2306668886135924e-8, 0.6197341533710293, 0.21431435165978255, 8.558021579194975e-9, 1.1182204695839392e-8, 0.17894711727973428, 5.943599159437691e-9, 1.6463474132778587e-9, 1.2956991551381254e-8, 0.17894716839241628, 0.17894716854000545, 0.17894715035745448, 2.7502404776614056e-9, 6.009593274062669e-8, 0.17894716579330228, 2.769410241827266e-9, 6.39422099295015e-9, 0.5736060855685546, 1.064603297730742e-8, 1.8978429505303057e-9, 3.8157509588111e-9, 4.090721602049738e-9, 0.1789471255287544, 2.481541606174296e-9, 0.17897769692051185, 0.1789776953998087, 4.701840666540907e-9, 0.1789777038181067, 0.17897734868277695, 5.629329341666865e-9, 0.1789777043313889, 3.6439806437051595e-9, 7.978046913094478e-9, 0.17894711552302459, 5.509169354387472e-9, 0.7987113984427077, 7.14365649099886e-7, 2.9849048628510947e-9, 5.508657654974738e-9, 9.550498278193343e-9, 0.5736060846281312, 3.0589172719163873e-9, 0.17897736425782998, 0.17894716490387677, 0.17894711678225356, 3.904912012340376e-9, 2.840849358373605e-9, 0.3723175076891978, 0.17897781523284612, 4.364478717635124e-9, 2.55039250722363e-9, 3.993771579829726e-9, 9.769307346072928e-9, 8.401027668646448e-9, 2.5733020651357645e-9, 0.17897726062790062, 4.701032208308451e-9, 0.17894709225301703, 0.1723297024258584, 4.178464886454299e-9, 2.599549239856082e-9, 4.482728182713524e-9, 5.204252256562983e-9, 2.472156781342585e-9, 0.17897737228015229, 0.1789777709303421, 0.17894710896745733, 0.17894715715820944, 4.321371536389727e-9, 0.17897737135138164, 0.1789471494646758, 3.7826379296745455e-9, 0.17894711573050281, 0.1789471082471253, 2.313167018735362e-9, 2.860584822476656e-9, 0.17894710392302152, 1.0688109123655714e-8, 0.1789471079747762]
v_opt: [0.8210528756510037, 0.8210227361659953, 0.6740774337874437, 0.03203301644050963, 0.0296983345665773]
solution time: 0.01506805419921875
McCormick lower bound: -4.432798606270459

