x_opt: [0.6321052039904067, 0.2355692358385945, 0.8934143028018663, 0.1065856485300076, 0.6663997512868127, 0.235569146506041, 0.7644308783222007, 0.8934111031156652, 0.6321045521094645, 0.10658517238305884, 0.10658890030191245, 0.36789506679657646, 0.23556918218096512, 0.23556907000117186, 0.1065872991899383, 0.2692589613176768, 0.10658557196794144, 3.945997726956885e-8, 0.10658589827194254, 0.10658576687376678]
w_opt: [0.6321051945261681, 0.2985049583982, 2.1904021678197078e-8, 1.1967782419731846e-8, 2.760660515232601e-7, 0.23556912965899288, 1.7440420243623634e-8, 8.885411145301417e-8, 0.10658556152172742, 2.7007951883696352e-8, 8.723597524273226e-9, 0.12898354276314805, 1.1049199235106615e-7, 0.23556918464908536, 0.10658516404554734, 0.23556902635379753, 1.4108264935028186e-7, 0.23556922804820016, 0.10658562338771248, 0.6578451869228313, 0.7868254236103657, 1.8174053139149985e-8, 0.26130941435239474, 0.2692589274951029, 4.568000281661041e-8, 3.287511861963603e-8, 0.10658589187489897, 1.274084384164041e-7, 5.556616967762576e-9, 6.491939841505892e-8, 0.1065856371465753, 0.10658563260267608, 0.10658505472498406, 8.967633949872167e-9, 2.3870742368711934e-7, 0.10658556422594223, 7.479123175182514e-9, 1.925149231290713e-8, 0.6321045501016278, 6.999087221006935e-8, 7.014093086532389e-9, 1.3277721757074622e-8, 1.226259851242344e-8, 0.10658544107433583, 9.664667376908549e-9, 0.23556912493735108, 0.2355690684012392, 2.0859529892787207e-8, 0.2355691267973368, 0.23556892117167114, 1.7243661401271383e-8, 0.2355691389338217, 1.4037541401994067e-8, 2.574044712574151e-8, 0.10658588467182277, 1.9729425598786818e-8, 0.36789505316021065, 1.1262180576323373e-6, 8.600178086902716e-9, 2.5123812020012384e-8, 6.956977831185783e-8, 0.6321045402956561, 2.0145048740272294e-8, 0.10658724915793182, 0.10658556181424833, 0.10658589129891835, 1.3299354514045693e-8, 8.918855869585496e-9, 1.5434398502808014e-8, 0.23556916925230423, 1.4401095925801636e-8, 7.487638261138462e-9, 1.1323747496051304e-8, 4.175099924819705e-8, 3.632363635736167e-8, 9.820671766846472e-9, 0.10658516240559547, 2.0454193684010145e-8, 0.1065849360178625, 0.10658888814787275, 1.3595216066025133e-8, 8.949809645320686e-9, 2.3542117424086117e-8, 1.4548992746230869e-8, 6.996025932436768e-9, 0.10658729562325318, 0.23556906240785094, 0.10658575890712761, 0.10658548760217844, 1.0131243748960516e-8, 0.10658729169696869, 0.10658548002822665, 1.3360200053743042e-8, 0.10658589155639094, 0.10658575732475603, 6.988843083803465e-9, 8.298147391298321e-9, 0.10658554165609557, 3.3246663552207594e-8, 0.10658573668648266]
v_opt: [0.8934110994595558, 0.8934142983203516, 0.44409025760167814, 0.011360447686258067, 0.011361282261308125]
solution time: 0.012559890747070312
McCormick lower bound: -3.43112519143018

