x_opt: [0.749521432371694, 0.345877145085701, 0.749521438290418, 1.520427487216933e-7, 0.749521432539121, 0.2504785565582648, 0.7495214607989237, 0.4046672524271589, 0.2504785843905514, 0.2504785603110847, 0.25047448681083234, 0.5311594762781826, 0.2504785626544972, 0.25047852977996005, 0.2504785577960498, 0.3458771477000437, 1.4413573971655744e-7, 5.969405569436248e-9, 0.25047854100740197, 0.25047854109128903]
w_opt: [0.7495214304770303, 0.49904286505327156, 1.5605193472551646e-9, 1.0417185811665202e-9, 0.28068090960084935, 0.25047855801745816, 1.8800153908675448e-9, 7.329676521294929e-9, 1.413958456854035e-7, 3.6450002777805877e-9, 8.428409364460231e-10, 0.09539858472049438, 0.09539858886260352, 0.34587713530339875, 0.25047855977684175, 0.2504785280372429, 5.2516167236411676e-9, 0.34587714283374377, 1.482058344492649e-7, 0.49904289984291383, 0.15418869205557625, 3.3207600969048804e-9, 0.2806809190397149, 0.34587713804399334, 4.737071766507514e-9, 4.738571510207721e-9, 0.25047853972947004, 4.914840437094759e-9, 1.4264470288879322e-9, 1.0989941231990537e-8, 1.4962869114066995e-7, 1.5037019188829938e-7, 1.4470804782929114e-7, 7.696399822593753e-10, 3.378123286617451e-8, 1.430946306773271e-7, 1.215276576932497e-9, 1.6387488099086857e-9, 0.2504785834499891, 2.558216635036715e-8, 3.4400893453548623e-9, 9.576157010541384e-10, 3.0918941909536764e-9, 1.3027332531623335e-7, 9.897918913494783e-10, 0.25047855448456324, 0.2504785477649482, 4.3619815453247946e-9, 0.25047855485379483, 0.2504785254547623, 1.3565721191376186e-9, 0.250478555764795, 1.098283274277575e-9, 3.87841530815496e-9, 0.2504785398186888, 3.489366056453816e-9, 0.5311594753998068, 4.009293436294921e-7, 2.2319089381291373e-9, 1.0199077491476242e-8, 2.091754365485402e-8, 0.2504785827537611, 1.4120741062061394e-9, 0.2504785544684291, 1.420591717140476e-7, 0.2504785391567058, 3.2409911388584416e-9, 6.02400189245563e-10, 9.662052823112963e-10, 0.2504785617427816, 2.055926377385251e-9, 1.1120658990128458e-9, 1.4682534827762468e-9, 1.6157546185671017e-9, 1.9949769220892295e-9, 7.853335812200989e-10, 0.25047855935948177, 3.6730629614953375e-9, 0.2504785293829811, 0.2504744856494431, 1.6222670897198592e-9, 1.0543504316583973e-9, 9.049225157371961e-10, 2.3477643436335903e-9, 9.847285438842043e-10, 0.2504785568709715, 0.25047853795503416, 0.25047853920746466, 1.3914072732041785e-7, 1.8842152106346588e-9, 0.25047855570391137, 1.3779871847142252e-7, 2.5792066979770248e-9, 0.25047853947694226, 0.2504785401565966, 1.0734438849218176e-9, 8.510663923369774e-10, 1.4086369764789097e-7, 4.571572517344026e-9, 0.2504785373628181]
v_opt: [0.4046672505531772, 0.749521436919153, 0.5617823874572444, 0.0627395094445951, 0.06273764576495121]
solution time: 0.012923002243041992
McCormick lower bound: -4.609640352838571

