x_opt: [0.7908435242630528, 0.3148162091227897, 0.7908435350640464, 0.20913965711131735, 0.7908435355995787, 0.2091562187216437, 0.790843964154665, 0.47073267037444144, 0.266687812357292, 0.20915645523427526, 0.2091470505365034, 0.7333121087565122, 0.2091564862399591, 0.20915601773713813, 0.20915641128660958, 0.31481699644464367, 0.2091396287214301, 4.726553027687581e-8, 0.2091556670508566, 0.20915544395888958]
w_opt: [0.7908435174911835, 0.5816870641094855, 8.75423408319297e-9, 7.308575958495379e-9, 0.5241556385315548, 0.20915645447452633, 8.290482431770934e-9, 3.0794411111725326e-8, 0.20913961450556465, 3.152144781528265e-8, 4.830889749877044e-9, 0.1056597499037651, 0.1056597758186871, 0.31481615155295456, 0.20915644905771083, 0.20915600782327387, 2.8432641997912486e-8, 0.3148162027311847, 0.20913963317683645, 0.5816875035793375, 0.26157621224112904, 2.228814377177437e-8, 0.5241556750243823, 0.3148169391897657, 2.1806520920750235e-8, 4.098346333647844e-8, 0.20915566079620784, 1.5363935445506554e-8, 6.423384223181694e-9, 5.469442515960158e-8, 0.209139646390267, 0.20913964876915664, 0.2091396110253, 4.580754618589221e-9, 8.960829174391683e-7, 0.20913962201009464, 6.765261209518439e-9, 9.935784113428572e-9, 0.26668780766522415, 1.375323125187457e-7, 2.6418511996857054e-8, 5.690626155632657e-9, 1.1599530739460875e-8, 0.20913946079090198, 4.8344666697763395e-9, 0.20915620428090206, 0.2091561925006672, 1.0723563269345201e-8, 0.2091562092487198, 0.20915599926603995, 7.843188409554174e-9, 0.20915621369340967, 6.406896952775064e-9, 3.427341593610704e-8, 0.20915566086605608, 1.570994749399882e-8, 0.7333121032958874, 3.033928917584522e-6, 9.233467001960862e-9, 1.4207837948861258e-8, 3.314646716454912e-8, 0.26668780465269215, 7.111177452899792e-9, 0.20915639249972012, 0.2091396187819301, 0.20915565804705324, 1.1628053078557446e-8, 3.996803137267436e-9, 1.1540007404309507e-8, 0.2091564806402023, 9.009359888751295e-9, 6.104171464126414e-9, 8.094736967198232e-9, 9.21194878987875e-9, 1.0621159774286695e-8, 4.326402823380046e-9, 0.20915643715640028, 1.7391704119103592e-8, 0.20915559145408558, 0.20914704445888627, 9.621330726008076e-9, 5.323758259872081e-9, 5.242406904300069e-9, 9.816738407376238e-9, 5.630929751930013e-9, 0.20915640585486447, 0.20915642206324628, 0.2091554342630358, 0.2091395973386524, 9.758049479899671e-9, 0.2091564020807252, 0.20913959266388335, 1.3665294953448454e-8, 0.20915565853543586, 0.2091554391763228, 5.6652286613021516e-9, 5.3852550842150035e-9, 0.20913961122377758, 3.93406963065117e-8, 0.2091554394984698]
v_opt: [0.47073266289116034, 0.790843527663831, 0.6254352740259157, 0.04374665645011317, 0.04374250557654471]
solution time: 0.013220071792602539
McCormick lower bound: -4.663670053408242

