x_opt: [0.7835037319903895, 0.3164441461682787, 0.7835037326162264, 0.20342708477590515, 0.7835037402384994, 0.2034270781687404, 0.7965729224202355, 0.46287757774238425, 0.2649945028909414, 0.2164962677671457, 0.21649624333593215, 0.7350054920667307, 0.21649626734408287, 0.20342707717246009, 0.21649625983014367, 0.31644414644922697, 0.2034270744614401, 8.790620912459003e-10, 0.20342707701933982, 0.2034270778164633]
w_opt: [0.7835037316697234, 0.5670074714643247, 3.820804128002615e-10, 1.988781657064251e-10, 0.5185092242353212, 0.21649626657028373, 2.127878756759238e-10, 6.489616145255454e-10, 0.2034270740179987, 5.18428093803753e-10, 1.4886660094874708e-10, 0.09994787897140145, 0.09994788678430201, 0.31644414479003785, 0.21649626761183197, 0.20342707684288291, 6.630036088925938e-10, 0.3164441458805401, 0.20342708416114882, 0.5800766551427204, 0.24638131051169246, 1.0631048602568862e-9, 0.5185092253726669, 0.31644414506279894, 7.313036210005467e-10, 7.297218073084133e-10, 0.20342707685912031, 7.023539604148439e-10, 2.0113826921093043e-10, 1.2550290584174334e-9, 0.20342708449697808, 0.20342708449205973, 0.20342708374799318, 1.2074313219349462e-10, 5.640008958450092e-9, 0.2034270743295635, 1.798313188864638e-10, 2.62092713238454e-10, 0.2649945027574779, 8.683985695098158e-9, 7.1394933329776615e-9, 1.4850607904498054e-10, 7.022059283752858e-10, 0.20342707205789942, 1.2518438990889152e-10, 0.2034270777562985, 0.20342707742255395, 4.843130750938284e-10, 0.20342707789698858, 0.20342707601887286, 2.3858597488243247e-10, 0.20342707803869495, 1.7617999009891825e-10, 5.48616137235865e-10, 0.20342707684060385, 5.563588606347712e-10, 0.7350054919237721, 0.013069200083723472, 3.8470873457979376e-10, 9.82422602013418e-10, 2.3250520974366543e-9, 0.26499450268325925, 2.188390634536999e-10, 0.21649625933710298, 0.2034270741722662, 0.20342707672386404, 4.5587298094970306e-10, 1.1230535097820907e-10, 1.8425245712365009e-10, 0.21649626719808768, 2.535323371292574e-10, 1.8881919634005287e-10, 2.1236593662260736e-10, 2.3632162441197216e-10, 2.748735922735311e-10, 1.1480016822608738e-10, 0.21649626715912249, 5.727284341906179e-10, 0.20342707600502066, 0.21649624317902585, 2.558529052518096e-10, 1.438199796962249e-10, 1.272400052082969e-10, 4.049523139904753e-10, 1.720152920036795e-10, 0.21649625968303343, 0.2164962643818762, 0.2034270774953804, 0.2034270732811552, 3.258933212763425e-10, 0.21649625953312282, 0.20342707354269637, 3.26413886672324e-10, 0.20342707676350333, 0.2034270776630261, 1.7954651613108238e-10, 1.4419072581781808e-10, 0.20342707364463739, 6.771890366955889e-10, 0.20342707589807985]
v_opt: [0.46287757751102926, 0.7835037323717637, 0.6138781164240651, 0.046870677253552644, 0.04687062618033573]
solution time: 0.014259099960327148
McCormick lower bound: -5.737862917751641

