x_opt: [0.7495123469303402, 0.3458723609991799, 0.7495123569938107, 5.314873824143063e-7, 0.7495123719426019, 0.25046483253047697, 0.749535447330752, 0.4046722364737231, 0.25048767306015407, 0.2504876133433338, 0.2504876339699861, 0.5311775978202536, 0.25048763093851023, 0.25046454405135055, 0.25048758497779566, 0.3458724942540362, 4.904747055143136e-7, 3.911946589358788e-8, 0.250464750179927, 0.2504647337299043]
w_opt: [0.7495123387276245, 0.499024722976869, 9.172439570582068e-9, 9.800343103113128e-9, 0.2806899495165444, 0.25048760668868897, 9.001875627621331e-9, 9.02403553831848e-8, 4.7679226650667175e-7, 2.5470501824964927e-8, 4.877772348229061e-9, 0.0953847230927149, 0.09538479367813774, 0.3458722909041127, 0.2504876084477087, 0.25046453371303584, 4.8661117385014315e-8, 0.3458723529368263, 5.116104397010178e-7, 0.4990478090719542, 0.15418459990899053, 1.0931952826445765e-8, 0.28068998181251814, 0.34587244554946167, 2.9095744218099823e-8, 3.3009437767945956e-8, 0.2504647430690475, 2.5945581034596573e-8, 5.720796684797663e-9, 7.374625887327563e-8, 5.166869503280274e-7, 5.237824085884483e-7, 4.863603825320589e-7, 4.498220676738848e-9, 1.7063118389007952e-7, 4.84134019482074e-7, 7.546797887721329e-9, 1.038983520355686e-8, 0.2504876671451769, 1.6751814857310902e-7, 1.4672639875119834e-8, 5.4826380055428486e-9, 1.709078008457996e-8, 4.208360953226192e-7, 5.338200712082247e-9, 0.2504648192863119, 0.25046476399728723, 1.9157851541169238e-8, 0.25046482509669415, 0.25046450993742947, 8.734701553884061e-9, 0.2504648281037209, 6.096689510209844e-9, 2.6577835718750534e-8, 0.25046474244053124, 2.0892930695185177e-8, 0.5311775918530767, 2.3438147764732526e-5, 1.9967240012621803e-8, 2.943291879644135e-7, 3.2828294273328897e-7, 0.2504876650850395, 8.034523356740475e-9, 0.2504875686795969, 4.7681840918758265e-7, 0.25046474062844243, 1.1800919589100038e-8, 3.4300816317571573e-9, 5.182356579855178e-9, 0.25048762602282215, 1.55486513423552e-8, 5.730318730658873e-9, 9.748345995608379e-9, 1.1354208406518015e-8, 1.4700497535735398e-8, 5.035731312394549e-9, 0.2504876051411484, 1.529990422605285e-8, 0.2504647103498525, 0.2504876278746297, 1.057729222558694e-8, 6.875662452472576e-9, 5.589735891189735e-9, 1.0847986500115451e-8, 5.459683260458617e-9, 0.25048757974617136, 0.2504874519005927, 0.2504647253510811, 4.672755335465002e-7, 1.19212341759273e-8, 0.2504875764335703, 4.477424773951648e-7, 1.495451120244582e-8, 0.25046474381531814, 0.2504647274618273, 5.8352608837291334e-9, 4.892936216571084e-9, 4.7450828826035534e-7, 3.19729757299897e-8, 0.2504647141949561]
v_opt: [0.40467222783576295, 0.7495123494941506, 0.5617689474578028, 0.0627440679315213, 0.06274408605439244]
solution time: 0.014987945556640625
McCormick lower bound: -5.119674004167249

