x_opt: [0.6586133181445852, 0.16178662182358836, 0.8382134086218306, 0.1617866149352556, 0.838213384725182, 0.16174150422066688, 0.8382134097704003, 0.9447721722019348, 0.8382133769717416, 0.16178661032220468, 0.055227798562533355, 0.8382133857034288, 0.16178660846241827, 0.16178658957560713, 0.16065019619404225, 0.16178662246600348, 0.16178659155979958, 1.4166231544696607e-9, 0.16065019417057827, 0.05565409988996915]
w_opt: [0.658613317758401, 0.4968267031305197, 4.824551138596181e-10, 3.3691855761012415e-10, 0.4968267042030191, 0.16178660645534637, 3.266702081682606e-10, 8.37659869449447e-10, 0.16178659088158065, 7.935101951934186e-10, 3.227934244620329e-10, 3.078711023072375e-8, 8.545177101165574e-9, 0.16178662032247362, 0.16178660984441376, 0.16178658889267047, 1.0332562167759365e-9, 0.1617866215111058, 0.16178661391460492, 0.6764268186156337, 0.7829855811793931, 1.9890021442724347e-8, 0.6764267958428103, 0.1617866205499975, 1.7151876061915919e-9, 1.1441584754465392e-9, 0.16065019392705426, 5.971783002608771e-10, 4.999008486309335e-10, 1.312524210533679e-9, 0.16178661460573282, 0.1617866143438524, 0.16178660873354997, 2.409025574929658e-10, 6.395472354255215e-9, 0.1617865913455233, 2.533650217364532e-10, 4.675929393750434e-10, 0.8382133767915437, 1.7281746171634551e-9, 5.539141785855135e-10, 3.036515075343336e-10, 6.012200364316519e-10, 0.16178658617964548, 1.9757430548189828e-10, 0.16174150314197677, 0.16174150309450952, 6.379123563421326e-10, 0.1617415035715755, 0.1617415034024793, 4.657512795999435e-10, 0.16174150387505504, 3.704906382562681e-10, 8.148063868325607e-10, 0.16065019390907048, 7.444336732958545e-10, 0.8382133854146601, 4.884976480854923e-8, 4.46759793894408e-10, 4.819674287128156e-10, 1.0436182909661372e-9, 0.8382133766284023, 3.393793646919568e-10, 0.16065019492954638, 0.16178659121465414, 0.16065019375435433, 0.00042627268042515974, 3.3341458695651174e-10, 0.6764267631965595, 0.16178660792097743, 2.9750554179121425e-10, 3.5799030588799486e-10, 3.185820552023831e-10, 4.235099138661563e-10, 4.423127667839574e-10, 2.1310316980583287e-10, 0.1617866080365714, 1.1574327935562836e-9, 0.16065019203153924, 0.055227798246646434, 4.098184153268743e-10, 2.0036421428617227e-10, 2.775433569158074e-10, 8.509274179328411e-10, 3.041825377913089e-10, 0.16065019571611786, 0.1617866035652269, 0.05565409932637968, 0.16178658787161512, 4.5618114570646105e-10, 0.16065019566819308, 0.16065019484693133, 4.4296230621869483e-10, 0.16065019305934283, 0.055654099617141704, 2.829624498997213e-10, 3.1301735531484616e-10, 0.05565409877864261, 1.0173325507553956e-9, 0.0556540995904817]
v_opt: [0.9447721719134229, 0.8382134082468886, 0.7026018818472514, 0.02617730061963113, 0.0030501470402214477]
solution time: 0.019101858139038086
McCormick lower bound: -4.836347468815577

