x_opt: [0.7632600075023964, 0.23674053829610733, 0.7632600077394324, 0.23673988275578958, 0.7632600074869252, 0.23673988182825012, 0.7632601176459353, 0.615626941728566, 0.2966260678432853, 0.2367399915345798, 0.22363978199784834, 0.7033739325841597, 0.23673999235798512, 0.23673988237566698, 0.23673999041469632, 0.23674686123079042, 0.23673988208261718, 8.043001051768634e-10, 0.08280135116582416, 0.026248847473407045]
w_opt: [0.76326000728271, 0.5265200151233421, 3.352605460273879e-10, 2.0959639814069348e-10, 0.46663394025272076, 0.23673999166566043, 1.649738004238044e-10, 6.410532915770425e-10, 0.23673988172831548, 4.673168703203926e-10, 1.862246426028733e-10, 5.461661956476891e-7, 5.465323373959842e-7, 0.23674053735597397, 0.23673999202462626, 0.23673988197072776, 6.502081560550037e-10, 0.23674053815972426, 0.23673988227412165, 0.5265201255076536, 0.37888694960574765, 5.945447678810667e-10, 0.4666339409742802, 0.23674686044040702, 5.575893560238979e-10, 6.843245014599876e-10, 0.08280135103339308, 4.056153612280035e-10, 1.3467967837779957e-10, 6.625108357243229e-10, 0.23673988254815606, 0.23673988248083727, 0.23673988188686998, 1.2629536338761178e-10, 3.1779843329989316e-9, 0.23673988194788434, 1.6090241800656644e-10, 2.755675877106138e-10, 0.29662606772428446, 1.139827793575272e-9, 2.96577171608723e-10, 1.7592253151620784e-10, 3.3794940788217745e-10, 0.2367398799961049, 1.1526953779781585e-10, 0.23673988124981468, 0.23673988125749446, 3.093780591915369e-10, 0.23673988154599804, 0.2367398810248787, 2.760663990879142e-10, 0.2367398816772117, 1.7720526585468225e-10, 4.694922262391919e-10, 0.08280135101180726, 4.2729569694399553e-10, 0.7033739324076257, 1.2011398416599033e-7, 3.0276825528454513e-10, 3.4155204895017313e-10, 5.303322685225257e-10, 0.2966260676859664, 1.9256467353888827e-10, 0.2367399899329073, 0.2367398818377565, 0.08280135093027428, 2.5974400339678886e-10, 1.4131302917875136e-10, 7.194144892006636e-10, 0.23673999219835415, 2.0735749895374518e-10, 1.7409297347608834e-10, 1.9935491481587974e-10, 2.5555461528649565e-10, 2.6954333516637616e-10, 1.1871037973334006e-10, 0.23673999195190254, 3.644668732449894e-10, 0.08280135008951255, 0.22363978186510142, 2.396176395809808e-10, 1.3180605246942795e-10, 1.3764506111152824e-10, 3.960669370901125e-10, 1.6865882292068192e-10, 0.236739990247432, 0.23673998984068256, 0.026248847184099974, 0.23673988123312173, 3.054195975233847e-10, 0.23673999018791622, 0.23673988124257775, 2.339121130297961e-10, 0.08280135087619468, 0.026248847313922744, 1.6036089951669856e-10, 1.5712281175201846e-10, 0.02624884698092041, 6.239338031163946e-10, 0.02624884729673279]
v_opt: [0.6156269415776994, 0.7632600075119256, 0.5825662139818615, 0.056045899920995415, 0.050014771510899114]
solution time: 0.015926122665405273
McCormick lower bound: -6.443238080165229

