x_opt: [0.7907789614756571, 0.20922102447071964, 0.7907789786974613, 0.20922102463133138, 0.7907789731512619, 0.16153645727355298, 0.7907789872480524, 0.9044433480998084, 0.7087337887366806, 0.2092210244469151, 0.04090054849864223, 0.7907789550339364, 0.20922102432076423, 0.2092210128885569, 0.20922102177746987, 0.20922102461932246, 0.20922101976481725, 1.1997435111527307e-9, 0.09555654775073913, 0.09555654820790578]
w_opt: [0.7907789611157078, 0.5815579348398683, 4.64098474452411e-10, 3.7646442608239305e-10, 0.5815579168562874, 0.2092210227289663, 2.916686338818709e-10, 1.0636048087859504e-9, 0.20922101919008312, 6.98939435257001e-10, 3.740607827387855e-10, 3.3819027242373487e-9, 2.150355787107345e-9, 0.2092210229005859, 0.20922102325459307, 0.2092210119824349, 1.4043049757265224e-9, 0.20922102406159845, 0.20922102377277904, 0.5815579661567802, 0.6952223270434685, 3.7099469464696794e-9, 0.5815579351189245, 0.20922102323288716, 1.9860559894697592e-9, 1.0038480259085191e-9, 0.09555654754609372, 7.220726029657185e-10, 2.370042160366717e-10, 1.2403379216479552e-9, 0.20922102433281786, 0.20922102412971805, 0.2092210215336883, 2.2956558235319672e-10, 5.875819163703382e-9, 0.20922101957188077, 2.377606261382638e-10, 5.049510796477764e-10, 0.7087337885658204, 1.735054758732111e-9, 3.619346146620965e-10, 3.46618811776935e-10, 6.513060399630362e-10, 0.20922101530334894, 1.9184689471535995e-10, 0.1615364558039866, 0.16153645627541785, 5.028122132704496e-10, 0.16153645676566109, 0.16153645633994984, 6.190407936017648e-10, 0.16153645697644295, 3.4038413852162916e-10, 6.824351720516306e-10, 0.0955565474839027, 7.755311482786488e-10, 0.7907789546857031, 5.1070435139810236e-8, 5.796785406208622e-10, 5.563877393115548e-10, 1.0007910731792855e-9, 0.7087337884663926, 3.209915835864973e-10, 0.20922102071935134, 0.20922101941685262, 0.09555654738356101, 5.633558581908797e-10, 3.38795933928904e-10, 0.4995127447748996, 0.20922102388613323, 3.119696206934384e-10, 3.1305817407531215e-10, 3.12909965480233e-10, 5.056947357982974e-10, 5.263314027140034e-10, 2.0768679016215935e-10, 0.20922102372865295, 7.37389851392358e-10, 0.09555654590366155, 0.040900548290434054, 3.9979787287828664e-10, 1.9958710362152332e-10, 2.666012501406152e-10, 8.162524657499464e-10, 2.881347368310677e-10, 0.20922102144039698, 0.20922101597002332, 0.09555654773071989, 0.2092210115981823, 5.141422611504612e-10, 0.20922102135841514, 0.2092210160362256, 3.4241370930206144e-10, 0.09555654711289376, 0.0955565478927018, 2.689456286304645e-10, 2.89140457686208e-10, 0.0955565469401499, 9.121072596848362e-10, 0.09555654720115676]
v_opt: [0.90444334788204, 0.7907789783380527, 0.6253313966535505, 0.04377352908064652, 0.001672939744483605]
solution time: 0.013833999633789062
McCormick lower bound: -6.036652595796045

