x_opt: [0.7388771725322792, 0.3353170844413036, 0.7388771915606438, 0.17223217485356038, 0.7388772396241481, 0.17223206511944042, 0.827767923777436, 0.40598083589403705, 0.26112456626904823, 0.2611227812751064, 0.23443817133734632, 0.7388753885671239, 0.2611227814725249, 0.17223206888714235, 0.2611227341483731, 0.33531716309499476, 0.17223203421541852, 2.0453919427367962e-8, 0.17223204851781812, 0.17223195067927016]
w_opt: [0.7388771526262682, 0.47775441460403045, 1.1196749141678232e-8, 3.1049947359317964e-9, 0.4777525646402646, 0.261122766739074, 3.5809508941519886e-9, 1.4340156251681432e-8, 0.17223202691513648, 1.2887203681061576e-8, 3.378725190954408e-9, 0.07419427847131017, 0.07419435338332327, 0.3353170580567954, 0.26112277860346234, 0.17223206258589238, 1.4161385758460681e-8, 0.3353170808863067, 0.1722321646778531, 0.5666451174157509, 0.14485803024381871, 2.804382241798908e-8, 0.4777525944235107, 0.3353171369105462, 1.2409463210014779e-8, 1.832004105508648e-8, 0.1722320460073947, 9.873750038525301e-9, 2.85314947889162e-9, 1.9343273798360873e-8, 0.17223217068618749, 0.17223216999126892, 0.17223215680785345, 2.141283013858875e-9, 1.4814541446961e-7, 0.17223203225006603, 3.229920874960124e-9, 4.892352127401585e-9, 0.2611245641073015, 5.0159852364405445e-8, 2.6057692109289804e-8, 3.3890251893374628e-9, 5.099660433552937e-9, 0.1722319935154734, 2.048477409299915e-9, 0.17223205577957051, 0.17223205279368192, 6.838253694719181e-9, 0.1722320602084113, 0.17223201679593927, 5.210823531318912e-9, 0.17223206277695954, 3.2212958327066e-9, 1.3549609893265776e-8, 0.172232045779699, 1.1061411240341791e-8, 0.738875385896615, 0.08889183927109642, 4.307939019012149e-9, 1.1328076286256629e-8, 2.95553928220771e-8, 0.2611245628582301, 3.596368716538667e-9, 0.2611227263541991, 0.17223202937822552, 0.17223204378034784, 6.5820053222071945e-9, 2.2217314301427283e-9, 7.150953306154974e-9, 0.2611227789903638, 4.220921458824023e-9, 3.2456319234427567e-9, 3.9451354911521735e-9, 4.528878248126676e-9, 5.033997090221893e-9, 1.896487801276736e-9, 0.26112277670156997, 9.410169873042557e-9, 0.1722320305091886, 0.2344381692990633, 5.4669152339382855e-9, 2.455718438252314e-9, 2.084976868912345e-9, 6.928504602397864e-9, 3.3218935634238607e-9, 0.2611227315413863, 0.2611226975844616, 0.17223194564066607, 0.17223201627052817, 6.302004140298792e-9, 0.26112273048443574, 0.1722320160769247, 5.893324616156246e-9, 0.1722320444874333, 0.17223194586487264, 3.16695279232104e-9, 2.8555489760327406e-9, 0.17223193001963702, 1.715612086314429e-8, 0.1722318043319644]
v_opt: [0.4059808328608167, 0.7388771876656457, 0.5459396219792497, 0.06818510718713017, 0.054961564845200934]
solution time: 0.012475967407226562
McCormick lower bound: -6.378369006139269

