x_opt: [0.6338928950258691, 0.36610710468434127, 0.6338928957362869, 0.0649658008885909, 0.6338928952560285, 0.22617722137172028, 0.9350341690598548, 0.36610710750290903, 0.36610710528170054, 0.36610710444303224, 0.17989381425733567, 0.6338928942077313, 0.36610710476273706, 0.06496583149950953, 0.36610710449481476, 0.36610710475206676, 0.06496580077904539, 3.44786579645913e-10, 0.06496580513252342, 0.06496580495689047]
w_opt: [0.6338928949504932, 0.2677857903412016, 1.1728221859803205e-10, 1.0386409464754934e-10, 0.2677857893108649, 0.36610710449581724, 7.432649663074883e-11, 3.6616397277705336e-10, 0.06496580060182633, 1.9943960459601583e-10, 9.498775667776664e-11, 4.932664252741351e-10, 7.556915765364706e-10, 0.36610710416286807, 0.36610710431458643, 0.06496583129801717, 2.9493078477482243e-10, 0.36610710454505324, 0.06496580066093792, 0.5689270648528931, 3.295031210229247e-9, 4.091678470401843e-10, 0.26778579021921883, 0.36610710438358096, 3.1683354325865453e-10, 2.9608535388877264e-10, 0.06496580507121609, 2.42289587629027e-10, 6.281876557453337e-11, 3.491726232767143e-10, 0.06496580078109605, 0.0649658007593818, 0.06496580038876462, 5.583155337986234e-11, 2.6228055637502066e-9, 0.06496580069182673, 7.921409314732545e-11, 1.3150119983215904e-10, 0.36610710521674283, 4.656272686694765e-10, 1.984363284238892e-10, 8.145068411607647e-11, 2.091136091737856e-10, 0.0649657997845917, 5.394384253135431e-11, 0.22617722110480884, 0.22617722111688665, 1.4462906994488034e-10, 0.22617722124283993, 0.0649658312077201, 1.3083513721847056e-10, 0.22617722131042226, 7.655266703794379e-11, 2.014967271877136e-10, 0.06496580506350814, 2.5219633265438e-10, 0.6338928941240304, 0.30114128042392596, 6.413285267127584e-10, 2.2040273864973517e-10, 2.844890697913109e-10, 0.3661071051994878, 9.367824395382412e-11, 0.36610710429043586, 0.06496580063955354, 0.06496580500841895, 1.2755270843308078e-10, 5.7121112627500015e-11, 1.0478466707908096e-10, 0.36610710469050173, 1.092654742807592e-10, 8.101190736057869e-11, 9.263365625541053e-11, 1.1574817197761064e-10, 1.2412240022647639e-10, 5.950251627240663e-11, 0.36610710436039107, 1.535278687808365e-10, 0.06496580465864951, 0.17989381420968334, 1.1044629111823815e-10, 6.80159887392821e-11, 6.283693589926264e-11, 2.2629880516036373e-10, 7.903983718256894e-11, 0.36610710441814986, 0.36610710229659094, 0.06496580480718844, 0.06496580057631776, 1.815451594909423e-10, 0.36610710433758475, 0.06496580036966204, 1.045538687998607e-10, 0.06496580501527983, 0.06496580488211404, 8.117063787626671e-11, 6.703789379843872e-11, 0.06496580052620822, 2.7003564614658645e-10, 0.06496580473470621]
v_opt: [0.36610710742831615, 0.6338928956121499, 0.40182020782117006, 0.13403442034585727, 0.0323617908292808]
solution time: 0.012722015380859375
McCormick lower bound: -8.887944200396742

