x_opt: [0.6340186118213723, 0.365981393504275, 0.6340186347159966, 0.060472738434932054, 0.6340186252935613, 0.15505994178752985, 0.8449431816173207, 0.3995162395455789, 0.3659813943190957, 0.36598134017519857, 0.17675427737175828, 0.6340185945077382, 0.3659813592392909, 0.1550568213934014, 0.3659813615590939, 0.3659814007135105, 0.06047272801326755, 7.661827658713635e-9, 0.060473088745911584, 0.060473074527662776]
w_opt: [0.6340186076557394, 0.2680372383358002, 1.4016052320698864e-9, 1.874877190330367e-9, 0.26803720765912703, 0.3659813534004411, 1.4456052848073194e-9, 8.743607418115308e-9, 0.06047272497857786, 4.803029512518718e-9, 1.820392664076456e-9, 2.949666015610039e-8, 3.994379589460547e-8, 0.3659813807575939, 0.3659813387550768, 0.1550568175974446, 5.816446356044933e-9, 0.36598139168510324, 0.06047273402474176, 0.4789618173703495, 0.03353487514397402, 2.2714063380707724e-9, 0.2680372347713593, 0.36598139464985857, 9.25898736443714e-9, 6.77343931099734e-9, 0.06047308768880519, 8.635019297935488e-9, 1.0681141673274776e-9, 8.404609071889446e-9, 0.06047273647826029, 0.060472736035393514, 0.060472723301520405, 1.068118338254059e-9, 1.1867390045729149e-7, 0.06047272615339579, 1.5318031530740705e-9, 2.512225103045441e-9, 0.3659813932761302, 5.018007230555868e-9, 1.9590625203914443e-9, 1.6421084414539551e-9, 4.3254348742475534e-9, 0.06047270252250379, 9.761500915210362e-10, 0.1550599360583737, 0.15505993709148502, 2.5965964206754625e-9, 0.15505993954905237, 0.15505681538378238, 2.440444514718109e-9, 0.15505994066055764, 1.5033538028843661e-9, 4.834743603883495e-9, 0.060473087501409874, 5.354675344059499e-9, 0.6340185929999741, 0.2109245828868534, 5.4864320911424845e-9, 4.592252726311846e-9, 6.197526916737685e-9, 0.36598139319188344, 1.6762841527473034e-9, 0.36598135943487337, 0.060472725682613325, 0.06047308684655971, 2.2908523181048674e-9, 1.12543108669863e-9, 3.1964986016980374e-9, 0.36598135780320146, 1.936048274021419e-9, 1.4554233502486676e-9, 1.8574094396280687e-9, 2.6039542251426543e-9, 2.502683952334251e-9, 1.1579914602175278e-9, 0.3659813386814829, 3.040715769575019e-9, 0.06047307794302678, 0.17675427644236952, 2.2591830114591276e-9, 1.2319582909524463e-9, 1.388919675231161e-9, 5.276375029460836e-9, 1.4793500552042427e-9, 0.36598135869108983, 0.36598130923033334, 0.060473071997212864, 0.0604727228072829, 3.5189506826209775e-9, 0.3659813593279498, 0.06047271939472174, 2.0179271258510818e-9, 0.06047308643233382, 0.060473072804714686, 1.436750437282772e-9, 1.322592428667235e-9, 0.06047271284999331, 6.374078209770588e-9, 0.06047307221441058]
v_opt: [0.39951623833350636, 0.6340186328651282, 0.4019801912699106, 0.13394238654128396, 0.031244637321955523]
solution time: 0.012099981307983398
McCormick lower bound: -7.5599290618442145

