x_opt: [0.731000729221385, 0.21302741577204956, 0.7869727113409928, 0.07583560827901097, 0.7309962920458499, 0.26900353347071587, 0.7869723250390639, 0.7409355027058351, 0.4742323600755863, 0.2130272788300965, 0.18203683469587995, 0.5257676477680419, 0.26900369836787663, 0.21302767423266564, 0.2690036516060685, 0.269003684650325, 0.07583560837789428, 6.316230950831596e-9, 0.07583565232521614, 0.07583565191978772]
w_opt: [0.7310007283589458, 0.4619970221155378, 1.5718799336280705e-9, 1.9153599663011746e-9, 0.2567683779078954, 0.26900369268410607, 1.4964148406457053e-9, 4.386707275268946e-6, 0.07583560617042868, 3.995841593277848e-9, 1.2169329571051518e-9, 1.2774048636053806e-7, 5.153218216113141e-9, 0.2130274075424877, 0.2130272777515984, 0.21302741420445687, 1.8240905551271843e-8, 0.2130274148664921, 0.0758356046212816, 0.5739450376116487, 0.5279082152948336, 1.95995142043377e-9, 0.3127403646159243, 0.26900368038837985, 4.82817053505764e-9, 5.292916068102196e-9, 0.07583565115602044, 3.142600743434037e-9, 7.294313077857412e-10, 6.6212961563353146e-9, 0.0758356062323415, 0.07583560664759373, 0.07583559451673492, 1.3014516045886004e-9, 2.6655998655766916e-8, 0.07583560607237134, 1.3615785633046241e-9, 3.102029691980545e-9, 0.474232359182851, 3.79314053748758e-9, 8.989036175322744e-10, 1.6043391405756703e-9, 1.962410620039532e-9, 0.07583559010839264, 1.2545732101908353e-9, 0.26900352868383115, 0.26900352761292345, 2.2055107655090794e-9, 0.2690035319749813, 0.21302767031893194, 2.8103645818383203e-9, 0.2690035320472677, 1.669458122376045e-9, 3.784850795128584e-9, 0.0758356502097672, 2.68761351475516e-9, 0.5257676458534891, 0.055976062496266764, 1.4484244451775978e-9, 2.9179516794922996e-9, 4.753503319242153e-9, 0.4742323588566542, 1.5074680144662294e-9, 0.2690036472943409, 0.0758356061877669, 0.07583565097252033, 1.3202039760690826e-9, 1.183594808615651e-9, 1.1566928724249292e-8, 0.269003697309715, 2.527643478021995e-9, 1.1562618624380887e-9, 2.005222253486185e-9, 5.745532650824171e-9, 4.710473595144846e-9, 1.257477392420272e-9, 0.2130272772928195, 1.9738955650671186e-9, 0.07583563806321462, 0.18203683342324314, 2.0550163279946948e-9, 1.4179280233583596e-9, 2.1202518638498657e-9, 2.336113960010084e-9, 1.1418771814853075e-9, 0.2690036506984651, 0.26900361934926936, 0.07583565045086321, 0.07583560265549841, 2.1710213680175218e-9, 0.2690036500918806, 0.07583559665470124, 1.7647223007063183e-9, 0.07583565067776232, 0.07583564999862162, 1.0993749577016488e-9, 1.2919879210700607e-9, 0.07583560214931356, 5.084669260232648e-9, 0.07583564870736108]
v_opt: [0.7409355017771632, 0.7869727101011644, 0.5343555940803777, 0.04538118961177954, 0.03313757950797926]
solution time: 0.013232946395874023
McCormick lower bound: -4.618756866905445

