x_opt: [0.6391308954534316, 0.36086917206224045, 0.6391309227809938, 7.83940983167068e-6, 0.6391308555553605, 0.1387734766866084, 0.861228757004905, 0.37863207852753855, 0.360869242110147, 0.3608690613918762, 0.23640298658115472, 0.6391307289917618, 0.3608691257185887, 0.13877125092155498, 0.360869098733874, 0.36086928139059676, 7.828609858301507e-6, 4.135650142114622e-8, 0.11412655862721227, 0.11412229623885198]
w_opt: [0.6391308866786526, 0.2782617580066382, 1.2715717500484636e-8, 1.1304794762814051e-8, 0.27826163200151366, 0.36086909436171777, 9.079218714648694e-9, 6.401635058676435e-8, 7.810849565394117e-6, 2.461108293427365e-8, 8.686061024981462e-9, 1.0140881938229531e-7, 1.0244187576022481e-7, 0.360869116449126, 0.3608690526657595, 0.13877123083459447, 4.026492515089949e-8, 0.3608691636403611, 7.815339684388357e-6, 0.5003596865104353, 0.017763008211299103, 2.37087116083717e-8, 0.2782616830691667, 0.360869243929773, 3.300313194021501e-8, 3.5156215006064266e-8, 0.1141265512036899, 2.368081706750716e-8, 6.423855097720492e-9, 3.6343933077675244e-8, 7.826650328448498e-6, 7.82719625998906e-6, 7.784650588812985e-6, 6.600748161003844e-9, 1.524560871039486e-7, 7.818755956038624e-6, 9.10481745640937e-9, 1.5197191894817787e-8, 0.36086923510031, 4.85124395283267e-8, 1.0593941245546811e-8, 9.274508978675219e-9, 1.846509524436792e-8, 7.733153487593812e-6, 6.609375830970384e-9, 0.13877345027374946, 0.13877344459416435, 1.6437466132657006e-8, 0.13877346438605867, 0.13877121904864373, 1.4163697010247887e-8, 0.13877346953907593, 8.87807378048208e-9, 2.4524750682253152e-8, 0.11412654976731224, 2.1788291819141138e-8, 0.6391307193244059, 0.2220983765340365, 1.9490952451925095e-8, 2.148456343981025e-8, 3.1197003008110654e-8, 0.36086923390282916, 1.0247934366813903e-8, 0.3608690757023218, 7.813211216918238e-6, 0.11412654656717032, 1.2289893488619606e-8, 6.314378090655204e-9, 1.2258591506695377e-8, 0.3608691188718207, 1.3603279546108928e-8, 8.406116051142248e-9, 1.1331841001461943e-8, 1.5255018415455445e-8, 1.6133948402326383e-8, 7.0892601690407986e-9, 0.36086905273374903, 1.5752638827669224e-8, 0.11412649669736397, 0.23640297982713823, 1.2492818158538104e-8, 8.040386017635565e-9, 8.350215878034e-9, 2.1747671568270925e-8, 8.307954337842363e-9, 0.3608690907477045, 0.36086887444403404, 0.11412228292116189, 7.802560992180719e-6, 1.6586220804005173e-8, 0.3608690866114016, 7.77928346777598e-6, 1.2539719955674788e-8, 0.11412654659724848, 0.11412228751433698, 8.213008221714459e-9, 7.62252203233923e-9, 7.79228279636507e-6, 3.257401558651556e-8, 0.11412228558560186]
v_opt: [0.3786320704488835, 0.639130911455691, 0.40848830840892564, 0.1302264829162552, 0.05588643432995294]
solution time: 0.014024019241333008
McCormick lower bound: -6.507215888671967

