x_opt: [0.7568890177578396, 0.2431108809853124, 0.8535702501866342, 0.1464297401607084, 0.7568891685581925, 0.24311081923723674, 0.7568891745081814, 0.7916496971910058, 0.46314133303103727, 0.14642975777564396, 0.18900698246469114, 0.5368586675436009, 0.2431108218754379, 0.24311081986320324, 0.14642975407365663, 0.2431109021557644, 0.14642973711723645, 6.070597497293145e-9, 0.14642975060949764, 0.1464297506233386]
w_opt: [0.7568890165575285, 0.5137781871227324, 1.7487322509843113e-9, 1.3368102642181434e-9, 0.29374768648571026, 0.24311081446340196, 2.5900331302156845e-9, 4.752365325432218e-9, 0.14642973417678265, 3.498217675840166e-9, 9.248493108125972e-10, 0.09668113258908241, 1.136945972955307e-7, 0.24311087320476588, 0.14642975616404907, 0.24311081712506277, 5.472276188723182e-9, 0.243110879407977, 0.14642973529831774, 0.6104594256614445, 0.645219949768052, 1.053367117242542e-8, 0.3904289234050975, 0.24311089324225837, 5.1613879918689935e-9, 4.25303891061051e-9, 0.14642974905431583, 6.196014842004942e-9, 1.5775711460742413e-9, 8.847074113417821e-9, 0.1464297378367325, 0.14642973833596337, 0.14642972822667477, 1.0933658586455001e-9, 3.060526880473659e-8, 0.14642973553449795, 1.2749546675566267e-9, 2.0561782513394106e-9, 0.46314133210938463, 1.1523610727595696e-8, 2.1564495607382434e-9, 1.3306499879484166e-9, 2.1427632915387964e-9, 0.14642971683889136, 1.110439244719987e-9, 0.24311081650189076, 0.24311081150427702, 3.958623987803813e-9, 0.24311081591361794, 0.24311081164605433, 1.61457820190585e-9, 0.24311081783993937, 1.559915717894256e-9, 3.616594348642528e-9, 0.1464297492586369, 2.862855033533658e-9, 0.5368586663623461, 2.5466729367623565e-7, 2.0727730181264705e-9, 2.376627025239245e-9, 7.852965891314893e-9, 0.4631413307653296, 1.4883623298894844e-9, 0.14642974841747758, 0.14642973519184146, 0.14642974883812182, 2.7222937474965905e-9, 9.421405082280677e-10, 4.41874096848489e-9, 0.2431108202610532, 1.9091338954475242e-9, 1.3617380970641111e-9, 1.5882385604259729e-9, 2.200615991402898e-9, 2.38878936914364e-9, 1.007694383420402e-9, 0.14642975615080986, 4.081396825443192e-9, 0.14642972255550493, 0.18900698023490073, 1.7004127127165846e-9, 1.1337495413675605e-9, 1.4648093845663143e-9, 2.7464923738555952e-9, 1.093682429995992e-9, 0.14642975277182063, 0.2431107656556416, 0.1464297487524263, 0.1464297283156182, 1.785732318871953e-9, 0.14642975138027195, 0.14642972672400933, 2.454365690087725e-9, 0.14642974712259954, 0.14642974921017246, 1.162961714075204e-9, 1.1420431011020859e-9, 0.146429732501484, 4.1689428128770225e-9, 0.14642974784510765]
v_opt: [0.791649695484274, 0.8535702487747499, 0.5728812542015628, 0.021441690644335785, 0.03572374681047845]
solution time: 0.012608051300048828
McCormick lower bound: -3.4494615521900513

