x_opt: [0.6876279484324105, 0.33029003230002496, 0.6876279485726593, 4.706060696392262e-9, 0.6876279485785698, 0.16627411817944407, 0.8337258842559747, 0.4166410435113769, 0.3123720542948466, 0.3123720512088587, 0.3042012238130891, 0.6332843225507104, 0.3123720514210098, 0.16627411566104824, 0.3123720513782547, 0.330290033458562, 4.647748115033019e-9, 2.425519397281799e-10, 0.16627411784095047, 0.16627411475490178]
w_opt: [0.687627948369456, 0.37525589703200657, 5.895827410904401e-11, 4.4791053769166056e-11, 0.3209122710219274, 0.3123720512631099, 6.007544543180931e-11, 2.829698710206192e-10, 4.548087463090349e-9, 1.453075806754043e-10, 3.5853087743533126e-11, 0.017917980910510098, 0.01791798102357608, 0.3302900319767193, 0.3123720511701022, 0.1662741155765602, 1.8406034974860864e-10, 0.330290032249436, 4.573400624287203e-9, 0.5213538328620692, 0.1042689921268524, 7.293295885090967e-11, 0.32091227127596106, 0.3302900332107765, 1.7294350658692308e-10, 2.0092768152657676e-10, 0.16627411779205276, 1.3172608887294623e-10, 4.356266245926469e-11, 2.3077530058944896e-10, 4.616290773123856e-9, 4.64834169865527e-9, 4.420404654269867e-9, 3.310295754173065e-11, 7.257173495022931e-10, 4.598245110942378e-9, 5.314642087345531e-11, 7.008650371812498e-11, 0.3123720542515578, 4.2704603572663464e-10, 8.537799121049974e-11, 4.174806679878546e-11, 1.169185417253186e-10, 4.236873091741744e-9, 3.769382805246653e-11, 0.16627411808278886, 0.16627411796575617, 1.1406121563102678e-10, 0.16627411811769233, 0.16627411553315957, 5.883977110088949e-11, 0.16627411814496787, 4.381783295549938e-11, 1.4988586649227298e-10, 0.16627411778953585, 1.1632950855434124e-10, 0.6332843225066063, 0.14609793675767618, 7.058157496746664e-11, 2.1335928122905014e-9, 1.645307068076992e-10, 0.31237205423964626, 5.626032032353903e-11, 0.31237205125676387, 4.554729393149204e-9, 0.16627411777050832, 8.306912238459794e-11, 2.6628693629086292e-11, 4.131276116768416e-11, 0.3123720513894755, 8.692675843403447e-11, 4.342703571006326e-11, 6.36675097035694e-11, 7.152311410094866e-11, 8.06986536258932e-11, 3.4747308390577347e-11, 0.3123720511795244, 9.188575195432759e-11, 0.16627411751642837, 0.3042012237733392, 6.654676011158334e-11, 4.75487538736098e-11, 3.8864249546506623e-11, 8.77196680445758e-11, 4.17856133011643e-11, 0.3123720513349265, 0.312372051096741, 0.16627411468426656, 4.494777324854526e-9, 8.116175511881893e-11, 0.31237205131420087, 4.401207195933488e-9, 8.69184921995527e-11, 0.166274117785883, 0.16627411471915107, 4.323126270211523e-11, 3.692595970417787e-11, 4.538897607733946e-9, 1.883066821360337e-10, 0.1662741146284563]
v_opt: [0.4166410434516152, 0.6876279485116904, 0.47283223903593835, 0.09757635123835477, 0.09253847789464749]
solution time: 0.015215158462524414
McCormick lower bound: -5.583239337148854

