x_opt: [0.6499224435728765, 0.36009463769879585, 0.6499224439105608, 3.669172190685162e-8, 0.6499224449806629, 0.13722711494594686, 0.8627728908978973, 0.36980640255164865, 0.3500775570545143, 0.3500775555981685, 0.24710288279847362, 0.6499224417888769, 0.35007755576594496, 0.1372271091602278, 0.3500775551181504, 0.3600946384990157, 3.6364865431112144e-8, 1.0747177242094613e-9, 0.1372271092309747, 0.13722708269576453]
w_opt: [0.6499224433122361, 0.2998448880565952, 3.302241242731169e-10, 2.6097328735964337e-10, 0.2998448855822843, 0.35007755497601256, 2.4206900264290106e-10, 9.586789889984407e-10, 3.583480121064849e-8, 6.163069984028158e-10, 2.093929358157384e-10, 0.010017081846354267, 0.010017083110277564, 0.360094636197804, 0.35007755540048885, 0.13722710869331528, 7.602138839845841e-10, 0.3600946373970647, 3.602897761864632e-8, 0.5126953349783908, 0.019728846661334943, 5.919120851934122e-10, 0.2998448865032592, 0.36009463716319057, 8.251075562365443e-10, 9.058163510406777e-10, 0.13722710903027144, 6.333362840934155e-10, 2.2262095266532947e-10, 1.0395941898600406e-9, 3.6348359321352185e-8, 3.6354784013957694e-8, 3.550802117092945e-8, 1.538785525857871e-10, 4.0576356378711e-9, 3.6140464122045795e-8, 2.364400611834108e-10, 3.3201140756193917e-10, 0.3500775568611411, 2.0993239286202773e-9, 5.92828478700559e-10, 2.0168505106877487e-10, 5.949621624550355e-10, 3.398271950144743e-8, 1.5832677531857664e-10, 0.13722711438367463, 0.13722711410239344, 5.100273602564942e-10, 0.13722711458253165, 0.13722710840062868, 3.0779251887514426e-10, 0.1372271147754595, 2.13135292253184e-10, 6.43198222857126e-10, 0.13722710903599125, 6.670927623209719e-10, 0.6499224415807778, 0.21285046260347054, 5.193645260178229e-10, 9.927348600758672e-10, 9.633900439253406e-10, 0.35007755681869357, 2.70873140933675e-10, 0.35007755454421857, 3.59634671286356e-8, 0.13722710885408496, 4.5058202741426035e-10, 1.434547690945378e-10, 2.58486026457577e-10, 0.35007755556356884, 3.274159817643001e-10, 2.3001249197449278e-10, 2.7208123194821595e-10, 2.976429903467666e-10, 3.3548666896033933e-10, 1.6335113528582114e-10, 0.35007755530430823, 5.177788525863654e-10, 0.13722710789229195, 0.2471028826100137, 3.1609276530999307e-10, 1.959581532531893e-10, 1.732990760053693e-10, 5.951576766385405e-10, 2.2107621372898572e-10, 0.3500775549107297, 0.35007755195380447, 0.137227082277029, 3.5731172630825596e-8, 4.361605561994561e-10, 0.35007755478086006, 3.527983008960592e-8, 3.670227073605987e-10, 0.13722710891373516, 0.1372270825240185, 2.262629692404958e-10, 1.8535519990588462e-10, 3.5757876780666243e-8, 8.262074168201952e-10, 0.13722708240601206]
v_opt: [0.36980640228153855, 0.6499224435896537, 0.4223991866780741, 0.12255431152830452, 0.06105986247143297]
solution time: 0.01390695571899414
McCormick lower bound: -7.0305404453135685

