x_opt: [0.7728736778331823, 0.2271263290453164, 0.7728736840415187, 1.838491784061626e-7, 0.77287366945674, 0.22712633081249775, 0.7728736773383825, 0.6269302397720562, 0.4195736764217558, 0.22712631384253515, 0.22712631954829, 0.5804263231724011, 0.22712633111676991, 0.22712632214555642, 0.22712632156153187, 0.29519259373584056, 1.8367899962096174e-7, 6.894210224684015e-10, 0.22712631633952454, 0.2271263148863247]
w_opt: [0.7728736777164346, 0.5457473466085846, 2.079238469247615e-10, 1.685586316532255e-10, 0.35330000110190496, 0.22712633052110517, 3.0116238910773467e-10, 1.1549057082701956e-9, 1.834454906881434e-7, 4.421265945850265e-10, 7.960637526799285e-11, 1.3179325401960758e-8, 1.0122758012962595e-9, 0.2271263279349682, 0.22712631375625175, 0.22712632193763385, 9.106637217701639e-10, 0.22712632892681728, 1.8341886223297878e-7, 0.545747361468169, 0.3998039239500547, 2.7337783201044365e-10, 0.35330000777039405, 0.2951925929586026, 4.358517738638923e-10, 5.745360662329749e-10, 0.2271263162258431, 5.53658545276265e-10, 8.885880298945355e-11, 1.181952262656554e-9, 1.836331533799126e-7, 1.8363294841231183e-7, 1.8308518832783568e-7, 8.612503675053783e-11, 6.601375389123632e-9, 1.8351808060006224e-7, 1.2148701920840234e-10, 2.0761606085773664e-10, 0.4195736763451999, 7.492679572532598e-10, 1.3560698052061042e-10, 1.066758811223188e-10, 1.8956795813510374e-10, 1.8109937125700864e-7, 1.0293201066953388e-10, 0.2271263305590788, 0.2271263302817608, 2.8645819132687614e-10, 0.22712633061287452, 0.22712632175462796, 1.7195687435013933e-10, 0.227126330729192, 1.2952319473279383e-10, 4.508453530344142e-10, 0.22712631622404642, 3.1481242998861876e-10, 0.5804263230681923, 5.5819284306516266e-8, 1.54468525904049e-10, 3.367312955885601e-10, 7.292590054070804e-10, 0.4195736762809149, 1.2828011071531536e-10, 0.22712632112908007, 1.834907263769005e-7, 0.2271263161960229, 1.8666056310509237e-10, 7.560736721160681e-11, 2.2365345467889628e-10, 0.2271263310301773, 2.05493850739374e-10, 1.0363392763419801e-10, 1.6020710954229032e-10, 2.353873794117487e-10, 2.7317158553556277e-10, 8.280943135410603e-11, 0.2271263137648579, 3.133662630571876e-10, 0.2271263127367077, 0.22712632002665817, 1.9756061689369005e-10, 1.017191334056738e-10, 1.1350324323562949e-10, 2.1314111178024998e-10, 9.705823190857766e-11, 0.22712632148529868, 0.22712632959882517, 0.2271263147424892, 1.830641567741195e-7, 1.7447219862011095e-10, 0.22712632140748432, 1.8292732128140794e-7, 2.3925534305609093e-10, 0.22712631619275558, 0.2271263147749952, 9.947578005192665e-11, 9.69114326867887e-11, 1.83380868725855e-7, 5.589386657388711e-10, 0.22712631476914616]
v_opt: [0.6269302396541074, 0.772873683934121, 0.5973337101965855, 0.05158637100092403, 0.05158636608821978]
solution time: 0.027469873428344727
McCormick lower bound: -4.239411457267687

