x_opt: [0.5198057093506365, 0.26580678059488455, 0.8559919293443747, 0.1440082334535999, 0.8559917536065136, 0.14400799281702675, 0.8559918906765577, 0.8559945538777693, 0.8559904557768808, 0.1440080673887056, 0.10338045784898472, 0.8105940948227934, 0.14400805034113798, 0.1440081003351147, 0.14400776276156035, 0.26580683434697977, 0.1440080731168474, 9.942055803467593e-9, 0.1440077186818155, 0.14400541373269135]
w_opt: [0.5198057070820888, 0.3757974643169837, 3.3564781528343044e-9, 2.10425323642711e-9, 0.33039980620372195, 0.14400803686522937, 2.2581942811698886e-9, 6.617308761685991e-9, 0.1440080692461802, 5.975047940422655e-9, 1.803223133662965e-9, 0.12179871149403312, 0.12179854709048586, 0.26580677056180513, 0.14400806483469245, 0.14400809599574346, 9.845519429445092e-9, 0.26580677845819944, 0.1440082269672125, 0.7119838213956796, 0.711986485706322, 2.0490005271296936e-8, 0.6665860347181605, 0.26580682320397486, 2.0348321492920386e-8, 8.043964569152186e-9, 0.14400771708425075, 3.978860898351385e-9, 2.267222262613583e-9, 9.532692835957467e-9, 0.1440082312236813, 0.14400823030725665, 0.14400805056552976, 1.6077775225526166e-9, 5.4362804327756566e-8, 0.14400807175035793, 1.6437533167306647e-9, 3.1271757132493392e-9, 0.8559904546793615, 1.2876728854491532e-8, 2.423593048187663e-9, 1.990410459485276e-9, 3.5332120810160584e-9, 0.14400803172389237, 1.3749957415421992e-9, 0.1440079865360093, 0.144007984649496, 3.9854503891724145e-9, 0.14400798912649476, 0.1440079855770769, 3.2191914614409398e-9, 0.14400799069971143, 2.3922580218389764e-9, 5.93492935897979e-9, 0.144007716830424, 4.633933726669819e-9, 0.8105940927940095, 7.647784323084771e-7, 2.2341917390118612e-9, 3.4255134175012433e-9, 8.030762908310392e-9, 0.8559904534282352, 1.9202057637151064e-9, 0.14400775337984187, 0.14400807089023082, 0.14400771635542, 5.223480974899329e-8, 1.979906459838545e-9, 0.6665845536397665, 0.14400804713668677, 2.145835703318606e-9, 2.0694774932571696e-9, 2.24932463450128e-9, 3.3975412486870644e-9, 3.5945786158631153e-9, 1.3542868602391722e-9, 0.14400804361576916, 6.289218607077243e-9, 0.14400770225880233, 0.10338045554457305, 2.8176798559736904e-9, 1.3438776120042098e-9, 2.01275475580519e-9, 4.75741746521419e-9, 1.8285085437532982e-9, 0.14400776040703364, 0.1440080181273547, 0.14400541087672267, 0.1440080584237391, 2.7761272173382933e-9, 0.14400775973519975, 0.14400774939394423, 2.988439752123545e-9, 0.14400771299019902, 0.14400541194025077, 1.6832392643213653e-9, 1.9850534904374875e-9, 0.1440054058631769, 7.510746921907879e-9, 0.14400540821000338]
v_opt: [0.8559945522084985, 0.855991927268339, 0.7327222831026122, 0.020738459497217553, 0.01068752288355724]
solution time: 0.015599966049194336
McCormick lower bound: -4.213651147541673

