x_opt: [0.818110382110468, 0.21527297881212273, 0.8181103876375792, 0.1818896174176738, 0.8181103815999523, 0.18188960147204492, 0.8181103904342084, 0.8181104779736272, 0.6181156761838543, 0.1818896169196115, 0.12171434950801494, 0.7991581674801964, 0.18188961669630804, 0.18188960903960058, 0.18188952842390535, 0.21527298004757675, 0.1818896102564593, 1.5806078902664451e-9, 0.18188952512297593, 0.18188952030121]
w_opt: [0.8181103816825072, 0.6362207639478914, 7.07547717049627e-10, 3.7393498861331594e-10, 0.6172685499754678, 0.18188961480461122, 3.6912610353646217e-10, 9.267261934906389e-10, 0.1818896094903171, 8.883445865763956e-10, 3.5276677128065146e-10, 0.03338336680486263, 0.033383362155561286, 0.21527297706497123, 0.1818896164399189, 0.1818896083045709, 1.1151779598203478e-9, 0.2152729784787836, 0.181889616312229, 0.6362207783015177, 0.6362208659655977, 5.5675667745131375e-9, 0.6172685566665159, 0.21527297790347377, 1.3168005300464577e-9, 1.2944707366242366e-9, 0.18188952485166024, 7.075336321027926e-10, 4.53794096455383e-10, 1.4745437776130004e-9, 0.18188961703609638, 0.1818896167869413, 0.1818896141819813, 2.5548066560627086e-10, 7.2312547813792004e-9, 0.18188961001415763, 2.904256480793384e-10, 5.078279239419521e-10, 0.618115675976247, 2.5108153169313325e-9, 7.293487992708351e-10, 3.3493524799781865e-10, 6.64757392288359e-10, 0.1818896048802249, 2.1928574724618946e-10, 0.18188960035960275, 0.1818896002405359, 7.140246304923922e-10, 0.18188960074058144, 0.18188960043587535, 5.019921197569435e-10, 0.18188960112673241, 3.855448566806901e-10, 9.179444318646491e-10, 0.1818895248399519, 8.702548740008306e-10, 0.7991581671690727, 4.7500779322437e-8, 5.407753187016545e-10, 5.754106474702397e-10, 1.1809062119785503e-9, 0.6181156758130616, 3.8010824972557095e-10, 0.18188952718733362, 0.18188960984890698, 0.18188952464006705, 1.326828378490949e-9, 3.2354343711108114e-10, 0.41727384416798724, 0.18188961620938024, 3.465880425300412e-10, 3.839388076977484e-10, 3.578952242142056e-10, 4.5234790544291103e-10, 4.813462819557322e-10, 2.2234856352205684e-10, 0.18188961606760037, 1.1729665814361076e-9, 0.18188952279163084, 0.1217143492203051, 4.5745301423974636e-10, 2.294273232727568e-10, 2.749761141247821e-10, 9.21516893489817e-10, 3.379821046913337e-10, 0.18188952796668537, 0.18188961212095794, 0.18188951965840777, 0.1818896070493271, 5.309278198905207e-10, 0.18188952785139476, 0.18188952688171833, 4.997902094848372e-10, 0.18188952413823137, 0.1818895200058195, 3.1938936232843744e-10, 3.300458445534516e-10, 0.18188951910964532, 1.1557837023221138e-9, 0.18188951991863828]
v_opt: [0.8181104776456208, 0.8181103871982123, 0.6693045979986479, 0.0330838336411258, 0.014814388048084555]
solution time: 0.016141176223754883
McCormick lower bound: -5.188260364025866

