x_opt: [0.6462314163193255, 0.35377003051747236, 0.6462314245423496, 1.4992826649819215e-7, 0.6462314042718882, 0.14977440351418753, 0.8763144268748199, 0.3797984776199384, 0.35376856943214846, 0.35376856051595584, 0.2558690785165746, 0.6462313669293821, 0.35376856336910883, 0.1236855753159468, 0.3537685593634905, 0.3537701659314053, 1.4480117559162477e-7, 1.1634358371548552e-8, 0.12368555381561187, 0.1236854557896056]
w_opt: [0.646231411876911, 0.29246282242032734, 3.2448346889813013e-9, 3.011757255519386e-9, 0.29246278531200526, 0.3537685550490309, 3.042948270559528e-9, 1.5206958486266492e-8, 1.3984245760210139e-7, 7.040489836925756e-9, 2.528504500772643e-9, 1.4570432444079899e-6, 1.4581849232313487e-6, 0.3537700096632635, 0.35376855849487177, 0.1236855703954724, 1.0664384562576214e-8, 0.35377002694795284, 1.4357275185018384e-7, 0.5225458531690191, 0.02602990405541589, 6.084250338496114e-9, 0.2924628000165373, 0.3537701523459416, 1.0221527003740096e-8, 9.92510306661535e-9, 0.12368555163596168, 1.2628066580054092e-8, 1.9943836907192877e-9, 1.1471742991135038e-8, 1.4584577634143303e-7, 1.46411139772768e-7, 1.3501921186941208e-7, 1.6593328855156179e-9, 2.9767288949788887e-8, 1.4215103581597377e-7, 2.6112729548113733e-9, 3.7168799633858404e-9, 0.3537685670236439, 1.958731511319581e-8, 3.764170772412201e-9, 2.5249084900197434e-9, 5.93803446809783e-9, 1.2576021162285796e-7, 1.880779625155136e-9, 0.14977439754604888, 0.14977439319099445, 5.5378141978301895e-9, 0.14977440019860855, 0.12368556249864567, 3.523702326140944e-9, 0.14977440184184176, 2.295878239719382e-9, 7.2043974949647685e-9, 0.12368555169854084, 7.451231745047774e-9, 0.6462313644094126, 0.23008314618290987, 6.52862523735202e-9, 1.401852500495845e-8, 1.7005188850062618e-8, 0.3537685669176084, 2.9590598225722297e-9, 0.353768554318698, 1.399826830996942e-7, 0.12368555025287027, 4.306543169300538e-9, 1.4805649257372074e-9, 2.832626292271236e-9, 0.35376856089649966, 4.4367530135791385e-9, 2.2551260738430963e-9, 3.186949110140304e-9, 4.017291807703919e-9, 4.3942596910962324e-9, 1.9510739138278054e-9, 0.353768557936588, 4.901275022130086e-9, 0.1236855383983275, 0.2558690767602327, 3.595396208886273e-9, 2.510416950369065e-9, 2.2102084046920247e-9, 5.7182705109051725e-9, 2.2419544235829125e-9, 0.35376855695001125, 0.35376850048834396, 0.12368545166550328, 1.3741658411731964e-7, 5.1300163625085836e-9, 0.35376855600470386, 1.3128429325876497e-7, 3.935733473818416e-9, 0.12368555108184284, 0.12368545251287215, 2.350353146044699e-9, 1.909558505034716e-9, 1.37464605373514e-7, 9.293555364184592e-9, 0.12368543885818309]
v_opt: [0.37979847494571106, 0.64623142122004, 0.41761514921404297, 0.1251521957420513, 0.06546903287520377]
solution time: 0.012299060821533203
McCormick lower bound: -6.802991525911826

