x_opt: [0.7908357297032891, 0.31486337316250557, 0.7908358849838478, 0.20916401904994147, 0.7908356624321484, 0.20916428536001877, 0.7908357117675653, 0.47067065829075255, 0.26670551081080046, 0.20916420436685218, 0.20902840638847284, 0.7332945094903472, 0.20916432785289474, 0.20916421243750488, 0.20916406915866398, 0.3148637952368898, 0.20916399622843374, 3.702698064214543e-8, 0.2091640508914718, 0.2091640325909571]
w_opt: [0.7908357194106957, 0.5816713970266142, 1.523710066472897e-8, 5.889052514138931e-9, 0.5241302456742906, 0.20916428459319694, 1.765753123377792e-8, 3.28314629074279e-8, 0.20916398177323955, 2.2668993467400407e-8, 4.834681194194556e-9, 0.1056992643563351, 0.1056990791002648, 0.3148633198184019, 0.20916419778363635, 0.20916420206230726, 3.597318774424422e-8, 0.3148633674992958, 0.2091639925436744, 0.581671600965311, 0.26150655211196383, 1.1021295446972975e-7, 0.5241304311431977, 0.31486373991216776, 2.9569378552678502e-8, 3.012106038952715e-8, 0.20916404485492873, 1.9498256347518093e-8, 6.79046462566156e-9, 5.650915854825995e-8, 0.20916400928982595, 0.20916400925980427, 0.2091639659983828, 4.766128632457438e-9, 3.903234841818355e-7, 0.20916398983714551, 6.236020201821915e-9, 1.0487005174130729e-8, 0.2667055071585578, 7.919451926746213e-8, 1.2378005610338257e-8, 5.691481421368185e-9, 1.2175869795837896e-8, 0.20916384866867357, 5.094913973739477e-9, 0.2091642703853138, 0.20916424652372326, 1.780442073907413e-8, 0.20916426870318608, 0.20916418612650725, 9.30240672796193e-9, 0.20916428026794714, 7.623507394156447e-9, 2.371279519572154e-8, 0.20916404533889688, 1.948731853475184e-8, 0.7332945045777993, 3.3420703203461337e-6, 9.19423188876998e-9, 1.61429226368675e-8, 4.892953990598101e-8, 0.2667055025808795, 7.261128899482507e-9, 0.20916403930815194, 0.2091639876365405, 0.2091640422362413, 1.510817666881119e-8, 4.730999689567525e-9, 3.97329867345407e-8, 0.20916432139394325, 8.809611994907022e-9, 6.5726255544374444e-9, 7.906371454338415e-9, 1.0290562016077528e-8, 1.2405074379547723e-8, 4.155675050649142e-9, 0.2091641979224513, 2.760820762954779e-8, 0.20916398857841884, 0.2090283994546838, 1.0322465668109371e-8, 4.813957220620877e-9, 5.684217554474384e-9, 1.4333431841760354e-8, 5.824654922314592e-9, 0.20916406380998656, 0.20916423751231428, 0.2091640238126188, 0.20916395231254187, 9.466815148147457e-9, 0.2091640579880454, 0.20916393375707565, 1.3818369062361901e-8, 0.20916403118222676, 0.209164027463237, 5.833884715797587e-9, 5.753264315398717e-9, 0.2091639528504792, 2.894401932307606e-8, 0.20916402174632517]
v_opt: [0.47067065130362434, 0.7908358786733689, 0.6254216946325116, 0.043749665797981174, 0.043692976782328974]
solution time: 0.013584136962890625
McCormick lower bound: -4.016440552333342

