x_opt: [0.6509761881520075, 0.34902684024261005, 0.6509761901573408, 1.1479646794426452e-6, 0.6509761706343481, 0.14555246342685327, 0.8712798555820898, 0.3864002531763098, 0.34902386874845753, 0.3490237828825835, 0.2677146392134243, 0.6509761043354486, 0.3490238053968159, 0.12872014636266768, 0.34902380126937615, 0.3490286784460875, 1.146728960888687e-6, 1.2230098533820792e-8, 0.1287201308027979, 0.1287158042064633]
w_opt: [0.6509761839939726, 0.301952360443842, 2.6422870744479098e-9, 2.6225448973511347e-9, 0.30195229432166526, 0.34902379799976535, 2.3713295923751296e-9, 1.3556037856701134e-8, 1.1423569276736932e-6, 7.598168090045969e-9, 1.9517609502164026e-9, 3.031999733846074e-6, 3.0236071551669103e-6, 0.3490268244283302, 0.3490237809817614, 0.12872014188876116, 9.273356493200737e-9, 0.3490268381206356, 1.1420348207304837e-6, 0.5222560473649798, 0.037376445021516214, 3.713707574075189e-9, 0.30195230194139144, 0.34902866883624767, 8.072600920891468e-9, 1.0589361054619334e-8, 0.128720128852341, 5.691011922041296e-9, 1.6733969822174518e-9, 1.1162621057812256e-8, 1.1445101465837234e-6, 1.1450869158206948e-6, 1.1337585547020474e-6, 1.570996682558055e-9, 6.036722669017748e-8, 1.1438938349928366e-6, 2.4087454909944998e-9, 3.469789781501495e-9, 0.3490238669142803, 1.0701584304519738e-8, 2.171385379742367e-9, 2.1373908769431363e-9, 3.8268709907137995e-9, 1.1230961203157635e-6, 1.6398434435458512e-9, 0.14555245764382485, 0.14555245524588048, 4.2230448618591456e-9, 0.14555246050749399, 0.12872014055414663, 3.1668599757781792e-9, 0.1455524617512254, 2.0979622049928435e-9, 7.72352307866849e-9, 0.12872012868419833, 5.633898496786104e-9, 0.6509761020896139, 0.22030416557591115, 5.078421068611739e-9, 9.477121501262228e-9, 6.303519418152204e-9, 0.34902386663975704, 2.5473784617999517e-9, 0.34902379603254363, 1.1427777277389368e-6, 0.1287201277385092, 3.231573869843662e-9, 1.406034625562449e-9, 2.8494523574378185e-9, 0.3490238036269498, 3.576068094842319e-9, 2.0270343992960428e-9, 3.0250189342442815e-9, 3.6043780805396035e-9, 3.85267094594458e-9, 1.7619739891875892e-9, 0.3490237810487476, 3.930458611734609e-9, 0.12872011463158745, 0.26771463752007396, 3.319252280603426e-9, 2.0665609509603495e-9, 2.08107044072316e-9, 5.765088933591112e-9, 2.074133147879646e-9, 0.34902379917340554, 0.34902376441631505, 0.1287158009361557, 1.1407142612911234e-6, 4.120039879027707e-9, 0.3490237983812489, 1.13503656524883e-6, 3.5967741138270964e-9, 0.12872012804069657, 0.12871580220922998, 2.0122906147231086e-9, 1.8515112460391775e-9, 1.1413466540303725e-6, 9.949679258361414e-9, 0.12871579013327322]
v_opt: [0.38640025097928116, 0.6509761873201075, 0.4237705697332634, 0.12181760898670174, 0.07167119149486102]
solution time: 0.01420903205871582
McCormick lower bound: -6.354810064579507

