x_opt: [0.6542558045487473, 0.3457442944275418, 0.6542558715235975, 0.0735782951955624, 0.6542550584786422, 0.1576630512687521, 0.8423371723691357, 0.42469591174154103, 0.34575945375290973, 0.3457439333530409, 0.21892653420383637, 0.6542405419482236, 0.34574491819043196, 0.1576628334193721, 0.34574488151452154, 0.3457463788438208, 0.07357827824555693, 8.765614615008823e-8, 0.07357907357336808, 0.07357842137737691]
w_opt: [0.6542557892912381, 0.3085108774250791, 2.420129720276952e-8, 2.5775055756595734e-8, 0.3084963617185196, 0.3457448503335857, 1.89392980458415e-8, 7.484531421957609e-7, 0.07357824386273684, 5.273365110222698e-8, 1.9246058200180664e-8, 1.7761705026859258e-7, 9.593121754907583e-8, 0.3457441890285421, 0.34574391590823533, 0.15766278863025526, 1.0282662930477148e-7, 0.345744280140347, 0.07357824657578456, 0.4965930591407526, 0.07895179783466807, 2.6095725431403044e-8, 0.3084964789120398, 0.3457463126157529, 6.744598280328589e-8, 7.465861703926053e-8, 0.07357905820934298, 4.69437224119973e-8, 1.1901095193161757e-8, 7.001496751796707e-8, 0.07357826905968362, 0.07357826986095103, 0.07357816748549406, 1.5134198691595683e-8, 3.287716997528343e-7, 0.07357825780081934, 1.9451002802916693e-8, 3.512458755701579e-8, 0.34575943953779115, 6.996160214114585e-8, 1.9888249893120052e-8, 2.2281790662232798e-8, 3.8718944076920345e-8, 0.07357807575450435, 1.4639318639075187e-8, 0.1576629889438803, 0.15766298581002972, 3.093943394419326e-8, 0.15766302701863288, 0.15766275309428357, 3.3153807492386825e-8, 0.15766303485624975, 1.9665779234341424e-8, 5.096592566596896e-8, 0.07357905206284825, 3.9779361127261924e-8, 0.6542405185162152, 0.18808311861324115, 2.954831323470684e-8, 4.172583854006754e-8, 5.863196516894718e-8, 0.34575943729011904, 2.1326674624993906e-8, 0.34574483394314004, 0.07357824683127756, 0.07357905084736234, 2.1826485149339028e-8, 1.4794184426683674e-8, 4.004312699704713e-8, 0.34574490383109174, 2.9269748600886955e-8, 1.7251567944551247e-8, 2.5450832147511522e-8, 3.902610961649929e-8, 3.890425388459353e-8, 1.5136774034998818e-8, 0.34574391511806274, 2.9218637693182765e-8, 0.07357893575236046, 0.2189265193799554, 2.675381592673195e-8, 1.743680011922881e-8, 1.8775526771503102e-8, 3.6035240743646966e-8, 1.7478353096080737e-8, 0.34574486371041285, 0.34574467278672666, 0.07357839583132211, 0.07357822200860176, 3.357169251628995e-8, 0.3457448603565861, 0.07357816537848892, 2.488454696436335e-8, 0.07357904811197047, 0.07357839976034032, 1.6627672062954238e-8, 1.7089221551371917e-8, 0.07357819795286367, 6.950722724150425e-8, 0.07357840299752819]
v_opt: [0.42469589671489355, 0.6542558494102906, 0.42804971001641945, 0.11953988992854, 0.04792914828817673]
solution time: 0.012971162796020508
McCormick lower bound: -6.125834995374647

