x_opt: [0.7482426217602464, 0.2517573808434417, 0.7482426364955419, 0.09059720722236338, 0.748242596321152, 0.25175727901300476, 0.7482427286739713, 0.692289043001083, 0.4163075692578393, 0.2517573698216812, 0.22787416253871018, 0.5836924212884093, 0.2517573995556323, 0.2517572715466393, 0.2517573803715595, 0.25175758475606885, 0.09059720472580551, 8.754414654132886e-9, 0.09059722124610298, 0.0905972144921498]
w_opt: [0.7482426198567859, 0.49648521661560907, 3.2458374587562395e-9, 2.4214782663042527e-9, 0.3319350446753211, 0.2517573916886546, 2.2699371428558284e-9, 2.308807256817252e-8, 0.0905972011751321, 5.289004737506508e-9, 2.0209269150270728e-9, 1.8593745312457526e-8, 1.249386081884671e-8, 0.2517573694187189, 0.25175736766509643, 0.25175726692403955, 1.1046091381613745e-8, 0.25175737927358255, 0.0905972018468371, 0.4964853666954029, 0.44053168116656116, 1.1478293673390289e-8, 0.3319350652648921, 0.25175757732186055, 6.611137454194233e-9, 7.384326871127355e-9, 0.09059721968361477, 4.72539498312778e-9, 1.2854207975984e-9, 8.354391514023041e-9, 0.09059720461206884, 0.09059720419753857, 0.09059719361642028, 1.5763721592588037e-9, 4.895968266905517e-8, 0.09059720258440208, 1.894941783214523e-9, 3.5978926223065124e-9, 0.4163075679346174, 9.155331005765662e-9, 1.8454612694485183e-9, 2.416075381355085e-9, 3.3889871349887396e-9, 0.09059717963694833, 1.4858333827152876e-9, 0.25175727259995784, 0.25175727119484564, 3.2793258303418985e-9, 0.25175727630317296, 0.2517572615581948, 3.4047020778219997e-9, 0.2517572772142569, 2.107797487437616e-9, 5.161966463119776e-9, 0.09059721915526492, 4.326640690164749e-9, 0.5836924190215866, 2.9709117762498046e-7, 3.0333039421862053e-9, 4.438246592747246e-9, 7.03588632780328e-9, 0.41630756749489095, 2.150059847155031e-9, 0.25175737495582, 0.09059720173849337, 0.09059721895169782, 2.3658883932300167e-9, 1.5715477838760865e-9, 8.646831832138039e-9, 0.2517573975508929, 2.7876926363602156e-9, 1.8063269074528143e-9, 2.4775391572262286e-9, 3.999914427679735e-9, 4.0248814352907905e-9, 1.5142818280596572e-9, 0.2517573677033443, 3.4344273639789943e-9, 0.09059720715785664, 0.2278741610004217, 2.73092412365457e-9, 1.7215443397568603e-9, 1.9419712267178767e-9, 3.730020457079586e-9, 1.7518414365733876e-9, 0.2517573787588938, 0.2517572910797529, 0.09059721183374134, 0.09059719851055184, 3.337864841710837e-9, 0.25175737789092556, 0.09059719309810434, 2.5644553408834384e-9, 0.09059721857007852, 0.09059721230494133, 1.7158291171003217e-9, 1.7586616348984397e-9, 0.09059719330771794, 6.897921036718314e-9, 0.09059720700291739]
v_opt: [0.6922890414932863, 0.7482426342753002, 0.5598669983885184, 0.06338177385828968, 0.05192669282423793]
solution time: 0.012674093246459961
McCormick lower bound: -5.550636766465096

