x_opt: [0.7479463809481675, 0.25205433198591903, 0.7479463692571887, 0.2520521338451747, 0.7479463664179066, 0.2520520834590097, 0.7479478797489041, 0.6818250011829355, 0.3428576122035214, 0.25205362735088765, 0.1981142136228574, 0.6571460797392017, 0.25205362944791126, 0.2520521185445927, 0.25205349249492126, 0.2547943583243267, 0.2520521273668479, 1.4701064260520588e-8, 2.637525756807817e-7, 9.461615802987122e-8]
w_opt: [0.7479463630244769, 0.49589274865907407, 1.2902960449809998e-8, 2.1379836644656498e-9, 0.40509246285576184, 0.25205361935052134, 1.7830218058847288e-9, 1.4575568190549768e-8, 0.25205212371733365, 1.0241409829229367e-8, 2.0806851852568186e-9, 7.022890585061623e-7, 7.156939592848771e-7, 0.25205431293621644, 0.2520536257979005, 0.2520521135661726, 1.7924028758180453e-8, 0.25205433058806603, 0.25205212768780827, 0.4958942502241115, 0.4297713717030244, 2.8366759373070954e-8, 0.4050924621788256, 0.254794347507789, 6.866000843176496e-9, 1.3555052674774948e-8, 2.6264687051312686e-7, 4.774340627374066e-9, 1.0275319383869614e-9, 1.388433160498651e-8, 0.2520521319501698, 0.2520521312317674, 0.25205212278680295, 1.2913518432303492e-9, 8.174973895782232e-8, 0.2520521261638973, 1.7416032606594895e-9, 3.6659427116856743e-9, 0.3428576112417384, 2.3419726645310482e-8, 3.148037776462981e-9, 1.7234507196416167e-9, 4.624626048860758e-9, 0.252052072719956, 1.1643671343193606e-9, 0.25205207181239625, 0.25205207616638325, 3.152437266417135e-9, 0.2520520811541686, 0.25205207608128655, 5.210948367828785e-9, 0.2520520821166259, 2.1357268574454724e-9, 9.671880508715915e-9, 2.6226810774202717e-7, 6.646826518871258e-9, 0.657146077839176, 2.345359762161631e-6, 2.5139541578664906e-9, 5.117648797286947e-9, 1.1711488883270315e-8, 0.34285761080784416, 1.9280620862678546e-9, 0.2520534866513422, 0.25205212504284835, 2.614215050771854e-7, 2.207767087569736e-9, 1.8559096801389894e-9, 3.70083462000458e-6, 0.25205362779460916, 2.120140636402295e-9, 1.7739665407851997e-9, 2.5615110733809024e-9, 3.312814696675505e-9, 4.103256116867759e-9, 1.125537314396432e-9, 0.2520536249084121, 4.853719667798921e-9, 2.5526264734345835e-7, 0.19811421256494946, 4.752189861383051e-9, 1.1830037058967713e-9, 1.4805468936630997e-9, 3.99116005065263e-9, 2.2321807866064415e-9, 0.25205349104642727, 0.2520536233943662, 9.2237836945407e-8, 0.2520521010071784, 3.6266241877546624e-9, 0.252053490833462, 0.2520521169838717, 2.853912486421705e-9, 2.6088051808496986e-7, 9.233281758070438e-8, 1.7579404066015936e-9, 2.1750392142358848e-9, 8.096267415389542e-8, 1.2949597552115227e-8, 8.767391961548036e-8]
v_opt: [0.681824999977684, 0.7479463673537966, 0.5594238814545432, 0.0635310342684979, 0.03924950990527122]
solution time: 0.014344930648803711
McCormick lower bound: -6.630056210645756

