x_opt: [0.8209752849418589, 0.17902471501566333, 0.8209752855345189, 0.17902471417375893, 0.820975284825637, 0.17902471508067969, 0.8209752849762196, 0.8209752859307118, 0.5742625032323254, 0.1790247142806241, 0.17089737577109232, 0.7984403083983467, 0.17902471513713145, 0.17902471501350561, 0.17902471422741115, 0.21480079044705855, 0.17902471416019555, 3.7162404366377754e-11, 0.17902471405072398, 0.17902471403238476]
w_opt: [0.8209752849354912, 0.6419505696672965, 1.0747011059415403e-11, 1.0197454278594344e-11, 0.619415593346852, 0.17902471509674556, 1.1983236076107622e-11, 3.731822383685531e-11, 0.17902471414557808, 2.2288833202540885e-11, 7.385334628113983e-12, 5.562216210043984e-10, 5.3034401106447467e-11, 0.17902471497387315, 0.17902471446458446, 0.17902471498045214, 5.099001876094603e-11, 0.17902471500967007, 0.1790247141503829, 0.6419505705196189, 0.6419505714760644, 3.4322641218187767e-11, 0.6194155939667079, 0.21480079041648595, 2.6597991266174288e-11, 2.973730844062698e-11, 0.17902471404330234, 1.7375911600411032e-11, 5.588473710254104e-12, 3.3457071340717067e-11, 0.17902471416248608, 0.17902471416279492, 0.1790247141112578, 7.49979160840185e-12, 1.335030467058882e-10, 0.1790247141515955, 7.776526319865388e-12, 1.5656651218659857e-11, 0.5742625032270259, 3.496279514200188e-11, 6.629693580067647e-12, 1.0175976179996325e-11, 1.2315997231500503e-11, 0.17902471405153092, 6.861875939979503e-12, 0.17902471505519477, 0.1790247150469728, 1.4615226160815046e-11, 0.17902471506817408, 0.17902471498284572, 1.3620384829613987e-11, 0.179024715071919, 9.987563705664373e-12, 2.146004135606027e-11, 0.17902471404004514, 1.5132708753061006e-11, 0.7984403083884292, 8.90144328139991e-10, 8.747185712272991e-12, 1.472772980199636e-11, 2.982016414133691e-11, 0.5742625032236675, 9.133527014511461e-12, 0.17902471419770408, 0.17902471414871488, 0.17902471404170064, 1.2229995123386548e-11, 7.573913149769926e-12, 0.37270281164224917, 0.1790247151288077, 1.1615069825780013e-11, 7.722099029074316e-12, 1.0671893307429017e-11, 1.9939957038265406e-11, 1.8723333367295378e-11, 6.942754056836825e-12, 0.17902471446289936, 1.480279395530018e-11, 0.17902471396386535, 0.17089737598068408, 1.1074922041971485e-11, 7.1324916229916234e-12, 1.1095799975237933e-11, 1.577575587035482e-11, 7.070729016354972e-12, 0.1790247142200817, 0.17902471502001452, 0.17902471402213635, 0.17902471412202578, 1.1870432665955897e-11, 0.17902471421682545, 0.17902471408241466, 1.129324008784144e-11, 0.17902471403714168, 0.17902471402193024, 6.786359616268176e-12, 7.931118985495878e-12, 0.17902471400804296, 2.8047009400684733e-11, 0.1790247140232431]
v_opt: [0.8209752859241121, 0.8209752855276061, 0.6740004181799238, 0.0320498558462632, 0.029205913296944996]
solution time: 0.014503002166748047
McCormick lower bound: -4.26423735063787

