x_opt: [0.646517486202659, 0.3670172491536011, 0.6465174862575421, 2.1298619005129623e-6, 0.6465174863648488, 0.1370010058389505, 0.8629989942823519, 0.3597467792492576, 0.3534825141807491, 0.3534825122247619, 0.23226773814457777, 0.646517485661646, 0.3534825136784557, 0.13700100573266397, 0.3534825135518902, 0.3670172493210584, 2.129787461166972e-6, 2.2290370529375622e-10, 0.13700100554602204, 0.13699626137764848]
w_opt: [0.6465174861436209, 0.29303497259106825, 6.825911497144388e-11, 5.276531738817706e-11, 0.2930349719096345, 0.35348251351580184, 4.645230044469177e-11, 1.8128153539887883e-10, 2.1296776508853224e-6, 1.282657859936302e-10, 4.4631148829794654e-11, 0.013534735444925282, 0.013534735716974554, 0.3670172488600286, 0.3534825135751964, 0.13700100563502024, 1.4778721975228297e-10, 0.36701724909607525, 2.129723356586238e-6, 0.509516480574037, 0.0062642655379431395, 1.1056487301308237e-10, 0.29303497209332113, 0.3670172490487129, 1.6648060680266782e-10, 1.8995391255469645e-10, 0.13700100550756267, 1.2538102605636315e-10, 4.524842492170564e-11, 2.120877120042621e-10, 2.1297964885827768e-6, 2.129788960990607e-6, 2.129622423360783e-6, 3.0947103035234296e-11, 1.152733720627833e-9, 2.1297423963079687e-6, 4.6675307834137666e-11, 6.758682383492644e-11, 0.35348251414385823, 3.9771273556587524e-10, 1.3720267037040032e-10, 4.0758649348382016e-11, 1.250874035412868e-10, 2.1292510136060116e-6, 3.0686331647317796e-11, 0.1370010057182219, 0.13700100567689213, 9.928936198232512e-11, 0.13700100576130914, 0.13700100557816283, 6.348223819969715e-11, 0.137001005804177, 4.339447598975838e-11, 1.3392657504215386e-10, 0.13700100550749544, 1.3828000221407553e-10, 0.6465174856199671, 0.21648151108666644, 1.0473380523965098e-10, 1.8728960327963874e-10, 1.537078178265152e-10, 0.35348251413488757, 5.399116656617411e-11, 0.35348251343564074, 2.129709758212468e-6, 0.13700100546955482, 9.180310160735109e-11, 3.011579306259647e-11, 5.781769076474126e-11, 0.35348251363854055, 6.125284354511765e-11, 4.75960445627459e-11, 5.337659920533568e-11, 5.8030566752197655e-11, 6.513164796861716e-11, 3.1770969871887263e-11, 0.35348251356656585, 1.0857455431052127e-10, 0.13700100528375853, 0.23226773822637733, 6.46757415079067e-11, 3.750047309175561e-11, 3.34117942859223e-11, 1.2224188249889183e-10, 4.5627310534477156e-11, 0.35348251350423043, 0.3534825129377445, 0.13699626128948356, 2.1296614270079105e-6, 8.89897508688383e-11, 0.3534825134837057, 2.1295684103606153e-6, 7.225658070979374e-11, 0.13700100547809824, 0.13699626134296203, 4.6354872822818703e-11, 3.808417471361521e-11, 2.1296567086975733e-6, 1.7239043659849555e-10, 0.13699626132149995]
v_opt: [0.3597467791975495, 0.6465174861917375, 0.4179848670453454, 0.12494994230320727, 0.05394830843524226]
solution time: 0.01510000228881836
McCormick lower bound: -7.3917508337487

