x_opt: [0.6602860053248948, 0.16336654068815074, 0.8366334684820118, 0.1633665416740444, 0.8366334562774114, 0.1615917625320555, 0.8366334783127992, 0.9452964910315295, 0.8366334338779344, 0.16336653474638432, 0.05470349314260673, 0.8366334412496672, 0.16336653301309847, 0.16336652105086372, 0.1633665166789188, 0.16336654256054614, 0.16336653080656005, 2.9935607809647353e-9, 0.1558770881961333, 0.05470351043129791]
w_opt: [0.6602860046486686, 0.4969194623890249, 9.829089015573291e-10, 7.98542429929765e-10, 0.49691944723831877, 0.16336652914025626, 6.891857419118661e-10, 2.1290957890710477e-9, 0.16336652950550787, 1.727694609116978e-9, 7.220615527648865e-10, 9.86996503414148e-9, 5.461093318782954e-9, 0.16336653749459615, 0.16336653366599013, 0.16336651939053146, 2.8330119126772775e-9, 0.16336654011360036, 0.1633665396803698, 0.6732669473760974, 0.7819299603929839, 5.565687863170701e-9, 0.6732669125981829, 0.16336653955191416, 3.354722526523745e-9, 2.448255048996152e-9, 0.15587708767717717, 1.3075982893603176e-9, 6.559230633178282e-10, 2.5607402316001503e-9, 0.1633665409473362, 0.16336654054391864, 0.16336653025759654, 5.598502012717227e-10, 1.1839026636685903e-8, 0.16336653032622678, 5.649040425766833e-10, 1.1368374869788868e-9, 0.8366334334822971, 3.268900442278502e-9, 7.623054451904711e-10, 7.695684304900293e-10, 1.2233743810793489e-9, 0.1633665204765825, 4.59764138460483e-10, 0.16159175990733696, 0.1615917601624412, 1.186511515396752e-9, 0.16159176139131237, 0.16159176066134637, 1.1397099443327358e-9, 0.16159176177085754, 8.163822764223953e-10, 1.705805819395079e-9, 0.15587708753494098, 1.4192588139560167e-9, 0.8366334405190884, 7.537925799129688e-8, 8.602756575829468e-10, 1.0805424878372844e-9, 2.0898847799605013e-9, 0.836633433210958, 7.613932042858235e-10, 0.1633665141266283, 0.16336653001849225, 0.15587708739503423, 2.900911761961579e-9, 7.567939846884506e-10, 0.6732668762585285, 0.16336653208743956, 7.197509247466673e-10, 7.181249942008985e-10, 7.431008504144269e-10, 1.1427242026916995e-9, 1.1333686908349478e-9, 4.910529536828506e-10, 0.16336653185406488, 1.6467330858340857e-9, 0.1558770831150166, 0.05470349251262338, 8.953427355058472e-10, 4.693267040718816e-10, 6.926395387922717e-10, 1.676196943682116e-9, 6.340108624424992e-10, 0.16336651582594447, 0.16336651932611768, 0.05470350940301859, 0.1633665179507179, 9.99589618631552e-10, 0.16336651571379762, 0.16336651261975296, 8.738652097301143e-10, 0.15587708671545927, 0.05470350971127039, 5.848044049341086e-10, 6.859190689633938e-10, 0.054703508330860136, 2.222197186872129e-9, 0.05470350983752266]
v_opt: [0.9452964905025566, 0.8366334679118002, 0.6999592188283528, 0.026688647440719963, 0.0029925053549385485]
solution time: 0.018618106842041016
McCormick lower bound: -4.916204540543339

