x_opt: [0.7994130163317246, 0.20059350703615092, 0.7994130506409447, 0.20058547183185044, 0.799412976786935, 0.20058666649328408, 0.7994133571502714, 0.5470552408438193, 0.28055719874961, 0.20058698279570764, 0.2005869592298082, 0.7194427677685543, 0.20058699428294807, 0.20058663877961294, 0.20058679448345668, 0.333423167823408, 0.200585400172922, 2.127530513749865e-8, 0.20058651954012865, 0.20058649206281373]
w_opt: [0.7994130101933645, 0.5988259958180437, 6.520738776399199e-9, 6.109380166150139e-9, 0.5188557877868022, 0.20058697282093801, 6.008071058954105e-9, 2.2090785478765147e-8, 0.20058539116324975, 1.288844701704488e-8, 3.6613108167606333e-9, 6.561128431219199e-6, 6.529534177611776e-6, 0.20059347555934953, 0.2005869787662278, 0.20058663046889136, 2.2930808700983477e-8, 0.2005935028984403, 0.20058545690594548, 0.598826410774819, 0.34646829605710666, 4.602591442319444e-8, 0.5188558373559581, 0.33342314212464486, 1.789442224939335e-8, 1.758086647285942e-8, 0.20058651565440894, 1.3090719839209997e-8, 3.821634996845218e-9, 2.8688911187017616e-8, 0.20058546503642039, 0.2005854656502598, 0.2005854357398959, 3.301765323849475e-9, 1.1129811862211378e-7, 0.20058539573747283, 4.337161464799294e-9, 7.811416092586488e-9, 0.2805571959812871, 5.394908773911534e-8, 6.701809418472576e-9, 4.265607733801871e-9, 7.786394816089286e-9, 0.20058533335332326, 3.5633731109654123e-9, 0.20058665593526176, 0.20058664553781824, 1.1017087045496916e-8, 0.20058666038213904, 0.2005866117761843, 6.508626702505213e-9, 0.2005866630325171, 5.016691640624824e-9, 1.3037443554270943e-8, 0.2005865153140198, 1.188276745990046e-8, 0.7194427637385916, 1.0955116815242476e-6, 8.153112580098497e-9, 1.2575058296137585e-8, 2.874849473145888e-8, 0.28055719362894677, 5.0532496355602555e-9, 0.20058677976367673, 0.20058539358978292, 0.20058651383569598, 7.777360592842158e-9, 3.3296411044051607e-9, 8.335621537337086e-9, 0.20058699073791475, 6.712674092287096e-9, 4.294394376881697e-9, 5.4763371888481334e-9, 7.871435802272968e-9, 8.583357127706618e-9, 3.182723539525296e-9, 0.20058697586285607, 1.1472074418979701e-8, 0.20058648539093535, 0.20058695513215538, 6.5023792449815285e-9, 3.696572674883896e-9, 4.055273527125812e-9, 9.219129460548426e-9, 4.010762407297863e-9, 0.2005867912249916, 0.20058690648043756, 0.200586485927353, 0.20058537743772792, 7.028264376200293e-9, 0.20058678823839396, 0.2005853719228857, 7.473057969642368e-9, 0.20058651336475306, 0.2005864883682235, 3.995201542245232e-9, 3.778074292188091e-9, 0.2005853805449406, 1.663283202511163e-8, 0.20058646831165494]
v_opt: [0.5470552365375378, 0.7994130458804429, 0.639061494957829, 0.04023560030482258, 0.04023550038613847]
solution time: 0.013020038604736328
McCormick lower bound: -4.671487103578899

