x_opt: [0.7034256558793643, 0.296574348432617, 0.7034256561109293, 0.20952349543035007, 0.7034256562440494, 0.20952343480322916, 0.7904765244628371, 0.5626729209230482, 0.3280179475103384, 0.2965743433364385, 0.19932031746644766, 0.6719820537201605, 0.29657434363848306, 0.20952347586616235, 0.29657434146600786, 0.29657435019873596, 0.20952348998231207, 1.5940943413589144e-9, 0.008274787678021535, 0.008274723986859469]
w_opt: [0.7034256551747728, 0.4068513127254606, 6.185145613758018e-10, 3.7661974812441864e-10, 0.37540770994632, 0.2965743422223011, 3.043727676674822e-10, 1.7233824239686876e-9, 0.20952348930764814, 9.782271657572805e-10, 3.907592679186513e-10, 4.780875854831068e-9, 7.181148087841046e-9, 0.29657434627055, 0.29657434305609853, 0.2095234750459086, 1.4912588490124958e-9, 0.29657434815942474, 0.20952349449311897, 0.49390218079079073, 0.2660985772666022, 1.316854117875498e-9, 0.3754077112278396, 0.2965743485295138, 1.1591037575745092e-9, 1.3902155042210981e-9, 0.008274787454724207, 9.063429029449351e-10, 2.3022195955211944e-10, 1.6358067311531622e-9, 0.20952349507449886, 0.2095234949238784, 0.20952349371114612, 2.2226565478598736e-10, 8.419136162719854e-9, 0.20952348977442156, 2.8574953503225163e-10, 5.278688112122489e-10, 0.3280179473056648, 2.896239671074262e-9, 8.732309596022473e-10, 3.2008761146369463e-10, 1.0085314242309843e-9, 0.20952348589523256, 2.0639093455597221e-10, 0.20952343348037544, 0.2095234337300208, 5.874620893988671e-10, 0.2095234343008447, 0.20952343355785663, 6.245955420964149e-10, 0.2095234345418458, 3.2674726331718423e-10, 9.580325184277177e-10, 0.008274787412839569, 1.108456734114428e-9, 0.6719820533882465, 0.08705090557145709, 7.78082490656264e-10, 7.72900992643176e-10, 1.2383541953712607e-9, 0.3280179472415987, 3.5991688867369337e-10, 0.2965743405692298, 0.20952348954452651, 0.008274787228755652, 5.038377089746899e-10, 2.6636023128208434e-10, 1.998497147094463e-9, 0.2965743433621296, 3.772379161727032e-10, 3.300811479467513e-10, 3.7381224805137534e-10, 4.931725520564217e-10, 5.419996043632047e-10, 2.03124473209569e-10, 0.2965743429953224, 7.610229736532586e-10, 0.008274785836581538, 0.19932031726564936, 5.075218707052449e-10, 2.293549507106422e-10, 2.3262105907105646e-10, 7.096949870494848e-10, 3.3526723199888163e-10, 0.2965743411510783, 0.29657433589385535, 0.00827472346370166, 0.20952347429362977, 6.641356842078421e-10, 0.296574341053672, 0.20952348834598794, 4.2545009696723e-10, 0.008274787125591472, 0.008274723621532361, 3.0989134744014574e-10, 2.9474929076646554e-10, 0.008274722733531498, 1.2884125201753376e-9, 0.008274723457285056]
v_opt: [0.5626729206621929, 0.7034256556977262, 0.4948076548111455, 0.08795634575680396, 0.03972859316340362]
solution time: 0.01402592658996582
McCormick lower bound: -7.098085792073029

