x_opt: [0.474350619665534, 0.2548278998013848, 0.8659029909522665, 0.13409949269540122, 0.8659005127539819, 0.13409693735529324, 0.8092605331100253, 0.8659029158064188, 0.8659005107228821, 0.13409696560601045, 0.13409033737172482, 0.8092463863129041, 0.13409695373456884, 0.134099476574572, 0.13409665099531606, 0.25482811462405547, 0.13409940927501535, 1.221602920123881e-8, 0.13409671425283945, 0.13409663666046648]
w_opt: [0.4743506170291052, 0.3402511333064463, 3.2685051818280947e-9, 1.3943020141360297e-9, 0.2835970075435841, 0.13409693647559867, 1.745688502999267e-9, 7.07217575420139e-9, 0.13409940612908042, 8.611102470825007e-9, 1.171735596944455e-9, 0.1207308922076937, 0.120728503838611, 0.25482789049655385, 0.1340969634428623, 0.13409947287521773, 9.933262512082514e-9, 0.2548278986597963, 0.1340994855119557, 0.6751635249851823, 0.731805909361294, 2.0741317055430602e-8, 0.6751493936744168, 0.25482809535848144, 2.412632160429069e-6, 1.0534176394006306e-8, 0.13409671307508694, 4.1754560933879326e-9, 9.23195474297551e-9, 1.6835516195086588e-8, 0.13409949111908998, 0.13409949040101246, 0.13409695438675698, 1.2107992434968878e-9, 1.0381351038745389e-7, 0.13409940823669375, 1.1859580326168843e-9, 2.3248770896743125e-9, 0.8659005097104375, 1.4574833343777758e-8, 3.022823462324671e-9, 1.8239661810517699e-9, 3.4466540146960546e-9, 0.13409934256100228, 1.0341349006675541e-9, 0.13409693164084874, 0.13409692567987935, 4.0880654433807205e-9, 0.1340969339618825, 0.1340969304622743, 3.1548317955772043e-9, 0.13409693576802556, 2.2521595124300584e-9, 8.663367364748491e-9, 0.1340967130252076, 5.4094095173221105e-9, 0.8092463851590936, 5.966668274611711e-8, 1.5790794024286744e-9, 2.7960452839001902e-9, 7.183108450033409e-9, 0.8659005087509446, 1.2074273869918895e-9, 0.13409663645840178, 0.13409940781588234, 0.13409671243334173, 4.3636610737227325e-8, 1.8111053233940815e-9, 0.675146907595683, 0.1340969503022695, 1.4830061223133404e-9, 2.5288581191214165e-9, 1.6530968487972896e-9, 2.662529052582443e-9, 3.1513720824216252e-9, 8.821954873036266e-10, 0.13409695093426555, 1.2943385586137964e-8, 0.13409670152339695, 0.13409033521771146, 2.8169828826413973e-9, 8.736423203017074e-10, 1.438606857837558e-9, 4.379202735602647e-9, 1.6138883005333987e-9, 0.13409664845716351, 0.13409692771375994, 0.13409663456619433, 0.13409936527894534, 2.0829388364525723e-9, 0.13409664812502303, 0.13409664031145221, 3.2448553856162e-9, 0.13409664445541555, 0.13409663549222692, 1.3265233997429978e-9, 1.8914768776664825e-9, 0.13409662739367872, 9.999934707901098e-9, 0.13409663440553146]
v_opt: [0.8659029144877395, 0.8659029895700954, 0.7497846224095158, 0.017982036448449944, 0.017980951837802902]
solution time: 0.013170003890991211
McCormick lower bound: -3.8029299336693736

