x_opt: [0.768003927563931, 0.28503069970146944, 0.7680041219749726, 1.440849726001932e-6, 0.7680040341343229, 0.2319957977478629, 0.7680044544317887, 0.5903275749080039, 0.4155841065623735, 0.23199579032185497, 0.23199594513601524, 0.584414109287628, 0.23199594896815307, 0.2319955191891612, 0.23199580177561646, 0.2850332152401823, 1.4234789651393732e-6, 2.9905548158077396e-8, 0.23199537248993082, 0.2319952372240557]
w_opt: [0.7680039233912225, 0.5360079644147226, 5.976932539290293e-9, 6.655001865624043e-9, 0.3524180399180323, 0.23199592993686965, 6.1924644876094806e-9, 6.028449578088355e-8, 1.4137857211160267e-6, 1.9750252522027334e-8, 2.8308482130808872e-9, 0.05303482481219801, 0.05303485420295517, 0.285030650284424, 0.23199578701547463, 0.23199551298992424, 3.937275052250438e-8, 0.2850306958049356, 1.42483352650338e-6, 0.5360085795135016, 0.3583317014389087, 1.5642454945795633e-8, 0.35241825348432826, 0.28503318141595757, 2.0031097799247183e-8, 2.5283693805076985e-8, 0.23199536776912663, 1.7073285934449207e-8, 3.5759860150358313e-9, 5.502924773208375e-8, 1.4314530685022069e-6, 1.436021838356667e-6, 1.4057972539899768e-6, 3.082222166800928e-9, 2.2239785370602306e-7, 1.4190785139744216e-6, 4.768639462834981e-9, 7.489952404498758e-9, 0.4155841031392709, 1.258858833841615e-7, 4.990646423011067e-9, 3.5595299365068628e-9, 9.859444415732246e-9, 1.3330570218827505e-6, 3.7776758564310175e-9, 0.2319957886980862, 0.231995776028879, 1.1300495390661089e-8, 0.23199579286024993, 0.23199550133207045, 6.561809197548612e-9, 0.23199579475021295, 4.518209119031672e-9, 2.0431491938983205e-8, 0.2319953681637688, 1.3283342610361252e-8, 0.5844141055407095, 9.06261456631736e-6, 7.2387019362252355e-9, 3.295291922627036e-8, 4.634388578049646e-8, 0.41558410142266544, 5.1372967244522516e-9, 0.2319957878044053, 1.4151399376366017e-6, 0.231995366561778, 7.412141174346792e-9, 2.4234561431051173e-9, 4.379259586936379e-9, 0.23199594599053588, 9.76627024300203e-9, 3.899868499780051e-9, 6.437938261690043e-9, 8.688036498673253e-9, 1.0771911695084567e-8, 3.1392273898166346e-9, 0.23199578583773073, 1.0368058444834165e-8, 0.23199530458123263, 0.2319959411932399, 8.287026387609584e-9, 4.315120528947513e-9, 3.935197329588641e-9, 7.3925227474629854e-9, 3.6451494144379895e-9, 0.2319957987477934, 0.2319959132449845, 0.231995231707557, 1.3922334083595562e-6, 7.040520116001469e-9, 0.23199579611962926, 1.3815731694915171e-6, 1.0806623709386011e-8, 0.23199536782491753, 0.23199523335940447, 3.882685951016242e-9, 3.488845604235002e-9, 1.413254389062235e-6, 2.4833569256388926e-8, 0.23199522556181243]
v_opt: [0.5903275698044916, 0.7680041174295533, 0.5898302865007934, 0.05382206007502945, 0.053822137570677456]
solution time: 0.014282941818237305
McCormick lower bound: -4.486472443556015

