x_opt: [0.7908416183718793, 0.3148169282531335, 0.7908416291913019, 0.20914858639594613, 0.7908416218160855, 0.20915101559958585, 0.7908489847196812, 0.47072384336964423, 0.26667594167467956, 0.20915837963917885, 0.20915721137640575, 0.7333240193576499, 0.20915837925109715, 0.20915100420053626, 0.20915834701040717, 0.31481695063750936, 0.20914856154134515, 2.0854613702545547e-8, 0.20915099999415585, 0.2091509855593961]
w_opt: [0.7908416124554769, 0.5816832429727012, 5.6597039612786935e-9, 4.341015130091046e-9, 0.5241656413658478, 0.20915836257037135, 4.8483265999142905e-9, 1.7514753632573323e-8, 0.2091485522228118, 1.250231101184367e-8, 3.1717482723144248e-9, 0.10565856110597166, 0.10565857708785156, 0.3148169009680963, 0.20915837584457564, 0.20915099699681244, 1.6319939443104925e-8, 0.3148169235647281, 0.2091485726388326, 0.5816906166636124, 0.2615654764865982, 2.519178277357839e-8, 0.524165664463124, 0.31481692455555105, 1.5494578229020423e-8, 1.7241905773518894e-8, 0.20915099617908253, 1.0736677930995583e-8, 3.9988696229063514e-9, 2.6961217097383476e-8, 0.20914857981629537, 0.20914858052858712, 0.20914856055780243, 2.869213048785699e-9, 1.35569541274557e-7, 0.2091485579356838, 4.2457639566300615e-9, 6.3579394244929704e-9, 0.2666759386449225, 4.5887315629263526e-8, 5.927447170049088e-9, 3.450140426174555e-9, 8.936295439042938e-9, 0.2091484996006952, 2.9554966457918602e-9, 0.2091510062598041, 0.2091509975570794, 9.517013541485438e-9, 0.20915100989626043, 0.20915098392761233, 5.368671005056063e-9, 0.20915101248056897, 4.069160426068709e-9, 1.3092827255655406e-8, 0.20915099580554, 1.1105107552622397e-8, 0.7333240158846928, 8.070552694304896e-6, 6.912429862325436e-9, 1.6931532701171814e-8, 2.9099224431027492e-8, 0.2666759370025727, 4.725785483329758e-9, 0.20915833537899386, 0.20914855493728002, 0.2091509939400943, 7.947801273184264e-9, 2.557645589513833e-9, 5.046330929538255e-9, 0.20915837579008784, 5.913964005814733e-9, 4.014114540310745e-9, 5.079063521006213e-9, 5.864826397258132e-9, 6.666432147574719e-9, 2.7171267100002524e-9, 0.2091583750717035, 1.0191942820851692e-8, 0.20915097356705076, 0.20915720772886184, 5.80405094966558e-9, 3.3997824371027438e-9, 3.1715239270683496e-9, 8.137665905095632e-9, 3.7144414352154753e-9, 0.2091583435962009, 0.20915830922968992, 0.20915097926851112, 0.20914854308487862, 6.765250185602457e-9, 0.20915834087072396, 0.20914853919046805, 7.437675539248824e-9, 0.20915099451471283, 0.20915098228971965, 3.763758210799973e-9, 3.341262610696323e-9, 0.2091485482618762, 1.6223399911515677e-8, 0.20915097380900485]
v_opt: [0.4707238386162073, 0.7908416241699688, 0.6254345097463577, 0.04374757674852314, 0.04374676911911608]
solution time: 0.016062021255493164
McCormick lower bound: -5.148442953706165

