x_opt: [0.8157098380444785, 0.18429016100241408, 0.815709841478092, 0.18429014894705728, 0.8157098333137877, 0.184290161688285, 0.8157098397435906, 0.842034388090061, 0.5943742545177789, 0.18429015842767218, 0.15796559854032144, 0.7915936525549666, 0.18429016457364863, 0.18429016012919072, 0.18429016077472823, 0.20730225541666306, 0.1842901486267817, 9.766522979572107e-10, 0.1579656115671119, 0.1579656108162366]
w_opt: [0.8157098378755226, 0.6314196715279409, 2.929566330277576e-10, 2.883331194313934e-10, 0.6073034907725153, 0.18429016360081663, 2.5992380150548447e-10, 1.500495409082823e-9, 0.18429014825391388, 5.909628963375469e-10, 2.1610319111631834e-10, 2.604333807130421e-9, 1.2374992998482439e-9, 0.18429015990465505, 0.18429015818433397, 0.18429015933184398, 1.4562903815165068e-9, 0.18429016085441582, 0.184290148369687, 0.6314196814052673, 0.6577442297706578, 6.719144580110169e-10, 0.6073034948846674, 0.20730225468239075, 7.169605708152711e-10, 8.08983405636702e-10, 0.15796561138913498, 4.5882768030059843e-10, 1.3363898921240723e-10, 8.017422573025366e-10, 0.18429014866896168, 0.18429014865388718, 0.18429014739880079, 1.9488729093322192e-10, 3.452237108667666e-9, 0.18429014841015856, 2.051510897262921e-10, 4.302295327236587e-10, 0.594374254376931, 8.444178163728772e-10, 1.6492189562142373e-10, 2.925132078387457e-10, 3.3770868826899493e-10, 0.18429014590999165, 1.7395300241407733e-10, 0.18429016089826666, 0.184290160892249, 3.472607617505466e-10, 0.18429016138933904, 0.18429015914160785, 4.0186689922512845e-10, 0.1842901614627902, 2.561570413501363e-10, 5.614808355995857e-10, 0.1579656112882188, 4.054427264566405e-10, 0.7915936522722176, 2.3080046315492324e-8, 2.398744842926497e-10, 3.9844574860766674e-10, 6.761152679528038e-10, 0.5943742543172832, 2.4244986227894206e-10, 0.18429016007096247, 0.18429014832098445, 0.1579656113338089, 2.808645067297421e-10, 2.0882646121031613e-10, 0.3859679074151676, 0.18429016437199613, 3.0360015415026097e-10, 1.9996877555127256e-10, 2.838755352854366e-10, 5.497684808177434e-10, 5.034628138197229e-10, 1.828548782312441e-10, 0.1842901581493694, 3.5318247872366083e-10, 0.15796560974403934, 0.1579655983271485, 2.9840772354347236e-10, 1.8754879467542172e-10, 2.7709117148325846e-10, 4.1605939376454475e-10, 1.9164481319431685e-10, 0.18429016058888006, 0.18429015909660904, 0.15796561054704547, 0.18429014777230027, 3.347616500000764e-10, 0.18429016052746314, 0.1842901471593862, 2.7430754817363246e-10, 0.15796561123696368, 0.1579656105263101, 1.799158713565323e-10, 2.1181752493876944e-10, 0.15796561026415093, 7.568465717065904e-10, 0.15796561058233607]
v_opt: [0.842034387930463, 0.8157098412566607, 0.6653825396177525, 0.03396286613951078, 0.024953203597826164]
solution time: 0.014871835708618164
McCormick lower bound: -4.857794694054064

