x_opt: [0.821274183006039, 0.17872576380263566, 0.8212745058806435, 0.17868812181964033, 0.8212711010967554, 0.17872844141556407, 0.8212741956948816, 0.8213120394405187, 0.5706322649540485, 0.17872549616874286, 0.17863124434936994, 0.800022313684089, 0.17872885266335825, 0.178725799234047, 0.1787257225165295, 0.21221691066161374, 0.17868810940576207, 2.2397185292598447e-8, 0.17868795499305812, 0.1786879375553987]
w_opt: [0.8212741786628682, 0.6425452875798424, 7.166757782632985e-9, 6.357869370983475e-9, 0.6212965007341583, 0.17872882886126293, 8.194741195777599e-9, 3.290530329989996e-8, 0.17868810123170953, 1.403610344983311e-8, 4.550257880605552e-9, 2.723301626566719e-7, 2.900086010539605e-8, 0.17872573569009514, 0.17872549101481744, 0.17872573029593636, 4.203930824666759e-8, 0.17872576000419743, 0.17868810843418562, 0.6425487055608153, 0.6425865498847058, 2.090501792825697e-8, 0.6212968401143111, 0.21221689275513606, 1.657795779429822e-8, 1.863561561521786e-8, 0.17868795103388138, 1.0970807422332997e-8, 2.88976065549671e-9, 2.3371169473801176e-8, 0.17868811554013148, 0.17868811503693482, 0.17868808728489396, 4.356471639328336e-9, 9.793966412312073e-8, 0.1786881043362574, 4.529944793274648e-9, 9.83507412296724e-9, 0.5706322619279672, 2.1675587810119806e-8, 3.6955524600056653e-9, 6.227443623757437e-9, 7.432739560370069e-9, 0.17868803759011273, 4.052131238674225e-9, 0.1787284239635237, 0.1787284204780036, 8.442960451719288e-9, 0.17872843493418686, 0.1787257800671042, 9.643272639989305e-9, 0.17872843658337625, 5.878365951757224e-9, 1.334465825424019e-8, 0.17868794870198518, 9.834868309036112e-9, 0.8000223074132581, 3.42151599508821e-6, 5.2738842377428e-9, 1.0196229009308023e-8, 1.8545178430057496e-8, 0.570632260222982, 4.996695707640699e-9, 0.17872570526098183, 0.1786881026248748, 0.17868794987852182, 6.497990144391906e-9, 4.589980968111758e-9, 0.37065459824528957, 0.1787288471932, 7.095250673494854e-9, 4.422655519218443e-9, 6.441636136953345e-9, 1.3652367247100849e-8, 1.2848479735632287e-8, 4.064293088394426e-9, 0.17872548993550388, 8.78757378979087e-9, 0.17868791403474385, 0.1786312397337729, 7.022933448966443e-9, 4.158109437169118e-9, 6.5576945732625945e-9, 9.485245673076187e-9, 4.2253125030619465e-9, 0.17872571874740242, 0.17872876896531903, 0.17868793166003444, 0.17868808791202814, 7.380572184959134e-9, 0.17872571708622317, 0.17868807663425865, 6.251027852276822e-9, 0.17868794783311748, 0.17868793150219484, 3.993802032274429e-9, 4.709039194571967e-9, 0.17868792285462926, 1.759670237179545e-8, 0.1786879323167459]
v_opt: [0.8213120358990121, 0.8212745012375754, 0.6744863016022167, 0.03194287737399409, 0.03190957840881689]
solution time: 0.016592979431152344
McCormick lower bound: -4.633847049571636

