x_opt: [0.6489678979172246, 0.35103213518766974, 0.6489678994788403, 1.4981479608082804e-7, 0.648967898688948, 0.14076813727663146, 0.8592319363594606, 0.37078964404211223, 0.3510321043096428, 0.35103209942594993, 0.23486938776431487, 0.6489678933277389, 0.35103210039356303, 0.1407680645663991, 0.35103209748610115, 0.3510321397381249, 1.4890671509224705e-7, 3.92429988518781e-9, 0.14076805412007032, 0.11934317072449797]
w_opt: [0.6489678969832884, 0.29793579733752906, 1.2874073736896191e-9, 1.0026786283693578e-9, 0.2979357920417689, 0.35103209745030245, 8.599687805277249e-10, 3.6367184041947265e-9, 1.4704260574636022e-7, 2.277339807160496e-9, 8.169028464078263e-10, 3.541268201220221e-8, 3.82287468406154e-8, 0.3510321298537182, 0.3510320986497363, 0.14076806274798756, 2.9909914550069456e-9, 0.3510321342456437, 1.4743044283183395e-7, 0.5081998364319277, 0.01975754418045307, 2.220841626788889e-9, 0.29793579572694945, 0.3510321353623631, 3.019492267027954e-9, 3.3268675610464947e-9, 0.14076805340694293, 2.2979214103623892e-9, 7.39777276824648e-10, 3.592171867555217e-9, 1.4860312899168676e-7, 1.4856217076987898e-7, 1.4536382621787062e-7, 5.829943111101978e-10, 1.526398684085506e-8, 1.4800982204416764e-7, 8.533000956507563e-10, 1.2801077341545672e-9, 0.3510321036156961, 6.420217502256908e-9, 1.549003029883308e-9, 7.865421303882321e-10, 1.9133319126364563e-9, 1.402076881826024e-7, 5.865458312021714e-10, 0.14076813501251112, 0.14076813428222207, 1.7272061161489717e-9, 0.14076813595983026, 0.14076806203036074, 1.2114498211121071e-9, 0.14076813662842722, 8.007805023214786e-10, 2.3370442452566334e-9, 0.1407680533899328, 2.3440743015759444e-9, 0.648967892512143, 0.21026409029253046, 2.211740738865725e-9, 2.3804502328083456e-9, 2.9436530095743327e-9, 0.35103210348675085, 9.893871625601527e-10, 0.35103209535761515, 1.4746111568905087e-7, 0.14076805280640534, 1.4670329572232908e-9, 5.601438137933567e-10, 1.1109404100712515e-9, 0.3510320996241336, 1.1948284239855544e-9, 8.393307389025057e-10, 1.005146616789424e-9, 1.1650673651091884e-9, 1.2902790188247232e-9, 6.280125024364404e-10, 0.351032098432779, 1.7687779011009868e-9, 0.14076804910591306, 0.23486938711893993, 1.1710725846586412e-9, 7.211429645972633e-10, 6.825246628832372e-10, 2.2176886072227695e-9, 8.121285930789771e-10, 0.351032096680901, 0.3510320832522374, 0.11934316923796384, 1.4661196110357062e-7, 1.6211118763165545e-9, 0.35103209627255405, 1.4484339498623683e-7, 1.2625190292491114e-9, 0.1407680529273177, 0.11934317004174609, 8.227476053573774e-10, 6.98449319523116e-10, 1.46663589825733e-7, 3.0351185915859305e-9, 0.11934316973821561]
v_opt: [0.3707896431440834, 0.64896789824867, 0.42115934244678715, 0.1232235497644938, 0.055163637202990244]
solution time: 0.015485048294067383
McCormick lower bound: -7.140831843489021

