x_opt: [0.7434598961567207, 0.32634394592732063, 0.7434598963868008, 0.1726044446688595, 0.7434598996847398, 0.1726044389308682, 0.8273955590567924, 0.41902204499475465, 0.2565497936045068, 0.25654010289835727, 0.2535081666620762, 0.7434502029243859, 0.2565401026778918, 0.1726044402997507, 0.2565401011062825, 0.32634394659660015, 0.17260444012609524, 1.2830222197345602e-9, 0.17260443806649317, 0.17260444298061609]
w_opt: [0.7434598956415185, 0.4869197960286775, 4.082784686868766e-10, 2.773275513813097e-10, 0.48691009932333845, 0.25654010164930435, 3.051093971944087e-10, 1.2016156352526804e-9, 0.17260443952534757, 7.592096433429946e-10, 2.419125401029701e-10, 0.0698038425726067, 0.06980384731310474, 0.3263439440596502, 0.2565401026630149, 0.17260443982261284, 9.7726441228315e-10, 0.32634394555251406, 0.1726044438317779, 0.5708554556136094, 0.16248194162051174, 6.364565148278625e-10, 0.4869101002999008, 0.32634394471337796, 1.0043514374017818e-9, 1.0762138229042948e-9, 0.17260443783414386, 7.837902753024052e-10, 2.6201699910103476e-10, 1.6083517609365212e-9, 0.1726044442704659, 0.17260444427817748, 0.17260444306884717, 1.7345341444850263e-10, 7.970684416498942e-9, 0.17260443994295868, 2.600382491189436e-10, 3.8435317864481586e-10, 0.25654979339578343, 5.065844535688455e-9, 2.8170077601789997e-9, 2.1821064789864114e-10, 1.2479851556979543e-9, 0.17260443669241, 1.7807689303118502e-10, 0.17260443834326616, 0.1726044378187334, 6.728153111009999e-10, 0.17260443855692648, 0.17260443777523476, 3.3639899404889405e-10, 0.17260443873566994, 2.493821300568935e-10, 7.946729990398417e-10, 0.17260443780811754, 8.086144678954879e-10, 0.7434502026955692, 0.08393570130571867, 4.4047528624130993e-10, 2.104231154603201e-9, 3.8385713192125365e-9, 0.2565497933202821, 2.997261188375195e-10, 0.25654010044831055, 0.17260443969921263, 0.172604437663425, 5.761035625404754e-10, 1.6048138854501167e-10, 2.7760582054851073e-10, 0.2565401024798107, 3.6350781615194e-10, 2.5447121859839654e-10, 3.029026702913913e-10, 3.4337650689966014e-10, 3.932376028060401e-10, 1.6321798064700731e-10, 0.25654010234244456, 7.063264986884221e-10, 0.17260443652424765, 0.2535081664507462, 3.688231216881956e-10, 2.1311674271035834e-10, 1.7655992516003426e-10, 4.802921282371507e-10, 2.38866516590138e-10, 0.25654010088689366, 0.2565400986195221, 0.17260444256231278, 0.17260443845418874, 4.614207054261593e-10, 0.2565401007133378, 0.17260443867027211, 4.51086467632639e-10, 0.17260443773218134, 0.17260444269825995, 2.4707066043504127e-10, 2.066246342905267e-10, 0.17260443913577508, 9.95715411396957e-10, 0.1726044359241593]
v_opt: [0.4190220446881764, 0.743459896058139, 0.5527332104246189, 0.06581301188892166, 0.06426641590032686]
solution time: 0.01341700553894043
McCormick lower bound: -5.811973608873117

