x_opt: [0.7586066139886729, 0.24139273500296055, 0.852649552532924, 0.147350443192658, 0.7586072469659276, 0.2413927177661412, 0.7586072909742073, 0.7873173920258942, 0.4554864987069305, 0.14735045054348625, 0.1991695064698994, 0.5445135015971251, 0.24139274651070738, 0.24139270835116064, 0.14735045145875594, 0.24139274362953445, 0.14735039468937755, 2.9476084431394362e-9, 0.1473504429248913, 0.14735044390269073]
w_opt: [0.7586066135331517, 0.5172138612485835, 6.841521273640994e-10, 4.927667795137488e-10, 0.3031201159845647, 0.24139274337321287, 8.740750008256776e-10, 4.209881071151457e-9, 0.14735039360655416, 1.8778446769665872e-9, 3.2250515347762204e-10, 0.09404228788775273, 4.456537787001003e-8, 0.24139272982617088, 0.1473504501141133, 0.2413927063181259, 7.407217552284647e-9, 0.24139273461372343, 0.14735044090133348, 0.611256843882613, 0.6399669453011384, 4.492289290210482e-9, 0.39716305776699123, 0.24139273937675054, 2.572339274450471e-9, 2.3211628674732453e-9, 0.14735044237939343, 5.189428325483579e-9, 3.793662941599847e-10, 9.087233027018768e-9, 0.14735044228603686, 0.1473504426072843, 0.14735043206099863, 4.183412716693573e-10, 2.788007825846292e-8, 0.14735039401227712, 4.906740078920735e-10, 1.0069632278787447e-9, 0.455486498395122, 1.0694372382009082e-8, 5.037542991649332e-10, 4.666167510961231e-10, 7.772752234014848e-10, 0.1473503815869232, 4.352495029061522e-10, 0.24139271646675114, 0.24139271218727157, 1.590959803415172e-9, 0.24139271710270294, 0.2413927012922208, 9.514688364480828e-10, 0.24139271722883707, 6.754742995423591e-10, 1.9127727100219985e-9, 0.14735044242988862, 1.7597681563732168e-9, 0.5445135011776903, 1.1429744005156391e-7, 7.476879253745653e-10, 1.4966505984292448e-9, 8.081711438332049e-9, 0.4554864980696523, 5.850196118073493e-10, 0.14735044866629643, 0.14735039394680904, 0.1473504423461565, 7.986280889457849e-10, 3.5167270114174946e-10, 2.041089254011989e-9, 0.24139274607997235, 9.309053382728477e-10, 4.713771991167192e-10, 7.231788962300334e-10, 1.479221561519638e-9, 1.6472138266756286e-9, 3.749093218340552e-10, 0.14735045002685038, 1.5229125723038772e-9, 0.1473504109964293, 0.19916950582109424, 9.098747284841209e-10, 4.4235515572262223e-10, 5.918396597602835e-10, 1.0177420247555901e-9, 4.095557009614029e-10, 0.1473504510866176, 0.24139267653441646, 0.147350443316503, 0.14735038738085385, 7.464756784729554e-10, 0.14735045070492123, 0.1473503831607478, 1.1199154290369137e-9, 0.1473504420313249, 0.14735044343889814, 4.1927506048249377e-10, 4.532421663627453e-10, 0.1473503935848534, 2.346663660178865e-9, 0.14735044170099906]
v_opt: [0.7873173915385941, 0.8526495521084978, 0.5754849861055906, 0.021712156492017135, 0.039668541296944394]
solution time: 0.01241302490234375
McCormick lower bound: -3.579082500809232

