x_opt: [0.7337369498275138, 0.3453970890841935, 0.7337369641121074, 0.17182077520498523, 0.7337369516428682, 0.17182037486272042, 0.8281796565820781, 0.39133761664068795, 0.26626647445916696, 0.26626305248057736, 0.21300378648790938, 0.7337335089921161, 0.2662630492833299, 0.1718203448278563, 0.2662629655099642, 0.3453971327958254, 0.17182037711795656, 1.877762044764665e-8, 0.171820282596939, 0.17182027432603256]
w_opt: [0.7337369286270131, 0.46747390372300257, 1.0934992416104733e-8, 3.7140097640476626e-9, 0.4674704627794661, 0.2662630327724635, 4.428064950426076e-9, 1.541799394694026e-8, 0.17182036902496592, 1.1732867826009057e-8, 5.228302382274078e-9, 0.07913405624989646, 0.0791340600558491, 0.34539705503540125, 0.26626304975067033, 0.17182033843593167, 1.6629508241700533e-8, 0.3453970857442238, 0.17182076298752463, 0.5619166226013586, 0.12507458360332202, 3.875230952447577e-8, 0.46747049072426317, 0.34539710197748313, 1.589062842181761e-8, 1.7086751992986382e-8, 0.17182028044742198, 1.3423245819991277e-8, 3.162734493338668e-9, 3.2621888970348824e-8, 0.17182077140723315, 0.17182077091145656, 0.17182075539924607, 2.1572702563460718e-9, 1.590281836192456e-7, 0.17182037489377638, 3.153555180382545e-9, 5.059336706599716e-9, 0.26626647242478513, 7.296117444055291e-8, 1.2413829175187374e-8, 3.20251830440911e-9, 1.6037874433243768e-8, 0.17182031515327933, 2.0652809861497036e-9, 0.17182036368639803, 0.17182036346835655, 8.044821656501028e-9, 0.17182037035239403, 0.17182030222383407, 6.094925735802349e-9, 0.17182037263161584, 3.380473236529116e-9, 1.249475212411822e-8, 0.17182028018800946, 1.8453659088582965e-8, 0.7337335064165559, 0.09444367585944323, 1.133387770831962e-8, 1.646792529216115e-8, 4.5519483928423844e-8, 0.26626647177044704, 3.908665040284584e-9, 0.26626295976674547, 0.1718203727017446, 0.17182027752316356, 9.633344382995842e-9, 2.3414809667224664e-9, 6.643757282638664e-9, 0.26626304746482676, 3.8384807107420425e-9, 3.554961742191165e-9, 3.6761228678459746e-9, 4.465067656618497e-9, 5.323381421449713e-9, 2.1981234843217466e-9, 0.2662630442251312, 1.3566645022308162e-8, 0.17182026446055604, 0.21300378473310255, 6.0573970002636755e-9, 2.474783008105481e-9, 2.2029470493460844e-9, 9.71131618905669e-9, 3.555413994531695e-9, 0.2662629633207965, 0.26626300311844836, 0.17182026805776282, 0.1718203294745155, 7.964609229527933e-9, 0.26626296160595087, 0.1718203576013748, 5.854353721978469e-9, 0.17182027849598744, 0.17182026924435043, 3.59302549158319e-9, 2.819119208810799e-9, 0.1718202449750286, 1.60279630553794e-8, 0.17182024767137302]
v_opt: [0.39133761385917315, 0.7337369609209742, 0.5383702578074878, 0.07089601937952288, 0.04537070838386311]
solution time: 0.012212991714477539
McCormick lower bound: -7.011688114732145

