x_opt: [0.0, 0.5, 0.5, 0.5, 0.13641200151963465, 0.5, 1.0, 0.5, 0.5, 0.0, 0.5, 0.5, 0.5, 1.0, 0.5, 0.5, 0.5, 0.5, 0.34488998711547353, 0.5, 0.5, 0.5, 1.0, 0.7258600483863776, 0.2088534901856895, 0.5, 0.5, 0.5, 0.3135377325883987, 0.8474303263731663, 0.06824469932132605, 0.5, 0.5, 0.5987687805054915, 0.5, 0.5698797269504287, 0.06824469932132605, 0.27413995161362237, 0.5, 0.7911465098143105, 0.5, 0.5, 0.5, 0.5, 0.39090622580753737, 0.5, 0.40123121949450846, 0.5, 0.5, 0.5]
w_opt: [0.0, 0.0, 0.0, 0.0, 0.0, 0.0, 0.0, 0.0, 0.0, 0.0, 0.0, 0.0, 0.0, 0.0, 0.5, 0.5, 0.5, 0.5, 0.5, 0.0, 0.0, 0.5, 0.0, 0.5, 0.0, 0.0, 0.0, 0.0, 0.0, 0.5, 0.5, 0.0, 0.5, 0.0, 0.3135377325883987, 0.0, 0.5, 0.13641200151963465, 0.0, 0.13641200151963465, 0.13641200151963465, 0.0, 0.13641200151963465, 0.0, 0.0, 0.13641200151963465, 0.5, 0.0, 0.0, 0.5, 0.0, 0.39090622580753737, 0.5, 0.5, 0.5, 0.2088534901856895, 0.5987687805054915, 0.5, 0.0, 0.0, 0.2088534901856895, 0.5, 0.5, 0.5, 0.5, 0.5, 0.5, 0.0, 0.5, 0.0, 0.5, 0.5, 0.5, 0.0, 0.0, 0.0, 0.0, 0.0, 0.0, 0.0, 0.0, 0.0, 0.5, 0.5, 0.0, 0.39090622580753737, 0.5, 0.5, 0.0, 0.34488998711547353, 0.5, 0.5, 0.0, 0.29114650981431045, 0.5, 0.0, 0.5, 0.0, 0.5, 0.27413995161362237, 0.29114650981431045, 0.0, 0.5, 0.2088534901856895, 0.5, 0.5, 0.8474303263731663, 0.5, 0.5, 0.5, 0.5, 0.5, 0.5, 0.06987972695042866, 0.5, 0.39090622580753737, 0.0, 0.5, 0.0, 0.22586004838637763, 0.5, 0.06824469932132605, 0.5, 0.09876878050549154, 0.06824469932132605, 0.5, 0.0, 0.0, 0.0, 0.5, 0.5, 0.0, 0.0, 0.5, 0.06987972695042866, 0.0, 0.5, 0.0, 0.0, 0.5, 0.5, 0.0, 0.5, 0.0, 0.5, 0.0, 0.5, 0.0, 0.5, 0.2088534901856895, 0.34488998711547353, 0.34488998711547353, 0.0, 0.34488998711547353, 0.34488998711547353, 0.0, 0.0, 0.0, 0.5, 0.39090622580753737, 0.0, 0.3135377325883987, 0.5, 0.5, 0.5, 0.5, 0.5, 0.5, 0.3474303263731663, 0.0, 0.40123121949450846, 0.0, 0.0, 0.0, 0.7258600483863776, 0.06824469932132605, 0.27413995161362237, 0.22586004838637763, 0.2957397753368063, 0.06824469932132605, 0.0, 0.11676627419391494, 0.1270912678808861, 0.0, 0.0, 0.0, 0.2088534901856895, 0.0, 0.5, 0.0, 0.0, 0.0, 0.5, 0.0, 0.0, 0.40123121949450846, 0.0, 0.5, 0.0, 0.09876878050549154, 0.5, 0.27413995161362237, 0.5, 0.5, 0.5, 0.0, 0.0, 0.09876878050549154, 0.5, 0.0, 0.0, 0.5, 0.3135377325883987, 0.06824469932132605, 0.0, 0.0, 0.3474303263731663, 0.39090622580753737, 0.24866154586767475, 0.5, 0.06824469932132605, 0.06824469932132605, 0.06824469932132605, 0.0, 0.06824469932132605, 0.06824469932132605, 0.06824469932132605, 0.27413995161362237, 0.5, 0.5, 0.06987972695042866, 0.0, 0.5, 0.27413995161362237, 0.0, 0.0, 0.5, 0.5, 0.06824469932132605, 0.0, 0.5, 0.18205273562184776, 0.29114650981431045, 0.5, 0.5, 0.0, 0.5, 0.0, 0.0, 0.0]
solution time: 0.020947933197021484
McCormick lower bound: -18.634940224960854

