x_opt: [0.0, 0.5, 0.5841198710423635, 0.5, 0.057977109548514004, 0.5, 1.0, 0.5, 0.4158801289576365, 0.0, 0.5, 0.5, 0.5, 1.0, 0.5342505639009544, 0.5, 0.5, 0.5, 0.3756030061678294, 0.5, 0.5, 0.5, 1.0, 0.6262848989064096, 0.17886087337218246, 0.5, 0.5, 0.5, 0.14050682021911692, 0.6219585570709966, 0.14050682021911692, 0.5, 0.5, 0.5, 0.5342505639009544, 0.633102876585923, 0.14050682021911692, 0.3737151010935904, 0.5, 0.7346026168248787, 0.5, 0.5, 0.5, 0.4158801289576365, 0.4158801289576365, 0.5, 0.5, 0.5, 0.5, 0.5]
w_opt: [0.0, 0.0, 0.0, 0.0, 0.0, 0.0, 0.0, 0.0, 0.0, 0.0, 0.0, 0.0, 0.0, 0.0, 0.5, 0.5, 0.5, 0.5, 0.5, 0.0, 0.0, 0.5, 0.0, 0.5, 0.08411987104236351, 0.0, 0.0, 0.0, 0.0, 0.5, 0.5, 0.0, 0.5, 0.0, 0.14050682021911692, 0.0, 0.5, 0.057977109548514004, 0.0, 0.057977109548514004, 0.057977109548514004, 0.0, 0.057977109548514004, 0.0, 0.0, 0.057977109548514004, 0.4158801289576365, 0.0, 0.0, 0.5, 0.0, 0.4158801289576365, 0.5, 0.5, 0.5, 0.17886087337218246, 0.5, 0.5, 0.0, 0.0, 0.17886087337218246, 0.5, 0.5, 0.5, 0.5, 0.4158801289576365, 0.4158801289576365, 0.0, 0.4158801289576365, 0.0, 0.4158801289576365, 0.4158801289576365, 0.4158801289576365, 0.0, 0.0, 0.0, 0.0, 0.0, 0.0, 0.0, 0.0, 0.0, 0.5, 0.5, 0.0, 0.4158801289576365, 0.5, 0.5, 0.0, 0.3756030061678294, 0.5, 0.5, 0.0, 0.2346026168248787, 0.5, 0.0, 0.5, 0.0, 0.5, 0.3737151010935904, 0.2346026168248787, 0.0, 0.5, 0.17886087337218246, 0.5, 0.5, 0.6219585570709966, 0.5342505639009544, 0.5, 0.5, 0.5342505639009544, 0.5, 0.5342505639009544, 0.1673534404868774, 0.4158801289576365, 0.4158801289576365, 0.03425056390095438, 0.5, 0.0, 0.1262848989064096, 0.5, 0.14050682021911692, 0.5, 0.0, 0.14050682021911692, 0.5, 0.0, 0.0, 0.0, 0.5, 0.5, 0.0, 0.0, 0.5, 0.133102876585923, 0.0, 0.5, 0.0, 0.0, 0.5, 0.5, 0.0, 0.5, 0.0, 0.5, 0.0, 0.5, 0.0, 0.5, 0.17886087337218246, 0.3756030061678294, 0.3756030061678294, 0.008705882753752392, 0.3756030061678294, 0.3756030061678294, 0.0, 0.0, 0.0, 0.5, 0.4158801289576365, 0.0, 0.14050682021911692, 0.5, 0.5, 0.5, 0.5, 0.5, 0.5, 0.12195855707099656, 0.0, 0.5, 0.0, 0.0, 0.0, 0.6262848989064096, 0.14050682021911692, 0.3737151010935904, 0.1262848989064096, 0.2593877754923326, 0.14050682021911692, 0.0, 0.04216502786404608, 0.1262848989064096, 0.0, 0.0, 0.0, 0.17886087337218246, 0.0, 0.5, 0.0, 0.0, 0.03425056390095438, 0.5, 0.0, 0.0, 0.5, 0.0, 0.5, 0.0, 0.0, 0.5, 0.3737151010935904, 0.5, 0.5, 0.5, 0.0, 0.0, 0.0, 0.5, 0.0, 0.0, 0.5, 0.14050682021911692, 0.14050682021911692, 0.0, 0.0, 0.12195855707099656, 0.4158801289576365, 0.12195855707099656, 0.5, 0.14050682021911692, 0.14050682021911692, 0.14050682021911692, 0.0, 0.14050682021911692, 0.14050682021911692, 0.14050682021911692, 0.3737151010935904, 0.4158801289576365, 0.5, 0.133102876585923, 0.0, 0.5, 0.3737151010935904, 0.0, 0.0, 0.5, 0.5, 0.14050682021911692, 0.0, 0.5, 0.1504827457825152, 0.2346026168248787, 0.5, 0.5, 0.0, 0.5, 0.0, 0.0, 0.0]
solution time: 0.05386996269226074
McCormick lower bound: -25.755276898444272

