x_opt: [0.0, 0.5, 0.5, 0.5, 0.14794127275880792, 0.5, 1.0, 0.5, 0.5, 0.0, 0.5, 0.5, 0.5, 0.9135944137603489, 0.5, 0.5, 0.5, 0.5, 0.37684068261670045, 0.5, 0.47959339353887487, 0.5, 1.0, 0.7334010525533642, 0.18880274601654776, 0.5, 0.5, 0.5, 0.39063787021031393, 0.9135944137603489, 0.0, 0.5, 0.5, 0.619968324115944, 0.5, 0.5090742899857841, 0.0, 0.2665989474466358, 0.5, 0.8207139777741475, 0.5, 0.5, 0.5, 0.5, 0.37684068261670045, 0.5, 0.38003167588405595, 0.5, 0.5, 0.5]
w_opt: [0.0, 0.0, 0.0, 0.0, 0.0, 0.0, 0.0, 0.0, 0.0, 0.0, 0.0, 0.0, 0.0, 0.0, 0.5, 0.5, 0.5, 0.5, 0.5, 0.0, 0.0, 0.5, 0.0, 0.5, 0.0, 0.0, 0.0, 0.0, 0.0, 0.5, 0.5, 0.0, 0.5, 0.0, 0.39063787021031393, 0.0, 0.5, 0.14794127275880792, 0.0, 0.14794127275880792, 0.14794127275880792, 0.0, 0.14794127275880792, 0.0, 0.0, 0.14794127275880792, 0.5, 0.0, 0.0, 0.5, 0.0, 0.37684068261670045, 0.5, 0.5, 0.5, 0.18880274601654776, 0.619968324115944, 0.5, 0.0, 0.0, 0.18880274601654776, 0.5, 0.5, 0.5, 0.5, 0.4135944137603489, 0.5, 0.0, 0.5, 0.0, 0.5, 0.5, 0.5, 0.0, 0.0, 0.0, 0.0, 0.0, 0.0, 0.0, 0.0, 0.0, 0.5, 0.5, 0.0, 0.37684068261670045, 0.5, 0.5, 0.0, 0.37684068261670045, 0.5, 0.5, 0.0, 0.32071397777414745, 0.5, 0.0, 0.5, 0.0, 0.5, 0.2665989474466358, 0.32071397777414745, 0.0, 0.5, 0.18880274601654776, 0.5, 0.4135944137603489, 0.9135944137603489, 0.5, 0.4135944137603489, 0.47959339353887487, 0.5, 0.5, 0.5, 0.009074289985784079, 0.5, 0.37684068261670045, 0.0, 0.5, 0.0, 0.23340105255336419, 0.5, 0.0, 0.5, 0.11996832411594405, 0.0, 0.5, 0.0, 0.0, 0.0, 0.5, 0.5, 0.0, 0.0, 0.5, 0.009074289985784079, 0.0, 0.5, 0.0, 0.0, 0.5, 0.5, 0.0, 0.5, 0.0, 0.5, 0.0, 0.5, 0.0, 0.5, 0.18880274601654776, 0.37684068261670045, 0.37684068261670045, 0.0, 0.37684068261670045, 0.37684068261670045, 0.0, 0.0, 0.0, 0.5, 0.37684068261670045, 0.0, 0.39063787021031393, 0.47959339353887487, 0.47959339353887487, 0.47959339353887487, 0.5, 0.5, 0.5, 0.4135944137603489, 0.0, 0.38003167588405595, 0.0, 0.0, 0.0, 0.7334010525533642, 0.0, 0.2665989474466358, 0.23340105255336419, 0.24247534253914826, 0.0, 0.0, 0.11024173517006464, 0.11343272843742014, 0.0, 0.009516723790695208, 0.0, 0.18880274601654776, 0.0, 0.5, 0.0, 0.0, 0.0, 0.5, 0.0, 0.0, 0.38003167588405595, 0.0, 0.5, 0.0, 0.11996832411594405, 0.5, 0.2665989474466358, 0.5, 0.5, 0.5, 0.0, 0.0, 0.11996832411594405, 0.5, 0.0, 0.0, 0.5, 0.39063787021031393, 0.0, 0.0, 0.0, 0.4135944137603489, 0.37684068261670045, 0.29362608964440484, 0.5, 0.0, 0.0, 0.0, 0.0, 0.0, 0.0, 0.0, 0.2665989474466358, 0.5, 0.5, 0.009074289985784079, 0.0, 0.5, 0.2665989474466358, 0.0, 0.0, 0.5, 0.5, 0.0, 0.0, 0.5, 0.1975546603908479, 0.32071397777414745, 0.5, 0.5, 0.0, 0.5, 0.0, 0.0, 0.0]
solution time: 0.024296045303344727
McCormick lower bound: -17.10292258149304

