x_opt: [0.0, 0.5, 0.5, 0.5, 0.08434448937975521, 0.5, 1.0, 0.5, 0.5, 0.0, 0.5, 0.5, 0.5, 1.0, 0.5, 0.5, 0.5, 0.5, 0.3591926098089831, 0.5, 0.5, 0.5, 1.0, 0.6737229552382799, 0.20484570768475052, 0.5, 0.5, 0.5, 0.13151640242723378, 0.7443381768143558, 0.13151640242723378, 0.5, 0.5, 0.5, 0.525425965626794, 0.5668970726031398, 0.13151640242723378, 0.32627704476172015, 0.5, 0.7951542923152495, 0.5, 0.5, 0.5, 0.37497789352226535, 0.4660389924678737, 0.5, 0.5, 0.5, 0.5, 0.5]
w_opt: [0.0, 0.0, 0.0, 0.0, 0.0, 0.0, 0.0, 0.0, 0.0, 0.0, 0.0, 0.0, 0.0, 0.0, 0.5, 0.5, 0.5, 0.5, 0.5, 0.0, 0.0, 0.5, 0.0, 0.5, 0.0, 0.0, 0.0, 0.0, 0.0, 0.5, 0.5, 0.0, 0.5, 0.0, 0.13151640242723378, 0.0, 0.5, 0.08434448937975521, 0.0, 0.08434448937975521, 0.08434448937975521, 0.0, 0.08434448937975521, 0.0, 0.0, 0.08434448937975521, 0.5, 0.0, 0.0, 0.5, 0.0, 0.4660389924678737, 0.5, 0.5, 0.5, 0.20484570768475052, 0.5, 0.5, 0.0, 0.0, 0.20484570768475052, 0.5, 0.5, 0.5, 0.5, 0.5, 0.5, 0.0, 0.5, 0.0, 0.5, 0.5, 0.37497789352226535, 0.0, 0.0, 0.0, 0.0, 0.0, 0.0, 0.0, 0.0, 0.0, 0.5, 0.5, 0.0, 0.4660389924678737, 0.5, 0.5, 0.0, 0.3591926098089831, 0.5, 0.5, 0.0, 0.2951542923152495, 0.5, 0.0, 0.5, 0.0, 0.5, 0.32627704476172015, 0.2951542923152495, 0.0, 0.5, 0.20484570768475052, 0.5, 0.5, 0.7443381768143558, 0.525425965626794, 0.5, 0.5, 0.5, 0.5, 0.5, 0.06689707260313982, 0.37497789352226535, 0.4660389924678737, 0.0, 0.5, 0.0, 0.17372295523827985, 0.5, 0.13151640242723378, 0.5, 0.0, 0.13151640242723378, 0.5, 0.0, 0.0, 0.0, 0.5, 0.5, 0.0, 0.0, 0.5, 0.06689707260313982, 0.0, 0.5, 0.0, 0.0, 0.5, 0.5, 0.0, 0.5, 0.0, 0.5, 0.0, 0.5, 0.0, 0.5, 0.20484570768475052, 0.3591926098089831, 0.3591926098089831, 0.0, 0.3591926098089831, 0.3591926098089831, 0.0, 0.0, 0.0, 0.5, 0.4660389924678737, 0.0, 0.13151640242723378, 0.5, 0.5, 0.5, 0.5, 0.5, 0.5, 0.24433817681435577, 0.0, 0.5, 0.0, 0.0, 0.0, 0.6737229552382799, 0.13151640242723378, 0.32627704476172015, 0.17372295523827985, 0.24062002784141967, 0.13151640242723378, 0.0, 0.13976194770615358, 0.17372295523827985, 0.0, 0.0, 0.0, 0.20484570768475052, 0.0, 0.5, 0.0, 0.0, 0.025425965626794, 0.5, 0.0, 0.0, 0.5, 0.0, 0.5, 0.0, 0.0, 0.5, 0.32627704476172015, 0.5, 0.5, 0.5, 0.0, 0.0, 0.0, 0.5, 0.0, 0.0, 0.5, 0.13151640242723378, 0.13151640242723378, 0.0, 0.0, 0.24433817681435577, 0.4660389924678737, 0.24433817681435577, 0.5, 0.13151640242723378, 0.13151640242723378, 0.13151640242723378, 0.0, 0.13151640242723378, 0.13151640242723378, 0.13151640242723378, 0.32627704476172015, 0.37497789352226535, 0.5, 0.06689707260313982, 0.0, 0.5, 0.32627704476172015, 0.0, 0.0, 0.5, 0.5, 0.13151640242723378, 0.0, 0.5, 0.2611932847831232, 0.2951542923152495, 0.5, 0.5, 0.0, 0.5, 0.0, 0.0, 0.0]
solution time: 0.022647857666015625
McCormick lower bound: -21.035522659265542

