x_opt: [0.0, 0.5, 0.5, 0.5, 0.11250786659532856, 0.5, 1.0, 0.5, 0.5, 0.0, 0.5, 0.5, 0.5, 0.989299966177036, 0.5, 0.5, 0.5, 0.5, 0.3818278671914534, 0.5, 0.5, 0.5, 1.0, 0.6799694766574481, 0.19783701042424223, 0.5, 0.5, 0.5, 0.2767763254277929, 0.7676110974509569, 0.004219795768640229, 0.5, 0.5, 0.5, 0.5, 0.5, 0.004219795768640229, 0.3200305233425519, 0.5, 0.8021629895757578, 0.5, 0.5, 0.5, 0.5, 0.4872516735479482, 0.5, 0.39012040285016375, 0.5, 0.5, 0.5]
w_opt: [0.0, 0.0, 0.0, 0.0, 0.0, 0.0, 0.0, 0.0, 0.0, 0.0, 0.0, 0.0, 0.0, 0.0, 0.5, 0.5, 0.5, 0.5, 0.5, 0.0, 0.0, 0.5, 0.0, 0.5, 0.0, 0.0, 0.0, 0.0, 0.0, 0.5, 0.5, 0.0, 0.5, 0.0, 0.2767763254277929, 0.0, 0.5, 0.11250786659532856, 0.0, 0.11250786659532856, 0.11250786659532856, 0.0, 0.11250786659532856, 0.0, 0.0, 0.11250786659532856, 0.5, 0.0, 0.0, 0.5, 0.0, 0.4872516735479482, 0.5, 0.5, 0.5, 0.19783701042424223, 0.5, 0.5, 0.0, 0.0, 0.19783701042424223, 0.5, 0.5, 0.5, 0.5, 0.48929996617703597, 0.5, 0.0, 0.5, 0.0, 0.5, 0.5, 0.5, 0.0, 0.0, 0.0, 0.0, 0.0, 0.0, 0.0, 0.0, 0.0, 0.5, 0.5, 0.0, 0.4872516735479482, 0.5, 0.5, 0.0, 0.3818278671914534, 0.5, 0.5, 0.0, 0.3021629895757578, 0.5, 0.0, 0.5, 0.0, 0.5, 0.3200305233425519, 0.3021629895757578, 0.0, 0.5, 0.19783701042424223, 0.5, 0.48929996617703597, 0.7676110974509569, 0.5, 0.48929996617703597, 0.5, 0.5, 0.5, 0.5, 0.0, 0.5, 0.4872516735479482, 0.0, 0.5, 0.0, 0.1799694766574481, 0.5, 0.004219795768640229, 0.5, 0.0, 0.004219795768640229, 0.5, 0.0, 0.0, 0.0, 0.5, 0.5, 0.0, 0.0, 0.5, 0.0, 0.0, 0.5, 0.0, 0.0, 0.5, 0.5, 0.0, 0.5, 0.0, 0.5, 0.0, 0.5, 0.0, 0.5, 0.19783701042424223, 0.3818278671914534, 0.3818278671914534, 0.0, 0.3818278671914534, 0.3818278671914534, 0.0, 0.0, 0.0, 0.5, 0.4872516735479482, 0.0, 0.2767763254277929, 0.5, 0.5, 0.5, 0.5, 0.5, 0.5, 0.2676110974509569, 0.0, 0.39012040285016375, 0.0, 0.0, 0.0, 0.6799694766574481, 0.004219795768640229, 0.3200305233425519, 0.1799694766574481, 0.1799694766574481, 0.004219795768640229, 0.0, 0.1672211502053963, 0.07008987950761181, 0.0, 0.0, 0.0, 0.19783701042424223, 0.0, 0.5, 0.0, 0.0, 0.0, 0.5, 0.0, 0.0, 0.39012040285016375, 0.0, 0.5, 0.0, 0.0, 0.5, 0.3200305233425519, 0.5, 0.5, 0.5, 0.0, 0.0, 0.0, 0.5, 0.0, 0.0, 0.5, 0.2767763254277929, 0.004219795768640229, 0.0, 0.0, 0.2676110974509569, 0.4872516735479482, 0.1577315003011206, 0.5, 0.004219795768640229, 0.004219795768640229, 0.004219795768640229, 0.0, 0.004219795768640229, 0.004219795768640229, 0.004219795768640229, 0.3200305233425519, 0.5, 0.5, 0.0, 0.0, 0.5, 0.3200305233425519, 0.0, 0.0, 0.5, 0.5, 0.004219795768640229, 0.0, 0.5, 0.289414663123706, 0.3021629895757578, 0.5, 0.5, 0.0, 0.5, 0.0, 0.0, 0.0]
solution time: 0.0231020450592041
McCormick lower bound: -19.382007003302867

