x_opt: [0.0, 0.5, 0.5270576107522972, 0.5, 0.07645220008697079, 0.5, 1.0, 0.5, 0.4729423892477028, 0.0, 0.5, 0.5, 0.5, 1.0, 0.5, 0.5, 0.5, 0.5, 0.4026591351410971, 0.5, 0.5, 0.5, 1.0, 0.697574996852787, 0.20684975499757607, 0.5, 0.5, 0.5, 0.15481399193324816, 0.8115534335329395, 0.15481399193324816, 0.5, 0.5, 0.5, 0.5, 0.5973408648589029, 0.15481399193324816, 0.302425003147213, 0.5, 0.7931502450024239, 0.5, 0.5, 0.6289544156260477, 0.3563356879218398, 0.4460355605398661, 0.5, 0.5, 0.5, 0.5, 0.5]
w_opt: [0.0, 0.0, 0.0, 0.0, 0.0, 0.0, 0.0, 0.0, 0.0, 0.0, 0.0, 0.0, 0.0, 0.0, 0.5, 0.5, 0.5, 0.5, 0.5, 0.0, 0.0, 0.5, 0.0, 0.5, 0.02705761075229718, 0.0, 0.0, 0.0, 0.0, 0.5, 0.5, 0.0, 0.5, 0.0, 0.15481399193324816, 0.0, 0.5, 0.07645220008697079, 0.0, 0.07645220008697079, 0.07645220008697079, 0.0, 0.07645220008697079, 0.0, 0.0, 0.07645220008697079, 0.4729423892477028, 0.0, 0.0, 0.5, 0.1289544156260477, 0.4460355605398661, 0.5, 0.5, 0.5, 0.20684975499757607, 0.5, 0.5, 0.0, 0.0, 0.20684975499757607, 0.5, 0.5, 0.5, 0.5, 0.4729423892477028, 0.4729423892477028, 0.0, 0.4729423892477028, 0.0, 0.4729423892477028, 0.4729423892477028, 0.3563356879218398, 0.0, 0.0, 0.0, 0.0, 0.0, 0.0, 0.0, 0.0, 0.0, 0.5, 0.5, 0.0, 0.4460355605398661, 0.5, 0.5, 0.0, 0.4026591351410971, 0.5, 0.5, 0.0, 0.2931502450024239, 0.5, 0.0, 0.5, 0.0, 0.5, 0.302425003147213, 0.2931502450024239, 0.1289544156260477, 0.5, 0.20684975499757607, 0.5, 0.5, 0.8115534335329395, 0.5, 0.5, 0.5, 0.5, 0.5, 0.5, 0.09734086485890292, 0.3563356879218398, 0.4460355605398661, 0.0, 0.5, 0.0, 0.197574996852787, 0.5, 0.15481399193324816, 0.5, 0.0, 0.15481399193324816, 0.5, 0.0, 0.0, 0.0, 0.5, 0.5, 0.0, 0.0, 0.5, 0.09734086485890292, 0.0, 0.5, 0.0, 0.0, 0.5, 0.5, 0.0, 0.5, 0.0, 0.5, 0.0, 0.5, 0.0, 0.5, 0.20684975499757607, 0.4026591351410971, 0.4026591351410971, 0.0, 0.4026591351410971, 0.4026591351410971, 0.0, 0.0, 0.0, 0.5, 0.4460355605398661, 0.0, 0.15481399193324816, 0.5, 0.5, 0.5, 0.5, 0.5, 0.5, 0.3115534335329395, 0.0, 0.5, 0.0, 0.0, 0.0, 0.697574996852787, 0.15481399193324816, 0.302425003147213, 0.197574996852787, 0.29491586171168993, 0.15481399193324816, 0.0, 0.14361055739265305, 0.197574996852787, 0.0, 0.0, 0.0, 0.20684975499757607, 0.0, 0.5, 0.0, 0.0, 0.0, 0.5, 0.0, 0.0, 0.5, 0.0, 0.5, 0.0, 0.0, 0.5, 0.302425003147213, 0.5, 0.5, 0.5, 0.0, 0.0, 0.0, 0.5, 0.0, 0.0, 0.5, 0.15481399193324816, 0.15481399193324816, 0.0, 0.0, 0.3115534335329395, 0.4460355605398661, 0.3115534335329395, 0.5, 0.15481399193324816, 0.15481399193324816, 0.15481399193324816, 0.0, 0.15481399193324816, 0.15481399193324816, 0.15481399193324816, 0.302425003147213, 0.3563356879218398, 0.5, 0.09734086485890292, 0.0, 0.5, 0.302425003147213, 0.0, 0.0, 0.5, 0.5, 0.15481399193324816, 0.0, 0.5, 0.23918580554228996, 0.2931502450024239, 0.5, 0.5, 0.0, 0.5, 0.0, 0.0, 0.0]
solution time: 0.024166107177734375
McCormick lower bound: -21.3266687559825

