x_opt: [0.0, 0.5, 0.5254460555348067, 0.5, 0.11785149020177257, 0.5, 1.0, 0.5, 0.4745539444651933, 0.0, 0.5, 0.5, 0.5, 1.0, 0.5, 0.5, 0.5, 0.5, 0.38053992537630965, 0.5, 0.5, 0.5, 1.0, 0.7323372267407023, 0.21616398382491042, 0.5, 0.5, 0.5, 0.1824971150961867, 0.8488878038814265, 0.1824971150961867, 0.5, 0.5, 0.5474190573040819, 0.5, 0.6194600746236903, 0.1824971150961867, 0.26766277325929766, 0.5, 0.7838360161750896, 0.5, 0.5, 0.6311464829145628, 0.4022424368315164, 0.38053992537630965, 0.5, 0.4525809426959181, 0.5, 0.5, 0.5]
w_opt: [0.0, 0.0, 0.0, 0.0, 0.0, 0.0, 0.0, 0.0, 0.0, 0.0, 0.0, 0.0, 0.0, 0.0, 0.5, 0.5, 0.5, 0.5, 0.5, 0.0, 0.0, 0.5, 0.0, 0.5, 0.025446055534806722, 0.0, 0.0, 0.0, 0.0, 0.5, 0.5, 0.0, 0.5, 0.0, 0.1824971150961867, 0.0, 0.5, 0.11785149020177257, 0.0, 0.11785149020177257, 0.11785149020177257, 0.0, 0.11785149020177257, 0.0, 0.0, 0.11785149020177257, 0.4745539444651933, 0.0, 0.0, 0.5, 0.13114648291456277, 0.38053992537630965, 0.5, 0.5, 0.5, 0.21616398382491042, 0.5474190573040819, 0.5, 0.0, 0.0, 0.21616398382491042, 0.5, 0.5, 0.5, 0.5, 0.4745539444651933, 0.4745539444651933, 0.0, 0.4745539444651933, 0.0, 0.4745539444651933, 0.4745539444651933, 0.4022424368315164, 0.0, 0.0, 0.0, 0.0, 0.0, 0.0, 0.0, 0.0, 0.0, 0.5, 0.5, 0.0, 0.38053992537630965, 0.5, 0.5, 0.0, 0.38053992537630965, 0.5, 0.5, 0.0, 0.2838360161750896, 0.5, 0.0, 0.5, 0.0, 0.5, 0.26766277325929766, 0.2838360161750896, 0.13114648291456277, 0.5, 0.21616398382491042, 0.5, 0.5, 0.8488878038814265, 0.5, 0.5, 0.5, 0.5, 0.5, 0.5, 0.11946007462369035, 0.4022424368315164, 0.38053992537630965, 0.0, 0.5, 0.0, 0.23233722674070234, 0.5, 0.1824971150961867, 0.5, 0.04741905730408191, 0.1824971150961867, 0.5, 0.0, 0.0, 0.0, 0.5, 0.5, 0.0, 0.0, 0.5, 0.11946007462369035, 0.0, 0.5, 0.0, 0.0, 0.5, 0.5, 0.0, 0.5, 0.0, 0.5, 0.0, 0.5, 0.0, 0.5, 0.21616398382491042, 0.38053992537630965, 0.38053992537630965, 0.0, 0.38053992537630965, 0.38053992537630965, 0.0, 0.0, 0.0, 0.5, 0.38053992537630965, 0.0, 0.1824971150961867, 0.5, 0.5, 0.5, 0.5, 0.5, 0.5, 0.3488878038814265, 0.0, 0.4525809426959181, 0.0, 0.0, 0.0, 0.7323372267407023, 0.1824971150961867, 0.26766277325929766, 0.23233722674070234, 0.3517973013643927, 0.1824971150961867, 0.0, 0.11287715211701199, 0.18491816943662043, 0.0, 0.0, 0.0, 0.21616398382491042, 0.0, 0.5, 0.0, 0.0, 0.0, 0.5, 0.0, 0.0, 0.4525809426959181, 0.0, 0.5, 0.0, 0.04741905730408191, 0.5, 0.26766277325929766, 0.5, 0.5, 0.5, 0.0, 0.0, 0.04741905730408191, 0.5, 0.0, 0.0, 0.5, 0.1824971150961867, 0.1824971150961867, 0.0, 0.0, 0.3488878038814265, 0.38053992537630965, 0.30146874657734457, 0.5, 0.1824971150961867, 0.1824971150961867, 0.1824971150961867, 0.0, 0.1824971150961867, 0.1824971150961867, 0.1824971150961867, 0.26766277325929766, 0.4022424368315164, 0.5, 0.11946007462369035, 0.0, 0.5, 0.26766277325929766, 0.0, 0.0, 0.5, 0.5, 0.1824971150961867, 0.0, 0.5, 0.16437594155139923, 0.2838360161750896, 0.5, 0.5, 0.0, 0.5, 0.0, 0.0, 0.0]
solution time: 0.020489931106567383
McCormick lower bound: -19.87890776900599

