x_opt: [0.0, 0.5, 0.5, 0.5, 0.08434448937975525, 0.5, 1.0, 0.5, 0.5, 0.0, 0.5, 0.5, 0.5, 1.0, 0.5, 0.5, 0.5, 0.5, 0.35919260980898277, 0.5, 0.5, 0.5, 1.0, 0.6737229552382809, 0.20484570768475013, 0.5, 0.5, 0.5, 0.13151640242723417, 0.744338176814356, 0.13151640242723417, 0.5, 0.5, 0.5, 0.5254259656267928, 0.5668970726031393, 0.13151640242723417, 0.32627704476171915, 0.5, 0.7951542923152499, 0.5, 0.5, 0.5, 0.37497789352226535, 0.46603899246787306, 0.5, 0.5, 0.5, 0.5, 0.5]
w_opt: [0.0, 0.0, 0.0, 0.0, 0.0, 0.0, 0.0, 0.0, 0.0, 0.0, 0.0, 0.0, 0.0, 0.0, 0.5, 0.5, 0.5, 0.5, 0.5, 0.0, 0.0, 0.5, 0.0, 0.5, 0.0, 0.0, 0.0, 0.0, 0.0, 0.5, 0.5, 0.0, 0.5, 0.0, 0.13151640242723417, 0.0, 0.5, 0.08434448937975525, 0.0, 0.08434448937975525, 0.08434448937975525, 0.0, 0.08434448937975525, 0.0, 0.0, 0.08434448937975525, 0.5, 0.0, 0.0, 0.5, 0.0, 0.46603899246787306, 0.5, 0.5, 0.5, 0.20484570768475013, 0.5, 0.5, 0.0, 0.0, 0.20484570768475013, 0.5, 0.5, 0.5, 0.5, 0.5, 0.5, 0.0, 0.5, 0.0, 0.5, 0.5, 0.37497789352226535, 0.0, 0.0, 0.0, 0.0, 0.0, 0.0, 0.0, 0.0, 0.0, 0.5, 0.5, 0.0, 0.46603899246787306, 0.5, 0.5, 0.0, 0.35919260980898277, 0.5, 0.5, 0.0, 0.2951542923152499, 0.5, 0.0, 0.5, 0.0, 0.5, 0.32627704476171915, 0.2951542923152499, 0.0, 0.5, 0.20484570768475013, 0.5, 0.5, 0.744338176814356, 0.5254259656267928, 0.5, 0.5, 0.5, 0.5, 0.5, 0.06689707260313926, 0.37497789352226535, 0.46603899246787306, 0.0, 0.5, 0.0, 0.17372295523828085, 0.5, 0.13151640242723417, 0.5, 0.0, 0.13151640242723417, 0.5, 0.0, 0.0, 0.0, 0.5, 0.5, 0.0, 0.0, 0.5, 0.06689707260313926, 0.0, 0.5, 0.0, 0.0, 0.5, 0.5, 0.0, 0.5, 0.0, 0.5, 0.0, 0.5, 0.0, 0.5, 0.20484570768475013, 0.35919260980898277, 0.35919260980898277, 0.0, 0.35919260980898277, 0.35919260980898277, 0.0, 0.0, 0.0, 0.5, 0.46603899246787306, 0.0, 0.13151640242723417, 0.5, 0.5, 0.5, 0.5, 0.5, 0.5, 0.244338176814356, 0.0, 0.5, 0.0, 0.0, 0.0, 0.6737229552382809, 0.13151640242723417, 0.32627704476171915, 0.17372295523828085, 0.24062002784142011, 0.13151640242723417, 0.0, 0.1397619477061539, 0.17372295523828085, 0.0, 0.0, 0.0, 0.20484570768475013, 0.0, 0.5, 0.0, 0.0, 0.02542596562679278, 0.5, 0.0, 0.0, 0.5, 0.0, 0.5, 0.0, 0.0, 0.5, 0.32627704476171915, 0.5, 0.5, 0.5, 0.0, 0.0, 0.0, 0.5, 0.0, 0.0, 0.5, 0.13151640242723417, 0.13151640242723417, 0.0, 0.0, 0.244338176814356, 0.46603899246787306, 0.244338176814356, 0.5, 0.13151640242723417, 0.13151640242723417, 0.13151640242723417, 0.0, 0.13151640242723417, 0.13151640242723417, 0.13151640242723417, 0.32627704476171915, 0.37497789352226535, 0.5, 0.06689707260313926, 0.0, 0.5, 0.32627704476171915, 0.0, 0.0, 0.5, 0.5, 0.13151640242723417, 0.0, 0.5, 0.261193284783123, 0.2951542923152499, 0.5, 0.5, 0.0, 0.5, 0.0, 0.0, 0.0]
solution time: 0.020566940307617188
McCormick lower bound: -21.69165561157229

