x_opt: [0.0, 0.5, 0.5, 0.5, 0.10084442752139577, 0.5, 1.0, 0.5804952559993188, 0.5, 0.0, 0.5, 0.5, 0.5, 1.0, 0.5, 0.5, 0.5, 0.5, 0.374667742373301, 0.5, 0.5, 0.5, 1.0, 0.6483139241677597, 0.2560131761154768, 0.5, 0.5, 0.5, 0.11077177290918024, 0.6214221033196043, 0.11077177290918024, 0.5, 0.5, 0.5, 0.5258082292996084, 0.625332257626699, 0.11077177290918024, 0.3516860758322403, 0.5, 0.7439868238845232, 0.5, 0.5, 0.5, 0.4324992735316018, 0.46389499702828546, 0.5, 0.5, 0.5, 0.5, 0.5]
w_opt: [0.0, 0.0, 0.0, 0.0, 0.0, 0.0, 0.0, 0.0, 0.0, 0.0, 0.0, 0.0, 0.0, 0.0, 0.5, 0.5, 0.5, 0.5, 0.5, 0.0, 0.0, 0.5, 0.0, 0.5, 0.0, 0.0, 0.0, 0.0, 0.0, 0.5, 0.5, 0.0, 0.5, 0.0, 0.11077177290918024, 0.0, 0.5, 0.10084442752139577, 0.0, 0.10084442752139577, 0.10084442752139577, 0.0, 0.10084442752139577, 0.0, 0.0, 0.10084442752139577, 0.5, 0.0, 0.0, 0.5, 0.0, 0.46389499702828546, 0.5, 0.5, 0.5, 0.2560131761154768, 0.5, 0.5, 0.08049525599931884, 0.08049525599931884, 0.2560131761154768, 0.5, 0.5, 0.5804952559993188, 0.5, 0.5, 0.5, 0.0, 0.5, 0.0, 0.5, 0.5, 0.4324992735316018, 0.0, 0.0, 0.0, 0.0, 0.0, 0.0, 0.0, 0.0, 0.0, 0.5, 0.5, 0.0, 0.46389499702828546, 0.5, 0.5, 0.0, 0.374667742373301, 0.5, 0.5, 0.0, 0.2439868238845232, 0.5, 0.0, 0.5, 0.0, 0.5, 0.3516860758322403, 0.2439868238845232, 0.0, 0.5, 0.2560131761154768, 0.5, 0.5, 0.6214221033196043, 0.5258082292996084, 0.5, 0.5, 0.5, 0.5, 0.5, 0.12533225762669897, 0.4324992735316018, 0.46389499702828546, 0.0, 0.5, 0.0, 0.14831392416775968, 0.5, 0.11077177290918024, 0.5, 0.0, 0.11077177290918024, 0.5, 0.0, 0.0, 0.0, 0.5, 0.5, 0.0, 0.0, 0.5, 0.12533225762669897, 0.0, 0.5, 0.0, 0.0, 0.5, 0.5, 0.0, 0.5, 0.0, 0.5, 0.0, 0.5, 0.0, 0.5, 0.2560131761154768, 0.374667742373301, 0.374667742373301, 0.0, 0.374667742373301, 0.374667742373301, 0.0, 0.0, 0.0, 0.5, 0.46389499702828546, 0.0, 0.11077177290918024, 0.5, 0.5, 0.5, 0.5, 0.5, 0.5, 0.12142210331960435, 0.0, 0.5, 0.0, 0.0, 0.0, 0.6483139241677597, 0.11077177290918024, 0.3516860758322403, 0.14831392416775968, 0.27364618179445865, 0.11077177290918024, 0.0, 0.1122089211960452, 0.14831392416775968, 0.0, 0.0, 0.0, 0.2560131761154768, 0.0, 0.5, 0.0, 0.0, 0.025808229299608354, 0.5, 0.0, 0.0, 0.5, 0.0, 0.5, 0.0, 0.0, 0.5, 0.3516860758322403, 0.5, 0.5, 0.5, 0.0, 0.0, 0.0, 0.5, 0.0, 0.0, 0.5, 0.11077177290918024, 0.11077177290918024, 0.0, 0.0, 0.12142210331960435, 0.46389499702828546, 0.12142210331960435, 0.5, 0.11077177290918024, 0.11077177290918024, 0.11077177290918024, 0.0, 0.11077177290918024, 0.11077177290918024, 0.11077177290918024, 0.3516860758322403, 0.4324992735316018, 0.5, 0.12533225762669897, 0.0, 0.5, 0.3516860758322403, 0.0, 0.0, 0.5, 0.5, 0.11077177290918024, 0.0, 0.5, 0.2078818209128087, 0.2439868238845232, 0.5, 0.5, 0.0, 0.5, 0.0, 0.0, 0.0]
solution time: 0.022302865982055664
McCormick lower bound: -22.809642612109382

