x_opt: [0.0, 0.5, 0.5, 0.5, 0.18202665633092968, 0.5, 1.0, 0.5, 0.5, 0.0, 0.5, 0.5, 0.5, 1.0, 0.5, 0.5, 0.5, 0.5, 0.30443339045265455, 0.5, 0.5, 0.5, 1.0, 0.754259190590708, 0.22812429363304296, 0.5, 0.5, 0.5, 0.19877561739598584, 0.8313390123705194, 0.19877561739598584, 0.5, 0.5, 0.6172560419400238, 0.529509629569861, 0.6226728818982211, 0.19877561739598584, 0.245740809409292, 0.5, 0.771875706366957, 0.5, 0.5, 0.5, 0.4907549593538142, 0.30443339045265455, 0.5, 0.3827439580599762, 0.5, 0.5, 0.5]
w_opt: [0.0, 0.0, 0.0, 0.0, 0.0, 0.0, 0.0, 0.0, 0.0, 0.0, 0.0, 0.0, 0.0, 0.0, 0.5, 0.5, 0.5, 0.5, 0.5, 0.0, 0.0, 0.5, 0.0, 0.5, 0.0, 0.0, 0.0, 0.0, 0.0, 0.5, 0.5, 0.0, 0.5, 0.0, 0.19877561739598584, 0.0, 0.5, 0.18202665633092968, 0.0, 0.18202665633092968, 0.18202665633092968, 0.0, 0.18202665633092968, 0.0, 0.0, 0.18202665633092968, 0.5, 0.0, 0.0, 0.5, 0.0, 0.30443339045265455, 0.5, 0.5, 0.5, 0.22812429363304296, 0.6172560419400238, 0.5, 0.0, 0.0, 0.22812429363304296, 0.5, 0.5, 0.5, 0.5, 0.5, 0.5, 0.0, 0.5, 0.0, 0.5, 0.5, 0.4907549593538142, 0.0, 0.0, 0.0, 0.0, 0.0, 0.0, 0.0, 0.0, 0.0, 0.5, 0.5, 0.0, 0.30443339045265455, 0.5, 0.5, 0.0, 0.30443339045265455, 0.5, 0.5, 0.0, 0.271875706366957, 0.5, 0.0, 0.5, 0.0, 0.5, 0.245740809409292, 0.271875706366957, 0.0, 0.5, 0.22812429363304296, 0.5, 0.5, 0.8313390123705194, 0.529509629569861, 0.5, 0.5, 0.5, 0.5, 0.5, 0.12267288189822112, 0.4907549593538142, 0.30443339045265455, 0.0, 0.5, 0.0, 0.254259190590708, 0.5, 0.19877561739598584, 0.5, 0.11725604194002381, 0.19877561739598584, 0.5, 0.0, 0.0, 0.0, 0.5, 0.5, 0.0, 0.0, 0.5, 0.12267288189822112, 0.0, 0.5, 0.0, 0.0, 0.5, 0.5, 0.0, 0.5, 0.0, 0.5, 0.0, 0.5, 0.0, 0.5, 0.22812429363304296, 0.30443339045265455, 0.30443339045265455, 0.0, 0.30443339045265455, 0.30443339045265455, 0.0, 0.0, 0.0, 0.5, 0.30443339045265455, 0.0, 0.19877561739598584, 0.5, 0.5, 0.5, 0.5, 0.5, 0.5, 0.33133901237051944, 0.0, 0.3827439580599762, 0.0, 0.0, 0.0, 0.754259190590708, 0.19877561739598584, 0.245740809409292, 0.254259190590708, 0.3769320724889291, 0.19877561739598584, 0.0, 0.05869258104336261, 0.1370031486506842, 0.0, 0.0, 0.0, 0.22812429363304296, 0.0, 0.5, 0.0, 0.0, 0.02950962956986103, 0.5, 0.0, 0.0, 0.3827439580599762, 0.0, 0.5, 0.0, 0.11725604194002381, 0.5, 0.245740809409292, 0.5, 0.5, 0.5, 0.0, 0.0, 0.11725604194002381, 0.5, 0.0, 0.0, 0.5, 0.19877561739598584, 0.19877561739598584, 0.0, 0.0, 0.33133901237051944, 0.30443339045265455, 0.21408297043049562, 0.5, 0.19877561739598584, 0.19877561739598584, 0.19877561739598584, 0.0, 0.19877561739598584, 0.19877561739598584, 0.19877561739598584, 0.245740809409292, 0.4907549593538142, 0.5, 0.12267288189822112, 0.0, 0.5, 0.245740809409292, 0.0, 0.0, 0.5, 0.5, 0.19877561739598584, 0.0, 0.5, 0.07630909681961162, 0.271875706366957, 0.5, 0.5, 0.0, 0.5, 0.0, 0.0, 0.0]
solution time: 0.02236008644104004
McCormick lower bound: -19.174612460182136

