x_opt: [0.0, 0.5, 0.5, 0.5, 0.16049173248159296, 0.5, 1.0, 0.5, 0.5, 0.0, 0.5, 0.5, 0.5, 1.0, 0.5, 0.5, 0.5, 0.5, 0.337586381305011, 0.5, 0.5, 0.5, 1.0, 0.7060389519712104, 0.22101552763712037, 0.5, 0.5, 0.5, 0.14252148784722, 0.7290900207664002, 0.14252148784722, 0.5, 0.5, 0.5, 0.52708169155232, 0.5511807917368805, 0.14252148784722, 0.29396104802878964, 0.5, 0.7789844723628796, 0.5, 0.5, 0.5, 0.5, 0.4086136071754087, 0.5, 0.3576468165714476, 0.5, 0.5, 0.5]
w_opt: [0.0, 0.0, 0.0, 0.0, 0.0, 0.0, 0.0, 0.0, 0.0, 0.0, 0.0, 0.0, 0.0, 0.0, 0.5, 0.5, 0.5, 0.5, 0.5, 0.0, 0.0, 0.5, 0.0, 0.5, 0.0, 0.0, 0.0, 0.0, 0.0, 0.5, 0.5, 0.0, 0.5, 0.0, 0.14252148784722, 0.0, 0.5, 0.16049173248159296, 0.0, 0.16049173248159296, 0.16049173248159296, 0.0, 0.16049173248159296, 0.0, 0.0, 0.16049173248159296, 0.5, 0.0, 0.0, 0.5, 0.0, 0.4086136071754087, 0.5, 0.5, 0.5, 0.22101552763712037, 0.5, 0.5, 0.0, 0.0, 0.22101552763712037, 0.5, 0.5, 0.5, 0.5, 0.5, 0.5, 0.0, 0.5, 0.0, 0.5, 0.5, 0.5, 0.0, 0.0, 0.0, 0.0, 0.0, 0.0, 0.0, 0.0, 0.0, 0.5, 0.5, 0.0, 0.4086136071754087, 0.5, 0.5, 0.0, 0.337586381305011, 0.5, 0.5, 0.0, 0.2789844723628796, 0.5, 0.0, 0.5, 0.0, 0.5, 0.29396104802878964, 0.2789844723628796, 0.0, 0.5, 0.22101552763712037, 0.5, 0.5, 0.7290900207664002, 0.52708169155232, 0.5, 0.5, 0.5, 0.5, 0.5, 0.051180791736880504, 0.5, 0.4086136071754087, 0.0, 0.5, 0.0, 0.20603895197121036, 0.5, 0.14252148784722, 0.5, 0.0, 0.14252148784722, 0.5, 0.0, 0.0, 0.0, 0.5, 0.5, 0.0, 0.0, 0.5, 0.051180791736880504, 0.0, 0.5, 0.0, 0.0, 0.5, 0.5, 0.0, 0.5, 0.0, 0.5, 0.0, 0.5, 0.0, 0.5, 0.22101552763712037, 0.337586381305011, 0.337586381305011, 0.0, 0.337586381305011, 0.337586381305011, 0.0, 0.0, 0.0, 0.5, 0.4086136071754087, 0.0, 0.14252148784722, 0.5, 0.5, 0.5, 0.5, 0.5, 0.5, 0.22909002076640017, 0.0, 0.3576468165714476, 0.0, 0.0, 0.0, 0.7060389519712104, 0.14252148784722, 0.29396104802878964, 0.20603895197121036, 0.25721974370809086, 0.14252148784722, 0.0, 0.11465255914661909, 0.06368576854265795, 0.0, 0.0, 0.0, 0.22101552763712037, 0.0, 0.5, 0.0, 0.0, 0.027081691552319986, 0.5, 0.0, 0.0, 0.3576468165714476, 0.0, 0.5, 0.0, 0.0, 0.5, 0.29396104802878964, 0.5, 0.5, 0.5, 0.0, 0.0, 0.0, 0.5, 0.0, 0.0, 0.5, 0.14252148784722, 0.14252148784722, 0.0, 0.0, 0.22909002076640017, 0.4086136071754087, 0.08673683733784776, 0.5, 0.14252148784722, 0.14252148784722, 0.14252148784722, 0.0, 0.14252148784722, 0.14252148784722, 0.14252148784722, 0.29396104802878964, 0.5, 0.5, 0.051180791736880504, 0.0, 0.5, 0.29396104802878964, 0.0, 0.0, 0.5, 0.5, 0.14252148784722, 0.0, 0.5, 0.18759807953828833, 0.2789844723628796, 0.5, 0.5, 0.0, 0.5, 0.0, 0.0, 0.0]
solution time: 0.028805971145629883
McCormick lower bound: -22.102695043840107

