x_opt: [0.0, 0.5, 0.5, 0.5, 0.14343202509479866, 0.5, 1.0, 0.5, 0.5, 0.0, 0.5, 0.5, 0.5, 0.9184901842052847, 0.5, 0.5, 0.5, 0.5, 0.37513620213998367, 0.5, 0.4811322393679089, 0.5, 1.0, 0.7333531342799361, 0.19217498358765717, 0.5, 0.5, 0.5, 0.3927052713855709, 0.9184901842052847, 0.0, 0.5, 0.5, 0.6198371486424131, 0.5, 0.5093503602638232, 0.0, 0.2666468657200639, 0.5, 0.8235039048771869, 0.5, 0.5, 0.5, 0.5, 0.3801628513575869, 0.5, 0.3801628513575869, 0.5, 0.5, 0.5]
w_opt: [0.0, 0.0, 0.0, 0.0, 0.0, 0.0, 0.0, 0.0, 0.0, 0.0, 0.0, 0.0, 0.0, 0.0, 0.5, 0.5, 0.5, 0.5, 0.5, 0.0, 0.0, 0.5, 0.0, 0.5, 0.0, 0.0, 0.0, 0.0, 0.0, 0.5, 0.5, 0.0, 0.5, 0.0, 0.3927052713855709, 0.0, 0.5, 0.14343202509479866, 0.0, 0.14343202509479866, 0.14343202509479866, 0.0, 0.14343202509479866, 0.0, 0.0, 0.14343202509479866, 0.5, 0.0, 0.0, 0.5, 0.0, 0.3801628513575869, 0.5, 0.5, 0.5, 0.19217498358765717, 0.6198371486424131, 0.5, 0.0, 0.0, 0.19217498358765717, 0.5, 0.5, 0.5, 0.5, 0.4184901842052847, 0.5, 0.0, 0.5, 0.0, 0.5, 0.5, 0.5, 0.0, 0.0, 0.0, 0.0, 0.0, 0.0, 0.0, 0.0, 0.0, 0.5, 0.5, 0.0, 0.3801628513575869, 0.5, 0.5, 0.0, 0.37513620213998367, 0.5, 0.5, 0.0, 0.32350390487718694, 0.5, 0.0, 0.5, 0.0, 0.5, 0.2666468657200639, 0.32350390487718694, 0.0, 0.5, 0.19217498358765717, 0.5, 0.4184901842052847, 0.9184901842052847, 0.5, 0.4184901842052847, 0.4811322393679089, 0.5, 0.5, 0.5, 0.009350360263823188, 0.5, 0.3801628513575869, 0.0, 0.5, 0.0, 0.2333531342799361, 0.5, 0.0, 0.5, 0.11983714864241313, 0.0, 0.5, 0.0, 0.0, 0.0, 0.5, 0.5, 0.0, 0.0, 0.5, 0.009350360263823188, 0.0, 0.5, 0.0, 0.0, 0.5, 0.5, 0.0, 0.5, 0.0, 0.5, 0.0, 0.5, 0.0, 0.5, 0.19217498358765717, 0.37513620213998367, 0.37513620213998367, 0.0, 0.37513620213998367, 0.37513620213998367, 0.0, 0.0, 0.0, 0.5, 0.3801628513575869, 0.0, 0.3927052713855709, 0.4811322393679089, 0.4811322393679089, 0.4811322393679089, 0.5, 0.5, 0.5, 0.4184901842052847, 0.0, 0.3801628513575869, 0.0, 0.0, 0.0, 0.7333531342799361, 0.0, 0.2666468657200639, 0.2333531342799361, 0.24270349454375928, 0.0, 0.0, 0.11351598563752296, 0.11351598563752296, 0.0, 0.01567888846484411, 0.0, 0.19217498358765717, 0.0, 0.5, 0.0, 0.0, 0.0, 0.5, 0.0, 0.0, 0.3801628513575869, 0.0, 0.5, 0.0, 0.11983714864241313, 0.5, 0.2666468657200639, 0.5, 0.5, 0.5, 0.0, 0.0, 0.11983714864241313, 0.5, 0.0, 0.0, 0.5, 0.3927052713855709, 0.0, 0.0, 0.0, 0.4184901842052847, 0.3801628513575869, 0.2986530355628716, 0.5, 0.0, 0.0, 0.0, 0.0, 0.0, 0.0, 0.0, 0.2666468657200639, 0.5, 0.5, 0.009350360263823188, 0.0, 0.5, 0.2666468657200639, 0.0, 0.0, 0.5, 0.5, 0.0, 0.0, 0.5, 0.20366675623477382, 0.32350390487718694, 0.5, 0.5, 0.0, 0.5, 0.0, 0.0, 0.0]
solution time: 0.019685983657836914
McCormick lower bound: -16.380812766414124

