x_opt: [0.0, 0.5, 0.5, 0.5, 0.16049173248159368, 0.5, 1.0, 0.5, 0.5, 0.0, 0.5, 0.5, 0.5, 1.0, 0.5, 0.5, 0.5, 0.5, 0.33758638130501156, 0.5, 0.5, 0.5, 1.0, 0.7060389519712109, 0.22101552763711999, 0.5, 0.5, 0.5, 0.1425214878472203, 0.7290900207664013, 0.1425214878472203, 0.5, 0.5, 0.5, 0.5270816915523195, 0.5511807917368804, 0.1425214878472203, 0.2939610480287891, 0.5, 0.77898447236288, 0.5, 0.5, 0.5, 0.5, 0.40861360717540846, 0.5, 0.3576468165714479, 0.5, 0.5, 0.5]
w_opt: [0.0, 0.0, 0.0, 0.0, 0.0, 0.0, 0.0, 0.0, 0.0, 0.0, 0.0, 0.0, 0.0, 0.0, 0.5, 0.5, 0.5, 0.5, 0.5, 0.0, 0.0, 0.5, 0.0, 0.5, 0.0, 0.0, 0.0, 0.0, 0.0, 0.5, 0.5, 0.0, 0.5, 0.0, 0.1425214878472203, 0.0, 0.5, 0.16049173248159368, 0.0, 0.16049173248159368, 0.16049173248159368, 0.0, 0.16049173248159368, 0.0, 0.0, 0.16049173248159368, 0.5, 0.0, 0.0, 0.5, 0.0, 0.40861360717540846, 0.5, 0.5, 0.5, 0.22101552763711999, 0.5, 0.5, 0.0, 0.0, 0.22101552763711999, 0.5, 0.5, 0.5, 0.5, 0.5, 0.5, 0.0, 0.5, 0.0, 0.5, 0.5, 0.5, 0.0, 0.0, 0.0, 0.0, 0.0, 0.0, 0.0, 0.0, 0.0, 0.5, 0.5, 0.0, 0.40861360717540846, 0.5, 0.5, 0.0, 0.33758638130501156, 0.5, 0.5, 0.0, 0.27898447236288004, 0.5, 0.0, 0.5, 0.0, 0.5, 0.2939610480287891, 0.27898447236288004, 0.0, 0.5, 0.22101552763711999, 0.5, 0.5, 0.7290900207664013, 0.5270816915523195, 0.5, 0.5, 0.5, 0.5, 0.5, 0.05118079173688039, 0.5, 0.40861360717540846, 0.0, 0.5, 0.0, 0.20603895197121092, 0.5, 0.1425214878472203, 0.5, 0.0, 0.1425214878472203, 0.5, 0.0, 0.0, 0.0, 0.5, 0.5, 0.0, 0.0, 0.5, 0.05118079173688039, 0.0, 0.5, 0.0, 0.0, 0.5, 0.5, 0.0, 0.5, 0.0, 0.5, 0.0, 0.5, 0.0, 0.5, 0.22101552763711999, 0.33758638130501156, 0.33758638130501156, 0.0, 0.33758638130501156, 0.33758638130501156, 0.0, 0.0, 0.0, 0.5, 0.40861360717540846, 0.0, 0.1425214878472203, 0.5, 0.5, 0.5, 0.5, 0.5, 0.5, 0.22909002076640128, 0.0, 0.3576468165714479, 0.0, 0.0, 0.0, 0.7060389519712109, 0.1425214878472203, 0.2939610480287891, 0.20603895197121092, 0.2572197437080913, 0.1425214878472203, 0.0, 0.11465255914661943, 0.06368576854265884, 0.0, 0.0, 0.0, 0.22101552763711999, 0.0, 0.5, 0.0, 0.0, 0.027081691552319542, 0.5, 0.0, 0.0, 0.3576468165714479, 0.0, 0.5, 0.0, 0.0, 0.5, 0.2939610480287891, 0.5, 0.5, 0.5, 0.0, 0.0, 0.0, 0.5, 0.0, 0.0, 0.5, 0.1425214878472203, 0.1425214878472203, 0.0, 0.0, 0.22909002076640128, 0.40861360717540846, 0.0867368373378492, 0.5, 0.1425214878472203, 0.1425214878472203, 0.1425214878472203, 0.0, 0.1425214878472203, 0.1425214878472203, 0.1425214878472203, 0.2939610480287891, 0.5, 0.5, 0.05118079173688039, 0.0, 0.5, 0.2939610480287891, 0.0, 0.0, 0.5, 0.5, 0.1425214878472203, 0.0, 0.5, 0.18759807953828855, 0.27898447236288004, 0.5, 0.5, 0.0, 0.5, 0.0, 0.0, 0.0]
solution time: 0.023181915283203125
McCormick lower bound: -18.676745853024237

