x_opt: [0.0, 0.5, 0.5, 0.5, 0.18202665633093035, 0.5, 1.0, 0.5, 0.5, 0.0, 0.5, 0.5, 0.5, 1.0, 0.5, 0.5, 0.5, 0.5, 0.3044333904526542, 0.5, 0.5, 0.5, 1.0, 0.754259190590708, 0.22812429363304332, 0.5, 0.5, 0.5, 0.19877561739598565, 0.831339012370519, 0.19877561739598565, 0.5, 0.5, 0.6172560419400243, 0.5295096295698618, 0.622672881898222, 0.19877561739598565, 0.245740809409292, 0.5, 0.7718757063669567, 0.5, 0.5, 0.5, 0.4907549593538146, 0.3044333904526542, 0.5, 0.38274395805997574, 0.5, 0.5, 0.5]
w_opt: [0.0, 0.0, 0.0, 0.0, 0.0, 0.0, 0.0, 0.0, 0.0, 0.0, 0.0, 0.0, 0.0, 0.0, 0.5, 0.5, 0.5, 0.5, 0.5, 0.0, 0.0, 0.5, 0.0, 0.5, 0.0, 0.0, 0.0, 0.0, 0.0, 0.5, 0.5, 0.0, 0.5, 0.0, 0.19877561739598565, 0.0, 0.5, 0.18202665633093035, 0.0, 0.18202665633093035, 0.18202665633093035, 0.0, 0.18202665633093035, 0.0, 0.0, 0.18202665633093035, 0.5, 0.0, 0.0, 0.5, 0.0, 0.3044333904526542, 0.5, 0.5, 0.5, 0.22812429363304332, 0.6172560419400243, 0.5, 0.0, 0.0, 0.22812429363304332, 0.5, 0.5, 0.5, 0.5, 0.5, 0.5, 0.0, 0.5, 0.0, 0.5, 0.5, 0.4907549593538146, 0.0, 0.0, 0.0, 0.0, 0.0, 0.0, 0.0, 0.0, 0.0, 0.5, 0.5, 0.0, 0.3044333904526542, 0.5, 0.5, 0.0, 0.3044333904526542, 0.5, 0.5, 0.0, 0.2718757063669567, 0.5, 0.0, 0.5, 0.0, 0.5, 0.245740809409292, 0.2718757063669567, 0.0, 0.5, 0.22812429363304332, 0.5, 0.5, 0.831339012370519, 0.5295096295698618, 0.5, 0.5, 0.5, 0.5, 0.5, 0.12267288189822201, 0.4907549593538146, 0.3044333904526542, 0.0, 0.5, 0.0, 0.254259190590708, 0.5, 0.19877561739598565, 0.5, 0.11725604194002426, 0.19877561739598565, 0.5, 0.0, 0.0, 0.0, 0.5, 0.5, 0.0, 0.0, 0.5, 0.12267288189822201, 0.0, 0.5, 0.0, 0.0, 0.5, 0.5, 0.0, 0.5, 0.0, 0.5, 0.0, 0.5, 0.0, 0.5, 0.22812429363304332, 0.3044333904526542, 0.3044333904526542, 0.0, 0.3044333904526542, 0.3044333904526542, 0.0, 0.0, 0.0, 0.5, 0.3044333904526542, 0.0, 0.19877561739598565, 0.5, 0.5, 0.5, 0.5, 0.5, 0.5, 0.331339012370519, 0.0, 0.38274395805997574, 0.0, 0.0, 0.0, 0.754259190590708, 0.19877561739598565, 0.245740809409292, 0.254259190590708, 0.37693207248893, 0.19877561739598565, 0.0, 0.05869258104336217, 0.13700314865068375, 0.0, 0.0, 0.0, 0.22812429363304332, 0.0, 0.5, 0.0, 0.0, 0.029509629569861806, 0.5, 0.0, 0.0, 0.38274395805997574, 0.0, 0.5, 0.0, 0.11725604194002426, 0.5, 0.245740809409292, 0.5, 0.5, 0.5, 0.0, 0.0, 0.11725604194002426, 0.5, 0.0, 0.0, 0.5, 0.19877561739598565, 0.19877561739598565, 0.0, 0.0, 0.331339012370519, 0.3044333904526542, 0.21408297043049473, 0.5, 0.19877561739598565, 0.19877561739598565, 0.19877561739598565, 0.0, 0.19877561739598565, 0.19877561739598565, 0.19877561739598565, 0.245740809409292, 0.4907549593538146, 0.5, 0.12267288189822201, 0.0, 0.5, 0.245740809409292, 0.0, 0.0, 0.5, 0.5, 0.19877561739598565, 0.0, 0.5, 0.07630909681961084, 0.2718757063669567, 0.5, 0.5, 0.0, 0.5, 0.0, 0.0, 0.0]
solution time: 0.020287036895751953
McCormick lower bound: -18.788948565834424

