x_opt: [0.0, 0.5376102721048406, 0.5719512385045057, 0.5, 0.1440418612537973, 0.5, 1.0, 0.6272339806816949, 0.4280487614954943, 0.0, 0.5, 0.5, 0.5, 1.0, 0.5520771803999722, 0.5, 0.4623897278951594, 0.5, 0.39368907809518, 0.5, 0.5, 0.5, 1.0, 0.6010490148145743, 0.29033153369783493, 0.5, 0.5, 0.5, 0.11048138657837017, 0.5, 0.11048138657837017, 0.5, 0.5, 0.5, 0.5520771803999722, 0.7208564734544267, 0.11048138657837017, 0.3989509851854257, 0.5, 0.7096684663021651, 0.5376102721048406, 0.5, 0.5376102721048406, 0.4280487614954943, 0.3989509851854257, 0.5, 0.5, 0.5, 0.5, 0.5]
w_opt: [0.0, 0.0, 0.0, 0.0, 0.0, 0.0, 0.0, 0.0, 0.0, 0.0, 0.0, 0.0, 0.0, 0.0, 0.5376102721048406, 0.5, 0.5376102721048406, 0.5376102721048406, 0.5376102721048406, 0.0, 0.0, 0.5, 0.0, 0.5, 0.07195123850450569, 0.0, 0.0, 0.0, 0.0, 0.4623897278951594, 0.5, 0.0, 0.5, 0.0, 0.11048138657837017, 0.0, 0.5, 0.1440418612537973, 0.0, 0.1440418612537973, 0.1440418612537973, 0.0, 0.1440418612537973, 0.0, 0.0, 0.1440418612537973, 0.4280487614954943, 0.0, 0.0, 0.5, 0.03761027210484058, 0.3989509851854257, 0.5, 0.5, 0.5, 0.29033153369783493, 0.5, 0.5, 0.1272339806816949, 0.1272339806816949, 0.29033153369783493, 0.5, 0.5, 0.6272339806816949, 0.5376102721048406, 0.4280487614954943, 0.4280487614954943, 0.0, 0.4280487614954943, 0.0, 0.4280487614954943, 0.4280487614954943, 0.4280487614954943, 0.0, 0.0, 0.0, 0.0, 0.0, 0.0, 0.0, 0.0, 0.0, 0.5, 0.5, 0.03761027210484058, 0.3989509851854257, 0.5, 0.5, 0.0, 0.39368907809518, 0.5, 0.5, 0.0, 0.20966846630216507, 0.5, 0.0, 0.5, 0.0, 0.5, 0.3989509851854257, 0.20966846630216507, 0.03761027210484058, 0.4623897278951594, 0.29033153369783493, 0.5, 0.5, 0.5, 0.5520771803999722, 0.5, 0.5, 0.5520771803999722, 0.5, 0.5520771803999722, 0.27293365385439894, 0.4280487614954943, 0.3989509851854257, 0.05207718039997222, 0.5, 0.0, 0.10104901481457429, 0.5, 0.11048138657837017, 0.5, 0.0, 0.11048138657837017, 0.5, 0.03761027210484058, 0.0, 0.0, 0.5, 0.4623897278951594, 0.0, 0.0, 0.4623897278951594, 0.18324620134958614, 0.0, 0.4623897278951594, 0.0, 0.0, 0.5, 0.5, 0.0, 0.5, 0.0, 0.5, 0.0, 0.5, 0.0, 0.5, 0.29033153369783493, 0.39368907809518, 0.39368907809518, 0.11454555154960672, 0.39368907809518, 0.39368907809518, 0.0, 0.0, 0.0, 0.5, 0.3989509851854257, 0.0, 0.11048138657837017, 0.5, 0.5, 0.5, 0.5, 0.5, 0.5, 0.0, 0.0, 0.5, 0.0, 0.0, 0.0, 0.6010490148145743, 0.11048138657837017, 0.3989509851854257, 0.10104901481457429, 0.321905488269001, 0.11048138657837017, 0.0, 0.0, 0.10104901481457429, 0.0, 0.0, 0.0, 0.29033153369783493, 0.0, 0.5, 0.0, 0.0, 0.05207718039997222, 0.5, 0.0, 0.0, 0.5, 0.0, 0.5, 0.0, 0.0, 0.5, 0.3989509851854257, 0.5, 0.5, 0.5, 0.0, 0.0, 0.0, 0.5, 0.0, 0.0, 0.5, 0.11048138657837017, 0.11048138657837017, 0.0, 0.0, 0.0, 0.3989509851854257, 0.0, 0.5, 0.11048138657837017, 0.11048138657837017, 0.11048138657837017, 0.0, 0.11048138657837017, 0.11048138657837017, 0.11048138657837017, 0.3989509851854257, 0.4280487614954943, 0.5, 0.22085647345442672, 0.0, 0.5, 0.3989509851854257, 0.0, 0.0, 0.5, 0.5376102721048406, 0.11048138657837017, 0.0, 0.5, 0.10861945148759078, 0.20966846630216507, 0.5376102721048406, 0.5, 0.0, 0.5, 0.0, 0.0, 0.0]
solution time: 0.022611141204833984
McCormick lower bound: -29.328266010526264

