x_opt: [0.0, 0.5, 0.5, 0.5, 0.1615482780410913, 0.5, 1.0, 0.5, 0.5, 0.0, 0.5, 0.5, 0.5, 1.0, 0.5, 0.5, 0.5, 0.5, 0.2835667734518449, 0.5, 0.48127222775270234, 0.5, 1.0, 0.7903065598000169, 0.2536298322016285, 0.5, 0.5, 0.5, 0.2869987862007468, 0.9431371697163182, 0.18982842601350705, 0.5, 0.5, 0.6559960703920357, 0.5, 0.6118356967471424, 0.18982842601350705, 0.20969344019998315, 0.5, 0.810171573986493, 0.5, 0.5, 0.5, 0.5, 0.2835667734518449, 0.5, 0.34400392960796433, 0.5, 0.5, 0.5]
w_opt: [0.0, 0.0, 0.0, 0.0, 0.0, 0.0, 0.0, 0.0, 0.0, 0.0, 0.0, 0.0, 0.0, 0.0, 0.5, 0.5, 0.5, 0.5, 0.5, 0.0, 0.0, 0.5, 0.0, 0.5, 0.0, 0.0, 0.0, 0.0, 0.0, 0.5, 0.5, 0.0, 0.5, 0.0, 0.2869987862007468, 0.0, 0.5, 0.1615482780410913, 0.0, 0.1615482780410913, 0.1615482780410913, 0.0, 0.1615482780410913, 0.0, 0.0, 0.1615482780410913, 0.5, 0.0, 0.0, 0.5, 0.0, 0.2835667734518449, 0.5, 0.5, 0.5, 0.2536298322016285, 0.6559960703920357, 0.5, 0.0, 0.0, 0.2536298322016285, 0.5, 0.5, 0.5, 0.5, 0.5, 0.5, 0.0, 0.5, 0.0, 0.5, 0.5, 0.5, 0.0, 0.0, 0.0, 0.0, 0.0, 0.0, 0.0, 0.0, 0.0, 0.5, 0.5, 0.0, 0.2835667734518449, 0.5, 0.5, 0.0, 0.2835667734518449, 0.5, 0.5, 0.0, 0.310171573986493, 0.5, 0.0, 0.5, 0.0, 0.5, 0.20969344019998315, 0.310171573986493, 0.0, 0.5, 0.2536298322016285, 0.5, 0.5, 0.9431371697163182, 0.5, 0.5, 0.48127222775270234, 0.5, 0.5, 0.5, 0.11183569674714244, 0.5, 0.2835667734518449, 0.0, 0.5, 0.0, 0.29030655980001685, 0.5, 0.18982842601350705, 0.5, 0.15599607039203567, 0.18982842601350705, 0.5, 0.0, 0.0, 0.0, 0.5, 0.5, 0.0, 0.0, 0.5, 0.11183569674714244, 0.0, 0.5, 0.0, 0.0, 0.5, 0.5, 0.0, 0.5, 0.0, 0.5, 0.0, 0.5, 0.0, 0.5, 0.2536298322016285, 0.2835667734518449, 0.2835667734518449, 0.0, 0.2835667734518449, 0.2835667734518449, 0.0, 0.0, 0.0, 0.5, 0.2835667734518449, 0.0, 0.2869987862007468, 0.48127222775270234, 0.48127222775270234, 0.48127222775270234, 0.5, 0.5, 0.5, 0.4431371697163182, 0.0, 0.34400392960796433, 0.0, 0.0, 0.0, 0.7903065598000169, 0.18982842601350705, 0.20969344019998315, 0.29030655980001685, 0.4021422565471593, 0.18982842601350705, 0.0, 0.07387333325186174, 0.13431048940798118, 0.0, 0.06380140618812147, 0.0, 0.2536298322016285, 0.0, 0.5, 0.0, 0.0, 0.0, 0.5, 0.0, 0.0, 0.34400392960796433, 0.0, 0.5, 0.0, 0.15599607039203567, 0.5, 0.20969344019998315, 0.5, 0.5, 0.5, 0.0, 0.0, 0.15599607039203567, 0.5, 0.0, 0.0, 0.5, 0.2869987862007468, 0.18982842601350705, 0.0, 0.0, 0.4431371697163182, 0.2835667734518449, 0.28714109932428256, 0.5, 0.18982842601350705, 0.18982842601350705, 0.18982842601350705, 0.0, 0.18982842601350705, 0.18982842601350705, 0.18982842601350705, 0.20969344019998315, 0.5, 0.5, 0.11183569674714244, 0.0, 0.5, 0.20969344019998315, 0.0, 0.0, 0.5, 0.5, 0.18982842601350705, 0.0, 0.5, 0.09373834743833787, 0.310171573986493, 0.5, 0.5, 0.0, 0.5, 0.0, 0.0, 0.0]
solution time: 0.021153926849365234
McCormick lower bound: -15.861296240512262

