x_opt: [0.0, 0.5, 0.5, 0.5, 0.10615203962017818, 0.5, 1.0, 0.5884488347734678, 0.5, 0.0, 0.5, 0.5, 0.5, 1.0, 0.5133072121162401, 0.5, 0.5, 0.5, 0.36693106017704563, 0.5, 0.5, 0.5, 1.0, 0.6581934322797355, 0.26217263626574866, 0.5, 0.5, 0.5, 0.11732823670186777, 0.6114642214578638, 0.11732823670186777, 0.5, 0.5, 0.5, 0.5133072121162401, 0.6330689398229543, 0.11732823670186777, 0.3418065677202645, 0.5, 0.7378273637342514, 0.5, 0.5, 0.5, 0.43193808624455493, 0.45408791835779216, 0.5, 0.5, 0.5, 0.5, 0.5]
w_opt: [0.0, 0.0, 0.0, 0.0, 0.0, 0.0, 0.0, 0.0, 0.0, 0.0, 0.0, 0.0, 0.0, 0.0, 0.5, 0.5, 0.5, 0.5, 0.5, 0.0, 0.0, 0.5, 0.0, 0.5, 0.0, 0.0, 0.0, 0.0, 0.0, 0.5, 0.5, 0.0, 0.5, 0.0, 0.11732823670186777, 0.0, 0.5, 0.10615203962017818, 0.0, 0.10615203962017818, 0.10615203962017818, 0.0, 0.10615203962017818, 0.0, 0.0, 0.10615203962017818, 0.5, 0.0, 0.0, 0.5, 0.0, 0.45408791835779216, 0.5, 0.5, 0.5, 0.26217263626574866, 0.5, 0.5, 0.08844883477346777, 0.08844883477346777, 0.26217263626574866, 0.5, 0.5, 0.5884488347734678, 0.5, 0.5, 0.5, 0.0, 0.5, 0.0, 0.5, 0.5, 0.43193808624455493, 0.0, 0.0, 0.0, 0.0, 0.0, 0.0, 0.0, 0.0, 0.0, 0.5, 0.5, 0.0, 0.45408791835779216, 0.5, 0.5, 0.0, 0.36693106017704563, 0.5, 0.5, 0.0, 0.2378273637342514, 0.5, 0.0, 0.5, 0.0, 0.5, 0.3418065677202645, 0.2378273637342514, 0.0, 0.5, 0.26217263626574866, 0.5, 0.5, 0.6114642214578638, 0.5133072121162401, 0.5, 0.5, 0.5133072121162401, 0.5, 0.5133072121162401, 0.1463761519391944, 0.43193808624455493, 0.45408791835779216, 0.013307212116240086, 0.5, 0.0, 0.15819343227973548, 0.5, 0.11732823670186777, 0.5, 0.0, 0.11732823670186777, 0.5, 0.0, 0.0, 0.0, 0.5, 0.5, 0.0, 0.0, 0.5, 0.1330689398229543, 0.0, 0.5, 0.0, 0.0, 0.5, 0.5, 0.0, 0.5, 0.0, 0.5, 0.0, 0.5, 0.0, 0.5, 0.26217263626574866, 0.36693106017704563, 0.36693106017704563, 0.0, 0.36693106017704563, 0.36693106017704563, 0.0, 0.0, 0.0, 0.5, 0.45408791835779216, 0.0, 0.11732823670186777, 0.5, 0.5, 0.5, 0.5, 0.5, 0.5, 0.11146422145786383, 0.0, 0.5, 0.0, 0.0, 0.0, 0.6581934322797355, 0.11732823670186777, 0.3418065677202645, 0.15819343227973548, 0.2912623721026898, 0.11732823670186777, 0.0, 0.11228135063752764, 0.15819343227973548, 0.0, 0.0, 0.0, 0.26217263626574866, 0.0, 0.5, 0.0, 0.0, 0.013307212116240086, 0.5, 0.0, 0.0, 0.5, 0.0, 0.5, 0.0, 0.0, 0.5, 0.3418065677202645, 0.5, 0.5, 0.5, 0.0, 0.0, 0.0, 0.5, 0.0, 0.0, 0.5, 0.11732823670186777, 0.11732823670186777, 0.0, 0.0, 0.11146422145786383, 0.45408791835779216, 0.11146422145786383, 0.5, 0.11732823670186777, 0.11732823670186777, 0.11732823670186777, 0.0, 0.11732823670186777, 0.11732823670186777, 0.11732823670186777, 0.3418065677202645, 0.43193808624455493, 0.5, 0.1330689398229543, 0.0, 0.5, 0.3418065677202645, 0.0, 0.0, 0.5, 0.5, 0.11732823670186777, 0.0, 0.5, 0.19191528209204356, 0.2378273637342514, 0.5, 0.5, 0.0, 0.5, 0.0, 0.0, 0.0]
solution time: 0.023422956466674805
McCormick lower bound: -23.286325870583862

