x_opt: [0.0, 0.5, 0.5, 0.5, 0.16049173248159315, 0.5, 1.0, 0.5, 0.5, 0.0, 0.5, 0.5, 0.5, 1.0, 0.5, 0.5, 0.5, 0.5, 0.3375863813050112, 0.5, 0.5, 0.5, 1.0, 0.7060389519712108, 0.22101552763712018, 0.5, 0.5, 0.5, 0.14252148784721994, 0.7290900207664005, 0.14252148784721994, 0.5, 0.5, 0.5, 0.5270816915523201, 0.5511807917368811, 0.14252148784721994, 0.2939610480287892, 0.5, 0.7789844723628798, 0.5, 0.5, 0.5, 0.5, 0.40861360717540846, 0.5, 0.35764681657144903, 0.5, 0.5, 0.5]
w_opt: [0.0, 0.0, 0.0, 0.0, 0.0, 0.0, 0.0, 0.0, 0.0, 0.0, 0.0, 0.0, 0.0, 0.0, 0.5, 0.5, 0.5, 0.5, 0.5, 0.0, 0.0, 0.5, 0.0, 0.5, 0.0, 0.0, 0.0, 0.0, 0.0, 0.5, 0.5, 0.0, 0.5, 0.0, 0.14252148784721994, 0.0, 0.5, 0.16049173248159315, 0.0, 0.16049173248159315, 0.16049173248159315, 0.0, 0.16049173248159315, 0.0, 0.0, 0.16049173248159315, 0.5, 0.0, 0.0, 0.5, 0.0, 0.40861360717540846, 0.5, 0.5, 0.5, 0.22101552763712018, 0.5, 0.5, 0.0, 0.0, 0.22101552763712018, 0.5, 0.5, 0.5, 0.5, 0.5, 0.5, 0.0, 0.5, 0.0, 0.5, 0.5, 0.5, 0.0, 0.0, 0.0, 0.0, 0.0, 0.0, 0.0, 0.0, 0.0, 0.5, 0.5, 0.0, 0.40861360717540846, 0.5, 0.5, 0.0, 0.3375863813050112, 0.5, 0.5, 0.0, 0.2789844723628798, 0.5, 0.0, 0.5, 0.0, 0.5, 0.2939610480287892, 0.2789844723628798, 0.0, 0.5, 0.22101552763712018, 0.5, 0.5, 0.7290900207664005, 0.5270816915523201, 0.5, 0.5, 0.5, 0.5, 0.5, 0.05118079173688106, 0.5, 0.40861360717540846, 0.0, 0.5, 0.0, 0.2060389519712108, 0.5, 0.14252148784721994, 0.5, 0.0, 0.14252148784721994, 0.5, 0.0, 0.0, 0.0, 0.5, 0.5, 0.0, 0.0, 0.5, 0.05118079173688106, 0.0, 0.5, 0.0, 0.0, 0.5, 0.5, 0.0, 0.5, 0.0, 0.5, 0.0, 0.5, 0.0, 0.5, 0.22101552763712018, 0.3375863813050112, 0.3375863813050112, 0.0, 0.3375863813050112, 0.3375863813050112, 0.0, 0.0, 0.0, 0.5, 0.40861360717540846, 0.0, 0.14252148784721994, 0.5, 0.5, 0.5, 0.5, 0.5, 0.5, 0.2290900207664005, 0.0, 0.35764681657144903, 0.0, 0.0, 0.0, 0.7060389519712108, 0.14252148784721994, 0.2939610480287892, 0.2060389519712108, 0.25721974370809186, 0.14252148784721994, 0.0, 0.11465255914661932, 0.06368576854265984, 0.0, 0.0, 0.0, 0.22101552763712018, 0.0, 0.5, 0.0, 0.0, 0.027081691552320097, 0.5, 0.0, 0.0, 0.35764681657144903, 0.0, 0.5, 0.0, 0.0, 0.5, 0.2939610480287892, 0.5, 0.5, 0.5, 0.0, 0.0, 0.0, 0.5, 0.0, 0.0, 0.5, 0.14252148784721994, 0.14252148784721994, 0.0, 0.0, 0.2290900207664005, 0.40861360717540846, 0.08673683733784954, 0.5, 0.14252148784721994, 0.14252148784721994, 0.14252148784721994, 0.0, 0.14252148784721994, 0.14252148784721994, 0.14252148784721994, 0.2939610480287892, 0.5, 0.5, 0.05118079173688106, 0.0, 0.5, 0.2939610480287892, 0.0, 0.0, 0.5, 0.5, 0.14252148784721994, 0.0, 0.5, 0.18759807953828833, 0.2789844723628798, 0.5, 0.5, 0.0, 0.5, 0.0, 0.0, 0.0]
solution time: 0.02186298370361328
McCormick lower bound: -20.8628969446078

