x_opt: [0.0, 0.5, 0.5, 0.5, 0.143432025094799, 0.5, 1.0, 0.5, 0.5, 0.0, 0.5, 0.5, 0.5, 0.9184901842052843, 0.5, 0.5, 0.5, 0.5, 0.37513620213998367, 0.5, 0.4811322393679087, 0.5, 1.0, 0.7333531342799363, 0.19217498358765658, 0.5, 0.5, 0.5, 0.39270527138557115, 0.9184901842052843, 0.0, 0.5, 0.5, 0.6198371486424135, 0.5, 0.5093503602638233, 0.0, 0.2666468657200637, 0.5, 0.8235039048771862, 0.5, 0.5, 0.5, 0.5, 0.38016285135758654, 0.5, 0.38016285135758654, 0.5, 0.5, 0.5]
w_opt: [0.0, 0.0, 0.0, 0.0, 0.0, 0.0, 0.0, 0.0, 0.0, 0.0, 0.0, 0.0, 0.0, 0.0, 0.5, 0.5, 0.5, 0.5, 0.5, 0.0, 0.0, 0.5, 0.0, 0.5, 0.0, 0.0, 0.0, 0.0, 0.0, 0.5, 0.5, 0.0, 0.5, 0.0, 0.39270527138557115, 0.0, 0.5, 0.143432025094799, 0.0, 0.143432025094799, 0.143432025094799, 0.0, 0.143432025094799, 0.0, 0.0, 0.143432025094799, 0.5, 0.0, 0.0, 0.5, 0.0, 0.38016285135758654, 0.5, 0.5, 0.5, 0.19217498358765658, 0.6198371486424135, 0.5, 0.0, 0.0, 0.19217498358765658, 0.5, 0.5, 0.5, 0.5, 0.4184901842052843, 0.5, 0.0, 0.5, 0.0, 0.5, 0.5, 0.5, 0.0, 0.0, 0.0, 0.0, 0.0, 0.0, 0.0, 0.0, 0.0, 0.5, 0.5, 0.0, 0.38016285135758654, 0.5, 0.5, 0.0, 0.37513620213998367, 0.5, 0.5, 0.0, 0.32350390487718617, 0.5, 0.0, 0.5, 0.0, 0.5, 0.2666468657200637, 0.32350390487718617, 0.0, 0.5, 0.19217498358765658, 0.5, 0.4184901842052843, 0.9184901842052843, 0.5, 0.4184901842052843, 0.4811322393679087, 0.5, 0.5, 0.5, 0.009350360263823299, 0.5, 0.38016285135758654, 0.0, 0.5, 0.0, 0.23335313427993631, 0.5, 0.0, 0.5, 0.11983714864241346, 0.0, 0.5, 0.0, 0.0, 0.0, 0.5, 0.5, 0.0, 0.0, 0.5, 0.009350360263823299, 0.0, 0.5, 0.0, 0.0, 0.5, 0.5, 0.0, 0.5, 0.0, 0.5, 0.0, 0.5, 0.0, 0.5, 0.19217498358765658, 0.37513620213998367, 0.37513620213998367, 0.0, 0.37513620213998367, 0.37513620213998367, 0.0, 0.0, 0.0, 0.5, 0.38016285135758654, 0.0, 0.39270527138557115, 0.4811322393679087, 0.4811322393679087, 0.4811322393679087, 0.5, 0.5, 0.5, 0.4184901842052843, 0.0, 0.38016285135758654, 0.0, 0.0, 0.0, 0.7333531342799363, 0.0, 0.2666468657200637, 0.23335313427993631, 0.2427034945437596, 0.0, 0.0, 0.11351598563752285, 0.11351598563752285, 0.0, 0.01567888846484275, 0.0, 0.19217498358765658, 0.0, 0.5, 0.0, 0.0, 0.0, 0.5, 0.0, 0.0, 0.38016285135758654, 0.0, 0.5, 0.0, 0.11983714864241346, 0.5, 0.2666468657200637, 0.5, 0.5, 0.5, 0.0, 0.0, 0.11983714864241346, 0.5, 0.0, 0.0, 0.5, 0.39270527138557115, 0.0, 0.0, 0.0, 0.4184901842052843, 0.38016285135758654, 0.2986530355628708, 0.5, 0.0, 0.0, 0.0, 0.0, 0.0, 0.0, 0.0, 0.2666468657200637, 0.5, 0.5, 0.009350360263823299, 0.0, 0.5, 0.2666468657200637, 0.0, 0.0, 0.5, 0.5, 0.0, 0.0, 0.5, 0.2036667562347727, 0.32350390487718617, 0.5, 0.5, 0.0, 0.5, 0.0, 0.0, 0.0]
solution time: 0.02188897132873535
McCormick lower bound: -17.863405081467775

