x_opt: [0.0, 0.5, 0.5, 0.5, 0.1820266563309301, 0.5, 1.0, 0.5, 0.5, 0.0, 0.5, 0.5, 0.5, 1.0, 0.5, 0.5, 0.5, 0.5, 0.30443339045265444, 0.5, 0.5, 0.5, 1.0, 0.754259190590708, 0.22812429363304298, 0.5, 0.5, 0.5, 0.19877561739598568, 0.8313390123705185, 0.19877561739598568, 0.5, 0.5, 0.6172560419400236, 0.5295096295698611, 0.6226728818982219, 0.19877561739598568, 0.245740809409292, 0.5, 0.771875706366957, 0.5, 0.5, 0.5, 0.4907549593538137, 0.30443339045265444, 0.5, 0.3827439580599764, 0.5, 0.5, 0.5]
w_opt: [0.0, 0.0, 0.0, 0.0, 0.0, 0.0, 0.0, 0.0, 0.0, 0.0, 0.0, 0.0, 0.0, 0.0, 0.5, 0.5, 0.5, 0.5, 0.5, 0.0, 0.0, 0.5, 0.0, 0.5, 0.0, 0.0, 0.0, 0.0, 0.0, 0.5, 0.5, 0.0, 0.5, 0.0, 0.19877561739598568, 0.0, 0.5, 0.1820266563309301, 0.0, 0.1820266563309301, 0.1820266563309301, 0.0, 0.1820266563309301, 0.0, 0.0, 0.1820266563309301, 0.5, 0.0, 0.0, 0.5, 0.0, 0.30443339045265444, 0.5, 0.5, 0.5, 0.22812429363304298, 0.6172560419400236, 0.5, 0.0, 0.0, 0.22812429363304298, 0.5, 0.5, 0.5, 0.5, 0.5, 0.5, 0.0, 0.5, 0.0, 0.5, 0.5, 0.4907549593538137, 0.0, 0.0, 0.0, 0.0, 0.0, 0.0, 0.0, 0.0, 0.0, 0.5, 0.5, 0.0, 0.30443339045265444, 0.5, 0.5, 0.0, 0.30443339045265444, 0.5, 0.5, 0.0, 0.271875706366957, 0.5, 0.0, 0.5, 0.0, 0.5, 0.245740809409292, 0.271875706366957, 0.0, 0.5, 0.22812429363304298, 0.5, 0.5, 0.8313390123705185, 0.5295096295698611, 0.5, 0.5, 0.5, 0.5, 0.5, 0.1226728818982219, 0.4907549593538137, 0.30443339045265444, 0.0, 0.5, 0.0, 0.254259190590708, 0.5, 0.19877561739598568, 0.5, 0.11725604194002359, 0.19877561739598568, 0.5, 0.0, 0.0, 0.0, 0.5, 0.5, 0.0, 0.0, 0.5, 0.1226728818982219, 0.0, 0.5, 0.0, 0.0, 0.5, 0.5, 0.0, 0.5, 0.0, 0.5, 0.0, 0.5, 0.0, 0.5, 0.22812429363304298, 0.30443339045265444, 0.30443339045265444, 0.0, 0.30443339045265444, 0.30443339045265444, 0.0, 0.0, 0.0, 0.5, 0.30443339045265444, 0.0, 0.19877561739598568, 0.5, 0.5, 0.5, 0.5, 0.5, 0.5, 0.33133901237051855, 0.0, 0.3827439580599764, 0.0, 0.0, 0.0, 0.754259190590708, 0.19877561739598568, 0.245740809409292, 0.254259190590708, 0.3769320724889299, 0.19877561739598568, 0.0, 0.05869258104336239, 0.13700314865068441, 0.0, 0.0, 0.0, 0.22812429363304298, 0.0, 0.5, 0.0, 0.0, 0.02950962956986114, 0.5, 0.0, 0.0, 0.3827439580599764, 0.0, 0.5, 0.0, 0.11725604194002359, 0.5, 0.245740809409292, 0.5, 0.5, 0.5, 0.0, 0.0, 0.11725604194002359, 0.5, 0.0, 0.0, 0.5, 0.19877561739598568, 0.19877561739598568, 0.0, 0.0, 0.33133901237051855, 0.30443339045265444, 0.21408297043049496, 0.5, 0.19877561739598568, 0.19877561739598568, 0.19877561739598568, 0.0, 0.19877561739598568, 0.19877561739598568, 0.19877561739598568, 0.245740809409292, 0.4907549593538137, 0.5, 0.1226728818982219, 0.0, 0.5, 0.245740809409292, 0.0, 0.0, 0.5, 0.5, 0.19877561739598568, 0.0, 0.5, 0.0763090968196114, 0.271875706366957, 0.5, 0.5, 0.0, 0.5, 0.0, 0.0, 0.0]
solution time: 0.02028799057006836
McCormick lower bound: -18.208014180955544

