x_opt: [0.0, 0.5, 0.5, 0.5, 0.16049173248159418, 0.5, 1.0, 0.5, 0.5, 0.0, 0.5, 0.5, 0.5, 1.0, 0.5, 0.5, 0.5, 0.5, 0.3375863813050113, 0.5, 0.5, 0.5, 1.0, 0.706038951971211, 0.22101552763711987, 0.5, 0.5, 0.5, 0.14252148784722016, 0.7290900207664012, 0.14252148784722016, 0.5, 0.5, 0.5, 0.5270816915523199, 0.5511807917368804, 0.14252148784722016, 0.293961048028789, 0.5, 0.7789844723628802, 0.5, 0.5, 0.5, 0.5, 0.4086136071754085, 0.5, 0.35764681657144803, 0.5, 0.5, 0.5]
w_opt: [0.0, 0.0, 0.0, 0.0, 0.0, 0.0, 0.0, 0.0, 0.0, 0.0, 0.0, 0.0, 0.0, 0.0, 0.5, 0.5, 0.5, 0.5, 0.5, 0.0, 0.0, 0.5, 0.0, 0.5, 0.0, 0.0, 0.0, 0.0, 0.0, 0.5, 0.5, 0.0, 0.5, 0.0, 0.14252148784722016, 0.0, 0.5, 0.16049173248159418, 0.0, 0.16049173248159418, 0.16049173248159418, 0.0, 0.16049173248159418, 0.0, 0.0, 0.16049173248159418, 0.5, 0.0, 0.0, 0.5, 0.0, 0.4086136071754085, 0.5, 0.5, 0.5, 0.22101552763711987, 0.5, 0.5, 0.0, 0.0, 0.22101552763711987, 0.5, 0.5, 0.5, 0.5, 0.5, 0.5, 0.0, 0.5, 0.0, 0.5, 0.5, 0.5, 0.0, 0.0, 0.0, 0.0, 0.0, 0.0, 0.0, 0.0, 0.0, 0.5, 0.5, 0.0, 0.4086136071754085, 0.5, 0.5, 0.0, 0.3375863813050113, 0.5, 0.5, 0.0, 0.27898447236288015, 0.5, 0.0, 0.5, 0.0, 0.5, 0.293961048028789, 0.27898447236288015, 0.0, 0.5, 0.22101552763711987, 0.5, 0.5, 0.7290900207664012, 0.5270816915523199, 0.5, 0.5, 0.5, 0.5, 0.5, 0.05118079173688039, 0.5, 0.4086136071754085, 0.0, 0.5, 0.0, 0.20603895197121103, 0.5, 0.14252148784722016, 0.5, 0.0, 0.14252148784722016, 0.5, 0.0, 0.0, 0.0, 0.5, 0.5, 0.0, 0.0, 0.5, 0.05118079173688039, 0.0, 0.5, 0.0, 0.0, 0.5, 0.5, 0.0, 0.5, 0.0, 0.5, 0.0, 0.5, 0.0, 0.5, 0.22101552763711987, 0.3375863813050113, 0.3375863813050113, 0.0, 0.3375863813050113, 0.3375863813050113, 0.0, 0.0, 0.0, 0.5, 0.4086136071754085, 0.0, 0.14252148784722016, 0.5, 0.5, 0.5, 0.5, 0.5, 0.5, 0.22909002076640117, 0.0, 0.35764681657144803, 0.0, 0.0, 0.0, 0.706038951971211, 0.14252148784722016, 0.293961048028789, 0.20603895197121103, 0.2572197437080914, 0.14252148784722016, 0.0, 0.11465255914661954, 0.06368576854265906, 0.0, 0.0, 0.0, 0.22101552763711987, 0.0, 0.5, 0.0, 0.0, 0.027081691552319875, 0.5, 0.0, 0.0, 0.35764681657144803, 0.0, 0.5, 0.0, 0.0, 0.5, 0.293961048028789, 0.5, 0.5, 0.5, 0.0, 0.0, 0.0, 0.5, 0.0, 0.0, 0.5, 0.14252148784722016, 0.14252148784722016, 0.0, 0.0, 0.22909002076640117, 0.4086136071754085, 0.0867368373378492, 0.5, 0.14252148784722016, 0.14252148784722016, 0.14252148784722016, 0.0, 0.14252148784722016, 0.14252148784722016, 0.14252148784722016, 0.293961048028789, 0.5, 0.5, 0.05118079173688039, 0.0, 0.5, 0.293961048028789, 0.0, 0.0, 0.5, 0.5, 0.14252148784722016, 0.0, 0.5, 0.18759807953828866, 0.27898447236288015, 0.5, 0.5, 0.0, 0.5, 0.0, 0.0, 0.0]
solution time: 0.020693063735961914
McCormick lower bound: -19.9682444340601

