x_opt: [0.0, 0.5, 0.5, 0.5, 0.17734450991970827, 0.5, 1.0, 0.5, 0.5, 0.0, 0.5, 0.5, 0.5, 1.0, 0.5, 0.5, 0.5, 0.5, 0.29474993047494297, 0.5, 0.4783516257346977, 0.5, 1.0, 0.7688692282058027, 0.22731429135041623, 0.5, 0.5, 0.5, 0.21134371770507715, 0.841926451202694, 0.21134371770507715, 0.5, 0.5, 0.6205413554645575, 0.5, 0.6296441490862067, 0.21134371770507715, 0.23113077179419728, 0.5, 0.7726857086495837, 0.5, 0.5, 0.5, 0.47576214180697857, 0.29474993047494297, 0.5, 0.37945864453544254, 0.5, 0.5, 0.5]
w_opt: [0.0, 0.0, 0.0, 0.0, 0.0, 0.0, 0.0, 0.0, 0.0, 0.0, 0.0, 0.0, 0.0, 0.0, 0.5, 0.5, 0.5, 0.5, 0.5, 0.0, 0.0, 0.5, 0.0, 0.5, 0.0, 0.0, 0.0, 0.0, 0.0, 0.5, 0.5, 0.0, 0.5, 0.0, 0.21134371770507715, 0.0, 0.5, 0.17734450991970827, 0.0, 0.17734450991970827, 0.17734450991970827, 0.0, 0.17734450991970827, 0.0, 0.0, 0.17734450991970827, 0.5, 0.0, 0.0, 0.5, 0.0, 0.29474993047494297, 0.5, 0.5, 0.5, 0.22731429135041623, 0.6205413554645575, 0.5, 0.0, 0.0, 0.22731429135041623, 0.5, 0.5, 0.5, 0.5, 0.5, 0.5, 0.0, 0.5, 0.0, 0.5, 0.5, 0.47576214180697857, 0.0, 0.0, 0.0, 0.0, 0.0, 0.0, 0.0, 0.0, 0.0, 0.5, 0.5, 0.0, 0.29474993047494297, 0.5, 0.5, 0.0, 0.29474993047494297, 0.5, 0.5, 0.0, 0.27268570864958375, 0.5, 0.0, 0.5, 0.0, 0.5, 0.23113077179419728, 0.27268570864958375, 0.0, 0.5, 0.22731429135041623, 0.5, 0.5, 0.841926451202694, 0.5, 0.5, 0.4783516257346977, 0.5, 0.5, 0.5, 0.1296441490862067, 0.47576214180697857, 0.29474993047494297, 0.0, 0.5, 0.0, 0.2688692282058027, 0.5, 0.21134371770507715, 0.5, 0.12054135546455746, 0.21134371770507715, 0.5, 0.0, 0.0, 0.0, 0.5, 0.5, 0.0, 0.0, 0.5, 0.1296441490862067, 0.0, 0.5, 0.0, 0.0, 0.5, 0.5, 0.0, 0.5, 0.0, 0.5, 0.0, 0.5, 0.0, 0.5, 0.22731429135041623, 0.29474993047494297, 0.29474993047494297, 0.0, 0.29474993047494297, 0.29474993047494297, 0.0, 0.0, 0.0, 0.5, 0.29474993047494297, 0.0, 0.21134371770507715, 0.4783516257346977, 0.4783516257346977, 0.4783516257346977, 0.5, 0.5, 0.5, 0.34192645120269405, 0.0, 0.37945864453544254, 0.0, 0.0, 0.0, 0.7688692282058027, 0.21134371770507715, 0.23113077179419728, 0.2688692282058027, 0.3985133772920094, 0.21134371770507715, 0.0, 0.06361915868074575, 0.14832787274124526, 0.0, 0.0, 0.0, 0.22731429135041623, 0.0, 0.5, 0.0, 0.0, 0.0, 0.5, 0.0, 0.0, 0.37945864453544254, 0.0, 0.5, 0.0, 0.12054135546455746, 0.5, 0.23113077179419728, 0.5, 0.5, 0.5, 0.0, 0.0, 0.12054135546455746, 0.5, 0.0, 0.0, 0.5, 0.21134371770507715, 0.21134371770507715, 0.0, 0.0, 0.34192645120269405, 0.29474993047494297, 0.22138509573813658, 0.5, 0.21134371770507715, 0.21134371770507715, 0.21134371770507715, 0.0, 0.21134371770507715, 0.21134371770507715, 0.21134371770507715, 0.23113077179419728, 0.47576214180697857, 0.5, 0.1296441490862067, 0.0, 0.5, 0.23113077179419728, 0.0, 0.0, 0.5, 0.5, 0.21134371770507715, 0.0, 0.5, 0.06743563912452677, 0.27268570864958375, 0.5, 0.5, 0.0, 0.5, 0.0, 0.0, 0.0]
solution time: 0.019938945770263672
McCormick lower bound: -17.25039025348998

