x_opt: [0.0, 0.5, 0.5841198710423641, 0.5, 0.057977109548514774, 0.5, 1.0, 0.5, 0.41588012895763593, 0.0, 0.5, 0.5, 0.5, 1.0, 0.5342505639009542, 0.5, 0.5, 0.5, 0.37560300616782927, 0.5, 0.5, 0.5, 1.0, 0.6262848989064093, 0.1788608733721822, 0.5, 0.5, 0.5, 0.14050682021911645, 0.6219585570709959, 0.14050682021911645, 0.5, 0.5, 0.5, 0.5342505639009542, 0.6331028765859232, 0.14050682021911645, 0.37371510109359074, 0.5, 0.7346026168248784, 0.5, 0.5, 0.5, 0.41588012895763593, 0.41588012895763593, 0.5, 0.5, 0.5, 0.5, 0.5]
w_opt: [0.0, 0.0, 0.0, 0.0, 0.0, 0.0, 0.0, 0.0, 0.0, 0.0, 0.0, 0.0, 0.0, 0.0, 0.5, 0.5, 0.5, 0.5, 0.5, 0.0, 0.0, 0.5, 0.0, 0.5, 0.08411987104236407, 0.0, 0.0, 0.0, 0.0, 0.5, 0.5, 0.0, 0.5, 0.0, 0.14050682021911645, 0.0, 0.5, 0.057977109548514774, 0.0, 0.057977109548514774, 0.057977109548514774, 0.0, 0.057977109548514774, 0.0, 0.0, 0.057977109548514774, 0.41588012895763593, 0.0, 0.0, 0.5, 0.0, 0.41588012895763593, 0.5, 0.5, 0.5, 0.1788608733721822, 0.5, 0.5, 0.0, 0.0, 0.1788608733721822, 0.5, 0.5, 0.5, 0.5, 0.41588012895763593, 0.41588012895763593, 0.0, 0.41588012895763593, 0.0, 0.41588012895763593, 0.41588012895763593, 0.41588012895763593, 0.0, 0.0, 0.0, 0.0, 0.0, 0.0, 0.0, 0.0, 0.0, 0.5, 0.5, 0.0, 0.41588012895763593, 0.5, 0.5, 0.0, 0.37560300616782927, 0.5, 0.5, 0.0, 0.23460261682487837, 0.5, 0.0, 0.5, 0.0, 0.5, 0.37371510109359074, 0.23460261682487837, 0.0, 0.5, 0.1788608733721822, 0.5, 0.5, 0.6219585570709959, 0.5342505639009542, 0.5, 0.5, 0.5342505639009542, 0.5, 0.5342505639009542, 0.1673534404868774, 0.41588012895763593, 0.41588012895763593, 0.034250563900954156, 0.5, 0.0, 0.12628489890640926, 0.5, 0.14050682021911645, 0.5, 0.0, 0.14050682021911645, 0.5, 0.0, 0.0, 0.0, 0.5, 0.5, 0.0, 0.0, 0.5, 0.13310287658592324, 0.0, 0.5, 0.0, 0.0, 0.5, 0.5, 0.0, 0.5, 0.0, 0.5, 0.0, 0.5, 0.0, 0.5, 0.1788608733721822, 0.37560300616782927, 0.37560300616782927, 0.008705882753752503, 0.37560300616782927, 0.37560300616782927, 0.0, 0.0, 0.0, 0.5, 0.41588012895763593, 0.0, 0.14050682021911645, 0.5, 0.5, 0.5, 0.5, 0.5, 0.5, 0.1219585570709959, 0.0, 0.5, 0.0, 0.0, 0.0, 0.6262848989064093, 0.14050682021911645, 0.37371510109359074, 0.12628489890640926, 0.2593877754923325, 0.14050682021911645, 0.0, 0.04216502786404519, 0.12628489890640926, 0.0, 0.0, 0.0, 0.1788608733721822, 0.0, 0.5, 0.0, 0.0, 0.034250563900954156, 0.5, 0.0, 0.0, 0.5, 0.0, 0.5, 0.0, 0.0, 0.5, 0.37371510109359074, 0.5, 0.5, 0.5, 0.0, 0.0, 0.0, 0.5, 0.0, 0.0, 0.5, 0.14050682021911645, 0.14050682021911645, 0.0, 0.0, 0.1219585570709959, 0.41588012895763593, 0.1219585570709959, 0.5, 0.14050682021911645, 0.14050682021911645, 0.14050682021911645, 0.0, 0.14050682021911645, 0.14050682021911645, 0.14050682021911645, 0.37371510109359074, 0.41588012895763593, 0.5, 0.13310287658592324, 0.0, 0.5, 0.37371510109359074, 0.0, 0.0, 0.5, 0.5, 0.14050682021911645, 0.0, 0.5, 0.1504827457825143, 0.23460261682487837, 0.5, 0.5, 0.0, 0.5, 0.0, 0.0, 0.0]
solution time: 0.02181696891784668
McCormick lower bound: -25.748830191909168

