x_opt: [0.0, 0.5, 0.5, 0.5, 0.143432025094799, 0.5, 1.0, 0.5, 0.5, 0.0, 0.5, 0.5, 0.5, 0.918490184205285, 0.5, 0.5, 0.5, 0.5, 0.37513620213998283, 0.5, 0.48113223936790905, 0.5, 1.0, 0.7333531342799371, 0.19217498358765708, 0.5, 0.5, 0.5, 0.39270527138557215, 0.918490184205285, 0.0, 0.5, 0.5, 0.6198371486424138, 0.5, 0.5093503602638239, 0.0, 0.2666468657200629, 0.5, 0.8235039048771866, 0.5, 0.5, 0.5, 0.5, 0.3801628513575862, 0.5, 0.3801628513575862, 0.5, 0.5, 0.5]
w_opt: [0.0, 0.0, 0.0, 0.0, 0.0, 0.0, 0.0, 0.0, 0.0, 0.0, 0.0, 0.0, 0.0, 0.0, 0.5, 0.5, 0.5, 0.5, 0.5, 0.0, 0.0, 0.5, 0.0, 0.5, 0.0, 0.0, 0.0, 0.0, 0.0, 0.5, 0.5, 0.0, 0.5, 0.0, 0.39270527138557215, 0.0, 0.5, 0.143432025094799, 0.0, 0.143432025094799, 0.143432025094799, 0.0, 0.143432025094799, 0.0, 0.0, 0.143432025094799, 0.5, 0.0, 0.0, 0.5, 0.0, 0.3801628513575862, 0.5, 0.5, 0.5, 0.19217498358765708, 0.6198371486424138, 0.5, 0.0, 0.0, 0.19217498358765708, 0.5, 0.5, 0.5, 0.5, 0.41849018420528505, 0.5, 0.0, 0.5, 0.0, 0.5, 0.5, 0.5, 0.0, 0.0, 0.0, 0.0, 0.0, 0.0, 0.0, 0.0, 0.0, 0.5, 0.5, 0.0, 0.3801628513575862, 0.5, 0.5, 0.0, 0.37513620213998283, 0.5, 0.5, 0.0, 0.3235039048771866, 0.5, 0.0, 0.5, 0.0, 0.5, 0.2666468657200629, 0.3235039048771866, 0.0, 0.5, 0.19217498358765708, 0.5, 0.41849018420528505, 0.918490184205285, 0.5, 0.41849018420528505, 0.48113223936790905, 0.5, 0.5, 0.5, 0.009350360263823854, 0.5, 0.3801628513575862, 0.0, 0.5, 0.0, 0.2333531342799371, 0.5, 0.0, 0.5, 0.1198371486424138, 0.0, 0.5, 0.0, 0.0, 0.0, 0.5, 0.5, 0.0, 0.0, 0.5, 0.009350360263823854, 0.0, 0.5, 0.0, 0.0, 0.5, 0.5, 0.0, 0.5, 0.0, 0.5, 0.0, 0.5, 0.0, 0.5, 0.19217498358765708, 0.37513620213998283, 0.37513620213998283, 0.0, 0.37513620213998283, 0.37513620213998283, 0.0, 0.0, 0.0, 0.5, 0.3801628513575862, 0.0, 0.39270527138557215, 0.48113223936790905, 0.48113223936790905, 0.48113223936790905, 0.5, 0.5, 0.5, 0.41849018420528505, 0.0, 0.3801628513575862, 0.0, 0.0, 0.0, 0.7333531342799371, 0.0, 0.2666468657200629, 0.2333531342799371, 0.24270349454376094, 0.0, 0.0, 0.1135159856375233, 0.1135159856375233, 0.0, 0.015678888464843693, 0.0, 0.19217498358765708, 0.0, 0.5, 0.0, 0.0, 0.0, 0.5, 0.0, 0.0, 0.3801628513575862, 0.0, 0.5, 0.0, 0.1198371486424138, 0.5, 0.2666468657200629, 0.5, 0.5, 0.5, 0.0, 0.0, 0.1198371486424138, 0.5, 0.0, 0.0, 0.5, 0.39270527138557215, 0.0, 0.0, 0.0, 0.41849018420528505, 0.3801628513575862, 0.29865303556287126, 0.5, 0.0, 0.0, 0.0, 0.0, 0.0, 0.0, 0.0, 0.2666468657200629, 0.5, 0.5, 0.009350360263823854, 0.0, 0.5, 0.2666468657200629, 0.0, 0.0, 0.5, 0.5, 0.0, 0.0, 0.5, 0.20366675623477282, 0.3235039048771866, 0.5, 0.5, 0.0, 0.5, 0.0, 0.0, 0.0]
solution time: 0.02355217933654785
McCormick lower bound: -17.723002379629172

