x_opt: [0.0, 0.5, 0.5, 0.5, 0.10615203962017783, 0.5, 1.0, 0.5884488347734682, 0.5, 0.0, 0.5, 0.5, 0.5, 1.0, 0.5133072121162395, 0.5, 0.5, 0.5, 0.36693106017704585, 0.5, 0.5, 0.5, 1.0, 0.6581934322797357, 0.26217263626574916, 0.5, 0.5, 0.5, 0.11732823670186796, 0.6114642214578633, 0.11732823670186796, 0.5, 0.5, 0.5, 0.5133072121162395, 0.6330689398229541, 0.11732823670186796, 0.3418065677202643, 0.5, 0.7378273637342508, 0.5, 0.5, 0.5, 0.43193808624455515, 0.4540879183577919, 0.5, 0.5, 0.5, 0.5, 0.5]
w_opt: [0.0, 0.0, 0.0, 0.0, 0.0, 0.0, 0.0, 0.0, 0.0, 0.0, 0.0, 0.0, 0.0, 0.0, 0.5, 0.5, 0.5, 0.5, 0.5, 0.0, 0.0, 0.5, 0.0, 0.5, 0.0, 0.0, 0.0, 0.0, 0.0, 0.5, 0.5, 0.0, 0.5, 0.0, 0.11732823670186796, 0.0, 0.5, 0.10615203962017783, 0.0, 0.10615203962017783, 0.10615203962017783, 0.0, 0.10615203962017783, 0.0, 0.0, 0.10615203962017783, 0.5, 0.0, 0.0, 0.5, 0.0, 0.4540879183577919, 0.5, 0.5, 0.5, 0.26217263626574916, 0.5, 0.5, 0.08844883477346821, 0.08844883477346821, 0.26217263626574916, 0.5, 0.5, 0.5884488347734682, 0.5, 0.5, 0.5, 0.0, 0.5, 0.0, 0.5, 0.5, 0.43193808624455515, 0.0, 0.0, 0.0, 0.0, 0.0, 0.0, 0.0, 0.0, 0.0, 0.5, 0.5, 0.0, 0.4540879183577919, 0.5, 0.5, 0.0, 0.36693106017704585, 0.5, 0.5, 0.0, 0.23782736373425084, 0.5, 0.0, 0.5, 0.0, 0.5, 0.3418065677202643, 0.23782736373425084, 0.0, 0.5, 0.26217263626574916, 0.5, 0.5, 0.6114642214578633, 0.5133072121162395, 0.5, 0.5, 0.5133072121162395, 0.5, 0.5133072121162395, 0.14637615193919362, 0.43193808624455515, 0.4540879183577919, 0.01330721211623953, 0.5, 0.0, 0.1581934322797357, 0.5, 0.11732823670186796, 0.5, 0.0, 0.11732823670186796, 0.5, 0.0, 0.0, 0.0, 0.5, 0.5, 0.0, 0.0, 0.5, 0.1330689398229541, 0.0, 0.5, 0.0, 0.0, 0.5, 0.5, 0.0, 0.5, 0.0, 0.5, 0.0, 0.5, 0.0, 0.5, 0.26217263626574916, 0.36693106017704585, 0.36693106017704585, 0.0, 0.36693106017704585, 0.36693106017704585, 0.0, 0.0, 0.0, 0.5, 0.4540879183577919, 0.0, 0.11732823670186796, 0.5, 0.5, 0.5, 0.5, 0.5, 0.5, 0.11146422145786328, 0.0, 0.5, 0.0, 0.0, 0.0, 0.6581934322797357, 0.11732823670186796, 0.3418065677202643, 0.1581934322797357, 0.2912623721026898, 0.11732823670186796, 0.0, 0.11228135063752764, 0.1581934322797357, 0.0, 0.0, 0.0, 0.26217263626574916, 0.0, 0.5, 0.0, 0.0, 0.01330721211623953, 0.5, 0.0, 0.0, 0.5, 0.0, 0.5, 0.0, 0.0, 0.5, 0.3418065677202643, 0.5, 0.5, 0.5, 0.0, 0.0, 0.0, 0.5, 0.0, 0.0, 0.5, 0.11732823670186796, 0.11732823670186796, 0.0, 0.0, 0.11146422145786328, 0.4540879183577919, 0.11146422145786328, 0.5, 0.11732823670186796, 0.11732823670186796, 0.11732823670186796, 0.0, 0.11732823670186796, 0.11732823670186796, 0.11732823670186796, 0.3418065677202643, 0.43193808624455515, 0.5, 0.1330689398229541, 0.0, 0.5, 0.3418065677202643, 0.0, 0.0, 0.5, 0.5, 0.11732823670186796, 0.0, 0.5, 0.19191528209204278, 0.23782736373425084, 0.5, 0.5, 0.0, 0.5, 0.0, 0.0, 0.0]
solution time: 0.019789934158325195
McCormick lower bound: -23.609872764254185

