x_opt: [0.0, 0.5, 0.5, 0.5, 0.13785654685431256, 0.5, 1.0, 0.5983038695197448, 0.5, 0.0, 0.5, 0.5, 0.5, 1.0, 0.5, 0.5, 0.5, 0.5, 0.36862528841176995, 0.5, 0.5, 0.5, 1.0, 0.6568507959987308, 0.2744177045368855, 0.5, 0.5, 0.5, 0.11100383038265675, 0.5875478536780463, 0.11100383038265675, 0.5, 0.5, 0.5, 0.5266182088434452, 0.63137471158823, 0.11100383038265675, 0.34314920400126925, 0.5, 0.7255822954631145, 0.5, 0.5, 0.5, 0.5, 0.4382613972653745, 0.5, 0.4376320830013644, 0.5, 0.5, 0.5]
w_opt: [0.0, 0.0, 0.0, 0.0, 0.0, 0.0, 0.0, 0.0, 0.0, 0.0, 0.0, 0.0, 0.0, 0.0, 0.5, 0.5, 0.5, 0.5, 0.5, 0.0, 0.0, 0.5, 0.0, 0.5, 0.0, 0.0, 0.0, 0.0, 0.0, 0.5, 0.5, 0.0, 0.5, 0.0, 0.11100383038265675, 0.0, 0.5, 0.13785654685431256, 0.0, 0.13785654685431256, 0.13785654685431256, 0.0, 0.13785654685431256, 0.0, 0.0, 0.13785654685431256, 0.5, 0.0, 0.0, 0.5, 0.0, 0.4382613972653745, 0.5, 0.5, 0.5, 0.2744177045368855, 0.5, 0.5, 0.09830386951974479, 0.09830386951974479, 0.2744177045368855, 0.5, 0.5, 0.5983038695197448, 0.5, 0.5, 0.5, 0.0, 0.5, 0.0, 0.5, 0.5, 0.5, 0.0, 0.0, 0.0, 0.0, 0.0, 0.0, 0.0, 0.0, 0.0, 0.5, 0.5, 0.0, 0.4382613972653745, 0.5, 0.5, 0.0, 0.36862528841176995, 0.5, 0.5, 0.0, 0.22558229546311448, 0.5, 0.0, 0.5, 0.0, 0.5, 0.34314920400126925, 0.22558229546311448, 0.0, 0.5, 0.2744177045368855, 0.5, 0.5, 0.5875478536780463, 0.5266182088434452, 0.5, 0.5, 0.5, 0.5, 0.5, 0.13137471158823, 0.5, 0.4382613972653745, 0.0, 0.5, 0.0, 0.15685079599873075, 0.5, 0.11100383038265675, 0.5, 0.0, 0.11100383038265675, 0.5, 0.0, 0.0, 0.0, 0.5, 0.5, 0.0, 0.0, 0.5, 0.13137471158823, 0.0, 0.5, 0.0, 0.0, 0.5, 0.5, 0.0, 0.5, 0.0, 0.5, 0.0, 0.5, 0.0, 0.5, 0.2744177045368855, 0.36862528841176995, 0.36862528841176995, 0.0, 0.36862528841176995, 0.36862528841176995, 0.0, 0.0, 0.0, 0.5, 0.4382613972653745, 0.0, 0.11100383038265675, 0.5, 0.5, 0.5, 0.5, 0.5, 0.5, 0.0875478536780463, 0.0, 0.4376320830013644, 0.0, 0.0, 0.0, 0.6568507959987308, 0.11100383038265675, 0.34314920400126925, 0.15685079599873075, 0.28822550758696075, 0.11100383038265675, 0.0, 0.09511219326410525, 0.09448287900009522, 0.0, 0.0, 0.0, 0.2744177045368855, 0.0, 0.5, 0.0, 0.0, 0.026618208843445235, 0.5, 0.0, 0.0, 0.4376320830013644, 0.0, 0.5, 0.0, 0.0, 0.5, 0.34314920400126925, 0.5, 0.5, 0.5, 0.0, 0.0, 0.0, 0.5, 0.0, 0.0, 0.5, 0.11100383038265675, 0.11100383038265675, 0.0, 0.0, 0.0875478536780463, 0.4382613972653745, 0.025179936679410764, 0.5, 0.11100383038265675, 0.11100383038265675, 0.11100383038265675, 0.0, 0.11100383038265675, 0.11100383038265675, 0.11100383038265675, 0.34314920400126925, 0.5, 0.5, 0.13137471158823, 0.0, 0.5, 0.34314920400126925, 0.0, 0.0, 0.5, 0.5, 0.11100383038265675, 0.0, 0.5, 0.16384369272848898, 0.22558229546311448, 0.5, 0.5, 0.0, 0.5, 0.0, 0.0, 0.0]
solution time: 0.022027969360351562
McCormick lower bound: -23.173699299162422

