x_opt: [0.0, 0.5911671822647884, 0.6263709955924998, 0.5, 0.40883281773521163, 0.5, 1.0, 0.7209771641040609, 0.37362900440750024, 0.0, 0.5408725339961432, 0.5, 0.5, 1.0, 0.657789028769884, 0.5408725339961432, 0.40883281773521163, 0.5663166027413691, 0.3632284713584645, 0.4336833972586309, 0.5, 0.5, 1.0, 0.657789028769884, 0.26451682782636793, 0.5, 0.5, 0.5663166027413691, 0.0, 0.5, 0.2645168278263679, 0.5408725339961432, 0.5, 0.5, 0.657789028769884, 0.7996026829179146, 0.2645168278263679, 0.342210971230116, 0.5408725339961432, 0.7354831721736321, 0.5911671822647884, 0.4336833972586309, 0.6051670426591831, 0.37362900440750024, 0.3632284713584645, 0.5, 0.5, 0.5, 0.4336833972586309, 0.5911671822647884]
w_opt: [0.0, 0.0, 0.0, 0.0, 0.0, 0.0, 0.0, 0.0, 0.0, 0.0, 0.0, 0.0, 0.0, 0.0, 0.5911671822647884, 0.5663166027413691, 0.5911671822647884, 0.5911671822647884, 0.5911671822647884, 0.0, 0.0, 0.5408725339961432, 0.0, 0.5, 0.19268759833386884, 0.0, 0.0, 0.0, 0.04087253399614321, 0.40883281773521163, 0.5, 0.0, 0.5, 0.06631660274136908, 0.0, 0.0, 0.5, 0.40883281773521163, 0.0, 0.40883281773521163, 0.40883281773521163, 0.0, 0.40883281773521163, 0.0, 0.0, 0.40883281773521163, 0.37362900440750024, 0.0, 0.0, 0.5, 0.10516704265918309, 0.3632284713584645, 0.5, 0.5, 0.5, 0.26451682782636793, 0.5, 0.5, 0.22097716410406087, 0.28729376684542995, 0.26451682782636793, 0.5, 0.5663166027413691, 0.7209771641040609, 0.5911671822647884, 0.37362900440750024, 0.37362900440750024, 0.0, 0.37362900440750024, 0.0, 0.37362900440750024, 0.37362900440750024, 0.37362900440750024, 0.0, 0.0, 0.0, 0.0, 0.0, 0.0, 0.0, 0.0, 0.0, 0.5408725339961432, 0.5408725339961432, 0.13203971626093158, 0.3632284713584645, 0.5, 0.5, 0.06631660274136908, 0.3632284713584645, 0.5, 0.5, 0.04087253399614321, 0.23548317217363213, 0.5, 0.0, 0.5, 0.0, 0.5, 0.342210971230116, 0.23548317217363213, 0.10516704265918309, 0.40883281773521163, 0.26451682782636793, 0.5, 0.5663166027413691, 0.5, 0.657789028769884, 0.5, 0.5, 0.657789028769884, 0.5, 0.657789028769884, 0.4573917116877986, 0.37362900440750024, 0.3632284713584645, 0.09147242602851491, 0.5911671822647884, 0.04087253399614321, 0.1986615627660272, 0.5408725339961432, 0.2645168278263679, 0.5408725339961432, 0.04087253399614321, 0.2645168278263679, 0.5408725339961432, 0.13203971626093158, 0.0, 0.04087253399614321, 0.5408725339961432, 0.40883281773521163, 0.0, 0.0, 0.40883281773521163, 0.20843550065312622, 0.0, 0.40883281773521163, 0.0, 0.0, 0.5663166027413691, 0.5663166027413691, 0.0, 0.5408725339961432, 0.0, 0.5, 0.06631660274136908, 0.5, 0.0, 0.5663166027413691, 0.26451682782636793, 0.3632284713584645, 0.3632284713584645, 0.16283115427637906, 0.3632284713584645, 0.3632284713584645, 0.0, 0.0, 0.0, 0.4336833972586309, 0.3632284713584645, 0.0, 0.0, 0.5, 0.5, 0.5, 0.5, 0.5, 0.5, 0.0, 0.0, 0.5, 0.0, 0.0, 0.09116718226478837, 0.657789028769884, 0.2645168278263679, 0.342210971230116, 0.157789028769884, 0.4573917116877986, 0.2645168278263679, 0.0, 0.021017500128348465, 0.157789028769884, 0.0, 0.0, 0.0, 0.26451682782636793, 0.0, 0.5, 0.04087253399614321, 0.0, 0.157789028769884, 0.5, 0.0, 0.0, 0.5, 0.0, 0.5, 0.0, 0.0, 0.5, 0.342210971230116, 0.4336833972586309, 0.5, 0.5, 0.0, 0.06631660274136908, 0.06631660274136908, 0.5663166027413691, 0.10718913673751229, 0.0, 0.4336833972586309, 0.0, 0.0, 0.0, 0.0, 0.04087253399614321, 0.3632284713584645, 0.0, 0.4336833972586309, 0.2645168278263679, 0.2645168278263679, 0.2645168278263679, 0.0, 0.2645168278263679, 0.2645168278263679, 0.2645168278263679, 0.342210971230116, 0.37362900440750024, 0.5, 0.2996026829179146, 0.0, 0.5, 0.342210971230116, 0.0, 0.0, 0.5, 0.5911671822647884, 0.2645168278263679, 0.0, 0.5, 0.0987116435320966, 0.16916656943226305, 0.5911671822647884, 0.5911671822647884, 0.0, 0.4336833972586309, 0.0, 0.09116718226478837, 0.0]
solution time: 0.021430015563964844
McCormick lower bound: -28.8051492383548

