x_opt: [0.0, 0.5, 0.5, 0.5, 0.19004464196571172, 0.5, 1.0, 0.5, 0.5, 0.0, 0.5, 0.5, 0.5, 1.0, 0.5033528951476234, 0.5, 0.5, 0.5, 0.38225941026155463, 0.5, 0.5, 0.5, 1.0, 0.6616852717832401, 0.1281102811077567, 0.5, 0.5, 0.5, 0.11204831337165394, 0.5491643214782902, 0.11204831337165394, 0.5, 0.5, 0.5, 0.5033528951476234, 0.6177405897384454, 0.11204831337165394, 0.3383147282167599, 0.5, 0.6773662853256962, 0.5, 0.5, 0.5, 0.4469542996520407, 0.42452189667742435, 0.5, 0.5, 0.5, 0.5, 0.5]
w_opt: [0.0, 0.0, 0.0, 0.0, 0.0, 0.0, 0.0, 0.0, 0.0, 0.0, 0.0, 0.0, 0.0, 0.0, 0.5, 0.5, 0.5, 0.5, 0.5, 0.0, 0.0, 0.5, 0.0, 0.5, 0.0, 0.0, 0.0, 0.0, 0.0, 0.5, 0.5, 0.0, 0.5, 0.0, 0.11204831337165394, 0.0, 0.5, 0.19004464196571172, 0.0, 0.19004464196571172, 0.19004464196571172, 0.0, 0.19004464196571172, 0.0, 0.0, 0.19004464196571172, 0.5, 0.0, 0.0, 0.5, 0.0, 0.42452189667742435, 0.5, 0.5, 0.5, 0.1281102811077567, 0.5, 0.5, 0.0, 0.0, 0.1281102811077567, 0.5, 0.5, 0.5, 0.5, 0.5, 0.5, 0.0, 0.5, 0.0, 0.5, 0.5, 0.4469542996520407, 0.0, 0.0, 0.0, 0.0, 0.0, 0.0, 0.0, 0.0, 0.0, 0.5, 0.5, 0.0, 0.42452189667742435, 0.5, 0.5, 0.0, 0.38225941026155463, 0.5, 0.5, 0.0, 0.1773662853256962, 0.5, 0.0, 0.5, 0.0, 0.5, 0.3383147282167599, 0.1773662853256962, 0.0, 0.5, 0.1281102811077567, 0.5, 0.5, 0.5491643214782902, 0.5033528951476234, 0.5, 0.5, 0.5033528951476234, 0.5, 0.5033528951476234, 0.12109348488606875, 0.4469542996520407, 0.42452189667742435, 0.0033528951476233804, 0.5, 0.0, 0.1616852717832401, 0.5, 0.11204831337165394, 0.5, 0.0, 0.11204831337165394, 0.5, 0.0, 0.0, 0.0, 0.5, 0.5, 0.0, 0.0, 0.5, 0.11774058973844537, 0.0, 0.5, 0.0, 0.0, 0.5, 0.5, 0.0, 0.5, 0.0, 0.5, 0.0, 0.5, 0.0, 0.5, 0.1281102811077567, 0.38225941026155463, 0.38225941026155463, 0.0, 0.38225941026155463, 0.38225941026155463, 0.0, 0.0, 0.0, 0.5, 0.42452189667742435, 0.0, 0.11204831337165394, 0.5, 0.5, 0.5, 0.5, 0.5, 0.5, 0.049164321478290196, 0.0, 0.5, 0.0, 0.0, 0.0, 0.6616852717832401, 0.11204831337165394, 0.3383147282167599, 0.1616852717832401, 0.27942586152168547, 0.11204831337165394, 0.0, 0.08620716846066445, 0.1616852717832401, 0.0, 0.0, 0.0, 0.1281102811077567, 0.0, 0.5, 0.0, 0.0, 0.0033528951476233804, 0.5, 0.0, 0.0, 0.5, 0.0, 0.5, 0.0, 0.0, 0.5, 0.3383147282167599, 0.5, 0.5, 0.5, 0.0, 0.0, 0.0, 0.5, 0.0, 0.0, 0.5, 0.11204831337165394, 0.11204831337165394, 0.0, 0.0, 0.049164321478290196, 0.42452189667742435, 0.049164321478290196, 0.5, 0.11204831337165394, 0.11204831337165394, 0.11204831337165394, 0.0, 0.11204831337165394, 0.11204831337165394, 0.11204831337165394, 0.3383147282167599, 0.4469542996520407, 0.5, 0.11774058973844537, 0.0, 0.5, 0.3383147282167599, 0.0, 0.0, 0.5, 0.5, 0.11204831337165394, 0.0, 0.5, 0.10188818200312055, 0.1773662853256962, 0.5, 0.5, 0.0, 0.5, 0.0, 0.0, 0.0]
solution time: 0.022570133209228516
McCormick lower bound: -20.473906207319235

