x_opt: [0.0, 0.5, 0.5, 0.5, 0.1604917324815933, 0.5, 1.0, 0.5, 0.5, 0.0, 0.5, 0.5, 0.5, 1.0, 0.5, 0.5, 0.5, 0.5, 0.3375863813050113, 0.5, 0.5, 0.5, 1.0, 0.7060389519712102, 0.2210155276371197, 0.5, 0.5, 0.5, 0.14252148784721966, 0.7290900207664008, 0.14252148784721966, 0.5, 0.5, 0.5, 0.5270816915523203, 0.5511807917368805, 0.14252148784721966, 0.29396104802878975, 0.5, 0.7789844723628803, 0.5, 0.5, 0.5, 0.5, 0.40861360717540923, 0.5, 0.3576468165714487, 0.5, 0.5, 0.5]
w_opt: [0.0, 0.0, 0.0, 0.0, 0.0, 0.0, 0.0, 0.0, 0.0, 0.0, 0.0, 0.0, 0.0, 0.0, 0.5, 0.5, 0.5, 0.5, 0.5, 0.0, 0.0, 0.5, 0.0, 0.5, 0.0, 0.0, 0.0, 0.0, 0.0, 0.5, 0.5, 0.0, 0.5, 0.0, 0.14252148784721966, 0.0, 0.5, 0.1604917324815933, 0.0, 0.1604917324815933, 0.1604917324815933, 0.0, 0.1604917324815933, 0.0, 0.0, 0.1604917324815933, 0.5, 0.0, 0.0, 0.5, 0.0, 0.40861360717540923, 0.5, 0.5, 0.5, 0.2210155276371197, 0.5, 0.5, 0.0, 0.0, 0.2210155276371197, 0.5, 0.5, 0.5, 0.5, 0.5, 0.5, 0.0, 0.5, 0.0, 0.5, 0.5, 0.5, 0.0, 0.0, 0.0, 0.0, 0.0, 0.0, 0.0, 0.0, 0.0, 0.5, 0.5, 0.0, 0.40861360717540923, 0.5, 0.5, 0.0, 0.3375863813050113, 0.5, 0.5, 0.0, 0.27898447236288026, 0.5, 0.0, 0.5, 0.0, 0.5, 0.29396104802878975, 0.27898447236288026, 0.0, 0.5, 0.2210155276371197, 0.5, 0.5, 0.7290900207664008, 0.5270816915523203, 0.5, 0.5, 0.5, 0.5, 0.5, 0.051180791736880504, 0.5, 0.40861360717540923, 0.0, 0.5, 0.0, 0.20603895197121025, 0.5, 0.14252148784721966, 0.5, 0.0, 0.14252148784721966, 0.5, 0.0, 0.0, 0.0, 0.5, 0.5, 0.0, 0.0, 0.5, 0.051180791736880504, 0.0, 0.5, 0.0, 0.0, 0.5, 0.5, 0.0, 0.5, 0.0, 0.5, 0.0, 0.5, 0.0, 0.5, 0.2210155276371197, 0.3375863813050113, 0.3375863813050113, 0.0, 0.3375863813050113, 0.3375863813050113, 0.0, 0.0, 0.0, 0.5, 0.40861360717540923, 0.0, 0.14252148784721966, 0.5, 0.5, 0.5, 0.5, 0.5, 0.5, 0.22909002076640084, 0.0, 0.3576468165714487, 0.0, 0.0, 0.0, 0.7060389519712102, 0.14252148784721966, 0.29396104802878975, 0.20603895197121025, 0.25721974370809075, 0.14252148784721966, 0.0, 0.11465255914661943, 0.06368576854265895, 0.0, 0.0, 0.0, 0.2210155276371197, 0.0, 0.5, 0.0, 0.0, 0.02708169155232032, 0.5, 0.0, 0.0, 0.3576468165714487, 0.0, 0.5, 0.0, 0.0, 0.5, 0.29396104802878975, 0.5, 0.5, 0.5, 0.0, 0.0, 0.0, 0.5, 0.0, 0.0, 0.5, 0.14252148784721966, 0.14252148784721966, 0.0, 0.0, 0.22909002076640084, 0.40861360717540923, 0.08673683733784954, 0.5, 0.14252148784721966, 0.14252148784721966, 0.14252148784721966, 0.0, 0.14252148784721966, 0.14252148784721966, 0.14252148784721966, 0.29396104802878975, 0.5, 0.5, 0.051180791736880504, 0.0, 0.5, 0.29396104802878975, 0.0, 0.0, 0.5, 0.5, 0.14252148784721966, 0.0, 0.5, 0.18759807953828944, 0.27898447236288026, 0.5, 0.5, 0.0, 0.5, 0.0, 0.0, 0.0]
solution time: 0.021544933319091797
McCormick lower bound: -19.314105106782726

