x_opt: [0.0, 0.5101143121509016, 0.5, 0.48988568784909836, 0.1476421313229308, 0.5, 1.0, 0.6586384366879522, 0.5, 0.0, 0.5, 0.5, 0.48988568784909836, 1.0, 0.5101143121509016, 0.5101143121509016, 0.48988568784909836, 0.5101143121509016, 0.4040176751793913, 0.48988568784909836, 0.5, 0.5, 1.0, 0.6134496617342847, 0.2961118931999329, 0.5, 0.5101143121509016, 0.5101143121509016, 0.07673097234008822, 0.5, 0.07673097234008822, 0.5, 0.5, 0.4859440559211974, 0.5527186251764992, 0.6586384366879522, 0.07673097234008822, 0.3865503382657153, 0.5, 0.7038881068000671, 0.5101143121509016, 0.5, 0.5101143121509016, 0.48988568784909836, 0.47698325475172887, 0.5101143121509016, 0.48988568784909836, 0.5, 0.48988568784909836, 0.5101143121509016]
w_opt: [0.0, 0.0, 0.0, 0.0, 0.0, 0.0, 0.0, 0.0, 0.0, 0.0, 0.0, 0.0, 0.0, 0.0, 0.5101143121509016, 0.5101143121509016, 0.5101143121509016, 0.5101143121509016, 0.5101143121509016, 0.0, 0.0, 0.5, 0.0, 0.5, 0.010114312150901639, 0.0, 0.0, 0.0, 0.0, 0.48988568784909836, 0.48988568784909836, 0.0, 0.48988568784909836, 0.0, 0.07673097234008822, 0.0, 0.48988568784909836, 0.1476421313229308, 0.0, 0.1476421313229308, 0.1476421313229308, 0.0, 0.1476421313229308, 0.0, 0.0, 0.1476421313229308, 0.5, 0.0, 0.0, 0.5, 0.010114312150901639, 0.47698325475172887, 0.5, 0.48988568784909836, 0.5, 0.2961118931999329, 0.4859440559211974, 0.5101143121509016, 0.1586384366879522, 0.16875274883885383, 0.2961118931999329, 0.5101143121509016, 0.5101143121509016, 0.6586384366879522, 0.5101143121509016, 0.5, 0.48988568784909836, 0.0, 0.5, 0.010114312150901639, 0.5, 0.5, 0.48988568784909836, 0.0, 0.0, 0.0, 0.0, 0.0, 0.0, 0.0, 0.0, 0.0, 0.5, 0.5, 0.010114312150901639, 0.47698325475172887, 0.5, 0.5, 0.010114312150901639, 0.4040176751793913, 0.5, 0.5, 0.0, 0.20388810680006708, 0.5, 0.0, 0.48988568784909836, 0.0, 0.48988568784909836, 0.3865503382657153, 0.19377379464916544, 0.0, 0.48988568784909836, 0.2961118931999329, 0.5101143121509016, 0.5101143121509016, 0.5, 0.5527186251764992, 0.5, 0.5, 0.5101143121509016, 0.5, 0.5101143121509016, 0.16875274883885383, 0.48988568784909836, 0.47698325475172887, 0.0, 0.5101143121509016, 0.010114312150901639, 0.12356397388518636, 0.5101143121509016, 0.07673097234008822, 0.5, 0.0, 0.07673097234008822, 0.5, 0.020228624301803277, 0.0, 0.0, 0.5101143121509016, 0.48988568784909836, 0.0, 0.0, 0.48988568784909836, 0.14852412453705055, 0.0, 0.48988568784909836, 0.0, 0.0, 0.5101143121509016, 0.5101143121509016, 0.0, 0.5, 0.0, 0.5101143121509016, 0.0, 0.5, 0.0, 0.5101143121509016, 0.2961118931999329, 0.4040176751793913, 0.4040176751793913, 0.06265611186734349, 0.4040176751793913, 0.4040176751793913, 0.0, 0.0, 0.0, 0.48988568784909836, 0.47698325475172887, 0.0, 0.07673097234008822, 0.5, 0.5, 0.5, 0.5, 0.5, 0.5, 0.0, 0.010114312150901639, 0.48988568784909836, 0.0, 0.0, 0.010114312150901639, 0.6134496617342847, 0.07673097234008822, 0.3865503382657153, 0.12356397388518636, 0.2720880984222369, 0.07673097234008822, 0.0, 0.09043291648601359, 0.10333534958338308, 0.0, 0.0, 0.0, 0.2961118931999329, 0.0, 0.5, 0.0, 0.0, 0.05271862517649917, 0.5, 0.0, 0.0, 0.48988568784909836, 0.0, 0.5, 0.0, 0.0, 0.5101143121509016, 0.3865503382657153, 0.5, 0.5101143121509016, 0.5, 0.0, 0.010114312150901639, 0.0, 0.5101143121509016, 0.010114312150901639, 0.0, 0.48988568784909836, 0.07673097234008822, 0.07673097234008822, 0.0, 0.0, 0.0, 0.47698325475172887, 0.0, 0.48988568784909836, 0.07673097234008822, 0.07673097234008822, 0.07673097234008822, 0.0, 0.07673097234008822, 0.07673097234008822, 0.07673097234008822, 0.3865503382657153, 0.48988568784909836, 0.5, 0.1586384366879522, 0.0, 0.5, 0.3865503382657153, 0.0, 0.0, 0.5101143121509016, 0.5101143121509016, 0.07673097234008822, 0.0, 0.5, 0.18087136155179595, 0.19377379464916544, 0.5101143121509016, 0.5101143121509016, 0.0, 0.48988568784909836, 0.0, 0.020228624301803277, 0.0]
solution time: 0.02355194091796875
McCormick lower bound: -31.045370990008212

