x_opt: [0.0, 0.5, 0.5, 0.5, 0.16049173248159335, 0.5, 1.0, 0.5, 0.5, 0.0, 0.5, 0.5, 0.5, 1.0, 0.5, 0.5, 0.5, 0.5, 0.3375863813050109, 0.5, 0.5, 0.5, 1.0, 0.7060389519712108, 0.2210155276371198, 0.5, 0.5, 0.5, 0.14252148784722019, 0.7290900207664015, 0.14252148784722019, 0.5, 0.5, 0.5, 0.5270816915523201, 0.5511807917368802, 0.14252148784722019, 0.2939610480287892, 0.5, 0.7789844723628803, 0.5, 0.5, 0.5, 0.5, 0.4086136071754092, 0.5, 0.35764681657144787, 0.5, 0.5, 0.5]
w_opt: [0.0, 0.0, 0.0, 0.0, 0.0, 0.0, 0.0, 0.0, 0.0, 0.0, 0.0, 0.0, 0.0, 0.0, 0.5, 0.5, 0.5, 0.5, 0.5, 0.0, 0.0, 0.5, 0.0, 0.5, 0.0, 0.0, 0.0, 0.0, 0.0, 0.5, 0.5, 0.0, 0.5, 0.0, 0.14252148784722019, 0.0, 0.5, 0.16049173248159335, 0.0, 0.16049173248159335, 0.16049173248159335, 0.0, 0.16049173248159335, 0.0, 0.0, 0.16049173248159335, 0.5, 0.0, 0.0, 0.5, 0.0, 0.4086136071754092, 0.5, 0.5, 0.5, 0.2210155276371198, 0.5, 0.5, 0.0, 0.0, 0.2210155276371198, 0.5, 0.5, 0.5, 0.5, 0.5, 0.5, 0.0, 0.5, 0.0, 0.5, 0.5, 0.5, 0.0, 0.0, 0.0, 0.0, 0.0, 0.0, 0.0, 0.0, 0.0, 0.5, 0.5, 0.0, 0.4086136071754092, 0.5, 0.5, 0.0, 0.3375863813050109, 0.5, 0.5, 0.0, 0.27898447236288026, 0.5, 0.0, 0.5, 0.0, 0.5, 0.2939610480287892, 0.27898447236288026, 0.0, 0.5, 0.2210155276371198, 0.5, 0.5, 0.7290900207664015, 0.5270816915523201, 0.5, 0.5, 0.5, 0.5, 0.5, 0.05118079173688017, 0.5, 0.4086136071754092, 0.0, 0.5, 0.0, 0.2060389519712108, 0.5, 0.14252148784722019, 0.5, 0.0, 0.14252148784722019, 0.5, 0.0, 0.0, 0.0, 0.5, 0.5, 0.0, 0.0, 0.5, 0.05118079173688017, 0.0, 0.5, 0.0, 0.0, 0.5, 0.5, 0.0, 0.5, 0.0, 0.5, 0.0, 0.5, 0.0, 0.5, 0.2210155276371198, 0.3375863813050109, 0.3375863813050109, 0.0, 0.3375863813050109, 0.3375863813050109, 0.0, 0.0, 0.0, 0.5, 0.4086136071754092, 0.0, 0.14252148784722019, 0.5, 0.5, 0.5, 0.5, 0.5, 0.5, 0.2290900207664015, 0.0, 0.35764681657144787, 0.0, 0.0, 0.0, 0.7060389519712108, 0.14252148784722019, 0.2939610480287892, 0.2060389519712108, 0.257219743708091, 0.14252148784722019, 0.0, 0.11465255914661998, 0.06368576854265873, 0.0, 0.0, 0.0, 0.2210155276371198, 0.0, 0.5, 0.0, 0.0, 0.027081691552320097, 0.5, 0.0, 0.0, 0.35764681657144787, 0.0, 0.5, 0.0, 0.0, 0.5, 0.2939610480287892, 0.5, 0.5, 0.5, 0.0, 0.0, 0.0, 0.5, 0.0, 0.0, 0.5, 0.14252148784722019, 0.14252148784722019, 0.0, 0.0, 0.2290900207664015, 0.4086136071754092, 0.08673683733784943, 0.5, 0.14252148784722019, 0.14252148784722019, 0.14252148784722019, 0.0, 0.14252148784722019, 0.14252148784722019, 0.14252148784722019, 0.2939610480287892, 0.5, 0.5, 0.05118079173688017, 0.0, 0.5, 0.2939610480287892, 0.0, 0.0, 0.5, 0.5, 0.14252148784722019, 0.0, 0.5, 0.18759807953828944, 0.27898447236288026, 0.5, 0.5, 0.0, 0.5, 0.0, 0.0, 0.0]
solution time: 0.02318596839904785
McCormick lower bound: -19.916852234171433

