x_opt: [0.0, 0.5, 0.5, 0.5, 0.11257062454440707, 0.5, 1.0, 0.5, 0.5, 0.0, 0.5, 0.5, 0.5, 0.9863846204868679, 0.5, 0.5, 0.5, 0.5, 0.38289584247728736, 0.5, 0.5, 0.5, 1.0, 0.6813253629396846, 0.19672620694048965, 0.5, 0.5, 0.5, 0.286085613899611, 0.775513390359234, 0.0, 0.5, 0.5, 0.506513721089045, 0.5, 0.5, 0.0, 0.3186746370603154, 0.5, 0.8032737930595104, 0.5, 0.5, 0.5, 0.5, 0.48442569485951936, 0.5, 0.39202528919800267, 0.5, 0.5, 0.5]
w_opt: [0.0, 0.0, 0.0, 0.0, 0.0, 0.0, 0.0, 0.0, 0.0, 0.0, 0.0, 0.0, 0.0, 0.0, 0.5, 0.5, 0.5, 0.5, 0.5, 0.0, 0.0, 0.5, 0.0, 0.5, 0.0, 0.0, 0.0, 0.0, 0.0, 0.5, 0.5, 0.0, 0.5, 0.0, 0.286085613899611, 0.0, 0.5, 0.11257062454440707, 0.0, 0.11257062454440707, 0.11257062454440707, 0.0, 0.11257062454440707, 0.0, 0.0, 0.11257062454440707, 0.5, 0.0, 0.0, 0.5, 0.0, 0.48442569485951936, 0.5, 0.5, 0.5, 0.19672620694048965, 0.506513721089045, 0.5, 0.0, 0.0, 0.19672620694048965, 0.5, 0.5, 0.5, 0.5, 0.4863846204868679, 0.5, 0.0, 0.5, 0.0, 0.5, 0.5, 0.5, 0.0, 0.0, 0.0, 0.0, 0.0, 0.0, 0.0, 0.0, 0.0, 0.5, 0.5, 0.0, 0.48442569485951936, 0.5, 0.5, 0.0, 0.38289584247728736, 0.5, 0.5, 0.0, 0.3032737930595104, 0.5, 0.0, 0.5, 0.0, 0.5, 0.3186746370603154, 0.3032737930595104, 0.0, 0.5, 0.19672620694048965, 0.5, 0.4863846204868679, 0.775513390359234, 0.5, 0.4863846204868679, 0.5, 0.5, 0.5, 0.5, 0.0, 0.5, 0.48442569485951936, 0.0, 0.5, 0.0, 0.1813253629396846, 0.5, 0.0, 0.5, 0.0065137210890450215, 0.0, 0.5, 0.0, 0.0, 0.0, 0.5, 0.5, 0.0, 0.0, 0.5, 0.0, 0.0, 0.5, 0.0, 0.0, 0.5, 0.5, 0.0, 0.5, 0.0, 0.5, 0.0, 0.5, 0.0, 0.5, 0.19672620694048965, 0.38289584247728736, 0.38289584247728736, 0.0, 0.38289584247728736, 0.38289584247728736, 0.0, 0.0, 0.0, 0.5, 0.48442569485951936, 0.0, 0.286085613899611, 0.5, 0.5, 0.5, 0.5, 0.5, 0.5, 0.27551339035923395, 0.0, 0.39202528919800267, 0.0, 0.0, 0.0, 0.6813253629396846, 0.0, 0.3186746370603154, 0.1813253629396846, 0.1813253629396846, 0.0, 0.0, 0.16575105779920396, 0.07335065213768732, 0.0, 0.0, 0.0, 0.19672620694048965, 0.0, 0.5, 0.0, 0.0, 0.0, 0.5, 0.0, 0.0, 0.39202528919800267, 0.0, 0.5, 0.0, 0.0065137210890450215, 0.5, 0.3186746370603154, 0.5, 0.5, 0.5, 0.0, 0.0, 0.0065137210890450215, 0.5, 0.0, 0.0, 0.5, 0.286085613899611, 0.0, 0.0, 0.0, 0.27551339035923395, 0.48442569485951936, 0.16753867955723667, 0.5, 0.0, 0.0, 0.0, 0.0, 0.0, 0.0, 0.0, 0.3186746370603154, 0.5, 0.5, 0.0, 0.0, 0.5, 0.3186746370603154, 0.0, 0.0, 0.5, 0.5, 0.0, 0.0, 0.5, 0.2876994879190298, 0.3032737930595104, 0.5, 0.5, 0.0, 0.5, 0.0, 0.0, 0.0]
solution time: 0.021821975708007812
McCormick lower bound: -18.979012619000585

