x_opt: [0.0, 0.5, 0.5, 0.5, 0.16103013595992652, 0.5, 1.0, 0.5, 0.5, 0.0, 0.5, 0.5, 0.5, 1.0, 0.5, 0.5, 0.5, 0.5, 0.2838611195225491, 0.5, 0.48208741634453084, 0.5, 1.0, 0.805019580641201, 0.25843194293064525, 0.5, 0.5, 0.5, 0.3302722220085641, 1.0, 0.1674686475680555, 0.5, 0.5, 0.66770724427793, 0.5, 0.5932779187353785, 0.18542838349717214, 0.19498041935879895, 0.5, 0.8325313524319445, 0.5, 0.5, 0.5, 0.5, 0.2838611195225491, 0.5, 0.33229275572206995, 0.5, 0.5, 0.5]
w_opt: [0.0, 0.0, 0.0, 0.0, 0.0, 0.0, 0.0, 0.0, 0.0, 0.0, 0.0, 0.0, 0.0, 0.0, 0.5, 0.5, 0.5, 0.5, 0.5, 0.0, 0.0, 0.5, 0.0, 0.5, 0.0, 0.0, 0.0, 0.0, 0.0, 0.5, 0.5, 0.0, 0.5, 0.0, 0.3302722220085641, 0.0, 0.5, 0.16103013595992652, 0.0, 0.16103013595992652, 0.16103013595992652, 0.0, 0.16103013595992652, 0.0, 0.0, 0.16103013595992652, 0.5, 0.0, 0.0, 0.5, 0.0, 0.2838611195225491, 0.5, 0.5, 0.5, 0.25843194293064525, 0.66770724427793, 0.5, 0.0, 0.0, 0.25843194293064525, 0.5, 0.5, 0.5, 0.5, 0.5, 0.5, 0.0, 0.5, 0.0, 0.5, 0.5, 0.5, 0.0, 0.0, 0.0, 0.0, 0.0, 0.0, 0.0, 0.0, 0.0, 0.5, 0.5, 0.0, 0.2838611195225491, 0.5, 0.5, 0.0, 0.2838611195225491, 0.5, 0.5, 0.0, 0.33253135243194454, 0.5, 0.0, 0.5, 0.0, 0.5, 0.19498041935879895, 0.33253135243194454, 0.0, 0.5, 0.25843194293064525, 0.5, 0.5, 1.0, 0.5, 0.5, 0.48208741634453084, 0.5, 0.5, 0.5, 0.0932779187353785, 0.5, 0.2838611195225491, 0.0, 0.5, 0.0, 0.30501958064120105, 0.5, 0.1674686475680555, 0.5, 0.16770724427793005, 0.18542838349717214, 0.5, 0.0, 0.0, 0.0, 0.5, 0.5, 0.0, 0.0, 0.5, 0.0932779187353785, 0.0, 0.5, 0.0, 0.0, 0.5, 0.5, 0.0, 0.5, 0.0, 0.5, 0.0, 0.5, 0.0, 0.5, 0.25843194293064525, 0.2838611195225491, 0.2838611195225491, 0.0, 0.2838611195225491, 0.2838611195225491, 0.0, 0.0, 0.0, 0.5, 0.2838611195225491, 0.0, 0.3302722220085641, 0.48208741634453084, 0.48208741634453084, 0.48208741634453084, 0.5, 0.5, 0.5, 0.5, 0.0, 0.33229275572206995, 0.0, 0.0, 0.0, 0.805019580641201, 0.18542838349717214, 0.19498041935879895, 0.30501958064120105, 0.39829749937657954, 0.18542838349717214, 0.0, 0.08888070016375016, 0.137312336363271, 0.0, 0.09096329536258974, 0.0, 0.25843194293064525, 0.0, 0.5, 0.0, 0.0, 0.0, 0.5, 0.0, 0.0, 0.33229275572206995, 0.0, 0.5, 0.0, 0.16770724427793005, 0.5, 0.19498041935879895, 0.5, 0.5, 0.5, 0.0, 0.0, 0.16770724427793005, 0.5, 0.0, 0.0, 0.5, 0.3302722220085641, 0.18542838349717214, 0.0, 0.0, 0.5, 0.2838611195225491, 0.33229275572206995, 0.5, 0.1674686475680555, 0.1674686475680555, 0.1674686475680555, 0.0, 0.1674686475680555, 0.1674686475680555, 0.1674686475680555, 0.19498041935879895, 0.5, 0.5, 0.0932779187353785, 0.0, 0.5, 0.19498041935879895, 0.0, 0.0, 0.5, 0.5, 0.18542838349717214, 0.0, 0.5, 0.11639247195449365, 0.33253135243194454, 0.5, 0.5, 0.0, 0.5, 0.0, 0.0, 0.0]
solution time: 0.020914077758789062
McCormick lower bound: -15.760063087376164

