x_opt: [0.0, 0.5427610457888195, 0.5751353446893028, 0.5, 0.1580444106055626, 0.5, 1.0, 0.6289793769622727, 0.4248646553106971, 0.0, 0.5, 0.5, 0.5, 1.0, 0.5572383132085571, 0.5, 0.45723895421118055, 0.5, 0.39719443425107037, 0.5, 0.5, 0.5, 1.0, 0.6028055657489296, 0.28578844277033355, 0.5, 0.5, 0.5, 0.11084806999493445, 0.5, 0.11084806999493445, 0.5, 0.5, 0.5, 0.5572383132085571, 0.7233974717274133, 0.11084806999493445, 0.39719443425107037, 0.5, 0.7142115572296664, 0.5427610457888195, 0.5, 0.5427610457888195, 0.4248646553106971, 0.39719443425107037, 0.5, 0.5, 0.5, 0.5, 0.5080435647968414]
w_opt: [0.0, 0.0, 0.0, 0.0, 0.0, 0.0, 0.0, 0.0, 0.0, 0.0, 0.0, 0.0, 0.0, 0.0, 0.5427610457888195, 0.5, 0.5427610457888195, 0.5427610457888195, 0.5427610457888195, 0.0, 0.0, 0.5, 0.0, 0.5, 0.07513534468930283, 0.0, 0.0, 0.0, 0.0, 0.45723895421118055, 0.5, 0.0, 0.5, 0.0, 0.11084806999493445, 0.0, 0.5, 0.1580444106055626, 0.0, 0.1580444106055626, 0.1580444106055626, 0.0, 0.1580444106055626, 0.0, 0.0, 0.1580444106055626, 0.4248646553106971, 0.0, 0.0, 0.5, 0.04276104578881945, 0.39719443425107037, 0.5, 0.5, 0.5, 0.28578844277033355, 0.5, 0.5, 0.12897937696227268, 0.12897937696227268, 0.28578844277033355, 0.5, 0.5, 0.6289793769622727, 0.5427610457888195, 0.4248646553106971, 0.4248646553106971, 0.0, 0.4248646553106971, 0.0, 0.4248646553106971, 0.4248646553106971, 0.4248646553106971, 0.0, 0.0, 0.0, 0.0, 0.0, 0.0, 0.0, 0.0, 0.0, 0.5, 0.5, 0.04276104578881945, 0.39719443425107037, 0.5, 0.5, 0.0, 0.39719443425107037, 0.5, 0.5, 0.0, 0.21421155722966645, 0.5, 0.0, 0.5, 0.0, 0.5, 0.39719443425107037, 0.21421155722966645, 0.04276104578881945, 0.45723895421118055, 0.28578844277033355, 0.5, 0.5, 0.5, 0.5572383132085571, 0.5, 0.5, 0.5572383132085571, 0.5, 0.5572383132085571, 0.2806357849359704, 0.4248646553106971, 0.39719443425107037, 0.0572383132085571, 0.5080435647968414, 0.0, 0.10280556574892963, 0.5, 0.11084806999493445, 0.5, 0.0, 0.11084806999493445, 0.5, 0.04276104578881945, 0.0, 0.0, 0.5, 0.45723895421118055, 0.0, 0.0, 0.45723895421118055, 0.18063642593859386, 0.0, 0.45723895421118055, 0.0, 0.0, 0.5, 0.5, 0.0, 0.5, 0.0, 0.5, 0.0, 0.5, 0.0, 0.5, 0.28578844277033355, 0.39719443425107037, 0.39719443425107037, 0.12059190597848368, 0.39719443425107037, 0.39719443425107037, 0.0, 0.0, 0.0, 0.5, 0.39719443425107037, 0.0, 0.11084806999493445, 0.5, 0.5, 0.5, 0.5, 0.5, 0.5, 0.0, 0.0, 0.5, 0.0, 0.0, 0.00804356479684143, 0.6028055657489296, 0.11084806999493445, 0.39719443425107037, 0.10280556574892963, 0.32620303747634294, 0.11084806999493445, 0.0, 0.0, 0.10280556574892963, 0.0, 0.0, 0.0, 0.28578844277033355, 0.0, 0.5, 0.0, 0.0, 0.0572383132085571, 0.5, 0.0, 0.0, 0.5, 0.0, 0.5, 0.0, 0.0, 0.5, 0.39719443425107037, 0.5, 0.5, 0.5, 0.0, 0.0, 0.0, 0.5, 0.0, 0.0, 0.5, 0.11084806999493445, 0.11084806999493445, 0.0, 0.0, 0.0, 0.39719443425107037, 0.0, 0.5, 0.11084806999493445, 0.11084806999493445, 0.11084806999493445, 0.0, 0.11084806999493445, 0.11084806999493445, 0.11084806999493445, 0.39719443425107037, 0.4248646553106971, 0.5, 0.2233974717274133, 0.0, 0.5, 0.39719443425107037, 0.0, 0.0, 0.5, 0.5427610457888195, 0.11084806999493445, 0.0, 0.5, 0.11140599148073682, 0.21421155722966645, 0.5427610457888195, 0.5080435647968414, 0.0, 0.5, 0.0, 0.00804356479684143, 0.0]
solution time: 0.022706985473632812
McCormick lower bound: -29.20067008194678

