x_opt: [0.0, 0.5703934185997539, 0.5703934185997539, 0.5, 0.26777098077147404, 0.5, 1.0, 0.6635916425065556, 0.4296065814002461, 0.0, 0.5, 0.5, 0.498924617963055, 1.0, 0.5912875506543536, 0.5, 0.4296065814002461, 0.501075382036945, 0.4296065814002461, 0.4789993474951769, 0.5, 0.5, 1.0, 0.6105548612497, 0.2562983772096878, 0.5, 0.501075382036945, 0.5210006525048231, 0.09312529034446222, 0.5, 0.09312529034446222, 0.5, 0.5, 0.498924617963055, 0.5912875506543536, 0.7225917001179857, 0.09312529034446222, 0.38944513875029996, 0.5, 0.7437016227903122, 0.5703934185997539, 0.5, 0.5703934185997539, 0.4296065814002461, 0.4296065814002461, 0.501075382036945, 0.5, 0.5, 0.498924617963055, 0.5703934185997539]
w_opt: [0.0, 0.0, 0.0, 0.0, 0.0, 0.0, 0.0, 0.0, 0.0, 0.0, 0.0, 0.0, 0.0, 0.0, 0.5703934185997539, 0.5210006525048231, 0.5703934185997539, 0.5703934185997539, 0.5703934185997539, 0.0, 0.0, 0.5, 0.0, 0.5, 0.09139407110457698, 0.0, 0.0, 0.0, 0.0, 0.4296065814002461, 0.5, 0.0, 0.5, 0.02100065250482308, 0.09312529034446222, 0.0010753820369450162, 0.5, 0.26777098077147404, 0.0, 0.26777098077147404, 0.26777098077147404, 0.0, 0.26777098077147404, 0.0, 0.0, 0.26777098077147404, 0.4296065814002461, 0.0, 0.0, 0.5, 0.0703934185997539, 0.4296065814002461, 0.5, 0.498924617963055, 0.5, 0.2562983772096878, 0.498924617963055, 0.501075382036945, 0.16359164250655556, 0.16466702454350057, 0.2562983772096878, 0.501075382036945, 0.5210006525048231, 0.6635916425065556, 0.5703934185997539, 0.4296065814002461, 0.4296065814002461, 0.0, 0.4296065814002461, 0.0, 0.4296065814002461, 0.4296065814002461, 0.4296065814002461, 0.0, 0.0, 0.0, 0.0, 0.0, 0.0, 0.0, 0.0, 0.0, 0.5, 0.5, 0.0703934185997539, 0.4296065814002461, 0.5, 0.5, 0.0010753820369450162, 0.4296065814002461, 0.5, 0.5, 0.0, 0.24370162279031216, 0.5, 0.0, 0.498924617963055, 0.0, 0.498924617963055, 0.38944513875029996, 0.24262624075336714, 0.06931803656280888, 0.4296065814002461, 0.2562983772096878, 0.501075382036945, 0.5210006525048231, 0.5, 0.5912875506543536, 0.5, 0.5, 0.5912875506543536, 0.5, 0.5912875506543536, 0.31387925077233925, 0.4296065814002461, 0.4296065814002461, 0.09021216861740855, 0.5703934185997539, 0.0, 0.11055486124970004, 0.5, 0.09312529034446222, 0.5, 0.0, 0.09312529034446222, 0.5, 0.0703934185997539, 0.0, 0.0, 0.5, 0.4296065814002461, 0.0, 0.0, 0.4296065814002461, 0.15219828151823178, 0.0, 0.4296065814002461, 0.0, 0.0, 0.501075382036945, 0.501075382036945, 0.0, 0.5, 0.0, 0.501075382036945, 0.0010753820369450162, 0.5, 0.0, 0.501075382036945, 0.2562983772096878, 0.4296065814002461, 0.4296065814002461, 0.15219828151823178, 0.4296065814002461, 0.4296065814002461, 0.0, 0.0, 0.0, 0.4789993474951769, 0.4296065814002461, 0.0, 0.09312529034446222, 0.5, 0.5, 0.5, 0.5, 0.5, 0.5, 0.0, 0.0010753820369450162, 0.5, 0.0, 0.0, 0.0703934185997539, 0.6105548612497, 0.09312529034446222, 0.38944513875029996, 0.11163024328664506, 0.3331465613676857, 0.09312529034446222, 0.0, 0.040161442649946144, 0.11055486124970004, 0.0, 0.0, 0.0, 0.2562983772096878, 0.0, 0.5, 0.0, 0.0, 0.09128755065435357, 0.5, 0.0, 0.0, 0.5, 0.0, 0.5, 0.0, 0.0, 0.501075382036945, 0.38944513875029996, 0.5, 0.501075382036945, 0.5, 0.0, 0.02100065250482308, 0.019925270467878065, 0.5210006525048231, 0.02100065250482308, 0.0, 0.498924617963055, 0.09312529034446222, 0.09312529034446222, 0.0, 0.0, 0.0, 0.4296065814002461, 0.0, 0.498924617963055, 0.09312529034446222, 0.09312529034446222, 0.09312529034446222, 0.0, 0.09312529034446222, 0.09312529034446222, 0.09312529034446222, 0.38944513875029996, 0.4296065814002461, 0.5, 0.22259170011798568, 0.0, 0.5, 0.38944513875029996, 0.0, 0.0, 0.501075382036945, 0.5703934185997539, 0.09312529034446222, 0.0, 0.5, 0.17330820419055826, 0.24262624075336714, 0.5703934185997539, 0.5703934185997539, 0.0, 0.498924617963055, 0.0, 0.07146880063669891, 0.0]
solution time: 0.021650075912475586
McCormick lower bound: -32.3451578722779

