x_opt: [0.0, 0.5, 0.5, 0.5, 0.1866808961682198, 0.5, 1.0, 0.5, 0.5, 0.0, 0.5, 0.5, 0.5, 1.0, 0.5, 0.5, 0.5, 0.5, 0.30408499398027095, 0.5, 0.5, 0.5, 1.0, 0.7548293898175586, 0.22902145252989242, 0.5, 0.5, 0.5, 0.19753776121973546, 0.8265760313254985, 0.19753776121973546, 0.5, 0.5, 0.6130405638782637, 0.5295403773021973, 0.6189822717758136, 0.19753776121973546, 0.24517061018244135, 0.5, 0.7709785474701076, 0.5, 0.5, 0.5, 0.5, 0.30408499398027095, 0.5, 0.37169350662057077, 0.5, 0.5, 0.5]
w_opt: [0.0, 0.0, 0.0, 0.0, 0.0, 0.0, 0.0, 0.0, 0.0, 0.0, 0.0, 0.0, 0.0, 0.0, 0.5, 0.5, 0.5, 0.5, 0.5, 0.0, 0.0, 0.5, 0.0, 0.5, 0.0, 0.0, 0.0, 0.0, 0.0, 0.5, 0.5, 0.0, 0.5, 0.0, 0.19753776121973546, 0.0, 0.5, 0.1866808961682198, 0.0, 0.1866808961682198, 0.1866808961682198, 0.0, 0.1866808961682198, 0.0, 0.0, 0.1866808961682198, 0.5, 0.0, 0.0, 0.5, 0.0, 0.30408499398027095, 0.5, 0.5, 0.5, 0.22902145252989242, 0.6130405638782637, 0.5, 0.0, 0.0, 0.22902145252989242, 0.5, 0.5, 0.5, 0.5, 0.5, 0.5, 0.0, 0.5, 0.0, 0.5, 0.5, 0.5, 0.0, 0.0, 0.0, 0.0, 0.0, 0.0, 0.0, 0.0, 0.0, 0.5, 0.5, 0.0, 0.30408499398027095, 0.5, 0.5, 0.0, 0.30408499398027095, 0.5, 0.5, 0.0, 0.27097854747010763, 0.5, 0.0, 0.5, 0.0, 0.5, 0.24517061018244135, 0.27097854747010763, 0.0, 0.5, 0.22902145252989242, 0.5, 0.5, 0.8265760313254985, 0.5295403773021973, 0.5, 0.5, 0.5, 0.5, 0.5, 0.11898227177581355, 0.5, 0.30408499398027095, 0.0, 0.5, 0.0, 0.25482938981755865, 0.5, 0.19753776121973546, 0.5, 0.11304056387826367, 0.19753776121973546, 0.5, 0.0, 0.0, 0.0, 0.5, 0.5, 0.0, 0.0, 0.5, 0.11898227177581355, 0.0, 0.5, 0.0, 0.0, 0.5, 0.5, 0.0, 0.5, 0.0, 0.5, 0.0, 0.5, 0.0, 0.5, 0.22902145252989242, 0.30408499398027095, 0.30408499398027095, 0.0, 0.30408499398027095, 0.30408499398027095, 0.0, 0.0, 0.0, 0.5, 0.30408499398027095, 0.0, 0.19753776121973546, 0.5, 0.5, 0.5, 0.5, 0.5, 0.5, 0.3265760313254985, 0.0, 0.37169350662057077, 0.0, 0.0, 0.0, 0.7548293898175586, 0.19753776121973546, 0.24517061018244135, 0.25482938981755865, 0.3738116615933722, 0.19753776121973546, 0.0, 0.058914383797829595, 0.12652289643812942, 0.0, 0.0, 0.0, 0.22902145252989242, 0.0, 0.5, 0.0, 0.0, 0.029540377302197274, 0.5, 0.0, 0.0, 0.37169350662057077, 0.0, 0.5, 0.0, 0.11304056387826367, 0.5, 0.24517061018244135, 0.5, 0.5, 0.5, 0.0, 0.0, 0.11304056387826367, 0.5, 0.0, 0.0, 0.5, 0.19753776121973546, 0.19753776121973546, 0.0, 0.0, 0.3265760313254985, 0.30408499398027095, 0.19826953794606927, 0.5, 0.19753776121973546, 0.19753776121973546, 0.19753776121973546, 0.0, 0.19753776121973546, 0.19753776121973546, 0.19753776121973546, 0.24517061018244135, 0.5, 0.5, 0.11898227177581355, 0.0, 0.5, 0.24517061018244135, 0.0, 0.0, 0.5, 0.5, 0.19753776121973546, 0.0, 0.5, 0.07506354145037863, 0.27097854747010763, 0.5, 0.5, 0.0, 0.5, 0.0, 0.0, 0.0]
solution time: 0.02400803565979004
McCormick lower bound: -16.895962733538518

