x_opt: [0.0, 0.5, 0.5651606987327179, 0.5, 0.03744065911946322, 0.5, 1.0, 0.5, 0.4348393012672821, 0.0, 0.5, 0.5, 0.5, 1.0, 0.5196658065578151, 0.5, 0.5, 0.5, 0.38905950378692106, 0.5, 0.5, 0.5, 1.0, 0.6650084337377874, 0.21084510533412804, 0.5, 0.5, 0.5, 0.15661312777127184, 0.7655886077859573, 0.15661312777127184, 0.5, 0.5, 0.5, 0.5196658065578151, 0.6109404962130789, 0.15661312777127184, 0.3349915662622126, 0.5, 0.789154894665872, 0.5, 0.5, 0.5797782796440262, 0.36817815417638217, 0.4348393012672821, 0.5, 0.5, 0.5, 0.5, 0.5]
w_opt: [0.0, 0.0, 0.0, 0.0, 0.0, 0.0, 0.0, 0.0, 0.0, 0.0, 0.0, 0.0, 0.0, 0.0, 0.5, 0.5, 0.5, 0.5, 0.5, 0.0, 0.0, 0.5, 0.0, 0.5, 0.0651606987327179, 0.0, 0.0, 0.0, 0.0, 0.5, 0.5, 0.0, 0.5, 0.0, 0.15661312777127184, 0.0, 0.5, 0.03744065911946322, 0.0, 0.03744065911946322, 0.03744065911946322, 0.0, 0.03744065911946322, 0.0, 0.0, 0.03744065911946322, 0.4348393012672821, 0.0, 0.0, 0.5, 0.07977827964402617, 0.4348393012672821, 0.5, 0.5, 0.5, 0.21084510533412804, 0.5, 0.5, 0.0, 0.0, 0.21084510533412804, 0.5, 0.5, 0.5, 0.5, 0.4348393012672821, 0.4348393012672821, 0.0, 0.4348393012672821, 0.0, 0.4348393012672821, 0.4348393012672821, 0.36817815417638217, 0.0, 0.0, 0.0, 0.0, 0.0, 0.0, 0.0, 0.0, 0.0, 0.5, 0.5, 0.0, 0.4348393012672821, 0.5, 0.5, 0.0, 0.38905950378692106, 0.5, 0.5, 0.0, 0.28915489466587196, 0.5, 0.0, 0.5, 0.0, 0.5, 0.3349915662622126, 0.28915489466587196, 0.07977827964402617, 0.5, 0.21084510533412804, 0.5, 0.5, 0.7655886077859573, 0.5196658065578151, 0.5, 0.5, 0.5196658065578151, 0.5, 0.5196658065578151, 0.13060630277089402, 0.36817815417638217, 0.4348393012672821, 0.019665806557815135, 0.5, 0.0, 0.1650084337377874, 0.5, 0.15661312777127184, 0.5, 0.0, 0.15661312777127184, 0.5, 0.0, 0.0, 0.0, 0.5, 0.5, 0.0, 0.0, 0.5, 0.11094049621307889, 0.0, 0.5, 0.0, 0.0, 0.5, 0.5, 0.0, 0.5, 0.0, 0.5, 0.0, 0.5, 0.0, 0.5, 0.21084510533412804, 0.38905950378692106, 0.38905950378692106, 0.0, 0.38905950378692106, 0.38905950378692106, 0.0, 0.0, 0.0, 0.5, 0.4348393012672821, 0.0, 0.15661312777127184, 0.5, 0.5, 0.5, 0.5, 0.5, 0.5, 0.2655886077859573, 0.0, 0.5, 0.0, 0.0, 0.0, 0.6650084337377874, 0.15661312777127184, 0.3349915662622126, 0.1650084337377874, 0.2759489299508663, 0.15661312777127184, 0.0, 0.0998477350050695, 0.1650084337377874, 0.0, 0.0, 0.0, 0.21084510533412804, 0.0, 0.5, 0.0, 0.0, 0.019665806557815135, 0.5, 0.0, 0.0, 0.5, 0.0, 0.5, 0.0, 0.0, 0.5, 0.3349915662622126, 0.5, 0.5, 0.5, 0.0, 0.0, 0.0, 0.5, 0.0, 0.0, 0.5, 0.15661312777127184, 0.15661312777127184, 0.0, 0.0, 0.2655886077859573, 0.4348393012672821, 0.2655886077859573, 0.5, 0.15661312777127184, 0.15661312777127184, 0.15661312777127184, 0.0, 0.15661312777127184, 0.15661312777127184, 0.15661312777127184, 0.3349915662622126, 0.36817815417638217, 0.5, 0.11094049621307889, 0.0, 0.5, 0.3349915662622126, 0.0, 0.0, 0.5, 0.5, 0.15661312777127184, 0.0, 0.5, 0.22399419593315406, 0.28915489466587196, 0.5, 0.5, 0.0, 0.5, 0.0, 0.0, 0.0]
solution time: 0.021554946899414062
McCormick lower bound: -22.053428241538363

