x_opt: [0.0, 0.5385027787780247, 0.5717836976135628, 0.5, 0.14802069696907008, 0.5, 1.0, 0.6305450010586581, 0.4282163023864371, 0.0, 0.5, 0.5, 0.5, 1.0, 0.550918588685025, 0.5, 0.46149722122197534, 0.5, 0.3980177453195391, 0.5, 0.5, 0.5, 1.0, 0.601982254680461, 0.2922440603492368, 0.5, 0.5, 0.5, 0.1101774961497719, 0.5, 0.1101774961497719, 0.5, 0.5, 0.5, 0.550918588685025, 0.7247851043060916, 0.1101774961497719, 0.39801774531953904, 0.5, 0.7077559396507632, 0.5385027787780247, 0.5, 0.5476866796396509, 0.4282163023864371, 0.3980177453195391, 0.5, 0.5, 0.5, 0.5, 0.5]
w_opt: [0.0, 0.0, 0.0, 0.0, 0.0, 0.0, 0.0, 0.0, 0.0, 0.0, 0.0, 0.0, 0.0, 0.0, 0.5385027787780247, 0.5, 0.5385027787780247, 0.5385027787780247, 0.5385027787780247, 0.0, 0.0, 0.5, 0.0, 0.5, 0.07178369761356285, 0.0, 0.0, 0.0, 0.0, 0.46149722122197534, 0.5, 0.0, 0.5, 0.0, 0.1101774961497719, 0.0, 0.5, 0.14802069696907008, 0.0, 0.14802069696907008, 0.14802069696907008, 0.0, 0.14802069696907008, 0.0, 0.0, 0.14802069696907008, 0.4282163023864371, 0.0, 0.0, 0.5, 0.0476866796396509, 0.3980177453195391, 0.5, 0.5, 0.5, 0.2922440603492368, 0.5, 0.5, 0.13054500105865807, 0.13054500105865807, 0.2922440603492368, 0.5, 0.5, 0.6305450010586581, 0.5385027787780247, 0.4282163023864371, 0.4282163023864371, 0.0, 0.4282163023864371, 0.0, 0.4282163023864371, 0.4282163023864371, 0.4282163023864371, 0.0, 0.0, 0.0, 0.0, 0.0, 0.0, 0.0, 0.0, 0.0, 0.5, 0.5, 0.03850277877802466, 0.3980177453195391, 0.5, 0.5, 0.0, 0.3980177453195391, 0.5, 0.5, 0.0, 0.20775593965076322, 0.5, 0.0, 0.5, 0.0, 0.5, 0.39801774531953904, 0.20775593965076322, 0.0476866796396509, 0.46149722122197534, 0.2922440603492368, 0.5, 0.5, 0.5, 0.550918588685025, 0.5, 0.5, 0.550918588685025, 0.5, 0.550918588685025, 0.2757036929911165, 0.4282163023864371, 0.3980177453195391, 0.05091858868502497, 0.5, 0.0, 0.10198225468046096, 0.5, 0.1101774961497719, 0.5, 0.0, 0.1101774961497719, 0.5, 0.03850277877802466, 0.0, 0.0, 0.5, 0.46149722122197534, 0.0, 0.0, 0.46149722122197534, 0.1862823255280669, 0.0, 0.46149722122197534, 0.0, 0.0, 0.5, 0.5, 0.0, 0.5, 0.0, 0.5, 0.0, 0.5, 0.0, 0.5, 0.2922440603492368, 0.3980177453195391, 0.3980177453195391, 0.12280284962563065, 0.3980177453195391, 0.3980177453195391, 0.0, 0.0, 0.0, 0.5, 0.3980177453195391, 0.0, 0.1101774961497719, 0.5, 0.5, 0.5, 0.5, 0.5, 0.5, 0.0, 0.0, 0.5, 0.0, 0.0, 0.0, 0.601982254680461, 0.1101774961497719, 0.39801774531953904, 0.10198225468046096, 0.3267673589865525, 0.1101774961497719, 0.0, 0.0, 0.10198225468046096, 0.0, 0.0, 0.0, 0.2922440603492368, 0.0, 0.5, 0.0, 0.0, 0.05091858868502497, 0.5, 0.0, 0.0, 0.5, 0.0, 0.5, 0.0, 0.0, 0.5, 0.39801774531953904, 0.5, 0.5, 0.5, 0.0, 0.0, 0.0, 0.5, 0.0, 0.0, 0.5, 0.1101774961497719, 0.1101774961497719, 0.0, 0.0, 0.0, 0.3980177453195391, 0.0, 0.5, 0.1101774961497719, 0.1101774961497719, 0.1101774961497719, 0.0, 0.1101774961497719, 0.1101774961497719, 0.1101774961497719, 0.39801774531953904, 0.4282163023864371, 0.5, 0.22478510430609155, 0.0, 0.5, 0.39801774531953904, 0.0, 0.0, 0.5, 0.5385027787780247, 0.1101774961497719, 0.0, 0.5, 0.10577368497030226, 0.20775593965076322, 0.5385027787780247, 0.5, 0.0, 0.5, 0.0, 0.0, 0.0]
solution time: 0.023685932159423828
McCormick lower bound: -28.477868260906863

