x_opt: [0.0, 0.5, 0.5, 0.49234189473717094, 0.20814499174437956, 0.5, 1.0, 0.5, 0.5, 0.0, 0.5, 0.5, 0.5, 1.0, 0.5076581052628291, 0.5076581052628291, 0.49234189473717094, 0.5076581052628291, 0.30384142274497694, 0.49234189473717094, 0.5, 0.5, 1.0, 0.7809459441590288, 0.2084280049850269, 0.5, 0.5, 0.5076581052628291, 0.2153986524695946, 0.879200247108507, 0.20842800498502687, 0.5, 0.5, 0.6217564311236264, 0.5369815257399259, 0.5976976906782748, 0.20842800498502687, 0.21905405584097115, 0.5, 0.7915719950149731, 0.5, 0.49234189473717094, 0.5, 0.49234189473717094, 0.30384142274497694, 0.5, 0.37824356887637356, 0.5, 0.49234189473717094, 0.5076581052628291]
w_opt: [0.0, 0.0, 0.0, 0.0, 0.0, 0.0, 0.0, 0.0, 0.0, 0.0, 0.0, 0.0, 0.0, 0.0, 0.5, 0.5, 0.5, 0.5, 0.5, 0.0, 0.0, 0.5, 0.0, 0.5, 0.0076581052628290625, 0.0, 0.0, 0.0, 0.0, 0.49234189473717094, 0.49234189473717094, 0.0, 0.49234189473717094, 0.0, 0.2153986524695946, 0.0, 0.49234189473717094, 0.20814499174437956, 0.0, 0.20814499174437956, 0.20814499174437956, 0.0, 0.20814499174437956, 0.0, 0.0, 0.20814499174437956, 0.5, 0.0, 0.0, 0.5, 0.0, 0.30384142274497694, 0.5, 0.5, 0.5, 0.2084280049850269, 0.6217564311236264, 0.5, 0.0, 0.0076581052628290625, 0.2084280049850269, 0.5, 0.5, 0.5, 0.5, 0.5, 0.49234189473717094, 0.0, 0.5, 0.0, 0.5, 0.5, 0.49234189473717094, 0.0, 0.0, 0.0, 0.0, 0.0, 0.0, 0.0, 0.0, 0.0, 0.5, 0.5, 0.0, 0.30384142274497694, 0.5, 0.5, 0.0076581052628290625, 0.30384142274497694, 0.5, 0.5, 0.0, 0.2915719950149731, 0.5, 0.0, 0.5, 0.0, 0.5, 0.21905405584097115, 0.2915719950149731, 0.0, 0.49234189473717094, 0.2084280049850269, 0.5, 0.5076581052628291, 0.879200247108507, 0.5369815257399259, 0.5, 0.5, 0.5076581052628291, 0.5, 0.5076581052628291, 0.10535579594110389, 0.49234189473717094, 0.30384142274497694, 0.0, 0.5076581052628291, 0.0076581052628290625, 0.2886040494218579, 0.5076581052628291, 0.20842800498502687, 0.5, 0.1294145363864555, 0.20842800498502687, 0.5, 0.0076581052628290625, 0.0, 0.0, 0.5076581052628291, 0.49234189473717094, 0.0, 0.0, 0.49234189473717094, 0.09003958541544577, 0.0, 0.49234189473717094, 0.0, 0.0, 0.5076581052628291, 0.5076581052628291, 0.0, 0.5, 0.0, 0.5, 0.0, 0.5, 0.0, 0.5076581052628291, 0.2084280049850269, 0.30384142274497694, 0.30384142274497694, 0.0, 0.30384142274497694, 0.30384142274497694, 0.0, 0.0, 0.0, 0.49234189473717094, 0.30384142274497694, 0.0, 0.2153986524695946, 0.5, 0.5, 0.5, 0.5, 0.5, 0.5, 0.37920024710850697, 0.0, 0.37824356887637356, 0.0, 0.0, 0.0076581052628290625, 0.7809459441590288, 0.20842800498502687, 0.21905405584097115, 0.28094594415902885, 0.3786436348373037, 0.20842800498502687, 0.0, 0.08478736690400579, 0.1591895130354024, 0.0, 0.0, 0.0, 0.2084280049850269, 0.0, 0.5, 0.0, 0.0, 0.03698152573992586, 0.5, 0.0, 0.0, 0.37824356887637356, 0.0, 0.5, 0.0, 0.12175643112362644, 0.5, 0.21905405584097115, 0.49234189473717094, 0.5, 0.5, 0.0, 0.0076581052628290625, 0.1294145363864555, 0.5076581052628291, 0.0076581052628290625, 0.0, 0.49234189473717094, 0.2153986524695946, 0.20842800498502687, 0.0, 0.0, 0.37920024710850697, 0.30384142274497694, 0.25744381598488053, 0.49234189473717094, 0.20842800498502687, 0.20842800498502687, 0.20842800498502687, 0.0, 0.20842800498502687, 0.20842800498502687, 0.20842800498502687, 0.21905405584097115, 0.49234189473717094, 0.5, 0.09769769067827483, 0.0, 0.5, 0.21905405584097115, 0.0, 0.0, 0.5, 0.5, 0.20842800498502687, 0.0, 0.5, 0.09541341775995005, 0.28391388975214404, 0.5, 0.5, 0.0, 0.49234189473717094, 0.0, 0.0076581052628290625, 0.0]
solution time: 0.022146940231323242
McCormick lower bound: -15.331660334651286

