x_opt: [0.0, 0.5, 0.5, 0.5, 0.11250786659532953, 0.5, 1.0, 0.5, 0.5, 0.0, 0.5, 0.5, 0.5, 0.9892999661770365, 0.5, 0.5, 0.5, 0.5, 0.3818278671914523, 0.5, 0.5, 0.5, 1.0, 0.6799694766574491, 0.19783701042424193, 0.5, 0.5, 0.5, 0.2767763254277906, 0.7676110974509575, 0.0042197957686433704, 0.5, 0.5, 0.5, 0.5, 0.5, 0.0042197957686433704, 0.3200305233425509, 0.5, 0.802162989575758, 0.5, 0.5, 0.5, 0.5, 0.48725167354794724, 0.5, 0.39012040285016303, 0.5, 0.5, 0.5]
w_opt: [0.0, 0.0, 0.0, 0.0, 0.0, 0.0, 0.0, 0.0, 0.0, 0.0, 0.0, 0.0, 0.0, 0.0, 0.5, 0.5, 0.5, 0.5, 0.5, 0.0, 0.0, 0.5, 0.0, 0.5, 0.0, 0.0, 0.0, 0.0, 0.0, 0.5, 0.5, 0.0, 0.5, 0.0, 0.2767763254277906, 0.0, 0.5, 0.11250786659532953, 0.0, 0.11250786659532953, 0.11250786659532953, 0.0, 0.11250786659532953, 0.0, 0.0, 0.11250786659532953, 0.5, 0.0, 0.0, 0.5, 0.0, 0.48725167354794724, 0.5, 0.5, 0.5, 0.19783701042424193, 0.5, 0.5, 0.0, 0.0, 0.19783701042424193, 0.5, 0.5, 0.5, 0.5, 0.4892999661770365, 0.5, 0.0, 0.5, 0.0, 0.5, 0.5, 0.5, 0.0, 0.0, 0.0, 0.0, 0.0, 0.0, 0.0, 0.0, 0.0, 0.5, 0.5, 0.0, 0.48725167354794724, 0.5, 0.5, 0.0, 0.3818278671914523, 0.5, 0.5, 0.0, 0.30216298957575805, 0.5, 0.0, 0.5, 0.0, 0.5, 0.3200305233425509, 0.30216298957575805, 0.0, 0.5, 0.19783701042424193, 0.5, 0.4892999661770365, 0.7676110974509575, 0.5, 0.4892999661770365, 0.5, 0.5, 0.5, 0.5, 0.0, 0.5, 0.48725167354794724, 0.0, 0.5, 0.0, 0.1799694766574491, 0.5, 0.0042197957686433704, 0.5, 0.0, 0.0042197957686433704, 0.5, 0.0, 0.0, 0.0, 0.5, 0.5, 0.0, 0.0, 0.5, 0.0, 0.0, 0.5, 0.0, 0.0, 0.5, 0.5, 0.0, 0.5, 0.0, 0.5, 0.0, 0.5, 0.0, 0.5, 0.19783701042424193, 0.3818278671914523, 0.3818278671914523, 0.0, 0.3818278671914523, 0.3818278671914523, 0.0, 0.0, 0.0, 0.5, 0.48725167354794724, 0.0, 0.2767763254277906, 0.5, 0.5, 0.5, 0.5, 0.5, 0.5, 0.26761109745095746, 0.0, 0.39012040285016303, 0.0, 0.0, 0.0, 0.6799694766574491, 0.0042197957686433704, 0.3200305233425509, 0.1799694766574491, 0.1799694766574491, 0.0042197957686433704, 0.0, 0.1672211502053964, 0.07008987950761214, 0.0, 0.0, 0.0, 0.19783701042424193, 0.0, 0.5, 0.0, 0.0, 0.0, 0.5, 0.0, 0.0, 0.39012040285016303, 0.0, 0.5, 0.0, 0.0, 0.5, 0.3200305233425509, 0.5, 0.5, 0.5, 0.0, 0.0, 0.0, 0.5, 0.0, 0.0, 0.5, 0.2767763254277906, 0.0042197957686433704, 0.0, 0.0, 0.26761109745095746, 0.48725167354794724, 0.1577315003011205, 0.5, 0.0042197957686433704, 0.0042197957686433704, 0.0042197957686433704, 0.0, 0.0042197957686433704, 0.0042197957686433704, 0.0042197957686433704, 0.3200305233425509, 0.5, 0.5, 0.0, 0.0, 0.5, 0.3200305233425509, 0.0, 0.0, 0.5, 0.5, 0.0042197957686433704, 0.0, 0.5, 0.28941466312370534, 0.30216298957575805, 0.5, 0.5, 0.0, 0.5, 0.0, 0.0, 0.0]
solution time: 0.022047042846679688
McCormick lower bound: -19.199003616280443

