x_opt: [0.0, 0.5, 0.5, 0.5, 0.16049173248159443, 0.5, 1.0, 0.5, 0.5, 0.0, 0.5, 0.5, 0.5, 1.0, 0.5, 0.5, 0.5, 0.5, 0.33758638130501095, 0.5, 0.5, 0.5, 1.0, 0.7060389519712102, 0.22101552763712015, 0.5, 0.5, 0.5, 0.14252148784722005, 0.729090020766401, 0.14252148784722005, 0.5, 0.5, 0.5, 0.5270816915523198, 0.5511807917368804, 0.14252148784722005, 0.29396104802878975, 0.5, 0.7789844723628798, 0.5, 0.5, 0.5, 0.5, 0.40861360717540857, 0.5, 0.35764681657144726, 0.5, 0.5, 0.5]
w_opt: [0.0, 0.0, 0.0, 0.0, 0.0, 0.0, 0.0, 0.0, 0.0, 0.0, 0.0, 0.0, 0.0, 0.0, 0.5, 0.5, 0.5, 0.5, 0.5, 0.0, 0.0, 0.5, 0.0, 0.5, 0.0, 0.0, 0.0, 0.0, 0.0, 0.5, 0.5, 0.0, 0.5, 0.0, 0.14252148784722005, 0.0, 0.5, 0.16049173248159443, 0.0, 0.16049173248159443, 0.16049173248159443, 0.0, 0.16049173248159443, 0.0, 0.0, 0.16049173248159443, 0.5, 0.0, 0.0, 0.5, 0.0, 0.40861360717540857, 0.5, 0.5, 0.5, 0.22101552763712015, 0.5, 0.5, 0.0, 0.0, 0.22101552763712015, 0.5, 0.5, 0.5, 0.5, 0.5, 0.5, 0.0, 0.5, 0.0, 0.5, 0.5, 0.5, 0.0, 0.0, 0.0, 0.0, 0.0, 0.0, 0.0, 0.0, 0.0, 0.5, 0.5, 0.0, 0.40861360717540857, 0.5, 0.5, 0.0, 0.33758638130501095, 0.5, 0.5, 0.0, 0.2789844723628798, 0.5, 0.0, 0.5, 0.0, 0.5, 0.29396104802878975, 0.2789844723628798, 0.0, 0.5, 0.22101552763712015, 0.5, 0.5, 0.729090020766401, 0.5270816915523198, 0.5, 0.5, 0.5, 0.5, 0.5, 0.05118079173688039, 0.5, 0.40861360717540857, 0.0, 0.5, 0.0, 0.20603895197121025, 0.5, 0.14252148784722005, 0.5, 0.0, 0.14252148784722005, 0.5, 0.0, 0.0, 0.0, 0.5, 0.5, 0.0, 0.0, 0.5, 0.05118079173688039, 0.0, 0.5, 0.0, 0.0, 0.5, 0.5, 0.0, 0.5, 0.0, 0.5, 0.0, 0.5, 0.0, 0.5, 0.22101552763712015, 0.33758638130501095, 0.33758638130501095, 0.0, 0.33758638130501095, 0.33758638130501095, 0.0, 0.0, 0.0, 0.5, 0.40861360717540857, 0.0, 0.14252148784722005, 0.5, 0.5, 0.5, 0.5, 0.5, 0.5, 0.22909002076640095, 0.0, 0.35764681657144726, 0.0, 0.0, 0.0, 0.7060389519712102, 0.14252148784722005, 0.29396104802878975, 0.20603895197121025, 0.25721974370809064, 0.14252148784722005, 0.0, 0.11465255914661876, 0.0636857685426575, 0.0, 0.0, 0.0, 0.22101552763712015, 0.0, 0.5, 0.0, 0.0, 0.027081691552319764, 0.5, 0.0, 0.0, 0.35764681657144726, 0.0, 0.5, 0.0, 0.0, 0.5, 0.29396104802878975, 0.5, 0.5, 0.5, 0.0, 0.0, 0.0, 0.5, 0.0, 0.0, 0.5, 0.14252148784722005, 0.14252148784722005, 0.0, 0.0, 0.22909002076640095, 0.40861360717540857, 0.0867368373378482, 0.5, 0.14252148784722005, 0.14252148784722005, 0.14252148784722005, 0.0, 0.14252148784722005, 0.14252148784722005, 0.14252148784722005, 0.29396104802878975, 0.5, 0.5, 0.05118079173688039, 0.0, 0.5, 0.29396104802878975, 0.0, 0.0, 0.5, 0.5, 0.14252148784722005, 0.0, 0.5, 0.18759807953828833, 0.2789844723628798, 0.5, 0.5, 0.0, 0.5, 0.0, 0.0, 0.0]
solution time: 0.0358428955078125
McCormick lower bound: -20.753569552218817

