x_opt: [0.0, 0.5427610457888191, 0.575135344689303, 0.5, 0.15804441060556187, 0.5, 1.0, 0.6289793769622731, 0.4248646553106969, 0.0, 0.5, 0.5, 0.5, 1.0, 0.5572383132085569, 0.5, 0.4572389542111809, 0.5, 0.3971944342510707, 0.5, 0.5, 0.5, 1.0, 0.6028055657489293, 0.2857884427703339, 0.5, 0.5, 0.5, 0.11084806999493432, 0.5, 0.11084806999493432, 0.5, 0.5, 0.5, 0.5572383132085569, 0.723397471727413, 0.11084806999493432, 0.3971944342510707, 0.5, 0.7142115572296661, 0.5427610457888191, 0.5, 0.5427610457888191, 0.4248646553106969, 0.3971944342510707, 0.5, 0.5, 0.5, 0.5, 0.5080435647968411]
w_opt: [0.0, 0.0, 0.0, 0.0, 0.0, 0.0, 0.0, 0.0, 0.0, 0.0, 0.0, 0.0, 0.0, 0.0, 0.5427610457888191, 0.5, 0.5427610457888191, 0.5427610457888191, 0.5427610457888191, 0.0, 0.0, 0.5, 0.0, 0.5, 0.07513534468930305, 0.0, 0.0, 0.0, 0.0, 0.4572389542111809, 0.5, 0.0, 0.5, 0.0, 0.11084806999493432, 0.0, 0.5, 0.15804441060556187, 0.0, 0.15804441060556187, 0.15804441060556187, 0.0, 0.15804441060556187, 0.0, 0.0, 0.15804441060556187, 0.4248646553106969, 0.0, 0.0, 0.5, 0.04276104578881912, 0.3971944342510707, 0.5, 0.5, 0.5, 0.2857884427703339, 0.5, 0.5, 0.12897937696227313, 0.12897937696227313, 0.2857884427703339, 0.5, 0.5, 0.6289793769622731, 0.5427610457888191, 0.4248646553106969, 0.4248646553106969, 0.0, 0.4248646553106969, 0.0, 0.4248646553106969, 0.4248646553106969, 0.4248646553106969, 0.0, 0.0, 0.0, 0.0, 0.0, 0.0, 0.0, 0.0, 0.0, 0.5, 0.5, 0.04276104578881912, 0.3971944342510707, 0.5, 0.5, 0.0, 0.3971944342510707, 0.5, 0.5, 0.0, 0.21421155722966612, 0.5, 0.0, 0.5, 0.0, 0.5, 0.3971944342510707, 0.21421155722966612, 0.04276104578881912, 0.4572389542111809, 0.2857884427703339, 0.5, 0.5, 0.5, 0.5572383132085569, 0.5, 0.5, 0.5572383132085569, 0.5, 0.5572383132085569, 0.28063578493596986, 0.4248646553106969, 0.3971944342510707, 0.05723831320855688, 0.5080435647968411, 0.0, 0.1028055657489293, 0.5, 0.11084806999493432, 0.5, 0.0, 0.11084806999493432, 0.5, 0.04276104578881912, 0.0, 0.0, 0.5, 0.4572389542111809, 0.0, 0.0, 0.4572389542111809, 0.18063642593859386, 0.0, 0.4572389542111809, 0.0, 0.0, 0.5, 0.5, 0.0, 0.5, 0.0, 0.5, 0.0, 0.5, 0.0, 0.5, 0.2857884427703339, 0.3971944342510707, 0.3971944342510707, 0.12059190597848368, 0.3971944342510707, 0.3971944342510707, 0.0, 0.0, 0.0, 0.5, 0.3971944342510707, 0.0, 0.11084806999493432, 0.5, 0.5, 0.5, 0.5, 0.5, 0.5, 0.0, 0.0, 0.5, 0.0, 0.0, 0.008043564796841096, 0.6028055657489293, 0.11084806999493432, 0.3971944342510707, 0.1028055657489293, 0.3262030374763423, 0.11084806999493432, 0.0, 0.0, 0.1028055657489293, 0.0, 0.0, 0.0, 0.2857884427703339, 0.0, 0.5, 0.0, 0.0, 0.05723831320855688, 0.5, 0.0, 0.0, 0.5, 0.0, 0.5, 0.0, 0.0, 0.5, 0.3971944342510707, 0.5, 0.5, 0.5, 0.0, 0.0, 0.0, 0.5, 0.0, 0.0, 0.5, 0.11084806999493432, 0.11084806999493432, 0.0, 0.0, 0.0, 0.3971944342510707, 0.0, 0.5, 0.11084806999493432, 0.11084806999493432, 0.11084806999493432, 0.0, 0.11084806999493432, 0.11084806999493432, 0.11084806999493432, 0.3971944342510707, 0.4248646553106969, 0.5, 0.22339747172741298, 0.0, 0.5, 0.3971944342510707, 0.0, 0.0, 0.5, 0.5427610457888191, 0.11084806999493432, 0.0, 0.5, 0.11140599148073682, 0.21421155722966612, 0.5427610457888191, 0.5080435647968411, 0.0, 0.5, 0.0, 0.008043564796841096, 0.0]
solution time: 0.020845890045166016
McCormick lower bound: -30.745829919229173

