x_opt: [0.0, 0.5, 0.5, 0.5, 0.19004464196571147, 0.5, 1.0, 0.5, 0.5, 0.0, 0.5, 0.5, 0.5, 1.0, 0.5033528951476235, 0.5, 0.5, 0.5, 0.3822594102615545, 0.5, 0.5, 0.5, 1.0, 0.6616852717832388, 0.12811028110775768, 0.5, 0.5, 0.5, 0.11204831337165372, 0.5491643214782899, 0.11204831337165372, 0.5, 0.5, 0.5, 0.5033528951476235, 0.6177405897384455, 0.11204831337165372, 0.33831472821676123, 0.5, 0.6773662853256961, 0.5, 0.5, 0.5, 0.44695429965204087, 0.4245218966774245, 0.5, 0.5, 0.5, 0.5, 0.5]
w_opt: [0.0, 0.0, 0.0, 0.0, 0.0, 0.0, 0.0, 0.0, 0.0, 0.0, 0.0, 0.0, 0.0, 0.0, 0.5, 0.5, 0.5, 0.5, 0.5, 0.0, 0.0, 0.5, 0.0, 0.5, 0.0, 0.0, 0.0, 0.0, 0.0, 0.5, 0.5, 0.0, 0.5, 0.0, 0.11204831337165372, 0.0, 0.5, 0.19004464196571147, 0.0, 0.19004464196571147, 0.19004464196571147, 0.0, 0.19004464196571147, 0.0, 0.0, 0.19004464196571147, 0.5, 0.0, 0.0, 0.5, 0.0, 0.4245218966774245, 0.5, 0.5, 0.5, 0.12811028110775768, 0.5, 0.5, 0.0, 0.0, 0.12811028110775768, 0.5, 0.5, 0.5, 0.5, 0.5, 0.5, 0.0, 0.5, 0.0, 0.5, 0.5, 0.44695429965204087, 0.0, 0.0, 0.0, 0.0, 0.0, 0.0, 0.0, 0.0, 0.0, 0.5, 0.5, 0.0, 0.4245218966774245, 0.5, 0.5, 0.0, 0.3822594102615545, 0.5, 0.5, 0.0, 0.1773662853256961, 0.5, 0.0, 0.5, 0.0, 0.5, 0.33831472821676123, 0.1773662853256961, 0.0, 0.5, 0.12811028110775768, 0.5, 0.5, 0.5491643214782899, 0.5033528951476235, 0.5, 0.5, 0.5033528951476235, 0.5, 0.5033528951476235, 0.12109348488606897, 0.44695429965204087, 0.4245218966774245, 0.0033528951476234914, 0.5, 0.0, 0.16168527178323877, 0.5, 0.11204831337165372, 0.5, 0.0, 0.11204831337165372, 0.5, 0.0, 0.0, 0.0, 0.5, 0.5, 0.0, 0.0, 0.5, 0.11774058973844548, 0.0, 0.5, 0.0, 0.0, 0.5, 0.5, 0.0, 0.5, 0.0, 0.5, 0.0, 0.5, 0.0, 0.5, 0.12811028110775768, 0.3822594102615545, 0.3822594102615545, 0.0, 0.3822594102615545, 0.3822594102615545, 0.0, 0.0, 0.0, 0.5, 0.4245218966774245, 0.0, 0.11204831337165372, 0.5, 0.5, 0.5, 0.5, 0.5, 0.5, 0.04916432147828986, 0.0, 0.5, 0.0, 0.0, 0.0, 0.6616852717832388, 0.11204831337165372, 0.33831472821676123, 0.16168527178323877, 0.27942586152168425, 0.11204831337165372, 0.0, 0.08620716846066323, 0.16168527178323877, 0.0, 0.0, 0.0, 0.12811028110775768, 0.0, 0.5, 0.0, 0.0, 0.0033528951476234914, 0.5, 0.0, 0.0, 0.5, 0.0, 0.5, 0.0, 0.0, 0.5, 0.33831472821676123, 0.5, 0.5, 0.5, 0.0, 0.0, 0.0, 0.5, 0.0, 0.0, 0.5, 0.11204831337165372, 0.11204831337165372, 0.0, 0.0, 0.04916432147828986, 0.4245218966774245, 0.04916432147828986, 0.5, 0.11204831337165372, 0.11204831337165372, 0.11204831337165372, 0.0, 0.11204831337165372, 0.11204831337165372, 0.11204831337165372, 0.33831472821676123, 0.44695429965204087, 0.5, 0.11774058973844548, 0.0, 0.5, 0.33831472821676123, 0.0, 0.0, 0.5, 0.5, 0.11204831337165372, 0.0, 0.5, 0.10188818200312055, 0.1773662853256961, 0.5, 0.5, 0.0, 0.5, 0.0, 0.0, 0.0]
solution time: 0.020321130752563477
McCormick lower bound: -23.42770676816167

