x_opt: [0.0, 0.5, 0.5, 0.5, 0.10084442752139586, 0.5, 1.0, 0.5804952559993178, 0.5, 0.0, 0.5, 0.5, 0.5, 1.0, 0.5, 0.5, 0.5, 0.5, 0.3746677423733024, 0.5, 0.5, 0.5, 1.0, 0.6483139241677596, 0.25601317611547586, 0.5, 0.5, 0.5, 0.11077177290918003, 0.6214221033196055, 0.11077177290918003, 0.5, 0.5, 0.5, 0.5258082292996091, 0.6253322576266975, 0.11077177290918003, 0.35168607583224043, 0.5, 0.7439868238845242, 0.5, 0.5, 0.5, 0.4324992735316024, 0.46389499702828535, 0.5, 0.5, 0.5, 0.5, 0.5]
w_opt: [0.0, 0.0, 0.0, 0.0, 0.0, 0.0, 0.0, 0.0, 0.0, 0.0, 0.0, 0.0, 0.0, 0.0, 0.5, 0.5, 0.5, 0.5, 0.5, 0.0, 0.0, 0.5, 0.0, 0.5, 0.0, 0.0, 0.0, 0.0, 0.0, 0.5, 0.5, 0.0, 0.5, 0.0, 0.11077177290918003, 0.0, 0.5, 0.10084442752139586, 0.0, 0.10084442752139586, 0.10084442752139586, 0.0, 0.10084442752139586, 0.0, 0.0, 0.10084442752139586, 0.5, 0.0, 0.0, 0.5, 0.0, 0.46389499702828535, 0.5, 0.5, 0.5, 0.25601317611547586, 0.5, 0.5, 0.08049525599931784, 0.08049525599931784, 0.25601317611547586, 0.5, 0.5, 0.5804952559993178, 0.5, 0.5, 0.5, 0.0, 0.5, 0.0, 0.5, 0.5, 0.4324992735316024, 0.0, 0.0, 0.0, 0.0, 0.0, 0.0, 0.0, 0.0, 0.0, 0.5, 0.5, 0.0, 0.46389499702828535, 0.5, 0.5, 0.0, 0.3746677423733024, 0.5, 0.5, 0.0, 0.2439868238845242, 0.5, 0.0, 0.5, 0.0, 0.5, 0.35168607583224043, 0.2439868238845242, 0.0, 0.5, 0.25601317611547586, 0.5, 0.5, 0.6214221033196055, 0.5258082292996091, 0.5, 0.5, 0.5, 0.5, 0.5, 0.12533225762669753, 0.4324992735316024, 0.46389499702828535, 0.0, 0.5, 0.0, 0.14831392416775957, 0.5, 0.11077177290918003, 0.5, 0.0, 0.11077177290918003, 0.5, 0.0, 0.0, 0.0, 0.5, 0.5, 0.0, 0.0, 0.5, 0.12533225762669753, 0.0, 0.5, 0.0, 0.0, 0.5, 0.5, 0.0, 0.5, 0.0, 0.5, 0.0, 0.5, 0.0, 0.5, 0.25601317611547586, 0.3746677423733024, 0.3746677423733024, 0.0, 0.3746677423733024, 0.3746677423733024, 0.0, 0.0, 0.0, 0.5, 0.46389499702828535, 0.0, 0.11077177290918003, 0.5, 0.5, 0.5, 0.5, 0.5, 0.5, 0.12142210331960546, 0.0, 0.5, 0.0, 0.0, 0.0, 0.6483139241677596, 0.11077177290918003, 0.35168607583224043, 0.14831392416775957, 0.2736461817944571, 0.11077177290918003, 0.0, 0.11220892119604486, 0.14831392416775957, 0.0, 0.0, 0.0, 0.25601317611547586, 0.0, 0.5, 0.0, 0.0, 0.02580822929960913, 0.5, 0.0, 0.0, 0.5, 0.0, 0.5, 0.0, 0.0, 0.5, 0.35168607583224043, 0.5, 0.5, 0.5, 0.0, 0.0, 0.0, 0.5, 0.0, 0.0, 0.5, 0.11077177290918003, 0.11077177290918003, 0.0, 0.0, 0.12142210331960546, 0.46389499702828535, 0.12142210331960546, 0.5, 0.11077177290918003, 0.11077177290918003, 0.11077177290918003, 0.0, 0.11077177290918003, 0.11077177290918003, 0.11077177290918003, 0.35168607583224043, 0.4324992735316024, 0.5, 0.12533225762669753, 0.0, 0.5, 0.35168607583224043, 0.0, 0.0, 0.5, 0.5, 0.11077177290918003, 0.0, 0.5, 0.2078818209128095, 0.2439868238845242, 0.5, 0.5, 0.0, 0.5, 0.0, 0.0, 0.0]
solution time: 0.02167797088623047
McCormick lower bound: -23.118530316841973

