x_opt: [0.0, 0.5, 0.5, 0.5, 0.16154827804108854, 0.5, 1.0, 0.5, 0.5, 0.0, 0.5, 0.5, 0.5, 1.0, 0.5, 0.5, 0.5, 0.5, 0.2835667734518448, 0.5, 0.48127222775270206, 0.5, 1.0, 0.7903065598000162, 0.2536298322016302, 0.5, 0.5, 0.5, 0.2869987862007472, 0.9431371697163193, 0.1898284260135064, 0.5, 0.5, 0.655996070392036, 0.5, 0.6118356967471426, 0.1898284260135064, 0.20969344019998382, 0.5, 0.8101715739864936, 0.5, 0.5, 0.5, 0.5, 0.2835667734518448, 0.5, 0.344003929607964, 0.5, 0.5, 0.5]
w_opt: [0.0, 0.0, 0.0, 0.0, 0.0, 0.0, 0.0, 0.0, 0.0, 0.0, 0.0, 0.0, 0.0, 0.0, 0.5, 0.5, 0.5, 0.5, 0.5, 0.0, 0.0, 0.5, 0.0, 0.5, 0.0, 0.0, 0.0, 0.0, 0.0, 0.5, 0.5, 0.0, 0.5, 0.0, 0.2869987862007472, 0.0, 0.5, 0.16154827804108854, 0.0, 0.16154827804108854, 0.16154827804108854, 0.0, 0.16154827804108854, 0.0, 0.0, 0.16154827804108854, 0.5, 0.0, 0.0, 0.5, 0.0, 0.2835667734518448, 0.5, 0.5, 0.5, 0.2536298322016302, 0.655996070392036, 0.5, 0.0, 0.0, 0.2536298322016302, 0.5, 0.5, 0.5, 0.5, 0.5, 0.5, 0.0, 0.5, 0.0, 0.5, 0.5, 0.5, 0.0, 0.0, 0.0, 0.0, 0.0, 0.0, 0.0, 0.0, 0.0, 0.5, 0.5, 0.0, 0.2835667734518448, 0.5, 0.5, 0.0, 0.2835667734518448, 0.5, 0.5, 0.0, 0.31017157398649364, 0.5, 0.0, 0.5, 0.0, 0.5, 0.20969344019998382, 0.31017157398649364, 0.0, 0.5, 0.2536298322016302, 0.5, 0.5, 0.9431371697163193, 0.5, 0.5, 0.48127222775270206, 0.5, 0.5, 0.5, 0.11183569674714255, 0.5, 0.2835667734518448, 0.0, 0.5, 0.0, 0.2903065598000162, 0.5, 0.1898284260135064, 0.5, 0.155996070392036, 0.1898284260135064, 0.5, 0.0, 0.0, 0.0, 0.5, 0.5, 0.0, 0.0, 0.5, 0.11183569674714255, 0.0, 0.5, 0.0, 0.0, 0.5, 0.5, 0.0, 0.5, 0.0, 0.5, 0.0, 0.5, 0.0, 0.5, 0.2536298322016302, 0.2835667734518448, 0.2835667734518448, 0.0, 0.2835667734518448, 0.2835667734518448, 0.0, 0.0, 0.0, 0.5, 0.2835667734518448, 0.0, 0.2869987862007472, 0.48127222775270206, 0.48127222775270206, 0.48127222775270206, 0.5, 0.5, 0.5, 0.44313716971631933, 0.0, 0.344003929607964, 0.0, 0.0, 0.0, 0.7903065598000162, 0.1898284260135064, 0.20969344019998382, 0.2903065598000162, 0.40214225654715874, 0.1898284260135064, 0.0, 0.07387333325186096, 0.13431048940798018, 0.0, 0.0638014061881238, 0.0, 0.2536298322016302, 0.0, 0.5, 0.0, 0.0, 0.0, 0.5, 0.0, 0.0, 0.344003929607964, 0.0, 0.5, 0.0, 0.155996070392036, 0.5, 0.20969344019998382, 0.5, 0.5, 0.5, 0.0, 0.0, 0.155996070392036, 0.5, 0.0, 0.0, 0.5, 0.2869987862007472, 0.1898284260135064, 0.0, 0.0, 0.44313716971631933, 0.2835667734518448, 0.28714109932428333, 0.5, 0.1898284260135064, 0.1898284260135064, 0.1898284260135064, 0.0, 0.1898284260135064, 0.1898284260135064, 0.1898284260135064, 0.20969344019998382, 0.5, 0.5, 0.11183569674714255, 0.0, 0.5, 0.20969344019998382, 0.0, 0.0, 0.5, 0.5, 0.1898284260135064, 0.0, 0.5, 0.09373834743833842, 0.31017157398649364, 0.5, 0.5, 0.0, 0.5, 0.0, 0.0, 0.0]
solution time: 0.020008087158203125
McCormick lower bound: -16.439656697198103

